{
    "animation": [
        {
            "name": "Root",
            "time": [0.0, 0.3167, 1.0],
            "transform": [
                [1.0, 0.0, 0.0, 0.0, 0.0, -0.173648, -0.984808, 0.0, 0.0, 0.984808, -0.173648, 0.37, 0.0, 0.0, 0.0, 1.0],
                [1.0, 0.0, 0.0, 0.0, 0.0, -0.986302, -0.164951, -0.999271, 0.0, 0.164951, -0.986302, 0.181407, 0.0, 0.0, 0.0, 1.0],
                [1.0, 0.0, 0.0, 0.0, 0.0, -0.986302, -0.164951, -0.999271, 0.0, 0.164951, -0.986302, 0.181407, 0.0, 0.0, 0.0, 1.0]
            ]
        },
        {
            "name": "Torso",
            "time": [0.0, 0.1667, 0.3167, 1.0],
            "transform": [
                [1.0, 0.0, 0.0, 0.0, 0.0, 0.939693, 0.34202, 0.39, 0.0, -0.34202, 0.939693, 0.0, 0.0, 0.0, 0.0, 1.0],
                [1.0, 0.0, 0.0, 0.0, 0.0, 0.838517, 0.544875, 0.39, 0.0, -0.544875, 0.838517, 0.0, 0.0, 0.0, 0.0, 1.0],
                [1.0, 0.0, 0.0, 0.0, 0.0, 0.995037, -0.099501, 0.39, 0.0, 0.099501, 0.995037, -0.0, 0.0, 0.0, 0.0, 1.0],
                [1.0, 0.0, 0.0, 0.0, 0.0, 0.995037, -0.099501, 0.39, 0.0, 0.099501, 0.995037, -0.0, 0.0, 0.0, 0.0, 1.0]
            ]
        },
        {
            "name": "Head",
            "time": [0.0, 0.1667, 0.3167, 1.0],
            "transform": [
                [1.0, 0.0, 0.0, 0.0, 0.0, 0.866025, 0.5, 0.36, 0.0, -0.5, 0.866025, 0.0, 0.0, 0.0, 0.0, 1.0],
                [1.0, 0.0, 0.0, 0.0, 0.0, 0.91317, 0.40758, 0.36, 0.0, -0.40758, 0.91317, -0.0, 0.0, 0.0, 0.0, 1.0],
                [1.0, 0.0, 0.0, 0.0, 0.0, 0.998266, -0.058864, 0.36, 0.0, 0.058864, 0.998266, 0.0, 0.0, 0.0, 0.0, 1.0],
                [1.0, 0.0, 0.0, 0.0, 0.0, 0.998266, -0.058864, 0.36, 0.0, 0.058864, 0.998266, 0.0, 0.0, 0.0, 0.0, 1.0]
            ]
        },
        {
            "name": "Leg_RF",
            "time": [0.0, 0.3167, 1.0],
            "transform": [
                [1.0, 0.0, 0.0, 0.124487, 0.0, -0.984808, -0.173647, -0.043412, 0.0, 0.173647, -0.984808, -0.246202, 0.0, 0.0, 0.0, 1.0],
                [1.0, 0.0, 0.0, 0.124487, 0.0, -0.982952, 0.183862, 0.014723, 0.0, -0.183862, -0.982952, -0.245606, 0.0, 0.0, 0.0, 1.0],
                [1.0, 0.0, 0.0, 0.124487, 0.0, -0.982952, 0.183862, 0.014723, 0.0, -0.183862, -0.982952, -0.245606, 0.0, 0.0, 0.0, 1.0]
            ]
        },
        {
            "name": "Leg_LF",
            "time": [0.0, 0.1667, 0.3167, 1.0],
            "transform": [
                [1.0, 0.0, 0.0, -0.125513, 0.0, -0.984808, -0.173647, -0.043412, 0.0, 0.173647, -0.984808, -0.246202, 0.0, 0.0, 0.0, 1.0],
                [1.0, 0.0, 0.0, -0.125513, 0.0, -0.889182, 0.457553, 0.014723, 0.0, -0.457553, -0.889182, -0.245606, 0.0, 0.0, 0.0, 1.0],
                [1.0, 0.0, 0.0, -0.125513, 0.0, -0.952703, 0.303903, 0.014723, 0.0, -0.303903, -0.952703, -0.245606, 0.0, 0.0, 0.0, 1.0],
                [1.0, 0.0, 0.0, -0.125513, 0.0, -0.952703, 0.303903, 0.014723, 0.0, -0.303903, -0.952703, -0.245606, 0.0, 0.0, 0.0, 1.0]
            ]
        },
        {
            "name": "Leg_RB",
            "time": [0.0, 1.0],
            "transform": [
                [1.0, 0.0, -0.0, 0.124487, 0.0, -0.859428, 0.511257, -0.0, 0.0, -0.511257, -0.859428, 0.246732, 0.0, 0.0, 0.0, 1.0],
                [1.0, 0.0, -0.0, 0.124487, 0.0, -0.859428, 0.511257, 0.0, 0.0, -0.511257, -0.859428, 0.246732, 0.0, 0.0, 0.0, 1.0]
            ]
        },
        {
            "name": "Leg_LB",
            "time": [0.0, 0.1667, 0.3167, 1.0],
            "transform": [
                [1.0, 0.0, 0.0, -0.125513, 0.0, -0.984808, -0.173647, 0.043412, 0.0, 0.173647, -0.984808, 0.246202, 0.0, 0.0, 0.0, 1.0],
                [1.0, 0.0, 0.0, -0.125513, 0.0, -0.989713, 0.143063, 0.043412, 0.0, -0.143063, -0.989714, 0.246202, 0.0, 0.0, 0.0, 1.0],
                [1.0, 0.0, 0.0, -0.125513, 0.0, -0.665732, 0.746191, 0.002267, 0.0, -0.746191, -0.665732, 0.097101, 0.0, 0.0, 0.0, 1.0],
                [1.0, 0.0, 0.0, -0.125513, 0.0, -0.665732, 0.746191, 0.002267, 0.0, -0.746191, -0.665732, 0.097101, 0.0, 0.0, 0.0, 1.0]
            ]
        }
    ]
}