{
    "animation": [
        {
            "name": "Root",
            "time": [0.0, 0.05],
            "transform": [
                [1.0, 0.0, 0.0, 0.0, 0.0, -0.042126, -0.999112, 0.0, 0.0, 0.999112, -0.042126, 0.37, 0.0, 0.0, 0.0, 1.0],
                [1.0, 0.0, 0.0, 0.0, 0.0, -0.173648, -0.984808, 0.0, 0.0, 0.984808, -0.173648, 0.37, 0.0, 0.0, 0.0, 1.0]
            ]
        },
        {
            "name": "Torso",
            "time": [0.0, 0.05],
            "transform": [
                [1.0, 0.0, 0.0, 0.0, 0.0, 0.996462, 0.084051, 0.39, 0.0, -0.084051, 0.996462, 0.0, 0.0, 0.0, 0.0, 1.0],
                [1.0, 0.0, 0.0, 0.0, 0.0, 0.939693, 0.34202, 0.39, 0.0, -0.34202, 0.939693, 0.0, 0.0, 0.0, 0.0, 1.0]
            ]
        },
        {
            "name": "Head",
            "time": [0.0, 0.05],
            "transform": [
                [1.0, 0.0, 0.0, 0.0, 0.0, 0.992084, 0.125576, 0.36, 0.0, -0.125576, 0.992084, 0.0, 0.0, 0.0, 0.0, 1.0],
                [1.0, 0.0, 0.0, 0.0, 0.0, 0.866025, 0.5, 0.36, 0.0, -0.5, 0.866025, 0.0, 0.0, 0.0, 0.0, 1.0]
            ]
        },
        {
            "name": "Leg_RF",
            "time": [0.0, 0.05],
            "transform": [
                [1.0, 0.0, 0.0, 0.124487, 0.0, -0.999112, -0.042125, -0.010486, 0.0, 0.042125, -0.999112, -0.249083, 0.0, 0.0, 0.0, 1.0],
                [1.0, 0.0, 0.0, 0.124487, 0.0, -0.984808, -0.173647, -0.043412, 0.0, 0.173647, -0.984808, -0.246202, 0.0, 0.0, 0.0, 1.0]
            ]
        },
        {
            "name": "Leg_LF",
            "time": [0.0, 0.05],
            "transform": [
                [1.0, 0.0, 0.0, -0.125513, 0.0, -0.999112, -0.042125, -0.010486, 0.0, 0.042125, -0.999112, -0.249083, 0.0, 0.0, 0.0, 1.0],
                [1.0, 0.0, 0.0, -0.125513, 0.0, -0.984808, -0.173647, -0.043412, 0.0, 0.173647, -0.984808, -0.246202, 0.0, 0.0, 0.0, 1.0]
            ]
        },
        {
            "name": "leg_RB",
            "time": [0.0, 0.05],
            "transform": [
                [1.0, 0.0, 0.0, 0.124487, 0.0, -0.999112, -0.042125, 0.010486, 0.0, 0.042125, -0.999112, 0.249083, 0.0, 0.0, 0.0, 1.0],
                [1.0, 0.0, 0.0, 0.124487, 0.0, -0.984808, -0.173647, 0.043412, 0.0, 0.173647, -0.984808, 0.246202, 0.0, 0.0, 0.0, 1.0]
            ]
        },
        {
            "name": "Leg_LB",
            "time": [0.0, 0.05],
            "transform": [
                [1.0, 0.0, 0.0, -0.125513, 0.0, -0.999112, -0.042125, 0.010486, 0.0, 0.042125, -0.999112, 0.249083, 0.0, 0.0, 0.0, 1.0],
                [1.0, 0.0, 0.0, -0.125513, 0.0, -0.984808, -0.173647, 0.043412, 0.0, 0.173647, -0.984808, 0.246202, 0.0, 0.0, 0.0, 1.0]
            ]
        }
    ]
}