{
    "animation": [
        {
            "name": "Root",
            "time": [0.0, 0.1833, 0.3833, 0.6, 0.8, 0.8333],
            "transform": [
                [1.0, 0.0, 0.0, 0.0, 0.0, 0.0, -1.0, 0.0, 0.0, 1.0, 0.0, 0.316485, 0.0, 0.0, 0.0, 1.0],
                [1.0, 0.0, 0.0, 0.0, 0.0, 0.0, -1.0, 0.0, 0.0, 1.0, 0.0, 0.37, 0.0, 0.0, 0.0, 1.0],
                [1.0, 0.0, 0.0, 0.0, 0.0, 0.0, -1.0, 0.0, 0.0, 1.0, 0.0, 0.313512, 0.0, 0.0, 0.0, 1.0],
                [1.0, 0.0, 0.0, 0.0, 0.0, 0.0, -1.0, 0.0, 0.0, 1.0, 0.0, 0.37, 0.0, 0.0, 0.0, 1.0],
                [1.0, 0.0, 0.0, 0.0, 0.0, 0.0, -1.0, 0.0, 0.0, 1.0, 0.0, 0.313512, 0.0, 0.0, 0.0, 1.0],
                [1.0, 0.0, 0.0, 0.0, 0.0, 0.0, -1.0, 0.0, 0.0, 1.0, 0.0, 0.316485, 0.0, 0.0, 0.0, 1.0]
            ]
        },
        {
            "name": "Torso",
            "time": [0.0, 0.1833, 0.4167, 0.6, 0.8333],
            "transform": [
                [1.0, 0.0, 0.0, 0.0, 0.0, 0.999931, -0.011756, 0.39, 0.0, 0.011756, 0.999931, 0.0, 0.0, 0.0, 0.0, 1.0],
                [1.0, 0.0, 0.0, 0.0, 0.0, 0.999176, 0.040591, 0.39, 0.0, -0.040591, 0.999176, 0.0, 0.0, 0.0, 0.0, 1.0],
                [1.0, 0.0, 0.0, 0.0, 0.0, 0.999931, -0.011756, 0.39, 0.0, 0.011756, 0.999931, 0.0, 0.0, 0.0, 0.0, 1.0],
                [1.0, 0.0, 0.0, 0.0, 0.0, 0.999176, 0.040591, 0.39, 0.0, -0.040591, 0.999176, 0.0, 0.0, 0.0, 0.0, 1.0],
                [1.0, 0.0, 0.0, 0.0, 0.0, 0.999931, -0.011756, 0.39, 0.0, 0.011756, 0.999931, 0.0, 0.0, 0.0, 0.0, 1.0]
            ]
        },
        {
            "name": "Head",
            "time": [0.0, 0.8333],
            "transform": [
                [1.0, 0.0, 0.0, 0.0, 0.0, 1.0, 0.0, 0.36, 0.0, 0.0, 1.0, -0.0, 0.0, 0.0, 0.0, 1.0],
                [1.0, 0.0, 0.0, 0.0, 0.0, 1.0, 0.0, 0.36, 0.0, 0.0, 1.0, -0.0, 0.0, 0.0, 0.0, 1.0]
            ]
        },
        {
            "name": "Leg_RF",
            "time": [0.0, 0.4167, 0.8333],
            "transform": [
                [1.0, 0.0, -0.0, 0.124487, 0.0, -0.756296, 0.65423, 0.0, 0.0, -0.65423, -0.756296, -0.088494, 0.0, 0.0, 0.0, 1.0],
                [1.0, -0.0, -0.0, 0.124487, -0.0, -0.893371, -0.449319, 0.0, 0.0, 0.449319, -0.893371, -0.243643, 0.0, 0.0, 0.0, 1.0],
                [1.0, 0.0, -0.0, 0.124487, 0.0, -0.756296, 0.65423, 0.0, 0.0, -0.65423, -0.756296, -0.088494, 0.0, 0.0, 0.0, 1.0]
            ]
        },
        {
            "name": "Leg_LF",
            "time": [0.0, 0.4167, 0.8333],
            "transform": [
                [1.0, -0.0, -0.0, -0.125513, -0.0, -0.779539, -0.626354, 0.0, 0.0, 0.626354, -0.779539, -0.25, 0.0, 0.0, 0.0, 1.0],
                [1.0, 0.0, -0.0, -0.125513, 0.0, -0.755352, 0.655319, 0.0, 0.0, -0.655319, -0.755352, -0.087597, 0.0, 0.0, 0.0, 1.0],
                [1.0, -0.0, -0.0, -0.125513, -0.0, -0.779539, -0.626354, 0.0, 0.0, 0.626354, -0.779539, -0.25, 0.0, 0.0, 0.0, 1.0]
            ]
        },
        {
            "name": "Leg_RB",
            "time": [0.0, 0.4167, 0.8333],
            "transform": [
                [1.0, -0.0, -0.0, 0.124487, -0.0, -0.799721, -0.600372, -0.0, 0.0, 0.600372, -0.799721, 0.103818, 0.0, 0.0, 0.0, 1.0],
                [1.0, 0.0, -0.0, 0.124487, 0.0, -0.765069, 0.643948, 0.0, 0.0, -0.643948, -0.765069, 0.267634, 0.0, 0.0, 0.0, 1.0],
                [1.0, -0.0, -0.0, 0.124487, -0.0, -0.799721, -0.600372, -0.0, 0.0, 0.600372, -0.799721, 0.103818, 0.0, 0.0, 0.0, 1.0]
            ]
        },
        {
            "name": "Leg_LB",
            "time": [0.0, 0.4167, 0.8333],
            "transform": [
                [1.0, 0.0, -0.0, -0.125513, 0.0, -0.775341, 0.631543, 0.0, 0.0, -0.631543, -0.775341, 0.262259, 0.0, 0.0, 0.0, 1.0],
                [1.0, -0.0, -0.0, -0.125513, -0.0, -0.791343, -0.611373, -0.0, 0.0, 0.611373, -0.791343, 0.104563, 0.0, 0.0, 0.0, 1.0],
                [1.0, 0.0, -0.0, -0.125513, 0.0, -0.775341, 0.631543, 0.0, 0.0, -0.631543, -0.775341, 0.262259, 0.0, 0.0, 0.0, 1.0]
            ]
        }
    ]
}