{
    "animation": [
        {
            "name": "Root",
            "time": [0.0, 1.0],
            "transform": [
                [1.0, 0.0, 0.0, 0.002315, 0.0, 0.15444, -0.988002, 0.004492, -0.0, 0.988002, 0.15444, 2.259456, 0.0, 0.0, 0.0, 1.0],
                [1.0, 0.0, 0.0, 0.002315, 0.0, 0.15444, -0.988002, 0.004492, -0.0, 0.988002, 0.15444, 2.259456, 0.0, 0.0, 0.0, 1.0]
            ]
        },
        {
            "name": "Head_M",
            "time": [0.0, 1.0],
            "transform": [
                [1.0, -0.0, -0.0, -0.05082, -0.0, 1.0, 0.0, 0.3089, 0.0, 0.0, 1.0, 0.05224, 0.0, 0.0, 0.0, 1.0],
                [1.0, -0.0, -0.0, -0.05082, -0.0, 1.0, 0.0, 0.3089, 0.0, 0.0, 1.0, 0.05224, 0.0, 0.0, 0.0, 1.0]
            ]
        },
        {
            "name": "Head_R",
            "time": [0.0, 1.0],
            "transform": [
                [1.0, 0.0, -0.0, 1.096968, 0.0, 1.0, 0.0, 0.105685, 0.0, 0.0, 1.0, -0.02612, 0.0, 0.0, 0.0, 1.0],
                [1.0, 0.0, -0.0, 1.096968, 0.0, 1.0, 0.0, 0.105685, 0.0, 0.0, 1.0, -0.02612, 0.0, 0.0, 0.0, 1.0]
            ]
        },
        {
            "name": "Head_L",
            "time": [0.0, 1.0],
            "transform": [
                [1.0, 0.0, -0.0, -1.19818, 0.0, 1.0, 0.0, 0.105685, 0.0, 0.0, 1.0, -0.02612, 0.0, 0.0, 0.0, 1.0],
                [1.0, 0.0, -0.0, -1.19818, 0.0, 1.0, 0.0, 0.105685, 0.0, 0.0, 1.0, -0.02612, 0.0, 0.0, 0.0, 1.0]
            ]
        },
        {
            "name": "Torso",
            "time": [0.0, 1.0],
            "transform": [
                [1.0, -0.0, 0.0, -0.0, 0.0, -0.55318, -0.833061, -0.0, 0.0, 0.833062, -0.55318, 0.0, 0.0, 0.0, 0.0, 1.0],
                [1.0, -0.0, 0.0, -0.0, 0.0, -0.55318, -0.833061, -0.0, 0.0, 0.833062, -0.55318, 0.0, 0.0, 0.0, 0.0, 1.0]
            ]
        },
        {
            "name": "Tail",
            "time": [0.0, 1.0],
            "transform": [
                [1.0, 0.0, 1e-06, 0.0, -0.0, 0.964959, 0.262402, 1.259969, -1e-06, -0.262402, 0.964959, -0.009378, 0.0, 0.0, 0.0, 1.0],
                [1.0, 0.0, 1e-06, 0.0, -0.0, 0.964959, 0.262402, 1.259969, -1e-06, -0.262402, 0.964959, -0.009378, 0.0, 0.0, 0.0, 1.0]
            ]
        }
    ]
}