{
    "animation": [
        {
            "name": "Root",
            "time": [0.0, 0.8333, 1.1667, 1.2833, 1.5, 5.0],
            "transform": [
                [1.0, 0.0, 0.0, 0.002315, 0.0, -0.667344, -0.744749, 0.004492, 0.0, 0.744749, -0.667344, 2.259456, 0.0, 0.0, 0.0, 1.0],
                [1.0, 0.0, 0.0, 0.002315, 0.0, -0.922041, -0.387092, 0.004492, 0.0, 0.387092, -0.922041, 2.259456, 0.0, 0.0, 0.0, 1.0],
                [1.0, 0.0, 0.0, 0.002315, 0.0, -0.97809, -0.208185, -0.30973, 0.0, 0.208185, -0.97809, 0.189446, 0.0, 0.0, 0.0, 1.0],
                [1.0, 0.0, 0.0, 0.002315, 0.0, -0.999104, 0.042322, -0.311078, 0.0, -0.042322, -0.999104, 0.205333, 0.0, 0.0, 0.0, 1.0],
                [1.0, -0.0, 0.0, 0.002315, -0.0, -1.0, 0.0, -0.311472, 0.0, -0.0, -1.0, 0.193208, 0.0, 0.0, 0.0, 1.0],
                [1.0, -0.0, 0.0, 0.002315, -0.0, -1.0, 0.0, -0.311472, 0.0, -0.0, -1.0, 0.193208, 0.0, 0.0, 0.0, 1.0]
            ]
        },
        {
            "name": "Head_M",
            "time": [0.0, 0.05, 0.1, 0.15, 0.2, 0.25, 0.3, 0.35, 0.4, 0.45, 0.5, 0.55, 0.6, 0.65, 0.7, 0.75, 0.8, 0.8333, 1.0, 1.1667, 1.4667, 5.0],
            "transform": [
                [0.995954, 0.075593, -0.048584, -0.05082, -0.089726, 0.80708, -0.583585, 0.318623, -0.004904, 0.585583, 0.810597, 0.0, 0.0, 0.0, 0.0, 1.0],
                [0.995954, 0.075593, -0.048584, -0.05082, -0.089726, 0.80708, -0.583585, 0.318623, -0.004904, 0.585583, 0.810598, 0.0, 0.0, 0.0, 0.0, 1.0],
                [0.994897, -0.094731, 0.034736, -0.05082, 0.097136, 0.806091, -0.583765, 0.318623, 0.0273, 0.58416, 0.811179, 0.0, 0.0, 0.0, 0.0, 1.0],
                [0.995954, 0.075593, -0.048584, -0.05082, -0.089726, 0.80708, -0.583585, 0.318623, -0.004904, 0.585583, 0.810597, 0.0, 0.0, 0.0, 0.0, 1.0],
                [0.994897, -0.094731, 0.034736, -0.05082, 0.097136, 0.806091, -0.583765, 0.318623, 0.0273, 0.58416, 0.81118, 0.0, 0.0, 0.0, 0.0, 1.0],
                [0.995954, 0.075593, -0.048584, -0.05082, -0.089726, 0.80708, -0.583585, 0.318623, -0.004904, 0.585583, 0.810597, -0.0, 0.0, 0.0, 0.0, 1.0],
                [0.994897, -0.094731, 0.034736, -0.05082, 0.097136, 0.806091, -0.583765, 0.318623, 0.0273, 0.58416, 0.811179, -0.0, 0.0, 0.0, 0.0, 1.0],
                [0.995954, 0.075593, -0.048584, -0.05082, -0.089726, 0.80708, -0.583585, 0.318623, -0.004904, 0.585583, 0.810597, 0.0, 0.0, 0.0, 0.0, 1.0],
                [0.994897, -0.094731, 0.034736, -0.05082, 0.097136, 0.806091, -0.583765, 0.318623, 0.0273, 0.58416, 0.811179, -0.0, 0.0, 0.0, 0.0, 1.0],
                [0.995954, 0.075593, -0.048584, -0.05082, -0.089726, 0.80708, -0.583585, 0.318623, -0.004904, 0.585583, 0.810597, 0.0, 0.0, 0.0, 0.0, 1.0],
                [0.994897, -0.094731, 0.034736, -0.05082, 0.097136, 0.806091, -0.583765, 0.318623, 0.0273, 0.58416, 0.811179, -0.0, 0.0, 0.0, 0.0, 1.0],
                [0.995954, 0.075593, -0.048584, -0.05082, -0.089726, 0.80708, -0.583585, 0.318623, -0.004904, 0.585583, 0.810598, 0.0, 0.0, 0.0, 0.0, 1.0],
                [0.994897, -0.094731, 0.034736, -0.05082, 0.097136, 0.806091, -0.583765, 0.318623, 0.0273, 0.58416, 0.811179, -0.0, 0.0, 0.0, 0.0, 1.0],
                [0.995954, 0.075593, -0.048584, -0.05082, -0.089726, 0.80708, -0.583585, 0.318623, -0.004904, 0.585583, 0.810597, 0.0, 0.0, 0.0, 0.0, 1.0],
                [0.994897, -0.094731, 0.034736, -0.05082, 0.097136, 0.806091, -0.583765, 0.318623, 0.0273, 0.58416, 0.811179, -0.0, 0.0, 0.0, 0.0, 1.0],
                [0.995954, 0.075593, -0.048584, -0.05082, -0.089726, 0.80708, -0.583585, 0.318623, -0.004904, 0.585583, 0.810597, -0.0, 0.0, 0.0, 0.0, 1.0],
                [0.994897, -0.094731, 0.034736, -0.05082, 0.097136, 0.806091, -0.583765, 0.318623, 0.0273, 0.58416, 0.811179, 0.0, 0.0, 0.0, 0.0, 1.0],
                [1.0, -0.0, -0.0, -0.05082, 0.0, 0.806083, -0.591802, 0.318623, 0.0, 0.591802, 0.806083, 0.0, 0.0, 0.0, 0.0, 1.0],
                [1.0, 0.0, -0.0, -0.05082, 0.0, 0.934141, 0.356905, 0.318623, 0.0, -0.356905, 0.934141, -0.0, 0.0, 0.0, 0.0, 1.0],
                [1.0, 0.0, -0.0, -0.05082, 0.0, 0.758905, 0.651201, 0.304188, 0.0, -0.651201, 0.758905, -0.062089, 0.0, 0.0, 0.0, 1.0],
                [1.0, 0.0, -0.0, -0.05082, -0.0, 0.979016, 0.203782, 0.318623, 0.0, -0.203782, 0.979016, -0.0, 0.0, 0.0, 0.0, 1.0],
                [1.0, 0.0, -0.0, -0.05082, -0.0, 0.979016, 0.203782, 0.318623, 0.0, -0.203782, 0.979016, 0.0, 0.0, 0.0, 0.0, 1.0]
            ]
        },
        {
            "name": "Head_R",
            "time": [0.0, 0.05, 0.1, 0.15, 0.2, 0.25, 0.3, 0.35, 0.4, 0.45, 0.5, 0.55, 0.6, 0.65, 0.7, 0.75, 0.8333, 1.0, 1.1667, 1.3833, 5.0],
            "transform": [
                [0.876757, 0.462392, -0.132255, 1.096968, -0.359965, 0.448558, -0.818059, 0.100823, -0.31894, 0.764846, 0.559721, 0.0, 0.0, 0.0, 0.0, 1.0],
                [0.943877, 0.329254, 0.02623, 1.096968, -0.146827, 0.489392, -0.859615, 0.100823, -0.295868, 0.807519, 0.510269, 0.0, 0.0, 0.0, 0.0, 1.0],
                [0.876757, 0.462392, -0.132255, 1.096968, -0.359965, 0.448558, -0.818059, 0.100823, -0.31894, 0.764846, 0.559721, 0.0, 0.0, 0.0, 0.0, 1.0],
                [0.943877, 0.329254, 0.02623, 1.096968, -0.146827, 0.489392, -0.859615, 0.100823, -0.295868, 0.807519, 0.510269, 0.0, 0.0, 0.0, 0.0, 1.0],
                [0.876757, 0.462392, -0.132255, 1.096968, -0.359965, 0.448558, -0.818059, 0.100823, -0.31894, 0.764846, 0.559721, 0.0, 0.0, 0.0, 0.0, 1.0],
                [0.943877, 0.329254, 0.02623, 1.096968, -0.146827, 0.489392, -0.859615, 0.100823, -0.295868, 0.807519, 0.510269, 0.0, 0.0, 0.0, 0.0, 1.0],
                [0.876757, 0.462392, -0.132255, 1.096968, -0.359965, 0.448558, -0.818059, 0.100824, -0.31894, 0.764846, 0.559721, 0.0, 0.0, 0.0, 0.0, 1.0],
                [0.943877, 0.329254, 0.02623, 1.096968, -0.146827, 0.489392, -0.859615, 0.100823, -0.295868, 0.807519, 0.510269, 0.0, 0.0, 0.0, 0.0, 1.0],
                [0.876757, 0.462392, -0.132255, 1.096968, -0.359965, 0.448558, -0.818059, 0.100823, -0.31894, 0.764846, 0.559721, 0.0, 0.0, 0.0, 0.0, 1.0],
                [0.943877, 0.329254, 0.02623, 1.096968, -0.146827, 0.489392, -0.859615, 0.100823, -0.295868, 0.807519, 0.510269, 0.0, 0.0, 0.0, 0.0, 1.0],
                [0.876757, 0.462392, -0.132255, 1.096968, -0.359965, 0.448558, -0.818059, 0.100823, -0.31894, 0.764846, 0.559721, 0.0, 0.0, 0.0, 0.0, 1.0],
                [0.943877, 0.329254, 0.02623, 1.096968, -0.146827, 0.489392, -0.859615, 0.100823, -0.295868, 0.807519, 0.510269, 0.0, 0.0, 0.0, 0.0, 1.0],
                [0.876757, 0.462392, -0.132255, 1.096968, -0.359965, 0.448558, -0.818059, 0.100823, -0.31894, 0.764846, 0.559721, 0.0, 0.0, 0.0, 0.0, 1.0],
                [0.943877, 0.329254, 0.02623, 1.096968, -0.146827, 0.489392, -0.859615, 0.100823, -0.295868, 0.807519, 0.510269, 0.0, 0.0, 0.0, 0.0, 1.0],
                [0.876757, 0.462392, -0.132255, 1.096968, -0.359965, 0.448558, -0.818059, 0.100823, -0.31894, 0.764846, 0.559721, 0.0, 0.0, 0.0, 0.0, 1.0],
                [0.943877, 0.329254, 0.02623, 1.096968, -0.146827, 0.489392, -0.859615, 0.100823, -0.295868, 0.807519, 0.510269, 0.0, 0.0, 0.0, 0.0, 1.0],
                [0.942567, 0.32883, -0.058635, 1.096968, -0.222904, 0.488512, -0.843605, 0.100823, -0.248759, 0.808224, 0.533753, 0.0, 0.0, 0.0, 0.0, 1.0],
                [0.942567, 0.32883, -0.058635, 1.096968, -0.320228, 0.939541, 0.121311, 0.100823, 0.094981, -0.095567, 0.990881, 0.0, 0.0, 0.0, 0.0, 1.0],
                [0.942522, 0.328965, -0.058598, 1.096968, -0.23278, 0.772242, 0.591148, 0.108041, 0.239719, -0.54353, 0.804432, 0.031045, 0.0, 0.0, 0.0, 1.0],
                [0.942567, 0.32883, -0.058635, 1.096968, -0.33247, 0.94051, -0.070035, 0.100823, 0.032117, 0.085507, 0.99582, 0.0, 0.0, 0.0, 0.0, 1.0],
                [0.942567, 0.32883, -0.058635, 1.096968, -0.33247, 0.94051, -0.070035, 0.100823, 0.032117, 0.085507, 0.99582, 0.0, 0.0, 0.0, 0.0, 1.0]
            ]
        },
        {
            "name": "Head_L",
            "time": [0.0, 0.0833, 0.1333, 0.1833, 0.2333, 0.2833, 0.3333, 0.3833, 0.4333, 0.4833, 0.5333, 0.5833, 0.6333, 0.6833, 0.7333, 0.7833, 0.8333, 1.0, 1.1667, 1.3333, 5.0],
            "transform": [
                [0.935149, -0.338241, 0.105306, -1.19818, 0.28527, 0.542753, -0.789962, 0.100823, 0.210042, 0.768773, 0.604045, -0.0, 0.0, 0.0, 0.0, 1.0],
                [0.93777, -0.341234, -0.064402, -1.19818, 0.119086, 0.490224, -0.863423, 0.100823, 0.3262, 0.802023, 0.500353, -0.0, 0.0, 0.0, 0.0, 1.0],
                [0.935149, -0.338241, 0.105306, -1.19818, 0.28527, 0.542753, -0.789962, 0.100823, 0.210042, 0.768773, 0.604045, -0.0, 0.0, 0.0, 0.0, 1.0],
                [0.93777, -0.341234, -0.064402, -1.19818, 0.119085, 0.490224, -0.863423, 0.100823, 0.3262, 0.802023, 0.500353, -0.0, 0.0, 0.0, 0.0, 1.0],
                [0.935149, -0.338241, 0.105306, -1.19818, 0.28527, 0.542753, -0.789962, 0.100823, 0.210042, 0.768773, 0.604045, -0.0, 0.0, 0.0, 0.0, 1.0],
                [0.93777, -0.341234, -0.064402, -1.19818, 0.119085, 0.490224, -0.863423, 0.100823, 0.3262, 0.802023, 0.500353, -0.0, 0.0, 0.0, 0.0, 1.0],
                [0.935149, -0.338241, 0.105306, -1.19818, 0.28527, 0.542753, -0.789962, 0.100823, 0.210042, 0.768773, 0.604045, -0.0, 0.0, 0.0, 0.0, 1.0],
                [0.93777, -0.341234, -0.064402, -1.19818, 0.119086, 0.490223, -0.863423, 0.100824, 0.3262, 0.802023, 0.500353, -0.0, 0.0, 0.0, 0.0, 1.0],
                [0.935149, -0.338241, 0.105306, -1.19818, 0.28527, 0.542753, -0.789962, 0.100824, 0.210042, 0.768773, 0.604045, -0.0, 0.0, 0.0, 0.0, 1.0],
                [0.93777, -0.341234, -0.064402, -1.19818, 0.119085, 0.490224, -0.863423, 0.100823, 0.3262, 0.802023, 0.500353, -0.0, 0.0, 0.0, 0.0, 1.0],
                [0.935149, -0.338241, 0.105306, -1.19818, 0.28527, 0.542753, -0.789962, 0.100823, 0.210042, 0.768773, 0.604045, -0.0, 0.0, 0.0, 0.0, 1.0],
                [0.93777, -0.341234, -0.064402, -1.19818, 0.119086, 0.490224, -0.863423, 0.100823, 0.3262, 0.802023, 0.500353, -0.0, 0.0, 0.0, 0.0, 1.0],
                [0.935149, -0.338241, 0.105306, -1.19818, 0.28527, 0.542753, -0.789962, 0.100823, 0.210042, 0.768773, 0.604045, -0.0, 0.0, 0.0, 0.0, 1.0],
                [0.93777, -0.341234, -0.064402, -1.19818, 0.119085, 0.490224, -0.863423, 0.100823, 0.3262, 0.802023, 0.500353, -0.0, 0.0, 0.0, 0.0, 1.0],
                [0.935149, -0.338241, 0.105306, -1.19818, 0.28527, 0.542753, -0.789962, 0.100823, 0.210042, 0.768773, 0.604045, -0.0, 0.0, 0.0, 0.0, 1.0],
                [0.93777, -0.341234, -0.064402, -1.19818, 0.119085, 0.490223, -0.863423, 0.100823, 0.3262, 0.802023, 0.500353, -0.0, 0.0, 0.0, 0.0, 1.0],
                [0.960346, -0.278142, -0.019314, -1.19818, 0.186063, 0.690932, -0.698566, 0.100823, 0.207645, 0.667271, 0.715285, -0.0, 0.0, 0.0, 0.0, 1.0],
                [0.960346, -0.278142, -0.019314, -1.19818, 0.277015, 0.944012, 0.179179, 0.100823, -0.031604, -0.177424, 0.983627, -0.0, 0.0, 0.0, 0.0, 1.0],
                [0.960362, -0.278089, -0.019295, -1.19818, 0.236913, 0.77777, 0.582191, 0.108041, -0.146894, -0.563685, 0.812824, 0.031044, 0.0, 0.0, 0.0, 1.0],
                [0.960346, -0.278142, -0.019314, -1.19818, 0.276388, 0.958825, -0.065298, 0.100823, 0.036681, 0.057371, 0.997679, -0.0, 0.0, 0.0, 0.0, 1.0],
                [0.960346, -0.278142, -0.019314, -1.19818, 0.276388, 0.958825, -0.065298, 0.100823, 0.036681, 0.057371, 0.997679, -0.0, 0.0, 0.0, 0.0, 1.0]
            ]
        },
        {
            "name": "Torso",
            "time": [0.0, 0.8333, 1.1667, 1.2833, 1.4167, 1.5, 5.0],
            "transform": [
                [1.0, -0.0, 0.0, -0.0, 0.0, -0.999844, -0.01765, -0.0, 0.0, 0.01765, -0.999844, -0.0, 0.0, 0.0, 0.0, 1.0],
                [1.0, -0.0, 0.0, 0.0, 0.0, -0.813135, -0.582075, 0.0, 0.0, 0.582075, -0.813135, 0.0, 0.0, 0.0, 0.0, 1.0],
                [1.0, 0.0, 0.0, -0.0, -0.0, -0.978123, 0.208029, 0.0, 0.0, -0.208029, -0.978123, 0.0, 0.0, 0.0, 0.0, 1.0],
                [1.0, -0.0, 0.0, 0.0, -0.0, -0.988993, 0.147959, 0.0, 0.0, -0.147959, -0.988994, -0.0, 0.0, 0.0, 0.0, 1.0],
                [1.0, -0.0, 0.0, -0.0, -0.0, -0.996658, 0.081689, 0.0, 0.0, -0.081689, -0.996658, 0.0, 0.0, 0.0, 0.0, 1.0],
                [1.0, 0.0, 0.0, -0.0, 0.0, -1.0, -0.0, 0.0, 0.0, 0.0, -1.0, 0.0, 0.0, 0.0, 0.0, 1.0],
                [1.0, 0.0, 0.0, -0.0, 0.0, -1.0, -0.0, 0.0, 0.0, 0.0, -1.0, 0.0, 0.0, 0.0, 0.0, 1.0]
            ]
        },
        {
            "name": "Tail",
            "time": [0.0, 0.8333, 1.0, 1.1667, 1.2833, 1.4167, 1.5, 5.0],
            "transform": [
                [1.0, 0.0, 1e-06, 0.0, -1e-06, 0.174699, 0.984622, 1.259969, -0.0, -0.984622, 0.174699, -0.009378, 0.0, 0.0, 0.0, 1.0],
                [1.0, 0.0, 1e-06, 0.0, -1e-06, 0.174699, 0.984622, 1.259969, -0.0, -0.984622, 0.174699, -0.009378, 0.0, 0.0, 0.0, 1.0],
                [1.0, -0.0, 1e-06, 0.0, 1e-06, 0.596918, -0.802302, 1.259969, -0.0, 0.802302, 0.596918, -0.009378, 0.0, 0.0, 0.0, 1.0],
                [1.0, -0.0, 1e-06, 0.0, 1e-06, 0.737265, -0.675604, 1.259969, -1e-06, 0.675604, 0.737265, -0.009378, 0.0, 0.0, 0.0, 1.0],
                [1.0, -0.0, 1e-06, 0.0, 1e-06, 0.936948, -0.349468, 1.259969, -1e-06, 0.349468, 0.936948, -0.009378, 0.0, 0.0, 0.0, 1.0],
                [1.0, -0.0, 1e-06, 0.0, -0.0, 0.968747, 0.248051, 1.259969, -1e-06, -0.248051, 0.968747, -0.009378, 0.0, 0.0, 0.0, 1.0],
                [1.0, -0.0, 1e-06, 0.0, 0.0, 0.999547, -0.030098, 1.259969, -1e-06, 0.030098, 0.999547, -0.009378, 0.0, 0.0, 0.0, 1.0],
                [1.0, -0.0, 1e-06, 0.0, 0.0, 0.999547, -0.030098, 1.259969, -1e-06, 0.030098, 0.999547, -0.009378, 0.0, 0.0, 0.0, 1.0]
            ]
        }
    ]
}