{
    "vertices": {
        "positions": {
            "stride": 3,
            "count": 4,
            "array": [0.241752, 0.804771, 0.26585, -0.241604, 0.804771, 0.26585, 0.241752, 0.804771, 0.74585, -0.241604, 0.804771, 0.74585]
        },
        "uvs": {
            "stride": 2,
            "count": 4,
            "array": [0.625101, 0.625, 0.749976, 0.375, 0.625101, 0.375, 0.749976, 0.625]
        },
        "normals": {
            "stride": 3,
            "count": 1,
            "array": [0.0, 1.0, 0.0]
        },
        "indices": {
            "stride": 3,
            "count": 6,
            "array": [1, 3, 0, 3, 1, 0, 2, 2, 0, 0, 0, 0]
        },
        "vcounts": {
            "stride": 1,
            "count": 4,
            "array": [1, 1, 1, 1]
        },
        "weights": {
            "stride": 1,
            "count": 1,
            "array": [1.0]
        },
        "vindices": {
            "stride": 1,
            "count": 8,
            "array": [1, 0, 1, 0, 1, 0, 1, 0]
        }
    },
    "armature": {
        "joints": ["Root", "Head", "Stomach", "RL4", "RL2", "RL3", "RL1", "LL4", "LL2", "LL3", "LL1"],
        "hierarchy": [
            {
                "name": "Root",
                "transform": [1.0, -0.000461, 0.00046, 3e-05, 0.000461, 0.001813, -0.999998, 0.000275, 0.00046, 0.999998, 0.001813, 0.480909, 0.0, 0.0, 0.0, 1.0],
                "children": [
                    {
                        "name": "Head",
                        "transform": [1.0, 0.00046, -0.000461, 7e-05, -0.000461, 0.999998, -0.001814, 0.019902, 0.00046, 0.001815, 0.999998, -0.198131, 0.0, 0.0, 0.0, 1.0],
                        "children": []
                    },
                    {
                        "name": "Stomach",
                        "transform": [1.0, 0.00046, -0.000461, -2.7e-05, -0.000461, 0.999998, -0.001814, 0.017649, 0.00046, 0.001814, 0.999998, 0.010542, 0.0, 0.0, 0.0, 1.0],
                        "children": []
                    },
                    {
                        "name": "RL4",
                        "transform": [-0.016367, 0.695163, -0.718666, 0.252666, -0.82442, -0.41607, -0.383688, -0.043247, -0.565741, 0.586203, 0.579916, -0.031865, 0.0, 0.0, 0.0, 1.0],
                        "children": []
                    },
                    {
                        "name": "RL2",
                        "transform": [-0.525258, 0.831049, -0.182926, 0.252603, -0.527679, -0.486749, -0.696154, -0.040532, -0.667577, -0.269134, 0.694196, -0.1261, 0.0, 0.0, 0.0, 1.0],
                        "children": []
                    },
                    {
                        "name": "RL3",
                        "transform": [-0.201805, 0.835689, -0.510782, 0.252626, -0.715651, -0.48186, -0.505624, -0.04023, -0.66867, 0.263504, 0.695303, -0.103931, 0.0, 0.0, 0.0, 1.0],
                        "children": []
                    },
                    {
                        "name": "RL1",
                        "transform": [-0.720302, 0.693496, 0.015093, 0.260962, -0.412812, -0.41108, -0.812773, -0.046472, -0.557451, -0.591672, 0.582385, -0.200834, 0.0, 0.0, 0.0, 1.0],
                        "children": []
                    },
                    {
                        "name": "LL4",
                        "transform": [-0.016347, -0.696085, -0.717773, -0.254559, -0.806212, -0.415429, 0.421238, -0.043013, -0.591401, 0.585563, -0.554401, -0.032099, 0.0, 0.0, 0.0, 1.0],
                        "children": []
                    },
                    {
                        "name": "LL2",
                        "transform": [-0.524975, -0.831249, -0.182828, -0.254407, 0.845954, -0.485983, -0.219505, -0.040298, 0.093612, -0.269899, 0.958327, -0.126333, 0.0, 0.0, 0.0, 1.0],
                        "children": []
                    },
                    {
                        "name": "LL3",
                        "transform": [-0.20142, -0.836375, -0.50981, -0.254451, -0.176052, -0.481089, 0.858812, -0.039996, -0.963554, 0.262735, -0.050344, -0.104164, 0.0, 0.0, 0.0, 1.0],
                        "children": []
                    },
                    {
                        "name": "LL1",
                        "transform": [-0.715017, -0.698813, 0.020272, -0.259277, 0.380815, -0.413635, -0.826974, -0.044241, 0.586286, -0.58358, 0.561875, -0.203563, 0.0, 0.0, 0.0, 1.0],
                        "children": []
                    }
                ]
            }
        ]
    }
}