{
    "animation": [
        {
            "name": "Root",
            "time": [0.0, 0.25, 0.3333, 0.4833, 0.8667],
            "transform": [
                [-0.109434, 0.0, -0.993994, -5e-06, -0.993994, 0.0, 0.109434, 0.000946, 0.0, 1.0, 0.0, 0.713487, 0.0, 0.0, 0.0, 1.0],
                [-0.254474, 0.0, -0.96708, -5e-06, -0.96708, 0.0, 0.254474, 0.000946, 0.0, 1.0, 0.0, 0.707689, 0.0, 0.0, 0.0, 1.0],
                [0.930233, 0.0, -0.36697, -5e-06, -0.36697, 0.0, -0.930233, 1.63691, 0.0, 1.0, 0.0, 0.746398, 0.0, 0.0, 0.0, 1.0],
                [-0.360422, 0.0, 0.93279, -5e-06, 0.93279, 0.0, 0.360422, 2.637365, 0.0, 1.0, 0.0, 0.707689, 0.0, 0.0, 0.0, 1.0],
                [-0.360422, 0.0, 0.93279, -5e-06, 0.93279, 0.0, 0.360422, 2.637365, 0.0, 1.0, 0.0, 0.707689, 0.0, 0.0, 0.0, 1.0]
            ]
        },
        {
            "name": "Thigh_R",
            "time": [0.0, 0.25, 0.3333, 0.4833, 0.8667],
            "transform": [
                [0.993855, 0.077738, -0.078788, 0.124994, 0.104609, -0.892295, 0.439163, -0.002831, -0.036163, -0.444705, -0.894947, -1.2e-05, 0.0, 0.0, 0.0, 1.0],
                [0.996342, 0.061762, -0.059053, 0.124994, 0.08228, -0.879922, 0.467936, -0.002831, -0.023062, -0.471082, -0.881788, -1.2e-05, 0.0, 0.0, 0.0, 1.0],
                [0.90708, -0.271118, -0.322023, 0.124994, 0.037468, -0.709944, 0.70326, -0.002831, -0.419286, -0.649977, -0.63382, -1.2e-05, 0.0, 0.0, 0.0, 1.0],
                [0.272112, 0.390046, 0.87967, 0.124994, 0.254107, -0.91084, 0.325265, -0.002831, 0.928108, 0.135022, -0.346965, -1.2e-05, 0.0, 0.0, 0.0, 1.0],
                [0.272112, 0.390046, 0.87967, 0.124994, 0.254107, -0.91084, 0.325265, -0.002831, 0.928108, 0.135022, -0.346965, -1.2e-05, 0.0, 0.0, 0.0, 1.0]
            ]
        },
        {
            "name": "Leg_R",
            "time": [0.0, 0.25, 0.3333, 0.4833, 0.8667],
            "transform": [
                [1.0, -0.0, 1e-06, 0.0, -0.0, 0.905746, 0.423823, 0.37472, -1e-06, -0.423823, 0.905744, 0.0, 0.0, 0.0, 0.0, 1.0],
                [1.0, -0.0, 1e-06, -0.0, 0.0, 0.90902, 0.416754, 0.37472, -1e-06, -0.416755, 0.909018, 0.0, 0.0, 0.0, 0.0, 1.0],
                [1.0, -1e-06, 1e-06, -0.0, -1e-06, 0.118879, 0.992908, 0.37472, -1e-06, -0.99291, 0.118878, -0.0, 0.0, 0.0, 0.0, 1.0],
                [1.0, 0.0, 1e-06, -0.0, -1e-06, 0.911285, 0.411777, 0.37472, -1e-06, -0.411777, 0.911284, -0.0, 0.0, 0.0, 0.0, 1.0],
                [1.0, 0.0, 1e-06, -0.0, -1e-06, 0.911285, 0.411777, 0.37472, -1e-06, -0.411777, 0.911284, -0.0, 0.0, 0.0, 0.0, 1.0]
            ]
        },
        {
            "name": "Knee_R",
            "time": [0.0, 0.25, 0.3333, 0.4833, 0.8667],
            "transform": [
                [1.0, 0.0, -0.0, 0.0, -0.0, 1e-06, -1.0, 0.381653, -0.0, 1.0, 1e-06, 0.0, 0.0, 0.0, 0.0, 1.0],
                [1.0, 0.0, -0.0, 0.0, -0.0, 1e-06, -1.0, 0.381884, -0.0, 1.0, 1e-06, 0.0, 0.0, 0.0, 0.0, 1.0],
                [1.0, 0.0, -0.0, 0.0, -0.0, 1e-06, -1.0, 0.461871, -0.0, 1.0, 1e-06, -0.0, 0.0, 0.0, 0.0, 1.0],
                [1.0, 0.0, -0.0, -0.0, -0.0, 1e-06, -1.0, 0.381597, -0.0, 1.0, 1e-06, -0.0, 0.0, 0.0, 0.0, 1.0],
                [1.0, 0.0, -0.0, -0.0, -0.0, 1e-06, -1.0, 0.381597, -0.0, 1.0, 1e-06, -0.0, 0.0, 0.0, 0.0, 1.0]
            ]
        },
        {
            "name": "Thigh_L",
            "time": [0.0, 0.25, 0.3333, 0.4833, 0.8667],
            "transform": [
                [-0.067875, -0.496033, -0.865647, -0.125006, -0.033788, -0.866007, 0.498889, -0.002831, -0.997121, 0.063111, 0.04202, -1.2e-05, 0.0, 0.0, 0.0, 1.0],
                [-0.216331, -0.512891, -0.830749, -0.125006, -0.038262, -0.845791, 0.532141, -0.002831, -0.97557, 0.146906, 0.163346, -1.2e-05, 0.0, 0.0, 0.0, 1.0],
                [0.902723, -0.111485, -0.415527, -0.125006, -0.006021, -0.969021, 0.246904, -0.002831, -0.430181, -0.220384, -0.875429, -1.2e-05, 0.0, 0.0, 0.0, 1.0],
                [0.974365, -0.17282, 0.144033, -0.125006, -0.217822, -0.884827, 0.411867, -0.002831, 0.056265, -0.432682, -0.899789, -1.2e-05, 0.0, 0.0, 0.0, 1.0],
                [0.974365, -0.17282, 0.144033, -0.125006, -0.217822, -0.884827, 0.411867, -0.002831, 0.056265, -0.432682, -0.899789, -1.2e-05, 0.0, 0.0, 0.0, 1.0]
            ]
        },
        {
            "name": "Leg_L",
            "time": [0.0, 0.25, 0.3333, 0.4833, 0.8667],
            "transform": [
                [1.0, -1e-06, 1e-06, 0.0, -0.0, 0.813112, 0.582107, 0.37472, -1e-06, -0.582107, 0.813112, -0.0, 0.0, 0.0, 0.0, 1.0],
                [1.0, -0.0, 1e-06, 0.0, -0.0, 0.842825, 0.538187, 0.37472, -1e-06, -0.538187, 0.842826, 0.0, 0.0, 0.0, 0.0, 1.0],
                [1.0, -1e-06, 1e-06, 0.0, 0.0, 0.899261, 0.437412, 0.37472, -1e-06, -0.437412, 0.899262, 0.0, 0.0, 0.0, 0.0, 1.0],
                [1.0, -0.0, 1e-06, 0.0, 0.0, 0.967548, 0.252686, 0.37472, -1e-06, -0.252686, 0.967549, -0.0, 0.0, 0.0, 0.0, 1.0],
                [1.0, -0.0, 1e-06, 0.0, 0.0, 0.967548, 0.252686, 0.37472, -1e-06, -0.252686, 0.967549, -0.0, 0.0, 0.0, 0.0, 1.0]
            ]
        },
        {
            "name": "Knee_L",
            "time": [0.0, 0.25, 0.3333, 0.8667],
            "transform": [
                [1.0, 0.0, -0.0, 0.0, -0.0, 1e-06, -1.0, 0.396508, -0.0, 1.0, 1e-06, -0.0, 0.0, 0.0, 0.0, 1.0],
                [1.0, 0.0, -0.0, 0.0, -0.0, 1e-06, -1.0, 0.389922, -0.0, 1.0, 1e-06, -0.0, 0.0, 0.0, 0.0, 1.0],
                [1.0, 0.0, -0.0, 0.0, -0.0, 1e-06, -1.0, 0.37472, -0.0, 1.0, 1e-06, 0.0, 0.0, 0.0, 0.0, 1.0],
                [1.0, 0.0, -0.0, 0.0, -0.0, 1e-06, -1.0, 0.37472, -0.0, 1.0, 1e-06, -0.0, 0.0, 0.0, 0.0, 1.0]
            ]
        },
        {
            "name": "Torso",
            "time": [0.0, 0.3333, 0.4833, 0.8667],
            "transform": [
                [0.99978, -0.020971, -0.000197, -0.0, 0.020971, 0.999603, 0.018833, 0.05, -0.000198, -0.018833, 0.999823, 0.0, 0.0, 0.0, 0.0, 1.0],
                [0.99978, -0.020971, -0.000197, 0.0, 0.020971, 0.999603, 0.018833, 0.05, -0.000198, -0.018833, 0.999823, 0.0, 0.0, 0.0, 0.0, 1.0],
                [0.99978, -0.020971, -0.000197, -0.0, 0.020971, 0.999603, 0.01883, 0.05, -0.000198, -0.01883, 0.999823, 0.0, 0.0, 0.0, 0.0, 1.0],
                [0.99978, -0.020971, -0.000197, -0.0, 0.020971, 0.999603, 0.01883, 0.05, -0.000198, -0.01883, 0.999823, 0.0, 0.0, 0.0, 0.0, 1.0]
            ]
        },
        {
            "name": "Chest",
            "time": [0.0, 0.25, 0.8667],
            "transform": [
                [0.998331, 0.04098, -0.040685, 0.0, -0.023929, 0.934787, 0.354404, 0.3, 0.052555, -0.352839, 0.934207, -0.0, 0.0, 0.0, 0.0, 1.0],
                [0.997736, 0.050445, -0.044469, -0.0, -0.028625, 0.916968, 0.397934, 0.3, 0.06085, -0.39576, 0.916336, -0.0, 0.0, 0.0, 0.0, 1.0],
                [0.997736, 0.050444, -0.044469, 0.0, -0.028625, 0.916968, 0.397934, 0.3, 0.06085, -0.39576, 0.916336, 0.0, 0.0, 0.0, 0.0, 1.0]
            ]
        },
        {
            "name": "Head",
            "time": [0.0, 0.25, 0.3333, 0.4833, 0.8667],
            "transform": [
                [0.053234, -0.136686, 0.989183, -0.0, 0.263993, 0.957271, 0.118069, 0.4, -0.963055, 0.254853, 0.087043, 0.0, 0.0, 0.0, 0.0, 1.0],
                [-0.073165, -0.098859, 0.992408, 0.0, 0.323749, 0.938832, 0.11739, 0.4, -0.94331, 0.32988, -0.036685, 0.0, 0.0, 0.0, 0.0, 1.0],
                [0.928973, -0.045319, 0.367361, 0.0, 0.168384, 0.935578, -0.310388, 0.4, -0.329629, 0.3502, 0.876758, 0.0, 0.0, 0.0, 0.0, 1.0],
                [0.007685, 0.008109, -0.999938, -0.0, -0.355258, 0.934756, 0.00485, 0.4, 0.934737, 0.355198, 0.010064, 0.0, 0.0, 0.0, 0.0, 1.0],
                [0.007685, 0.008109, -0.999938, -0.0, -0.355258, 0.934756, 0.00485, 0.4, 0.934737, 0.355198, 0.010064, 0.0, 0.0, 0.0, 0.0, 1.0]
            ]
        },
        {
            "name": "Shoulder_R",
            "time": [0.0, 0.25, 0.3333, 0.4833, 0.8667],
            "transform": [
                [-0.476459, 0.762815, 0.43715, -0.0, 0.055004, -0.470379, 0.880749, 0.4, 0.877474, 0.443686, 0.182158, 0.0, 0.0, 0.0, 0.0, 1.0],
                [-0.543163, 0.712442, 0.444296, 0.0, 0.070763, -0.488434, 0.869727, 0.4, 0.83664, 0.503843, 0.214885, 0.0, 0.0, 0.0, 0.0, 1.0],
                [-0.122408, 0.935531, 0.331358, 0.0, 0.009149, -0.332791, 0.942956, 0.4, 0.992438, 0.118457, 0.032178, 0.0, 0.0, 0.0, 0.0, 1.0],
                [0.404404, 0.909317, 0.097976, -0.0, 0.042213, -0.12557, 0.991186, 0.4, 0.913606, -0.396703, -0.089166, 0.0, 0.0, 0.0, 0.0, 1.0],
                [0.404404, 0.909317, 0.097976, -0.0, 0.042213, -0.12557, 0.991186, 0.4, 0.913606, -0.396703, -0.089166, 0.0, 0.0, 0.0, 0.0, 1.0]
            ]
        },
        {
            "name": "Arm_R",
            "time": [0.0, 0.25, 0.3333, 0.4833, 0.8667],
            "transform": [
                [0.580456, -0.696876, -0.42123, 0.0, 0.723849, 0.678527, -0.125076, 0.39386, 0.372979, -0.232306, 0.898288, 0.0, 0.0, 0.0, 0.0, 1.0],
                [0.634968, -0.734926, -0.238119, -0.0, 0.708404, 0.676867, -0.20004, 0.39386, 0.308189, -0.041665, 0.950412, -0.0, 0.0, 0.0, 0.0, 1.0],
                [0.373319, -0.888866, -0.265613, -0.0, 0.871788, 0.434029, -0.227169, 0.393861, 0.317207, -0.146752, 0.936933, -0.0, 0.0, 0.0, 0.0, 1.0],
                [0.025656, -0.950066, -0.310993, -0.0, 0.957725, 0.11253, -0.264764, 0.39386, 0.286539, -0.291053, 0.912789, -0.0, 0.0, 0.0, 0.0, 1.0],
                [0.025655, -0.950066, -0.310993, -0.0, 0.957725, 0.11253, -0.264764, 0.39386, 0.286539, -0.291053, 0.912789, 0.0, 0.0, 0.0, 0.0, 1.0]
            ]
        },
        {
            "name": "Hand_R",
            "time": [0.0, 0.25, 0.3333, 0.4833, 0.8667],
            "transform": [
                [0.999999, 0.001427, -1e-05, 0.0, -0.000846, 0.587176, -0.80946, 0.3, -0.001149, 0.809459, 0.587176, 0.0, 0.0, 0.0, 0.0, 1.0],
                [1.0, -0.0, 0.0, 0.0, 0.0, 0.489174, -0.872186, 0.3, 0.0, 0.872186, 0.489174, -0.0, 0.0, 0.0, 0.0, 1.0],
                [1.0, -0.0, 0.0, -0.0, 0.0, 0.777853, -0.628447, 0.3, -0.0, 0.628447, 0.777853, 0.0, 0.0, 0.0, 0.0, 1.0],
                [0.999902, -0.001565, -0.013893, 0.0, -0.001595, 0.974456, -0.224576, 0.3, 0.013889, 0.224576, 0.974358, -0.0, 0.0, 0.0, 0.0, 1.0],
                [0.999902, -0.001565, -0.013893, 0.0, -0.001595, 0.974456, -0.224576, 0.3, 0.013889, 0.224576, 0.974358, -0.0, 0.0, 0.0, 0.0, 1.0]
            ]
        },
        {
            "name": "Tool_R",
            "time": [0.0, 0.25, 0.3333, 0.4833, 0.8667],
            "transform": [
                [0.249065, -0.112206, -0.961965, 0.0, -0.657501, -0.748882, -0.082884, 0.272858, -0.710684, 0.652741, -0.260142, -0.0, 0.0, 0.0, 0.0, 1.0],
                [-0.017353, -0.008017, -0.999818, 0.0, -0.690968, -0.722667, 0.017787, 0.272858, -0.722257, 0.690733, 0.006997, -0.0, 0.0, 0.0, 0.0, 1.0],
                [-0.047722, 0.006567, -0.998839, -0.0, -0.372198, -0.92808, 0.01168, 0.272858, -0.926382, 0.372092, 0.046706, 0.0, 0.0, 0.0, 0.0, 1.0],
                [0.014316, 0.747801, -0.663769, -0.0, -0.018282, -0.66353, -0.747927, 0.272858, -0.999139, 0.022821, 0.004161, -0.0, 0.0, 0.0, 0.0, 1.0],
                [0.014316, 0.747801, -0.663769, -0.0, -0.018282, -0.66353, -0.747927, 0.272858, -0.999139, 0.022821, 0.004162, 0.0, 0.0, 0.0, 0.0, 1.0]
            ]
        },
        {
            "name": "Elbow_R",
            "time": [0.0, 0.25, 0.3333, 0.4833, 0.8667],
            "transform": [
                [-1.0, 0.0, -0.0, -0.0, 0.0, 0.0, -1.0, 0.394247, -0.0, -1.0, 0.0, 0.0, 0.0, 0.0, 0.0, 1.0],
                [-1.0, 0.0, 0.0, -0.0, 0.0, -0.0, -1.0, 0.407083, -0.0, -1.0, 0.0, -0.0, 0.0, 0.0, 0.0, 1.0],
                [-1.0, 0.0, -0.0, -0.0, -0.0, -0.0, -1.0, 0.371163, -0.0, -1.0, 0.0, 0.0, 0.0, 0.0, 0.0, 1.0],
                [-1.0, 0.0, 0.0, 0.0, 0.0, 0.0, -1.0, 0.3, -0.0, -1.0, 0.0, -0.0, 0.0, 0.0, 0.0, 1.0],
                [-1.0, 0.0, -0.0, 0.0, 0.0, 0.0, -1.0, 0.3, -0.0, -1.0, 0.0, -0.0, 0.0, 0.0, 0.0, 1.0]
            ]
        },
        {
            "name": "Shoulder_L",
            "time": [0.0, 0.25, 0.3333, 0.4833, 0.8667],
            "transform": [
                [0.088499, -0.949454, -0.301172, -0.0, -0.003901, -0.302687, 0.953082, 0.4, -0.996069, -0.083172, -0.030491, 0.0, 0.0, 0.0, 0.0, 1.0],
                [0.088499, -0.949454, -0.301173, 0.0, -0.003901, -0.302687, 0.953082, 0.4, -0.996069, -0.083172, -0.030491, 0.0, 0.0, 0.0, 0.0, 1.0],
                [-0.076098, -0.931158, -0.356585, 0.0, -0.00502, -0.35726, 0.933992, 0.4, -0.997088, 0.072865, 0.022512, 0.0, 0.0, 0.0, 0.0, 1.0],
                [-0.266691, -0.873099, -0.408135, -0.0, -0.018475, -0.418763, 0.907907, 0.4, -0.963605, 0.249671, 0.09555, 0.0, 0.0, 0.0, 0.0, 1.0],
                [-0.266691, -0.873099, -0.408135, -0.0, -0.018475, -0.418764, 0.907907, 0.4, -0.963605, 0.249671, 0.09555, 0.0, 0.0, 0.0, 0.0, 1.0]
            ]
        },
        {
            "name": "Arm_L",
            "time": [0.0, 0.25, 0.3333, 0.4833, 0.8667],
            "transform": [
                [-0.292578, 0.617206, 0.73038, 0.0, -0.690328, 0.392206, -0.607966, 0.39386, -0.6617, -0.682079, 0.311324, 0.0, 0.0, 0.0, 0.0, 1.0],
                [-0.261885, 0.712586, 0.650874, 0.0, -0.523227, 0.461864, -0.716181, 0.39386, -0.810956, -0.528112, 0.251889, -0.0, 0.0, 0.0, 0.0, 1.0],
                [0.073218, 0.368028, 0.926927, -0.0, -0.348805, 0.880174, -0.321913, 0.39386, -0.934331, -0.299747, 0.192815, 0.0, 0.0, 0.0, 0.0, 1.0],
                [0.311874, -0.200863, 0.928649, 0.0, -0.152215, 0.954211, 0.257511, 0.39386, -0.937851, -0.221665, 0.267019, -0.0, 0.0, 0.0, 0.0, 1.0],
                [0.311874, -0.200863, 0.928649, 0.0, -0.152215, 0.954211, 0.257511, 0.39386, -0.937851, -0.221665, 0.267019, 0.0, 0.0, 0.0, 0.0, 1.0]
            ]
        },
        {
            "name": "Hand_L",
            "time": [0.0, 0.25, 0.3333, 0.4833, 0.8667],
            "transform": [
                [1.020737, -0.00702, 0.000325, -0.0, 0.005231, 0.696734, -0.717311, 0.3, 0.004909, 0.717295, 0.696753, -0.0, 0.0, 0.0, 0.0, 1.0],
                [1.020763, -0.0, 0.0, 0.0, 0.0, 0.618165, -0.786048, 0.3, 0.0, 0.786048, 0.618165, 0.0, 0.0, 0.0, 0.0, 1.0],
                [1.020763, -0.0, 0.0, -0.0, 0.0, 0.869656, -0.493659, 0.3, 0.0, 0.493659, 0.869656, -0.0, 0.0, 0.0, 0.0, 1.0],
                [1.020758, -0.000269, -0.003022, -0.0, 6.2e-05, 0.997641, -0.068655, 0.3, 0.003096, 0.068655, 0.997636, 0.0, 0.0, 0.0, 0.0, 1.0],
                [1.020758, -0.000269, -0.003022, -0.0, 6.2e-05, 0.99764, -0.068655, 0.3, 0.003096, 0.068655, 0.997636, -0.0, 0.0, 0.0, 0.0, 1.0]
            ]
        },
        {
            "name": "Tool_L",
            "time": [0.0, 0.8667],
            "transform": [
                [0.997004, 0.01104, -0.076554, -0.0, -0.036659, -0.804079, -0.593391, 0.272858, -0.068067, 0.594062, -0.800801, -0.0, 0.0, 0.0, 0.0, 1.0],
                [0.997004, 0.01104, -0.076554, 0.0, -0.036659, -0.804079, -0.593392, 0.272858, -0.068067, 0.594062, -0.800801, -0.0, 0.0, 0.0, 0.0, 1.0]
            ]
        },
        {
            "name": "Elbow_L",
            "time": [0.0, 0.25, 0.3333, 0.4833, 0.8667],
            "transform": [
                [-1.0, 0.0, -0.0, 0.0, 0.0, -0.0, -1.0, 0.384376, -0.0, -1.0, -0.0, -0.0, 0.0, 0.0, 0.0, 1.0],
                [-1.0, 0.0, -0.0, 0.0, -0.0, -0.0, -1.0, 0.397519, -0.0, -1.0, -0.0, 0.0, 0.0, 0.0, 0.0, 1.0],
                [-1.0, 0.0, -0.0, -0.0, 0.0, -0.0, -1.0, 0.363521, -0.0, -1.0, -0.0, 0.0, 0.0, 0.0, 0.0, 1.0],
                [-1.0, 0.0, -0.0, -0.0, 0.0, -0.0, -1.0, 0.3, -0.0, -1.0, 0.0, 0.0, 0.0, 0.0, 0.0, 1.0],
                [-1.0, 0.0, -0.0, -0.0, 0.0, -0.0, -1.0, 0.3, -0.0, -1.0, 0.0, -0.0, 0.0, 0.0, 0.0, 1.0]
            ]
        }
    ]
}