{
    "animation": [
        {
            "name": "Root",
            "time": [0.0, 0.1333, 0.2, 0.6833, 1.0],
            "transform": [
                [0.885907, 0.0, 0.463863, -5e-06, 0.463863, 0.0, -0.885907, 0.129455, 0.0, 1.0, 0.0, 0.763972, 0.0, 0.0, 0.0, 1.0],
                [0.927586, 0.0, -0.373609, -5e-06, -0.373609, 0.0, -0.927586, 0.817138, 0.0, 1.0, 0.0, 0.734653, 0.0, 0.0, 0.0, 1.0],
                [0.376165, 0.0, -0.926553, -5e-06, -0.926553, 0.0, -0.376165, 1.293907, 0.0, 1.0, 0.0, 0.717718, 0.0, 0.0, 0.0, 1.0],
                [0.854689, 0.0, -0.51914, -5e-06, -0.51914, 0.0, -0.854689, 1.290974, 0.0, 1.0, 0.0, 0.738379, 0.0, 0.0, 0.0, 1.0],
                [0.854689, 0.0, -0.51914, -5e-06, -0.51914, 0.0, -0.854689, 1.290974, 0.0, 1.0, 0.0, 0.738379, 0.0, 0.0, 0.0, 1.0]
            ]
        },
        {
            "name": "Thigh_R",
            "time": [0.0, 0.1333, 0.2, 0.6833, 1.0],
            "transform": [
                [0.880607, -0.126086, 0.456764, 0.138168, 0.00744, -0.960148, -0.279386, -0.002831, 0.473789, 0.249428, -0.844577, 0.006886, 0.0, 0.0, 0.0, 1.0],
                [0.926755, 0.085936, -0.365704, 0.134588, -0.000295, -0.973314, -0.229467, -0.002831, -0.375665, 0.212768, -0.902001, 0.001121, 0.0, 0.0, 0.0, 1.0],
                [0.958882, 0.282986, -0.021535, 0.124994, 0.280939, -0.935704, 0.213373, -0.002831, 0.040231, -0.210648, -0.976734, -1.2e-05, 0.0, 0.0, 0.0, 1.0],
                [0.993012, 0.090808, -0.075371, 0.124994, 0.097418, -0.991234, 0.089226, -0.002831, -0.066608, -0.095944, -0.993156, -1.2e-05, 0.0, 0.0, 0.0, 1.0],
                [0.993012, 0.090808, -0.075371, 0.124994, 0.097418, -0.991234, 0.089226, -0.002831, -0.066608, -0.095944, -0.993156, -1.2e-05, 0.0, 0.0, 0.0, 1.0]
            ]
        },
        {
            "name": "Leg_R",
            "time": [0.0, 0.1333, 0.2, 0.6833, 1.0],
            "transform": [
                [1.0, 0.0, 1e-06, 0.0, -0.0, 0.999958, 0.009277, 0.37472, -1e-06, -0.009277, 0.999956, -0.0, 0.0, 0.0, 0.0, 1.0],
                [1.0, 0.000343, 9.7e-05, 0.0, -0.000351, 0.995547, 0.094276, 0.37472, -6.5e-05, -0.094276, 0.995545, -0.0, 0.0, 0.0, 0.0, 1.0],
                [1.0, -0.0, 2e-06, -0.0, -0.0, 0.911839, 0.410549, 0.37472, -2e-06, -0.41055, 0.911838, -0.0, 0.0, 0.0, 0.0, 1.0],
                [1.0, -0.0, 1e-06, -0.0, 0.0, 0.968291, 0.249827, 0.37472, -1e-06, -0.249828, 0.96829, 0.0, 0.0, 0.0, 0.0, 1.0],
                [1.0, -0.0, 1e-06, -0.0, 0.0, 0.968291, 0.249827, 0.37472, -1e-06, -0.249828, 0.96829, 0.0, 0.0, 0.0, 0.0, 1.0]
            ]
        },
        {
            "name": "Knee_R",
            "time": [0.0, 0.1333, 0.2, 0.6833, 1.0],
            "transform": [
                [1.0, 0.0, -0.0, 0.0, -0.0, 1e-06, -1.0, 0.37472, -0.0, 1.0, 1e-06, -0.0, 0.0, 0.0, 0.0, 1.0],
                [1.0, 0.0, -0.0, 0.0, -0.0, 1e-06, -1.0, 0.37472, -0.0, 1.0, 1e-06, -0.0, 0.0, 0.0, 0.0, 1.0],
                [1.0, 0.0, -0.0, -0.0, -0.0, 1e-06, -1.0, 0.383776, -0.0, 1.0, 1e-06, -0.0, 0.0, 0.0, 0.0, 1.0],
                [1.0, 0.0, -0.0, 0.0, -0.0, 1e-06, -1.0, 0.413474, -0.0, 1.0, 1e-06, 0.0, 0.0, 0.0, 0.0, 1.0],
                [1.0, 0.0, -0.0, 0.0, -0.0, 1e-06, -1.0, 0.413474, -0.0, 1.0, 1e-06, 0.0, 0.0, 0.0, 0.0, 1.0]
            ]
        },
        {
            "name": "Thigh_L",
            "time": [0.0, 0.1333, 0.2, 0.6833, 1.0],
            "transform": [
                [0.892802, 0.262125, 0.366327, -0.134887, -0.00109, -0.811987, 0.583674, -0.002831, 0.450448, -0.521505, -0.724658, -0.005185, 0.0, 0.0, 0.0, 1.0],
                [0.927538, -0.226368, -0.297375, -0.134586, 0.000684, -0.794665, 0.607047, -0.002831, -0.373729, -0.563262, -0.736927, 9.9e-05, 0.0, 0.0, 0.0, 1.0],
                [0.372506, -0.440319, -0.81692, -0.125006, 0.000705, -0.880139, 0.474715, -0.002831, -0.92803, -0.177409, -0.327547, -1.2e-05, 0.0, 0.0, 0.0, 1.0],
                [0.866497, -0.13565, -0.480398, -0.125006, -0.027169, -0.973759, 0.225954, -0.002831, -0.498442, -0.182736, -0.847445, -1.2e-05, 0.0, 0.0, 0.0, 1.0],
                [0.866497, -0.13565, -0.480398, -0.125006, -0.027169, -0.973759, 0.225954, -0.002831, -0.498442, -0.182736, -0.847445, -1.2e-05, 0.0, 0.0, 0.0, 1.0]
            ]
        },
        {
            "name": "Leg_L",
            "time": [0.0, 0.1333, 0.2, 0.6833, 1.0],
            "transform": [
                [1.0, -1e-06, 1e-06, 0.0, -1e-06, 0.303393, 0.952866, 0.37472, -1e-06, -0.952865, 0.303394, 0.0, 0.0, 0.0, 0.0, 1.0],
                [1.0, 0.000133, -0.00042, 0.0, 0.000405, 0.100223, 0.994965, 0.37472, 0.000174, -0.994965, 0.100223, -0.0, 0.0, 0.0, 0.0, 1.0],
                [1.0, -1e-06, 2e-06, 0.0, -1e-06, 0.889328, 0.457269, 0.37472, -2e-06, -0.457269, 0.889329, 0.0, 0.0, 0.0, 0.0, 1.0],
                [1.0, -0.0, 1e-06, 0.0, 0.0, 0.970944, 0.239304, 0.37472, -1e-06, -0.239304, 0.970945, -0.0, 0.0, 0.0, 0.0, 1.0],
                [1.0, -0.0, 1e-06, 0.0, 0.0, 0.970944, 0.239304, 0.37472, -1e-06, -0.239304, 0.970945, -0.0, 0.0, 0.0, 0.0, 1.0]
            ]
        },
        {
            "name": "Knee_L",
            "time": [0.0, 0.1333, 0.2, 0.6833, 1.0],
            "transform": [
                [1.0, 0.0, -0.0, 0.0, -0.0, 1e-06, -1.0, 0.445082, -0.0, 1.0, 1e-06, 0.0, 0.0, 0.0, 0.0, 1.0],
                [1.0, 0.0, -0.0, -2.4e-05, -0.0, 1e-06, -1.0, 0.464616, -0.0, 1.0, 1e-06, 0.00179, 0.0, 0.0, 0.0, 1.0],
                [1.0, 0.0, -0.0, 0.0, -0.0, 1e-06, -1.0, 0.387399, -0.0, 1.0, 1e-06, 0.0, 0.0, 0.0, 0.0, 1.0],
                [1.0, 0.0, -0.0, 0.0, -0.0, 1e-06, -1.0, 0.405625, -0.0, 1.0, 1e-06, -0.0, 0.0, 0.0, 0.0, 1.0],
                [1.0, 0.0, -0.0, 0.0, -0.0, 1e-06, -1.0, 0.405625, -0.0, 1.0, 1e-06, -0.0, 0.0, 0.0, 0.0, 1.0]
            ]
        },
        {
            "name": "Torso",
            "time": [0.0, 0.05, 0.2, 0.6833, 1.0],
            "transform": [
                [0.99978, -0.020971, -0.000197, 0.0, 0.020971, 0.999603, 0.018827, 0.05, -0.000198, -0.018827, 0.999823, 0.0, 0.0, 0.0, 0.0, 1.0],
                [0.99978, -0.020971, -0.000197, -0.0, 0.020971, 0.999603, 0.018827, 0.05, -0.000198, -0.018827, 0.999823, 0.0, 0.0, 0.0, 0.0, 1.0],
                [0.99978, -0.020971, -0.000197, 0.0, 0.020971, 0.999603, 0.018827, 0.05, -0.000198, -0.018827, 0.999823, 0.0, 0.0, 0.0, 0.0, 1.0],
                [0.99978, -0.020971, -0.000197, -0.0, 0.020971, 0.999603, 0.018833, 0.05, -0.000198, -0.018833, 0.999823, 0.0, 0.0, 0.0, 0.0, 1.0],
                [0.99978, -0.020971, -0.000197, -0.0, 0.020971, 0.999603, 0.018833, 0.05, -0.000198, -0.018833, 0.999823, 0.0, 0.0, 0.0, 0.0, 1.0]
            ]
        },
        {
            "name": "Chest",
            "time": [0.0, 0.05, 0.1333, 0.2, 0.6833, 1.0],
            "transform": [
                [1.0, 0.000135, 0.000613, -0.0, -8.1e-05, 0.996168, -0.087463, 0.3, -0.000622, 0.087463, 0.996168, -0.0, 0.0, 0.0, 0.0, 1.0],
                [1.0, 0.000135, 0.000613, -0.0, -8.1e-05, 0.996168, -0.087463, 0.3, -0.000622, 0.087463, 0.996168, -0.0, 0.0, 0.0, 0.0, 1.0],
                [0.999252, 0.027664, -0.027034, -0.0, -0.025427, 0.996483, 0.079844, 0.3, 0.029148, -0.079097, 0.996441, 0.0, 0.0, 0.0, 0.0, 1.0],
                [0.997848, 0.04924, -0.043296, 0.0, -0.039893, 0.979974, 0.195089, 0.3, 0.052036, -0.192942, 0.979829, -0.0, 0.0, 0.0, 0.0, 1.0],
                [0.999771, -0.021411, -0.000206, 0.0, 0.021411, 0.999586, 0.019225, 0.3, -0.000206, -0.019225, 0.999815, -0.0, 0.0, 0.0, 0.0, 1.0],
                [0.999771, -0.021411, -0.000206, 0.0, 0.021411, 0.999586, 0.019225, 0.3, -0.000206, -0.019225, 0.999815, -0.0, 0.0, 0.0, 0.0, 1.0]
            ]
        },
        {
            "name": "Head",
            "time": [0.0, 0.05, 0.1333, 0.2, 0.6833, 1.0],
            "transform": [
                [0.957656, 0.008253, -0.287796, -0.0, 0.004228, 0.999078, 0.042721, 0.4, 0.287884, -0.042129, 0.956738, -0.0, 0.0, 0.0, 0.0, 1.0],
                [0.957656, 0.008253, -0.287796, -0.0, 0.004228, 0.999078, 0.042721, 0.4, 0.287884, -0.042129, 0.956738, 0.0, 0.0, 0.0, 0.0, 1.0],
                [0.917849, -0.003299, 0.396917, 0.0, 0.043077, 0.994887, -0.091344, 0.4, -0.394586, 0.100938, 0.913298, 0.0, 0.0, 0.0, 0.0, 1.0],
                [0.370052, 0.006523, 0.928989, 0.0, 0.175494, 0.981481, -0.076797, 0.4, -0.912285, 0.19145, 0.362054, 0.0, 0.0, 0.0, 0.0, 1.0],
                [0.856172, 0.028016, 0.51593, -0.0, -0.022953, 0.999605, -0.016191, 0.4, -0.51618, 0.00202, 0.856477, 0.0, 0.0, 0.0, 0.0, 1.0],
                [0.856172, 0.028016, 0.51593, -0.0, -0.022953, 0.999605, -0.016191, 0.4, -0.51618, 0.00202, 0.856477, 0.0, 0.0, 0.0, 0.0, 1.0]
            ]
        },
        {
            "name": "Shoulder_R",
            "time": [0.0, 0.05, 0.1333, 0.2, 0.6833, 1.0],
            "transform": [
                [0.815643, 0.527472, 0.237695, -0.0, -0.04621, -0.350135, 0.935559, 0.4, 0.576707, -0.774066, -0.261211, -0.0, 0.0, 0.0, 0.0, 1.0],
                [0.858636, 0.466797, 0.211765, -0.0, -0.109912, -0.235854, 0.965553, 0.4, 0.500663, -0.852334, -0.151207, 0.0, 0.0, 0.0, 0.0, 1.0],
                [0.082138, 0.914294, 0.396635, 0.0, -0.018396, -0.396521, 0.917841, 0.4, 0.996451, -0.082686, -0.015751, 0.0, 0.0, 0.0, 0.0, 1.0],
                [-0.489965, 0.792221, 0.363758, 0.0, 0.018937, -0.407505, 0.913006, 0.4, 0.871536, 0.454229, 0.184661, 0.0, 0.0, 0.0, 0.0, 1.0],
                [0.089555, 0.949274, 0.301428, -0.0, -0.003658, -0.302329, 0.953197, 0.4, 0.995975, -0.086466, -0.023602, 0.0, 0.0, 0.0, 0.0, 1.0],
                [0.089555, 0.949274, 0.301428, -0.0, -0.003658, -0.302329, 0.953197, 0.4, 0.995975, -0.086466, -0.023602, 0.0, 0.0, 0.0, 0.0, 1.0]
            ]
        },
        {
            "name": "Arm_R",
            "time": [0.0, 0.05, 0.0833, 0.1333, 0.2, 0.6833, 1.0],
            "transform": [
                [0.278603, -0.922547, -0.266996, 0.0, 0.031268, 0.286569, -0.957549, 0.393861, 0.959897, 0.258428, 0.108685, 0.0, 0.0, 0.0, 0.0, 1.0],
                [0.278603, -0.922547, -0.266996, -0.0, 0.031268, 0.286569, -0.957549, 0.39386, 0.959897, 0.258428, 0.108685, -0.0, 0.0, 0.0, 0.0, 1.0],
                [0.315724, -0.620429, -0.717904, -0.0, 0.030075, 0.762767, -0.645974, 0.393861, 0.948374, 0.182358, 0.259483, 0.0, 0.0, 0.0, 0.0, 1.0],
                [0.412701, -0.048652, -0.909566, -0.0, -0.014928, 0.998077, -0.06016, 0.39386, 0.910744, 0.038406, 0.411181, 0.0, 0.0, 0.0, 0.0, 1.0],
                [0.412899, -0.029965, -0.910284, -0.0, -0.077764, 0.994649, -0.068015, 0.39386, 0.907451, 0.098871, 0.40836, -0.0, 0.0, 0.0, 0.0, 1.0],
                [0.023318, 0.148409, -0.988651, 0.0, 0.946666, 0.314619, 0.069557, 0.393861, 0.321372, -0.937544, -0.133158, 0.0, 0.0, 0.0, 0.0, 1.0],
                [0.023318, 0.148409, -0.988651, 0.0, 0.946666, 0.314619, 0.069557, 0.393861, 0.321372, -0.937544, -0.133158, 0.0, 0.0, 0.0, 0.0, 1.0]
            ]
        },
        {
            "name": "Hand_R",
            "time": [0.0, 0.05, 0.0833, 0.1333, 0.2, 0.6833, 1.0],
            "transform": [
                [0.999999, -0.000792, 0.001084, 0.0, 0.001342, 0.587185, -0.809452, 0.3, 4e-06, 0.809453, 0.587185, 0.0, 0.0, 0.0, 0.0, 1.0],
                [0.999999, -0.000792, 0.001084, 0.0, 0.001342, 0.587185, -0.809452, 0.3, 4e-06, 0.809453, 0.587185, -0.0, 0.0, 0.0, 0.0, 1.0],
                [0.999999, -0.001188, 1.5e-05, 0.0, 0.001188, 0.999994, -0.003296, 0.3, -1.1e-05, 0.003296, 0.999995, 0.0, 0.0, 0.0, 0.0, 1.0],
                [1.0, -0.000603, 0.000296, -0.0, 0.00067, 0.868134, -0.49633, 0.3, 4.3e-05, 0.49633, 0.868134, -0.0, 0.0, 0.0, 0.0, 1.0],
                [1.0, -0.000227, -0.000181, 0.0, 0.000181, 0.974422, -0.224726, 0.3, 0.000227, 0.224726, 0.974422, -0.0, 0.0, 0.0, 0.0, 1.0],
                [1.0, -1e-06, -0.000248, -0.0, -0.000199, 0.592067, -0.805889, 0.3, 0.000148, 0.805889, 0.592067, 0.0, 0.0, 0.0, 0.0, 1.0],
                [1.0, -1e-06, -0.000248, -0.0, -0.000199, 0.592067, -0.805889, 0.3, 0.000148, 0.805889, 0.592067, 0.0, 0.0, 0.0, 0.0, 1.0]
            ]
        },
        {
            "name": "Tool_R",
            "time": [0.0, 0.05, 0.0833, 0.1333, 0.2, 0.6833, 1.0],
            "transform": [
                [0.998753, -0.023062, 0.044282, -0.029795, 0.013117, -0.734576, -0.6784, 0.271987, 0.048146, 0.677725, -0.73293, 0.034653, 0.0, 0.0, 0.0, 1.0],
                [0.998753, -0.023062, 0.044282, -0.029795, 0.013117, -0.734576, -0.6784, 0.271987, 0.048146, 0.677725, -0.73293, 0.034653, 0.0, 0.0, 0.0, 1.0],
                [0.998761, -0.037393, 0.03284, -0.025617, 0.017404, -0.355778, -0.934409, 0.272109, 0.046596, 0.933266, -0.354487, 0.029794, 0.0, 0.0, 0.0, 1.0],
                [0.998657, -0.006512, 0.051412, -0.012199, 0.031057, -0.718977, -0.694339, 0.272501, 0.041461, 0.694584, -0.717392, 0.014188, 0.0, 0.0, 0.0, 1.0],
                [0.998387, 0.004865, 0.056567, -0.0, 0.043399, -0.707774, -0.705105, 0.272858, 0.036585, 0.705997, -0.706432, -0.0, 0.0, 0.0, 0.0, 1.0],
                [0.999995, 0.000849, -0.003177, -0.0, 0.000195, -0.979715, -0.200396, 0.272858, -0.003281, 0.200265, -0.979132, 0.0, 0.0, 0.0, 0.0, 1.0],
                [0.999995, 0.000849, -0.003177, -0.0, 0.000195, -0.979715, -0.200396, 0.272858, -0.003281, 0.200265, -0.979132, 0.0, 0.0, 0.0, 0.0, 1.0]
            ]
        },
        {
            "name": "Elbow_R",
            "time": [0.0, 0.05, 0.0833, 0.1333, 0.2, 0.6833, 1.0],
            "transform": [
                [-1.0, 0.0, -0.0, 0.0, 0.0, -0.0, -1.0, 0.394019, -0.0, -1.0, 0.0, 0.0, 0.0, 0.0, 0.0, 1.0],
                [-1.0, 0.0, -0.0, 0.0, 0.0, -0.0, -1.0, 0.394019, -0.0, -1.0, 0.0, -0.0, 0.0, 0.0, 0.0, 1.0],
                [-1.0, 0.0, -0.0, 0.0, 0.0, -0.0, -1.0, 0.3, -0.0, -1.0, 0.0, 0.0, 0.0, 0.0, 0.0, 1.0],
                [-1.0, 0.0, 0.0, -0.0, 0.0, -0.0, -1.0, 0.364287, -0.0, -1.0, 0.0, -0.0, 0.0, 0.0, 0.0, 1.0],
                [-1.0, 0.0, -0.0, 0.0, 0.0, -0.0, -1.0, 0.343673, -0.0, -1.0, 0.0, -0.0, 0.0, 0.0, 0.0, 1.0],
                [-1.0, 0.0, -0.0, -0.0, 0.0, -0.0, -1.0, 0.394019, -0.0, -1.0, 0.0, -0.0, 0.0, 0.0, 0.0, 1.0],
                [-1.0, 0.0, -0.0, -0.0, 0.0, -0.0, -1.0, 0.394019, -0.0, -1.0, 0.0, -0.0, 0.0, 0.0, 0.0, 1.0]
            ]
        },
        {
            "name": "Shoulder_L",
            "time": [0.0, 0.05, 0.1333, 0.2, 0.6833, 1.0],
            "transform": [
                [-0.422541, -0.873952, -0.240139, -0.0, 0.012978, -0.270761, 0.962559, 0.4, -0.906251, 0.403604, 0.12575, -0.0, 0.0, 0.0, 0.0, 1.0],
                [-0.422541, -0.873952, -0.240139, -0.0, 0.012978, -0.270761, 0.962559, 0.4, -0.906251, 0.403604, 0.12575, 0.0, 0.0, 0.0, 0.0, 1.0],
                [-0.187741, -0.939947, -0.285049, 0.0, 0.003884, -0.290918, 0.95674, 0.4, -0.982211, 0.178513, 0.058268, 0.0, 0.0, 0.0, 0.0, 1.0],
                [-0.0, -0.952114, -0.305743, 0.0, 0.0, -0.305743, 0.952114, 0.4, -1.0, 0.0, 0.0, 0.0, 0.0, 0.0, 0.0, 1.0],
                [0.088499, -0.949454, -0.301172, -0.0, -0.003901, -0.302687, 0.953082, 0.4, -0.996068, -0.083172, -0.030491, 0.0, 0.0, 0.0, 0.0, 1.0],
                [0.088499, -0.949454, -0.301172, -0.0, -0.003901, -0.302687, 0.953082, 0.4, -0.996068, -0.083172, -0.030491, 0.0, 0.0, 0.0, 0.0, 1.0]
            ]
        },
        {
            "name": "Arm_L",
            "time": [0.0, 0.05, 0.1333, 0.2, 0.6833, 1.0],
            "transform": [
                [0.085272, -0.701773, 0.707279, 0.0, -0.637138, 0.50735, 0.580216, 0.39386, -0.766018, -0.500111, -0.403864, 0.0, 0.0, 0.0, 0.0, 1.0],
                [0.085272, -0.701773, 0.707279, 0.0, -0.637138, 0.50735, 0.580216, 0.39386, -0.766018, -0.500111, -0.403864, 0.0, 0.0, 0.0, 0.0, 1.0],
                [0.158756, -0.253563, 0.954202, -0.0, -0.308987, 0.905152, 0.291937, 0.39386, -0.937722, -0.341183, 0.065351, 0.0, 0.0, 0.0, 0.0, 1.0],
                [0.300502, 0.077313, 0.950643, -0.0, -0.094979, 0.99418, -0.050831, 0.39386, -0.94904, -0.075016, 0.306096, 0.0, 0.0, 0.0, 0.0, 1.0],
                [0.153187, -0.278822, 0.948046, -0.0, -0.916751, 0.318059, 0.241673, 0.39386, -0.368919, -0.906144, -0.206888, 0.0, 0.0, 0.0, 0.0, 1.0],
                [0.153187, -0.278822, 0.948046, -0.0, -0.916751, 0.318059, 0.241673, 0.39386, -0.368919, -0.906144, -0.206888, 0.0, 0.0, 0.0, 0.0, 1.0]
            ]
        },
        {
            "name": "Hand_L",
            "time": [0.0, 0.05, 0.1333, 0.2, 0.6833, 1.0],
            "transform": [
                [1.0, -0.000202, -0.000109, 0.0, 6.3e-05, 0.698038, -0.716061, 0.3, 0.00022, 0.716061, 0.698038, 0.0, 0.0, 0.0, 0.0, 1.0],
                [1.0, -0.000202, -0.000109, 0.0, 6.3e-05, 0.698038, -0.716061, 0.3, 0.00022, 0.716061, 0.698038, 0.0, 0.0, 0.0, 0.0, 1.0],
                [1.0, -0.000319, 0.000696, 0.0, 0.000745, 0.612403, -0.790545, 0.3, -0.000174, 0.790546, 0.612403, 0.0, 0.0, 0.0, 0.0, 1.0],
                [0.999999, -0.000268, 0.001387, -0.0, 0.001306, 0.54835, -0.836248, 0.3, -0.000537, 0.836249, 0.54835, 0.0, 0.0, 0.0, 0.0, 1.0],
                [0.999998, 0.000124, 0.00193, 0.0, 0.001237, 0.726094, -0.687595, 0.3, -0.001487, 0.687596, 0.726092, -0.0, 0.0, 0.0, 0.0, 1.0],
                [0.999998, 0.000124, 0.00193, 0.0, 0.001237, 0.726094, -0.687595, 0.3, -0.001487, 0.687596, 0.726092, -0.0, 0.0, 0.0, 0.0, 1.0]
            ]
        },
        {
            "name": "Tool_L",
            "time": [0.0, 0.05, 0.1333, 0.2, 0.6833, 1.0],
            "transform": [
                [1.0, 0.0, 0.0, 0.0, 0.0, -0.999836, 0.018122, 0.272858, 0.0, -0.018122, -0.999247, 0.0, 0.0, 0.0, 0.0, 1.0],
                [1.0, 0.0, 0.0, 0.0, 0.0, -0.999835, 0.018122, 0.272858, 0.0, -0.018122, -0.999247, -0.0, 0.0, 0.0, 0.0, 1.0],
                [1.0, 0.0, 0.0, 0.0, 0.0, -0.999836, 0.018122, 0.272858, 0.0, -0.018122, -0.999247, 0.0, 0.0, 0.0, 0.0, 1.0],
                [1.0, 0.0, 0.0, -0.0, 0.0, -0.999836, 0.018122, 0.272858, 0.0, -0.018122, -0.999248, -0.0, 0.0, 0.0, 0.0, 1.0],
                [1.0, -0.0, 0.0, -0.0, 0.0, -0.999835, 0.018122, 0.272858, 0.0, -0.018122, -0.999248, -0.0, 0.0, 0.0, 0.0, 1.0],
                [1.0, -0.0, 0.0, -0.0, 0.0, -0.999835, 0.018122, 0.272858, 0.0, -0.018122, -0.999248, -0.0, 0.0, 0.0, 0.0, 1.0]
            ]
        },
        {
            "name": "Elbow_L",
            "time": [0.0, 0.05, 0.1333, 0.2, 0.6833, 1.0],
            "transform": [
                [-1.0, 0.0, -0.0, 0.0, 0.0, -0.0, -1.0, 0.38674, -0.0, -1.0, 0.0, 0.0, 0.0, 0.0, 0.0, 1.0],
                [-1.0, 0.0, -0.0, 0.0, 0.0, -0.0, -1.0, 0.38674, -0.0, -1.0, 0.0, 0.0, 0.0, 0.0, 0.0, 1.0],
                [-1.0, 0.0, -0.0, 0.0, 0.0, -0.0, -1.0, 0.393288, -0.0, -1.0, -0.0, 0.0, 0.0, 0.0, 0.0, 1.0],
                [-1.0, 0.0, 0.0, -0.0, 0.0, -0.0, -1.0, 0.397828, -0.0, -1.0, -0.0, -0.0, 0.0, 0.0, 0.0, 1.0],
                [-1.0, 0.0, -0.0, 0.0, 0.0, -0.0, -1.0, 0.380371, -0.0, -1.0, -0.0, -0.0, 0.0, 0.0, 0.0, 1.0],
                [-1.0, 0.0, -0.0, 0.0, 0.0, -0.0, -1.0, 0.380371, -0.0, -1.0, -0.0, -0.0, 0.0, 0.0, 0.0, 1.0]
            ]
        }
    ]
}