{
    "animation": [
        {
            "name": "Root",
            "time": [0.0, 0.0833, 0.15, 0.4167, 0.6833, 1.0],
            "transform": [
                [0.496216, 0.0, -0.868199, -5e-06, -0.868199, 0.0, -0.496216, 0.000946, 0.0, 1.0, 0.0, 0.713487, 0.0, 0.0, 0.0, 1.0],
                [0.974442, 0.0, 0.224638, -5e-06, 0.224638, 0.0, -0.974442, 0.760684, 0.0, 1.0, 0.0, 0.759871, 0.0, 0.0, 0.0, 1.0],
                [0.19346, 0.0, 0.981108, -5e-06, 0.981108, 0.0, -0.19346, 1.288323, 0.0, 1.0, 0.0, 0.707689, 0.0, 0.0, 0.0, 1.0],
                [0.965691, 0.0, 0.259694, -5e-06, 0.259694, 0.0, -0.965691, 1.290643, 0.0, 1.0, 0.0, 0.723034, 0.0, 0.0, 0.0, 1.0],
                [0.854689, 0.0, -0.51914, -5e-06, -0.51914, 0.0, -0.854689, 1.290974, 0.0, 1.0, 0.0, 0.738379, 0.0, 0.0, 0.0, 1.0],
                [0.854689, 0.0, -0.51914, -5e-06, -0.51914, 0.0, -0.854689, 1.290974, 0.0, 1.0, 0.0, 0.738379, 0.0, 0.0, 0.0, 1.0]
            ]
        },
        {
            "name": "Thigh_R",
            "time": [0.0, 0.0833, 0.15, 0.4167, 0.6833, 1.0],
            "transform": [
                [0.980048, 0.159949, -0.117992, 0.124994, 0.188553, -0.935968, 0.297335, -0.002831, -0.062878, -0.313649, -0.947455, -1.2e-05, 0.0, 0.0, 0.0, 1.0],
                [0.858649, 0.377398, 0.346831, 0.124994, 0.133034, -0.817559, 0.560264, -0.002831, 0.494998, -0.434929, -0.752205, -1.2e-05, 0.0, 0.0, 0.0, 1.0],
                [0.237409, 0.476372, 0.846585, 0.124994, 0.039088, -0.875478, 0.481671, -0.002831, 0.970623, -0.081261, -0.226467, -1.2e-05, 0.0, 0.0, 0.0, 1.0],
                [0.96514, 0.113868, 0.235663, 0.124994, 0.017302, -0.926189, 0.376658, -0.002831, 0.261158, -0.359449, -0.895875, -1.2e-05, 0.0, 0.0, 0.0, 1.0],
                [0.992718, 0.082939, -0.087356, 0.124994, 0.099696, -0.972732, 0.2094, -0.002831, -0.067607, -0.216583, -0.973921, -1.2e-05, 0.0, 0.0, 0.0, 1.0],
                [0.992718, 0.082939, -0.087356, 0.124994, 0.099696, -0.972732, 0.2094, -0.002831, -0.067607, -0.216583, -0.973921, -1.2e-05, 0.0, 0.0, 0.0, 1.0]
            ]
        },
        {
            "name": "Leg_R",
            "time": [0.0, 0.0833, 0.15, 0.4167, 0.6833, 1.0],
            "transform": [
                [1.0, -1e-06, 1e-06, -0.0, -0.0, 0.846927, 0.531709, 0.37472, -1e-06, -0.53171, 0.846926, 0.0, 0.0, 0.0, 0.0, 1.0],
                [0.999998, 0.001819, 0.000254, 0.0, -0.00071, 0.255108, 0.966912, 0.37472, 0.001694, -0.966912, 0.255108, -0.0, 0.0, 0.0, 0.0, 1.0],
                [1.0, 0.0, 1e-06, -0.0, -1e-06, 0.876749, 0.480949, 0.37472, -0.0, -0.48095, 0.876748, 0.0, 0.0, 0.0, 0.0, 1.0],
                [1.0, -0.0, 1e-06, 0.0, -0.0, 0.819226, 0.573471, 0.37472, -1e-06, -0.573472, 0.819225, -0.0, 0.0, 0.0, 0.0, 1.0],
                [1.0, -0.0, 1e-06, -0.0, 0.0, 0.878065, 0.478543, 0.37472, -1e-06, -0.478544, 0.878063, -0.0, 0.0, 0.0, 0.0, 1.0],
                [1.0, -0.0, 1e-06, -0.0, 0.0, 0.878065, 0.478543, 0.37472, -1e-06, -0.478544, 0.878063, -0.0, 0.0, 0.0, 0.0, 1.0]
            ]
        },
        {
            "name": "Knee_R",
            "time": [0.0, 0.0833, 0.15, 0.4167, 0.6833, 1.0],
            "transform": [
                [1.0, 0.0, -0.0, -0.0, -0.0, 1e-06, -1.0, 0.391491, -0.0, 1.0, 1e-06, 0.0, 0.0, 0.0, 0.0, 1.0],
                [1.0, 0.0, -0.0, -0.000102, -0.0, 1e-06, -1.0, 0.453861, -0.0, 1.0, 1e-06, -0.003305, 0.0, 0.0, 0.0, 1.0],
                [1.0, 0.0, -0.0, 0.0, -0.0, 1e-06, -1.0, 0.386949, -0.0, 1.0, 1e-06, 0.0, 0.0, 0.0, 0.0, 1.0],
                [1.0, 0.0, -0.0, 0.0, -0.0, 1e-06, -1.0, 0.362947, -0.0, 1.0, 1e-06, -0.0, 0.0, 0.0, 0.0, 1.0],
                [1.0, 0.0, -0.0, -0.0, -0.0, 1e-06, -1.0, 0.38625, -0.0, 1.0, 1e-06, -0.0, 0.0, 0.0, 0.0, 1.0],
                [1.0, 0.0, -0.0, -0.0, -0.0, 1e-06, -1.0, 0.38625, -0.0, 1.0, 1e-06, -0.0, 0.0, 0.0, 0.0, 1.0]
            ]
        },
        {
            "name": "Thigh_L",
            "time": [0.0, 0.0833, 0.15, 0.4167, 0.6833, 1.0],
            "transform": [
                [0.483043, -0.431538, -0.761869, -0.125006, 0.025714, -0.862747, 0.504981, -0.002831, -0.875219, -0.263518, -0.405648, -1.2e-05, 0.0, 0.0, 0.0, 1.0],
                [0.974611, 0.010332, 0.223665, -0.125006, -0.002009, -0.998491, 0.054881, -0.002831, 0.223894, -0.053937, -0.97312, -1.2e-05, 0.0, 0.0, 0.0, 1.0],
                [0.945631, -0.275827, 0.17234, -0.125006, -0.314124, -0.911904, 0.264115, -0.002831, 0.084308, -0.303891, -0.948969, -1.2e-05, 0.0, 0.0, 0.0, 1.0],
                [0.966735, 0.114604, 0.228668, -0.125006, -0.004613, -0.886047, 0.463571, -0.002831, 0.255738, -0.449205, -0.856045, -1.2e-05, 0.0, 0.0, 0.0, 1.0],
                [0.866796, -0.209848, -0.452359, -0.125006, -0.029883, -0.927373, 0.372943, -0.002831, -0.497766, -0.309747, -0.810114, -1.2e-05, 0.0, 0.0, 0.0, 1.0],
                [0.866796, -0.209848, -0.452359, -0.125006, -0.029883, -0.927373, 0.372943, -0.002831, -0.497766, -0.309747, -0.810114, -1.2e-05, 0.0, 0.0, 0.0, 1.0]
            ]
        },
        {
            "name": "Leg_L",
            "time": [0.0, 0.0833, 0.15, 0.4167, 0.6833, 1.0],
            "transform": [
                [1.0, -1e-06, 1e-06, -0.0, 0.0, 0.830652, 0.556792, 0.37472, -1e-06, -0.556791, 0.830652, 0.0, 0.0, 0.0, 0.0, 1.0],
                [1.0, 0.000421, -0.000537, 0.0, -0.000308, 0.980525, 0.196395, 0.37472, 0.000609, -0.196394, 0.980525, 0.0, 0.0, 0.0, 0.0, 1.0],
                [1.0, -1e-06, 1e-06, 0.0, -0.0, 0.893106, 0.449847, 0.37472, -2e-06, -0.449847, 0.893106, -0.0, 0.0, 0.0, 0.0, 1.0],
                [1.0, -0.0, 1e-06, 0.0, -0.0, 0.880009, 0.474956, 0.37472, -1e-06, -0.474955, 0.88001, -0.0, 0.0, 0.0, 0.0, 1.0],
                [1.0, -1e-06, 1e-06, -0.0, 0.0, 0.925976, 0.377581, 0.37472, -1e-06, -0.377581, 0.925977, 0.0, 0.0, 0.0, 0.0, 1.0],
                [1.0, -1e-06, 1e-06, -0.0, 0.0, 0.925976, 0.377581, 0.37472, -1e-06, -0.377581, 0.925977, 0.0, 0.0, 0.0, 0.0, 1.0]
            ]
        },
        {
            "name": "Knee_L",
            "time": [0.0, 0.0833, 0.15, 0.4167, 0.6833, 1.0],
            "transform": [
                [1.0, 0.0, -0.0, -0.0, -0.0, 1e-06, -1.0, 0.391491, -0.0, 1.0, 1e-06, 0.0, 0.0, 0.0, 0.0, 1.0],
                [1.0, 0.0, -0.0, 0.0, -0.0, 1e-06, -1.0, 0.37472, -0.0, 1.0, 1e-06, 0.0, 0.0, 0.0, 0.0, 1.0],
                [1.0, 0.0, -0.0, 0.0, -0.0, 1e-06, -1.0, 0.385202, -0.0, 1.0, 1e-06, -0.0, 0.0, 0.0, 0.0, 1.0],
                [1.0, 0.0, -0.0, 0.0, -0.0, 1e-06, -1.0, 0.393558, -0.0, 1.0, 1e-06, -0.0, 0.0, 0.0, 0.0, 1.0],
                [1.0, 0.0, -0.0, -0.0, -0.0, 1e-06, -1.0, 0.378913, -0.0, 1.0, 1e-06, 0.0, 0.0, 0.0, 0.0, 1.0],
                [1.0, 0.0, -0.0, -0.0, -0.0, 1e-06, -1.0, 0.378913, -0.0, 1.0, 1e-06, 0.0, 0.0, 0.0, 0.0, 1.0]
            ]
        },
        {
            "name": "Torso",
            "time": [0.0, 0.0833, 0.15, 0.4167, 0.6833, 1.0],
            "transform": [
                [0.99978, -0.020971, -0.000197, 0.0, 0.020971, 0.999603, 0.018833, 0.05, -0.000198, -0.018833, 0.999823, 0.0, 0.0, 0.0, 0.0, 1.0],
                [0.99978, -0.020971, -0.000197, -0.0, 0.020971, 0.999603, 0.01883, 0.05, -0.000198, -0.01883, 0.999823, -0.0, 0.0, 0.0, 0.0, 1.0],
                [0.99978, -0.020971, -0.000197, -0.0, 0.020971, 0.999603, 0.018827, 0.05, -0.000198, -0.018827, 0.999823, -0.0, 0.0, 0.0, 0.0, 1.0],
                [0.99978, -0.020971, -0.000197, -0.0, 0.020971, 0.999603, 0.018827, 0.05, -0.000198, -0.018827, 0.999823, -0.0, 0.0, 0.0, 0.0, 1.0],
                [0.99978, -0.020971, -0.000197, -0.0, 0.020971, 0.999603, 0.018833, 0.05, -0.000198, -0.018833, 0.999823, 0.0, 0.0, 0.0, 0.0, 1.0],
                [0.99978, -0.020971, -0.000197, -0.0, 0.020971, 0.999603, 0.018833, 0.05, -0.000198, -0.018833, 0.999823, 0.0, 0.0, 0.0, 0.0, 1.0]
            ]
        },
        {
            "name": "Chest",
            "time": [0.0, 0.0833, 0.15, 0.4167, 0.6833, 1.0],
            "transform": [
                [1.0, 0.000135, 0.000613, -0.0, -8.1e-05, 0.996168, -0.087463, 0.3, -0.000622, 0.087463, 0.996168, -0.0, 0.0, 0.0, 0.0, 1.0],
                [0.999205, 0.02721, -0.02912, -0.0, -0.020693, 0.97866, 0.204442, 0.3, 0.034061, -0.203677, 0.978445, 0.0, 0.0, 0.0, 0.0, 1.0],
                [0.997736, 0.050444, -0.044469, -0.0, -0.028625, 0.916967, 0.397934, 0.3, 0.06085, -0.39576, 0.916336, -0.0, 0.0, 0.0, 0.0, 1.0],
                [0.999589, 0.012369, -0.025862, -0.0, -0.006598, 0.977181, 0.212308, 0.3, 0.027898, -0.21205, 0.976861, 0.0, 0.0, 0.0, 0.0, 1.0],
                [0.999771, -0.021411, -0.000206, -0.0, 0.021411, 0.999586, 0.019222, 0.3, -0.000206, -0.019222, 0.999815, -0.0, 0.0, 0.0, 0.0, 1.0],
                [0.999771, -0.021411, -0.000206, -0.0, 0.021411, 0.999586, 0.019222, 0.3, -0.000206, -0.019222, 0.999815, -0.0, 0.0, 0.0, 0.0, 1.0]
            ]
        },
        {
            "name": "Head",
            "time": [0.0, 0.0833, 0.15, 0.4167, 0.6833, 1.0],
            "transform": [
                [0.518467, 0.068748, 0.85233, -0.0, -0.048683, 0.997519, -0.050845, 0.4, -0.853711, -0.015132, 0.520528, -0.0, 0.0, 0.0, 0.0, 1.0],
                [0.982154, 0.004524, -0.188023, 0.0, -0.045303, 0.975967, -0.213159, 0.4, 0.182539, 0.217873, 0.958755, 0.0, 0.0, 0.0, 0.0, 1.0],
                [0.493701, -0.024879, -0.869276, -0.0, -0.298163, 0.934159, -0.196077, 0.4, 0.81692, 0.355989, 0.453777, 0.0, 0.0, 0.0, 0.0, 1.0],
                [0.971111, 0.023479, -0.237469, -0.0, -0.065254, 0.983345, -0.169629, 0.4, 0.229531, 0.180225, 0.95647, -0.0, 0.0, 0.0, 0.0, 1.0],
                [0.856172, 0.028016, 0.51593, 0.0, -0.022953, 0.999605, -0.016191, 0.4, -0.51618, 0.00202, 0.856477, 0.0, 0.0, 0.0, 0.0, 1.0],
                [0.856172, 0.028016, 0.51593, 0.0, -0.022953, 0.999605, -0.016191, 0.4, -0.51618, 0.00202, 0.856477, 0.0, 0.0, 0.0, 0.0, 1.0]
            ]
        },
        {
            "name": "Shoulder_R",
            "time": [0.0, 0.0833, 0.15, 0.4167, 0.6833, 1.0],
            "transform": [
                [0.0, 0.952114, 0.305743, -0.0, 0.0, -0.305743, 0.952114, 0.4, 1.0, -0.0, -0.0, -0.0, 0.0, 0.0, 0.0, 1.0],
                [0.244676, 0.951156, 0.188244, 0.0, 0.015645, -0.197992, 0.980079, 0.4, 0.969479, -0.236856, -0.063324, 0.0, 0.0, 0.0, 0.0, 1.0],
                [0.404404, 0.909317, 0.097976, -0.0, 0.042213, -0.12557, 0.991186, 0.4, 0.913606, -0.396703, -0.089165, 0.0, 0.0, 0.0, 0.0, 1.0],
                [0.251462, 0.946274, 0.203305, -0.0, 0.011859, -0.213051, 0.976969, 0.4, 0.967794, -0.243259, -0.064796, -0.0, 0.0, 0.0, 0.0, 1.0],
                [0.089555, 0.949274, 0.301428, 0.0, -0.003658, -0.302329, 0.953197, 0.4, 0.995975, -0.086466, -0.023602, 0.0, 0.0, 0.0, 0.0, 1.0],
                [0.089555, 0.949274, 0.301428, 0.0, -0.003658, -0.302329, 0.953197, 0.4, 0.995975, -0.086466, -0.023602, 0.0, 0.0, 0.0, 0.0, 1.0]
            ]
        },
        {
            "name": "Arm_R",
            "time": [0.0, 0.0833, 0.15, 0.4167, 0.6833, 1.0],
            "transform": [
                [0.658387, -0.640509, 0.395317, 0.0, 0.741094, 0.643444, -0.191732, 0.39386, -0.131558, 0.4192, 0.898312, 0.0, 0.0, 0.0, 0.0, 1.0],
                [0.336082, -0.939703, 0.063302, 0.0, 0.927148, 0.318271, -0.197737, 0.393861, 0.165667, 0.125147, 0.978209, 0.0, 0.0, 0.0, 0.0, 1.0],
                [0.025656, -0.950066, -0.310993, 0.0, 0.957725, 0.11253, -0.264764, 0.393861, 0.286539, -0.291053, 0.912789, -0.0, 0.0, 0.0, 0.0, 1.0],
                [0.026617, -0.305475, -0.951828, 0.0, 0.950908, 0.301421, -0.070145, 0.393861, 0.308328, -0.903234, 0.298501, -0.0, 0.0, 0.0, 0.0, 1.0],
                [0.023318, 0.148409, -0.988651, 0.0, 0.946666, 0.31462, 0.069556, 0.393861, 0.321372, -0.937545, -0.133157, -0.0, 0.0, 0.0, 0.0, 1.0],
                [0.023318, 0.148409, -0.988651, 0.0, 0.946666, 0.31462, 0.069556, 0.393861, 0.321372, -0.937545, -0.133157, -0.0, 0.0, 0.0, 0.0, 1.0]
            ]
        },
        {
            "name": "Hand_R",
            "time": [0.0, 0.0833, 0.15, 0.4167, 0.6833, 1.0],
            "transform": [
                [0.999999, -0.000224, 0.001436, 0.0, 0.001294, 0.587174, -0.80946, 0.3, -0.000662, 0.809461, 0.587174, 0.0, 0.0, 0.0, 0.0, 1.0],
                [1.0, 0.000609, 5e-05, 0.0, -0.000504, 0.868176, -0.496256, 0.3, -0.000345, 0.496256, 0.868176, -0.0, 0.0, 0.0, 0.0, 1.0],
                [0.999999, 0.001488, -0.000648, 0.0, -0.001595, 0.974455, -0.224575, 0.3, 0.000298, 0.224576, 0.974456, -0.0, 0.0, 0.0, 0.0, 1.0],
                [0.999998, -0.001352, 0.001372, -0.0, 0.001884, 0.83538, -0.54967, 0.3, -0.000403, 0.549671, 0.835381, 0.0, 0.0, 0.0, 0.0, 1.0],
                [1.0, -0.000172, 0.000732, 0.0, 0.000692, 0.592074, -0.805884, 0.3, -0.000294, 0.805884, 0.592074, -0.0, 0.0, 0.0, 0.0, 1.0],
                [1.0, -0.000172, 0.000732, 0.0, 0.000692, 0.592074, -0.805884, 0.3, -0.000294, 0.805884, 0.592074, -0.0, 0.0, 0.0, 0.0, 1.0]
            ]
        },
        {
            "name": "Tool_R",
            "time": [0.0, 0.0833, 0.15, 0.4167, 0.6833, 1.0],
            "transform": [
                [-0.025066, 0.007781, -0.999656, -0.029795, 0.016209, -0.999835, -0.008189, 0.271987, -0.998963, -0.01641, 0.024921, 0.034653, 0.0, 0.0, 0.0, 1.0],
                [-0.035781, 0.475685, -0.878888, -0.012199, -0.015646, -0.87961, -0.475439, 0.272501, -0.998646, -0.003268, 0.038888, 0.014188, 0.0, 0.0, 0.0, 1.0],
                [0.014316, 0.747801, -0.663769, -0.0, -0.018282, -0.66353, -0.747927, 0.272858, -0.999139, 0.022821, 0.004162, -0.0, 0.0, 0.0, 0.0, 1.0],
                [0.791571, 0.41538, -0.448191, -0.0, 0.163619, -0.850735, -0.499479, 0.272858, -0.588415, 0.321841, -0.740948, -0.0, 0.0, 0.0, 0.0, 1.0],
                [0.999995, 0.000849, -0.003177, -0.0, 0.000195, -0.979715, -0.200396, 0.272858, -0.003281, 0.200265, -0.979132, 0.0, 0.0, 0.0, 0.0, 1.0],
                [0.999995, 0.000849, -0.003177, -0.0, 0.000195, -0.979715, -0.200396, 0.272858, -0.003281, 0.200265, -0.979132, 0.0, 0.0, 0.0, 0.0, 1.0]
            ]
        },
        {
            "name": "Elbow_R",
            "time": [0.0, 0.0833, 0.15, 0.4167, 0.6833, 1.0],
            "transform": [
                [-1.0, 0.0, -0.0, 0.0, 0.0, 0.0, -1.0, 0.398608, -0.0, -1.0, 0.0, 0.0, 0.0, 0.0, 0.0, 1.0],
                [-1.0, 0.0, -0.0, 0.0, 0.0, -0.0, -1.0, 0.365736, -0.0, -1.0, 0.0, -0.0, 0.0, 0.0, 0.0, 1.0],
                [-1.0, 0.0, -0.0, 0.0, 0.0, 0.0, -1.0, 0.342945, -0.0, -1.0, 0.0, -0.0, 0.0, 0.0, 0.0, 1.0],
                [-1.0, 0.0, -0.0, -0.0, 0.0, -0.0, -1.0, 0.366034, -0.0, -1.0, 0.0, -0.0, 0.0, 0.0, 0.0, 1.0],
                [-1.0, 0.0, -0.0, 0.0, 0.0, -0.0, -1.0, 0.395818, -0.0, -1.0, 0.0, -0.0, 0.0, 0.0, 0.0, 1.0],
                [-1.0, 0.0, -0.0, 0.0, 0.0, -0.0, -1.0, 0.395818, -0.0, -1.0, 0.0, -0.0, 0.0, 0.0, 0.0, 1.0]
            ]
        },
        {
            "name": "Shoulder_L",
            "time": [0.0, 0.0833, 0.15, 0.4167, 0.6833, 1.0],
            "transform": [
                [0.088499, -0.949454, -0.301172, -0.0, -0.003901, -0.302687, 0.953082, 0.4, -0.996069, -0.083172, -0.030491, -0.0, 0.0, 0.0, 0.0, 1.0],
                [-0.123185, -0.920583, -0.370611, 0.0, -0.007101, -0.372628, 0.927954, 0.4, -0.992358, 0.116942, 0.039365, 0.0, 0.0, 0.0, 0.0, 1.0],
                [-0.266691, -0.873099, -0.408135, -0.0, -0.018475, -0.418763, 0.907907, 0.4, -0.963605, 0.249671, 0.09555, 0.0, 0.0, 0.0, 0.0, 1.0],
                [-0.09079, -0.928117, -0.361049, -0.0, -0.005585, -0.362066, 0.932136, 0.4, -0.995854, 0.086645, 0.027689, -0.0, 0.0, 0.0, 0.0, 1.0],
                [0.088498, -0.949454, -0.301173, 0.0, -0.003899, -0.302687, 0.953082, 0.4, -0.996069, -0.083172, -0.030489, 0.0, 0.0, 0.0, 0.0, 1.0],
                [0.088498, -0.949454, -0.301173, 0.0, -0.003899, -0.302687, 0.953082, 0.4, -0.996069, -0.083172, -0.030489, 0.0, 0.0, 0.0, 0.0, 1.0]
            ]
        },
        {
            "name": "Arm_L",
            "time": [0.0, 0.0833, 0.15, 0.4167, 0.6833, 1.0],
            "transform": [
                [-0.285457, 0.458553, 0.841572, 0.0, -0.007573, 0.877002, -0.480426, 0.39386, -0.958361, -0.143514, -0.246874, -0.0, 0.0, 0.0, 0.0, 1.0],
                [0.076014, 0.093417, 0.992721, 0.0, -0.117703, 0.989481, -0.0841, 0.39386, -0.990135, -0.110453, 0.08621, 0.0, 0.0, 0.0, 0.0, 1.0],
                [0.311874, -0.200863, 0.928649, -0.0, -0.152215, 0.954211, 0.257511, 0.39386, -0.937852, -0.221665, 0.267019, 0.0, 0.0, 0.0, 0.0, 1.0],
                [0.208074, -0.299108, 0.931257, 0.0, -0.686566, 0.633464, 0.356862, 0.39386, -0.696658, -0.713623, -0.07355, 0.0, 0.0, 0.0, 0.0, 1.0],
                [0.153187, -0.278822, 0.948046, -0.0, -0.916751, 0.318059, 0.241672, 0.39386, -0.368919, -0.906143, -0.206888, 0.0, 0.0, 0.0, 0.0, 1.0],
                [0.153187, -0.278822, 0.948046, -0.0, -0.916751, 0.318059, 0.241672, 0.39386, -0.368919, -0.906143, -0.206888, 0.0, 0.0, 0.0, 0.0, 1.0]
            ]
        },
        {
            "name": "Hand_L",
            "time": [0.0, 0.0833, 0.15, 0.4167, 0.6833, 1.0],
            "transform": [
                [0.99999, -0.004386, 0.001009, -0.0, 0.003784, 0.698045, -0.716044, 0.3, 0.002436, 0.71604, 0.698054, 0.0, 0.0, 0.0, 0.0, 1.0],
                [0.999998, -0.001728, 0.000841, -0.0, 0.001915, 0.933536, -0.358479, 0.3, -0.000166, 0.35848, 0.933537, -0.0, 0.0, 0.0, 0.0, 1.0],
                [0.999999, 3.5e-05, 0.00139, -0.0, 6.1e-05, 0.99764, -0.068655, 0.3, -0.001389, 0.068655, 0.997639, 0.0, 0.0, 0.0, 0.0, 1.0],
                [0.999998, -0.001739, -9.1e-05, 0.0, 0.001556, 0.915812, -0.401604, 0.3, 0.000782, 0.401603, 0.915813, -0.0, 0.0, 0.0, 0.0, 1.0],
                [1.0, -0.000213, -0.000732, 0.0, -0.000349, 0.726055, -0.687636, 0.3, 0.000677, 0.687636, 0.726055, 0.0, 0.0, 0.0, 0.0, 1.0],
                [1.0, -0.000213, -0.000732, 0.0, -0.000349, 0.726055, -0.687636, 0.3, 0.000677, 0.687636, 0.726055, 0.0, 0.0, 0.0, 0.0, 1.0]
            ]
        },
        {
            "name": "Tool_L",
            "time": [0.0, 0.15, 0.4167, 0.6833, 1.0],
            "transform": [
                [1.0, 0.0, 0.0, -0.0, 0.0, -0.999836, 0.018122, 0.272858, 0.0, -0.018122, -0.999248, 0.0, 0.0, 0.0, 0.0, 1.0],
                [1.0, -0.0, 0.0, -0.0, 0.0, -0.999836, 0.018122, 0.272858, 0.0, -0.018122, -0.999248, 0.0, 0.0, 0.0, 0.0, 1.0],
                [1.0, 0.0, 0.0, 0.0, 0.0, -0.999836, 0.018122, 0.272858, 0.0, -0.018122, -0.999248, 0.0, 0.0, 0.0, 0.0, 1.0],
                [1.0, 0.0, 0.0, 0.0, 0.0, -0.999836, 0.018122, 0.272858, 0.0, -0.018122, -0.999248, 0.0, 0.0, 0.0, 0.0, 1.0],
                [1.0, 0.0, 0.0, 0.0, 0.0, -0.999836, 0.018122, 0.272858, 0.0, -0.018122, -0.999248, 0.0, 0.0, 0.0, 0.0, 1.0]
            ]
        },
        {
            "name": "Elbow_L",
            "time": [0.0, 0.0833, 0.15, 0.4167, 0.6833, 1.0],
            "transform": [
                [-1.0, 0.0, -0.0, -0.0, 0.0, -0.0, -1.0, 0.388045, -0.0, -1.0, -0.0, 0.0, 0.0, 0.0, 0.0, 1.0],
                [-1.0, 0.0, -0.0, 0.0, 0.0, -0.0, -1.0, 0.348945, -0.0, -1.0, -0.0, 0.0, 0.0, 0.0, 0.0, 1.0],
                [-1.0, 0.0, -0.0, -0.0, 0.0, 0.0, -1.0, 0.321837, -0.0, -1.0, 0.0, 0.0, 0.0, 0.0, 0.0, 1.0],
                [-1.0, 0.0, 0.0, -0.0, 0.0, -0.0, -1.0, 0.354504, -0.0, -1.0, -0.0, -0.0, 0.0, 0.0, 0.0, 1.0],
                [-1.0, 0.0, -0.0, 0.0, 0.0, -0.0, -1.0, 0.380796, -0.0, -1.0, -0.0, 0.0, 0.0, 0.0, 0.0, 1.0],
                [-1.0, 0.0, -0.0, 0.0, 0.0, -0.0, -1.0, 0.380796, -0.0, -1.0, -0.0, 0.0, 0.0, 0.0, 0.0, 1.0]
            ]
        }
    ]
}