{
    "animation": [
        {
            "name": "Root",
            "time": [0.0, 0.2333, 0.3833, 0.4333, 0.7333, 1.0],
            "transform": [
                [0.790306, -0.074771, -0.608133, -5e-06, -0.608677, 0.017909, -0.793216, 0.000946, 0.0702, 0.99704, -0.031358, 0.734042, 0.0, 0.0, 0.0, 1.0],
                [0.637937, -0.105503, -0.762827, -5e-06, -0.770088, -0.087502, -0.631908, 0.000946, -8e-05, 0.990562, -0.137067, 0.798422, 0.0, 0.0, 0.0, 1.0],
                [0.84441, -0.137284, 0.517808, -5e-06, 0.531215, 0.339371, -0.776297, 0.000946, -0.069156, 0.930581, 0.359496, 0.688972, 0.0, 0.0, 0.0, 1.0],
                [0.83814, -0.138236, 0.527647, -5e-06, 0.540549, 0.339947, -0.769573, 0.000946, -0.07299, 0.93023, 0.359646, 0.68802, 0.0, 0.0, 0.0, 1.0],
                [0.925879, -0.123627, 0.357021, -5e-06, 0.376756, 0.231255, -0.896982, 0.000946, 0.028328, 0.965007, 0.260691, 0.681653, 0.0, 0.0, 0.0, 1.0],
                [0.925879, -0.123627, 0.357021, -5e-06, 0.376756, 0.231255, -0.896982, 0.000946, 0.028328, 0.965007, 0.260691, 0.681653, 0.0, 0.0, 0.0, 1.0]
            ]
        },
        {
            "name": "Thigh_R",
            "time": [0.0, 0.2333, 0.3833, 0.4333, 0.7333, 1.0],
            "transform": [
                [0.982336, 0.179784, 0.051886, 0.124994, 0.187052, -0.935915, -0.298446, -0.002831, -0.005095, 0.30288, -0.953015, -1.2e-05, 0.0, 0.0, 0.0, 1.0],
                [0.927878, 0.369811, 0.047767, 0.124994, 0.357338, -0.845264, -0.397284, -0.002831, -0.106545, 0.3857, -0.916452, -1.2e-05, 0.0, 0.0, 0.0, 1.0],
                [0.865809, 0.108403, 0.488491, 0.160796, -0.055467, -0.949439, 0.309007, -0.01604, 0.49729, -0.294635, -0.816022, 0.032295, 0.0, 0.0, 0.0, 1.0],
                [0.863972, 0.108221, 0.491772, 0.161107, -0.058196, -0.948624, 0.311, -0.016155, 0.500164, -0.297314, -0.81329, 0.032576, 0.0, 0.0, 0.0, 1.0],
                [0.885409, 0.002762, 0.464804, 0.158877, -0.104339, -0.973279, 0.204542, -0.015332, 0.452949, -0.2296, -0.861464, 0.030563, 0.0, 0.0, 0.0, 1.0],
                [0.885409, 0.002762, 0.464804, 0.158877, -0.104339, -0.973279, 0.204542, -0.015332, 0.452949, -0.2296, -0.861464, 0.030563, 0.0, 0.0, 0.0, 1.0]
            ]
        },
        {
            "name": "Leg_R",
            "time": [0.0, 0.2333, 0.3833, 0.4333, 0.7333, 1.0],
            "transform": [
                [1.0, -8.2e-05, -0.000448, -0.0, 0.000118, 0.996771, 0.080306, 0.37472, 0.00044, -0.080307, 0.996769, 0.0, 0.0, 0.0, 0.0, 1.0],
                [1.0, -7.5e-05, -0.000852, 0.0, 0.000196, 0.989745, 0.14285, 0.37472, 0.000833, -0.14285, 0.989743, 0.0, 0.0, 0.0, 0.0, 1.0],
                [0.999975, 0.003147, -0.006347, -0.0, 0.002522, 0.67911, 0.734032, 0.37472, 0.00662, -0.73403, 0.679084, -0.0, 0.0, 0.0, 0.0, 1.0],
                [0.999975, 0.003184, -0.006379, 0.0, 0.002552, 0.675598, 0.737266, 0.37472, 0.006657, -0.737264, 0.675572, 0.0, 0.0, 0.0, 0.0, 1.0],
                [0.999977, 0.002884, -0.006118, 0.0, 0.002299, 0.705712, 0.708495, 0.37472, 0.006361, -0.708494, 0.705689, 0.0, 0.0, 0.0, 0.0, 1.0],
                [0.999977, 0.002884, -0.006118, 0.0, 0.002299, 0.705712, 0.708495, 0.37472, 0.006361, -0.708494, 0.705689, 0.0, 0.0, 0.0, 0.0, 1.0]
            ]
        },
        {
            "name": "Knee_R",
            "time": [0.0, 0.2333, 0.3833, 0.4333, 0.7333, 1.0],
            "transform": [
                [1.0, 0.0, -0.0, -0.0, -0.0, 1e-06, -1.0, 0.37472, -0.0, 1.0, 1e-06, 0.0, 0.0, 0.0, 0.0, 1.0],
                [1.0, 0.0, -0.0, 0.0, -0.0, 1e-06, -1.0, 0.37472, -0.0, 1.0, 1e-06, 0.0, 0.0, 0.0, 0.0, 1.0],
                [1.0, 0.0, -0.0, -0.000305, -0.0, 1e-06, -1.0, 0.409203, -0.0, 1.0, 1e-06, -0.000536, 0.0, 0.0, 0.0, 1.0],
                [1.0, 0.0, -0.0, -0.000307, -0.0, 1e-06, -1.0, 0.409503, -0.0, 1.0, 1e-06, -0.000541, 0.0, 0.0, 0.0, 1.0],
                [1.0, 0.0, -0.0, -0.000288, -0.0, 1e-06, -1.0, 0.407355, -0.0, 1.0, 1e-06, -0.000508, 0.0, 0.0, 0.0, 1.0],
                [1.0, 0.0, -0.0, -0.000288, -0.0, 1e-06, -1.0, 0.407355, -0.0, 1.0, 1e-06, -0.000508, 0.0, 0.0, 0.0, 1.0]
            ]
        },
        {
            "name": "Thigh_L",
            "time": [0.0, 0.2333, 0.3833, 0.4333, 0.7333, 1.0],
            "transform": [
                [0.786821, -0.192323, -0.586451, -0.14283, -0.105099, -0.978082, 0.179748, -0.002503, -0.608167, -0.079794, -0.789788, 0.025069, 0.0, 0.0, 0.0, 1.0],
                [0.64006, -0.07279, -0.764869, -0.149177, -0.116408, -0.993197, -0.002894, -0.00221, -0.759455, 0.09089, -0.644179, 0.034, 0.0, 0.0, 0.0, 1.0],
                [0.98502, -0.170629, 0.024924, -0.124659, -0.166656, -0.904871, 0.391706, 0.007336, -0.044283, -0.389991, -0.919753, -0.000446, 0.0, 0.0, 0.0, 1.0],
                [0.98502, -0.170629, 0.024924, -0.124659, -0.166656, -0.904871, 0.391706, 0.007336, -0.044283, -0.389991, -0.919753, -0.000446, 0.0, 0.0, 0.0, 1.0],
                [0.959852, -0.263849, -0.095229, -0.125973, -0.27367, -0.955339, -0.111499, 0.00682, -0.061557, 0.133084, -0.989191, 0.001401, 0.0, 0.0, 0.0, 1.0],
                [0.959852, -0.263849, -0.095229, -0.125973, -0.27367, -0.955339, -0.111499, 0.00682, -0.061557, 0.133084, -0.989191, 0.001401, 0.0, 0.0, 0.0, 1.0]
            ]
        },
        {
            "name": "Leg_L",
            "time": [0.0, 0.2333, 0.3833, 0.4333, 0.7333, 1.0],
            "transform": [
                [0.999997, 0.002011, -0.001137, 0.0, -0.001131, 0.855225, 0.518256, 0.37472, 0.002015, -0.518253, 0.855225, -0.0, 0.0, 0.0, 0.0, 1.0],
                [0.999995, 0.002846, -0.001265, 0.0, -0.001255, 0.739904, 0.672711, 0.37472, 0.00285, -0.672706, 0.739905, -0.0, 0.0, 0.0, 0.0, 1.0],
                [0.999995, 0.002837, -0.001264, 0.0, -0.001255, 0.741356, 0.671111, 0.37472, 0.002841, -0.671105, 0.741357, -0.0, 0.0, 0.0, 0.0, 1.0],
                [0.999995, 0.002837, -0.001264, -0.0, -0.001255, 0.741356, 0.671111, 0.37472, 0.002841, -0.671105, 0.741356, 0.0, 0.0, 0.0, 0.0, 1.0],
                [1.0, 0.000136, -0.00013, -0.0, -0.00013, 0.999046, 0.043653, 0.37472, 0.000136, -0.043653, 0.999047, 0.0, 0.0, 0.0, 0.0, 1.0],
                [1.0, 0.000136, -0.00013, -0.0, -0.00013, 0.999046, 0.043653, 0.37472, 0.000136, -0.043653, 0.999047, 0.0, 0.0, 0.0, 0.0, 1.0]
            ]
        },
        {
            "name": "Knee_L",
            "time": [0.0, 0.2333, 0.3833, 0.4333, 0.7333, 1.0],
            "transform": [
                [1.0, 0.0, -0.0, -4.9e-05, -0.0, 1e-06, -1.0, 0.387559, -0.0, 1.0, 1e-06, 0.000623, 0.0, 0.0, 0.0, 1.0],
                [1.0, 0.0, -0.0, -0.000104, -0.0, 1e-06, -1.0, 0.401049, -0.0, 1.0, 1e-06, 0.000859, 0.0, 0.0, 0.0, 1.0],
                [1.0, 0.0, -0.0, -0.000103, -0.0, 1e-06, -1.0, 0.400897, -0.0, 1.0, 1e-06, 0.000856, 0.0, 0.0, 0.0, 1.0],
                [1.0, 0.0, -0.0, -0.000103, -0.0, 1e-06, -1.0, 0.400897, -0.0, 1.0, 1e-06, 0.000856, 0.0, 0.0, 0.0, 1.0],
                [1.0, 0.0, -0.0, -0.0, -0.0, 1e-06, -1.0, 0.376911, -0.0, 1.0, 1e-06, 0.0, 0.0, 0.0, 0.0, 1.0],
                [1.0, 0.0, -0.0, -0.0, -0.0, 1e-06, -1.0, 0.376911, -0.0, 1.0, 1e-06, 0.0, 0.0, 0.0, 0.0, 1.0]
            ]
        },
        {
            "name": "Torso",
            "time": [0.0, 0.2333, 0.3833, 0.4333, 0.7333, 1.0],
            "transform": [
                [0.999984, -0.005683, -2.6e-05, 0.0, 0.005683, 0.999942, 0.009151, 0.05, -2.6e-05, -0.009151, 0.999958, 0.0, 0.0, 0.0, 0.0, 1.0],
                [0.999996, -0.002772, -6e-06, 0.0, 0.002772, 0.999986, 0.004463, 0.05, -6e-06, -0.004463, 0.99999, -0.0, 0.0, 0.0, 0.0, 1.0],
                [0.999905, -0.013761, -0.000152, 0.0, 0.013761, 0.99966, 0.022161, 0.05, -0.000153, -0.022161, 0.999754, 0.0, 0.0, 0.0, 0.0, 1.0],
                [0.999904, -0.013857, -0.000155, 0.0, 0.013857, 0.999655, 0.022315, 0.05, -0.000155, -0.022315, 0.999751, 0.0, 0.0, 0.0, 0.0, 1.0],
                [0.999913, -0.013172, -0.00014, 0.0, 0.013172, 0.999688, 0.021213, 0.05, -0.00014, -0.021213, 0.999775, -0.0, 0.0, 0.0, 0.0, 1.0],
                [0.999913, -0.013172, -0.00014, 0.0, 0.013172, 0.999688, 0.021213, 0.05, -0.00014, -0.021213, 0.999775, -0.0, 0.0, 0.0, 0.0, 1.0]
            ]
        },
        {
            "name": "Chest",
            "time": [0.0, 0.2333, 0.3833, 0.4333, 0.7333, 1.0],
            "transform": [
                [0.999968, -0.008043, -2.9e-05, -0.0, 0.008043, 0.999942, 0.007223, 0.3, -2.9e-05, -0.007223, 0.999974, 0.0, 0.0, 0.0, 0.0, 1.0],
                [0.999992, -0.003923, -7e-06, -0.0, 0.003923, 0.999986, 0.003523, 0.3, -7e-06, -0.003523, 0.999994, -0.0, 0.0, 0.0, 0.0, 1.0],
                [0.99981, -0.019477, -0.00017, 0.0, 0.019477, 0.999657, 0.017491, 0.3, -0.00017, -0.017491, 0.999847, -0.0, 0.0, 0.0, 0.0, 1.0],
                [0.999808, -0.019613, -0.000173, -0.0, 0.019613, 0.999653, 0.017612, 0.3, -0.000173, -0.017612, 0.999845, -0.0, 0.0, 0.0, 0.0, 1.0],
                [0.999826, -0.018644, -0.000156, 0.0, 0.018644, 0.999686, 0.016742, 0.3, -0.000156, -0.016742, 0.99986, 0.0, 0.0, 0.0, 0.0, 1.0],
                [0.999826, -0.018644, -0.000156, 0.0, 0.018644, 0.999686, 0.016742, 0.3, -0.000156, -0.016742, 0.99986, 0.0, 0.0, 0.0, 0.0, 1.0]
            ]
        },
        {
            "name": "Head",
            "time": [0.0, 0.2333, 0.3833, 0.4333, 0.7333, 1.0],
            "transform": [
                [0.788018, 0.088848, 0.609207, 0.0, -0.078632, 0.995952, -0.04354, 0.4, -0.61061, -0.013593, 0.791815, 0.0, 0.0, 0.0, 0.0, 1.0],
                [0.635315, -0.000512, 0.772253, 0.0, -0.107348, 0.990233, 0.088969, 0.4, -0.764755, -0.139423, 0.629055, -0.0, 0.0, 0.0, 0.0, 1.0],
                [0.836491, -0.054309, -0.545283, 0.0, -0.158344, 0.928673, -0.335402, 0.4, 0.524605, 0.366902, 0.768227, 0.0, 0.0, 0.0, 0.0, 1.0],
                [0.830427, -0.057349, -0.554168, -0.0, -0.159614, 0.928502, -0.335272, 0.4, 0.533774, 0.366872, 0.7619, 0.0, 0.0, 0.0, 0.0, 1.0],
                [0.919512, 0.067607, -0.387204, 0.0, -0.175881, 0.951744, -0.251495, 0.4, 0.351516, 0.299355, 0.88703, -0.0, 0.0, 0.0, 0.0, 1.0],
                [0.919512, 0.067607, -0.387204, 0.0, -0.175881, 0.951744, -0.251495, 0.4, 0.351516, 0.299355, 0.88703, -0.0, 0.0, 0.0, 0.0, 1.0]
            ]
        },
        {
            "name": "Shoulder_R",
            "time": [0.0, 0.2333, 0.3833, 0.4333, 0.7333, 1.0],
            "transform": [
                [-0.060001, 0.981451, 0.182082, 0.0, 0.0348, -0.180243, 0.983006, 0.4, 0.997591, 0.065318, -0.02334, 0.0, 0.0, 0.0, 0.0, 1.0],
                [-0.080104, 0.987212, 0.137825, 0.0, 0.055307, -0.133654, 0.989483, 0.4, 0.995251, 0.086884, -0.043893, -0.0, 0.0, 0.0, 0.0, 1.0],
                [0.489679, 0.833139, 0.257086, 0.0, 0.150426, -0.371161, 0.916303, 0.4, 0.858828, -0.410022, -0.307076, 0.0, 0.0, 0.0, 0.0, 1.0],
                [0.494058, 0.830438, 0.257448, -0.0, 0.150297, -0.37323, 0.915483, 0.4, 0.85634, -0.413608, -0.30921, 0.0, 0.0, 0.0, 0.0, 1.0],
                [0.0, 0.952114, 0.305743, 0.0, 0.0, -0.305743, 0.952114, 0.4, 1.0, 0.0, -0.0, -0.0, 0.0, 0.0, 0.0, 1.0],
                [0.0, 0.952114, 0.305743, 0.0, 0.0, -0.305743, 0.952114, 0.4, 1.0, 0.0, -0.0, -0.0, 0.0, 0.0, 0.0, 1.0]
            ]
        },
        {
            "name": "Arm_R",
            "time": [0.0, 0.2333, 0.3833, 0.4333, 0.7333, 1.0],
            "transform": [
                [0.71408, -0.498891, 0.491118, 0.0, 0.629169, 0.764969, -0.137728, 0.39386, -0.306979, 0.407345, 0.860136, 0.0, 0.0, 0.0, 0.0, 1.0],
                [0.477456, -0.079679, 0.875036, -0.0, 0.681717, 0.661895, -0.311702, 0.39386, -0.554346, 0.745351, 0.370344, -0.0, 0.0, 0.0, 0.0, 1.0],
                [0.681333, -0.713805, -0.162076, 0.0, 0.727027, 0.63423, 0.263031, 0.39386, -0.08496, -0.297045, 0.951076, 0.0, 0.0, 0.0, 0.0, 1.0],
                [0.678309, -0.69443, -0.240133, -0.0, 0.733434, 0.620143, 0.278383, 0.393861, -0.044401, -0.364952, 0.929967, -0.0, 0.0, 0.0, 0.0, 1.0],
                [0.429126, -0.045678, -0.902089, -0.0, 0.656799, 0.701375, 0.276926, 0.39386, 0.620054, -0.711327, 0.330979, 0.0, 0.0, 0.0, 0.0, 1.0],
                [0.429126, -0.045678, -0.902089, -0.0, 0.656799, 0.701375, 0.276926, 0.39386, 0.620054, -0.711327, 0.330979, 0.0, 0.0, 0.0, 0.0, 1.0]
            ]
        },
        {
            "name": "Hand_R",
            "time": [0.0, 0.2333, 0.3833, 0.4333, 0.7333, 1.0],
            "transform": [
                [0.999998, -0.001227, -0.001536, 0.0, -8.4e-05, 0.754145, -0.656708, 0.3, 0.001964, 0.656707, 0.754143, -0.0, 0.0, 0.0, 0.0, 1.0],
                [0.999997, -0.001749, -0.001957, 0.0, -0.000257, 0.676789, -0.736177, 0.3, 0.002612, 0.736175, 0.676786, -0.0, 0.0, 0.0, 0.0, 1.0],
                [1.0, -9e-05, -2.1e-05, -0.0, 9.2e-05, 0.994765, 0.10219, 0.3, 1.2e-05, -0.10219, 0.994765, -0.0, 0.0, 0.0, 0.0, 1.0],
                [1.0, 0.0, 0.0, 0.0, -0.0, 0.993938, 0.109947, 0.3, -0.0, -0.109947, 0.993937, -0.0, 0.0, 0.0, 0.0, 1.0],
                [0.999991, 0.000153, -0.004174, 0.0, -0.002907, 0.742929, -0.669365, 0.3, 0.002999, 0.669371, 0.742922, -0.0, 0.0, 0.0, 0.0, 1.0],
                [0.999991, 0.000153, -0.004174, 0.0, -0.002907, 0.742929, -0.669365, 0.3, 0.002999, 0.669371, 0.742922, -0.0, 0.0, 0.0, 0.0, 1.0]
            ]
        },
        {
            "name": "Tool_R",
            "time": [0.0, 0.2333, 0.3833, 0.4333, 0.7333, 1.0],
            "transform": [
                [1.0, 3.8e-05, -6.5e-05, 0.0, 3.7e-05, -0.999828, -0.018549, 0.272858, -6.5e-05, 0.018527, -0.999236, -0.0, 0.0, 0.0, 0.0, 1.0],
                [1.0, 5.5e-05, -0.000122, -0.0, 4.8e-05, -0.998682, -0.051322, 0.272858, -0.000125, 0.051281, -0.998092, 0.0, 0.0, 0.0, 0.0, 1.0],
                [0.99991, -0.008141, -0.010651, -0.0, -0.01336, -0.539107, -0.842131, 0.272858, 0.001113, 0.841694, -0.538857, -0.0, 0.0, 0.0, 0.0, 1.0],
                [0.999909, -0.008166, -0.010764, 0.0, -0.01346, -0.532817, -0.846123, 0.272858, 0.001174, 0.845684, -0.532572, 0.0, 0.0, 0.0, 0.0, 1.0],
                [1.0, 0.0, 0.0, -0.0, -0.0, -0.999836, 0.018122, 0.272858, 0.0, -0.018122, -0.999244, 0.0, 0.0, 0.0, 0.0, 1.0],
                [1.0, 0.0, 0.0, -0.0, -0.0, -0.999836, 0.018122, 0.272858, 0.0, -0.018122, -0.999244, 0.0, 0.0, 0.0, 0.0, 1.0]
            ]
        },
        {
            "name": "Elbow_R",
            "time": [0.0, 0.2333, 0.3833, 0.4333, 0.7333, 1.0],
            "transform": [
                [-1.0, 0.0, -0.0, 7e-06, 0.0, -0.0, -1.0, 0.361249, -0.0, -1.0, 0.0, -0.0009, 0.0, 0.0, 0.0, 1.0],
                [-1.0, 0.0, 0.0, 9e-06, 0.0, 0.0, -1.0, 0.383059, -0.0, -1.0, 0.0, -0.001221, 0.0, 0.0, 0.0, 1.0],
                [-1.0, 0.0, -0.0, 0.0, 0.0, 0.0, -1.0, 0.300716, -0.0, -1.0, 0.0, -1.1e-05, 0.0, 0.0, 0.0, 1.0],
                [-1.0, 0.0, -0.0, 0.0, 0.0, -0.0, -1.0, 0.3, -0.0, -1.0, 0.0, -0.0, 0.0, 0.0, 0.0, 1.0],
                [-1.0, 0.0, -0.0, 0.000324, -0.0, -0.0, -1.0, 0.372214, -0.0, -1.0, 0.0, -0.000833, 0.0, 0.0, 0.0, 1.0],
                [-1.0, 0.0, -0.0, 0.000324, -0.0, -0.0, -1.0, 0.372214, -0.0, -1.0, 0.0, -0.000833, 0.0, 0.0, 0.0, 1.0]
            ]
        },
        {
            "name": "Shoulder_L",
            "time": [0.0, 0.2333, 0.3833, 0.4333, 0.7333, 1.0],
            "transform": [
                [-0.049386, -0.951389, -0.304007, 0.0, 0.001016, -0.304426, 0.952535, 0.4, -0.998779, 0.046733, 0.016001, 0.0, 0.0, 0.0, 0.0, 1.0],
                [-0.024087, -0.951988, -0.305185, 0.0, 0.000484, -0.305285, 0.952261, 0.4, -0.99971, 0.022789, 0.007814, -0.0, 0.0, 0.0, 0.0, 1.0],
                [-0.298544, -0.895001, -0.331427, 0.0, -0.061159, -0.328609, 0.942484, 0.4, -0.952434, 0.301643, 0.043367, 0.0, 0.0, 0.0, 0.0, 1.0],
                [-0.300839, -0.894171, -0.331593, -0.0, -0.061717, -0.328717, 0.94241, 0.4, -0.951676, 0.303979, 0.043705, 0.0, 0.0, 0.0, 0.0, 1.0],
                [0.0, -0.952114, -0.305743, 0.0, 0.0, -0.305743, 0.952114, 0.4, -1.0, -0.0, 0.0, -0.0, 0.0, 0.0, 0.0, 1.0],
                [0.0, -0.952114, -0.305743, 0.0, 0.0, -0.305743, 0.952114, 0.4, -1.0, -0.0, 0.0, -0.0, 0.0, 0.0, 0.0, 1.0]
            ]
        },
        {
            "name": "Arm_L",
            "time": [0.0, 0.2333, 0.3833, 0.4333, 0.7333, 1.0],
            "transform": [
                [-0.145519, -0.04888, 0.988147, -0.0, -0.619807, 0.782993, -0.052543, 0.39386, -0.771144, -0.620106, -0.144237, -0.0, 0.0, 0.0, 0.0, 1.0],
                [-0.118983, 0.12728, 0.984704, -0.0, -0.45207, 0.876046, -0.167859, 0.39386, -0.884011, -0.465127, -0.046696, 0.0, 0.0, 0.0, 0.0, 1.0],
                [0.053898, -0.204265, 0.977431, -0.0, -0.427422, 0.879927, 0.207457, 0.39386, -0.902444, -0.428957, -0.039881, 0.0, 0.0, 0.0, 0.0, 1.0],
                [0.055304, -0.206989, 0.976779, 0.0, -0.427172, 0.87932, 0.210523, 0.39386, -0.902478, -0.428895, -0.03979, -0.0, 0.0, 0.0, 0.0, 1.0],
                [0.045378, -0.187413, 0.981233, 0.0, -0.430485, 0.882695, 0.188501, 0.39386, -0.901456, -0.43096, -0.040624, 0.0, 0.0, 0.0, 0.0, 1.0],
                [0.045378, -0.187413, 0.981233, 0.0, -0.430485, 0.882695, 0.188501, 0.39386, -0.901456, -0.43096, -0.040624, 0.0, 0.0, 0.0, 0.0, 1.0]
            ]
        },
        {
            "name": "Hand_L",
            "time": [0.0, 0.2333, 0.3833, 0.4333, 0.7333, 1.0],
            "transform": [
                [0.999996, 0.000561, 0.002842, 0.0, 0.001351, 0.777433, -0.628964, 0.3, -0.002562, 0.628966, 0.777429, 0.0, 0.0, 0.0, 0.0, 1.0],
                [0.999988, 0.001385, 0.004733, -0.0, 0.002447, 0.693972, -0.719998, 0.3, -0.004282, 0.720001, 0.69396, 0.0, 0.0, 0.0, 0.0, 1.0],
                [0.999766, 0.009184, 0.019572, 0.0, 0.009618, 0.621829, -0.783094, 0.3, -0.019362, 0.783099, 0.621595, -0.0, 0.0, 0.0, 0.0, 1.0],
                [0.999764, 0.00924, 0.019671, -0.0, 0.00967, 0.621445, -0.783398, 0.3, -0.019463, 0.783403, 0.621209, -0.0, 0.0, 0.0, 0.0, 1.0],
                [0.999785, 0.00872, 0.018782, -0.0, 0.009188, 0.626038, -0.779739, 0.3, -0.018558, 0.779744, 0.625823, -0.0, 0.0, 0.0, 0.0, 1.0],
                [0.999785, 0.00872, 0.018782, -0.0, 0.009188, 0.626038, -0.779739, 0.3, -0.018558, 0.779744, 0.625823, -0.0, 0.0, 0.0, 0.0, 1.0]
            ]
        },
        {
            "name": "Tool_L",
            "time": [0.0, 1.0],
            "transform": [
                [1.0, 0.0, 0.0, 0.0, 0.0, -0.999836, 0.018122, 0.272858, 0.0, -0.018122, -0.999247, 0.0, 0.0, 0.0, 0.0, 1.0],
                [1.0, 0.0, 0.0, 0.0, -0.0, -0.999836, 0.018122, 0.272858, 0.0, -0.018122, -0.999248, 0.0, 0.0, 0.0, 0.0, 1.0]
            ]
        },
        {
            "name": "Elbow_L",
            "time": [0.0, 0.2333, 0.3833, 0.4333, 0.7333, 1.0],
            "transform": [
                [-1.0, 0.0, -0.0, -0.000331, 0.0, -0.0, -1.0, 0.370387, -0.0, -1.0, -0.0, -0.00134, 0.0, 0.0, 0.0, 1.0],
                [-1.0, 0.0, -0.0, -0.000422, 0.0, -0.0, -1.0, 0.379986, -0.0, -1.0, -0.0, -0.000628, 0.0, 0.0, 0.0, 1.0],
                [-1.0, 0.0, -0.0, -0.000846, 0.0, -0.0, -1.0, 0.392798, -0.0, -1.0, -0.0, -0.000199, 0.0, 0.0, 0.0, 1.0],
                [-1.0, 0.0, -0.0, -0.000849, 0.0, -0.0, -1.0, 0.392872, -0.0, -1.0, 0.0, -0.000197, 0.0, 0.0, 0.0, 1.0],
                [-1.0, 0.0, -0.0, -0.000823, 0.0, -0.0, -1.0, 0.392076, -0.0, -1.0, 0.0, -0.000223, 0.0, 0.0, 0.0, 1.0],
                [-1.0, 0.0, -0.0, -0.000823, 0.0, -0.0, -1.0, 0.392076, -0.0, -1.0, 0.0, -0.000223, 0.0, 0.0, 0.0, 1.0]
            ]
        }
    ]
}