{
	"constructor": {
		"class": "yesman.epicfight.api.animation.types.BasicAttackAnimation",
		"arguments": "0.1$F,0.15$F,0.25$F,0.4$F,null$yesman.epicfight.api.collider.Collider,epicfight:entity/biped.Tool_R$yesman.epicfight.api.animation.Joint,biped/combat/bokken_auto1$java.lang.String,epicfight:entity/biped$yesman.epicfight.api.model.Armature"
	},
	"properties": {
		"basis_attack_speed": 1.6
	},
    "animation": [
        {
            "name": "Root",
            "time": [-0.05, 0.0, 0.05, 0.1167, 0.2167, 0.3833, 0.5333, 0.65, 1.0],
            "transform": [
                [0.926387, -0.002352, -0.376566, -5e-06, -0.376495, 0.014607, -0.926303, 0.000946, 0.007679, 0.999891, 0.012646, 0.740887, 0.0, 0.0, 0.0, 1.0],
                [0.969513, -0.001268, -0.245035, -5e-06, -0.245035, -0.01018, -0.969461, 0.181271, -0.001265, 0.999947, -0.01018, 0.714547, 0.0, 0.0, 0.0, 1.0],
                [0.99405, 0.003226, -0.108876, -5e-06, -0.1087, -0.034573, -0.993473, 0.472795, -0.00697, 0.999397, -0.034016, 0.672235, 0.0, 0.0, 0.0, 1.0],
                [0.984211, -0.003393, -0.176965, -5e-06, -0.176837, 0.023644, -0.983956, 0.664586, 0.007522, 0.999715, 0.022671, 0.645277, 0.0, 0.0, 0.0, 1.0],
                [0.87139, 0.01885, -0.490229, -5e-06, -0.487925, 0.137337, -0.862014, 0.988353, 0.051078, 0.990345, 0.128871, 0.631587, 0.0, 0.0, 0.0, 1.0],
                [0.87139, 0.01885, -0.490229, -5e-06, -0.487925, 0.137337, -0.862014, 0.988353, 0.051078, 0.990345, 0.128871, 0.631587, 0.0, 0.0, 0.0, 1.0],
                [0.87139, 0.01885, -0.490229, -5e-06, -0.487925, 0.137337, -0.862014, 0.997566, 0.051078, 0.990345, 0.128871, 0.631587, 0.0, 0.0, 0.0, 1.0],
                [0.880407, 0.014725, -0.473991, -5e-06, -0.472199, 0.119398, -0.873369, 0.995576, 0.043733, 0.992737, 0.112071, 0.699851, 0.0, 0.0, 0.0, 1.0],
                [0.926387, -0.002352, -0.376566, -5e-06, -0.376495, 0.014607, -0.926303, 0.984163, 0.007679, 0.999891, 0.012646, 0.740887, 0.0, 0.0, 0.0, 1.0]
            ]
        },
        {
            "name": "Thigh_R",
            "time": [-0.05, 0.0, 0.05, 0.1167, 0.2667, 0.3833, 0.5333, 0.65, 0.7667, 1.0],
            "transform": [
                [0.893492, 0.237825, 0.380935, 0.124994, 0.178151, -0.966365, 0.185466, -0.00283, 0.412231, -0.097848, -0.90581, -1.2e-05, 0.0, 0.0, 0.0, 1.0],
                [0.944186, 0.219845, 0.245318, 0.124994, 0.22992, -0.973123, -0.012838, -0.00283, 0.235902, 0.068525, -0.969358, -1.2e-05, 0.0, 0.0, 0.0, 1.0],
                [0.96251, 0.118073, 0.244198, 0.124994, 0.224953, -0.850511, -0.47542, -0.002831, 0.15156, 0.512529, -0.845188, -1.2e-05, 0.0, 0.0, 0.0, 1.0],
                [0.959693, 0.182166, 0.21402, 0.124994, 0.244148, -0.917566, -0.313786, -0.002831, 0.139217, 0.35339, -0.925059, -1.2e-05, 0.0, 0.0, 0.0, 1.0],
                [0.938329, 0.32016, 0.130517, 0.124994, 0.331922, -0.939832, -0.080863, -0.002831, 0.096775, 0.119198, -0.988143, -1.2e-05, 0.0, 0.0, 0.0, 1.0],
                [0.939409, 0.319805, 0.12343, 0.124994, 0.328387, -0.942857, -0.056373, -0.002831, 0.098348, 0.093491, -0.990751, -1.2e-05, 0.0, 0.0, 0.0, 1.0],
                [0.940054, 0.319616, 0.118924, 0.124994, 0.32499, -0.945289, -0.028403, -0.002831, 0.10334, 0.06535, -0.992497, -1.2e-05, 0.0, 0.0, 0.0, 1.0],
                [0.94964, 0.31235, 0.024914, 0.124994, 0.240305, -0.777006, 0.581818, -0.002831, 0.201089, -0.54653, -0.812938, -1.2e-05, 0.0, 0.0, 0.0, 1.0],
                [0.941401, 0.223117, 0.252947, 0.124994, 0.142184, -0.942566, 0.302242, -0.002831, 0.305855, -0.248565, -0.919058, -1.2e-05, 0.0, 0.0, 0.0, 1.0],
                [0.893492, 0.237824, 0.380935, 0.124994, 0.178151, -0.966365, 0.185466, -0.00283, 0.412231, -0.097848, -0.90581, -1.2e-05, 0.0, 0.0, 0.0, 1.0]
            ]
        },
        {
            "name": "Leg_R",
            "time": [-0.05, 0.0, 0.05, 0.1167, 0.2667, 0.3833, 0.5333, 0.65, 0.7667, 1.0],
            "transform": [
                [1.0, -0.0, 1e-06, 0.0, -0.0, 0.924353, 0.38154, 0.37472, -1e-06, -0.38154, 0.924352, -0.0, 0.0, 0.0, 0.0, 1.0],
                [1.0, -0.0, 1e-06, -0.0, -0.0, 0.903396, 0.428809, 0.37472, -1e-06, -0.42881, 0.903394, 0.0, 0.0, 0.0, 0.0, 1.0],
                [1.0, -0.0, 1e-06, 0.0, -0.0, 0.999987, 0.005248, 0.37472, -1e-06, -0.005248, 0.999986, 0.0, 0.0, 0.0, 0.0, 1.0],
                [1.0, -0.0, 1e-06, -0.0, 0.0, 0.952247, 0.305331, 0.37472, -1e-06, -0.305331, 0.952245, -0.0, 0.0, 0.0, 0.0, 1.0],
                [1.0, -0.0, 1e-06, -0.0, -0.0, 0.920978, 0.389616, 0.37472, -1e-06, -0.389616, 0.920977, -0.0, 0.0, 0.0, 0.0, 1.0],
                [1.0, -0.0, 1e-06, -0.0, -0.0, 0.904592, 0.42628, 0.37472, -1e-06, -0.426281, 0.90459, -0.0, 0.0, 0.0, 0.0, 1.0],
                [1.0, -0.0, 0.0, -0.0, -0.0, 0.885524, 0.464595, 0.37472, -1e-06, -0.464596, 0.885522, 0.0, 0.0, 0.0, 0.0, 1.0],
                [1.0, -1e-06, 0.0, 0.0, -0.0, 0.181088, 0.983466, 0.37472, -1e-06, -0.983468, 0.181087, -0.0, 0.0, 0.0, 0.0, 1.0],
                [1.0, -0.0, 1e-06, -0.0, -0.0, 0.864619, 0.502429, 0.37472, -1e-06, -0.50243, 0.864617, -0.0, 0.0, 0.0, 0.0, 1.0],
                [1.0, -0.0, 1e-06, 0.0, -0.0, 0.924353, 0.381539, 0.37472, -1e-06, -0.381539, 0.924352, 0.0, 0.0, 0.0, 0.0, 1.0]
            ]
        },
        {
            "name": "Knee_R",
            "time": [-0.05, 0.0, 0.05, 0.1167, 0.2667, 0.3833, 0.5333, 0.65, 0.7667, 1.0],
            "transform": [
                [1.0, 0.0, -0.0, 0.0, -0.0, 1e-06, -1.0, 0.37472, -0.0, 1.0, 1e-06, -0.0, 0.0, 0.0, 0.0, 1.0],
                [1.0, 0.0, -0.0, -0.0, -0.0, 1e-06, -1.0, 0.378469, -0.0, 1.0, 1e-06, 0.0, 0.0, 0.0, 0.0, 1.0],
                [1.0, 0.0, -0.0, -0.0, -0.0, 1e-06, -1.0, 0.37472, -0.0, 1.0, 1e-06, 0.0, 0.0, 0.0, 0.0, 1.0],
                [1.0, 0.0, -0.0, -0.0, -0.0, 1e-06, -1.0, 0.37472, -0.0, 1.0, 1e-06, -0.0, 0.0, 0.0, 0.0, 1.0],
                [1.0, 0.0, -0.0, -0.0, -0.0, 1e-06, -1.0, 0.37472, -0.0, 1.0, 1e-06, -0.0, 0.0, 0.0, 0.0, 1.0],
                [1.0, 0.0, -0.0, -0.0, -0.0, 1e-06, -1.0, 0.378218, -0.0, 1.0, 1e-06, -0.0, 0.0, 0.0, 0.0, 1.0],
                [1.0, 0.0, -0.0, -0.0, -0.0, 1e-06, -1.0, 0.382061, -0.0, 1.0, 1e-06, 0.0, 0.0, 0.0, 0.0, 1.0],
                [1.0, 0.0, -0.0, 0.0, -0.0, 1e-06, -1.0, 0.46337, -0.0, 1.0, 1e-06, -0.0, 0.0, 0.0, 0.0, 1.0],
                [1.0, 0.0, -0.0, 0.0, -0.0, 1e-06, -1.0, 0.385942, -0.0, 1.0, 1e-06, -0.0, 0.0, 0.0, 0.0, 1.0],
                [1.0, 0.0, -0.0, -0.0, -0.0, 1e-06, -1.0, 0.37472, -0.0, 1.0, 1e-06, 0.0, 0.0, 0.0, 0.0, 1.0]
            ]
        },
        {
            "name": "Thigh_L",
            "time": [-0.05, 0.0, 0.05, 0.1167, 0.2167, 0.3833, 0.5333, 0.7667, 0.8833, 1.0],
            "transform": [
                [0.926181, -0.141413, -0.349557, -0.16072, -0.003459, -0.930163, 0.367131, -0.001875, -0.377062, -0.338821, -0.861989, 0.033025, 0.0, 0.0, 0.0, 1.0],
                [0.979622, -0.19248, -0.05737, -0.137122, -0.045694, -0.491734, 0.869545, -0.002506, -0.195581, -0.849205, -0.490509, 0.011196, 0.0, 0.0, 0.0, 1.0],
                [0.993443, -0.082508, -0.079139, -0.125006, -0.004059, -0.717238, 0.696816, -0.002831, -0.114255, -0.691926, -0.71287, -1.2e-05, 0.0, 0.0, 0.0, 1.0],
                [0.970955, -0.160777, -0.177187, -0.125006, 0.025036, -0.668232, 0.743531, -0.002831, -0.237945, -0.726372, -0.644799, -1.2e-05, 0.0, 0.0, 0.0, 1.0],
                [0.922033, -0.361385, -0.138761, -0.125006, -0.079462, -0.527511, 0.845823, -0.002831, -0.378865, -0.768852, -0.515099, -1.2e-05, 0.0, 0.0, 0.0, 1.0],
                [0.915265, -0.372527, -0.153341, -0.125006, -0.070884, -0.523624, 0.848996, -0.002831, -0.396566, -0.766187, -0.505661, -1.2e-05, 0.0, 0.0, 0.0, 1.0],
                [0.911541, -0.376549, -0.165235, -0.125006, -0.063499, -0.525907, 0.848168, -0.002831, -0.406275, -0.762649, -0.503296, -1.2e-05, 0.0, 0.0, 0.0, 1.0],
                [0.918415, -0.204319, -0.338771, -0.141779, -0.002264, -0.859014, 0.511948, -0.002382, -0.395609, -0.469414, -0.789394, 0.015503, 0.0, 0.0, 0.0, 1.0],
                [0.923225, -0.264356, -0.278873, -0.153958, 0.008206, -0.712015, 0.702116, -0.002056, -0.38417, -0.6505, -0.655182, 0.02677, 0.0, 0.0, 0.0, 1.0],
                [0.926181, -0.141413, -0.349557, -0.16072, -0.003459, -0.930163, 0.36713, -0.001875, -0.377062, -0.33882, -0.861989, 0.033025, 0.0, 0.0, 0.0, 1.0]
            ]
        },
        {
            "name": "Leg_L",
            "time": [-0.05, 0.0, 0.05, 0.1167, 0.2167, 0.3833, 0.5333, 0.7667, 0.8833, 1.0],
            "transform": [
                [1.0, -1e-06, 1e-06, -0.0, 0.0, 0.938359, 0.345662, 0.37472, -1e-06, -0.345661, 0.93836, 0.0, 0.0, 0.0, 0.0, 1.0],
                [1.0, -1e-06, 0.0, 0.0, -0.0, 0.195835, 0.980637, 0.37472, -1e-06, -0.980637, 0.195835, -0.0, 0.0, 0.0, 0.0, 1.0],
                [1.0, -1e-06, 1e-06, -0.0, -0.0, 0.513823, 0.857897, 0.37472, -1e-06, -0.857896, 0.513823, 0.0, 0.0, 0.0, 0.0, 1.0],
                [1.0, -1e-06, 1e-06, 0.0, 0.0, 0.772328, 0.635223, 0.37472, -1e-06, -0.635223, 0.772329, -0.0, 0.0, 0.0, 0.0, 1.0],
                [1.0, -1e-06, 1e-06, -0.0, 0.0, 0.525559, 0.850757, 0.37472, -1e-06, -0.850757, 0.525559, -0.0, 0.0, 0.0, 0.0, 1.0],
                [1.0, -1e-06, 1e-06, -0.0, 0.0, 0.541706, 0.840568, 0.37472, -1e-06, -0.840568, 0.541707, 0.0, 0.0, 0.0, 0.0, 1.0],
                [1.0, -1e-06, 1e-06, -0.0, 0.0, 0.527643, 0.849467, 0.37472, -1e-06, -0.849466, 0.527643, 0.0, 0.0, 0.0, 0.0, 1.0],
                [1.0, -0.0, 1e-06, -0.0, 0.0, 0.956459, 0.291866, 0.37472, -1e-06, -0.291866, 0.95646, 0.0, 0.0, 0.0, 0.0, 1.0],
                [1.0, -1e-06, 1e-06, 0.0, -0.0, 0.571889, 0.820331, 0.37472, -1e-06, -0.820331, 0.571889, -0.0, 0.0, 0.0, 0.0, 1.0],
                [1.0, -1e-06, 1e-06, -0.0, 0.0, 0.938359, 0.34566, 0.37472, -1e-06, -0.34566, 0.93836, 0.0, 0.0, 0.0, 0.0, 1.0]
            ]
        },
        {
            "name": "Knee_L",
            "time": [-0.05, 0.0, 0.05, 0.1167, 0.2167, 0.3833, 0.5333, 0.7667, 0.8833, 1.0],
            "transform": [
                [1.0, 0.0, -0.0, -0.0, -0.0, 1e-06, -1.0, 0.37472, -0.0, 1.0, 1e-06, 0.0, 0.0, 0.0, 0.0, 1.0],
                [1.0, 0.0, -0.0, 0.0, -0.0, 1e-06, -1.0, 0.462021, -0.0, 1.0, 1e-06, -0.0, 0.0, 0.0, 0.0, 1.0],
                [1.0, 0.0, -0.0, -0.0, -0.0, 1e-06, -1.0, 0.431265, -0.0, 1.0, 1e-06, 0.0, 0.0, 0.0, 0.0, 1.0],
                [1.0, 0.0, -0.0, 0.0, -0.0, 1e-06, -1.0, 0.400479, -0.0, 1.0, 1e-06, -0.0, 0.0, 0.0, 0.0, 1.0],
                [1.0, 0.0, -0.0, 0.0, -0.0, 1e-06, -1.0, 0.430032, -0.0, 1.0, 1e-06, -0.0, 0.0, 0.0, 0.0, 1.0],
                [1.0, 0.0, -0.0, -0.0, -0.0, 1e-06, -1.0, 0.428317, -0.0, 1.0, 1e-06, 0.0, 0.0, 0.0, 0.0, 1.0],
                [1.0, 0.0, -0.0, -0.0, -0.0, 1e-06, -1.0, 0.429812, -0.0, 1.0, 1e-06, 0.0, 0.0, 0.0, 0.0, 1.0],
                [1.0, 0.0, -0.0, 0.0, -0.0, 1e-06, -1.0, 0.37472, -0.0, 1.0, 1e-06, 0.0, 0.0, 0.0, 0.0, 1.0],
                [1.0, 0.0, -0.0, 0.0, -0.0, 1e-06, -1.0, 0.425054, -0.0, 1.0, 1e-06, -0.0, 0.0, 0.0, 0.0, 1.0],
                [1.0, 0.0, -0.0, 0.0, -0.0, 1e-06, -1.0, 0.37472, -0.0, 1.0, 1e-06, 0.0, 0.0, 0.0, 0.0, 1.0]
            ]
        },
        {
            "name": "Torso",
            "time": [-0.05, 0.0, 0.5333, 1.0],
            "transform": [
                [1.0, -0.0, -0.0, -0.0, -0.0, 1.0, -0.0, 0.05, -0.0, 0.0, 1.0, 0.0, 0.0, 0.0, 0.0, 1.0],
                [1.0, 0.0, 0.0, -0.0, 0.0, 1.0, 0.0, 0.05, -0.0, 0.0, 1.0, -0.0, 0.0, 0.0, 0.0, 1.0],
                [1.0, 0.0, 0.0, 0.0, -0.0, 1.0, 0.0, 0.05, 0.0, -0.0, 1.0, 0.0, 0.0, 0.0, 0.0, 1.0],
                [1.0, -0.0, -0.0, 0.0, -0.0, 1.0, -0.0, 0.05, -0.0, 0.0, 1.0, -0.0, 0.0, 0.0, 0.0, 1.0]
            ]
        },
        {
            "name": "Chest",
            "time": [-0.05, 0.0, 0.0833, 0.2167, 0.5333, 1.0],
            "transform": [
                [0.999955, -0.009433, 0.000754, 0.0, 0.009423, 0.999889, 0.011523, 0.3, -0.000863, -0.011516, 0.999933, 0.0, 0.0, 0.0, 0.0, 1.0],
                [0.997665, 0.002591, 0.068245, 0.0, -0.000627, 0.999585, -0.028785, 0.3, -0.068292, 0.028675, 0.997253, 0.0, 0.0, 0.0, 0.0, 1.0],
                [0.974451, 0.040648, 0.22089, 0.0, -0.013285, 0.992196, -0.123975, 0.3, -0.224205, 0.117873, 0.967387, 0.0, 0.0, 0.0, 0.0, 1.0],
                [1.0, 0.0, -0.0, -0.0, 0.0, 1.0, 0.0, 0.3, -0.0, 0.0, 1.0, -0.0, 0.0, 0.0, 0.0, 1.0],
                [1.0, 0.0, -0.0, -0.0, 0.0, 1.0, 0.0, 0.3, -0.0, 0.0, 1.0, -0.0, 0.0, 0.0, 0.0, 1.0],
                [0.999955, -0.009433, 0.000754, -0.0, 0.009423, 0.999889, 0.011523, 0.3, -0.000863, -0.011516, 0.999933, 0.0, 0.0, 0.0, 0.0, 1.0]
            ]
        },
        {
            "name": "Head",
            "time": [-0.05, 0.0, 0.05, 0.1333, 0.2167, 0.3833, 0.5333, 1.0],
            "transform": [
                [0.926624, 0.015877, 0.375654, 0.0, -0.005422, 0.999568, -0.028873, 0.4, -0.37595, 0.024718, 0.92631, -0.0, 0.0, 0.0, 0.0, 1.0],
                [0.988785, -0.008378, 0.149111, -0.0, -0.002584, 0.997316, 0.073171, 0.4, -0.149324, -0.072735, 0.986109, 0.0, 0.0, 0.0, 0.0, 1.0],
                [0.996172, -0.00913, -0.086937, 0.0, 0.02395, 0.984981, 0.170996, 0.4, 0.08407, -0.172424, 0.981429, 0.0, 0.0, 0.0, 0.0, 1.0],
                [0.996463, 0.002046, 0.084008, 0.0, -0.003686, 0.999805, 0.019378, 0.4, -0.083952, -0.019619, 0.996276, 0.0, 0.0, 0.0, 0.0, 1.0],
                [0.929219, 0.049959, 0.366137, 0.0, 0.000135, 0.990773, -0.135531, 0.4, -0.36953, 0.125987, 0.920638, -0.0, 0.0, 0.0, 0.0, 1.0],
                [0.923569, 0.049915, 0.380169, 0.0, 0.002234, 0.990773, -0.135513, 0.4, -0.383425, 0.126005, 0.914936, -0.0, 0.0, 0.0, 0.0, 1.0],
                [0.923569, 0.049915, 0.380169, 0.0, 0.002234, 0.990773, -0.135513, 0.4, -0.383425, 0.126005, 0.914936, 0.0, 0.0, 0.0, 0.0, 1.0],
                [0.926624, 0.015877, 0.375654, 0.0, -0.005422, 0.999568, -0.028873, 0.4, -0.37595, 0.024718, 0.92631, 0.0, 0.0, 0.0, 0.0, 1.0]
            ]
        },
        {
            "name": "Shoulder_R",
            "time": [-0.05, 0.0, 0.1167, 0.2667, 0.5333, 1.0],
            "transform": [
                [0.719326, 0.665028, 0.200768, 0.0, -0.004914, -0.284132, 0.958772, 0.4, 0.694655, -0.690656, -0.201116, -0.0, 0.0, 0.0, 0.0, 1.0],
                [0.580818, 0.759172, -0.293782, -0.0, 0.171293, 0.238834, 0.955833, 0.4, 0.795807, -0.605488, 0.008678, 0.0, 0.0, 0.0, 0.0, 1.0],
                [0.869254, 0.454264, -0.195043, -0.0, 0.163645, 0.10789, 0.980602, 0.4, 0.466496, -0.884309, 0.019446, -0.0, 0.0, 0.0, 0.0, 1.0],
                [0.732191, 0.66439, 0.149941, 0.0, -0.024309, -0.194514, 0.980599, 0.4, 0.680665, -0.72163, -0.126271, -0.0, 0.0, 0.0, 0.0, 1.0],
                [0.732191, 0.66439, 0.149941, 0.0, -0.024309, -0.194514, 0.980599, 0.4, 0.680665, -0.72163, -0.126271, 0.0, 0.0, 0.0, 0.0, 1.0],
                [0.719326, 0.665028, 0.200768, 0.0, -0.004914, -0.284132, 0.958772, 0.4, 0.694655, -0.690656, -0.201116, 0.0, 0.0, 0.0, 0.0, 1.0]
            ]
        },
        {
            "name": "Arm_R",
            "time": [-0.05, 0.0, 0.1167, 0.2667, 0.5333, 1.0],
            "transform": [
                [-0.197432, -0.641239, -0.741507, -0.000662, 0.979825, -0.153029, -0.12855, 0.401786, -0.031042, -0.751927, 0.658515, -0.026213, 0.0, 0.0, 0.0, 1.0],
                [0.65841, -0.568753, 0.492967, -0.083618, 0.675121, 0.156736, -0.720864, 0.361071, 0.332728, 0.807437, 0.487174, -0.009197, 0.0, 0.0, 0.0, 1.0],
                [0.746185, -0.429374, 0.508769, -0.082529, 0.584524, 0.056761, -0.809389, 0.362226, 0.318652, 0.901341, 0.293334, -0.003332, 0.0, 0.0, 0.0, 1.0],
                [0.480863, 0.25581, -0.838649, -0.011672, 0.762261, 0.350692, 0.544034, 0.357607, 0.433277, -0.900875, -0.026359, 0.029073, 0.0, 0.0, 0.0, 1.0],
                [0.480863, 0.25581, -0.838649, -0.011672, 0.762261, 0.350692, 0.544034, 0.357607, 0.433277, -0.900875, -0.026359, 0.029073, 0.0, 0.0, 0.0, 1.0],
                [-0.197432, -0.641239, -0.741507, -0.000662, 0.979825, -0.153029, -0.12855, 0.401786, -0.031042, -0.751927, 0.658515, -0.026213, 0.0, 0.0, 0.0, 1.0]
            ]
        },
        {
            "name": "Hand_R",
            "time": [-0.05, 0.0, 0.2667, 0.5333, 1.0],
            "transform": [
                [1.0, 0.0, 0.0, -0.0, -0.0, 0.993559, -0.113314, 0.3, -0.0, 0.113314, 0.993559, -0.0, 0.0, 0.0, 0.0, 1.0],
                [1.0, 0.0, 0.0, 0.0, -0.0, 0.999992, -0.003966, 0.3, -0.0, 0.003966, 0.999992, 0.0, 0.0, 0.0, 0.0, 1.0],
                [1.0, 0.0, 0.0, -0.0, -0.0, 0.975954, -0.217977, 0.3, -0.0, 0.217977, 0.975954, 0.0, 0.0, 0.0, 0.0, 1.0],
                [1.0, 0.0, 0.0, -0.0, 0.0, 0.975954, -0.217977, 0.3, -0.0, 0.217977, 0.975954, 0.0, 0.0, 0.0, 0.0, 1.0],
                [1.0, 0.0, 0.0, 0.0, -0.0, 0.993559, -0.113314, 0.3, -0.0, 0.113314, 0.993559, -0.0, 0.0, 0.0, 0.0, 1.0]
            ]
        },
        {
            "name": "Tool_R",
            "time": [-0.05, 0.0, 0.1167, 0.1333, 0.1833, 0.2667, 0.5333, 1.0],
            "transform": [
                [0.768977, -0.625695, -0.131074, 0.0, -0.613731, -0.779946, 0.122549, 0.272858, -0.178809, -0.013793, -0.983186, 0.0, 0.0, 0.0, 0.0, 1.0],
                [1.0, 0.0, 0.0, -0.0, -0.0, -0.999836, 0.018122, 0.272858, 0.0, -0.018122, -0.999244, 0.0, 0.0, 0.0, 0.0, 1.0],
                [1.0, 0.0, 0.0, -0.0, 0.0, -0.951716, -0.306982, 0.272858, 0.0, 0.30679, -0.951155, -0.0, 0.0, 0.0, 0.0, 1.0],
                [1.0, -0.0, 0.0, 0.0, 0.0, -0.318504, -0.947922, 0.272858, 0.0, 0.947357, -0.318326, 0.0, 0.0, 0.0, 0.0, 1.0],
                [1.0, -0.0, -0.0, -0.0, -0.0, -0.062046, -0.998074, 0.272858, 0.0, 0.997482, -0.06202, -0.0, 0.0, 0.0, 0.0, 1.0],
                [1.0, -0.0, 0.0, 0.0, 0.0, -0.837645, -0.546215, 0.272858, 0.0, 0.545882, -0.837155, -0.0, 0.0, 0.0, 0.0, 1.0],
                [1.0, -0.0, 0.0, -0.0, 0.0, -0.837645, -0.546215, 0.272858, 0.0, 0.545882, -0.837155, 0.0, 0.0, 0.0, 0.0, 1.0],
                [0.768977, -0.625695, -0.131074, 0.0, -0.613731, -0.779946, 0.122549, 0.272858, -0.178809, -0.013793, -0.983185, 0.0, 0.0, 0.0, 0.0, 1.0]
            ]
        },
        {
            "name": "Elbow_R",
            "time": [-0.05, 0.0, 0.2667, 0.5333, 1.0],
            "transform": [
                [-1.0, 0.0, -0.0, -0.0, 0.0, -0.0, -1.0, 0.320966, -0.0, -1.0, 0.0, -0.0, 0.0, 0.0, 0.0, 1.0],
                [-1.0, 0.0, -0.0, 0.0, -0.0, 0.0, -1.0, 0.310696, -0.0, -1.0, 0.0, 0.0, 0.0, 0.0, 0.0, 1.0],
                [-1.0, 0.0, -0.0, -0.0, 0.0, 0.0, -1.0, 0.330916, -0.0, -1.0, -0.0, 0.0, 0.0, 0.0, 0.0, 1.0],
                [-1.0, 0.0, -0.0, -0.0, 0.0, -0.0, -1.0, 0.330916, -0.0, -1.0, 0.0, 0.0, 0.0, 0.0, 0.0, 1.0],
                [-1.0, 0.0, 0.0, 0.0, -0.0, -0.0, -1.0, 0.320966, -0.0, -1.0, 0.0, -0.0, 0.0, 0.0, 0.0, 1.0]
            ]
        },
        {
            "name": "Shoulder_L",
            "time": [-0.05, 0.0, 0.1167, 0.2667, 0.5333, 1.0],
            "transform": [
                [0.128381, -0.960296, -0.247689, 0.0, -0.134226, -0.264283, 0.955059, 0.4, -0.982599, -0.089365, -0.162825, -0.0, 0.0, 0.0, 0.0, 1.0],
                [0.740835, -0.671522, 0.014857, -0.0, 0.099843, 0.131968, 0.986213, 0.4, -0.664224, -0.729138, 0.164814, 0.0, 0.0, 0.0, 0.0, 1.0],
                [0.580018, -0.810963, 0.076926, -0.0, -0.160878, -0.021464, 0.986741, 0.4, -0.798559, -0.584703, -0.142916, -0.0, 0.0, 0.0, 0.0, 1.0],
                [0.920201, -0.389858, 0.03522, 0.0, -0.129519, -0.218328, 0.967242, 0.4, -0.369397, -0.89462, -0.251399, -0.0, 0.0, 0.0, 0.0, 1.0],
                [0.920201, -0.389858, 0.03522, 0.0, -0.129519, -0.218328, 0.967242, 0.4, -0.369397, -0.89462, -0.251399, 0.0, 0.0, 0.0, 0.0, 1.0],
                [0.128381, -0.960296, -0.247689, 0.0, -0.134226, -0.264283, 0.955059, 0.4, -0.982599, -0.089365, -0.162825, 0.0, 0.0, 0.0, 0.0, 1.0]
            ]
        },
        {
            "name": "Arm_L",
            "time": [-0.05, 0.0, 0.1167, 0.2667, 0.5333, 1.0],
            "transform": [
                [-0.215162, 0.679624, 0.701296, 0.009178, -0.958549, -0.284324, -0.018552, 0.449064, 0.186787, -0.676218, 0.712628, -0.00683, 0.0, 0.0, 0.0, 1.0],
                [0.326355, 0.734758, -0.594663, 0.0, -0.931677, 0.143821, -0.333606, 0.39386, -0.159595, 0.662907, 0.731494, -0.0, 0.0, 0.0, 0.0, 1.0],
                [0.773104, 0.366216, -0.517876, -0.003381, -0.583886, 0.091969, -0.806609, 0.396013, -0.247765, 0.925974, 0.28493, 0.039581, 0.0, 0.0, 0.0, 1.0],
                [0.202201, 0.859665, 0.469138, 0.022011, -0.924152, 0.326031, -0.199116, 0.317998, -0.324127, -0.393294, 0.860385, -0.135674, 0.0, 0.0, 0.0, 1.0],
                [0.202201, 0.859665, 0.469138, 0.022011, -0.924152, 0.326031, -0.199116, 0.317998, -0.324127, -0.393294, 0.860385, -0.135674, 0.0, 0.0, 0.0, 1.0],
                [-0.215162, 0.679624, 0.701296, 0.009178, -0.958549, -0.284324, -0.018552, 0.449064, 0.186787, -0.676218, 0.712628, -0.006831, 0.0, 0.0, 0.0, 1.0]
            ]
        },
        {
            "name": "Hand_L",
            "time": [-0.05, 0.0, 0.1167, 0.2667, 0.5333, 1.0],
            "transform": [
                [1.0, -0.0, -0.0, 0.0, -0.0, 0.943065, -0.332608, 0.3, -0.0, 0.332608, 0.943065, 0.0, 0.0, 0.0, 0.0, 1.0],
                [1.0, 0.0, 0.0, -0.0, 0.0, 0.966528, -0.256562, 0.3, -0.0, 0.256562, 0.966528, 0.0, 0.0, 0.0, 0.0, 1.0],
                [1.0, 0.0, 0.0, -0.0, 0.0, 0.902448, -0.4308, 0.3, 0.0, 0.4308, 0.902447, 0.0, 0.0, 0.0, 0.0, 1.0],
                [1.0, 0.0, 0.0, -0.0, -0.0, 0.993051, 0.117685, 0.3, -0.0, -0.117685, 0.993051, 0.0, 0.0, 0.0, 0.0, 1.0],
                [1.0, 0.0, 0.0, 0.0, -0.0, 0.993051, 0.117685, 0.3, -0.0, -0.117685, 0.993051, -0.0, 0.0, 0.0, 0.0, 1.0],
                [1.0, -0.0, 0.0, 0.0, -0.0, 0.943065, -0.332608, 0.3, -0.0, 0.332608, 0.943065, -0.0, 0.0, 0.0, 0.0, 1.0]
            ]
        },
        {
            "name": "Tool_L",
            "time": [-0.05, 0.0, 0.2667, 0.5333, 1.0],
            "transform": [
                [1.0, 0.0, 0.0, -0.005789, 0.0, -0.999836, 0.018122, 0.210369, 0.0, -0.018122, -0.999248, 0.061911, 0.0, 0.0, 0.0, 1.0],
                [1.0, 0.0, 0.0, -0.005789, 0.0, -0.999836, 0.018122, 0.210369, 0.0, -0.018122, -0.999248, 0.061911, 0.0, 0.0, 0.0, 1.0],
                [1.0, 0.0, 0.0, -0.005789, 0.0, -0.999836, 0.018122, 0.210369, 0.0, -0.018122, -0.999248, 0.061911, 0.0, 0.0, 0.0, 1.0],
                [1.0, 0.0, 0.0, -0.005789, 0.0, -0.999836, 0.018122, 0.210369, 0.0, -0.018122, -0.999248, 0.061911, 0.0, 0.0, 0.0, 1.0],
                [1.0, 0.0, 0.0, -0.005789, 0.0, -0.999836, 0.018122, 0.210369, 0.0, -0.018122, -0.999248, 0.061911, 0.0, 0.0, 0.0, 1.0]
            ]
        },
        {
            "name": "Elbow_L",
            "time": [-0.05, 0.0, 0.2667, 0.5333, 1.0],
            "transform": [
                [-1.0, 0.0, 0.0, 0.0, 0.0, -0.0, -1.0, 0.342099, -0.0, -1.0, 0.0, 0.0, 0.0, 0.0, 0.0, 1.0],
                [-1.0, 0.0, -0.0, 0.0, -0.0, -0.0, -1.0, 0.334639, -0.0, -1.0, -0.0, 0.0, 0.0, 0.0, 0.0, 1.0],
                [-1.0, 0.0, -0.0, 0.0, 0.0, 0.0, -1.0, 0.3, -0.0, -1.0, -0.0, -0.0, 0.0, 0.0, 0.0, 1.0],
                [-1.0, 0.0, -0.0, 0.0, 0.0, 0.0, -1.0, 0.3, -0.0, -1.0, -0.0, 0.0, 0.0, 0.0, 0.0, 1.0],
                [-1.0, 0.0, 0.0, -0.0, -0.0, -0.0, -1.0, 0.342098, -0.0, -1.0, 0.0, -0.0, 0.0, 0.0, 0.0, 1.0]
            ]
        }
    ]
}