{
    "animation": [
        {
            "name": "Root",
            "time": [0.0, 0.4333],
            "transform": [
                [0.854689, 0.0, -0.51914, -5e-06, -0.51914, 0.0, -0.854689, 0.000946, 0.0, 1.0, 0.0, 0.758314, 0.0, 0.0, 0.0, 1.0],
                [0.854689, 0.0, -0.51914, -5e-06, -0.51914, 0.0, -0.854689, 0.000946, 0.0, 1.0, 0.0, 0.758314, 0.0, 0.0, 0.0, 1.0]
            ]
        },
        {
            "name": "Thigh_R",
            "time": [0.0, 0.4333],
            "transform": [
                [0.905155, 0.122199, 0.407137, 0.124994, 0.059717, -0.984843, 0.162831, -0.002831, 0.420865, -0.123074, -0.898736, -1.2e-05, 0.0, 0.0, 0.0, 1.0],
                [0.905155, 0.122199, 0.407137, 0.124994, 0.059717, -0.984843, 0.162831, -0.002831, 0.420865, -0.123074, -0.898736, -1.2e-05, 0.0, 0.0, 0.0, 1.0]
            ]
        },
        {
            "name": "Leg_R",
            "time": [0.0, 0.4333],
            "transform": [
                [1.0, -0.0, 1e-06, -0.0, -0.0, 0.971417, 0.237383, 0.37472, -1e-06, -0.237383, 0.971415, 0.0, 0.0, 0.0, 0.0, 1.0],
                [1.0, -0.0, 1e-06, -0.0, -0.0, 0.971417, 0.237383, 0.37472, -1e-06, -0.237383, 0.971415, 0.0, 0.0, 0.0, 0.0, 1.0]
            ]
        },
        {
            "name": "Knee_R",
            "time": [0.0, 0.4333],
            "transform": [
                [1.0, -0.0, -0.0, -0.0, -0.0, 1e-06, -1.0, 0.37472, -0.0, 1.0, 1e-06, 0.0, 0.0, 0.0, 0.0, 1.0],
                [1.0, -0.0, -0.0, -0.0, -0.0, 1e-06, -1.0, 0.37472, -0.0, 1.0, 1e-06, 0.0, 0.0, 0.0, 0.0, 1.0]
            ]
        },
        {
            "name": "Thigh_L",
            "time": [0.0, 0.4333],
            "transform": [
                [0.867877, -0.119293, -0.482244, -0.125006, -0.027313, -0.98073, 0.193449, -0.002831, -0.496028, -0.154718, -0.854411, -1.2e-05, 0.0, 0.0, 0.0, 1.0],
                [0.867877, -0.119293, -0.482244, -0.125006, -0.027313, -0.98073, 0.193449, -0.002831, -0.496028, -0.154718, -0.854411, -1.2e-05, 0.0, 0.0, 0.0, 1.0]
            ]
        },
        {
            "name": "Leg_L",
            "time": [0.0, 0.4333],
            "transform": [
                [1.0, -0.0, 2e-06, 0.0, 0.0, 0.984581, 0.174928, 0.37472, -2e-06, -0.174928, 0.984582, -0.0, 0.0, 0.0, 0.0, 1.0],
                [1.0, -0.0, 2e-06, 0.0, 0.0, 0.984581, 0.174928, 0.37472, -2e-06, -0.174928, 0.984582, -0.0, 0.0, 0.0, 0.0, 1.0]
            ]
        },
        {
            "name": "Knee_L",
            "time": [0.0, 0.4333],
            "transform": [
                [1.0, 0.0, -0.0, 0.0, -0.0, 1e-06, -1.0, 0.37472, -0.0, 1.0, 1e-06, -0.0, 0.0, 0.0, 0.0, 1.0],
                [1.0, 0.0, -0.0, 0.0, -0.0, 1e-06, -1.0, 0.37472, -0.0, 1.0, 1e-06, -0.0, 0.0, 0.0, 0.0, 1.0]
            ]
        },
        {
            "name": "Torso",
            "time": [0.0, 0.4333],
            "transform": [
                [0.998681, 0.051243, -0.003139, -0.0, -0.0513, 0.993661, -0.100029, 0.05, -0.002007, 0.100058, 0.99498, 0.0, 0.0, 0.0, 0.0, 1.0],
                [0.998681, 0.051243, -0.003139, -0.0, -0.0513, 0.993661, -0.100029, 0.05, -0.002007, 0.100058, 0.99498, 0.0, 0.0, 0.0, 0.0, 1.0]
            ]
        },
        {
            "name": "Chest",
            "time": [0.0, 0.0833, 0.4333],
            "transform": [
                [0.935656, 0.2197, -0.276188, -0.0, -0.329314, 0.824899, -0.45945, 0.3, 0.126886, 0.52084, 0.844172, -0.0, 0.0, 0.0, 0.0, 1.0],
                [0.93356, 0.219718, -0.283179, -0.0, -0.332752, 0.824915, -0.456937, 0.3, 0.133201, 0.520806, 0.843219, -0.0, 0.0, 0.0, 0.0, 1.0],
                [0.906624, 0.219944, -0.36008, -0.0, -0.369816, 0.825089, -0.427159, 0.3, 0.203147, 0.520436, 0.829384, -0.0, 0.0, 0.0, 0.0, 1.0]
            ]
        },
        {
            "name": "Head",
            "time": [0.0, 0.0833, 0.4333],
            "transform": [
                [0.737373, -0.39086, 0.550917, -0.0, -0.088372, 0.752756, 0.652341, 0.4, -0.66968, -0.529704, 0.520521, -0.0, 0.0, 0.0, 0.0, 1.0],
                [0.732284, -0.394744, 0.554921, 0.0, -0.088183, 0.753037, 0.652042, 0.4, -0.675265, -0.526415, 0.516628, 0.0, 0.0, 0.0, 0.0, 1.0],
                [0.672673, -0.436366, 0.597574, 0.0, -0.085861, 0.756112, 0.648786, 0.4, -0.734941, -0.487729, 0.47115, 0.0, 0.0, 0.0, 0.0, 1.0]
            ]
        },
        {
            "name": "Shoulder_R",
            "time": [0.0, 0.4333],
            "transform": [
                [0.389522, 0.62776, 0.673936, -0.0, -0.552669, -0.426035, 0.716276, 0.4, 0.73677, -0.651469, 0.180994, -0.0, 0.0, 0.0, 0.0, 1.0],
                [0.389522, 0.62776, 0.673936, 0.0, -0.552669, -0.426035, 0.716276, 0.4, 0.73677, -0.651469, 0.180994, 0.0, 0.0, 0.0, 0.0, 1.0]
            ]
        },
        {
            "name": "Arm_R",
            "time": [0.0, 0.0833, 0.4333],
            "transform": [
                [-0.512121, -0.842448, 0.167374, -0.0, -0.204311, -0.069791, -0.976415, 0.39386, 0.83426, -0.534239, -0.13638, 0.0, 0.0, 0.0, 0.0, 1.0],
                [-0.08602, -0.96735, 0.238401, -0.0, -0.201394, -0.217465, -0.955065, 0.39386, 0.975726, -0.130168, -0.176112, 0.0, 0.0, 0.0, 0.0, 1.0],
                [-0.036824, -0.991495, -0.124832, -0.0, -0.281684, 0.13015, -0.95064, 0.39386, 0.958801, 0.000157, -0.28408, 0.0, 0.0, 0.0, 0.0, 1.0]
            ]
        },
        {
            "name": "Hand_R",
            "time": [0.0, 0.0833, 0.4333],
            "transform": [
                [0.998519, -0.052616, -0.013819, -0.0, 0.053536, 0.995526, 0.077857, 0.3, 0.00966, -0.078482, 0.996869, 0.0, 0.0, 0.0, 0.0, 1.0],
                [0.998565, -0.052314, -0.011451, 0.0, 0.051865, 0.997987, -0.036504, 0.3, 0.013337, 0.035858, 0.999268, 0.0, 0.0, 0.0, 0.0, 1.0],
                [0.999478, -0.031831, 0.005582, 0.0, 0.010239, 0.148067, -0.988925, 0.3, 0.030652, 0.988465, 0.148315, 0.0, 0.0, 0.0, 0.0, 1.0]
            ]
        },
        {
            "name": "Tool_R",
            "time": [0.0, 0.4333],
            "transform": [
                [1.0, -0.0, 0.0, -0.0, 0.0, -0.999836, 0.018122, 0.272858, 0.0, -0.018122, -0.999244, -0.0, 0.0, 0.0, 0.0, 1.0],
                [1.0, 0.0, 0.0, 0.0, 0.0, -0.999836, 0.018122, 0.272858, 0.0, -0.018122, -0.999244, -0.0, 0.0, 0.0, 0.0, 1.0]
            ]
        },
        {
            "name": "Elbow_R",
            "time": [0.0, 0.4333],
            "transform": [
                [-1.0, 0.0, -0.0, -0.0, 0.0, -0.0, -1.0, 0.394247, -0.0, -1.0, 0.0, 0.0, 0.0, 0.0, 0.0, 1.0],
                [-1.0, 0.0, -0.0, 0.0, 0.0, -0.0, -1.0, 0.394247, -0.0, -1.0, 0.0, 0.0, 0.0, 0.0, 0.0, 1.0]
            ]
        },
        {
            "name": "Shoulder_L",
            "time": [0.0, 0.4333],
            "transform": [
                [0.480145, -0.866259, 0.138042, -0.0, 0.143836, 0.232989, 0.961783, 0.4, -0.865316, -0.44194, 0.236468, -0.0, 0.0, 0.0, 0.0, 1.0],
                [0.480145, -0.866259, 0.138042, 0.0, 0.143836, 0.232989, 0.961783, 0.4, -0.865316, -0.44194, 0.236468, 0.0, 0.0, 0.0, 0.0, 1.0]
            ]
        },
        {
            "name": "Arm_L",
            "time": [0.0, 0.0833, 0.4333],
            "transform": [
                [0.732696, 0.630555, 0.256039, 0.0, -0.672383, 0.728842, 0.129189, 0.39386, -0.105152, -0.266813, 0.957995, -0.0, 0.0, 0.0, 0.0, 1.0],
                [0.72693, 0.68626, 0.024908, -0.0, -0.639105, 0.68936, -0.341069, 0.39386, -0.251233, 0.232014, 0.939708, 0.0, 0.0, 0.0, 0.0, 1.0],
                [0.794895, 0.605443, 0.039758, 0.0, -0.563113, 0.760544, -0.323227, 0.39386, -0.225933, 0.234544, 0.945486, 0.0, 0.0, 0.0, 0.0, 1.0]
            ]
        },
        {
            "name": "Hand_L",
            "time": [0.0, 0.4333],
            "transform": [
                [1.020763, 0.0, 0.0, 0.0, -0.0, 0.993938, 0.109947, 0.3, -0.0, -0.109947, 0.993937, -0.0, 0.0, 0.0, 0.0, 1.0],
                [1.020763, 0.0, 0.0, 0.0, 0.0, 0.993938, 0.109947, 0.3, -0.0, -0.109947, 0.993938, -0.0, 0.0, 0.0, 0.0, 1.0]
            ]
        },
        {
            "name": "Tool_L",
            "time": [0.0, 0.0833, 0.4333],
            "transform": [
                [0.939949, 0.340113, 0.028619, 0.0, 0.340126, -0.940368, 0.004538, 0.272858, 0.028443, 0.005456, -0.998992, -0.0, 0.0, 0.0, 0.0, 1.0],
                [0.939992, 0.339451, 0.034467, 0.0, 0.340012, -0.940347, -0.011796, 0.272858, 0.028394, 0.022784, -0.998749, 0.0, 0.0, 0.0, 0.0, 1.0],
                [0.940482, 0.325221, 0.098612, 0.0, 0.338687, -0.920869, -0.193111, 0.272858, 0.027992, 0.214879, -0.975637, -0.0, 0.0, 0.0, 0.0, 1.0]
            ]
        },
        {
            "name": "Elbow_L",
            "time": [0.0, 0.4333],
            "transform": [
                [-1.0, 0.0, -0.0, 0.0, 0.0, -0.0, -1.0, 0.384376, -0.0, -1.0, 0.0, 0.0, 0.0, 0.0, 0.0, 1.0],
                [-1.0, 0.0, -0.0, 0.0, 0.0, -0.0, -1.0, 0.384376, -0.0, -1.0, -0.0, -0.0, 0.0, 0.0, 0.0, 1.0]
            ]
        }
    ]
}