{
    "animation": [
        {
            "name": "Root",
            "time": [0.0, 0.0667],
            "transform": [
                [1.0, 0.0, 0.0, -5e-06, 0.0, 1.0, 0.0, 0.000946, 0.0, -0.0, 1.0, 0.367881, 0.0, 0.0, 0.0, 1.0],
                [1.0, 0.0, 0.0, -5e-06, 0.0, 1.0, 0.0, 0.000946, 0.0, -0.0, 1.0, 0.367881, 0.0, 0.0, 0.0, 1.0]
            ]
        },
        {
            "name": "Thigh_R",
            "time": [0.0, 0.0667],
            "transform": [
                [1.0, -0.0, -0.0, 0.124994, 0.0, -0.999998, 1e-06, -0.002831, -0.0, -0.0, -1.0, -1.2e-05, 0.0, 0.0, 0.0, 1.0],
                [1.0, -0.0, -0.0, 0.124994, 0.0, -0.999998, 1e-06, -0.002831, -0.0, -0.0, -1.0, -1.2e-05, 0.0, 0.0, 0.0, 1.0]
            ]
        },
        {
            "name": "Leg_R",
            "time": [0.0, 0.0667],
            "transform": [
                [1.0, 0.0, 1e-06, 0.0, -0.0, 1.000001, 0.0, 0.37472, -1e-06, -0.0, 0.999999, 0.0, 0.0, 0.0, 0.0, 1.0],
                [1.0, 0.0, 1e-06, 0.0, -0.0, 1.000001, 0.0, 0.37472, -1e-06, -0.0, 0.999999, 0.0, 0.0, 0.0, 0.0, 1.0]
            ]
        },
        {
            "name": "Knee_R",
            "time": [0.0, 0.0667],
            "transform": [
                [1.0, 0.0, -0.0, 0.0, -0.0, 1e-06, -1.0, 0.37472, -0.0, 1.0, 1e-06, 0.0, 0.0, 0.0, 0.0, 1.0],
                [1.0, 0.0, -0.0, 0.0, -0.0, 1e-06, -1.0, 0.37472, -0.0, 1.0, 1e-06, 0.0, 0.0, 0.0, 0.0, 1.0]
            ]
        },
        {
            "name": "Thigh_L",
            "time": [0.0, 0.0667],
            "transform": [
                [1.0, -0.0, -0.0, -0.125006, 0.0, -1.0, 1e-06, -0.002831, -0.0, -0.0, -1.0, -1.2e-05, 0.0, 0.0, 0.0, 1.0],
                [1.0, -0.0, -0.0, -0.125006, 0.0, -1.0, 1e-06, -0.002831, -0.0, -0.0, -1.0, -1.2e-05, 0.0, 0.0, 0.0, 1.0]
            ]
        },
        {
            "name": "Leg_L",
            "time": [0.0, 0.0667],
            "transform": [
                [1.0, 0.0, 1e-06, -0.0, -0.0, 1.0, 0.0, 0.37472, -1e-06, -0.0, 1.0, -0.0, 0.0, 0.0, 0.0, 1.0],
                [1.0, 0.0, 1e-06, -0.0, -0.0, 1.0, 0.0, 0.37472, -1e-06, -0.0, 1.0, -0.0, 0.0, 0.0, 0.0, 1.0]
            ]
        },
        {
            "name": "Knee_L",
            "time": [0.0, 0.0667],
            "transform": [
                [1.0, 0.0, -0.0, -0.0, -0.0, 1e-06, -1.0, 0.37472, -0.0, 1.0, 1e-06, -0.0, 0.0, 0.0, 0.0, 1.0],
                [1.0, 0.0, -0.0, -0.0, -0.0, 1e-06, -1.0, 0.37472, -0.0, 1.0, 1e-06, -0.0, 0.0, 0.0, 0.0, 1.0]
            ]
        },
        {
            "name": "Torso",
            "time": [0.0, 0.0667],
            "transform": [
                [0.994423, -0.018908, -0.103753, 0.0, 0.020971, 0.999603, 0.018833, 0.05, 0.103356, -0.020904, 0.994425, 0.0, 0.0, 0.0, 0.0, 1.0],
                [0.994423, -0.018908, -0.103753, 0.0, 0.020971, 0.999603, 0.018833, 0.05, 0.103356, -0.020904, 0.994425, 0.0, 0.0, 0.0, 0.0, 1.0]
            ]
        },
        {
            "name": "Chest",
            "time": [0.0, 0.0667],
            "transform": [
                [0.999122, 0.000789, -0.041882, 0.0, -0.009161, 0.979735, -0.200088, 0.3, 0.040876, 0.200296, 0.978882, -0.0, 0.0, 0.0, 0.0, 1.0],
                [0.999122, 0.000789, -0.041882, 0.0, -0.009161, 0.979735, -0.200088, 0.3, 0.040876, 0.200296, 0.978882, -0.0, 0.0, 0.0, 0.0, 1.0]
            ]
        },
        {
            "name": "Head",
            "time": [0.0, 0.0667],
            "transform": [
                [0.986331, 0.160877, -0.035631, 0.0, -0.051741, 0.097089, -0.99393, 0.4, -0.156441, 0.982188, 0.104086, 0.0, 0.0, 0.0, 0.0, 1.0],
                [0.986331, 0.160877, -0.035631, 0.0, -0.051741, 0.097089, -0.99393, 0.4, -0.156441, 0.982188, 0.104086, 0.0, 0.0, 0.0, 0.0, 1.0]
            ]
        },
        {
            "name": "Shoulder_R",
            "time": [0.0, 0.0667],
            "transform": [
                [-0.01763, 0.951004, 0.308676, 0.0, 0.069805, -0.3068, 0.949211, 0.4, 0.997405, 0.038281, -0.060976, 0.0, 0.0, 0.0, 0.0, 1.0],
                [-0.01763, 0.951004, 0.308676, 0.0, 0.069805, -0.3068, 0.949211, 0.4, 0.997405, 0.038281, -0.060976, 0.0, 0.0, 0.0, 0.0, 1.0]
            ]
        },
        {
            "name": "Arm_R",
            "time": [0.0, 0.0667],
            "transform": [
                [0.908279, -0.418157, -0.013203, 0.0, 0.410674, 0.885114, 0.218909, 0.39386, -0.079852, -0.204252, 0.975656, -0.0, 0.0, 0.0, 0.0, 1.0],
                [0.908279, -0.418157, -0.013203, 0.0, 0.410674, 0.885114, 0.218909, 0.39386, -0.079852, -0.204252, 0.975656, -0.0, 0.0, 0.0, 0.0, 1.0]
            ]
        },
        {
            "name": "Hand_R",
            "time": [0.0, 0.0667],
            "transform": [
                [0.99977, -0.019585, -0.008723, 0.0, -0.006168, 0.126908, -0.991896, 0.3, 0.020533, 0.991721, 0.126758, -0.0, 0.0, 0.0, 0.0, 1.0],
                [0.99977, -0.019585, -0.008723, 0.0, -0.006168, 0.126908, -0.991896, 0.3, 0.020533, 0.991721, 0.126758, -0.0, 0.0, 0.0, 0.0, 1.0]
            ]
        },
        {
            "name": "Tool_R",
            "time": [0.0, 0.0667],
            "transform": [
                [1.0, 0.0, 0.0, -0.0, 0.0, -0.999836, 0.018122, 0.272858, 0.0, -0.018122, -0.999244, -0.0, 0.0, 0.0, 0.0, 1.0],
                [1.0, 0.0, 0.0, -0.0, 0.0, -0.999836, 0.018122, 0.272858, 0.0, -0.018122, -0.999244, -0.0, 0.0, 0.0, 0.0, 1.0]
            ]
        },
        {
            "name": "Elbow_R",
            "time": [0.0, 0.0667],
            "transform": [
                [-1.0, 0.0, -0.0, 0.0, 0.0, -0.0, -1.0, 0.445904, -0.0, -1.0, 0.0, -0.0, 0.0, 0.0, 0.0, 1.0],
                [-1.0, 0.0, -0.0, 0.0, 0.0, -0.0, -1.0, 0.445904, -0.0, -1.0, 0.0, -0.0, 0.0, 0.0, 0.0, 1.0]
            ]
        },
        {
            "name": "Shoulder_L",
            "time": [0.0, 0.0667],
            "transform": [
                [-0.121589, -0.975971, 0.180822, 0.0, 0.053478, 0.175468, 0.983032, 0.4, -0.991139, 0.129196, 0.030858, 0.0, 0.0, 0.0, 0.0, 1.0],
                [-0.121589, -0.975971, 0.180822, 0.0, 0.053478, 0.175468, 0.983032, 0.4, -0.991139, 0.129196, 0.030858, 0.0, 0.0, 0.0, 0.0, 1.0]
            ]
        },
        {
            "name": "Arm_L",
            "time": [0.0, 0.0667],
            "transform": [
                [-0.200003, 0.318076, -0.926729, 0.0, -0.979186, -0.031544, 0.200497, 0.39386, 0.03454, 0.94754, 0.317764, 0.0, 0.0, 0.0, 0.0, 1.0],
                [-0.200003, 0.318076, -0.926729, 0.0, -0.979186, -0.031544, 0.200497, 0.39386, 0.03454, 0.94754, 0.317764, 0.0, 0.0, 0.0, 0.0, 1.0]
            ]
        },
        {
            "name": "Hand_L",
            "time": [0.0, 0.0667],
            "transform": [
                [1.020763, 0.0, 0.0, 0.0, -0.0, 0.993937, 0.109947, 0.3, -0.0, -0.109947, 0.993937, -0.0, 0.0, 0.0, 0.0, 1.0],
                [1.020763, 0.0, 0.0, 0.0, -0.0, 0.993937, 0.109947, 0.3, -0.0, -0.109947, 0.993937, -0.0, 0.0, 0.0, 0.0, 1.0]
            ]
        },
        {
            "name": "Tool_L",
            "time": [0.0, 0.0667],
            "transform": [
                [0.940482, 0.325221, 0.098612, -0.0, 0.338687, -0.920869, -0.193111, 0.272858, 0.027992, 0.21488, -0.975637, -0.0, 0.0, 0.0, 0.0, 1.0],
                [0.940482, 0.325221, 0.098612, -0.0, 0.338687, -0.920869, -0.193111, 0.272858, 0.027992, 0.21488, -0.975637, -0.0, 0.0, 0.0, 0.0, 1.0]
            ]
        },
        {
            "name": "Elbow_L",
            "time": [0.0, 0.0667],
            "transform": [
                [-1.0, 0.0, -0.0, 0.0, 0.0, -0.0, -1.0, 0.3, -0.0, -1.0, -0.0, -0.0, 0.0, 0.0, 0.0, 1.0],
                [-1.0, 0.0, -0.0, 0.0, 0.0, -0.0, -1.0, 0.3, -0.0, -1.0, -0.0, -0.0, 0.0, 0.0, 0.0, 1.0]
            ]
        }
    ]
}