{
    "animation": [
        {
            "name": "Root",
            "time": [0.0, 0.4333],
            "transform": [
                [0.854689, 0.0, -0.51914, -5e-06, -0.51914, 0.0, -0.854689, 0.000946, 0.0, 1.0, 0.0, 0.758314, 0.0, 0.0, 0.0, 1.0],
                [0.854689, 0.0, -0.51914, -5e-06, -0.51914, 0.0, -0.854689, 0.000946, 0.0, 1.0, 0.0, 0.758314, 0.0, 0.0, 0.0, 1.0]
            ]
        },
        {
            "name": "Thigh_R",
            "time": [0.0, 0.4333],
            "transform": [
                [0.905155, 0.122199, 0.407137, 0.124994, 0.059717, -0.984843, 0.162831, -0.002831, 0.420865, -0.123074, -0.898736, -1.2e-05, 0.0, 0.0, 0.0, 1.0],
                [0.905155, 0.122199, 0.407137, 0.124994, 0.059717, -0.984843, 0.162831, -0.002831, 0.420865, -0.123074, -0.898736, -1.2e-05, 0.0, 0.0, 0.0, 1.0]
            ]
        },
        {
            "name": "Leg_R",
            "time": [0.0, 0.4333],
            "transform": [
                [1.0, -0.0, 1e-06, -0.0, -0.0, 0.971417, 0.237383, 0.37472, -1e-06, -0.237383, 0.971415, 0.0, 0.0, 0.0, 0.0, 1.0],
                [1.0, -0.0, 1e-06, -0.0, -0.0, 0.971417, 0.237383, 0.37472, -1e-06, -0.237383, 0.971415, 0.0, 0.0, 0.0, 0.0, 1.0]
            ]
        },
        {
            "name": "Knee_R",
            "time": [0.0, 0.4333],
            "transform": [
                [1.0, -0.0, -0.0, -0.0, -0.0, 1e-06, -1.0, 0.37472, -0.0, 1.0, 1e-06, 0.0, 0.0, 0.0, 0.0, 1.0],
                [1.0, -0.0, -0.0, -0.0, -0.0, 1e-06, -1.0, 0.37472, -0.0, 1.0, 1e-06, 0.0, 0.0, 0.0, 0.0, 1.0]
            ]
        },
        {
            "name": "Thigh_L",
            "time": [0.0, 0.4333],
            "transform": [
                [0.867877, -0.119293, -0.482244, -0.125006, -0.027313, -0.98073, 0.193449, -0.002831, -0.496028, -0.154718, -0.854411, -1.2e-05, 0.0, 0.0, 0.0, 1.0],
                [0.867877, -0.119293, -0.482244, -0.125006, -0.027313, -0.98073, 0.193449, -0.002831, -0.496028, -0.154718, -0.854411, -1.2e-05, 0.0, 0.0, 0.0, 1.0]
            ]
        },
        {
            "name": "Leg_L",
            "time": [0.0, 0.4333],
            "transform": [
                [1.0, -0.0, 2e-06, 0.0, 0.0, 0.984581, 0.174928, 0.37472, -2e-06, -0.174928, 0.984582, -0.0, 0.0, 0.0, 0.0, 1.0],
                [1.0, -0.0, 2e-06, 0.0, 0.0, 0.984581, 0.174928, 0.37472, -2e-06, -0.174928, 0.984582, -0.0, 0.0, 0.0, 0.0, 1.0]
            ]
        },
        {
            "name": "Knee_L",
            "time": [0.0, 0.4333],
            "transform": [
                [1.0, 0.0, -0.0, 0.0, -0.0, 1e-06, -1.0, 0.37472, -0.0, 1.0, 1e-06, -0.0, 0.0, 0.0, 0.0, 1.0],
                [1.0, 0.0, -0.0, 0.0, -0.0, 1e-06, -1.0, 0.37472, -0.0, 1.0, 1e-06, -0.0, 0.0, 0.0, 0.0, 1.0]
            ]
        },
        {
            "name": "Torso",
            "time": [0.0, 0.4333],
            "transform": [
                [0.976786, -0.21133, -0.035058, -0.0, 0.210811, 0.919218, 0.33256, 0.05, -0.038054, -0.332231, 0.94243, 0.0, 0.0, 0.0, 0.0, 1.0],
                [0.976786, -0.21133, -0.035058, -0.0, 0.210811, 0.919218, 0.33256, 0.05, -0.038054, -0.332231, 0.94243, 0.0, 0.0, 0.0, 0.0, 1.0]
            ]
        },
        {
            "name": "Chest",
            "time": [0.0, 0.0833, 0.4333],
            "transform": [
                [0.945915, -0.289188, -0.147018, -0.0, 0.320574, 0.902742, 0.286861, 0.3, 0.049762, -0.318477, 0.946624, 0.0, 0.0, 0.0, 0.0, 1.0],
                [0.943926, -0.289168, -0.159326, -0.0, 0.324264, 0.90275, 0.282658, 0.3, 0.062096, -0.318472, 0.945896, 0.0, 0.0, 0.0, 0.0, 1.0],
                [0.910905, -0.288952, -0.294548, -0.0, 0.361612, 0.902844, 0.232613, 0.3, 0.198716, -0.318401, 0.926894, 0.0, 0.0, 0.0, 0.0, 1.0]
            ]
        },
        {
            "name": "Head",
            "time": [0.0, 0.0833, 0.4333],
            "transform": [
                [0.77891, 0.512537, 0.361392, -0.0, -0.089383, 0.661105, -0.74495, 0.4, -0.620733, 0.547947, 0.560754, -0.0, 0.0, 0.0, 0.0, 1.0],
                [0.770685, 0.52003, 0.368257, 0.0, -0.089821, 0.660802, -0.745167, 0.4, -0.630854, 0.541212, 0.55598, -0.0, 0.0, 0.0, 0.0, 1.0],
                [0.670162, 0.597429, 0.44041, 0.0, -0.094361, 0.657138, -0.747841, 0.4, -0.736192, 0.459617, 0.496763, 0.0, 0.0, 0.0, 0.0, 1.0]
            ]
        },
        {
            "name": "Shoulder_R",
            "time": [0.0, 0.4333],
            "transform": [
                [0.517132, 0.854833, -0.042834, -0.0, 0.441704, -0.223674, 0.868831, 0.4, 0.733125, -0.46822, -0.493252, -0.0, 0.0, 0.0, 0.0, 1.0],
                [0.517132, 0.854833, -0.042834, 0.0, 0.441704, -0.223674, 0.868831, 0.4, 0.733125, -0.46822, -0.493252, 0.0, 0.0, 0.0, 0.0, 1.0]
            ]
        },
        {
            "name": "Arm_R",
            "time": [0.0, 0.0833, 0.4333],
            "transform": [
                [-0.512121, -0.842448, 0.167374, -0.0, -0.204311, -0.069791, -0.976415, 0.39386, 0.83426, -0.534239, -0.13638, 0.0, 0.0, 0.0, 0.0, 1.0],
                [-0.08602, -0.96735, 0.238401, 0.0, -0.201394, -0.217465, -0.955065, 0.39386, 0.975726, -0.130168, -0.176113, 0.0, 0.0, 0.0, 0.0, 1.0],
                [-0.036824, -0.991495, -0.124832, -0.0, -0.281684, 0.13015, -0.95064, 0.393861, 0.958801, 0.000157, -0.28408, 0.0, 0.0, 0.0, 0.0, 1.0]
            ]
        },
        {
            "name": "Hand_R",
            "time": [0.0, 0.0833, 0.4333],
            "transform": [
                [0.998519, -0.052616, -0.013819, 0.0, 0.053536, 0.995526, 0.077857, 0.3, 0.00966, -0.078482, 0.996869, 0.0, 0.0, 0.0, 0.0, 1.0],
                [0.998565, -0.052314, -0.011451, -0.0, 0.051865, 0.997987, -0.036504, 0.3, 0.013337, 0.035858, 0.999268, -0.0, 0.0, 0.0, 0.0, 1.0],
                [0.999478, -0.031831, 0.005582, 0.0, 0.010239, 0.148067, -0.988925, 0.3, 0.030652, 0.988465, 0.148315, -0.0, 0.0, 0.0, 0.0, 1.0]
            ]
        },
        {
            "name": "Tool_R",
            "time": [0.0, 0.4333],
            "transform": [
                [1.0, -0.0, 0.0, -0.0, 0.0, -0.999836, 0.018122, 0.272858, 0.0, -0.018122, -0.999244, -0.0, 0.0, 0.0, 0.0, 1.0],
                [1.0, 0.0, 0.0, 0.0, 0.0, -0.999836, 0.018122, 0.272858, 0.0, -0.018122, -0.999244, 0.0, 0.0, 0.0, 0.0, 1.0]
            ]
        },
        {
            "name": "Elbow_R",
            "time": [0.0, 0.0833, 0.4333],
            "transform": [
                [-1.0, 0.0, -0.0, 0.0, 0.0, -0.0, -1.0, 0.3, -0.0, -1.0, 0.0, 0.0, 0.0, 0.0, 0.0, 1.0],
                [-1.0, 0.0, -0.0, -0.0, 0.0, -0.0, -1.0, 0.3, -0.0, -1.0, 0.0, -0.0, 0.0, 0.0, 0.0, 1.0],
                [-1.0, 0.0, -0.0, 0.000328, 0.0, -0.0, -1.0, 0.447645, -0.0, -1.0, 0.0, -0.001899, 0.0, 0.0, 0.0, 1.0]
            ]
        },
        {
            "name": "Shoulder_L",
            "time": [0.0, 0.4333],
            "transform": [
                [0.401521, -0.691779, -0.600185, -0.0, -0.179328, -0.702031, 0.689198, 0.4, -0.898121, -0.169098, -0.405936, -0.0, 0.0, 0.0, 0.0, 1.0],
                [0.401521, -0.691779, -0.600185, 0.0, -0.179328, -0.702031, 0.689198, 0.4, -0.898121, -0.169098, -0.405936, 0.0, 0.0, 0.0, 0.0, 1.0]
            ]
        },
        {
            "name": "Arm_L",
            "time": [0.0, 0.0833, 0.4333],
            "transform": [
                [0.732696, 0.630555, 0.256039, 0.0, -0.672383, 0.728842, 0.129189, 0.39386, -0.105152, -0.266813, 0.957995, -0.0, 0.0, 0.0, 0.0, 1.0],
                [0.72693, 0.68626, 0.024908, 0.0, -0.639105, 0.68936, -0.341069, 0.39386, -0.251233, 0.232014, 0.939708, 0.0, 0.0, 0.0, 0.0, 1.0],
                [0.794895, 0.605443, 0.039758, -0.0, -0.563113, 0.760544, -0.323227, 0.39386, -0.225933, 0.234544, 0.945486, -0.0, 0.0, 0.0, 0.0, 1.0]
            ]
        },
        {
            "name": "Hand_L",
            "time": [0.0, 0.4333],
            "transform": [
                [1.020763, 0.0, 0.0, 0.0, -0.0, 0.993938, 0.109947, 0.3, -0.0, -0.109947, 0.993937, -0.0, 0.0, 0.0, 0.0, 1.0],
                [1.020763, 0.0, 0.0, -0.0, -0.0, 0.993938, 0.109947, 0.3, -0.0, -0.109947, 0.993937, 0.0, 0.0, 0.0, 0.0, 1.0]
            ]
        },
        {
            "name": "Tool_L",
            "time": [0.0, 0.0833, 0.4333],
            "transform": [
                [0.939949, 0.340113, 0.028619, 0.0, 0.340126, -0.940369, 0.004538, 0.272858, 0.028443, 0.005456, -0.998992, 0.0, 0.0, 0.0, 0.0, 1.0],
                [0.939992, 0.339451, 0.034467, 0.0, 0.340012, -0.940347, -0.011796, 0.272858, 0.028394, 0.022784, -0.998749, 0.0, 0.0, 0.0, 0.0, 1.0],
                [0.940482, 0.325221, 0.098612, 0.0, 0.338687, -0.920869, -0.193111, 0.272858, 0.027992, 0.21488, -0.975637, 0.0, 0.0, 0.0, 0.0, 1.0]
            ]
        },
        {
            "name": "Elbow_L",
            "time": [0.0, 0.4333],
            "transform": [
                [-1.0, 0.0, -0.0, 0.0, 0.0, -0.0, -1.0, 0.3, -0.0, -1.0, -0.0, -0.0, 0.0, 0.0, 0.0, 1.0],
                [-1.0, 0.0, -0.0, -0.0, -0.0, -0.0, -1.0, 0.3, -0.0, -1.0, -0.0, 0.0, 0.0, 0.0, 0.0, 1.0]
            ]
        }
    ]
}