{
    "animation": [
        {
            "name": "Root",
            "time": [0.0, 0.0667],
            "transform": [
                [0.854689, 0.0, -0.51914, -5e-06, -0.51914, 0.0, -0.854689, 0.000946, 0.0, 1.0, 0.0, 0.758314, 0.0, 0.0, 0.0, 1.0],
                [0.854689, 0.0, -0.51914, -5e-06, -0.51914, 0.0, -0.854689, 0.000946, 0.0, 1.0, 0.0, 0.758314, 0.0, 0.0, 0.0, 1.0]
            ]
        },
        {
            "name": "Thigh_R",
            "time": [0.0, 0.0667],
            "transform": [
                [0.905155, 0.122199, 0.407137, 0.124994, 0.059717, -0.984843, 0.162831, -0.002831, 0.420865, -0.123074, -0.898736, -1.2e-05, 0.0, 0.0, 0.0, 1.0],
                [0.905155, 0.122199, 0.407137, 0.124994, 0.059717, -0.984843, 0.162831, -0.002831, 0.420865, -0.123074, -0.898736, -1.2e-05, 0.0, 0.0, 0.0, 1.0]
            ]
        },
        {
            "name": "Leg_R",
            "time": [0.0, 0.0667],
            "transform": [
                [1.0, -0.0, 1e-06, -0.0, -0.0, 0.971417, 0.237383, 0.37472, -1e-06, -0.237383, 0.971415, 0.0, 0.0, 0.0, 0.0, 1.0],
                [1.0, -0.0, 1e-06, -0.0, -0.0, 0.971417, 0.237383, 0.37472, -1e-06, -0.237383, 0.971415, 0.0, 0.0, 0.0, 0.0, 1.0]
            ]
        },
        {
            "name": "Knee_R",
            "time": [0.0, 0.0667],
            "transform": [
                [1.0, -0.0, -0.0, -0.0, -0.0, 1e-06, -1.0, 0.37472, -0.0, 1.0, 1e-06, 0.0, 0.0, 0.0, 0.0, 1.0],
                [1.0, -0.0, -0.0, -0.0, -0.0, 1e-06, -1.0, 0.37472, -0.0, 1.0, 1e-06, 0.0, 0.0, 0.0, 0.0, 1.0]
            ]
        },
        {
            "name": "Thigh_L",
            "time": [0.0, 0.0667],
            "transform": [
                [0.867877, -0.119293, -0.482244, -0.125006, -0.027313, -0.98073, 0.193449, -0.002831, -0.496028, -0.154718, -0.854411, -1.2e-05, 0.0, 0.0, 0.0, 1.0],
                [0.867877, -0.119293, -0.482244, -0.125006, -0.027313, -0.98073, 0.193449, -0.002831, -0.496028, -0.154718, -0.854411, -1.2e-05, 0.0, 0.0, 0.0, 1.0]
            ]
        },
        {
            "name": "Leg_L",
            "time": [0.0, 0.0667],
            "transform": [
                [1.0, -0.0, 2e-06, 0.0, 0.0, 0.984581, 0.174928, 0.37472, -2e-06, -0.174928, 0.984582, -0.0, 0.0, 0.0, 0.0, 1.0],
                [1.0, -0.0, 2e-06, 0.0, 0.0, 0.984581, 0.174928, 0.37472, -2e-06, -0.174928, 0.984582, -0.0, 0.0, 0.0, 0.0, 1.0]
            ]
        },
        {
            "name": "Knee_L",
            "time": [0.0, 0.0667],
            "transform": [
                [1.0, 0.0, -0.0, 0.0, -0.0, 1e-06, -1.0, 0.37472, -0.0, 1.0, 1e-06, -0.0, 0.0, 0.0, 0.0, 1.0],
                [1.0, 0.0, -0.0, 0.0, -0.0, 1e-06, -1.0, 0.37472, -0.0, 1.0, 1e-06, -0.0, 0.0, 0.0, 0.0, 1.0]
            ]
        },
        {
            "name": "Torso",
            "time": [0.0, 0.0667],
            "transform": [
                [0.99978, -0.020971, -0.000197, -0.0, 0.020971, 0.999603, 0.018833, 0.05, -0.000198, -0.018833, 0.999823, 0.0, 0.0, 0.0, 0.0, 1.0],
                [0.99978, -0.020971, -0.000197, -0.0, 0.020971, 0.999603, 0.018833, 0.05, -0.000198, -0.018833, 0.999823, 0.0, 0.0, 0.0, 0.0, 1.0]
            ]
        },
        {
            "name": "Chest",
            "time": [0.0, 0.0667],
            "transform": [
                [0.939171, -0.060537, -0.338072, -0.0, 0.038187, 0.996646, -0.07238, 0.3, 0.34132, 0.055068, 0.938333, 0.0, 0.0, 0.0, 0.0, 1.0],
                [0.939171, -0.060537, -0.338072, -0.0, 0.038187, 0.996646, -0.07238, 0.3, 0.34132, 0.055068, 0.938333, 0.0, 0.0, 0.0, 0.0, 1.0]
            ]
        },
        {
            "name": "Head",
            "time": [0.0, 0.0667],
            "transform": [
                [0.588735, 0.058927, 0.806176, 0.0, -0.085826, 0.996259, -0.010143, 0.4, -0.803757, -0.063219, 0.591589, 0.0, 0.0, 0.0, 0.0, 1.0],
                [0.588735, 0.058927, 0.806176, 0.0, -0.085826, 0.996259, -0.010143, 0.4, -0.803757, -0.063219, 0.591589, 0.0, 0.0, 0.0, 0.0, 1.0]
            ]
        },
        {
            "name": "Shoulder_R",
            "time": [0.0, 0.0667],
            "transform": [
                [-0.241588, 0.917293, 0.316557, 0.0, 0.018644, -0.321772, 0.946634, 0.4, 0.9702, 0.234598, 0.060634, 0.0, 0.0, 0.0, 0.0, 1.0],
                [-0.241588, 0.917293, 0.316557, 0.0, 0.018644, -0.321772, 0.946634, 0.4, 0.9702, 0.234598, 0.060634, 0.0, 0.0, 0.0, 0.0, 1.0]
            ]
        },
        {
            "name": "Arm_R",
            "time": [0.0, 0.0667],
            "transform": [
                [0.496848, -0.649407, -0.575685, 0.0, -0.045993, 0.642719, -0.76472, 0.393861, 0.866619, 0.406427, 0.289465, 0.0, 0.0, 0.0, 0.0, 1.0],
                [0.496848, -0.649407, -0.575685, 0.0, -0.045993, 0.642719, -0.76472, 0.393861, 0.866619, 0.406427, 0.289465, 0.0, 0.0, 0.0, 0.0, 1.0]
            ]
        },
        {
            "name": "Hand_R",
            "time": [0.0, 0.0667],
            "transform": [
                [0.999775, -0.021048, 0.002584, -0.0, -0.0057, -0.384088, -0.92328, 0.3, 0.020426, 0.923057, -0.384121, -0.0, 0.0, 0.0, 0.0, 1.0],
                [0.999775, -0.021048, 0.002584, -0.0, -0.0057, -0.384088, -0.92328, 0.3, 0.020426, 0.923057, -0.384121, -0.0, 0.0, 0.0, 0.0, 1.0]
            ]
        },
        {
            "name": "Tool_R",
            "time": [0.0, 0.0667],
            "transform": [
                [1.0, 0.0, 0.0, 0.0, 0.0, -0.999836, 0.018122, 0.272858, 0.0, -0.018122, -0.999244, -0.0, 0.0, 0.0, 0.0, 1.0],
                [1.0, 0.0, 0.0, 0.0, 0.0, -0.999836, 0.018122, 0.272858, 0.0, -0.018122, -0.999244, -0.0, 0.0, 0.0, 0.0, 1.0]
            ]
        },
        {
            "name": "Elbow_R",
            "time": [0.0, 0.0667],
            "transform": [
                [-1.0, 0.0, 0.0, 0.0, 0.0, -0.0, -1.0, 0.445904, -0.0, -1.0, 0.0, 0.0, 0.0, 0.0, 0.0, 1.0],
                [-1.0, 0.0, 0.0, 0.0, 0.0, -0.0, -1.0, 0.445904, -0.0, -1.0, 0.0, 0.0, 0.0, 0.0, 0.0, 1.0]
            ]
        },
        {
            "name": "Shoulder_L",
            "time": [0.0, 0.0667],
            "transform": [
                [0.4063, -0.872793, -0.270467, 0.0, -0.015279, -0.302448, 0.953043, 0.4, -0.913612, -0.383089, -0.13622, 0.0, 0.0, 0.0, 0.0, 1.0],
                [0.4063, -0.872793, -0.270467, 0.0, -0.015279, -0.302448, 0.953043, 0.4, -0.913612, -0.383089, -0.13622, 0.0, 0.0, 0.0, 0.0, 1.0]
            ]
        },
        {
            "name": "Arm_L",
            "time": [0.0, 0.0667],
            "transform": [
                [0.838027, 0.538969, 0.084987, 0.0, -0.523771, 0.838282, -0.151486, 0.39386, -0.15289, 0.082435, 0.984799, -0.0, 0.0, 0.0, 0.0, 1.0],
                [0.838027, 0.538969, 0.084987, 0.0, -0.523771, 0.838282, -0.151486, 0.39386, -0.15289, 0.082435, 0.984799, -0.0, 0.0, 0.0, 0.0, 1.0]
            ]
        },
        {
            "name": "Hand_L",
            "time": [0.0, 0.0667],
            "transform": [
                [1.020763, -0.0, 0.0, -0.0, -0.0, 0.993938, 0.109947, 0.3, -0.0, -0.109947, 0.993937, -0.0, 0.0, 0.0, 0.0, 1.0],
                [1.020763, -0.0, 0.0, -0.0, -0.0, 0.993938, 0.109947, 0.3, -0.0, -0.109947, 0.993937, -0.0, 0.0, 0.0, 0.0, 1.0]
            ]
        },
        {
            "name": "Tool_L",
            "time": [0.0, 0.0667],
            "transform": [
                [0.941064, 0.326756, 0.087341, 0.0, 0.336807, -0.92897, -0.153545, 0.272858, 0.030951, 0.173801, -0.983697, 0.0, 0.0, 0.0, 0.0, 1.0],
                [0.941064, 0.326756, 0.087341, 0.0, 0.336807, -0.92897, -0.153545, 0.272858, 0.030951, 0.173801, -0.983697, 0.0, 0.0, 0.0, 0.0, 1.0]
            ]
        },
        {
            "name": "Elbow_L",
            "time": [0.0, 0.0667],
            "transform": [
                [-1.0, 0.0, -0.0, -0.0, 0.0, -0.0, -1.0, 0.3, -0.0, -1.0, -0.0, -0.0, 0.0, 0.0, 0.0, 1.0],
                [-1.0, 0.0, -0.0, -0.0, 0.0, -0.0, -1.0, 0.3, -0.0, -1.0, -0.0, -0.0, 0.0, 0.0, 0.0, 1.0]
            ]
        }
    ]
}