{
    "animation": [
        {
            "name": "Root",
            "time": [0.0, 0.4333],
            "transform": [
                [0.854689, 0.0, -0.51914, -5e-06, -0.51914, 0.0, -0.854689, 0.000946, 0.0, 1.0, 0.0, 0.758314, 0.0, 0.0, 0.0, 1.0],
                [0.854689, 0.0, -0.51914, -5e-06, -0.51914, 0.0, -0.854689, 0.000946, 0.0, 1.0, 0.0, 0.758314, 0.0, 0.0, 0.0, 1.0]
            ]
        },
        {
            "name": "Thigh_R",
            "time": [0.0, 0.4333],
            "transform": [
                [0.905155, 0.122199, 0.407137, 0.124994, 0.059717, -0.984843, 0.162831, -0.002831, 0.420865, -0.123074, -0.898736, -1.2e-05, 0.0, 0.0, 0.0, 1.0],
                [0.905155, 0.122199, 0.407137, 0.124994, 0.059717, -0.984843, 0.162831, -0.002831, 0.420865, -0.123074, -0.898736, -1.2e-05, 0.0, 0.0, 0.0, 1.0]
            ]
        },
        {
            "name": "Leg_R",
            "time": [0.0, 0.4333],
            "transform": [
                [1.0, -0.0, 1e-06, -0.0, -0.0, 0.971417, 0.237383, 0.37472, -1e-06, -0.237383, 0.971415, 0.0, 0.0, 0.0, 0.0, 1.0],
                [1.0, -0.0, 1e-06, -0.0, -0.0, 0.971417, 0.237383, 0.37472, -1e-06, -0.237383, 0.971415, 0.0, 0.0, 0.0, 0.0, 1.0]
            ]
        },
        {
            "name": "Knee_R",
            "time": [0.0, 0.4333],
            "transform": [
                [1.0, -0.0, -0.0, -0.0, -0.0, 1e-06, -1.0, 0.37472, -0.0, 1.0, 1e-06, 0.0, 0.0, 0.0, 0.0, 1.0],
                [1.0, -0.0, -0.0, -0.0, -0.0, 1e-06, -1.0, 0.37472, -0.0, 1.0, 1e-06, 0.0, 0.0, 0.0, 0.0, 1.0]
            ]
        },
        {
            "name": "Thigh_L",
            "time": [0.0, 0.4333],
            "transform": [
                [0.867877, -0.119293, -0.482244, -0.125006, -0.027313, -0.98073, 0.193449, -0.002831, -0.496028, -0.154718, -0.854411, -1.2e-05, 0.0, 0.0, 0.0, 1.0],
                [0.867877, -0.119293, -0.482244, -0.125006, -0.027313, -0.98073, 0.193449, -0.002831, -0.496028, -0.154718, -0.854411, -1.2e-05, 0.0, 0.0, 0.0, 1.0]
            ]
        },
        {
            "name": "Leg_L",
            "time": [0.0, 0.4333],
            "transform": [
                [1.0, -0.0, 2e-06, 0.0, 0.0, 0.984581, 0.174928, 0.37472, -2e-06, -0.174928, 0.984582, -0.0, 0.0, 0.0, 0.0, 1.0],
                [1.0, -0.0, 2e-06, 0.0, 0.0, 0.984581, 0.174928, 0.37472, -2e-06, -0.174928, 0.984582, -0.0, 0.0, 0.0, 0.0, 1.0]
            ]
        },
        {
            "name": "Knee_L",
            "time": [0.0, 0.4333],
            "transform": [
                [1.0, 0.0, -0.0, 0.0, -0.0, 1e-06, -1.0, 0.37472, -0.0, 1.0, 1e-06, -0.0, 0.0, 0.0, 0.0, 1.0],
                [1.0, 0.0, -0.0, 0.0, -0.0, 1e-06, -1.0, 0.37472, -0.0, 1.0, 1e-06, -0.0, 0.0, 0.0, 0.0, 1.0]
            ]
        },
        {
            "name": "Torso",
            "time": [0.0, 0.4333],
            "transform": [
                [0.99978, -0.020971, -0.000197, -0.0, 0.020971, 0.999603, 0.018833, 0.05, -0.000198, -0.018833, 0.999823, 0.0, 0.0, 0.0, 0.0, 1.0],
                [0.99978, -0.020971, -0.000197, -0.0, 0.020971, 0.999603, 0.018833, 0.05, -0.000198, -0.018833, 0.999823, 0.0, 0.0, 0.0, 0.0, 1.0]
            ]
        },
        {
            "name": "Chest",
            "time": [0.0, 0.0833, 0.4333],
            "transform": [
                [0.992728, -0.035903, 0.114904, -0.0, 0.045594, 0.995518, -0.082856, 0.3, -0.111415, 0.087492, 0.989915, 0.0, 0.0, 0.0, 0.0, 1.0],
                [0.995859, -0.038112, 0.082535, -0.0, 0.044918, 0.9956, -0.082238, 0.3, -0.079038, 0.085605, 0.993189, 0.0, 0.0, 0.0, 0.0, 1.0],
                [0.958561, -0.058119, -0.278895, -0.0, 0.038894, 0.996501, -0.073982, 0.3, 0.282219, 0.060069, 0.957467, 0.0, 0.0, 0.0, 0.0, 1.0]
            ]
        },
        {
            "name": "Head",
            "time": [0.0, 0.0833, 0.4333],
            "transform": [
                [0.882007, 0.060093, 0.467389, 0.0, -0.083672, 0.996047, 0.029833, 0.4, -0.463748, -0.06542, 0.883549, -0.0, 0.0, 0.0, 0.0, 1.0],
                [0.866308, 0.059977, 0.495896, 0.0, -0.084431, 0.996063, 0.027026, 0.4, -0.492322, -0.065282, 0.867961, -0.0, 0.0, 0.0, 0.0, 1.0],
                [0.63148, 0.059012, 0.773143, -0.0, -0.086526, 0.996235, -0.005368, 0.4, -0.770549, -0.063508, 0.634208, 0.0, 0.0, 0.0, 0.0, 1.0]
            ]
        },
        {
            "name": "Shoulder_R",
            "time": [0.0, 0.0833, 0.4333],
            "transform": [
                [0.475001, 0.815823, 0.329858, 0.0, -0.033248, -0.357939, 0.933153, 0.4, 0.879357, -0.454215, -0.142897, -0.0, 0.0, 0.0, 0.0, 1.0],
                [0.481991, 0.811992, 0.329171, 0.0, -0.033937, -0.358107, 0.933064, 0.4, 0.875518, -0.4609, -0.145048, -0.0, 0.0, 0.0, 0.0, 1.0],
                [0.557839, 0.765638, 0.320334, -0.0, -0.041724, -0.359609, 0.93217, 0.4, 0.8289, -0.533366, -0.168658, 0.0, 0.0, 0.0, 0.0, 1.0]
            ]
        },
        {
            "name": "Arm_R",
            "time": [0.0, 0.0833, 0.4333],
            "transform": [
                [-0.512121, -0.842448, 0.167374, 0.0, -0.204311, -0.069791, -0.976415, 0.39386, 0.83426, -0.534239, -0.13638, 0.0, 0.0, 0.0, 0.0, 1.0],
                [-0.08602, -0.96735, 0.238401, 0.0, -0.201394, -0.217465, -0.955065, 0.393861, 0.975726, -0.130168, -0.176112, 0.0, 0.0, 0.0, 0.0, 1.0],
                [-0.036824, -0.991495, -0.124832, 0.0, -0.281684, 0.13015, -0.95064, 0.39386, 0.958801, 0.000157, -0.28408, 0.0, 0.0, 0.0, 0.0, 1.0]
            ]
        },
        {
            "name": "Hand_R",
            "time": [0.0, 0.0833, 0.4333],
            "transform": [
                [0.998519, -0.052616, -0.013819, -0.0, 0.053536, 0.995526, 0.077857, 0.3, 0.00966, -0.078482, 0.996869, -0.0, 0.0, 0.0, 0.0, 1.0],
                [0.998565, -0.052314, -0.011451, -0.0, 0.051865, 0.997987, -0.036504, 0.3, 0.013337, 0.035858, 0.999268, -0.0, 0.0, 0.0, 0.0, 1.0],
                [0.999478, -0.031831, 0.005582, 0.0, 0.010239, 0.148067, -0.988925, 0.3, 0.030652, 0.988465, 0.148315, 0.0, 0.0, 0.0, 0.0, 1.0]
            ]
        },
        {
            "name": "Tool_R",
            "time": [0.0, 0.4333],
            "transform": [
                [1.0, 0.0, 0.0, -0.0, 0.0, -0.999836, 0.018122, 0.272858, 0.0, -0.018122, -0.999244, 0.0, 0.0, 0.0, 0.0, 1.0],
                [1.0, 0.0, 0.0, 0.0, 0.0, -0.999836, 0.018122, 0.272858, 0.0, -0.018122, -0.999244, 0.0, 0.0, 0.0, 0.0, 1.0]
            ]
        },
        {
            "name": "Elbow_R",
            "time": [0.0, 0.0833, 0.4333],
            "transform": [
                [-1.0, 0.0, -0.0, -0.0, -0.0, -0.0, -1.0, 0.3, -0.0, -1.0, 0.0, -0.0, 0.0, 0.0, 0.0, 1.0],
                [-1.0, 0.0, -0.0, -0.0, 0.0, -0.0, -1.0, 0.3, -0.0, -1.0, 0.0, -0.0, 0.0, 0.0, 0.0, 1.0],
                [-1.0, 0.0, -0.0, 0.0, 0.0, -0.0, -1.0, 0.445114, -0.0, -1.0, 0.0, 0.0, 0.0, 0.0, 0.0, 1.0]
            ]
        },
        {
            "name": "Shoulder_L",
            "time": [0.0, 0.0833, 0.4333],
            "transform": [
                [0.611541, -0.753077, -0.242678, 0.0, -0.02092, -0.322, 0.946508, 0.4, -0.790936, -0.573752, -0.212671, -0.0, 0.0, 0.0, 0.0, 1.0],
                [0.595865, -0.764594, -0.245643, 0.0, -0.020645, -0.320358, 0.947072, 0.4, -0.802819, -0.559255, -0.206675, -0.0, 0.0, 0.0, 0.0, 1.0],
                [0.4063, -0.872793, -0.270467, -0.0, -0.015279, -0.302448, 0.953043, 0.4, -0.913612, -0.383089, -0.13622, 0.0, 0.0, 0.0, 0.0, 1.0]
            ]
        },
        {
            "name": "Arm_L",
            "time": [0.0, 0.0833, 0.4333],
            "transform": [
                [0.732696, 0.630555, 0.256039, 0.0, -0.672383, 0.728842, 0.129189, 0.39386, -0.105152, -0.266813, 0.957995, 0.0, 0.0, 0.0, 0.0, 1.0],
                [0.72693, 0.68626, 0.024908, -0.0, -0.639105, 0.68936, -0.341069, 0.39386, -0.251232, 0.232014, 0.939708, 0.0, 0.0, 0.0, 0.0, 1.0],
                [0.794895, 0.605443, 0.039758, -0.0, -0.563113, 0.760544, -0.323227, 0.39386, -0.225933, 0.234543, 0.945486, 0.0, 0.0, 0.0, 0.0, 1.0]
            ]
        },
        {
            "name": "Hand_L",
            "time": [0.0, 0.4333],
            "transform": [
                [1.020763, 0.0, 0.0, -0.0, -0.0, 0.993937, 0.109947, 0.3, -0.0, -0.109947, 0.993937, -0.0, 0.0, 0.0, 0.0, 1.0],
                [1.020763, 0.0, 0.0, 0.0, -0.0, 0.993938, 0.109947, 0.3, -0.0, -0.109947, 0.993937, 0.0, 0.0, 0.0, 0.0, 1.0]
            ]
        },
        {
            "name": "Tool_L",
            "time": [0.0, 0.0833, 0.4333],
            "transform": [
                [0.939949, 0.340113, 0.028619, -0.0, 0.340126, -0.940369, 0.004538, 0.272858, 0.028443, 0.005456, -0.998992, 0.0, 0.0, 0.0, 0.0, 1.0],
                [0.939992, 0.339451, 0.034467, 0.0, 0.340012, -0.940347, -0.011796, 0.272858, 0.028394, 0.022784, -0.998749, -0.0, 0.0, 0.0, 0.0, 1.0],
                [0.940482, 0.325221, 0.098612, -0.0, 0.338687, -0.920869, -0.193111, 0.272858, 0.027992, 0.21488, -0.975637, -0.0, 0.0, 0.0, 0.0, 1.0]
            ]
        },
        {
            "name": "Elbow_L",
            "time": [0.0, 0.4333],
            "transform": [
                [-1.0, 0.0, -0.0, -0.0, 0.0, -0.0, -1.0, 0.3, -0.0, -1.0, -0.0, -0.0, 0.0, 0.0, 0.0, 1.0],
                [-1.0, 0.0, -0.0, 0.0, 0.0, -0.0, -1.0, 0.3, -0.0, -1.0, -0.0, 0.0, 0.0, 0.0, 0.0, 1.0]
            ]
        }
    ]
}