{
    "animation": [
        {
            "name": "Root",
            "time": [0.0, 0.4333],
            "transform": [
                [1.0, 0.0, 0.0, -5e-06, 0.0, 1.0, 0.0, 0.000946, 0.0, -0.0, 1.0, 0.367881, 0.0, 0.0, 0.0, 1.0],
                [1.0, 0.0, 0.0, -5e-06, 0.0, 1.0, 0.0, 0.000946, 0.0, -0.0, 1.0, 0.367881, 0.0, 0.0, 0.0, 1.0]
            ]
        },
        {
            "name": "Thigh_R",
            "time": [0.0, 0.4333],
            "transform": [
                [1.0, -0.0, -0.0, 0.124994, 0.0, -0.999998, 1e-06, -0.002831, -0.0, -0.0, -1.0, -1.2e-05, 0.0, 0.0, 0.0, 1.0],
                [1.0, -0.0, -0.0, 0.124994, 0.0, -0.999998, 1e-06, -0.002831, -0.0, -0.0, -1.0, -1.2e-05, 0.0, 0.0, 0.0, 1.0]
            ]
        },
        {
            "name": "Leg_R",
            "time": [0.0, 0.4333],
            "transform": [
                [1.0, 0.0, 1e-06, 0.0, -0.0, 1.000001, 0.0, 0.37472, -1e-06, -0.0, 0.999999, 0.0, 0.0, 0.0, 0.0, 1.0],
                [1.0, 0.0, 1e-06, 0.0, -0.0, 1.000001, 0.0, 0.37472, -1e-06, -0.0, 0.999999, 0.0, 0.0, 0.0, 0.0, 1.0]
            ]
        },
        {
            "name": "Knee_R",
            "time": [0.0, 0.4333],
            "transform": [
                [1.0, 0.0, -0.0, 0.0, -0.0, 1e-06, -1.0, 0.37472, -0.0, 1.0, 1e-06, 0.0, 0.0, 0.0, 0.0, 1.0],
                [1.0, 0.0, -0.0, 0.0, -0.0, 1e-06, -1.0, 0.37472, -0.0, 1.0, 1e-06, 0.0, 0.0, 0.0, 0.0, 1.0]
            ]
        },
        {
            "name": "Thigh_L",
            "time": [0.0, 0.4333],
            "transform": [
                [1.0, -0.0, -0.0, -0.125006, 0.0, -1.0, 1e-06, -0.002831, -0.0, -0.0, -1.0, -1.2e-05, 0.0, 0.0, 0.0, 1.0],
                [1.0, -0.0, -0.0, -0.125006, 0.0, -1.0, 1e-06, -0.002831, -0.0, -0.0, -1.0, -1.2e-05, 0.0, 0.0, 0.0, 1.0]
            ]
        },
        {
            "name": "Leg_L",
            "time": [0.0, 0.4333],
            "transform": [
                [1.0, 0.0, 1e-06, -0.0, -0.0, 1.0, 0.0, 0.37472, -1e-06, -0.0, 1.0, -0.0, 0.0, 0.0, 0.0, 1.0],
                [1.0, 0.0, 1e-06, -0.0, -0.0, 1.0, 0.0, 0.37472, -1e-06, -0.0, 1.0, -0.0, 0.0, 0.0, 0.0, 1.0]
            ]
        },
        {
            "name": "Knee_L",
            "time": [0.0, 0.4333],
            "transform": [
                [1.0, 0.0, -0.0, -0.0, -0.0, 1e-06, -1.0, 0.37472, -0.0, 1.0, 1e-06, -0.0, 0.0, 0.0, 0.0, 1.0],
                [1.0, 0.0, -0.0, -0.0, -0.0, 1e-06, -1.0, 0.37472, -0.0, 1.0, 1e-06, -0.0, 0.0, 0.0, 0.0, 1.0]
            ]
        },
        {
            "name": "Torso",
            "time": [0.0, 0.0833, 0.4333],
            "transform": [
                [0.99978, -0.020971, -0.000197, 0.0, 0.020971, 0.999603, 0.018833, 0.05, -0.000198, -0.018833, 0.999823, 0.0, 0.0, 0.0, 0.0, 1.0],
                [0.99978, -0.020971, -0.000197, 0.0, 0.020971, 0.999603, 0.018833, 0.05, -0.000198, -0.018833, 0.999823, 0.0, 0.0, 0.0, 0.0, 1.0],
                [0.994423, -0.018908, -0.103753, 0.0, 0.020971, 0.999603, 0.018833, 0.05, 0.103356, -0.020904, 0.994425, 0.0, 0.0, 0.0, 0.0, 1.0]
            ]
        },
        {
            "name": "Chest",
            "time": [0.0, 0.0833, 0.4333],
            "transform": [
                [0.999997, -0.00014, -0.002621, 0.0, -0.000189, 0.992171, -0.124883, 0.3, 0.002618, 0.124883, 0.992168, 0.0, 0.0, 0.0, 0.0, 1.0],
                [0.999997, -0.00014, -0.002621, 0.0, -0.000189, 0.992171, -0.124883, 0.3, 0.002618, 0.124883, 0.992168, 0.0, 0.0, 0.0, 0.0, 1.0],
                [0.999122, 0.000789, -0.041882, 0.0, -0.009161, 0.979735, -0.200088, 0.3, 0.040876, 0.200296, 0.978882, -0.0, 0.0, 0.0, 0.0, 1.0]
            ]
        },
        {
            "name": "Head",
            "time": [0.0, 0.0833, 0.4333],
            "transform": [
                [0.999605, -0.018646, -0.021041, 0.0, -0.019039, 0.101695, -0.994633, 0.4, 0.020686, 0.994641, 0.1013, 0.0, 0.0, 0.0, 0.0, 1.0],
                [0.999605, -0.018646, -0.021041, 0.0, -0.019039, 0.101695, -0.994633, 0.4, 0.020686, 0.994641, 0.1013, 0.0, 0.0, 0.0, 0.0, 1.0],
                [0.989611, 0.142573, -0.018538, 0.0, -0.039345, 0.144542, -0.988716, 0.4, -0.138285, 0.979173, 0.14865, 0.0, 0.0, 0.0, 0.0, 1.0]
            ]
        },
        {
            "name": "Shoulder_R",
            "time": [0.0, 0.0833, 0.4333],
            "transform": [
                [0.016767, 0.999247, -0.034988, 0.0, 0.042476, 0.03425, 0.99851, 0.4, 0.998957, -0.018228, -0.041869, 0.0, 0.0, 0.0, 0.0, 1.0],
                [0.016767, 0.999247, -0.034988, 0.0, 0.042476, 0.03425, 0.99851, 0.4, 0.998957, -0.018228, -0.041869, 0.0, 0.0, 0.0, 0.0, 1.0],
                [0.006382, 0.992156, 0.124841, 0.0, 0.041014, -0.124998, 0.991309, 0.4, 0.999138, -0.001207, -0.04149, 0.0, 0.0, 0.0, 0.0, 1.0]
            ]
        },
        {
            "name": "Arm_R",
            "time": [0.0, 0.0833, 0.4333],
            "transform": [
                [0.868495, -0.004419, -0.495679, 0.0, -0.406846, -0.577616, -0.707698, 0.39386, -0.283185, 0.816297, -0.503454, -0.0, 0.0, 0.0, 0.0, 1.0],
                [0.999618, 0.002906, 0.027502, 0.0, 0.026559, -0.37811, -0.925379, 0.39386, 0.00771, 0.925756, -0.378043, -0.0, 0.0, 0.0, 0.0, 1.0],
                [0.982418, -0.097073, 0.159478, 0.0, 0.123435, -0.303154, -0.944913, 0.39386, 0.140071, 0.947985, -0.285841, 0.0, 0.0, 0.0, 0.0, 1.0]
            ]
        },
        {
            "name": "Hand_R",
            "time": [0.0, 0.0833, 0.4333],
            "transform": [
                [0.998519, -0.052616, -0.013819, 0.0, 0.053536, 0.995526, 0.077857, 0.3, 0.00966, -0.078482, 0.996869, -0.0, 0.0, 0.0, 0.0, 1.0],
                [0.998565, -0.052314, -0.011451, 0.0, 0.051865, 0.997987, -0.036504, 0.3, 0.013337, 0.035858, 0.999268, -0.0, 0.0, 0.0, 0.0, 1.0],
                [0.999478, -0.031831, 0.005582, -0.0, 0.010239, 0.148067, -0.988925, 0.3, 0.030652, 0.988465, 0.148315, 0.0, 0.0, 0.0, 0.0, 1.0]
            ]
        },
        {
            "name": "Tool_R",
            "time": [0.0, 0.4333],
            "transform": [
                [1.0, 0.0, 0.0, -0.0, 0.0, -0.999836, 0.018122, 0.272858, 0.0, -0.018122, -0.999244, -0.0, 0.0, 0.0, 0.0, 1.0],
                [1.0, 0.0, 0.0, 0.0, 0.0, -0.999836, 0.018122, 0.272858, 0.0, -0.018122, -0.999244, -0.0, 0.0, 0.0, 0.0, 1.0]
            ]
        },
        {
            "name": "Elbow_R",
            "time": [0.0, 0.0833, 0.4333],
            "transform": [
                [-1.0, 0.0, -0.0, 0.0, 0.0, 0.0, -1.0, 0.3, -0.0, -1.0, 0.0, -0.0, 0.0, 0.0, 0.0, 1.0],
                [-1.0, 0.0, -0.0, 0.0, 0.0, -0.0, -1.0, 0.3, -0.0, -1.0, 0.0, -0.0, 0.0, 0.0, 0.0, 1.0],
                [-1.0, 0.0, -0.0, -0.0, 0.0, -0.0, -1.0, 0.445114, -0.0, -1.0, 0.0, 0.0, 0.0, 0.0, 0.0, 1.0]
            ]
        },
        {
            "name": "Shoulder_L",
            "time": [0.0, 0.0833, 0.4333],
            "transform": [
                [0.053134, -0.969983, 0.237296, 0.0, 0.049121, 0.239883, 0.969558, 0.4, -0.997379, -0.03986, 0.060393, 0.0, 0.0, 0.0, 0.0, 1.0],
                [0.083601, -0.899853, 0.428106, 0.0, 0.034573, 0.431971, 0.901225, 0.4, -0.995899, -0.060542, 0.067224, 0.0, 0.0, 0.0, 0.0, 1.0],
                [-0.054401, -0.888085, 0.456448, 0.0, 0.035971, 0.455085, 0.889721, 0.4, -0.997871, 0.064821, 0.007188, 0.0, 0.0, 0.0, 0.0, 1.0]
            ]
        },
        {
            "name": "Arm_L",
            "time": [0.0, 0.0833, 0.4333],
            "transform": [
                [0.226601, 0.10438, -0.968378, 0.0, -0.943861, -0.221836, -0.244776, 0.39386, -0.240371, 0.969481, 0.048251, -0.0, 0.0, 0.0, 0.0, 1.0],
                [0.121517, 0.159853, -0.979633, 0.0, -0.99028, -0.047764, -0.130632, 0.39386, -0.067673, 0.985984, 0.152495, -0.0, 0.0, 0.0, 0.0, 1.0],
                [0.018525, 0.166983, -0.985786, 0.0, -0.998587, -0.046017, -0.026561, 0.39386, -0.049799, 0.984885, 0.165894, 0.0, 0.0, 0.0, 0.0, 1.0]
            ]
        },
        {
            "name": "Hand_L",
            "time": [0.0, 0.4333],
            "transform": [
                [1.020763, 0.0, 0.0, -0.0, -0.0, 0.993938, 0.109947, 0.3, -0.0, -0.109947, 0.993938, -0.0, 0.0, 0.0, 0.0, 1.0],
                [1.020763, 0.0, 0.0, 0.0, -0.0, 0.993938, 0.109947, 0.3, -0.0, -0.109947, 0.993937, 0.0, 0.0, 0.0, 0.0, 1.0]
            ]
        },
        {
            "name": "Tool_L",
            "time": [0.0, 0.0833, 0.4333],
            "transform": [
                [0.939949, 0.340113, 0.028619, -0.0, 0.340126, -0.940369, 0.004538, 0.272858, 0.028443, 0.005456, -0.998992, 0.0, 0.0, 0.0, 0.0, 1.0],
                [0.863309, 0.501463, 0.056857, -0.0, 0.503329, -0.863748, -0.024455, 0.272858, 0.03683, 0.049691, -0.997496, 0.0, 0.0, 0.0, 0.0, 1.0],
                [0.841922, 0.518422, 0.149685, -0.0, 0.538623, -0.824094, -0.175368, 0.272858, 0.032427, 0.228127, -0.972487, -0.0, 0.0, 0.0, 0.0, 1.0]
            ]
        },
        {
            "name": "Elbow_L",
            "time": [0.0, 0.4333],
            "transform": [
                [-1.0, 0.0, -0.0, -0.0, -0.0, -0.0, -1.0, 0.3, -0.0, -1.0, -0.0, -0.0, 0.0, 0.0, 0.0, 1.0],
                [-1.0, 0.0, -0.0, 0.0, 0.0, -0.0, -1.0, 0.3, -0.0, -1.0, -0.0, 0.0, 0.0, 0.0, 0.0, 1.0]
            ]
        }
    ]
}