{
    "animation": [
        {
            "name": "Root",
            "time": [0.0, 0.4333],
            "transform": [
                [1.0, 0.0, 0.0, -5e-06, 0.0, 1.0, 0.0, 0.000946, 0.0, -0.0, 1.0, 0.367881, 0.0, 0.0, 0.0, 1.0],
                [1.0, 0.0, 0.0, -5e-06, 0.0, 1.0, 0.0, 0.000946, 0.0, -0.0, 1.0, 0.367881, 0.0, 0.0, 0.0, 1.0]
            ]
        },
        {
            "name": "Thigh_R",
            "time": [0.0, 0.4333],
            "transform": [
                [1.0, -0.0, -0.0, 0.124994, 0.0, -0.999998, 1e-06, -0.002831, -0.0, -0.0, -1.0, -1.2e-05, 0.0, 0.0, 0.0, 1.0],
                [1.0, -0.0, -0.0, 0.124994, 0.0, -0.999998, 1e-06, -0.002831, -0.0, -0.0, -1.0, -1.2e-05, 0.0, 0.0, 0.0, 1.0]
            ]
        },
        {
            "name": "Leg_R",
            "time": [0.0, 0.4333],
            "transform": [
                [1.0, 0.0, 1e-06, 0.0, -0.0, 1.000001, 0.0, 0.37472, -1e-06, -0.0, 0.999999, 0.0, 0.0, 0.0, 0.0, 1.0],
                [1.0, 0.0, 1e-06, 0.0, -0.0, 1.000001, 0.0, 0.37472, -1e-06, -0.0, 0.999999, 0.0, 0.0, 0.0, 0.0, 1.0]
            ]
        },
        {
            "name": "Knee_R",
            "time": [0.0, 0.4333],
            "transform": [
                [1.0, 0.0, -0.0, 0.0, -0.0, 1e-06, -1.0, 0.37472, -0.0, 1.0, 1e-06, 0.0, 0.0, 0.0, 0.0, 1.0],
                [1.0, 0.0, -0.0, 0.0, -0.0, 1e-06, -1.0, 0.37472, -0.0, 1.0, 1e-06, 0.0, 0.0, 0.0, 0.0, 1.0]
            ]
        },
        {
            "name": "Thigh_L",
            "time": [0.0, 0.4333],
            "transform": [
                [1.0, -0.0, -0.0, -0.125006, 0.0, -1.0, 1e-06, -0.002831, -0.0, -0.0, -1.0, -1.2e-05, 0.0, 0.0, 0.0, 1.0],
                [1.0, -0.0, -0.0, -0.125006, 0.0, -1.0, 1e-06, -0.002831, -0.0, -0.0, -1.0, -1.2e-05, 0.0, 0.0, 0.0, 1.0]
            ]
        },
        {
            "name": "Leg_L",
            "time": [0.0, 0.4333],
            "transform": [
                [1.0, 0.0, 1e-06, -0.0, -0.0, 1.0, 0.0, 0.37472, -1e-06, -0.0, 1.0, -0.0, 0.0, 0.0, 0.0, 1.0],
                [1.0, 0.0, 1e-06, -0.0, -0.0, 1.0, 0.0, 0.37472, -1e-06, -0.0, 1.0, -0.0, 0.0, 0.0, 0.0, 1.0]
            ]
        },
        {
            "name": "Knee_L",
            "time": [0.0, 0.4333],
            "transform": [
                [1.0, 0.0, -0.0, -0.0, -0.0, 1e-06, -1.0, 0.37472, -0.0, 1.0, 1e-06, -0.0, 0.0, 0.0, 0.0, 1.0],
                [1.0, 0.0, -0.0, -0.0, -0.0, 1e-06, -1.0, 0.37472, -0.0, 1.0, 1e-06, -0.0, 0.0, 0.0, 0.0, 1.0]
            ]
        },
        {
            "name": "Torso",
            "time": [0.0, 0.4333],
            "transform": [
                [0.99978, -0.020971, -0.000197, 0.0, 0.020971, 0.999603, 0.018833, 0.05, -0.000198, -0.018833, 0.999823, 0.0, 0.0, 0.0, 0.0, 1.0],
                [0.99978, -0.020971, -0.000197, 0.0, 0.020971, 0.999603, 0.018833, 0.05, -0.000198, -0.018833, 0.999823, 0.0, 0.0, 0.0, 0.0, 1.0]
            ]
        },
        {
            "name": "Chest",
            "time": [0.0, 0.4333],
            "transform": [
                [0.999996, -0.000148, -0.002697, 0.0, -0.000199, 0.991712, -0.12848, 0.3, 0.002693, 0.12848, 0.991708, 0.0, 0.0, 0.0, 0.0, 1.0],
                [0.999996, -0.000148, -0.002697, 0.0, -0.000199, 0.991712, -0.12848, 0.3, 0.002693, 0.12848, 0.991708, 0.0, 0.0, 0.0, 0.0, 1.0]
            ]
        },
        {
            "name": "Head",
            "time": [0.0, 0.4333],
            "transform": [
                [0.999609, -0.018423, -0.021015, -0.0, -0.018815, 0.112365, -0.993489, 0.4, 0.020664, 0.993496, 0.111975, -0.0, 0.0, 0.0, 0.0, 1.0],
                [0.999609, -0.018423, -0.021015, -0.0, -0.018815, 0.112365, -0.993489, 0.4, 0.020664, 0.993496, 0.111975, -0.0, 0.0, 0.0, 0.0, 1.0]
            ]
        },
        {
            "name": "Shoulder_R",
            "time": [0.0, 0.4333],
            "transform": [
                [0.109339, 0.983461, 0.14439, -0.0, -0.061842, -0.138249, 0.988465, 0.4, 0.992079, -0.117007, 0.045703, -0.0, 0.0, 0.0, 0.0, 1.0],
                [0.109339, 0.983461, 0.14439, -0.0, -0.061842, -0.138249, 0.988465, 0.4, 0.992079, -0.117007, 0.045703, -0.0, 0.0, 0.0, 0.0, 1.0]
            ]
        },
        {
            "name": "Arm_R",
            "time": [0.0, 0.4333],
            "transform": [
                [0.971725, -0.206135, -0.115152, -0.0, -0.16251, -0.230066, -0.95951, 0.39386, 0.171296, 0.951094, -0.25706, -0.0, 0.0, 0.0, 0.0, 1.0],
                [0.971725, -0.206135, -0.115152, -0.0, -0.16251, -0.230066, -0.95951, 0.39386, 0.171296, 0.951094, -0.25706, -0.0, 0.0, 0.0, 0.0, 1.0]
            ]
        },
        {
            "name": "Hand_R",
            "time": [0.0, 0.4333],
            "transform": [
                [1.0, -0.0, 0.0, -0.0, 0.0, 0.109947, -0.993938, 0.3, 0.0, 0.993938, 0.109947, 0.0, 0.0, 0.0, 0.0, 1.0],
                [1.0, -0.0, 0.0, -0.0, 0.0, 0.109947, -0.993938, 0.3, 0.0, 0.993938, 0.109947, 0.0, 0.0, 0.0, 0.0, 1.0]
            ]
        },
        {
            "name": "Tool_R",
            "time": [0.0, 0.4333],
            "transform": [
                [1.0, 0.0, 0.0, 0.0, 0.0, -0.999836, 0.018122, 0.272858, 0.0, -0.018122, -0.999244, -0.0, 0.0, 0.0, 0.0, 1.0],
                [1.0, 0.0, 0.0, 0.0, 0.0, -0.999836, 0.018122, 0.272858, 0.0, -0.018122, -0.999244, -0.0, 0.0, 0.0, 0.0, 1.0]
            ]
        },
        {
            "name": "Elbow_R",
            "time": [0.0, 0.4333],
            "transform": [
                [-1.0, 0.0, -0.0, 0.000709, 0.0, -0.0, -1.0, 0.446563, -0.0, -1.0, 0.0, -0.000717, 0.0, 0.0, 0.0, 1.0],
                [-1.0, 0.0, -0.0, 0.000709, 0.0, -0.0, -1.0, 0.446563, -0.0, -1.0, 0.0, -0.000717, 0.0, 0.0, 0.0, 1.0]
            ]
        },
        {
            "name": "Shoulder_L",
            "time": [0.0, 0.4333],
            "transform": [
                [0.077156, -0.886594, 0.456068, -0.0, -0.033995, 0.454826, 0.889931, 0.4, -0.996439, -0.084168, 0.004953, -0.0, 0.0, 0.0, 0.0, 1.0],
                [0.077156, -0.886594, 0.456068, -0.0, -0.033995, 0.454826, 0.889931, 0.4, -0.996439, -0.084168, 0.004953, -0.0, 0.0, 0.0, 0.0, 1.0]
            ]
        },
        {
            "name": "Arm_L",
            "time": [0.0, 0.4333],
            "transform": [
                [0.051901, 0.135848, -0.98937, 0.0, -0.992999, 0.112286, -0.036674, 0.39386, 0.10611, 0.984346, 0.140725, -0.0, 0.0, 0.0, 0.0, 1.0],
                [0.051901, 0.135848, -0.98937, 0.0, -0.992999, 0.112286, -0.036674, 0.39386, 0.10611, 0.984346, 0.140725, -0.0, 0.0, 0.0, 0.0, 1.0]
            ]
        },
        {
            "name": "Hand_L",
            "time": [0.0, 0.4333],
            "transform": [
                [1.020762, 0.0, 0.0, 0.0, -0.0, 0.993937, 0.109947, 0.3, -0.0, -0.109947, 0.993937, -0.0, 0.0, 0.0, 0.0, 1.0],
                [1.020762, 0.0, 0.0, 0.0, -0.0, 0.993937, 0.109947, 0.3, -0.0, -0.109947, 0.993937, -0.0, 0.0, 0.0, 0.0, 1.0]
            ]
        },
        {
            "name": "Tool_L",
            "time": [0.0, 0.4333],
            "transform": [
                [0.790136, -0.030431, 0.612176, 0.213498, 0.607909, -0.088697, -0.789038, -0.07213, 0.07827, 0.995007, -0.051561, 0.120751, 0.0, 0.0, 0.0, 1.0],
                [0.790136, -0.030431, 0.612176, 0.213498, 0.607909, -0.088697, -0.789038, -0.07213, 0.07827, 0.995007, -0.051561, 0.120751, 0.0, 0.0, 0.0, 1.0]
            ]
        },
        {
            "name": "Elbow_L",
            "time": [0.0, 0.4333],
            "transform": [
                [-1.0, 0.0, -0.0, 0.0, 0.0, -0.0, -1.0, 0.3, -0.0, -1.0, -0.0, -0.0, 0.0, 0.0, 0.0, 1.0],
                [-1.0, 0.0, -0.0, 0.0, 0.0, -0.0, -1.0, 0.3, -0.0, -1.0, -0.0, -0.0, 0.0, 0.0, 0.0, 1.0]
            ]
        }
    ]
}