{
    "animation": [
        {
            "name": "Root",
            "time": [0.0, 0.3333],
            "transform": [
                [0.854689, 0.0, -0.51914, -5e-06, -0.51914, 0.0, -0.854689, 0.000946, 0.0, 1.0, 0.0, 0.755725, 0.0, 0.0, 0.0, 1.0],
                [0.854689, 0.0, -0.51914, -5e-06, -0.51914, 0.0, -0.854689, 0.000946, 0.0, 1.0, 0.0, 0.755725, 0.0, 0.0, 0.0, 1.0]
            ]
        },
        {
            "name": "Thigh_R",
            "time": [0.0, 0.3333],
            "transform": [
                [0.996122, 0.056386, -0.067528, 0.124994, 0.068868, -0.977426, 0.199728, -0.002831, -0.054742, -0.203604, -0.977522, -1.2e-05, 0.0, 0.0, 0.0, 1.0],
                [0.996122, 0.056386, -0.067528, 0.124994, 0.068868, -0.977426, 0.199728, -0.002831, -0.054742, -0.203604, -0.977522, -1.2e-05, 0.0, 0.0, 0.0, 1.0]
            ]
        },
        {
            "name": "Leg_R",
            "time": [0.0, 0.3333],
            "transform": [
                [1.0, -0.0, 2e-06, 0.0, -0.0, 0.9661, 0.258173, 0.37472, -2e-06, -0.258173, 0.966098, -0.0, 0.0, 0.0, 0.0, 1.0],
                [1.0, -0.0, 2e-06, 0.0, -0.0, 0.9661, 0.258173, 0.37472, -2e-06, -0.258173, 0.966098, -0.0, 0.0, 0.0, 0.0, 1.0]
            ]
        },
        {
            "name": "Knee_R",
            "time": [0.0, 0.3333],
            "transform": [
                [1.0, 0.0, -0.0, 0.0, -0.0, 1e-06, -1.0, 0.37472, -0.0, 1.0, 1e-06, -0.0, 0.0, 0.0, 0.0, 1.0],
                [1.0, 0.0, -0.0, 0.0, -0.0, 1e-06, -1.0, 0.37472, -0.0, 1.0, 1e-06, -0.0, 0.0, 0.0, 0.0, 1.0]
            ]
        },
        {
            "name": "Thigh_L",
            "time": [0.0, 0.3333],
            "transform": [
                [0.866489, -0.135609, -0.480425, -0.125006, -0.027108, -0.973757, 0.225969, -0.002831, -0.49846, -0.182775, -0.847426, -1.2e-05, 0.0, 0.0, 0.0, 1.0],
                [0.866489, -0.135609, -0.480425, -0.125006, -0.027108, -0.973757, 0.225969, -0.002831, -0.49846, -0.182775, -0.847426, -1.2e-05, 0.0, 0.0, 0.0, 1.0]
            ]
        },
        {
            "name": "Leg_L",
            "time": [0.0, 0.3333],
            "transform": [
                [1.0, -0.0, 1e-06, 0.0, 0.0, 0.970939, 0.239328, 0.37472, -1e-06, -0.239328, 0.970939, -0.0, 0.0, 0.0, 0.0, 1.0],
                [1.0, -0.0, 1e-06, 0.0, 0.0, 0.970939, 0.239328, 0.37472, -1e-06, -0.239328, 0.970939, -0.0, 0.0, 0.0, 0.0, 1.0]
            ]
        },
        {
            "name": "Knee_L",
            "time": [0.0, 0.3333],
            "transform": [
                [1.0, 0.0, -0.0, 0.0, -0.0, 1e-06, -1.0, 0.37472, -0.0, 1.0, 1e-06, -0.0, 0.0, 0.0, 0.0, 1.0],
                [1.0, 0.0, -0.0, 0.0, -0.0, 1e-06, -1.0, 0.37472, -0.0, 1.0, 1e-06, -0.0, 0.0, 0.0, 0.0, 1.0]
            ]
        },
        {
            "name": "Torso",
            "time": [0.0, 0.1, 0.25, 0.3333],
            "transform": [
                [0.980451, -0.19457, -0.029288, -0.0, 0.19414, 0.932383, 0.304914, 0.05, -0.03202, -0.304639, 0.95193, 0.0, 0.0, 0.0, 0.0, 1.0],
                [0.980451, -0.19457, -0.029288, -0.0, 0.19414, 0.932383, 0.304914, 0.05, -0.03202, -0.304639, 0.95193, 0.0, 0.0, 0.0, 0.0, 1.0],
                [0.971701, -0.232248, -0.043098, -0.0, 0.231606, 0.900896, 0.367075, 0.05, -0.046425, -0.366669, 0.929192, 0.0, 0.0, 0.0, 0.0, 1.0],
                [0.967982, -0.246191, -0.049002, -0.0, 0.245458, 0.887459, 0.390087, 0.05, -0.052549, -0.389625, 0.919473, 0.0, 0.0, 0.0, 0.0, 1.0]
            ]
        },
        {
            "name": "Chest",
            "time": [0.0, 0.1, 0.25, 0.3333],
            "transform": [
                [0.879853, -0.435208, -0.190927, -0.0, 0.429003, 0.554466, 0.713108, 0.3, -0.204488, -0.709339, 0.674554, 0.0, 0.0, 0.0, 0.0, 1.0],
                [0.919792, -0.371563, -0.126188, -0.0, 0.367421, 0.702571, 0.609423, 0.3, -0.137783, -0.606907, 0.782739, -0.0, 0.0, 0.0, 0.0, 1.0],
                [0.919792, -0.371563, -0.126188, 0.0, 0.367421, 0.70257, 0.609423, 0.3, -0.137783, -0.606907, 0.782739, -0.0, 0.0, 0.0, 0.0, 1.0],
                [0.859838, -0.459052, -0.223497, 0.0, 0.451814, 0.480245, 0.751817, 0.3, -0.237789, -0.74742, 0.620338, 0.0, 0.0, 0.0, 0.0, 1.0]
            ]
        },
        {
            "name": "Head",
            "time": [0.0, 0.1, 0.25, 0.3333],
            "transform": [
                [0.854016, 0.518665, 0.040527, 0.0, -0.015726, 0.103602, -0.994494, 0.4, -0.520008, 0.848677, 0.096635, -0.0, 0.0, 0.0, 0.0, 1.0],
                [0.854517, 0.508603, 0.105468, 0.0, -0.01579, 0.228389, -0.973442, 0.4, -0.519183, 0.830157, 0.203193, 0.0, 0.0, 0.0, 0.0, 1.0],
                [0.854741, 0.501513, 0.133806, 0.0, -0.015778, 0.282772, -0.959057, 0.4, -0.518816, 0.817634, 0.24961, -0.0, 0.0, 0.0, 0.0, 1.0],
                [0.853696, 0.520768, -0.002046, 0.0, -0.01562, 0.021679, -0.999643, 0.4, -0.520537, 0.853423, 0.026642, 0.0, 0.0, 0.0, 0.0, 1.0]
            ]
        },
        {
            "name": "Shoulder_R",
            "time": [0.0, 0.3333],
            "transform": [
                [0.121037, 0.989779, 0.075411, 0.0, -0.053968, -0.069296, 0.996135, 0.4, 0.99118, -0.124639, 0.045029, -0.0, 0.0, 0.0, 0.0, 1.0],
                [0.121037, 0.989779, 0.075411, 0.0, -0.053968, -0.069296, 0.996135, 0.4, 0.99118, -0.124639, 0.045029, 0.0, 0.0, 0.0, 0.0, 1.0]
            ]
        },
        {
            "name": "Arm_R",
            "time": [0.0, 0.3333],
            "transform": [
                [0.000504, -0.99367, 0.112335, -0.0, -0.14156, -0.111275, -0.983656, 0.393861, 0.98993, -0.015406, -0.14072, -0.0, 0.0, 0.0, 0.0, 1.0],
                [0.000504, -0.99367, 0.112335, -0.0, -0.14156, -0.111275, -0.983656, 0.39386, 0.98993, -0.015406, -0.14072, -0.0, 0.0, 0.0, 0.0, 1.0]
            ]
        },
        {
            "name": "Hand_R",
            "time": [0.0, 0.3333],
            "transform": [
                [1.0, -0.0, 0.0, -0.0, 0.0, 0.109947, -0.993938, 0.3, 0.0, 0.993938, 0.109947, 0.0, 0.0, 0.0, 0.0, 1.0],
                [1.0, -0.0, 0.0, 0.0, 0.0, 0.109947, -0.993938, 0.3, 0.0, 0.993938, 0.109947, -0.0, 0.0, 0.0, 0.0, 1.0]
            ]
        },
        {
            "name": "Tool_R",
            "time": [0.0, 0.3333],
            "transform": [
                [1.0, 0.0, 0.0, -0.0, 0.0, -0.999836, 0.018122, 0.272858, 0.0, -0.018122, -0.999244, 0.0, 0.0, 0.0, 0.0, 1.0],
                [1.0, 0.0, 0.0, -0.0, 0.0, -0.999836, 0.018122, 0.272858, 0.0, -0.018122, -0.999244, -0.0, 0.0, 0.0, 0.0, 1.0]
            ]
        },
        {
            "name": "Elbow_R",
            "time": [0.0, 0.3333],
            "transform": [
                [-1.0, 0.0, -0.0, 0.000709, 0.0, 0.0, -1.0, 0.446564, -0.0, -1.0, 0.0, -0.000717, 0.0, 0.0, 0.0, 1.0],
                [-1.0, 0.0, -0.0, 0.000709, 0.0, -0.0, -1.0, 0.446563, -0.0, -1.0, 0.0, -0.000717, 0.0, 0.0, 0.0, 1.0]
            ]
        },
        {
            "name": "Shoulder_L",
            "time": [0.0, 0.3333],
            "transform": [
                [0.635326, -0.743859, 0.207447, 0.0, -0.276583, 0.031627, 0.960469, 0.4, -0.721014, -0.667588, -0.185645, -0.0, 0.0, 0.0, 0.0, 1.0],
                [0.635326, -0.743859, 0.207447, 0.0, -0.276583, 0.031627, 0.960469, 0.4, -0.721015, -0.667588, -0.185645, 0.0, 0.0, 0.0, 0.0, 1.0]
            ]
        },
        {
            "name": "Arm_L",
            "time": [0.0, 0.1, 0.3333],
            "transform": [
                [0.737945, 0.657063, -0.153965, -0.0, -0.671405, 0.737863, -0.069086, 0.39386, 0.068212, 0.154354, 0.985658, -0.0, 0.0, 0.0, 0.0, 1.0],
                [0.745398, 0.644167, -0.171554, -0.0, -0.666265, 0.728295, -0.160238, 0.39386, 0.021722, 0.233741, 0.972056, 0.0, 0.0, 0.0, 0.0, 1.0],
                [0.745398, 0.644167, -0.171554, -0.0, -0.666265, 0.728295, -0.160238, 0.39386, 0.021722, 0.233741, 0.972056, -0.0, 0.0, 0.0, 0.0, 1.0]
            ]
        },
        {
            "name": "Hand_L",
            "time": [0.0, 0.1, 0.3333],
            "transform": [
                [1.019096, 0.056793, 0.006181, -0.0, -0.058315, 0.992357, 0.109379, 0.3, 8e-05, -0.109554, 0.993981, 0.0, 0.0, 0.0, 0.0, 1.0],
                [1.020763, 0.0, 0.0, -0.0, -0.0, 0.993937, 0.109947, 0.3, 0.0, -0.109947, 0.993937, 0.0, 0.0, 0.0, 0.0, 1.0],
                [1.020763, 0.0, 0.0, -0.0, -0.0, 0.993938, 0.109947, 0.3, -0.0, -0.109947, 0.993937, -0.0, 0.0, 0.0, 0.0, 1.0]
            ]
        },
        {
            "name": "Tool_L",
            "time": [0.0, 0.1, 0.3333],
            "transform": [
                [0.760338, -0.023322, 0.649109, 0.213498, 0.645441, -0.084811, -0.759088, -0.07213, 0.072719, 0.995537, -0.049411, 0.120751, 0.0, 0.0, 0.0, 1.0],
                [0.790136, -0.030431, 0.612176, 0.213498, 0.607908, -0.088697, -0.789038, -0.07213, 0.07827, 0.995007, -0.051561, 0.120751, 0.0, 0.0, 0.0, 1.0],
                [0.790136, -0.030431, 0.612176, 0.213498, 0.607908, -0.088697, -0.789038, -0.07213, 0.07827, 0.995007, -0.051561, 0.120751, 0.0, 0.0, 0.0, 1.0]
            ]
        },
        {
            "name": "Elbow_L",
            "time": [0.0, 0.3333],
            "transform": [
                [-1.0, 0.0, -0.0, -0.0, 0.0, -0.0, -1.0, 0.3, -0.0, -1.0, -0.0, 0.0, 0.0, 0.0, 0.0, 1.0],
                [-1.0, 0.0, -0.0, -0.0, 0.0, -0.0, -1.0, 0.3, -0.0, -1.0, -0.0, -0.0, 0.0, 0.0, 0.0, 1.0]
            ]
        }
    ]
}