{
    "animation": [
        {
            "name": "Root",
            "time": [0.0, 0.3333],
            "transform": [
                [0.854689, 0.0, -0.51914, -5e-06, -0.51914, 0.0, -0.854689, 0.000946, 0.0, 1.0, 0.0, 0.755725, 0.0, 0.0, 0.0, 1.0],
                [0.854689, 0.0, -0.51914, -5e-06, -0.51914, 0.0, -0.854689, 0.000946, 0.0, 1.0, 0.0, 0.755725, 0.0, 0.0, 0.0, 1.0]
            ]
        },
        {
            "name": "Thigh_R",
            "time": [0.0, 0.3333],
            "transform": [
                [0.996122, 0.056386, -0.067528, 0.124994, 0.068868, -0.977426, 0.199728, -0.002831, -0.054742, -0.203604, -0.977522, -1.2e-05, 0.0, 0.0, 0.0, 1.0],
                [0.996122, 0.056386, -0.067528, 0.124994, 0.068868, -0.977426, 0.199728, -0.002831, -0.054742, -0.203604, -0.977522, -1.2e-05, 0.0, 0.0, 0.0, 1.0]
            ]
        },
        {
            "name": "Leg_R",
            "time": [0.0, 0.3333],
            "transform": [
                [1.0, -0.0, 2e-06, 0.0, -0.0, 0.966099, 0.258173, 0.37472, -2e-06, -0.258173, 0.966099, -0.0, 0.0, 0.0, 0.0, 1.0],
                [1.0, -0.0, 2e-06, 0.0, -0.0, 0.966099, 0.258173, 0.37472, -2e-06, -0.258173, 0.966099, -0.0, 0.0, 0.0, 0.0, 1.0]
            ]
        },
        {
            "name": "Knee_R",
            "time": [0.0, 0.3333],
            "transform": [
                [1.0, 0.0, -0.0, -0.0, -0.0, 1e-06, -1.0, 0.37472, -0.0, 1.0, 1e-06, -0.0, 0.0, 0.0, 0.0, 1.0],
                [1.0, 0.0, -0.0, -0.0, -0.0, 1e-06, -1.0, 0.37472, -0.0, 1.0, 1e-06, -0.0, 0.0, 0.0, 0.0, 1.0]
            ]
        },
        {
            "name": "Thigh_L",
            "time": [0.0, 0.3333],
            "transform": [
                [0.866489, -0.135609, -0.480425, -0.125006, -0.027108, -0.973757, 0.225969, -0.002831, -0.49846, -0.182775, -0.847426, -1.2e-05, 0.0, 0.0, 0.0, 1.0],
                [0.866489, -0.135609, -0.480425, -0.125006, -0.027108, -0.973757, 0.225969, -0.002831, -0.49846, -0.182775, -0.847426, -1.2e-05, 0.0, 0.0, 0.0, 1.0]
            ]
        },
        {
            "name": "Leg_L",
            "time": [0.0, 0.3333],
            "transform": [
                [1.0, -0.0, 1e-06, 0.0, 0.0, 0.970939, 0.239328, 0.37472, -1e-06, -0.239328, 0.970939, -0.0, 0.0, 0.0, 0.0, 1.0],
                [1.0, -0.0, 1e-06, 0.0, 0.0, 0.970939, 0.239328, 0.37472, -1e-06, -0.239328, 0.970939, -0.0, 0.0, 0.0, 0.0, 1.0]
            ]
        },
        {
            "name": "Knee_L",
            "time": [0.0, 0.3333],
            "transform": [
                [1.0, 0.0, -0.0, 0.0, -0.0, 1e-06, -1.0, 0.37472, -0.0, 1.0, 1e-06, -0.0, 0.0, 0.0, 0.0, 1.0],
                [1.0, 0.0, -0.0, 0.0, -0.0, 1e-06, -1.0, 0.37472, -0.0, 1.0, 1e-06, -0.0, 0.0, 0.0, 0.0, 1.0]
            ]
        },
        {
            "name": "Torso",
            "time": [0.0, 0.1, 0.25, 0.3333],
            "transform": [
                [0.997248, 0.07391, -0.005854, -0.0, -0.074013, 0.987758, -0.13732, 0.05, -0.004367, 0.137375, 0.99051, 0.0, 0.0, 0.0, 0.0, 1.0],
                [0.99488, 0.100552, -0.01017, -0.0, -0.100726, 0.978285, -0.181141, 0.05, -0.008265, 0.181237, 0.983405, 0.0, 0.0, 0.0, 0.0, 1.0],
                [0.999572, 0.029217, -0.001327, -0.0, -0.029242, 0.997535, -0.063783, 0.05, -0.00054, 0.063795, 0.997963, 0.0, 0.0, 0.0, 0.0, 1.0],
                [0.999998, 0.001898, -0.000197, -0.0, -0.001902, 0.999821, -0.018818, 0.05, 0.000161, 0.018818, 0.999823, 0.0, 0.0, 0.0, 0.0, 1.0]
            ]
        },
        {
            "name": "Chest",
            "time": [0.0, 0.1, 0.25, 0.3333],
            "transform": [
                [0.990538, -0.136582, -0.013431, 0.0, 0.136093, 0.964912, 0.224553, 0.3, -0.01771, -0.224256, 0.974369, -0.0, 0.0, 0.0, 0.0, 1.0],
                [0.999967, -0.008175, 7.3e-05, 0.0, 0.008173, 0.999876, 0.013455, 0.3, -0.000183, -0.013454, 0.999909, 0.0, 0.0, 0.0, 0.0, 1.0],
                [0.999274, 0.038052, -0.001792, 0.0, -0.03809, 0.997308, -0.062651, 0.3, -0.000597, 0.062674, 0.998034, -0.0, 0.0, 0.0, 0.0, 1.0],
                [1.0, 0.0, 0.0, 0.0, 0.0, 1.0, 0.0, 0.3, -0.0, 0.0, 1.0, -0.0, 0.0, 0.0, 0.0, 1.0]
            ]
        },
        {
            "name": "Head",
            "time": [0.0, 0.1, 0.25, 0.3333],
            "transform": [
                [0.857565, 0.008655, 0.514302, 0.0, -0.022342, 0.999542, 0.020432, 0.4, -0.513889, -0.029013, 0.857366, -0.0, 0.0, 0.0, 0.0, 1.0],
                [0.859224, -0.071784, 0.506539, 0.0, -0.016341, 0.985751, 0.167413, 0.4, -0.511339, -0.152123, 0.845808, 0.0, 0.0, 0.0, 0.0, 1.0],
                [0.859279, -0.016067, 0.511254, 0.0, -0.022586, 0.99734, 0.069304, 0.4, -0.511008, -0.071099, 0.856631, 0.0, 0.0, 0.0, 0.0, 1.0],
                [0.858467, -0.014025, 0.512677, 0.0, -0.010017, 0.998977, 0.044102, 0.4, -0.51277, -0.042996, 0.857448, 0.0, 0.0, 0.0, 0.0, 1.0]
            ]
        },
        {
            "name": "Shoulder_R",
            "time": [0.0, 0.1, 0.25, 0.3333],
            "transform": [
                [0.121037, 0.989779, 0.075411, 0.0, -0.053968, -0.069296, 0.996135, 0.4, 0.99118, -0.124639, 0.045029, -0.0, 0.0, 0.0, 0.0, 1.0],
                [0.241545, 0.965148, 0.100724, 0.0, -0.046334, -0.092208, 0.994661, 0.4, 0.969283, -0.244922, 0.022447, 0.0, 0.0, 0.0, 0.0, 1.0],
                [0.311144, 0.944408, 0.106222, 0.0, -0.04641, -0.096538, 0.994247, 0.4, 0.949229, -0.314284, 0.013792, 0.0, 0.0, 0.0, 0.0, 1.0],
                [0.503351, 0.858915, 0.094349, 0.0, -0.055667, -0.076729, 0.995497, 0.4, 0.862286, -0.506337, 0.009192, 0.0, 0.0, 0.0, 0.0, 1.0]
            ]
        },
        {
            "name": "Arm_R",
            "time": [0.0, 0.1, 0.25, 0.3333],
            "transform": [
                [-0.363279, -0.917162, 0.163838, 0.0, 0.101258, -0.213677, -0.971642, 0.39386, 0.926162, -0.336387, 0.170495, -0.0, 0.0, 0.0, 0.0, 1.0],
                [-0.363279, -0.917162, 0.163838, -0.0, 0.101258, -0.213677, -0.971642, 0.39386, 0.926162, -0.336387, 0.170495, 0.0, 0.0, 0.0, 0.0, 1.0],
                [-0.226053, -0.973164, 0.043031, 0.0, 0.096758, -0.066388, -0.993091, 0.39386, 0.969298, -0.220328, 0.109168, 0.0, 0.0, 0.0, 0.0, 1.0],
                [-0.073201, -0.962723, -0.260399, 0.0, -0.066594, 0.265235, -0.961881, 0.39386, 0.995092, -0.05307, -0.083527, 0.0, 0.0, 0.0, 0.0, 1.0]
            ]
        },
        {
            "name": "Hand_R",
            "time": [0.0, 0.1, 0.25, 0.3333],
            "transform": [
                [1.0, 0.0, -0.0, -0.0, -0.0, 0.511208, -0.859457, 0.3, -0.0, 0.859458, 0.511208, 0.0, 0.0, 0.0, 0.0, 1.0],
                [1.0, 0.0, 0.0, 0.0, -0.0, 0.4891, -0.872228, 0.3, -0.0, 0.872228, 0.4891, -0.0, 0.0, 0.0, 0.0, 1.0],
                [1.0, 0.0, -0.0, -0.0, -0.0, 0.431942, -0.901901, 0.3, -0.0, 0.901901, 0.431942, 0.0, 0.0, 0.0, 0.0, 1.0],
                [1.0, 0.0, -0.0, 0.0, -0.0, 0.109947, -0.993938, 0.3, -0.0, 0.993938, 0.109947, 0.0, 0.0, 0.0, 0.0, 1.0]
            ]
        },
        {
            "name": "Tool_R",
            "time": [0.0, 0.3333],
            "transform": [
                [1.0, 0.0, 0.0, -0.0, 0.0, -0.999836, 0.018122, 0.272858, 0.0, -0.018122, -0.999244, 0.0, 0.0, 0.0, 0.0, 1.0],
                [1.0, 0.0, 0.0, 0.0, 0.0, -0.999836, 0.018122, 0.272858, 0.0, -0.018122, -0.999244, -0.0, 0.0, 0.0, 0.0, 1.0]
            ]
        },
        {
            "name": "Elbow_R",
            "time": [0.0, 0.1, 0.25, 0.3333],
            "transform": [
                [-1.0, 0.0, -0.0, -0.0, 0.0, -0.0, -1.0, 0.40724, -0.0, -1.0, 0.0, 0.0, 0.0, 0.0, 0.0, 1.0],
                [-1.0, 0.0, -0.0, -0.0, 0.0, -0.0, -1.0, 0.409633, -0.0, -1.0, 0.0, -0.0, 0.0, 0.0, 0.0, 1.0],
                [-1.0, 0.0, -0.0, 0.0, 0.0, -0.0, -1.0, 0.415669, -0.0, -1.0, 0.0, 0.0, 0.0, 0.0, 0.0, 1.0],
                [-1.0, 0.0, -0.0, 0.0, 0.0, -0.0, -1.0, 0.4472, -0.0, -1.0, 0.0, 0.0, 0.0, 0.0, 0.0, 1.0]
            ]
        },
        {
            "name": "Shoulder_L",
            "time": [0.0, 0.1, 0.25, 0.3333],
            "transform": [
                [0.427589, -0.90123, 0.07037, 0.0, -0.230895, -0.033622, 0.972397, 0.4, -0.873988, -0.432035, -0.222466, -0.0, 0.0, 0.0, 0.0, 1.0],
                [0.427589, -0.90123, 0.07037, 0.0, -0.230895, -0.033622, 0.972398, 0.4, -0.873988, -0.432035, -0.222466, 0.0, 0.0, 0.0, 0.0, 1.0],
                [0.583077, -0.794215, 0.171004, 0.0, -0.262428, 0.015077, 0.964834, 0.4, -0.768864, -0.607449, -0.199633, 0.0, 0.0, 0.0, 0.0, 1.0],
                [0.673205, -0.739442, -0.004626, 0.0, -0.184981, -0.174462, 0.967132, 0.4, -0.715945, -0.650222, -0.254231, 0.0, 0.0, 0.0, 0.0, 1.0]
            ]
        },
        {
            "name": "Arm_L",
            "time": [0.0, 0.1, 0.25, 0.3333],
            "transform": [
                [0.460957, 0.870694, -0.171494, 0.0, -0.885179, 0.437391, -0.158578, 0.39386, -0.063063, 0.224901, 0.972339, -0.0, 0.0, 0.0, 0.0, 1.0],
                [0.460957, 0.870694, -0.171494, 0.0, -0.885179, 0.437391, -0.158578, 0.39386, -0.063063, 0.224901, 0.972339, -0.0, 0.0, 0.0, 0.0, 1.0],
                [0.67596, 0.716681, -0.171598, 0.0, -0.736936, 0.656808, -0.15978, 0.39386, -0.001804, 0.234462, 0.972124, 0.0, 0.0, 0.0, 0.0, 1.0],
                [0.745398, 0.644167, -0.171554, 0.0, -0.666265, 0.728295, -0.160238, 0.39386, 0.021722, 0.233741, 0.972056, -0.0, 0.0, 0.0, 0.0, 1.0]
            ]
        },
        {
            "name": "Hand_L",
            "time": [0.0, 0.3333],
            "transform": [
                [1.0, -0.0, 0.0, -0.0, 0.0, 0.993937, 0.109947, 0.3, -0.0, -0.109947, 0.993937, -0.0, 0.0, 0.0, 0.0, 1.0],
                [1.0, 0.0, 0.0, 0.0, -0.0, 0.993937, 0.109947, 0.3, -0.0, -0.109947, 0.993937, 0.0, 0.0, 0.0, 0.0, 1.0]
            ]
        },
        {
            "name": "Tool_L",
            "time": [0.0, 0.3333],
            "transform": [
                [0.769477, -0.023773, 0.638232, 0.185235, 0.633146, -0.102806, -0.767174, -0.085347, 0.083809, 0.993831, -0.064025, 0.119257, 0.0, 0.0, 0.0, 1.0],
                [0.769477, -0.023773, 0.638232, 0.185235, 0.633146, -0.102806, -0.767174, -0.085347, 0.083809, 0.993831, -0.064025, 0.119257, 0.0, 0.0, 0.0, 1.0]
            ]
        },
        {
            "name": "Elbow_L",
            "time": [0.0, 0.3333],
            "transform": [
                [-1.0, 0.0, -0.0, 0.0, 0.0, -0.0, -1.0, 0.3, -0.0, -1.0, -0.0, 0.0, 0.0, 0.0, 0.0, 1.0],
                [-1.0, 0.0, -0.0, 0.0, 0.0, -0.0, -1.0, 0.3, -0.0, -1.0, -0.0, 0.0, 0.0, 0.0, 0.0, 1.0]
            ]
        }
    ]
}