{
    "animation": [
        {
            "name": "Root",
            "time": [0.0, 1.1667],
            "transform": [
                [0.854689, 0.0, -0.51914, -5e-06, -0.51914, 0.0, -0.854689, 0.000946, 0.0, 1.0, 0.0, 0.755725, 0.0, 0.0, 0.0, 1.0],
                [0.854689, 0.0, -0.51914, -5e-06, -0.51914, 0.0, -0.854689, 0.000946, 0.0, 1.0, 0.0, 0.755725, 0.0, 0.0, 0.0, 1.0]
            ]
        },
        {
            "name": "Thigh_R",
            "time": [0.0, 1.1667],
            "transform": [
                [0.996122, 0.056386, -0.067528, 0.124994, 0.068868, -0.977426, 0.199728, -0.002831, -0.054742, -0.203604, -0.977522, -1.2e-05, 0.0, 0.0, 0.0, 1.0],
                [0.996122, 0.056386, -0.067528, 0.124994, 0.068868, -0.977426, 0.199728, -0.002831, -0.054742, -0.203604, -0.977522, -1.2e-05, 0.0, 0.0, 0.0, 1.0]
            ]
        },
        {
            "name": "Leg_R",
            "time": [0.0, 1.1667],
            "transform": [
                [1.0, -0.0, 2e-06, 0.0, -0.0, 0.9661, 0.258173, 0.37472, -2e-06, -0.258173, 0.966098, -0.0, 0.0, 0.0, 0.0, 1.0],
                [1.0, -0.0, 2e-06, 0.0, -0.0, 0.9661, 0.258173, 0.37472, -2e-06, -0.258173, 0.966098, -0.0, 0.0, 0.0, 0.0, 1.0]
            ]
        },
        {
            "name": "Knee_R",
            "time": [0.0, 1.1667],
            "transform": [
                [1.0, 0.0, -0.0, 0.0, -0.0, 1e-06, -1.0, 0.37472, -0.0, 1.0, 1e-06, -0.0, 0.0, 0.0, 0.0, 1.0],
                [1.0, 0.0, -0.0, 0.0, -0.0, 1e-06, -1.0, 0.37472, -0.0, 1.0, 1e-06, -0.0, 0.0, 0.0, 0.0, 1.0]
            ]
        },
        {
            "name": "Thigh_L",
            "time": [0.0, 1.1667],
            "transform": [
                [0.866489, -0.135609, -0.480425, -0.125006, -0.027108, -0.973757, 0.225969, -0.002831, -0.49846, -0.182775, -0.847426, -1.2e-05, 0.0, 0.0, 0.0, 1.0],
                [0.866489, -0.135609, -0.480425, -0.125006, -0.027108, -0.973757, 0.225969, -0.002831, -0.49846, -0.182775, -0.847426, -1.2e-05, 0.0, 0.0, 0.0, 1.0]
            ]
        },
        {
            "name": "Leg_L",
            "time": [0.0, 1.1667],
            "transform": [
                [1.0, -0.0, 1e-06, 0.0, 0.0, 0.970939, 0.239328, 0.37472, -1e-06, -0.239328, 0.970939, -0.0, 0.0, 0.0, 0.0, 1.0],
                [1.0, -0.0, 1e-06, 0.0, 0.0, 0.970939, 0.239328, 0.37472, -1e-06, -0.239328, 0.970939, -0.0, 0.0, 0.0, 0.0, 1.0]
            ]
        },
        {
            "name": "Knee_L",
            "time": [0.0, 1.1667],
            "transform": [
                [1.0, 0.0, -0.0, 0.0, -0.0, 1e-06, -1.0, 0.37472, -0.0, 1.0, 1e-06, -0.0, 0.0, 0.0, 0.0, 1.0],
                [1.0, 0.0, -0.0, 0.0, -0.0, 1e-06, -1.0, 0.37472, -0.0, 1.0, 1e-06, -0.0, 0.0, 0.0, 0.0, 1.0]
            ]
        },
        {
            "name": "Torso",
            "time": [0.0, 0.6667, 1.1667],
            "transform": [
                [0.99978, -0.020971, -0.000197, -0.0, 0.020971, 0.999603, 0.018833, 0.05, -0.000198, -0.018833, 0.999823, 0.0, 0.0, 0.0, 0.0, 1.0],
                [0.999997, -0.002208, -0.000134, -0.0, 0.002206, 0.999925, -0.012058, 0.05, 0.00016, 0.012058, 0.999927, 0.0, 0.0, 0.0, 0.0, 1.0],
                [0.999998, 0.001898, -0.000197, -0.0, -0.001902, 0.999821, -0.018818, 0.05, 0.000161, 0.018818, 0.999823, 0.0, 0.0, 0.0, 0.0, 1.0]
            ]
        },
        {
            "name": "Chest",
            "time": [0.0, 0.6667, 1.1667],
            "transform": [
                [0.980663, -0.193945, -0.026164, -0.0, 0.192665, 0.933317, 0.302985, 0.3, -0.034343, -0.302167, 0.952636, 0.0, 0.0, 0.0, 0.0, 1.0],
                [0.992775, -0.119685, -0.008598, -0.0, 0.119259, 0.976245, 0.180894, 0.3, -0.013256, -0.180612, 0.983465, -0.0, 0.0, 0.0, 0.0, 1.0],
                [0.994655, -0.103077, -0.006032, 0.0, 0.102777, 0.982777, 0.153579, 0.3, -0.009903, -0.153378, 0.988118, -0.0, 0.0, 0.0, 0.0, 1.0]
            ]
        },
        {
            "name": "Head",
            "time": [0.0, 0.6667, 1.1667],
            "transform": [
                [0.854266, 0.14658, 0.498742, -0.0, -0.005987, 0.962133, -0.272516, 0.4, -0.519801, 0.229815, 0.822795, -0.0, 0.0, 0.0, 0.0, 1.0],
                [0.85334, 0.059913, 0.517901, -0.0, -0.006197, 0.994471, -0.104834, 0.4, -0.521318, 0.086249, 0.848993, 0.0, 0.0, 0.0, 0.0, 1.0],
                [0.85314, 0.040611, 0.520099, -0.0, -0.006283, 0.997693, -0.067597, 0.4, -0.521644, 0.054402, 0.851427, 0.0, 0.0, 0.0, 0.0, 1.0]
            ]
        },
        {
            "name": "Shoulder_R",
            "time": [0.0, 0.6667, 1.1667],
            "transform": [
                [0.396654, 0.91793, 0.008357, -0.0, -0.022971, 0.000825, 0.999736, 0.4, 0.917681, -0.396741, 0.021413, -0.0, 0.0, 0.0, 0.0, 1.0],
                [0.329205, 0.9423, 0.060778, -0.0, -0.028235, -0.054513, 0.998114, 0.4, 0.943836, -0.3303, 0.00866, 0.0, 0.0, 0.0, 0.0, 1.0],
                [0.329205, 0.9423, 0.060778, -0.0, -0.028235, -0.054513, 0.998114, 0.4, 0.943836, -0.3303, 0.00866, 0.0, 0.0, 0.0, 0.0, 1.0]
            ]
        },
        {
            "name": "Arm_R",
            "time": [0.0, 0.6667, 1.1667],
            "transform": [
                [-0.339459, -0.88584, 0.316316, -0.0, -0.128085, -0.28962, -0.948533, 0.39386, 0.93186, -0.362503, -0.015148, 0.0, 0.0, 0.0, 0.0, 1.0],
                [0.092163, -0.97904, 0.181627, -0.0, -0.311438, -0.201594, -0.928637, 0.393861, 0.945787, 0.029021, -0.32349, 0.0, 0.0, 0.0, 0.0, 1.0],
                [0.18165, -0.974056, 0.134974, 0.0, -0.353252, -0.192731, -0.915461, 0.39386, 0.917724, 0.118614, -0.379097, -0.0, 0.0, 0.0, 0.0, 1.0]
            ]
        },
        {
            "name": "Hand_R",
            "time": [0.0, 0.6667, 1.1667],
            "transform": [
                [1.0, -0.0, 0.0, 0.0, -0.0, 0.993938, 0.109947, 0.3, -0.0, -0.109947, 0.993938, -0.0, 0.0, 0.0, 0.0, 1.0],
                [1.0, -0.0, 0.0, -0.0, 0.0, 0.367782, -0.929912, 0.3, 0.0, 0.929912, 0.367782, 0.0, 0.0, 0.0, 0.0, 1.0],
                [1.0, -0.0, 0.0, -0.0, 0.0, 0.109947, -0.993938, 0.3, 0.0, 0.993938, 0.109947, -0.0, 0.0, 0.0, 0.0, 1.0]
            ]
        },
        {
            "name": "Tool_R",
            "time": [0.0, 1.1667],
            "transform": [
                [1.0, 0.0, 0.0, -0.0, 0.0, -0.999836, 0.018122, 0.272858, 0.0, -0.018122, -0.999244, 0.0, 0.0, 0.0, 0.0, 1.0],
                [1.0, 0.0, 0.0, -0.0, 0.0, -0.999836, 0.018122, 0.272858, 0.0, -0.018122, -0.999244, -0.0, 0.0, 0.0, 0.0, 1.0]
            ]
        },
        {
            "name": "Elbow_R",
            "time": [0.0, 0.6667, 1.1667],
            "transform": [
                [-1.0, 0.0, 0.0, 0.0, 0.0, -0.0, -1.0, 0.3, -0.0, -1.0, 0.0, -0.0, 0.0, 0.0, 0.0, 1.0],
                [-1.0, 0.0, -0.0, 0.000636, 0.0, -0.0, -1.0, 0.419939, -0.0, -1.0, 0.0, 0.001366, 0.0, 0.0, 0.0, 1.0],
                [-1.0, 0.0, -0.0, 0.000709, 0.0, -0.0, -1.0, 0.446564, -0.0, -1.0, 0.0, -0.000717, 0.0, 0.0, 0.0, 1.0]
            ]
        },
        {
            "name": "Shoulder_L",
            "time": [0.0, 1.1667],
            "transform": [
                [0.279154, -0.95684, -0.08081, -0.0, -0.122837, -0.119048, 0.985261, 0.4, -0.952357, -0.265113, -0.150768, -0.0, 0.0, 0.0, 0.0, 1.0],
                [0.279154, -0.95684, -0.08081, -0.0, -0.122837, -0.119048, 0.985261, 0.4, -0.952357, -0.265113, -0.150768, 0.0, 0.0, 0.0, 0.0, 1.0]
            ]
        },
        {
            "name": "Arm_L",
            "time": [0.0, 1.1667],
            "transform": [
                [0.333391, 0.770666, 0.543069, -0.0, -0.894504, 0.440546, -0.076037, 0.39386, -0.297846, -0.460428, 0.836238, 0.0, 0.0, 0.0, 0.0, 1.0],
                [0.333391, 0.770666, 0.543069, 0.0, -0.894504, 0.440546, -0.076037, 0.39386, -0.297846, -0.460428, 0.836238, -0.0, 0.0, 0.0, 0.0, 1.0]
            ]
        },
        {
            "name": "Hand_L",
            "time": [0.0, 1.1667],
            "transform": [
                [1.020763, -0.0, -0.0, -0.0, 0.0, 0.993938, 0.109947, 0.3, -0.0, -0.109947, 0.993937, 0.0, 0.0, 0.0, 0.0, 1.0],
                [1.020763, -0.0, 0.0, 0.0, -0.0, 0.993938, 0.109947, 0.3, 0.0, -0.109947, 0.993937, 0.0, 0.0, 0.0, 0.0, 1.0]
            ]
        },
        {
            "name": "Tool_L",
            "time": [0.0, 1.1667],
            "transform": [
                [0.836491, -0.31559, 0.447979, 0.12756, 0.374964, -0.26651, -0.887905, -0.05867, 0.399374, 0.910162, -0.104547, 0.124274, 0.0, 0.0, 0.0, 1.0],
                [0.836491, -0.31559, 0.447979, 0.12756, 0.374964, -0.26651, -0.887905, -0.05867, 0.399374, 0.910162, -0.104546, 0.124273, 0.0, 0.0, 0.0, 1.0]
            ]
        },
        {
            "name": "Elbow_L",
            "time": [0.0, 1.1667],
            "transform": [
                [-1.0, 0.0, -0.0, -0.0, 0.0, -0.0, -1.0, 0.3, -0.0, -1.0, 0.0, 0.0, 0.0, 0.0, 0.0, 1.0],
                [-1.0, 0.0, 0.0, 0.0, 0.0, -0.0, -1.0, 0.3, -0.0, -1.0, 0.0, 0.0, 0.0, 0.0, 0.0, 1.0]
            ]
        }
    ]
}