{
    "animation": [
        {
            "name": "Root",
            "time": [0.0, 0.3333],
            "transform": [
                [0.854689, 0.0, -0.51914, -5e-06, -0.51914, 0.0, -0.854689, 0.000946, 0.0, 1.0, 0.0, 0.755725, 0.0, 0.0, 0.0, 1.0],
                [0.854689, 0.0, -0.51914, -5e-06, -0.51914, 0.0, -0.854689, 0.000946, 0.0, 1.0, 0.0, 0.755725, 0.0, 0.0, 0.0, 1.0]
            ]
        },
        {
            "name": "Thigh_R",
            "time": [0.0, 0.3333],
            "transform": [
                [0.996122, 0.056386, -0.067528, 0.124994, 0.068868, -0.977426, 0.199728, -0.002831, -0.054742, -0.203604, -0.977522, -1.2e-05, 0.0, 0.0, 0.0, 1.0],
                [0.996122, 0.056386, -0.067528, 0.124994, 0.068868, -0.977426, 0.199728, -0.002831, -0.054742, -0.203604, -0.977522, -1.2e-05, 0.0, 0.0, 0.0, 1.0]
            ]
        },
        {
            "name": "Leg_R",
            "time": [0.0, 0.3333],
            "transform": [
                [1.0, -0.0, 2e-06, 0.0, -0.0, 0.9661, 0.258173, 0.37472, -2e-06, -0.258173, 0.966098, -0.0, 0.0, 0.0, 0.0, 1.0],
                [1.0, -0.0, 2e-06, 0.0, -0.0, 0.9661, 0.258173, 0.37472, -2e-06, -0.258173, 0.966098, -0.0, 0.0, 0.0, 0.0, 1.0]
            ]
        },
        {
            "name": "Knee_R",
            "time": [0.0, 0.3333],
            "transform": [
                [1.0, 0.0, -0.0, 0.0, -0.0, 1e-06, -1.0, 0.37472, -0.0, 1.0, 1e-06, -0.0, 0.0, 0.0, 0.0, 1.0],
                [1.0, 0.0, -0.0, 0.0, -0.0, 1e-06, -1.0, 0.37472, -0.0, 1.0, 1e-06, -0.0, 0.0, 0.0, 0.0, 1.0]
            ]
        },
        {
            "name": "Thigh_L",
            "time": [0.0, 0.3333],
            "transform": [
                [0.866489, -0.135609, -0.480425, -0.125006, -0.027108, -0.973757, 0.225969, -0.002831, -0.49846, -0.182775, -0.847426, -1.2e-05, 0.0, 0.0, 0.0, 1.0],
                [0.866489, -0.135609, -0.480425, -0.125006, -0.027108, -0.973757, 0.225969, -0.002831, -0.49846, -0.182775, -0.847426, -1.2e-05, 0.0, 0.0, 0.0, 1.0]
            ]
        },
        {
            "name": "Leg_L",
            "time": [0.0, 0.3333],
            "transform": [
                [1.0, -0.0, 1e-06, 0.0, 0.0, 0.970939, 0.239328, 0.37472, -1e-06, -0.239328, 0.970939, -0.0, 0.0, 0.0, 0.0, 1.0],
                [1.0, -0.0, 1e-06, 0.0, 0.0, 0.970939, 0.239328, 0.37472, -1e-06, -0.239328, 0.970939, -0.0, 0.0, 0.0, 0.0, 1.0]
            ]
        },
        {
            "name": "Knee_L",
            "time": [0.0, 0.3333],
            "transform": [
                [1.0, 0.0, -0.0, 0.0, -0.0, 1e-06, -1.0, 0.37472, -0.0, 1.0, 1e-06, -0.0, 0.0, 0.0, 0.0, 1.0],
                [1.0, 0.0, -0.0, 0.0, -0.0, 1e-06, -1.0, 0.37472, -0.0, 1.0, 1e-06, -0.0, 0.0, 0.0, 0.0, 1.0]
            ]
        },
        {
            "name": "Torso",
            "time": [0.0, 0.1, 0.25, 0.3333],
            "transform": [
                [0.997248, 0.07391, -0.005854, -0.0, -0.074013, 0.987758, -0.13732, 0.05, -0.004367, 0.137375, 0.99051, 0.0, 0.0, 0.0, 0.0, 1.0],
                [0.99488, 0.100552, -0.01017, -0.0, -0.100726, 0.978285, -0.181141, 0.05, -0.008265, 0.181237, 0.983405, 0.0, 0.0, 0.0, 0.0, 1.0],
                [0.999572, 0.029217, -0.001327, -0.0, -0.029242, 0.997535, -0.063783, 0.05, -0.00054, 0.063795, 0.997963, 0.0, 0.0, 0.0, 0.0, 1.0],
                [0.999998, 0.001898, -0.000197, -0.0, -0.001902, 0.999821, -0.018818, 0.05, 0.000161, 0.018818, 0.999823, 0.0, 0.0, 0.0, 0.0, 1.0]
            ]
        },
        {
            "name": "Chest",
            "time": [0.0, 0.1, 0.25, 0.3333],
            "transform": [
                [0.990538, -0.136582, -0.013431, 0.0, 0.136093, 0.964912, 0.224553, 0.3, -0.01771, -0.224256, 0.974369, -0.0, 0.0, 0.0, 0.0, 1.0],
                [0.999967, -0.008175, 7.3e-05, 0.0, 0.008173, 0.999876, 0.013455, 0.3, -0.000183, -0.013454, 0.999909, 0.0, 0.0, 0.0, 0.0, 1.0],
                [0.999274, 0.038052, -0.001792, 0.0, -0.03809, 0.997308, -0.062651, 0.3, -0.000597, 0.062674, 0.998034, -0.0, 0.0, 0.0, 0.0, 1.0],
                [1.0, 0.0, 0.0, 0.0, 0.0, 1.0, 0.0, 0.3, -0.0, 0.0, 1.0, -0.0, 0.0, 0.0, 0.0, 1.0]
            ]
        },
        {
            "name": "Head",
            "time": [0.0, 0.1, 0.25, 0.3333],
            "transform": [
                [0.857565, 0.008655, 0.514302, 0.0, -0.022342, 0.999542, 0.020432, 0.4, -0.513889, -0.029013, 0.857366, -0.0, 0.0, 0.0, 0.0, 1.0],
                [0.859224, -0.071784, 0.506539, 0.0, -0.016341, 0.985751, 0.167413, 0.4, -0.511339, -0.152123, 0.845808, 0.0, 0.0, 0.0, 0.0, 1.0],
                [0.859279, -0.016067, 0.511254, 0.0, -0.022586, 0.99734, 0.069304, 0.4, -0.511008, -0.071099, 0.856631, 0.0, 0.0, 0.0, 0.0, 1.0],
                [0.858435, -0.006443, 0.512881, 0.0, -0.018891, 0.998846, 0.044165, 0.4, -0.512574, -0.047602, 0.857323, 0.0, 0.0, 0.0, 0.0, 1.0]
            ]
        },
        {
            "name": "Shoulder_R",
            "time": [0.0, 0.3333],
            "transform": [
                [0.121037, 0.989779, 0.075411, 0.0, -0.053968, -0.069296, 0.996135, 0.4, 0.99118, -0.124639, 0.045029, -0.0, 0.0, 0.0, 0.0, 1.0],
                [0.121037, 0.989779, 0.075411, 0.0, -0.053968, -0.069296, 0.996135, 0.4, 0.99118, -0.124639, 0.045029, 0.0, 0.0, 0.0, 0.0, 1.0]
            ]
        },
        {
            "name": "Arm_R",
            "time": [0.0, 0.1, 0.25, 0.3333],
            "transform": [
                [-0.363279, -0.917162, 0.163838, -0.0, 0.101258, -0.213677, -0.971642, 0.39386, 0.926162, -0.336387, 0.170495, -0.0, 0.0, 0.0, 0.0, 1.0],
                [-0.363279, -0.917162, 0.163838, 0.0, 0.101258, -0.213677, -0.971642, 0.393861, 0.926162, -0.336387, 0.170495, -0.0, 0.0, 0.0, 0.0, 1.0],
                [-0.258373, -0.96602, 0.00705, 0.0, 0.087932, -0.030785, -0.99565, 0.39386, 0.962035, -0.256629, 0.092898, 0.0, 0.0, 0.0, 0.0, 1.0],
                [-0.218676, -0.974256, -0.054827, 0.0, 0.077576, 0.038652, -0.996237, 0.39386, 0.972709, -0.222107, 0.067126, -0.0, 0.0, 0.0, 0.0, 1.0]
            ]
        },
        {
            "name": "Hand_R",
            "time": [0.0, 0.3333],
            "transform": [
                [1.0, -0.0, 0.0, -0.0, 0.0, 0.109947, -0.993938, 0.3, 0.0, 0.993938, 0.109947, 0.0, 0.0, 0.0, 0.0, 1.0],
                [1.0, -0.0, 0.0, -0.0, 0.0, 0.109947, -0.993938, 0.3, 0.0, 0.993938, 0.109947, 0.0, 0.0, 0.0, 0.0, 1.0]
            ]
        },
        {
            "name": "Tool_R",
            "time": [0.0, 0.3333],
            "transform": [
                [1.0, 0.0, 0.0, 0.0, 0.0, -0.999836, 0.018122, 0.272858, 0.0, -0.018122, -0.999244, -0.0, 0.0, 0.0, 0.0, 1.0],
                [1.0, 0.0, 0.0, -0.0, 0.0, -0.999836, 0.018122, 0.272858, 0.0, -0.018122, -0.999244, -0.0, 0.0, 0.0, 0.0, 1.0]
            ]
        },
        {
            "name": "Elbow_R",
            "time": [0.0, 0.3333],
            "transform": [
                [-1.0, 0.0, -0.0, 0.000708, 0.0, -0.0, -1.0, 0.446564, -0.0, -1.0, 0.0, -0.000717, 0.0, 0.0, 0.0, 1.0],
                [-1.0, 0.0, -0.0, 0.000709, 0.0, -0.0, -1.0, 0.446564, -0.0, -1.0, 0.0, -0.000717, 0.0, 0.0, 0.0, 1.0]
            ]
        },
        {
            "name": "Shoulder_L",
            "time": [0.0, 0.1, 0.25, 0.3333],
            "transform": [
                [0.427589, -0.90123, 0.07037, 0.0, -0.230895, -0.033622, 0.972397, 0.4, -0.873988, -0.432035, -0.222466, -0.0, 0.0, 0.0, 0.0, 1.0],
                [0.427589, -0.90123, 0.07037, 0.0, -0.230895, -0.033622, 0.972398, 0.4, -0.873988, -0.432035, -0.222466, 0.0, 0.0, 0.0, 0.0, 1.0],
                [0.583077, -0.794215, 0.171004, 0.0, -0.262428, 0.015077, 0.964834, 0.4, -0.768864, -0.607449, -0.199633, 0.0, 0.0, 0.0, 0.0, 1.0],
                [0.635326, -0.743859, 0.207447, 0.0, -0.276583, 0.031627, 0.960469, 0.4, -0.721014, -0.667588, -0.185645, 0.0, 0.0, 0.0, 0.0, 1.0]
            ]
        },
        {
            "name": "Arm_L",
            "time": [0.0, 0.1, 0.25, 0.3333],
            "transform": [
                [0.460957, 0.870694, -0.171494, 0.0, -0.885179, 0.437391, -0.158578, 0.39386, -0.063063, 0.224901, 0.972339, -0.0, 0.0, 0.0, 0.0, 1.0],
                [0.460957, 0.870694, -0.171494, 0.0, -0.885179, 0.437391, -0.158578, 0.39386, -0.063063, 0.224901, 0.972339, -0.0, 0.0, 0.0, 0.0, 1.0],
                [0.67596, 0.716681, -0.171598, 0.0, -0.736936, 0.656808, -0.15978, 0.39386, -0.001804, 0.234462, 0.972124, 0.0, 0.0, 0.0, 0.0, 1.0],
                [0.745398, 0.644167, -0.171554, -0.0, -0.666265, 0.728295, -0.160238, 0.39386, 0.021722, 0.233741, 0.972056, 0.0, 0.0, 0.0, 0.0, 1.0]
            ]
        },
        {
            "name": "Hand_L",
            "time": [0.0, 0.3333],
            "transform": [
                [1.020763, -0.0, 0.0, -0.0, 0.0, 0.993937, 0.109947, 0.3, -0.0, -0.109947, 0.993937, -0.0, 0.0, 0.0, 0.0, 1.0],
                [1.020763, -0.0, 0.0, 0.0, -0.0, 0.993938, 0.109947, 0.3, -0.0, -0.109947, 0.993937, -0.0, 0.0, 0.0, 0.0, 1.0]
            ]
        },
        {
            "name": "Tool_L",
            "time": [0.0, 0.3333],
            "transform": [
                [0.790136, -0.030431, 0.612176, 0.213498, 0.607908, -0.088697, -0.789038, -0.07213, 0.07827, 0.995007, -0.051561, 0.120751, 0.0, 0.0, 0.0, 1.0],
                [0.790136, -0.030431, 0.612176, 0.213498, 0.607908, -0.088697, -0.789038, -0.07213, 0.07827, 0.995007, -0.051561, 0.120751, 0.0, 0.0, 0.0, 1.0]
            ]
        },
        {
            "name": "Elbow_L",
            "time": [0.0, 0.3333],
            "transform": [
                [-1.0, 0.0, -0.0, -0.0, 0.0, -0.0, -1.0, 0.3, -0.0, -1.0, -0.0, -0.0, 0.0, 0.0, 0.0, 1.0],
                [-1.0, 0.0, -0.0, 0.0, 0.0, -0.0, -1.0, 0.3, -0.0, -1.0, -0.0, -0.0, 0.0, 0.0, 0.0, 1.0]
            ]
        }
    ]
}