{
    "animation": [
        {
            "name": "Root",
            "time": [0.0, 0.3333],
            "transform": [
                [0.854689, 0.0, -0.51914, -5e-06, -0.51914, 0.0, -0.854689, 0.000946, 0.0, 1.0, 0.0, 0.755725, 0.0, 0.0, 0.0, 1.0],
                [0.854689, 0.0, -0.51914, -5e-06, -0.51914, 0.0, -0.854689, 0.000946, 0.0, 1.0, 0.0, 0.755725, 0.0, 0.0, 0.0, 1.0]
            ]
        },
        {
            "name": "Thigh_R",
            "time": [0.0, 0.3333],
            "transform": [
                [0.996122, 0.056386, -0.067528, 0.124994, 0.068868, -0.977426, 0.199728, -0.002831, -0.054742, -0.203604, -0.977522, -1.2e-05, 0.0, 0.0, 0.0, 1.0],
                [0.996122, 0.056386, -0.067528, 0.124994, 0.068868, -0.977426, 0.199728, -0.002831, -0.054742, -0.203604, -0.977522, -1.2e-05, 0.0, 0.0, 0.0, 1.0]
            ]
        },
        {
            "name": "Leg_R",
            "time": [0.0, 0.3333],
            "transform": [
                [1.0, -0.0, 2e-06, 0.0, -0.0, 0.9661, 0.258173, 0.37472, -2e-06, -0.258173, 0.966098, -0.0, 0.0, 0.0, 0.0, 1.0],
                [1.0, -0.0, 2e-06, 0.0, -0.0, 0.9661, 0.258173, 0.37472, -2e-06, -0.258173, 0.966098, -0.0, 0.0, 0.0, 0.0, 1.0]
            ]
        },
        {
            "name": "Knee_R",
            "time": [0.0, 0.3333],
            "transform": [
                [1.0, 0.0, -0.0, 0.0, -0.0, 1e-06, -1.0, 0.37472, -0.0, 1.0, 1e-06, -0.0, 0.0, 0.0, 0.0, 1.0],
                [1.0, 0.0, -0.0, 0.0, -0.0, 1e-06, -1.0, 0.37472, -0.0, 1.0, 1e-06, -0.0, 0.0, 0.0, 0.0, 1.0]
            ]
        },
        {
            "name": "Thigh_L",
            "time": [0.0, 0.3333],
            "transform": [
                [0.866489, -0.135609, -0.480425, -0.125006, -0.027108, -0.973757, 0.225969, -0.002831, -0.49846, -0.182775, -0.847426, -1.2e-05, 0.0, 0.0, 0.0, 1.0],
                [0.866489, -0.135609, -0.480425, -0.125006, -0.027108, -0.973757, 0.225969, -0.002831, -0.49846, -0.182775, -0.847426, -1.2e-05, 0.0, 0.0, 0.0, 1.0]
            ]
        },
        {
            "name": "Leg_L",
            "time": [0.0, 0.3333],
            "transform": [
                [1.0, -0.0, 1e-06, 0.0, 0.0, 0.970939, 0.239328, 0.37472, -1e-06, -0.239328, 0.970939, -0.0, 0.0, 0.0, 0.0, 1.0],
                [1.0, -0.0, 1e-06, 0.0, 0.0, 0.970939, 0.239328, 0.37472, -1e-06, -0.239328, 0.970939, -0.0, 0.0, 0.0, 0.0, 1.0]
            ]
        },
        {
            "name": "Knee_L",
            "time": [0.0, 0.3333],
            "transform": [
                [1.0, 0.0, -0.0, 0.0, -0.0, 1e-06, -1.0, 0.37472, -0.0, 1.0, 1e-06, -0.0, 0.0, 0.0, 0.0, 1.0],
                [1.0, 0.0, -0.0, 0.0, -0.0, 1e-06, -1.0, 0.37472, -0.0, 1.0, 1e-06, -0.0, 0.0, 0.0, 0.0, 1.0]
            ]
        },
        {
            "name": "Torso",
            "time": [0.0, 0.1, 0.25, 0.3333],
            "transform": [
                [0.987568, 0.155493, -0.023067, -0.0, -0.155878, 0.94974, -0.271469, 0.05, -0.020304, 0.27169, 0.962171, 0.0, 0.0, 0.0, 0.0, 1.0],
                [0.98076, 0.19208, -0.034846, -0.0, -0.192655, 0.923543, -0.331591, 0.05, -0.031511, 0.331925, 0.942779, 0.0, 0.0, 0.0, 0.0, 1.0],
                [0.989345, 0.144215, -0.019965, -0.0, -0.14455, 0.956625, -0.252931, 0.05, -0.017377, 0.253122, 0.967278, 0.0, 0.0, 0.0, 0.0, 1.0],
                [0.994923, 0.100127, -0.010091, -0.0, -0.1003, 0.978458, -0.180442, 0.05, -0.008193, 0.180538, 0.983534, 0.0, 0.0, 0.0, 0.0, 1.0]
            ]
        },
        {
            "name": "Chest",
            "time": [0.0, 0.1, 0.25, 0.3333],
            "transform": [
                [0.924811, 0.357754, -0.129371, 0.0, -0.361637, 0.721181, -0.590861, 0.3, -0.118083, 0.59322, 0.796333, -0.0, 0.0, 0.0, 0.0, 1.0],
                [0.925756, 0.355875, -0.127786, -0.0, -0.359709, 0.724685, -0.587742, 0.3, -0.116558, 0.590072, 0.798893, -0.0, 0.0, 0.0, 0.0, 1.0],
                [0.909694, 0.385395, -0.154686, -0.0, -0.390058, 0.665124, -0.636761, 0.3, -0.142519, 0.639594, 0.755386, -0.0, 0.0, 0.0, 0.0, 1.0],
                [0.942958, 0.317889, -0.098876, -0.0, -0.320835, 0.788475, -0.524759, 0.3, -0.088854, 0.526549, 0.845489, -0.0, 0.0, 0.0, 0.0, 1.0]
            ]
        },
        {
            "name": "Head",
            "time": [0.0, 0.1, 0.25, 0.3333],
            "transform": [
                [0.857333, -0.44543, 0.258017, 0.0, -0.002572, 0.497521, 0.867448, 0.4, -0.514756, -0.744355, 0.425395, -0.0, 0.0, 0.0, 0.0, 1.0],
                [0.857549, -0.423232, 0.292378, 0.0, -0.003001, 0.564257, 0.825594, 0.4, -0.514393, -0.708865, 0.482608, -0.0, 0.0, 0.0, 0.0, 1.0],
                [0.857052, -0.468306, 0.214829, -0.0, -0.002105, 0.41377, 0.910379, 0.4, -0.515226, -0.780694, 0.353637, 0.0, 0.0, 0.0, 0.0, 1.0],
                [0.857797, -0.391332, 0.333233, -0.0, -0.00359, 0.643749, 0.765228, 0.4, -0.513976, -0.657606, 0.550801, 0.0, 0.0, 0.0, 0.0, 1.0]
            ]
        },
        {
            "name": "Shoulder_R",
            "time": [0.0, 0.3333],
            "transform": [
                [0.121037, 0.989779, 0.075411, 0.0, -0.053968, -0.069296, 0.996135, 0.4, 0.99118, -0.124639, 0.045029, -0.0, 0.0, 0.0, 0.0, 1.0],
                [0.121037, 0.989779, 0.075411, -0.0, -0.053968, -0.069296, 0.996135, 0.4, 0.99118, -0.124639, 0.045029, 0.0, 0.0, 0.0, 0.0, 1.0]
            ]
        },
        {
            "name": "Arm_R",
            "time": [0.0, 0.3333],
            "transform": [
                [0.411832, -0.887628, 0.206182, 0.0, -0.049956, -0.247912, -0.967493, 0.39386, 0.90989, 0.388145, -0.14644, -0.0, 0.0, 0.0, 0.0, 1.0],
                [0.411832, -0.887628, 0.206182, -0.0, -0.049956, -0.247912, -0.967494, 0.39386, 0.90989, 0.388145, -0.14644, 0.0, 0.0, 0.0, 0.0, 1.0]
            ]
        },
        {
            "name": "Hand_R",
            "time": [0.0, 0.3333],
            "transform": [
                [1.0, -0.0, 0.0, 0.0, 0.0, 0.109947, -0.993938, 0.3, 0.0, 0.993938, 0.109947, 0.0, 0.0, 0.0, 0.0, 1.0],
                [1.0, -0.0, 0.0, 0.0, 0.0, 0.109947, -0.993938, 0.3, 0.0, 0.993938, 0.109947, -0.0, 0.0, 0.0, 0.0, 1.0]
            ]
        },
        {
            "name": "Tool_R",
            "time": [0.0, 0.3333],
            "transform": [
                [1.0, 0.0, 0.0, -0.0, 0.0, -0.999836, 0.018122, 0.272858, 0.0, -0.018122, -0.999244, 0.0, 0.0, 0.0, 0.0, 1.0],
                [1.0, 0.0, 0.0, -0.0, 0.0, -0.999836, 0.018122, 0.272858, 0.0, -0.018122, -0.999244, -0.0, 0.0, 0.0, 0.0, 1.0]
            ]
        },
        {
            "name": "Elbow_R",
            "time": [0.0, 0.3333],
            "transform": [
                [-1.0, 0.0, -0.0, 0.000709, 0.0, -0.0, -1.0, 0.446564, -0.0, -1.0, 0.0, -0.000717, 0.0, 0.0, 0.0, 1.0],
                [-1.0, 0.0, -0.0, 0.000709, 0.0, -0.0, -1.0, 0.446563, -0.0, -1.0, 0.0, -0.000717, 0.0, 0.0, 0.0, 1.0]
            ]
        },
        {
            "name": "Shoulder_L",
            "time": [0.0, 0.1, 0.25, 0.3333],
            "transform": [
                [-0.073842, -0.929552, -0.36122, 0.0, 0.027365, -0.363961, 0.931012, 0.4, -0.996894, 0.058863, 0.052313, -0.0, 0.0, 0.0, 0.0, 1.0],
                [-0.164109, -0.892165, -0.420843, 0.0, 0.054034, -0.434117, 0.899235, 0.4, -0.984961, 0.124833, 0.11945, -0.0, 0.0, 0.0, 0.0, 1.0],
                [-0.044586, -0.939375, -0.339979, -0.0, 0.017134, -0.340987, 0.939912, 0.4, -0.998858, 0.036081, 0.031299, 0.0, 0.0, 0.0, 0.0, 1.0],
                [-0.0, -0.952114, -0.305743, -0.0, 0.0, -0.305743, 0.952114, 0.4, -1.0, -0.0, 0.0, 0.0, 0.0, 0.0, 0.0, 1.0]
            ]
        },
        {
            "name": "Arm_L",
            "time": [0.0, 0.1, 0.25, 0.3333],
            "transform": [
                [-0.01973, 0.881112, -0.472496, 0.0, -0.821537, -0.283627, -0.494603, 0.39386, -0.569814, 0.378414, 0.729463, 0.0, 0.0, 0.0, 0.0, 1.0],
                [-0.154239, 0.873658, -0.461446, -0.0, -0.784288, -0.392309, -0.480611, 0.39386, -0.600919, 0.287777, 0.745708, -0.0, 0.0, 0.0, 0.0, 1.0],
                [0.062366, 0.840148, -0.53876, -0.0, -0.808511, -0.273967, -0.520819, 0.39386, -0.585167, 0.468075, 0.662182, -0.0, 0.0, 0.0, 0.0, 1.0],
                [0.143488, 0.814505, -0.562133, -0.0, -0.810473, -0.229251, -0.539052, 0.39386, -0.567931, 0.532941, 0.627239, 0.0, 0.0, 0.0, 0.0, 1.0]
            ]
        },
        {
            "name": "Hand_L",
            "time": [0.0, 0.3333],
            "transform": [
                [1.020763, 0.0, 0.0, 0.0, 0.0, 0.993938, 0.109947, 0.3, -0.0, -0.109947, 0.993937, -0.0, 0.0, 0.0, 0.0, 1.0],
                [1.020763, 0.0, 0.0, 0.0, -0.0, 0.993938, 0.109947, 0.3, -0.0, -0.109947, 0.993937, -0.0, 0.0, 0.0, 0.0, 1.0]
            ]
        },
        {
            "name": "Tool_L",
            "time": [0.0, 0.3333],
            "transform": [
                [0.790136, -0.030431, 0.612176, 0.213498, 0.607908, -0.088697, -0.789038, -0.07213, 0.07827, 0.995007, -0.051561, 0.120751, 0.0, 0.0, 0.0, 1.0],
                [0.790136, -0.030431, 0.612176, 0.213498, 0.607908, -0.088697, -0.789038, -0.07213, 0.07827, 0.995007, -0.051561, 0.120751, 0.0, 0.0, 0.0, 1.0]
            ]
        },
        {
            "name": "Elbow_L",
            "time": [0.0, 0.3333],
            "transform": [
                [-1.0, 0.0, -0.0, 0.0, -0.0, -0.0, -1.0, 0.3, -0.0, -1.0, -0.0, -0.0, 0.0, 0.0, 0.0, 1.0],
                [-1.0, 0.0, -0.0, 0.0, 0.0, -0.0, -1.0, 0.3, -0.0, -1.0, -0.0, -0.0, 0.0, 0.0, 0.0, 1.0]
            ]
        }
    ]
}