{
    "animation": [
        {
            "name": "Root",
            "time": [0.0, 0.3333],
            "transform": [
                [1.0, 0.0, 0.0, -5e-06, 0.0, 1.0, 0.0, 0.000946, 0.0, -0.0, 1.0, 0.367881, 0.0, 0.0, 0.0, 1.0],
                [1.0, 0.0, 0.0, -5e-06, 0.0, 1.0, 0.0, 0.000946, 0.0, -0.0, 1.0, 0.367881, 0.0, 0.0, 0.0, 1.0]
            ]
        },
        {
            "name": "Thigh_R",
            "time": [0.0, 0.3333],
            "transform": [
                [1.0, -0.0, -0.0, 0.124994, 0.0, -0.999998, 1e-06, -0.002831, -0.0, -0.0, -1.0, -1.2e-05, 0.0, 0.0, 0.0, 1.0],
                [1.0, -0.0, -0.0, 0.124994, 0.0, -0.999998, 1e-06, -0.002831, -0.0, -0.0, -1.0, -1.2e-05, 0.0, 0.0, 0.0, 1.0]
            ]
        },
        {
            "name": "Leg_R",
            "time": [0.0, 0.3333],
            "transform": [
                [1.0, 0.0, 1e-06, 0.0, -0.0, 1.000001, 0.0, 0.37472, -1e-06, -0.0, 0.999999, 0.0, 0.0, 0.0, 0.0, 1.0],
                [1.0, 0.0, 1e-06, 0.0, -0.0, 1.000001, 0.0, 0.37472, -1e-06, -0.0, 0.999999, 0.0, 0.0, 0.0, 0.0, 1.0]
            ]
        },
        {
            "name": "Knee_R",
            "time": [0.0, 0.3333],
            "transform": [
                [1.0, 0.0, -0.0, 0.0, -0.0, 1e-06, -1.0, 0.37472, -0.0, 1.0, 1e-06, 0.0, 0.0, 0.0, 0.0, 1.0],
                [1.0, 0.0, -0.0, 0.0, -0.0, 1e-06, -1.0, 0.37472, -0.0, 1.0, 1e-06, 0.0, 0.0, 0.0, 0.0, 1.0]
            ]
        },
        {
            "name": "Thigh_L",
            "time": [0.0, 0.3333],
            "transform": [
                [1.0, -0.0, -0.0, -0.125006, 0.0, -1.0, 1e-06, -0.002831, -0.0, -0.0, -1.0, -1.2e-05, 0.0, 0.0, 0.0, 1.0],
                [1.0, -0.0, -0.0, -0.125006, 0.0, -1.0, 1e-06, -0.002831, -0.0, -0.0, -1.0, -1.2e-05, 0.0, 0.0, 0.0, 1.0]
            ]
        },
        {
            "name": "Leg_L",
            "time": [0.0, 0.3333],
            "transform": [
                [1.0, 0.0, 1e-06, -0.0, -0.0, 1.0, 0.0, 0.37472, -1e-06, -0.0, 1.0, -0.0, 0.0, 0.0, 0.0, 1.0],
                [1.0, 0.0, 1e-06, -0.0, -0.0, 1.0, 0.0, 0.37472, -1e-06, -0.0, 1.0, -0.0, 0.0, 0.0, 0.0, 1.0]
            ]
        },
        {
            "name": "Knee_L",
            "time": [0.0, 0.3333],
            "transform": [
                [1.0, 0.0, -0.0, -0.0, -0.0, 1e-06, -1.0, 0.37472, -0.0, 1.0, 1e-06, -0.0, 0.0, 0.0, 0.0, 1.0],
                [1.0, 0.0, -0.0, -0.0, -0.0, 1e-06, -1.0, 0.37472, -0.0, 1.0, 1e-06, -0.0, 0.0, 0.0, 0.0, 1.0]
            ]
        },
        {
            "name": "Torso",
            "time": [0.0, 0.1, 0.25, 0.3333],
            "transform": [
                [0.99999, 4.5e-05, 0.004402, 0.0, 0.00056, 0.990519, -0.137374, 0.05, -0.004367, 0.137375, 0.990509, 0.0, 0.0, 0.0, 0.0, 1.0],
                [0.999965, 0.000327, 0.008344, 0.0, 0.001191, 0.983439, -0.181234, 0.05, -0.008265, 0.181237, 0.983405, 0.0, 0.0, 0.0, 0.0, 1.0],
                [0.999992, 0.003945, 0.000289, 0.0, -0.003919, 0.997955, -0.063796, 0.05, -0.00054, 0.063795, 0.997963, 0.0, 0.0, 0.0, 0.0, 1.0],
                [0.999999, -0.001255, 0.000174, 0.0, 0.001252, 0.999822, 0.018834, 0.05, -0.000198, -0.018833, 0.999823, 0.0, 0.0, 0.0, 0.0, 1.0]
            ]
        },
        {
            "name": "Chest",
            "time": [0.0, 0.1, 0.25, 0.3333],
            "transform": [
                [0.99999, -0.004147, -0.001571, -0.0, 0.004394, 0.974354, 0.224977, 0.3, 0.000597, -0.224982, 0.974363, 0.0, 0.0, 0.0, 0.0, 1.0],
                [0.999967, -0.008175, 7.3e-05, 0.0, 0.008173, 0.999876, 0.013455, 0.3, -0.000183, -0.013454, 0.999909, -0.0, 0.0, 0.0, 0.0, 1.0],
                [0.999981, -0.005041, 0.003691, 0.0, 0.005262, 0.998026, -0.062587, 0.3, -0.003368, 0.062605, 0.998033, -0.0, 0.0, 0.0, 0.0, 1.0],
                [0.999996, -0.000148, -0.002697, -0.0, -0.000199, 0.991712, -0.12848, 0.3, 0.002693, 0.12848, 0.991708, 0.0, 0.0, 0.0, 0.0, 1.0]
            ]
        },
        {
            "name": "Head",
            "time": [0.0, 0.3333],
            "transform": [
                [0.999609, -0.018423, -0.021015, 0.0, -0.018815, 0.112365, -0.993489, 0.4, 0.020664, 0.993496, 0.111975, -0.0, 0.0, 0.0, 0.0, 1.0],
                [0.99961, -0.018423, -0.021015, 0.0, -0.018815, 0.112365, -0.993489, 0.4, 0.020664, 0.993496, 0.111975, 0.0, 0.0, 0.0, 0.0, 1.0]
            ]
        },
        {
            "name": "Shoulder_R",
            "time": [0.0, 0.3333],
            "transform": [
                [0.109339, 0.983461, 0.14439, 0.0, -0.061842, -0.138249, 0.988465, 0.4, 0.992079, -0.117007, 0.045703, -0.0, 0.0, 0.0, 0.0, 1.0],
                [0.109339, 0.983461, 0.14439, 0.0, -0.061842, -0.138249, 0.988465, 0.4, 0.992079, -0.117007, 0.045703, 0.0, 0.0, 0.0, 0.0, 1.0]
            ]
        },
        {
            "name": "Arm_R",
            "time": [0.0, 0.3333],
            "transform": [
                [0.971725, -0.206135, -0.115152, 0.0, -0.16251, -0.230066, -0.95951, 0.39386, 0.171296, 0.951094, -0.25706, -0.0, 0.0, 0.0, 0.0, 1.0],
                [0.971725, -0.206135, -0.115152, -0.0, -0.16251, -0.230066, -0.959511, 0.39386, 0.171296, 0.951094, -0.25706, -0.0, 0.0, 0.0, 0.0, 1.0]
            ]
        },
        {
            "name": "Hand_R",
            "time": [0.0, 0.3333],
            "transform": [
                [1.0, -0.0, 0.0, 0.0, 0.0, 0.109947, -0.993938, 0.3, 0.0, 0.993938, 0.109947, 0.0, 0.0, 0.0, 0.0, 1.0],
                [1.0, -0.0, 0.0, -0.0, 0.0, 0.109947, -0.993938, 0.3, 0.0, 0.993938, 0.109947, -0.0, 0.0, 0.0, 0.0, 1.0]
            ]
        },
        {
            "name": "Tool_R",
            "time": [0.0, 0.3333],
            "transform": [
                [1.0, 0.0, 0.0, 0.0, 0.0, -0.999836, 0.018122, 0.272858, 0.0, -0.018122, -0.999244, -0.0, 0.0, 0.0, 0.0, 1.0],
                [1.0, 0.0, 0.0, -0.0, 0.0, -0.999836, 0.018122, 0.272858, 0.0, -0.018122, -0.999244, -0.0, 0.0, 0.0, 0.0, 1.0]
            ]
        },
        {
            "name": "Elbow_R",
            "time": [0.0, 0.3333],
            "transform": [
                [-1.0, 0.0, -0.0, 0.000709, 0.0, -0.0, -1.0, 0.446564, -0.0, -1.0, 0.0, -0.000717, 0.0, 0.0, 0.0, 1.0],
                [-1.0, 0.0, -0.0, 0.000709, 0.0, -0.0, -1.0, 0.446563, -0.0, -1.0, 0.0, -0.000717, 0.0, 0.0, 0.0, 1.0]
            ]
        },
        {
            "name": "Shoulder_L",
            "time": [0.0, 0.3333],
            "transform": [
                [0.077156, -0.886594, 0.456068, 0.0, -0.033995, 0.454826, 0.889931, 0.4, -0.996439, -0.084168, 0.004953, -0.0, 0.0, 0.0, 0.0, 1.0],
                [0.077156, -0.886594, 0.456068, 0.0, -0.033995, 0.454826, 0.889931, 0.4, -0.996439, -0.084168, 0.004953, 0.0, 0.0, 0.0, 0.0, 1.0]
            ]
        },
        {
            "name": "Arm_L",
            "time": [0.0, 0.3333],
            "transform": [
                [0.051901, 0.135848, -0.98937, -0.0, -0.992999, 0.112286, -0.036674, 0.39386, 0.10611, 0.984346, 0.140725, -0.0, 0.0, 0.0, 0.0, 1.0],
                [0.051901, 0.135848, -0.989369, 0.0, -0.992999, 0.112286, -0.036674, 0.39386, 0.10611, 0.984346, 0.140725, 0.0, 0.0, 0.0, 0.0, 1.0]
            ]
        },
        {
            "name": "Hand_L",
            "time": [0.0, 0.3333],
            "transform": [
                [1.020763, 0.0, 0.0, -0.0, -0.0, 0.993938, 0.109947, 0.3, -0.0, -0.109947, 0.993938, 0.0, 0.0, 0.0, 0.0, 1.0],
                [1.020763, -0.0, 0.0, -0.0, 0.0, 0.993937, 0.109947, 0.3, -0.0, -0.109947, 0.993937, -0.0, 0.0, 0.0, 0.0, 1.0]
            ]
        },
        {
            "name": "Tool_L",
            "time": [0.0, 0.3333],
            "transform": [
                [0.790136, -0.030431, 0.612176, 0.213498, 0.607908, -0.088697, -0.789038, -0.07213, 0.07827, 0.995007, -0.051561, 0.120751, 0.0, 0.0, 0.0, 1.0],
                [0.790136, -0.030431, 0.612176, 0.213498, 0.607908, -0.088697, -0.789038, -0.07213, 0.07827, 0.995007, -0.051561, 0.120751, 0.0, 0.0, 0.0, 1.0]
            ]
        },
        {
            "name": "Elbow_L",
            "time": [0.0, 0.3333],
            "transform": [
                [-1.0, 0.0, -0.0, -0.0, 0.0, -0.0, -1.0, 0.3, -0.0, -1.0, -0.0, 0.0, 0.0, 0.0, 0.0, 1.0],
                [-1.0, 0.0, 0.0, -0.0, 0.0, -0.0, -1.0, 0.3, -0.0, -1.0, -0.0, -0.0, 0.0, 0.0, 0.0, 1.0]
            ]
        }
    ]
}