{
    "animation": [
        {
            "name": "Root",
            "time": [0.0, 0.4333],
            "transform": [
                [0.854689, 0.0, -0.51914, -5e-06, -0.51914, 0.0, -0.854689, 0.000946, 0.0, 1.0, 0.0, 0.755725, 0.0, 0.0, 0.0, 1.0],
                [0.854689, 0.0, -0.51914, -5e-06, -0.51914, 0.0, -0.854689, 0.000946, 0.0, 1.0, 0.0, 0.755725, 0.0, 0.0, 0.0, 1.0]
            ]
        },
        {
            "name": "Thigh_R",
            "time": [0.0, 0.4333],
            "transform": [
                [0.996122, 0.056386, -0.067528, 0.124994, 0.068868, -0.977426, 0.199728, -0.002831, -0.054742, -0.203604, -0.977522, -1.2e-05, 0.0, 0.0, 0.0, 1.0],
                [0.996122, 0.056386, -0.067528, 0.124994, 0.068868, -0.977426, 0.199728, -0.002831, -0.054742, -0.203604, -0.977522, -1.2e-05, 0.0, 0.0, 0.0, 1.0]
            ]
        },
        {
            "name": "Leg_R",
            "time": [0.0, 0.4333],
            "transform": [
                [1.0, -0.0, 2e-06, 0.0, -0.0, 0.9661, 0.258173, 0.37472, -2e-06, -0.258173, 0.966098, -0.0, 0.0, 0.0, 0.0, 1.0],
                [1.0, -0.0, 2e-06, 0.0, -0.0, 0.9661, 0.258173, 0.37472, -2e-06, -0.258173, 0.966098, -0.0, 0.0, 0.0, 0.0, 1.0]
            ]
        },
        {
            "name": "Knee_R",
            "time": [0.0, 0.4333],
            "transform": [
                [1.0, 0.0, -0.0, 0.0, -0.0, 1e-06, -1.0, 0.37472, -0.0, 1.0, 1e-06, -0.0, 0.0, 0.0, 0.0, 1.0],
                [1.0, 0.0, -0.0, 0.0, -0.0, 1e-06, -1.0, 0.37472, -0.0, 1.0, 1e-06, -0.0, 0.0, 0.0, 0.0, 1.0]
            ]
        },
        {
            "name": "Thigh_L",
            "time": [0.0, 0.4333],
            "transform": [
                [0.866489, -0.135609, -0.480425, -0.125006, -0.027108, -0.973757, 0.225969, -0.002831, -0.49846, -0.182775, -0.847426, -1.2e-05, 0.0, 0.0, 0.0, 1.0],
                [0.866489, -0.135609, -0.480425, -0.125006, -0.027108, -0.973757, 0.225969, -0.002831, -0.49846, -0.182775, -0.847426, -1.2e-05, 0.0, 0.0, 0.0, 1.0]
            ]
        },
        {
            "name": "Leg_L",
            "time": [0.0, 0.4333],
            "transform": [
                [1.0, -0.0, 1e-06, 0.0, 0.0, 0.970939, 0.239328, 0.37472, -1e-06, -0.239328, 0.970939, -0.0, 0.0, 0.0, 0.0, 1.0],
                [1.0, -0.0, 1e-06, 0.0, 0.0, 0.970939, 0.239328, 0.37472, -1e-06, -0.239328, 0.970939, -0.0, 0.0, 0.0, 0.0, 1.0]
            ]
        },
        {
            "name": "Knee_L",
            "time": [0.0, 0.4333],
            "transform": [
                [1.0, 0.0, -0.0, 0.0, -0.0, 1e-06, -1.0, 0.37472, -0.0, 1.0, 1e-06, -0.0, 0.0, 0.0, 0.0, 1.0],
                [1.0, 0.0, -0.0, 0.0, -0.0, 1e-06, -1.0, 0.37472, -0.0, 1.0, 1e-06, -0.0, 0.0, 0.0, 0.0, 1.0]
            ]
        },
        {
            "name": "Torso",
            "time": [0.0, 0.4333],
            "transform": [
                [0.994923, 0.100127, -0.010091, -0.0, -0.1003, 0.978458, -0.180442, 0.05, -0.008193, 0.180538, 0.983534, 0.0, 0.0, 0.0, 0.0, 1.0],
                [0.994923, 0.100127, -0.010091, -0.0, -0.1003, 0.978458, -0.180442, 0.05, -0.008193, 0.180538, 0.983534, 0.0, 0.0, 0.0, 0.0, 1.0]
            ]
        },
        {
            "name": "Chest",
            "time": [0.0, 0.4333],
            "transform": [
                [0.942958, 0.317889, -0.098876, -0.0, -0.320835, 0.788475, -0.524759, 0.3, -0.088854, 0.526549, 0.845489, -0.0, 0.0, 0.0, 0.0, 1.0],
                [0.942958, 0.317889, -0.098876, -0.0, -0.320835, 0.788475, -0.524759, 0.3, -0.088854, 0.526549, 0.845489, -0.0, 0.0, 0.0, 0.0, 1.0]
            ]
        },
        {
            "name": "Head",
            "time": [0.0, 0.4333],
            "transform": [
                [0.857796, -0.391385, 0.333171, -0.0, -0.003589, 0.643629, 0.765329, 0.4, -0.513977, -0.657692, 0.550698, 0.0, 0.0, 0.0, 0.0, 1.0],
                [0.857796, -0.391385, 0.333171, -0.0, -0.003589, 0.643629, 0.765329, 0.4, -0.513977, -0.657692, 0.550698, 0.0, 0.0, 0.0, 0.0, 1.0]
            ]
        },
        {
            "name": "Shoulder_R",
            "time": [0.0, 0.4333],
            "transform": [
                [0.121037, 0.989779, 0.075411, -0.0, -0.053968, -0.069296, 0.996135, 0.4, 0.99118, -0.124639, 0.045029, 0.0, 0.0, 0.0, 0.0, 1.0],
                [0.121037, 0.989779, 0.075411, -0.0, -0.053968, -0.069296, 0.996135, 0.4, 0.99118, -0.124639, 0.045029, 0.0, 0.0, 0.0, 0.0, 1.0]
            ]
        },
        {
            "name": "Arm_R",
            "time": [0.0, 0.4333],
            "transform": [
                [0.411832, -0.887628, 0.206182, -0.0, -0.049956, -0.247912, -0.967494, 0.39386, 0.90989, 0.388145, -0.14644, 0.0, 0.0, 0.0, 0.0, 1.0],
                [0.411832, -0.887628, 0.206182, -0.0, -0.049956, -0.247912, -0.967494, 0.39386, 0.90989, 0.388145, -0.14644, 0.0, 0.0, 0.0, 0.0, 1.0]
            ]
        },
        {
            "name": "Hand_R",
            "time": [0.0, 0.4333],
            "transform": [
                [1.0, -0.0, 0.0, 0.0, 0.0, 0.109947, -0.993938, 0.3, 0.0, 0.993938, 0.109947, -0.0, 0.0, 0.0, 0.0, 1.0],
                [1.0, -0.0, 0.0, 0.0, 0.0, 0.109947, -0.993938, 0.3, 0.0, 0.993938, 0.109947, -0.0, 0.0, 0.0, 0.0, 1.0]
            ]
        },
        {
            "name": "Tool_R",
            "time": [0.0, 0.4333],
            "transform": [
                [1.0, 0.0, 0.0, -0.0, 0.0, -0.999836, 0.018122, 0.272858, 0.0, -0.018122, -0.999244, -0.0, 0.0, 0.0, 0.0, 1.0],
                [1.0, 0.0, 0.0, -0.0, 0.0, -0.999836, 0.018122, 0.272858, 0.0, -0.018122, -0.999244, -0.0, 0.0, 0.0, 0.0, 1.0]
            ]
        },
        {
            "name": "Elbow_R",
            "time": [0.0, 0.4333],
            "transform": [
                [-1.0, 0.0, -0.0, 0.000709, 0.0, -0.0, -1.0, 0.446563, -0.0, -1.0, 0.0, -0.000717, 0.0, 0.0, 0.0, 1.0],
                [-1.0, 0.0, -0.0, 0.000709, 0.0, -0.0, -1.0, 0.446563, -0.0, -1.0, 0.0, -0.000717, 0.0, 0.0, 0.0, 1.0]
            ]
        },
        {
            "name": "Shoulder_L",
            "time": [0.0, 0.4333],
            "transform": [
                [-0.0, -0.952114, -0.305743, -0.0, 0.0, -0.305743, 0.952114, 0.4, -1.0, -0.0, 0.0, 0.0, 0.0, 0.0, 0.0, 1.0],
                [-0.0, -0.952114, -0.305743, -0.0, 0.0, -0.305743, 0.952114, 0.4, -1.0, -0.0, 0.0, 0.0, 0.0, 0.0, 0.0, 1.0]
            ]
        },
        {
            "name": "Arm_L",
            "time": [0.0, 0.4333],
            "transform": [
                [0.143488, 0.814505, -0.562133, -0.0, -0.810473, -0.229251, -0.539052, 0.39386, -0.567931, 0.532941, 0.627239, 0.0, 0.0, 0.0, 0.0, 1.0],
                [0.143488, 0.814505, -0.562133, -0.0, -0.810473, -0.229251, -0.539052, 0.39386, -0.567931, 0.532941, 0.627239, 0.0, 0.0, 0.0, 0.0, 1.0]
            ]
        },
        {
            "name": "Hand_L",
            "time": [0.0, 0.4333],
            "transform": [
                [1.020763, 0.0, 0.0, 0.0, -0.0, 0.993938, 0.109947, 0.3, -0.0, -0.109947, 0.993937, -0.0, 0.0, 0.0, 0.0, 1.0],
                [1.020763, 0.0, 0.0, 0.0, -0.0, 0.993938, 0.109947, 0.3, -0.0, -0.109947, 0.993937, -0.0, 0.0, 0.0, 0.0, 1.0]
            ]
        },
        {
            "name": "Tool_L",
            "time": [0.0, 0.4333],
            "transform": [
                [0.833942, -0.02976, 0.551049, 0.213498, 0.547183, -0.085025, -0.832683, -0.07213, 0.071598, 0.995347, -0.054599, 0.120751, 0.0, 0.0, 0.0, 1.0],
                [0.833942, -0.02976, 0.551049, 0.213498, 0.547183, -0.085025, -0.832683, -0.07213, 0.071598, 0.995347, -0.054599, 0.120751, 0.0, 0.0, 0.0, 1.0]
            ]
        },
        {
            "name": "Elbow_L",
            "time": [0.0, 0.4333],
            "transform": [
                [-1.0, 0.0, -0.0, 0.0, 0.0, -0.0, -1.0, 0.3, -0.0, -1.0, -0.0, -0.0, 0.0, 0.0, 0.0, 1.0],
                [-1.0, 0.0, -0.0, 0.0, 0.0, -0.0, -1.0, 0.3, -0.0, -1.0, -0.0, -0.0, 0.0, 0.0, 0.0, 1.0]
            ]
        }
    ]
}