{
    "animation": [
        {
            "name": "Root",
            "time": [0.0, 0.4333],
            "transform": [
                [0.854689, 0.0, -0.51914, -5e-06, -0.51914, 0.0, -0.854689, 0.000946, 0.0, 1.0, 0.0, 0.755725, 0.0, 0.0, 0.0, 1.0],
                [0.854689, 0.0, -0.51914, -5e-06, -0.51914, 0.0, -0.854689, 0.000946, 0.0, 1.0, 0.0, 0.755725, 0.0, 0.0, 0.0, 1.0]
            ]
        },
        {
            "name": "Thigh_R",
            "time": [0.0, 0.4333],
            "transform": [
                [0.996122, 0.056386, -0.067528, 0.124994, 0.068868, -0.977426, 0.199728, -0.002831, -0.054742, -0.203604, -0.977522, -1.2e-05, 0.0, 0.0, 0.0, 1.0],
                [0.996122, 0.056386, -0.067528, 0.124994, 0.068868, -0.977426, 0.199728, -0.002831, -0.054742, -0.203604, -0.977522, -1.2e-05, 0.0, 0.0, 0.0, 1.0]
            ]
        },
        {
            "name": "Leg_R",
            "time": [0.0, 0.4333],
            "transform": [
                [1.0, -0.0, 2e-06, 0.0, -0.0, 0.966099, 0.258173, 0.37472, -2e-06, -0.258173, 0.966099, -0.0, 0.0, 0.0, 0.0, 1.0],
                [1.0, -0.0, 2e-06, 0.0, -0.0, 0.966099, 0.258173, 0.37472, -2e-06, -0.258173, 0.966099, -0.0, 0.0, 0.0, 0.0, 1.0]
            ]
        },
        {
            "name": "Knee_R",
            "time": [0.0, 0.4333],
            "transform": [
                [1.0, 0.0, -0.0, -0.0, -0.0, 1e-06, -1.0, 0.37472, -0.0, 1.0, 1e-06, -0.0, 0.0, 0.0, 0.0, 1.0],
                [1.0, 0.0, -0.0, -0.0, -0.0, 1e-06, -1.0, 0.37472, -0.0, 1.0, 1e-06, -0.0, 0.0, 0.0, 0.0, 1.0]
            ]
        },
        {
            "name": "Thigh_L",
            "time": [0.0, 0.4333],
            "transform": [
                [0.866489, -0.135609, -0.480425, -0.125006, -0.027108, -0.973757, 0.225969, -0.002831, -0.49846, -0.182775, -0.847426, -1.2e-05, 0.0, 0.0, 0.0, 1.0],
                [0.866489, -0.135609, -0.480425, -0.125006, -0.027108, -0.973757, 0.225969, -0.002831, -0.49846, -0.182775, -0.847426, -1.2e-05, 0.0, 0.0, 0.0, 1.0]
            ]
        },
        {
            "name": "Leg_L",
            "time": [0.0, 0.4333],
            "transform": [
                [1.0, -0.0, 1e-06, 0.0, 0.0, 0.970939, 0.239328, 0.37472, -1e-06, -0.239328, 0.970939, -0.0, 0.0, 0.0, 0.0, 1.0],
                [1.0, -0.0, 1e-06, 0.0, 0.0, 0.970939, 0.239328, 0.37472, -1e-06, -0.239328, 0.970939, -0.0, 0.0, 0.0, 0.0, 1.0]
            ]
        },
        {
            "name": "Knee_L",
            "time": [0.0, 0.4333],
            "transform": [
                [1.0, 0.0, -0.0, 0.0, -0.0, 1e-06, -1.0, 0.37472, -0.0, 1.0, 1e-06, -0.0, 0.0, 0.0, 0.0, 1.0],
                [1.0, 0.0, -0.0, 0.0, -0.0, 1e-06, -1.0, 0.37472, -0.0, 1.0, 1e-06, -0.0, 0.0, 0.0, 0.0, 1.0]
            ]
        },
        {
            "name": "Torso",
            "time": [0.0, 0.4333],
            "transform": [
                [0.999998, 0.001898, -0.000197, -0.0, -0.001902, 0.999821, -0.018818, 0.05, 0.000161, 0.018818, 0.999823, 0.0, 0.0, 0.0, 0.0, 1.0],
                [0.999998, 0.001898, -0.000197, -0.0, -0.001902, 0.999821, -0.018818, 0.05, 0.000161, 0.018818, 0.999823, 0.0, 0.0, 0.0, 0.0, 1.0]
            ]
        },
        {
            "name": "Chest",
            "time": [0.0, 0.4333],
            "transform": [
                [1.0, 0.0, 0.0, 0.0, 0.0, 1.0, 0.0, 0.3, -0.0, 0.0, 1.0, -0.0, 0.0, 0.0, 0.0, 1.0],
                [1.0, 0.0, 0.0, 0.0, 0.0, 1.0, 0.0, 0.3, -0.0, 0.0, 1.0, -0.0, 0.0, 0.0, 0.0, 1.0]
            ]
        },
        {
            "name": "Head",
            "time": [0.0, 0.4333],
            "transform": [
                [0.858467, -0.014025, 0.512677, 0.0, -0.010017, 0.998977, 0.044102, 0.4, -0.51277, -0.042996, 0.857448, 0.0, 0.0, 0.0, 0.0, 1.0],
                [0.858467, -0.014025, 0.512677, 0.0, -0.010017, 0.998977, 0.044102, 0.4, -0.51277, -0.042996, 0.857448, 0.0, 0.0, 0.0, 0.0, 1.0]
            ]
        },
        {
            "name": "Shoulder_R",
            "time": [0.0, 0.4333],
            "transform": [
                [0.503351, 0.858915, 0.094349, 0.0, -0.055667, -0.076729, 0.995497, 0.4, 0.862286, -0.506337, 0.009192, 0.0, 0.0, 0.0, 0.0, 1.0],
                [0.503351, 0.858915, 0.094349, 0.0, -0.055667, -0.076729, 0.995497, 0.4, 0.862286, -0.506337, 0.009192, 0.0, 0.0, 0.0, 0.0, 1.0]
            ]
        },
        {
            "name": "Arm_R",
            "time": [0.0, 0.4333],
            "transform": [
                [-0.073201, -0.962723, -0.260399, 0.0, -0.066594, 0.265235, -0.961881, 0.39386, 0.995092, -0.05307, -0.083527, 0.0, 0.0, 0.0, 0.0, 1.0],
                [-0.073201, -0.962723, -0.260399, 0.0, -0.066594, 0.265235, -0.961881, 0.39386, 0.995092, -0.05307, -0.083527, 0.0, 0.0, 0.0, 0.0, 1.0]
            ]
        },
        {
            "name": "Hand_R",
            "time": [0.0, 0.4333],
            "transform": [
                [1.0, 0.0, -0.0, 0.0, -0.0, 0.109947, -0.993938, 0.3, -0.0, 0.993938, 0.109947, -0.0, 0.0, 0.0, 0.0, 1.0],
                [1.0, 0.0, -0.0, 0.0, -0.0, 0.109947, -0.993938, 0.3, -0.0, 0.993938, 0.109947, -0.0, 0.0, 0.0, 0.0, 1.0]
            ]
        },
        {
            "name": "Tool_R",
            "time": [0.0, 0.4333],
            "transform": [
                [1.0, 0.0, 0.0, 0.0, 0.0, -0.999836, 0.018122, 0.272858, 0.0, -0.018122, -0.999244, 0.0, 0.0, 0.0, 0.0, 1.0],
                [1.0, 0.0, 0.0, 0.0, 0.0, -0.999836, 0.018122, 0.272858, 0.0, -0.018122, -0.999244, 0.0, 0.0, 0.0, 0.0, 1.0]
            ]
        },
        {
            "name": "Elbow_R",
            "time": [0.0, 0.4333],
            "transform": [
                [-1.0, 0.0, -0.0, 0.0, 0.0, -0.0, -1.0, 0.4472, -0.0, -1.0, 0.0, -0.0, 0.0, 0.0, 0.0, 1.0],
                [-1.0, 0.0, -0.0, 0.0, 0.0, -0.0, -1.0, 0.4472, -0.0, -1.0, 0.0, -0.0, 0.0, 0.0, 0.0, 1.0]
            ]
        },
        {
            "name": "Shoulder_L",
            "time": [0.0, 0.4333],
            "transform": [
                [0.673205, -0.739442, -0.004626, 0.0, -0.184981, -0.174462, 0.967132, 0.4, -0.715945, -0.650222, -0.254231, 0.0, 0.0, 0.0, 0.0, 1.0],
                [0.673205, -0.739442, -0.004626, 0.0, -0.184981, -0.174462, 0.967132, 0.4, -0.715945, -0.650222, -0.254231, 0.0, 0.0, 0.0, 0.0, 1.0]
            ]
        },
        {
            "name": "Arm_L",
            "time": [0.0, 0.4333],
            "transform": [
                [0.745398, 0.644167, -0.171554, 0.0, -0.666265, 0.728295, -0.160238, 0.39386, 0.021722, 0.233741, 0.972056, -0.0, 0.0, 0.0, 0.0, 1.0],
                [0.745398, 0.644167, -0.171554, 0.0, -0.666265, 0.728295, -0.160238, 0.39386, 0.021722, 0.233741, 0.972056, -0.0, 0.0, 0.0, 0.0, 1.0]
            ]
        },
        {
            "name": "Hand_L",
            "time": [0.0, 0.4333],
            "transform": [
                [1.0, 0.0, 0.0, -0.0, -0.0, 0.993937, 0.109947, 0.3, -0.0, -0.109947, 0.993937, 0.0, 0.0, 0.0, 0.0, 1.0],
                [1.0, 0.0, 0.0, -0.0, -0.0, 0.993937, 0.109947, 0.3, -0.0, -0.109947, 0.993937, 0.0, 0.0, 0.0, 0.0, 1.0]
            ]
        },
        {
            "name": "Tool_L",
            "time": [0.0, 0.4333],
            "transform": [
                [0.769477, -0.023773, 0.638232, 0.185235, 0.633146, -0.102806, -0.767174, -0.085347, 0.083809, 0.993831, -0.064025, 0.119257, 0.0, 0.0, 0.0, 1.0],
                [0.769477, -0.023773, 0.638232, 0.185235, 0.633146, -0.102806, -0.767174, -0.085347, 0.083809, 0.993831, -0.064025, 0.119257, 0.0, 0.0, 0.0, 1.0]
            ]
        },
        {
            "name": "Elbow_L",
            "time": [0.0, 0.4333],
            "transform": [
                [-1.0, 0.0, -0.0, 0.0, 0.0, -0.0, -1.0, 0.3, -0.0, -1.0, -0.0, 0.0, 0.0, 0.0, 0.0, 1.0],
                [-1.0, 0.0, -0.0, 0.0, 0.0, -0.0, -1.0, 0.3, -0.0, -1.0, -0.0, 0.0, 0.0, 0.0, 0.0, 1.0]
            ]
        }
    ]
}