{
    "animation": [
        {
            "name": "Coord",
            "time": [0.0, 0.0833, 0.65, 0.9833],
            "transform": [
                [1.0, 0.0, 0.0, 0.0, 0.0, 0.0, -1.0, 0.369916, 0.0, 1.0, 0.0, 0.0, 0.0, 0.0, 0.0, 1.0],
                [1.0, 0.0, 0.0, 0.0, 0.0, 0.0, -1.0, 0.991353, 0.0, 1.0, 0.0, 0.0, 0.0, 0.0, 0.0, 1.0],
                [1.0, 0.0, 0.0, 0.0, 0.0, 0.0, -1.0, 0.991353, 0.0, 1.0, 0.0, 0.0, 0.0, 0.0, 0.0, 1.0],
                [1.0, 0.0, 0.0, 0.0, 0.0, 0.0, -1.0, 1.000279, 0.0, 1.0, 0.0, 0.0, 0.0, 0.0, 0.0, 1.0]
            ]
        },
        {
            "name": "Root",
            "time": [0.0, 0.0833, 0.2, 0.65, 0.8167, 0.9833],
            "transform": [
                [0.975266, -0.001381, -0.221031, -5e-06, 0.028578, 0.992375, 0.119894, 0.625408, 0.21918, -0.123245, 0.967869, -0.000323, 0.0, 0.0, 0.0, 1.0],
                [0.036415, -0.017409, 0.999185, -5e-06, -0.153, 0.987963, 0.02279, 0.616412, -0.987555, -0.153705, 0.033313, -0.000323, 0.0, 0.0, 0.0, 1.0],
                [-0.146182, -0.017409, 0.989105, -5e-06, -0.154591, 0.987963, -0.005458, 0.582971, -0.977104, -0.153705, -0.147114, -0.056915, 0.0, 0.0, 0.0, 1.0],
                [-0.146182, -0.017409, 0.989105, -5e-06, -0.154591, 0.987963, -0.005458, 0.582971, -0.977104, -0.153705, -0.147114, -0.056915, 0.0, 0.0, 0.0, 1.0],
                [0.73655, 0.032255, 0.675614, -0.001253, -0.078918, 0.996138, 0.03848, 0.696147, -0.671764, -0.081661, 0.736251, 0.219252, 0.0, 0.0, 0.0, 1.0],
                [0.972802, 0.0, -0.231636, -5e-06, 0.0, 1.0, 0.0, 0.730001, 0.231636, 0.0, 0.972802, -0.000946, 0.0, 0.0, 0.0, 1.0]
            ]
        },
        {
            "name": "Thigh_R",
            "time": [0.0, 0.0833, 0.2, 0.65, 0.7333, 0.8167, 0.9, 0.9833],
            "transform": [
                [0.956001, 0.284673, -0.070869, 0.124994, 0.196216, -0.440897, 0.875847, -0.002831, 0.218084, -0.851215, -0.477357, -1.2e-05, 0.0, 0.0, 0.0, 1.0],
                [0.191509, 0.895364, 0.402051, 0.124994, 0.22808, -0.439016, 0.869048, -0.002831, 0.954622, -0.07473, -0.288291, -1.2e-05, 0.0, 0.0, 0.0, 1.0],
                [0.160419, 0.92338, 0.348757, 0.124994, 0.360075, -0.383728, 0.850352, -0.002831, 0.919027, -0.010834, -0.394045, -1.2e-05, 0.0, 0.0, 0.0, 1.0],
                [0.160419, 0.92338, 0.348757, 0.124994, 0.360075, -0.383728, 0.850352, -0.002831, 0.919027, -0.010834, -0.394045, -1.2e-05, 0.0, 0.0, 0.0, 1.0],
                [0.523943, 0.719796, 0.455384, 0.124994, 0.1478, -0.603363, 0.78365, -0.002831, 0.838831, -0.343282, -0.422515, -1.2e-05, 0.0, 0.0, 0.0, 1.0],
                [0.788904, 0.301311, 0.535576, 0.124994, 0.082399, -0.915535, 0.393704, -0.002831, 0.608967, -0.266463, -0.747099, -1.2e-05, 0.0, 0.0, 0.0, 1.0],
                [0.948944, 0.104786, 0.29753, 0.124994, 0.049012, -0.980734, 0.189087, -0.002831, 0.311612, -0.16485, -0.935801, -1.2e-05, 0.0, 0.0, 0.0, 1.0],
                [0.997174, 0.061399, -0.043272, 0.124994, 0.057811, -0.995131, -0.079801, -0.002831, -0.047961, 0.077074, -0.995871, -1.2e-05, 0.0, 0.0, 0.0, 1.0]
            ]
        },
        {
            "name": "Leg_R",
            "time": [0.0, 0.0833, 0.2, 0.65, 0.7333, 0.8167, 0.9, 0.9833],
            "transform": [
                [1.0, -1e-06, 0.0, 0.0, -0.0, -0.020436, 0.99979, 0.37472, -1e-06, -0.999792, -0.020436, -0.0, 0.0, 0.0, 0.0, 1.0],
                [1.0, 0.0, 1e-06, 0.0, -0.0, 0.660249, 0.751047, 0.37472, -0.0, -0.751048, 0.660248, -0.0, 0.0, 0.0, 0.0, 1.0],
                [1.0, -0.0, 0.0, 0.0, -0.0, 0.407439, 0.913232, 0.37472, -0.0, -0.913233, 0.407439, -0.0, 0.0, 0.0, 0.0, 1.0],
                [1.0, -0.0, 0.0, 0.0, -0.0, 0.407439, 0.913232, 0.37472, -0.0, -0.913233, 0.407439, -0.0, 0.0, 0.0, 0.0, 1.0],
                [1.0, -1e-06, -0.0, 0.0, -0.0, -0.229789, 0.97324, 0.37472, -1e-06, -0.973241, -0.229789, -0.0, 0.0, 0.0, 0.0, 1.0],
                [1.0, -0.0, 1e-06, -0.0, -0.0, 0.615769, 0.787926, 0.37472, -1e-06, -0.787927, 0.615768, -0.0, 0.0, 0.0, 0.0, 1.0],
                [1.0, -0.0, 1e-06, 0.0, -0.0, 0.765176, 0.643822, 0.37472, -1e-06, -0.643823, 0.765175, 0.0, 0.0, 0.0, 0.0, 1.0],
                [1.0, -0.0, 1e-06, -0.0, -0.0, 0.935811, 0.352504, 0.37472, -1e-06, -0.352505, 0.935809, -0.0, 0.0, 0.0, 0.0, 1.0]
            ]
        },
        {
            "name": "Knee_R",
            "time": [0.0, 0.0833, 0.2, 0.65, 0.7333, 0.8167, 0.9, 0.9833],
            "transform": [
                [1.0, 0.0, -0.0, 0.0, -0.0, 1e-06, -1.0, 0.47972, -0.0, 1.0, 1e-06, -0.0, 0.0, 0.0, 0.0, 1.0],
                [1.0, 0.0, -0.0, 0.0, -0.0, 1e-06, -1.0, 0.414967, -0.0, 1.0, 1e-06, -0.0, 0.0, 0.0, 0.0, 1.0],
                [1.0, 0.0, -0.0, 0.0, -0.0, 1e-06, -1.0, 0.442039, -0.0, 1.0, 1e-06, 0.0, 0.0, 0.0, 0.0, 1.0],
                [1.0, 0.0, -0.0, 0.0, -0.0, 1e-06, -1.0, 0.442039, -0.0, 1.0, 1e-06, 0.0, 0.0, 0.0, 0.0, 1.0],
                [1.0, 0.0, -0.0, 0.0, -0.0, 1e-06, -1.0, 0.47972, -0.0, 1.0, 1e-06, -0.0, 0.0, 0.0, 0.0, 1.0],
                [1.0, 0.0, -0.0, 0.0, -0.0, 1e-06, -1.0, 0.420156, -0.0, 1.0, 1e-06, -0.0, 0.0, 0.0, 0.0, 1.0],
                [1.0, 0.0, -0.0, 0.0, -0.0, 1e-06, -1.0, 0.401483, -0.0, 1.0, 1e-06, 0.0, 0.0, 0.0, 0.0, 1.0],
                [1.0, 0.0, -0.0, -0.0, -0.0, 1e-06, -1.0, 0.37472, -0.0, 1.0, 1e-06, -0.0, 0.0, 0.0, 0.0, 1.0]
            ]
        },
        {
            "name": "Thigh_L",
            "time": [0.0, 0.0833, 0.2, 0.65, 0.7333, 0.8167, 0.9, 0.9833],
            "transform": [
                [0.741759, -0.42108, -0.522001, -0.125006, 0.051251, -0.740467, 0.670136, -0.002831, -0.668705, -0.523832, -0.527667, -1.2e-05, 0.0, 0.0, 0.0, 1.0],
                [0.918265, -0.395755, 0.012926, -0.125006, -0.37542, -0.859777, 0.346183, -0.002831, -0.12589, -0.32274, -0.938078, -1.2e-05, 0.0, 0.0, 0.0, 1.0],
                [0.897143, -0.437728, 0.059393, -0.125006, -0.427376, -0.82609, 0.36732, -0.002831, -0.111722, -0.354922, -0.928196, -1.2e-05, 0.0, 0.0, 0.0, 1.0],
                [0.897143, -0.437728, 0.059393, -0.125006, -0.427376, -0.82609, 0.36732, -0.002831, -0.111722, -0.354922, -0.928196, -1.2e-05, 0.0, 0.0, 0.0, 1.0],
                [0.946478, -0.316849, 0.061523, -0.125006, -0.321806, -0.911661, 0.255568, -0.00283, -0.024888, -0.261688, -0.964831, -1.2e-05, 0.0, 0.0, 0.0, 1.0],
                [0.993829, -0.101145, 0.045514, -0.125006, -0.104667, -0.991025, 0.083152, -0.002831, 0.036695, -0.087403, -0.995497, -1.2e-05, 0.0, 0.0, 0.0, 1.0],
                [0.989801, -0.026392, 0.139989, -0.125006, -0.109478, -0.769681, 0.628971, -0.002831, 0.091147, -0.637883, -0.764721, -1.2e-05, 0.0, 0.0, 0.0, 1.0],
                [0.981717, -0.09396, -0.165535, -0.125006, -0.014789, -0.904694, 0.425805, -0.002831, -0.189767, -0.415572, -0.889544, -1.2e-05, 0.0, 0.0, 0.0, 1.0]
            ]
        },
        {
            "name": "Leg_L",
            "time": [0.0, 0.0833, 0.2, 0.65, 0.7333, 0.8167, 0.9, 0.9833],
            "transform": [
                [1.0, -1e-06, 1e-06, -0.0, -0.0, 0.306132, 0.95199, 0.37472, -1e-06, -0.951989, 0.306132, -0.0, 0.0, 0.0, 0.0, 1.0],
                [1.0, -0.0, 1e-06, 0.0, 0.0, 0.946611, 0.322378, 0.37472, -1e-06, -0.322378, 0.946611, -0.0, 0.0, 0.0, 0.0, 1.0],
                [1.0, -0.0, 1e-06, 0.0, 0.0, 0.959459, 0.281848, 0.37472, -1e-06, -0.281847, 0.95946, -0.0, 0.0, 0.0, 0.0, 1.0],
                [1.0, -0.0, 1e-06, 0.0, 0.0, 0.959459, 0.281848, 0.37472, -1e-06, -0.281847, 0.95946, -0.0, 0.0, 0.0, 0.0, 1.0],
                [1.0, -0.0, 1e-06, 0.0, -0.0, 0.806502, 0.591231, 0.37472, -1e-06, -0.59123, 0.806503, -0.0, 0.0, 0.0, 0.0, 1.0],
                [1.0, -1e-06, 1e-06, 0.0, 0.0, 0.851569, 0.524243, 0.37472, -1e-06, -0.524243, 0.851569, -0.0, 0.0, 0.0, 0.0, 1.0],
                [1.0, -1e-06, 1e-06, 0.0, -0.0, 0.209913, 0.97772, 0.37472, -1e-06, -0.97772, 0.209913, -0.0, 0.0, 0.0, 0.0, 1.0],
                [1.0, -0.0, 1e-06, 0.0, 0.0, 0.904997, 0.425418, 0.37472, -1e-06, -0.425417, 0.904997, -0.0, 0.0, 0.0, 0.0, 1.0]
            ]
        },
        {
            "name": "Knee_L",
            "time": [0.0, 0.0833, 0.2, 0.65, 0.7333, 0.8167, 0.9, 0.9833],
            "transform": [
                [1.0, 0.0, -0.0, 0.0, -0.0, 1e-06, -1.0, 0.451783, -0.0, 1.0, 1e-06, 0.0, 0.0, 0.0, 0.0, 1.0],
                [1.0, 0.0, -0.0, -0.0, -0.0, 1e-06, -1.0, 0.37472, -0.0, 1.0, 1e-06, 0.0, 0.0, 0.0, 0.0, 1.0],
                [1.0, 0.0, -0.0, 0.0, -0.0, 1e-06, -1.0, 0.37472, -0.0, 1.0, 1e-06, 0.0, 0.0, 0.0, 0.0, 1.0],
                [1.0, 0.0, -0.0, 0.0, -0.0, 1e-06, -1.0, 0.37472, -0.0, 1.0, 1e-06, 0.0, 0.0, 0.0, 0.0, 1.0],
                [1.0, 0.0, -0.0, 0.0, -0.0, 1e-06, -1.0, 0.395476, -0.0, 1.0, 1e-06, -0.0, 0.0, 0.0, 0.0, 1.0],
                [1.0, 0.0, -0.0, 0.0, -0.0, 1e-06, -1.0, 0.388225, -0.0, 1.0, 1e-06, 0.0, 0.0, 0.0, 0.0, 1.0],
                [1.0, 0.0, -0.0, 0.0, -0.0, 1e-06, -1.0, 0.46073, -0.0, 1.0, 1e-06, -0.0, 0.0, 0.0, 0.0, 1.0],
                [1.0, 0.0, -0.0, 0.0, -0.0, 1e-06, -1.0, 0.378132, -0.0, 1.0, 1e-06, -0.0, 0.0, 0.0, 0.0, 1.0]
            ]
        },
        {
            "name": "Torso",
            "time": [0.0, 0.0833, 0.65, 0.9833],
            "transform": [
                [1.0, 0.00025, 0.000792, -0.0, -0.000244, 0.999974, -0.007161, 0.05, -0.000794, 0.007161, 0.999974, 0.0, 0.0, 0.0, 0.0, 1.0],
                [0.999998, 0.000679, 0.002109, 0.0, -0.000639, 0.999817, -0.019095, 0.05, -0.002121, 0.019093, 0.999815, 0.0, 0.0, 0.0, 0.0, 1.0],
                [0.999998, 0.000679, 0.002109, -0.0, -0.000639, 0.999818, -0.019095, 0.05, -0.002121, 0.019093, 0.999816, 0.0, 0.0, 0.0, 0.0, 1.0],
                [0.999997, -0.002593, -1.4e-05, 0.0, 0.002593, 0.999937, 0.010891, 0.05, -1.4e-05, -0.010891, 0.999941, -0.0, 0.0, 0.0, 0.0, 1.0]
            ]
        },
        {
            "name": "Chest",
            "time": [0.0, 0.0833, 0.65, 0.8167, 0.9833],
            "transform": [
                [0.986766, -0.059299, -0.150919, 0.0, 0.064411, 0.997496, 0.02921, 0.3, 0.148809, -0.038544, 0.988115, -0.0, 0.0, 0.0, 0.0, 1.0],
                [0.970018, -0.005548, 0.242969, 0.0, -0.003778, 0.999274, 0.0379, 0.3, -0.243003, -0.037682, 0.969293, -0.0, 0.0, 0.0, 0.0, 1.0],
                [0.970018, -0.005548, 0.242969, 0.0, -0.003778, 0.999274, 0.0379, 0.3, -0.243003, -0.037682, 0.969293, -0.0, 0.0, 0.0, 0.0, 1.0],
                [0.978429, 0.158913, 0.131999, -0.0, -0.181915, 0.965564, 0.18599, 0.3, -0.097898, -0.205991, 0.973645, 0.0, 0.0, 0.0, 0.0, 1.0],
                [0.999987, -0.005093, -5.5e-05, -0.0, 0.005093, 0.999758, 0.021389, 0.3, -5.4e-05, -0.021389, 0.999771, -0.0, 0.0, 0.0, 0.0, 1.0]
            ]
        },
        {
            "name": "Head",
            "time": [0.0, 0.0833, 0.2, 0.65, 0.8167, 0.9833],
            "transform": [
                [0.894131, 0.109811, 0.434132, 0.0, -0.026633, 0.980791, -0.193233, 0.4, -0.447012, 0.161214, 0.879881, 0.0, 0.0, 0.0, 0.0, 1.0],
                [-0.106306, -0.159893, -0.981394, 0.0, -0.008824, 0.987099, -0.159867, 0.4, 0.994294, -0.008335, -0.106345, -0.0, 0.0, 0.0, 0.0, 1.0],
                [-0.290971, -0.149949, -0.944908, 0.0, -0.022528, 0.988441, -0.14992, 0.4, 0.956466, -0.022336, -0.290986, 0.0, 0.0, 0.0, 0.0, 1.0],
                [-0.290971, -0.149949, -0.944908, 0.0, -0.022528, 0.988441, -0.14992, 0.4, 0.956466, -0.022336, -0.290986, 0.0, 0.0, 0.0, 0.0, 1.0],
                [0.687244, -0.253278, -0.680842, -0.0, 0.038415, 0.948608, -0.314113, 0.4, 0.72541, 0.189717, 0.661655, -0.0, 0.0, 0.0, 0.0, 1.0],
                [0.968482, 0.005819, 0.249015, 0.0, 0.000452, 0.999684, -0.025118, 0.4, -0.249082, 0.024439, 0.968174, 0.0, 0.0, 0.0, 0.0, 1.0]
            ]
        },
        {
            "name": "Shoulder_R",
            "time": [0.0, 0.0833, 0.65, 0.9833],
            "transform": [
                [-0.024971, 0.97992, 0.197821, 0.0, -0.300924, -0.196073, 0.933274, 0.4, 0.953321, -0.036224, 0.299778, 0.0, 0.0, 0.0, 0.0, 1.0],
                [0.174308, 0.951958, 0.251777, 0.0, -0.269908, -0.199708, 0.941948, 0.4, 0.946977, -0.232146, 0.22213, -0.0, 0.0, 0.0, 0.0, 1.0],
                [0.174308, 0.951958, 0.251777, 0.0, -0.269908, -0.199708, 0.941948, 0.4, 0.946977, -0.232146, 0.22213, 0.0, 0.0, 0.0, 0.0, 1.0],
                [0.089555, 0.949274, 0.301428, 0.0, -0.003656, -0.302328, 0.953197, 0.4, 0.995975, -0.086466, -0.023605, 0.0, 0.0, 0.0, 0.0, 1.0]
            ]
        },
        {
            "name": "Arm_R",
            "time": [0.0, 0.0333, 0.1, 0.2, 0.65, 0.9833],
            "transform": [
                [0.957715, 0.196457, -0.210207, 0.0, -0.15728, 0.969247, 0.189271, 0.393861, 0.240927, -0.148206, 0.959161, 0.0, 0.0, 0.0, 0.0, 1.0],
                [0.842983, 0.019302, -0.537593, -0.0, -0.280788, 0.868204, -0.409122, 0.393861, 0.458843, 0.495833, 0.737301, -0.0, 0.0, 0.0, 0.0, 1.0],
                [0.203055, -0.791644, -0.576254, -0.0, 0.941347, 0.319811, -0.107645, 0.393861, 0.269509, -0.520597, 0.81015, 0.0, 0.0, 0.0, 0.0, 1.0],
                [0.015678, -0.795855, -0.605284, -0.0, 0.976258, 0.142984, -0.162714, 0.393861, 0.216042, -0.588363, 0.779201, 0.0, 0.0, 0.0, 0.0, 1.0],
                [0.015678, -0.795855, -0.605284, -0.0, 0.976258, 0.142984, -0.162714, 0.393861, 0.216042, -0.588363, 0.779201, 0.0, 0.0, 0.0, 0.0, 1.0],
                [0.239005, 0.285697, -0.928038, 2.6e-05, 0.841116, 0.416632, 0.344879, 0.396058, 0.485181, -0.863015, -0.140727, -0.006337, 0.0, 0.0, 0.0, 1.0]
            ]
        },
        {
            "name": "Hand_R",
            "time": [0.0, 0.0333, 0.1, 0.65, 0.9833],
            "transform": [
                [1.0, 0.0, 0.0, -0.0, -0.0, 0.845217, -0.534423, 0.3, -0.0, 0.534423, 0.845217, -0.0, 0.0, 0.0, 0.0, 1.0],
                [1.0, 0.0, 0.0, 0.0, -0.0, 0.993938, 0.109947, 0.3, -0.0, -0.109947, 0.993937, 0.0, 0.0, 0.0, 0.0, 1.0],
                [1.0, 0.0, 0.0, 0.0, -0.0, 0.996136, -0.087828, 0.3, -0.0, 0.087828, 0.996136, -0.0, 0.0, 0.0, 0.0, 1.0],
                [1.0, 0.0, 0.0, 0.0, -0.0, 0.996136, -0.087828, 0.3, -0.0, 0.087828, 0.996136, 0.0, 0.0, 0.0, 0.0, 1.0],
                [1.0, 0.0, 0.0, 0.0, -0.0, 0.965668, -0.25978, 0.3, -0.0, 0.25978, 0.965668, 0.0, 0.0, 0.0, 0.0, 1.0]
            ]
        },
        {
            "name": "Tool_R",
            "time": [0.0, 0.0333, 0.1, 0.65, 0.9833],
            "transform": [
                [-0.124034, -1.2e-05, -0.992278, -0.0, 0.017984, -0.999836, -0.002236, 0.269513, -0.991528, -0.018122, 0.12394, 0.045807, 0.0, 0.0, 0.0, 1.0],
                [-0.22142, 0.973236, 0.061527, 0.0, 0.049116, 0.074143, -0.996038, 0.269513, -0.973364, -0.217391, -0.06419, 0.045808, 0.0, 0.0, 0.0, 1.0],
                [0.057749, 0.819741, -0.569816, 0.0, 0.018056, -0.571533, -0.820381, 0.269513, -0.997577, 0.03706, -0.047787, 0.045807, 0.0, 0.0, 0.0, 1.0],
                [0.057749, 0.819741, -0.569816, 0.0, 0.018056, -0.571533, -0.820381, 0.269513, -0.997577, 0.03706, -0.047787, 0.045807, 0.0, 0.0, 0.0, 1.0],
                [1.0, -0.0, 0.0, 0.0, 0.0, -0.934464, -0.356057, 0.272858, 0.0, 0.355836, -0.933915, 0.0, 0.0, 0.0, 0.0, 1.0]
            ]
        },
        {
            "name": "Elbow_R",
            "time": [0.0, 0.0333, 0.1, 0.65, 0.9833],
            "transform": [
                [-1.0, 0.0, -0.0, -0.0, 0.0, -0.0, -1.0, 0.363161, -0.0, -1.0, 0.0, -0.0, 0.0, 0.0, 0.0, 1.0],
                [-1.0, 0.0, -0.0, -0.0, 0.0, 0.0, -1.0, 0.3, -0.0, -1.0, -0.0, 0.0, 0.0, 0.0, 0.0, 1.0],
                [-1.0, 0.0, -0.0, -0.0, 0.0, -0.0, -1.0, 0.318565, -0.0, -1.0, 0.0, -0.0, 0.0, 0.0, 0.0, 1.0],
                [-1.0, 0.0, -0.0, 0.0, 0.0, 0.0, -1.0, 0.318565, -0.0, -1.0, -0.0, 0.0, 0.0, 0.0, 0.0, 1.0],
                [-1.0, 0.0, -0.0, -0.0, 0.0, -0.0, -1.0, 0.346576, -0.0, -1.0, 0.0, 0.0, 0.0, 0.0, 0.0, 1.0]
            ]
        },
        {
            "name": "Shoulder_L",
            "time": [0.0, 0.0833, 0.65, 0.9833],
            "transform": [
                [0.378406, -0.870821, -0.313815, 0.0, 0.021476, -0.330675, 0.9435, 0.4, -0.92539, -0.363766, -0.106428, 0.0, 0.0, 0.0, 0.0, 1.0],
                [-0.107781, -0.946169, -0.305198, 0.0, -0.016785, -0.305211, 0.952137, 0.4, -0.994033, 0.107745, 0.017015, -0.0, 0.0, 0.0, 0.0, 1.0],
                [-0.107781, -0.946169, -0.305198, 0.0, -0.016785, -0.305211, 0.952137, 0.4, -0.994033, 0.107745, 0.017015, 0.0, 0.0, 0.0, 0.0, 1.0],
                [-0.0, -0.952114, -0.305743, 0.0, 0.0, -0.305743, 0.952114, 0.4, -1.0, -0.0, 0.0, 0.0, 0.0, 0.0, 0.0, 1.0]
            ]
        },
        {
            "name": "Arm_L",
            "time": [0.0, 0.0833, 0.2, 0.65, 0.9833],
            "transform": [
                [-0.101669, 0.630148, 0.76979, -0.0, 0.142148, 0.775062, -0.615689, 0.39386, -0.98461, 0.046828, -0.168374, 0.0, 0.0, 0.0, 0.0, 1.0],
                [-0.178375, -0.56352, 0.806615, -0.0, -0.290012, 0.813455, 0.504166, 0.393861, -0.940253, -0.143997, -0.308528, -0.0, 0.0, 0.0, 0.0, 1.0],
                [-0.121956, -0.658091, 0.742996, -0.0, -0.309347, 0.736499, 0.60156, 0.39386, -0.943097, -0.156479, -0.293399, -0.0, 0.0, 0.0, 0.0, 1.0],
                [-0.121956, -0.658091, 0.742996, -0.0, -0.309347, 0.736499, 0.60156, 0.39386, -0.943097, -0.156479, -0.293399, -0.0, 0.0, 0.0, 0.0, 1.0],
                [0.566246, -0.198855, 0.799889, 0.0, -0.712299, 0.370238, 0.596283, 0.396681, -0.414723, -0.907403, 0.068002, -0.008785, 0.0, 0.0, 0.0, 1.0]
            ]
        },
        {
            "name": "Hand_L",
            "time": [0.0, 0.0833, 0.2, 0.65, 0.9833],
            "transform": [
                [1.0, 0.0, -0.0, 0.0, -0.0, 0.36529, -0.930894, 0.3, -0.0, 0.930894, 0.36529, -0.0, 0.0, 0.0, 0.0, 1.0],
                [1.0, 0.0, -0.0, 0.0, -0.0, 0.348224, -0.937412, 0.3, 0.0, 0.937411, 0.348224, -0.0, 0.0, 0.0, 0.0, 1.0],
                [1.0, 0.0, -0.0, 0.0, -0.0, 0.105037, -0.994469, 0.3, -0.0, 0.994469, 0.105037, 0.0, 0.0, 0.0, 0.0, 1.0],
                [1.0, 0.0, -0.0, 0.0, -0.0, 0.105037, -0.994469, 0.3, -0.0, 0.994469, 0.105037, 0.0, 0.0, 0.0, 0.0, 1.0],
                [1.0, 0.0, 0.0, 0.0, -0.0, 0.961539, -0.274668, 0.3, -0.0, 0.274668, 0.961539, -0.0, 0.0, 0.0, 0.0, 1.0]
            ]
        },
        {
            "name": "Tool_L",
            "time": [0.0, 0.0833, 0.65, 0.9833],
            "transform": [
                [0.995491, 0.09332, 0.017023, 0.0, -0.077654, 0.904766, -0.41877, 0.272858, -0.05445, 0.415325, 0.907395, 0.0, 0.0, 0.0, 0.0, 1.0],
                [0.99549, 0.084086, 0.043927, -0.0, -0.077665, 0.988248, -0.131657, 0.272858, -0.05445, 0.127587, 0.989738, -0.0, 0.0, 0.0, 0.0, 1.0],
                [0.99549, 0.084086, 0.043927, -0.0, -0.077665, 0.988248, -0.131657, 0.272858, -0.05445, 0.127587, 0.989738, 0.0, 0.0, 0.0, 0.0, 1.0],
                [1.0, -0.0, 0.0, 0.0, -0.0, -0.89022, -0.455531, 0.272858, 0.0, 0.455253, -0.889701, 0.0, 0.0, 0.0, 0.0, 1.0]
            ]
        },
        {
            "name": "Elbow_L",
            "time": [0.0, 0.0833, 0.2, 0.65, 0.9833],
            "transform": [
                [-1.0, 0.0, -0.0, 0.0, 0.0, -0.0, -1.0, 0.422482, -0.0, -1.0, -0.0, 0.0, 0.0, 0.0, 0.0, 1.0],
                [-1.0, 0.0, -0.0, 0.0, 0.0, -0.0, -1.0, 0.424194, -0.0, -1.0, 0.0, -0.0, 0.0, 0.0, 0.0, 1.0],
                [-1.0, 0.0, -0.0, -0.0, 0.0, -0.0, -1.0, 0.4472, -0.0, -1.0, -0.0, 0.0, 0.0, 0.0, 0.0, 1.0],
                [-1.0, 0.0, -0.0, -0.0, 0.0, -0.0, -1.0, 0.4472, -0.0, -1.0, -0.0, 0.0, 0.0, 0.0, 0.0, 1.0],
                [-1.0, 0.0, -0.0, -0.0, 0.0, -0.0, -1.0, 0.345497, -0.0, -1.0, 0.0, -0.0, 0.0, 0.0, 0.0, 1.0]
            ]
        }
    ]
}