{
    "animation": [
        {
            "name": "Root",
            "time": [0.0, 0.2, 0.25, 0.3167, 0.4, 0.75],
            "transform": [
                [0.991405, -0.000809, -0.130828, -5e-06, -0.130828, -0.012317, -0.991329, 0.000946, -0.000809, 0.999924, -0.012317, 0.708473, 0.0, 0.0, 0.0, 1.0],
                [0.999915, -0.000103, -0.013033, -5e-06, -0.013033, -0.015787, -0.99979, 0.000946, -0.000103, 0.999875, -0.015787, 0.671205, 0.0, 0.0, 0.0, 1.0],
                [1.0, 0.0, 0.0, -5e-06, 0.0, -0.016164, -0.999869, 0.000946, 0.0, 0.999869, -0.016164, 0.667064, 0.0, 0.0, 0.0, 1.0],
                [1.0, 0.0, 0.0, -5e-06, 0.0, 0.36263, -0.931933, 2.827107, 0.0, 0.931933, 0.36263, 0.585734, 0.0, 0.0, 0.0, 1.0],
                [1.0, 0.0, 0.0, -5e-06, 0.0, 0.386124, -0.922447, 3.013179, 0.0, 0.922447, 0.386124, 0.581822, 0.0, 0.0, 0.0, 1.0],
                [1.0, 0.0, 0.0, -5e-06, 0.0, 0.386124, -0.922447, 3.013179, 0.0, 0.922447, 0.386124, 0.581822, 0.0, 0.0, 0.0, 1.0]
            ]
        },
        {
            "name": "Thigh_R",
            "time": [0.0, 0.2, 0.25, 0.3167, 0.4, 0.75],
            "transform": [
                [0.992628, -0.000124, -0.121199, 0.124994, 0.007844, -0.997835, 0.065263, -0.002831, -0.120945, -0.065732, -0.990481, -1.2e-05, 0.0, 0.0, 0.0, 1.0],
                [0.999974, 0.007024, 0.001372, 0.124994, 0.007118, -0.95596, -0.293403, -0.002831, -0.000749, 0.293405, -0.955988, -1.2e-05, 0.0, 0.0, 0.0, 1.0],
                [0.999876, 0.005065, 0.014897, 0.124994, 0.009717, -0.943428, -0.331429, -0.002831, 0.012376, 0.331533, -0.943363, -1.2e-05, 0.0, 0.0, 0.0, 1.0],
                [0.999876, 0.002647, 0.015516, 0.124994, 0.007404, -0.948974, -0.315261, -0.002831, 0.013889, 0.315337, -0.948878, -1.1e-05, 0.0, 0.0, 0.0, 1.0],
                [0.999876, 0.002498, 0.015492, 0.124994, 0.007241, -0.949329, -0.314194, -0.002831, 0.013922, 0.314267, -0.949233, -1.1e-05, 0.0, 0.0, 0.0, 1.0],
                [0.999876, 0.002498, 0.015492, 0.124994, 0.007241, -0.949329, -0.314194, -0.002831, 0.013922, 0.314267, -0.949233, -1.1e-05, 0.0, 0.0, 0.0, 1.0]
            ]
        },
        {
            "name": "Leg_R",
            "time": [0.0, 0.2, 0.25, 0.3167, 0.4, 0.75],
            "transform": [
                [1.0, -1e-06, 3e-06, -0.0, -1e-06, 0.806748, 0.590896, 0.37472, -3e-06, -0.590897, 0.806747, -0.0, 0.0, 0.0, 0.0, 1.0],
                [1.0, -0.0, 2e-06, -0.0, -1e-06, 0.932273, 0.361757, 0.37472, -2e-06, -0.361757, 0.932272, -0.0, 0.0, 0.0, 0.0, 1.0],
                [1.0, -0.0, 2e-06, 0.0, -0.0, 0.942381, 0.334543, 0.37472, -2e-06, -0.334544, 0.942379, 0.0, 0.0, 0.0, 0.0, 1.0],
                [1.0, -0.0, 2e-06, -0.0, 0.0, 0.999693, 0.024821, 0.37472, -2e-06, -0.024821, 0.999691, -0.0, 0.0, 0.0, 0.0, 1.0],
                [1.0, -0.0, 1e-06, 0.0, 0.0, 0.999943, 0.010687, 0.37472, -1e-06, -0.010687, 0.999942, 0.0, 0.0, 0.0, 0.0, 1.0],
                [1.0, -0.0, 1e-06, 0.0, 0.0, 0.999943, 0.010687, 0.37472, -1e-06, -0.010687, 0.999942, 0.0, 0.0, 0.0, 0.0, 1.0]
            ]
        },
        {
            "name": "Knee_R",
            "time": [0.0, 0.75],
            "transform": [
                [1.0, 0.0, -0.0, -0.0, -0.0, 1e-06, -1.0, 0.37472, -0.0, 1.0, 1e-06, -0.0, 0.0, 0.0, 0.0, 1.0],
                [1.0, 0.0, -0.0, 0.0, -0.0, 1e-06, -1.0, 0.37472, -0.0, 1.0, 1e-06, 0.0, 0.0, 0.0, 0.0, 1.0]
            ]
        },
        {
            "name": "Thigh_L",
            "time": [0.0, 0.2, 0.25, 0.3167, 0.4, 0.75],
            "transform": [
                [0.991497, -0.065658, -0.112348, -0.125006, -9.5e-05, -0.863736, 0.503944, -0.002831, -0.130127, -0.499648, -0.856399, -1.2e-05, 0.0, 0.0, 0.0, 1.0],
                [0.999886, -0.00641, -0.013684, -0.125006, 0.00401, -0.760563, 0.649251, -0.002831, -0.01457, -0.649232, -0.760451, -1.2e-05, 0.0, 0.0, 0.0, 1.0],
                [0.999993, 0.001245, -0.0034, -0.125006, 0.003189, -0.747569, 0.664177, -0.002831, -0.001715, -0.664183, -0.747568, -1.2e-05, 0.0, 0.0, 0.0, 1.0],
                [0.999996, 0.002701, -0.000332, -0.125006, 0.000789, -0.17072, 0.985319, -0.002831, 0.002604, -0.985316, -0.170722, -1.1e-05, 0.0, 0.0, 0.0, 1.0],
                [0.999996, 0.002771, -0.000272, -0.125006, 0.000652, -0.138184, 0.990406, -0.002831, 0.002706, -0.990403, -0.138186, -1.1e-05, 0.0, 0.0, 0.0, 1.0],
                [0.999996, 0.002771, -0.000272, -0.125006, 0.000652, -0.138184, 0.990406, -0.002831, 0.002706, -0.990403, -0.138186, -1.1e-05, 0.0, 0.0, 0.0, 1.0]
            ]
        },
        {
            "name": "Leg_L",
            "time": [0.0, 0.2, 0.25, 0.3167, 0.4, 0.75],
            "transform": [
                [1.0, -1e-06, 3e-06, 0.0, -1e-06, 0.776408, 0.63023, 0.37472, -3e-06, -0.63023, 0.776409, 0.0, 0.0, 0.0, 0.0, 1.0],
                [1.0, -1e-06, 8e-06, 0.0, -5e-06, 0.74629, 0.665621, 0.37472, -7e-06, -0.665621, 0.746291, 0.0, 0.0, 0.0, 0.0, 1.0],
                [1.0, -1e-06, 9e-06, 0.0, -6e-06, 0.742843, 0.669466, 0.37472, -7e-06, -0.669465, 0.742844, -0.0, 0.0, 0.0, 0.0, 1.0],
                [1.0, -1e-06, 3.6e-05, 0.0, -3e-05, 0.533218, 0.845978, 0.37472, -2e-05, -0.845978, 0.533218, -0.0, 0.0, 0.0, 0.0, 1.0],
                [1.0, -1e-06, 3.7e-05, -0.0, -3.1e-05, 0.520906, 0.853614, 0.374721, -2e-05, -0.853614, 0.520906, 0.0, 0.0, 0.0, 0.0, 1.0],
                [1.0, -1e-06, 3.7e-05, -0.0, -3.1e-05, 0.520906, 0.853614, 0.374721, -2e-05, -0.853614, 0.520906, 0.0, 0.0, 0.0, 0.0, 1.0]
            ]
        },
        {
            "name": "Knee_L",
            "time": [0.0, 0.75],
            "transform": [
                [1.0, 0.0, -0.0, 0.0, -0.0, 1e-06, -1.0, 0.399133, -0.0, 1.0, 1e-06, 0.0, 0.0, 0.0, 0.0, 1.0],
                [1.0, 0.0, -0.0, 0.0, -0.0, 1e-06, -1.0, 0.399134, -0.0, 1.0, 1e-06, 0.0, 0.0, 0.0, 0.0, 1.0]
            ]
        },
        {
            "name": "Torso",
            "time": [0.0, 0.2, 0.25, 0.75],
            "transform": [
                [0.999987, -0.005066, -1.1e-05, 0.0, 0.005066, 0.999977, 0.004528, 0.05, -1.2e-05, -0.004528, 0.99999, 0.0, 0.0, 0.0, 0.0, 1.0],
                [1.0, -0.000507, -0.0, 0.0, 0.000507, 1.0, 0.000453, 0.05, -0.0, -0.000453, 1.0, -0.0, 0.0, 0.0, 0.0, 1.0],
                [1.0, 0.0, 0.0, 0.0, 0.0, 1.0, 0.0, 0.05, 0.0, 0.0, 1.0, -0.0, 0.0, 0.0, 0.0, 1.0],
                [1.0, 0.0, 0.0, 0.0, 0.0, 1.0, 0.0, 0.05, 0.0, 0.0, 1.0, 0.0, 0.0, 0.0, 0.0, 1.0]
            ]
        },
        {
            "name": "Chest",
            "time": [0.0, 0.2, 0.25, 0.3167, 0.4, 0.75],
            "transform": [
                [0.999987, -0.005171, 0.000198, 0.0, 0.005171, 0.997063, -0.07641, 0.3, 0.000198, 0.07641, 0.997076, -0.0, 0.0, 0.0, 0.0, 1.0],
                [1.0, -0.000517, 2.7e-05, 0.0, 0.000517, 0.994606, -0.103727, 0.3, 2.7e-05, 0.103727, 0.994606, -0.0, 0.0, 0.0, 0.0, 1.0],
                [1.0, 0.0, 0.0, 0.0, 0.0, 0.994285, -0.106757, 0.3, 0.0, 0.106757, 0.994285, -0.0, 0.0, 0.0, 0.0, 1.0],
                [1.0, 0.0, 0.0, 0.0, 0.0, 0.996255, 0.086464, 0.3, 0.0, -0.086464, 0.996255, 0.0, 0.0, 0.0, 0.0, 1.0],
                [1.0, 0.0, -0.0, 0.0, 0.0, 0.995074, 0.099132, 0.3, 0.0, -0.099132, 0.995074, -0.0, 0.0, 0.0, 0.0, 1.0],
                [1.0, 0.0, -0.0, 0.0, 0.0, 0.995074, 0.099132, 0.3, 0.0, -0.099132, 0.995074, -0.0, 0.0, 0.0, 0.0, 1.0]
            ]
        },
        {
            "name": "Head",
            "time": [0.0, 0.2, 0.25, 0.3167, 0.4, 0.75],
            "transform": [
                [0.991294, -0.000651, 0.131663, 0.0, -0.011752, 0.99556, 0.093398, 0.4, -0.131139, -0.094132, 0.986885, -0.0, 0.0, 0.0, 0.0, 1.0],
                [0.999913, -0.000346, 0.013193, -0.0, -0.001458, 0.990638, 0.136506, 0.4, -0.013117, -0.136514, 0.990551, -0.0, 0.0, 0.0, 0.0, 1.0],
                [1.0, 0.0, 0.0, 0.0, -0.0, 0.989982, 0.141196, 0.4, -0.0, -0.141196, 0.989982, 0.0, 0.0, 0.0, 0.0, 1.0],
                [1.0, 0.0, 0.0, 0.0, 0.0, 0.915883, -0.401444, 0.4, -0.0, 0.401444, 0.915883, 0.0, 0.0, 0.0, 0.0, 1.0],
                [1.0, 0.0, -0.0, -0.0, -0.0, 0.900815, -0.434203, 0.4, 0.0, 0.434203, 0.900815, 0.0, 0.0, 0.0, 0.0, 1.0],
                [1.0, 0.0, -0.0, -0.0, -0.0, 0.900815, -0.434203, 0.4, 0.0, 0.434203, 0.900815, 0.0, 0.0, 0.0, 0.0, 1.0]
            ]
        },
        {
            "name": "Shoulder_R",
            "time": [0.0, 0.1, 0.2, 0.25, 0.3167, 0.4, 0.75],
            "transform": [
                [-0.193852, 0.939466, 0.282533, 0.0, -0.003462, -0.288649, 0.957429, 0.4, 0.981025, 0.184621, 0.059208, -0.0, 0.0, 0.0, 0.0, 1.0],
                [-0.192706, 0.980214, 0.04522, 0.0, -0.068007, -0.059314, 0.99592, 0.4, 0.978897, 0.188845, 0.078091, -0.0, 0.0, 0.0, 0.0, 1.0],
                [-0.598624, 0.784499, 0.161898, -0.0, -0.027178, -0.221887, 0.974693, 0.4, 0.800569, 0.579075, 0.154148, -0.0, 0.0, 0.0, 0.0, 1.0],
                [-0.637141, 0.756745, 0.146246, 0.0, -0.031611, -0.215242, 0.976049, 0.4, 0.770098, 0.617258, 0.16106, 0.0, 0.0, 0.0, 0.0, 1.0],
                [0.374654, 0.925691, 0.052244, 0.0, 0.046183, -0.07491, 0.99612, 0.4, 0.926014, -0.370787, -0.070816, 0.0, 0.0, 0.0, 0.0, 1.0],
                [0.435773, 0.899112, 0.041225, -0.0, 0.054952, -0.072295, 0.995868, 0.4, 0.898378, -0.431707, -0.080913, 0.0, 0.0, 0.0, 0.0, 1.0],
                [0.435773, 0.899112, 0.041225, -0.0, 0.054952, -0.072295, 0.995868, 0.4, 0.898378, -0.431707, -0.080913, 0.0, 0.0, 0.0, 0.0, 1.0]
            ]
        },
        {
            "name": "Arm_R",
            "time": [0.0, 0.1, 0.2, 0.25, 0.3167, 0.4, 0.75],
            "transform": [
                [-0.103303, 0.257996, -0.960607, -0.0, 0.333215, 0.918944, 0.210973, 0.39386, 0.937175, -0.298295, -0.180898, -0.0, 0.0, 0.0, 0.0, 1.0],
                [0.126659, 0.287391, -0.949402, 0.0, -0.526705, 0.830525, 0.181139, 0.393861, 0.840559, 0.477111, 0.256564, 0.0, 0.0, 0.0, 0.0, 1.0],
                [-0.195225, 0.304192, -0.932392, 0.0, 0.010838, 0.951296, 0.30809, 0.39386, 0.980699, 0.050042, -0.189013, 0.0, 0.0, 0.0, 0.0, 1.0],
                [-0.206212, 0.307134, -0.929056, -0.0, -0.024992, 0.9475, 0.318779, 0.39386, 0.978189, 0.088955, -0.18771, -0.0, 0.0, 0.0, 0.0, 1.0],
                [0.650072, -0.709622, 0.271741, -0.0, 0.146268, -0.23407, -0.961154, 0.39386, 0.745663, 0.664566, -0.048367, 0.0, 0.0, 0.0, 0.0, 1.0],
                [0.662546, -0.65095, 0.370537, 0.0, 0.203156, -0.319978, -0.925387, 0.39386, 0.720945, 0.688388, -0.079756, 0.0, 0.0, 0.0, 0.0, 1.0],
                [0.662546, -0.65095, 0.370537, 0.0, 0.203156, -0.319978, -0.925387, 0.39386, 0.720945, 0.688388, -0.079756, 0.0, 0.0, 0.0, 0.0, 1.0]
            ]
        },
        {
            "name": "Hand_R",
            "time": [0.0, 0.2, 0.25, 0.3167, 0.4, 0.75],
            "transform": [
                [0.999971, 0.007569, 0.000169, 0.0, -0.003716, 0.510088, -0.860114, 0.3, -0.006597, 0.860089, 0.510102, -0.0, 0.0, 0.0, 0.0, 1.0],
                [0.999962, 0.00709, -0.005007, 0.0, -0.004517, -0.067443, -0.997713, 0.3, -0.007412, 0.997698, -0.067409, -0.0, 0.0, 0.0, 0.0, 1.0],
                [0.999961, 0.006851, -0.005533, 0.0, -0.004572, -0.133077, -0.991095, 0.3, -0.007526, 0.991082, -0.13304, 0.0, 0.0, 0.0, 0.0, 1.0],
                [1.0, 0.000546, 6e-05, -0.0, -0.000546, 0.999944, 0.010562, 0.3, -5.4e-05, -0.010562, 0.999944, 0.0, 0.0, 0.0, 0.0, 1.0],
                [1.0, 0.0, 0.0, -0.0, 0.0, 0.993938, 0.109947, 0.3, -0.0, -0.109947, 0.993938, -0.0, 0.0, 0.0, 0.0, 1.0],
                [1.0, 0.0, 0.0, -0.0, 0.0, 0.993938, 0.109947, 0.3, -0.0, -0.109947, 0.993938, -0.0, 0.0, 0.0, 0.0, 1.0]
            ]
        },
        {
            "name": "Tool_R",
            "time": [0.0, 0.2, 0.25, 0.3167, 0.75],
            "transform": [
                [0.063754, -0.707556, 0.703776, 0.0, 0.993795, -0.019399, -0.109529, 0.272858, 0.091107, 0.705973, 0.701511, 0.0, 0.0, 0.0, 0.0, 1.0],
                [0.058125, 0.006824, -0.998286, 0.0, 0.983998, 0.168327, 0.058443, 0.272858, 0.168348, -0.985123, 0.003068, 0.0, 0.0, 0.0, 0.0, 1.0],
                [0.914247, -0.21721, 0.342013, -0.0, 0.088807, 0.931054, 0.353911, 0.272858, -0.395071, -0.293005, 0.869991, 0.0, 0.0, 0.0, 0.0, 1.0],
                [0.997459, 0.066988, -0.024262, -0.0, -0.06211, 0.984416, 0.164526, 0.272858, 0.034883, -0.162494, 0.985493, -0.0, 0.0, 0.0, 0.0, 1.0],
                [0.997459, 0.066988, -0.024261, -0.0, -0.06211, 0.984416, 0.164526, 0.272858, 0.034883, -0.162494, 0.985493, -0.0, 0.0, 0.0, 0.0, 1.0]
            ]
        },
        {
            "name": "Elbow_R",
            "time": [0.0, 0.75],
            "transform": [
                [-1.0, 0.0, -0.0, 0.0, 0.0, -0.0, -1.0, 0.441564, -0.0, -1.0, 0.0, -0.0, 0.0, 0.0, 0.0, 1.0],
                [-1.0, 0.0, -0.0, -0.0, -0.0, 0.0, -1.0, 0.441564, -0.0, -1.0, 0.0, -0.0, 0.0, 0.0, 0.0, 1.0]
            ]
        },
        {
            "name": "Shoulder_L",
            "time": [0.0, 0.1, 0.2, 0.25, 0.3167, 0.4, 0.75],
            "transform": [
                [-0.133891, -0.947784, -0.289446, 0.0, -0.00433, -0.291514, 0.956557, 0.4, -0.990987, 0.129328, 0.034928, -0.0, 0.0, 0.0, 0.0, 1.0],
                [-0.479706, -0.877403, -0.006756, 0.0, 0.099192, -0.061879, 0.993142, 0.4, -0.871805, 0.475746, 0.116715, -0.0, 0.0, 0.0, 0.0, 1.0],
                [-0.438332, -0.873035, -0.213716, -0.0, 0.007782, -0.241453, 0.970381, 0.4, -0.898779, 0.423686, 0.112631, -0.0, 0.0, 0.0, 0.0, 1.0],
                [-0.469765, -0.858928, -0.203869, 0.0, 0.010124, -0.236163, 0.971661, 0.4, -0.882733, 0.454388, 0.119637, 0.0, 0.0, 0.0, 0.0, 1.0],
                [0.343998, -0.935459, -0.081133, 0.0, -0.037949, -0.100186, 0.994245, 0.4, -0.938203, -0.338939, -0.069963, 0.0, 0.0, 0.0, 0.0, 1.0],
                [0.393592, -0.916556, -0.070782, -0.0, -0.044222, -0.095786, 0.994419, 0.4, -0.918221, -0.388266, -0.078233, 0.0, 0.0, 0.0, 0.0, 1.0],
                [0.393592, -0.916556, -0.070782, -0.0, -0.044222, -0.095786, 0.994419, 0.4, -0.918221, -0.388266, -0.078233, 0.0, 0.0, 0.0, 0.0, 1.0]
            ]
        },
        {
            "name": "Arm_L",
            "time": [0.0, 0.1, 0.2, 0.25, 0.3167, 0.4, 0.75],
            "transform": [
                [0.042626, -0.173785, 0.983861, -0.0, -0.31737, 0.931395, 0.178268, 0.39386, -0.947343, -0.319846, -0.015453, 0.0, 0.0, 0.0, 0.0, 1.0],
                [0.062518, -0.11857, 0.990976, -0.0, 0.561778, 0.824867, 0.063253, 0.39386, -0.824923, 0.552753, 0.118179, -0.0, 0.0, 0.0, 0.0, 1.0],
                [-0.072206, -0.175265, 0.98187, 0.0, -0.003825, 0.984481, 0.17545, 0.39386, -0.997382, 0.008913, -0.071756, -0.0, 0.0, 0.0, 0.0, 1.0],
                [-0.084763, -0.173069, 0.981256, 0.0, 0.031496, 0.983842, 0.176246, 0.39386, -0.995903, 0.045844, -0.077942, 0.0, 0.0, 0.0, 0.0, 1.0],
                [0.560184, 0.801827, -0.208008, -0.0, 0.08063, -0.302692, -0.949672, 0.39386, -0.824435, 0.515219, -0.234214, -0.0, 0.0, 0.0, 0.0, 1.0],
                [0.588491, 0.751368, -0.298536, -0.0, 0.039882, -0.395774, -0.917482, 0.39386, -0.807519, 0.528024, -0.262875, 0.0, 0.0, 0.0, 0.0, 1.0],
                [0.588491, 0.751368, -0.298536, -0.0, 0.039882, -0.395774, -0.917482, 0.39386, -0.807519, 0.528024, -0.262875, 0.0, 0.0, 0.0, 0.0, 1.0]
            ]
        },
        {
            "name": "Hand_L",
            "time": [0.0, 0.2, 0.25, 0.3167, 0.4, 0.75],
            "transform": [
                [1.020043, -0.026309, 0.02676, 0.0, 0.038145, 0.762904, -0.645431, 0.3, -0.003506, 0.645977, 0.76335, 0.0, 0.0, 0.0, 0.0, 1.0],
                [1.020199, 0.003152, 0.033066, 0.0, 0.033841, -0.033216, -0.998898, 0.3, -0.002093, 0.999443, -0.033302, -0.0, 0.0, 0.0, 0.0, 1.0],
                [1.020215, 0.006361, 0.032113, 0.0, 0.033345, -0.129679, -0.991018, 0.3, -0.002184, 0.991536, -0.129817, 0.0, 0.0, 0.0, 0.0, 1.0],
                [1.020761, -0.000896, 0.001616, -0.0, 0.000897, 0.999942, 0.010711, 0.3, -0.001659, -0.01071, 0.999941, -0.0, 0.0, 0.0, 0.0, 1.0],
                [1.020763, 0.0, 0.0, 0.0, -0.0, 0.993938, 0.109947, 0.3, -0.0, -0.109947, 0.993937, -0.0, 0.0, 0.0, 0.0, 1.0],
                [1.020763, 0.0, 0.0, 0.0, -0.0, 0.993938, 0.109947, 0.3, -0.0, -0.109947, 0.993937, -0.0, 0.0, 0.0, 0.0, 1.0]
            ]
        },
        {
            "name": "Tool_L",
            "time": [0.0, 0.2, 0.25, 0.3167, 0.75],
            "transform": [
                [-0.153791, -0.693868, -0.703488, -0.0, 0.987463, -0.082302, -0.134694, 0.272858, 0.035551, -0.714964, 0.697415, -0.0, 0.0, 0.0, 0.0, 1.0],
                [-0.013821, -0.016105, 0.999775, 0.0, 0.99902, 0.041832, 0.014484, 0.272858, -0.042021, 0.998408, 0.015503, -0.0, 0.0, 0.0, 0.0, 1.0],
                [-0.02907, -0.909813, -0.413999, 0.0, 0.996716, -0.0577, 0.056815, 0.272858, -0.075524, -0.410746, 0.907969, 0.0, 0.0, 0.0, 0.0, 1.0],
                [0.997084, 0.076099, 0.005681, 1e-06, -0.075627, 0.975454, 0.206809, 0.272858, 0.010189, -0.206503, 0.977792, -0.0, 0.0, 0.0, 0.0, 1.0],
                [0.997084, 0.076099, 0.005681, 0.0, -0.075627, 0.975454, 0.206809, 0.272859, 0.010189, -0.206503, 0.977792, -0.0, 0.0, 0.0, 0.0, 1.0]
            ]
        },
        {
            "name": "Elbow_L",
            "time": [0.0, 0.75],
            "transform": [
                [-1.0, 0.0, -0.0, 0.0, 0.0, -0.0, -1.0, 0.361034, -0.0, -1.0, -0.0, 0.0, 0.0, 0.0, 0.0, 1.0],
                [-1.0, 0.0, -0.0, 0.0, 0.0, -0.0, -1.0, 0.361034, -0.0, -1.0, 0.0, -0.0, 0.0, 0.0, 0.0, 1.0]
            ]
        }
    ]
}