{
    "animation": [
        {
            "name": "Coord",
            "time": [0.0, 0.1, 0.65, 1.0],
            "transform": [
                [1.0, 0.0, 0.0, 0.0, 0.0, 0.0, -1.0, 0.240602, 0.0, 1.0, 0.0, 0.0, 0.0, 0.0, 0.0, 1.0],
                [1.0, 0.0, 0.0, 0.0, 0.0, 0.0, -1.0, 1.000274, 0.0, 1.0, 0.0, 0.0, 0.0, 0.0, 0.0, 1.0],
                [1.0, 0.0, 0.0, 0.0, 0.0, 0.0, -1.0, 1.000274, 0.0, 1.0, 0.0, 0.0, 0.0, 0.0, 0.0, 1.0],
                [1.0, 0.0, 0.0, 0.0, 0.0, 0.0, -1.0, 1.000279, 0.0, 1.0, 0.0, 0.0, 0.0, 0.0, 0.0, 1.0]
            ]
        },
        {
            "name": "Root",
            "time": [0.0, 0.0333, 0.1, 0.2167, 0.65, 0.8333, 1.0],
            "transform": [
                [0.792373, -0.064793, 0.606587, -0.000826, -0.065191, 0.979656, 0.189801, 0.671904, -0.606544, -0.189937, 0.772029, -0.014786, 0.0, 0.0, 0.0, 1.0],
                [0.997354, -0.019117, -0.070141, -0.001248, 0.030612, 0.985535, 0.166682, 0.698933, 0.06594, -0.168388, 0.983513, -0.015924, 0.0, 0.0, 0.0, 1.0],
                [0.571797, -0.000228, -0.820395, -5e-06, 0.090398, 0.993928, 0.06273, 0.645623, 0.8154, -0.110031, 0.568345, 0.000294, 0.0, 0.0, 0.0, 1.0],
                [0.378019, -0.01741, -0.925634, -5e-06, 0.108422, 0.993776, 0.025587, 0.630806, 0.919427, -0.110031, 0.377554, -0.077494, 0.0, 0.0, 0.0, 1.0],
                [0.378019, -0.01741, -0.925634, -5e-06, 0.108422, 0.993776, 0.025587, 0.630806, 0.919427, -0.110031, 0.377554, -0.077494, 0.0, 0.0, 0.0, 1.0],
                [0.668028, -0.016812, -0.743946, -5e-06, 0.047907, 0.998642, 0.020451, 0.698139, 0.742593, -0.049302, 0.667926, -0.114845, 0.0, 0.0, 0.0, 1.0],
                [0.972802, 0.0, -0.231636, -5e-06, 0.0, 1.0, 0.0, 0.730001, 0.231636, 0.0, 0.972802, -0.000946, 0.0, 0.0, 0.0, 1.0]
            ]
        },
        {
            "name": "Thigh_R",
            "time": [0.0, 0.0333, 0.1, 0.2167, 0.65, 0.75, 0.8333, 0.9167, 1.0],
            "transform": [
                [0.717597, 0.532168, 0.449277, 0.124994, 0.01905, -0.659843, 0.751161, -0.002831, 0.696197, -0.530471, -0.483641, -1.2e-05, 0.0, 0.0, 0.0, 1.0],
                [0.703942, 0.328198, 0.629882, 0.124994, -0.039528, -0.867357, 0.496112, -0.002831, 0.709156, -0.374131, -0.597598, -1.2e-05, 0.0, 0.0, 0.0, 1.0],
                [0.705588, 0.518866, 0.482621, 0.124994, 0.312204, -0.839026, 0.445602, -0.002831, 0.63614, -0.163734, -0.754001, -1.2e-05, 0.0, 0.0, 0.0, 1.0],
                [0.695215, 0.525564, 0.490365, 0.124994, 0.341536, -0.841794, 0.418011, -0.002831, 0.632478, -0.12313, -0.764729, -1.2e-05, 0.0, 0.0, 0.0, 1.0],
                [0.695215, 0.525564, 0.490365, 0.124994, 0.341536, -0.841794, 0.418011, -0.002831, 0.632478, -0.12313, -0.764729, -1.2e-05, 0.0, 0.0, 0.0, 1.0],
                [0.940757, 0.153981, -0.302103, 0.124994, 0.316352, -0.719275, 0.618517, -0.002831, -0.122056, -0.677443, -0.725377, -1.2e-05, 0.0, 0.0, 0.0, 1.0],
                [0.96251, 0.208765, -0.173177, 0.124994, 0.217831, -0.97536, 0.034891, -0.002831, -0.161626, -0.071306, -0.984273, -1.2e-05, 0.0, 0.0, 0.0, 1.0],
                [0.98833, 0.128602, -0.081636, 0.124994, 0.120495, -0.987912, -0.097502, -0.002831, -0.093188, 0.086528, -0.991882, -1.2e-05, 0.0, 0.0, 0.0, 1.0],
                [0.997174, 0.061399, -0.043273, 0.124994, 0.057811, -0.995131, -0.079799, -0.002831, -0.047962, 0.077072, -0.995872, -1.2e-05, 0.0, 0.0, 0.0, 1.0]
            ]
        },
        {
            "name": "Leg_R",
            "time": [0.0, 0.0333, 0.1, 0.2167, 0.65, 0.75, 0.8333, 0.9167, 1.0],
            "transform": [
                [1.0, -0.0, 1e-06, 0.0, -0.0, 0.540342, 0.841445, 0.37472, -1e-06, -0.841447, 0.540341, 0.0, 0.0, 0.0, 0.0, 1.0],
                [1.0, -0.0, 1e-06, -0.0, -0.0, 0.683885, 0.72959, 0.37472, -1e-06, -0.729591, 0.683884, -0.0, 0.0, 0.0, 0.0, 1.0],
                [1.0, -0.0, 1e-06, -0.0, -0.0, 0.824267, 0.566202, 0.37472, -1e-06, -0.566203, 0.824266, 0.0, 0.0, 0.0, 0.0, 1.0],
                [1.0, 0.0, 0.0, -0.0, -0.0, 0.944196, 0.329384, 0.37472, -0.0, -0.329385, 0.944195, -0.0, 0.0, 0.0, 0.0, 1.0],
                [1.0, 0.0, 0.0, -0.0, -0.0, 0.944196, 0.329384, 0.37472, -0.0, -0.329385, 0.944195, -0.0, 0.0, 0.0, 0.0, 1.0],
                [1.0, -1e-06, 0.0, 0.0, -0.0, 0.148017, 0.988984, 0.37472, -1e-06, -0.988986, 0.148016, -0.0, 0.0, 0.0, 0.0, 1.0],
                [1.0, -1e-06, 1e-06, 0.0, 0.0, 0.8916, 0.452824, 0.37472, -1e-06, -0.452825, 0.891599, 0.0, 0.0, 0.0, 0.0, 1.0],
                [1.0, -0.0, 1e-06, -0.0, 0.0, 0.944153, 0.32951, 0.37472, -1e-06, -0.329511, 0.944151, 0.0, 0.0, 0.0, 0.0, 1.0],
                [1.0, -0.0, 1e-06, -0.0, -0.0, 0.93581, 0.352505, 0.37472, -1e-06, -0.352506, 0.935809, 0.0, 0.0, 0.0, 0.0, 1.0]
            ]
        },
        {
            "name": "Knee_R",
            "time": [0.0, 0.0333, 0.1, 0.2167, 0.65, 0.75, 0.8333, 0.9167, 1.0],
            "transform": [
                [1.0, 0.0, -0.0, 0.0, -0.0, 1e-06, -1.0, 0.428463, -0.0, 1.0, 1e-06, 0.0, 0.0, 0.0, 0.0, 1.0],
                [1.0, 0.0, -0.0, -0.0, -0.0, 1e-06, -1.0, 0.4121, -0.0, 1.0, 1e-06, -0.0, 0.0, 0.0, 0.0, 1.0],
                [1.0, 0.0, -0.0, 0.0, -0.0, 1e-06, -1.0, 0.39272, -0.0, 1.0, 1e-06, -0.0, 0.0, 0.0, 0.0, 1.0],
                [1.0, 0.0, -0.0, -0.0, -0.0, 1e-06, -1.0, 0.37472, -0.0, 1.0, 1e-06, -0.0, 0.0, 0.0, 0.0, 1.0],
                [1.0, 0.0, -0.0, -0.0, -0.0, 1e-06, -1.0, 0.37472, -0.0, 1.0, 1e-06, -0.0, 0.0, 0.0, 0.0, 1.0],
                [1.0, 0.0, -0.0, 0.0, -0.0, 1e-06, -1.0, 0.46638, -0.0, 1.0, 1e-06, -0.0, 0.0, 0.0, 0.0, 1.0],
                [1.0, 0.0, -0.0, 0.0, -0.0, 1e-06, -1.0, 0.380871, -0.0, 1.0, 1e-06, -0.0, 0.0, 0.0, 0.0, 1.0],
                [1.0, 0.0, -0.0, -0.0, -0.0, 1e-06, -1.0, 0.37472, -0.0, 1.0, 1e-06, 0.0, 0.0, 0.0, 0.0, 1.0],
                [1.0, 0.0, -0.0, 0.0, -0.0, 1e-06, -1.0, 0.37472, -0.0, 1.0, 1e-06, 0.0, 0.0, 0.0, 0.0, 1.0]
            ]
        },
        {
            "name": "Thigh_L",
            "time": [0.0, 0.0333, 0.1, 0.2167, 0.65, 0.75, 0.8333, 0.9167, 1.0],
            "transform": [
                [0.912695, -0.338596, -0.22878, -0.125006, -0.00327, -0.565889, 0.824475, -0.002831, -0.408627, -0.751746, -0.517591, -1.2e-05, 0.0, 0.0, 0.0, 1.0],
                [0.925462, -0.370918, -0.077063, -0.125006, -0.082581, -0.396045, 0.91451, -0.002831, -0.369729, -0.839981, -0.397156, -1.2e-05, 0.0, 0.0, 0.0, 1.0],
                [0.574912, -0.700266, -0.423206, -0.125006, -0.097451, -0.572152, 0.814337, -0.002831, -0.812391, -0.42693, -0.397179, -1.2e-05, 0.0, 0.0, 0.0, 1.0],
                [0.534674, -0.759673, -0.370162, -0.125006, -0.243646, -0.558011, 0.793259, -0.002831, -0.809172, -0.333947, -0.483446, -1.2e-05, 0.0, 0.0, 0.0, 1.0],
                [0.534674, -0.759673, -0.370162, -0.125006, -0.243646, -0.558011, 0.793259, -0.002831, -0.809172, -0.333947, -0.483446, -1.2e-05, 0.0, 0.0, 0.0, 1.0],
                [0.614402, -0.659432, -0.433195, -0.125006, -0.192839, -0.657906, 0.727992, -0.002831, -0.765063, -0.363743, -0.531384, -1.2e-05, 0.0, 0.0, 0.0, 1.0],
                [0.7278, -0.488035, -0.481797, -0.125006, -0.112156, -0.77779, 0.618436, -0.002831, -0.676555, -0.396061, -0.620812, -1.2e-05, 0.0, 0.0, 0.0, 1.0],
                [0.823261, -0.398034, -0.404734, -0.125006, 0.010186, -0.702511, 0.711599, -0.002831, -0.56757, -0.589955, -0.574296, -1.2e-05, 0.0, 0.0, 0.0, 1.0],
                [0.981717, -0.09396, -0.165536, -0.125006, -0.014789, -0.904694, 0.425805, -0.002831, -0.189768, -0.415572, -0.889544, -1.2e-05, 0.0, 0.0, 0.0, 1.0]
            ]
        },
        {
            "name": "Leg_L",
            "time": [0.0, 0.0333, 0.1, 0.2167, 0.65, 0.75, 0.8333, 0.9167, 1.0],
            "transform": [
                [1.0, -1e-06, 1e-06, -0.0, -0.0, 0.112265, 0.993679, 0.37472, -1e-06, -0.993678, 0.112265, 0.0, 0.0, 0.0, 0.0, 1.0],
                [1.0, -1e-06, 1e-06, -0.0, -1e-06, -0.033002, 0.999456, 0.37472, -1e-06, -0.999455, -0.033002, 0.0, 0.0, 0.0, 0.0, 1.0],
                [1.0, -1e-06, 1e-06, -0.0, 0.0, 0.732301, 0.680981, 0.37472, -1e-06, -0.680981, 0.732301, 0.0, 0.0, 0.0, 0.0, 1.0],
                [1.0, -1e-06, 1e-06, 0.0, -0.0, 0.493004, 0.870027, 0.37472, -1e-06, -0.870026, 0.493005, -0.0, 0.0, 0.0, 0.0, 1.0],
                [1.0, -1e-06, 1e-06, 0.0, -0.0, 0.493004, 0.870027, 0.37472, -1e-06, -0.870026, 0.493005, -0.0, 0.0, 0.0, 0.0, 1.0],
                [1.0, -1e-06, 1e-06, 0.0, 0.0, 0.610101, 0.792324, 0.37472, -1e-06, -0.792323, 0.610102, 0.0, 0.0, 0.0, 0.0, 1.0],
                [1.0, -1e-06, 1e-06, -0.0, 0.0, 0.7937, 0.60831, 0.37472, -1e-06, -0.608309, 0.793701, -0.0, 0.0, 0.0, 0.0, 1.0],
                [1.0, -1e-06, 1e-06, -0.0, -0.0, 0.540364, 0.841431, 0.37472, -1e-06, -0.841431, 0.540364, 0.0, 0.0, 0.0, 0.0, 1.0],
                [1.0, -1e-06, 1e-06, -0.0, 0.0, 0.904997, 0.425418, 0.37472, -1e-06, -0.425417, 0.904997, -0.0, 0.0, 0.0, 0.0, 1.0]
            ]
        },
        {
            "name": "Knee_L",
            "time": [0.0, 0.0333, 0.1, 0.2167, 0.65, 0.75, 0.8333, 0.9167, 1.0],
            "transform": [
                [1.0, 0.0, -0.0, 0.0, -0.0, 1e-06, -1.0, 0.469618, -0.0, 1.0, 1e-06, 0.0, 0.0, 0.0, 0.0, 1.0],
                [1.0, 0.0, -0.0, 0.0, -0.0, 1e-06, -1.0, 0.47972, -0.0, 1.0, 1e-06, 0.0, 0.0, 0.0, 0.0, 1.0],
                [1.0, 0.0, -0.0, 0.0, -0.0, 1e-06, -1.0, 0.405938, -0.0, 1.0, 1e-06, -0.0, 0.0, 0.0, 0.0, 1.0],
                [1.0, 0.0, -0.0, 0.0, -0.0, 1e-06, -1.0, 0.433429, -0.0, 1.0, 1e-06, -0.0, 0.0, 0.0, 0.0, 1.0],
                [1.0, 0.0, -0.0, 0.0, -0.0, 1e-06, -1.0, 0.433429, -0.0, 1.0, 1e-06, -0.0, 0.0, 0.0, 0.0, 1.0],
                [1.0, 0.0, -0.0, 0.0, -0.0, 1e-06, -1.0, 0.4208, -0.0, 1.0, 0.0, -0.0, 0.0, 0.0, 0.0, 1.0],
                [1.0, 0.0, -0.0, 0.0, -0.0, 1e-06, -1.0, 0.397393, -0.0, 1.0, 1e-06, -0.0, 0.0, 0.0, 0.0, 1.0],
                [1.0, 0.0, -0.0, 0.0, -0.0, 1e-06, -1.0, 0.428461, -0.0, 1.0, 1e-06, 0.0, 0.0, 0.0, 0.0, 1.0],
                [1.0, 0.0, -0.0, 0.0, -0.0, 1e-06, -1.0, 0.378132, -0.0, 1.0, 1e-06, -0.0, 0.0, 0.0, 0.0, 1.0]
            ]
        },
        {
            "name": "Torso",
            "time": [0.0, 0.1, 0.65, 1.0],
            "transform": [
                [0.999873, -0.015907, -0.000114, 0.0, 0.015907, 0.999771, 0.014285, 0.05, -0.000114, -0.014285, 0.999898, -0.0, 0.0, 0.0, 0.0, 1.0],
                [1.0, 0.0, -0.0, -0.0, -0.0, 1.0, 0.0, 0.05, 0.0, -0.0, 1.0, -0.0, 0.0, 0.0, 0.0, 1.0],
                [1.0, -0.0, 0.0, -0.0, 0.0, 1.0, -0.0, 0.05, -0.0, 0.0, 1.0, -0.0, 0.0, 0.0, 0.0, 1.0],
                [0.999997, -0.002593, -1.4e-05, 0.0, 0.002593, 0.999937, 0.010891, 0.05, -1.4e-05, -0.010891, 0.999941, -0.0, 0.0, 0.0, 0.0, 1.0]
            ]
        },
        {
            "name": "Chest",
            "time": [0.0, 0.1, 0.65, 1.0],
            "transform": [
                [0.991637, 0.109229, -0.068742, -0.0, -0.103313, 0.991059, 0.084422, 0.3, 0.077348, -0.076614, 0.994056, 0.0, 0.0, 0.0, 0.0, 1.0],
                [0.921258, -0.089693, -0.37847, 0.0, 0.101575, 0.994761, 0.011503, 0.3, 0.375455, -0.04904, 0.925542, -0.0, 0.0, 0.0, 0.0, 1.0],
                [0.921258, -0.089693, -0.37847, 0.0, 0.101575, 0.994761, 0.011503, 0.3, 0.375455, -0.04904, 0.925542, 0.0, 0.0, 0.0, 0.0, 1.0],
                [0.999987, -0.005093, -5.5e-05, -0.0, 0.005093, 0.999758, 0.021389, 0.3, -5.4e-05, -0.021389, 0.999771, -0.0, 0.0, 0.0, 0.0, 1.0]
            ]
        },
        {
            "name": "Head",
            "time": [0.0, 0.0333, 0.1, 0.2167, 0.65, 1.0],
            "transform": [
                [0.867368, -0.105729, -0.486307, 0.0, -0.051256, 0.952997, -0.298613, 0.4, 0.495021, 0.283934, 0.82118, 0.0, 0.0, 0.0, 0.0, 1.0],
                [0.958815, 0.06875, 0.275586, 0.0, -0.004362, 0.973714, -0.227732, 0.4, -0.283999, 0.217151, 0.933911, -0.0, 0.0, 0.0, 0.0, 1.0],
                [0.214713, 0.195917, 0.956826, -0.0, -0.007903, 0.979991, -0.198887, 0.4, -0.976645, 0.035142, 0.211965, -0.0, 0.0, 0.0, 0.0, 1.0],
                [-0.00145, 0.202676, 0.979245, -0.0, -0.005714, 0.979228, -0.202681, 0.4, -0.999983, -0.005889, -0.000261, 0.0, 0.0, 0.0, 0.0, 1.0],
                [-0.00145, 0.202676, 0.979245, -0.0, -0.005714, 0.979228, -0.202681, 0.4, -0.999983, -0.005889, -0.000261, 0.0, 0.0, 0.0, 0.0, 1.0],
                [0.968482, 0.005819, 0.249015, 0.0, 0.000452, 0.999684, -0.025118, 0.4, -0.249082, 0.024439, 0.968174, 0.0, 0.0, 0.0, 0.0, 1.0]
            ]
        },
        {
            "name": "Shoulder_R",
            "time": [0.0, 0.1, 0.65, 1.0],
            "transform": [
                [-0.084983, 0.996306, -0.0123, 0.0, -0.301601, -0.013957, 0.953332, 0.4, 0.949639, 0.084727, 0.301673, -0.0, 0.0, 0.0, 0.0, 1.0],
                [-0.143481, 0.976932, 0.158166, -0.0, -0.319295, -0.19697, 0.926959, 0.4, 0.93673, 0.082499, 0.340191, -0.0, 0.0, 0.0, 0.0, 1.0],
                [-0.143481, 0.976932, 0.158166, -0.0, -0.319295, -0.19697, 0.926959, 0.4, 0.93673, 0.082499, 0.340191, 0.0, 0.0, 0.0, 0.0, 1.0],
                [0.089555, 0.949274, 0.301428, 0.0, -0.003656, -0.302328, 0.953197, 0.4, 0.995975, -0.086466, -0.023605, 0.0, 0.0, 0.0, 0.0, 1.0]
            ]
        },
        {
            "name": "Arm_R",
            "time": [0.0, 0.1, 0.65, 1.0],
            "transform": [
                [-0.147789, -0.426967, -0.892108, -0.0, -0.068874, 0.904267, -0.421377, 0.39386, 0.986618, -0.000832, -0.163048, 0.0, 0.0, 0.0, 0.0, 1.0],
                [-0.323752, 0.929715, -0.175541, 0.0, 0.540519, 0.334022, 0.772184, 0.39386, 0.776546, 0.155113, -0.610669, -0.0, 0.0, 0.0, 0.0, 1.0],
                [-0.323752, 0.929715, -0.175541, -0.0, 0.540519, 0.334022, 0.772184, 0.393861, 0.776546, 0.155113, -0.610669, 0.0, 0.0, 0.0, 0.0, 1.0],
                [0.239005, 0.285697, -0.928038, 2.6e-05, 0.841116, 0.416632, 0.344879, 0.396058, 0.485181, -0.863015, -0.140727, -0.006337, 0.0, 0.0, 0.0, 1.0]
            ]
        },
        {
            "name": "Hand_R",
            "time": [0.0, 0.1, 0.65, 1.0],
            "transform": [
                [1.0, 0.0, 0.0, -0.0, -0.0, 0.470559, -0.882369, 0.3, -0.0, 0.882369, 0.470559, 0.0, 0.0, 0.0, 0.0, 1.0],
                [1.0, 0.0, 0.0, 0.0, -0.0, 0.504497, -0.863413, 0.3, -0.0, 0.863413, 0.504498, 0.0, 0.0, 0.0, 0.0, 1.0],
                [1.0, 0.0, 0.0, -0.0, -0.0, 0.504498, -0.863413, 0.3, -0.0, 0.863413, 0.504497, -0.0, 0.0, 0.0, 0.0, 1.0],
                [1.0, 0.0, 0.0, 0.0, -0.0, 0.965668, -0.25978, 0.3, -0.0, 0.25978, 0.965668, 0.0, 0.0, 0.0, 0.0, 1.0]
            ]
        },
        {
            "name": "Tool_R",
            "time": [0.0, 0.1, 0.65, 1.0],
            "transform": [
                [0.912044, 0.406448, -0.054562, 0.0, 0.286488, -0.726679, -0.624389, 0.269513, -0.293254, 0.553503, -0.778751, 0.045807, 0.0, 0.0, 0.0, 1.0],
                [1.0, -0.0, 0.0, 0.0, 0.0, -0.891139, -0.45373, 0.269513, 0.0, 0.453452, -0.890617, 0.045807, 0.0, 0.0, 0.0, 1.0],
                [1.0, -0.0, 0.0, -0.0, -0.0, -0.891139, -0.45373, 0.269513, 0.0, 0.453452, -0.890617, 0.045807, 0.0, 0.0, 0.0, 1.0],
                [1.0, -0.0, 0.0, 0.0, 0.0, -0.934464, -0.356057, 0.272858, 0.0, 0.355836, -0.933915, 0.0, 0.0, 0.0, 0.0, 1.0]
            ]
        },
        {
            "name": "Elbow_R",
            "time": [0.0, 0.1, 0.65, 1.0],
            "transform": [
                [-1.0, 0.0, -0.0, -0.0, 0.0, -0.0, -1.0, 0.411613, -0.0, -1.0, 0.0, 0.0, 0.0, 0.0, 0.0, 1.0],
                [-1.0, 0.0, -0.0, 0.0, 0.0, -0.0, -1.0, 0.40797, -0.0, -1.0, 0.0, 0.0, 0.0, 0.0, 0.0, 1.0],
                [-1.0, 0.0, -0.0, -0.0, 0.0, -0.0, -1.0, 0.40797, -0.0, -1.0, 0.0, -0.0, 0.0, 0.0, 0.0, 1.0],
                [-1.0, 0.0, -0.0, -0.0, 0.0, -0.0, -1.0, 0.346576, -0.0, -1.0, 0.0, 0.0, 0.0, 0.0, 0.0, 1.0]
            ]
        },
        {
            "name": "Shoulder_L",
            "time": [0.0, 0.05, 0.1, 0.65, 1.0],
            "transform": [
                [-0.293498, -0.904994, -0.307967, 0.0, 0.051598, -0.336682, 0.940203, 0.4, -0.954566, 0.260058, 0.145512, -0.0, 0.0, 0.0, 0.0, 1.0],
                [-0.109564, -0.941096, -0.319896, -0.0, 0.015026, -0.323365, 0.946155, 0.4, -0.993866, 0.098858, 0.04957, 0.0, 0.0, 0.0, 0.0, 1.0],
                [0.630894, -0.719676, -0.289894, -0.0, 0.04886, -0.336044, 0.940578, 0.4, -0.774329, -0.607569, -0.176845, -0.0, 0.0, 0.0, 0.0, 1.0],
                [0.630894, -0.719676, -0.289894, -0.0, 0.04886, -0.336044, 0.940578, 0.4, -0.774329, -0.607569, -0.176845, 0.0, 0.0, 0.0, 0.0, 1.0],
                [-0.0, -0.952114, -0.305743, 0.0, 0.0, -0.305743, 0.952114, 0.4, -1.0, -0.0, 0.0, 0.0, 0.0, 0.0, 0.0, 1.0]
            ]
        },
        {
            "name": "Arm_L",
            "time": [0.0, 0.05, 0.1, 0.15, 0.65, 1.0],
            "transform": [
                [0.127624, -0.614762, 0.778318, -0.0, -0.390793, 0.690085, 0.60915, 0.39386, -0.911588, -0.381903, -0.152174, 0.0, 0.0, 0.0, 0.0, 1.0],
                [-0.015512, -0.194669, 0.980746, -0.0, -0.014167, 0.980808, 0.194457, 0.39386, -0.999779, -0.010877, -0.017972, 0.0, 0.0, 0.0, 0.0, 1.0],
                [0.454832, 0.643196, 0.615976, -0.0, 0.320475, 0.527117, -0.787047, 0.39386, -0.830917, 0.555379, 0.033622, 0.0, 0.0, 0.0, 0.0, 1.0],
                [0.142044, 0.97198, 0.187292, -0.0, 0.242377, 0.149298, -0.958626, 0.39386, -0.959728, 0.181562, -0.214378, 0.0, 0.0, 0.0, 0.0, 1.0],
                [0.142044, 0.97198, 0.187292, -0.0, 0.242377, 0.149298, -0.958626, 0.39386, -0.959728, 0.181562, -0.214378, -0.0, 0.0, 0.0, 0.0, 1.0],
                [0.566246, -0.198855, 0.799889, 0.0, -0.712299, 0.370238, 0.596283, 0.396681, -0.414723, -0.907403, 0.068002, -0.008785, 0.0, 0.0, 0.0, 1.0]
            ]
        },
        {
            "name": "Hand_L",
            "time": [0.0, 0.1, 0.15, 0.65, 1.0],
            "transform": [
                [1.0, 0.0, 0.0, 0.0, -0.0, 0.805837, -0.592138, 0.3, -0.0, 0.592138, 0.805837, 0.0, 0.0, 0.0, 0.0, 1.0],
                [1.0, 0.0, 0.0, -0.0, -0.0, 0.997681, 0.068071, 0.3, -0.0, -0.068071, 0.997681, 0.0, 0.0, 0.0, 0.0, 1.0],
                [1.0, 0.0, -0.0, -0.0, -0.0, 0.375386, -0.926869, 0.3, -0.0, 0.926869, 0.375386, -0.0, 0.0, 0.0, 0.0, 1.0],
                [1.0, 0.0, -0.0, 0.0, -0.0, 0.375386, -0.926869, 0.3, 0.0, 0.926869, 0.375386, 0.0, 0.0, 0.0, 0.0, 1.0],
                [1.0, 0.0, 0.0, 0.0, -0.0, 0.961539, -0.274668, 0.3, -0.0, 0.274668, 0.961539, -0.0, 0.0, 0.0, 0.0, 1.0]
            ]
        },
        {
            "name": "Tool_L",
            "time": [0.0, 0.05, 0.0833, 0.1, 0.15, 0.65, 1.0],
            "transform": [
                [0.979662, -0.163561, 0.116233, 0.0, 0.029134, -0.457184, -0.888895, 0.272858, 0.198412, 0.873683, -0.44287, 0.0, 0.0, 0.0, 0.0, 1.0],
                [0.919336, -0.384962, 0.081398, 0.0, 0.207394, 0.298285, -0.931673, 0.272858, 0.334184, 0.872891, 0.353845, 0.0, 0.0, 0.0, 0.0, 1.0],
                [0.972559, 0.049634, 0.227299, -0.0, 0.228549, -0.021067, -0.973304, 0.272858, -0.043493, 0.997957, -0.031824, -0.0, 0.0, 0.0, 0.0, 1.0],
                [0.898378, 0.439224, 7.2e-05, 0.0, -0.108039, 0.221141, -0.969239, 0.272858, -0.42548, 0.870225, 0.245966, 0.0, 0.0, 0.0, 0.0, 1.0],
                [0.995491, 0.094853, 2.6e-05, -0.0, -0.077647, 0.815068, -0.574138, 0.272858, -0.054449, 0.57122, 0.818271, -0.0, 0.0, 0.0, 0.0, 1.0],
                [0.995491, 0.094853, 2.6e-05, -0.0, -0.077647, 0.815068, -0.574138, 0.272858, -0.054449, 0.57122, 0.818271, -0.0, 0.0, 0.0, 0.0, 1.0],
                [1.0, -0.0, 0.0, 0.0, -0.0, -0.89022, -0.455531, 0.272858, 0.0, 0.455253, -0.889701, 0.0, 0.0, 0.0, 0.0, 1.0]
            ]
        },
        {
            "name": "Elbow_L",
            "time": [0.0, 0.1, 0.15, 0.65, 1.0],
            "transform": [
                [-1.0, 0.0, 0.0, 0.0, -0.0, -0.0, -1.0, 0.369709, -0.0, -1.0, -0.0, 0.0, 0.0, 0.0, 0.0, 1.0],
                [-1.0, 0.0, -0.0, -0.0, 0.0, -0.0, -1.0, 0.30394, -0.0, -1.0, -0.0, 0.0, 0.0, 0.0, 0.0, 1.0],
                [-1.0, 0.0, -0.0, 0.0, 0.0, -0.0, -1.0, 0.421463, -0.0, -1.0, -0.0, -0.0, 0.0, 0.0, 0.0, 1.0],
                [-1.0, 0.0, -0.0, 0.0, 0.0, -0.0, -1.0, 0.421463, -0.0, -1.0, -0.0, 0.0, 0.0, 0.0, 0.0, 1.0],
                [-1.0, 0.0, -0.0, -0.0, 0.0, -0.0, -1.0, 0.345497, -0.0, -1.0, 0.0, -0.0, 0.0, 0.0, 0.0, 1.0]
            ]
        }
    ]
}