{
    "animation": [
        {
            "name": "Coord",
            "time": [0.0, 0.1333, 0.65, 1.05],
            "transform": [
                [1.0, 0.0, 0.0, 0.0, 0.0, 0.0, -1.0, 0.045218, 0.0, 1.0, 0.0, 0.0, 0.0, 0.0, 0.0, 1.0],
                [1.0, 0.0, 0.0, 0.0, 0.0, 0.0, -1.0, 0.994348, 0.0, 1.0, 0.0, 0.0, 0.0, 0.0, 0.0, 1.0],
                [1.0, 0.0, 0.0, 0.0, 0.0, 0.0, -1.0, 0.994348, 0.0, 1.0, 0.0, 0.0, 0.0, 0.0, 0.0, 1.0],
                [1.0, 0.0, 0.0, 0.0, 0.0, 0.0, -1.0, 1.000279, 0.0, 1.0, 0.0, 0.0, 0.0, 0.0, 0.0, 1.0]
            ]
        },
        {
            "name": "Root",
            "time": [0.0, 0.0667, 0.1333, 0.1667, 0.3167, 0.65, 0.85, 1.05],
            "transform": [
                [0.85441, -0.025559, -0.51897, -5e-06, 0.021845, 0.999673, -0.013269, 0.648303, 0.51914, 0.0, 0.854689, -0.389887, 0.0, 0.0, 0.0, 1.0],
                [0.966793, -0.028012, 0.254022, -5e-06, -0.000534, 0.993751, 0.111618, 0.718825, -0.255561, -0.108047, 0.960736, -0.193745, 0.0, 0.0, 0.0, 1.0],
                [0.488192, -0.107327, 0.866111, -5e-06, -0.105825, 0.977807, 0.180818, 0.648303, -0.866296, -0.17993, 0.466, 0.002398, 0.0, 0.0, 0.0, 1.0],
                [0.291113, -0.107327, 0.950649, -5e-06, -0.142137, 0.977807, 0.153919, 0.589628, -0.946071, -0.17993, 0.269397, -0.082947, 0.0, 0.0, 0.0, 1.0],
                [0.291113, -0.107327, 0.950649, -5e-06, -0.142137, 0.977807, 0.153919, 0.619262, -0.946071, -0.17993, 0.269397, -0.012567, 0.0, 0.0, 0.0, 1.0],
                [0.291113, -0.107327, 0.950649, -5e-06, -0.142137, 0.977807, 0.153919, 0.619262, -0.946071, -0.17993, 0.269397, -0.012567, 0.0, 0.0, 0.0, 1.0],
                [0.956583, -0.004802, 0.291419, -5e-06, -0.027147, 0.99405, 0.105488, 0.692355, -0.290192, -0.108819, 0.950761, -0.126023, 0.0, 0.0, 0.0, 1.0],
                [0.972802, 0.0, -0.231636, -5e-06, 0.0, 1.0, 0.0, 0.730001, 0.231636, 0.0, 0.972802, -0.000946, 0.0, 0.0, 0.0, 1.0]
            ]
        },
        {
            "name": "Thigh_R",
            "time": [0.0, 0.0667, 0.1333, 0.1667, 0.3167, 0.65, 0.75, 0.85, 0.95, 1.05],
            "transform": [
                [0.944216, 0.305226, -0.123663, 0.124994, 0.265228, -0.927378, -0.263855, -0.002831, -0.195218, 0.216337, -0.956603, -1.2e-05, 0.0, 0.0, 0.0, 1.0],
                [0.908632, 0.308737, 0.281191, 0.124994, 0.080583, -0.790327, 0.607361, -0.002831, 0.409748, -0.529207, -0.742997, -1.2e-05, 0.0, 0.0, 0.0, 1.0],
                [0.678475, 0.689023, 0.254786, 0.124994, 0.262982, -0.551646, 0.791533, -0.002831, 0.685938, -0.47003, -0.555481, -1.2e-05, 0.0, 0.0, 0.0, 1.0],
                [0.63197, 0.751603, 0.188953, 0.124994, 0.350387, -0.494572, 0.795378, -0.002831, 0.691261, -0.436448, -0.575909, -1.2e-05, 0.0, 0.0, 0.0, 1.0],
                [0.64997, 0.740375, 0.17141, 0.124994, 0.406963, -0.529577, 0.744263, -0.002831, 0.64181, -0.41399, -0.645516, -1.2e-05, 0.0, 0.0, 0.0, 1.0],
                [0.64997, 0.740375, 0.17141, 0.124994, 0.406963, -0.529577, 0.744263, -0.002831, 0.64181, -0.41399, -0.645516, -1.2e-05, 0.0, 0.0, 0.0, 1.0],
                [0.777078, 0.603722, 0.177953, 0.124994, 0.268809, -0.573986, 0.773486, -0.002831, 0.569114, -0.553222, -0.60832, -1.2e-05, 0.0, 0.0, 0.0, 1.0],
                [0.938902, 0.275811, 0.205891, 0.124994, 0.060486, -0.721108, 0.690176, -0.002831, 0.338828, -0.635553, -0.693734, -1.2e-05, 0.0, 0.0, 0.0, 1.0],
                [0.997086, 0.063139, 0.042808, 0.124994, 0.007338, -0.637957, 0.770036, -0.002831, 0.075929, -0.767476, -0.636564, -1.2e-05, 0.0, 0.0, 0.0, 1.0],
                [0.997208, 0.060768, -0.043393, 0.124994, 0.057434, -0.995575, -0.074344, -0.002831, -0.047719, 0.071645, -0.996288, -1.2e-05, 0.0, 0.0, 0.0, 1.0]
            ]
        },
        {
            "name": "Leg_R",
            "time": [0.0, 0.0667, 0.1333, 0.1667, 0.3167, 0.65, 0.75, 0.85, 0.95, 1.05],
            "transform": [
                [1.0, -0.0, 1e-06, -0.0, 0.0, 0.929415, 0.369037, 0.37472, -1e-06, -0.369037, 0.929414, -0.0, 0.0, 0.0, 0.0, 1.0],
                [1.0, -1e-06, 0.0, -0.0, -0.0, 0.145887, 0.9893, 0.37472, -1e-06, -0.989302, 0.145887, 0.0, 0.0, 0.0, 0.0, 1.0],
                [1.0, -0.0, 1e-06, -0.0, -0.0, 0.674639, 0.738148, 0.37472, -1e-06, -0.738149, 0.674637, 0.0, 0.0, 0.0, 0.0, 1.0],
                [1.0, -0.0, 0.0, 0.0, -0.0, 0.277755, 0.960652, 0.37472, -1e-06, -0.960653, 0.277754, -0.0, 0.0, 0.0, 0.0, 1.0],
                [1.0, -0.0, 0.0, 0.0, -0.0, 0.50656, 0.862205, 0.37472, -0.0, -0.862206, 0.506559, 0.0, 0.0, 0.0, 0.0, 1.0],
                [1.0, -0.0, 0.0, 0.0, -0.0, 0.50656, 0.862205, 0.37472, -0.0, -0.862206, 0.506559, 0.0, 0.0, 0.0, 0.0, 1.0],
                [1.0, -0.0, 0.0, 0.0, -0.0, 0.542418, 0.840108, 0.37472, -1e-06, -0.84011, 0.542417, 0.0, 0.0, 0.0, 0.0, 1.0],
                [1.0, -0.0, 1e-06, -0.0, -0.0, 0.780186, 0.625548, 0.37472, -1e-06, -0.625548, 0.780185, 0.0, 0.0, 0.0, 0.0, 1.0],
                [1.0, -1e-06, 1e-06, -0.0, -0.0, 0.310799, 0.950475, 0.37472, -1e-06, -0.950476, 0.310798, -0.0, 0.0, 0.0, 0.0, 1.0],
                [1.0, -0.0, 1e-06, 0.0, 0.0, 0.933466, 0.358668, 0.37472, -1e-06, -0.358668, 0.933465, -0.0, 0.0, 0.0, 0.0, 1.0]
            ]
        },
        {
            "name": "Knee_R",
            "time": [0.0, 0.1333, 0.65, 0.75, 0.85, 0.95, 1.05],
            "transform": [
                [1.0, 0.0, -0.0, -0.0, -0.0, 1e-06, -1.0, 0.37472, -0.0, 1.0, 1e-06, -0.0, 0.0, 0.0, 0.0, 1.0],
                [1.0, 0.0, -0.0, -0.0, -0.0, 1e-06, -1.0, 0.413231, -0.0, 1.0, 1e-06, 0.0, 0.0, 0.0, 0.0, 1.0],
                [1.0, 0.0, -0.0, 0.0, -0.0, 1e-06, -1.0, 0.432024, -0.0, 1.0, 1e-06, -0.0, 0.0, 0.0, 0.0, 1.0],
                [1.0, 0.0, -0.0, 0.0, -0.0, 1e-06, -1.0, 0.428241, -0.0, 1.0, 1e-06, 0.0, 0.0, 0.0, 0.0, 1.0],
                [1.0, 0.0, -0.0, 0.0, -0.0, 1e-06, -1.0, 0.39936, -0.0, 1.0, 1e-06, -0.0, 0.0, 0.0, 0.0, 1.0],
                [1.0, 0.0, -0.0, -0.0, -0.0, 1e-06, -1.0, 0.451343, -0.0, 1.0, 1e-06, -0.0, 0.0, 0.0, 0.0, 1.0],
                [1.0, 0.0, -0.0, 0.0, -0.0, 1e-06, -1.0, 0.37472, -0.0, 1.0, 1e-06, -0.0, 0.0, 0.0, 0.0, 1.0]
            ]
        },
        {
            "name": "Thigh_L",
            "time": [0.0, 0.0667, 0.1333, 0.1667, 0.3167, 0.65, 0.75, 0.85, 0.95, 1.05],
            "transform": [
                [0.869484, -0.378251, -0.317683, -0.125006, -0.062824, -0.722593, 0.688412, -0.002831, -0.489948, -0.578606, -0.652047, -1.2e-05, 0.0, 0.0, 0.0, 1.0],
                [0.860665, -0.191621, -0.471737, -0.125006, 0.02193, -0.911672, 0.410334, -0.002831, -0.508698, -0.363505, -0.780442, -1.2e-05, 0.0, 0.0, 0.0, 1.0],
                [0.870811, -0.388722, -0.300969, -0.125006, -0.170568, -0.81307, 0.556618, -0.002831, -0.461078, -0.433374, -0.774334, -1.2e-05, 0.0, 0.0, 0.0, 1.0],
                [0.859407, -0.476944, -0.184234, -0.125006, -0.254983, -0.712126, 0.65411, -0.002831, -0.443171, -0.515171, -0.73362, -1.2e-05, 0.0, 0.0, 0.0, 1.0],
                [0.876855, -0.401996, -0.263671, -0.125006, -0.138505, -0.736438, 0.662174, -0.002831, -0.460369, -0.544111, -0.701429, -1.2e-05, 0.0, 0.0, 0.0, 1.0],
                [0.876855, -0.401996, -0.263671, -0.125006, -0.138505, -0.736438, 0.662174, -0.002831, -0.460369, -0.544111, -0.701429, -1.2e-05, 0.0, 0.0, 0.0, 1.0],
                [0.868131, -0.382808, -0.315918, -0.125006, 0.078006, -0.523363, 0.848532, -0.002831, -0.490165, -0.761281, -0.424487, -1.2e-05, 0.0, 0.0, 0.0, 1.0],
                [0.850748, -0.166371, -0.498546, -0.125006, 0.156358, -0.825508, 0.542299, -0.002831, -0.501777, -0.539312, -0.676286, -1.2e-05, 0.0, 0.0, 0.0, 1.0],
                [0.988893, -0.044417, -0.141835, -0.125006, 0.013038, -0.924697, 0.380479, -0.002831, -0.148054, -0.378102, -0.913848, -1.2e-05, 0.0, 0.0, 0.0, 1.0],
                [0.981719, -0.094038, -0.165476, -0.125006, -0.014896, -0.904712, 0.425762, -0.002831, -0.189746, -0.415514, -0.889575, -1.2e-05, 0.0, 0.0, 0.0, 1.0]
            ]
        },
        {
            "name": "Leg_L",
            "time": [0.0, 0.0667, 0.1333, 0.1667, 0.3167, 0.65, 0.75, 0.85, 0.95, 1.05],
            "transform": [
                [1.0, -1e-06, 1e-06, 0.0, -0.0, 0.492351, 0.870397, 0.37472, -1e-06, -0.870396, 0.492351, -0.0, 0.0, 0.0, 0.0, 1.0],
                [1.0, -1e-06, 1e-06, 0.0, 0.0, 0.761376, 0.64831, 0.37472, -1e-06, -0.64831, 0.761377, 0.0, 0.0, 0.0, 0.0, 1.0],
                [1.0, -1e-06, 1e-06, -0.0, -0.0, 0.69003, 0.723781, 0.37472, -1e-06, -0.72378, 0.690031, 0.0, 0.0, 0.0, 0.0, 1.0],
                [1.0, -1e-06, 1e-06, 0.0, -0.0, 0.610109, 0.792318, 0.37472, -1e-06, -0.792318, 0.610109, 0.0, 0.0, 0.0, 0.0, 1.0],
                [1.0, -1e-06, 1e-06, -0.0, -0.0, 0.601428, 0.798927, 0.37472, -1e-06, -0.798927, 0.601428, -0.0, 0.0, 0.0, 0.0, 1.0],
                [1.0, -1e-06, 1e-06, -0.0, -0.0, 0.601428, 0.798927, 0.37472, -1e-06, -0.798927, 0.601428, -0.0, 0.0, 0.0, 0.0, 1.0],
                [1.0, -1e-06, 1e-06, 0.0, -1e-06, -0.102372, 0.994746, 0.37472, -1e-06, -0.994746, -0.102372, 0.0, 0.0, 0.0, 0.0, 1.0],
                [1.0, -1e-06, 1e-06, 0.0, 0.0, 0.665898, 0.746043, 0.37472, -1e-06, -0.746043, 0.665899, 0.0, 0.0, 0.0, 0.0, 1.0],
                [1.0, -1e-06, 1e-06, -0.0, 0.0, 0.868307, 0.496027, 0.37472, -1e-06, -0.496027, 0.868307, 0.0, 0.0, 0.0, 0.0, 1.0],
                [1.0, -0.0, 1e-06, 0.0, 0.0, 0.906954, 0.421229, 0.37472, -1e-06, -0.421229, 0.906954, 0.0, 0.0, 0.0, 0.0, 1.0]
            ]
        },
        {
            "name": "Knee_L",
            "time": [0.0, 0.1333, 0.65, 0.75, 0.85, 0.95, 1.05],
            "transform": [
                [1.0, 0.0, -0.0, 0.0, -0.0, 1e-06, -1.0, 0.433496, -0.0, 1.0, 1e-06, -0.0, 0.0, 0.0, 0.0, 1.0],
                [1.0, 0.0, -0.0, 0.0, -0.0, 1e-06, -1.0, 0.411341, -0.0, 1.0, 1e-06, -0.0, 0.0, 0.0, 0.0, 1.0],
                [1.0, 0.0, -0.0, -0.0, -0.0, 1e-06, -1.0, 0.421779, -0.0, 1.0, 1e-06, -0.0, 0.0, 0.0, 0.0, 1.0],
                [1.0, 0.0, -0.0, 0.0, -0.0, 1e-06, -1.0, 0.47972, -0.0, 1.0, 1e-06, 0.0, 0.0, 0.0, 0.0, 1.0],
                [1.0, 0.0, -0.0, 0.0, -0.0, 1e-06, -1.0, 0.414289, -0.0, 1.0, 1e-06, 0.0, 0.0, 0.0, 0.0, 1.0],
                [1.0, 0.0, -0.0, 0.0, -0.0, 1e-06, -1.0, 0.385279, -0.0, 1.0, 1e-06, 0.0, 0.0, 0.0, 0.0, 1.0],
                [1.0, 0.0, -0.0, 0.0, -0.0, 1e-06, -1.0, 0.377717, -0.0, 1.0, 1e-06, -0.0, 0.0, 0.0, 0.0, 1.0]
            ]
        },
        {
            "name": "Torso",
            "time": [0.0, 0.1333, 0.65, 1.05],
            "transform": [
                [0.99978, -0.020971, -0.000197, -0.0, 0.020971, 0.999603, 0.018833, 0.05, -0.000198, -0.018833, 0.999823, -0.0, 0.0, 0.0, 0.0, 1.0],
                [0.99978, -0.020971, -0.000197, -0.0, 0.020971, 0.999603, 0.018833, 0.05, -0.000198, -0.018833, 0.999822, 0.0, 0.0, 0.0, 0.0, 1.0],
                [0.99978, -0.020971, -0.000197, -0.0, 0.020971, 0.999603, 0.018833, 0.05, -0.000198, -0.018833, 0.999823, 0.0, 0.0, 0.0, 0.0, 1.0],
                [0.999997, -0.002593, -1.4e-05, 0.0, 0.002593, 0.999937, 0.010891, 0.05, -1.4e-05, -0.010891, 0.999941, -0.0, 0.0, 0.0, 0.0, 1.0]
            ]
        },
        {
            "name": "Chest",
            "time": [0.0, 0.1333, 0.65, 1.05],
            "transform": [
                [0.992194, -0.124686, -0.002203, -0.0, 0.12447, 0.991254, -0.043842, 0.3, 0.00765, 0.043226, 0.999036, -0.0, 0.0, 0.0, 0.0, 1.0],
                [0.985062, 0.168703, 0.034536, 0.0, -0.171244, 0.980801, 0.093302, 0.3, -0.018132, -0.097822, 0.995039, -0.0, 0.0, 0.0, 0.0, 1.0],
                [0.985062, 0.168703, 0.034536, -0.0, -0.171244, 0.980801, 0.093301, 0.3, -0.018132, -0.097822, 0.995039, 0.0, 0.0, 0.0, 0.0, 1.0],
                [0.999987, -0.005093, -5.5e-05, -0.0, 0.005093, 0.999758, 0.021389, 0.3, -5.4e-05, -0.021389, 0.999771, -0.0, 0.0, 0.0, 0.0, 1.0]
            ]
        },
        {
            "name": "Head",
            "time": [0.0, 0.0667, 0.1333, 0.3167, 0.65, 1.05],
            "transform": [
                [0.837716, 0.168898, 0.519332, 0.0, -0.159937, 0.985153, -0.062405, 0.4, -0.522162, -0.030783, 0.852291, -0.0, 0.0, 0.0, 0.0, 1.0],
                [0.977277, -0.016431, -0.211331, 0.0, -0.025184, 0.980929, -0.19273, 0.4, 0.210467, 0.193673, 0.958225, -0.0, 0.0, 0.0, 0.0, 1.0],
                [0.562419, -0.244395, -0.789909, 0.0, -0.085356, 0.933056, -0.349458, 0.4, 0.822435, 0.263966, 0.503908, -0.0, 0.0, 0.0, 0.0, 1.0],
                [0.399371, -0.252981, -0.881195, -0.0, -0.133255, 0.934949, -0.328806, 0.4, 0.907054, 0.248739, 0.33968, -0.0, 0.0, 0.0, 0.0, 1.0],
                [0.399371, -0.252981, -0.881195, -0.0, -0.133255, 0.934949, -0.328806, 0.4, 0.907054, 0.248739, 0.33968, -0.0, 0.0, 0.0, 0.0, 1.0],
                [0.968482, 0.005819, 0.249015, 0.0, 0.000452, 0.999684, -0.025118, 0.4, -0.249082, 0.024439, 0.968174, 0.0, 0.0, 0.0, 0.0, 1.0]
            ]
        },
        {
            "name": "Shoulder_R",
            "time": [0.0, 0.0333, 0.1667, 0.3167, 0.65, 1.05],
            "transform": [
                [0.097935, 0.995158, 0.008273, 0.0, -0.135847, 0.005132, 0.990717, 0.4, 0.985877, -0.098149, 0.135691, -0.0, 0.0, 0.0, 0.0, 1.0],
                [0.105598, 0.990811, -0.084516, -0.0, -0.202697, 0.104654, 0.973633, 0.4, 0.973531, -0.085683, 0.211886, 0.0, 0.0, 0.0, 0.0, 1.0],
                [0.051149, 0.99648, -0.066409, 0.0, -0.259442, 0.077472, 0.962646, 0.4, 0.964403, -0.032009, 0.262491, 0.0, 0.0, 0.0, 0.0, 1.0],
                [-0.067159, 0.995476, -0.067202, -0.0, -0.293675, 0.044648, 0.954862, 0.4, 0.953543, 0.083863, 0.289348, -0.0, 0.0, 0.0, 0.0, 1.0],
                [-0.067159, 0.995476, -0.067202, -0.0, -0.293675, 0.044648, 0.954862, 0.4, 0.953543, 0.083863, 0.289348, -0.0, 0.0, 0.0, 0.0, 1.0],
                [0.089555, 0.949274, 0.301428, 0.0, -0.003656, -0.302328, 0.953197, 0.4, 0.995975, -0.086466, -0.023605, 0.0, 0.0, 0.0, 0.0, 1.0]
            ]
        },
        {
            "name": "Arm_R",
            "time": [0.0, 0.1, 0.1667, 0.2167, 0.3167, 0.65, 1.05],
            "transform": [
                [-0.015778, 0.739574, -0.67289, 0.060809, 0.154712, 0.666674, 0.729115, 0.381205, 0.987833, -0.092601, -0.12494, -0.077775, 0.0, 0.0, 0.0, 1.0],
                [-0.067014, 0.962656, -0.262303, 0.030404, -0.143979, 0.250812, 0.957269, 0.387533, 0.987309, 0.101916, 0.121794, -0.038888, 0.0, 0.0, 0.0, 1.0],
                [0.020052, -0.274427, -0.961399, 0.0, -0.190101, 0.943003, -0.273141, 0.39386, 0.98156, 0.18824, -0.03326, -0.0, 0.0, 0.0, 0.0, 1.0],
                [0.013281, -0.020344, -0.999705, -0.0, -0.186871, 0.982127, -0.022469, 0.393861, 0.982294, 0.187114, 0.009242, 0.0, 0.0, 0.0, 0.0, 1.0],
                [0.0246, 0.012686, -0.999617, 0.0, -0.193503, 0.981069, 0.007688, 0.39386, 0.980791, 0.19324, 0.026589, -0.0, 0.0, 0.0, 0.0, 1.0],
                [0.0246, 0.012686, -0.999617, 0.0, -0.193503, 0.981069, 0.007688, 0.39386, 0.980791, 0.19324, 0.026589, -0.0, 0.0, 0.0, 0.0, 1.0],
                [0.239005, 0.285697, -0.928038, 2.6e-05, 0.841116, 0.416632, 0.344879, 0.396058, 0.485181, -0.863015, -0.140727, -0.006337, 0.0, 0.0, 0.0, 1.0]
            ]
        },
        {
            "name": "Hand_R",
            "time": [0.0, 0.1, 0.1667, 0.2167, 0.3167, 0.65, 1.05],
            "transform": [
                [1.0, 0.0, -0.0, -0.0, -0.0, 0.291767, -0.95649, 0.3, -0.0, 0.95649, 0.291767, 0.0, 0.0, 0.0, 0.0, 1.0],
                [1.0, 0.0, -0.0, -0.0, -0.0, 0.138779, -0.990323, 0.3, -0.0, 0.990323, 0.138779, -0.0, 0.0, 0.0, 0.0, 1.0],
                [1.0, 0.0, 0.0, 0.0, -0.0, 0.993938, 0.109947, 0.3, -0.0, -0.109947, 0.993937, 0.0, 0.0, 0.0, 0.0, 1.0],
                [1.0, 0.0, 0.0, 0.0, -0.0, 0.965132, -0.261765, 0.3, -0.0, 0.261765, 0.965132, -0.0, 0.0, 0.0, 0.0, 1.0],
                [1.0, 0.0, 0.0, -0.0, -0.0, 0.918582, -0.395231, 0.3, -0.0, 0.395231, 0.918582, -0.0, 0.0, 0.0, 0.0, 1.0],
                [1.0, 0.0, 0.0, -0.0, -0.0, 0.918582, -0.395231, 0.3, -0.0, 0.395231, 0.918582, -0.0, 0.0, 0.0, 0.0, 1.0],
                [1.0, 0.0, 0.0, 0.0, -0.0, 0.965668, -0.25978, 0.3, -0.0, 0.25978, 0.965668, 0.0, 0.0, 0.0, 0.0, 1.0]
            ]
        },
        {
            "name": "Tool_R",
            "time": [0.0, 0.1, 0.1667, 0.65, 1.05],
            "transform": [
                [-0.027737, 0.999616, 1.1e-05, -0.0, 0.999451, 0.027732, 0.018122, 0.272858, 0.018115, 0.000514, -0.999244, -0.0, 0.0, 0.0, 0.0, 1.0],
                [0.015553, 0.999373, 0.031804, 0.0, 0.554627, 0.017843, -0.831908, 0.271185, -0.831455, 0.03056, -0.553683, 0.022904, 0.0, 0.0, 0.0, 1.0],
                [-0.03706, 0.999313, -7.7e-05, -0.0, 0.072712, 0.00262, -0.99735, 0.269513, -0.996074, -0.036946, -0.072727, 0.045807, 0.0, 0.0, 0.0, 1.0],
                [-0.03706, 0.999313, -7.7e-05, 0.0, 0.072713, 0.00262, -0.99735, 0.269513, -0.996074, -0.036946, -0.072727, 0.045807, 0.0, 0.0, 0.0, 1.0],
                [1.0, -0.0, 0.0, 0.0, 0.0, -0.934464, -0.356057, 0.272858, 0.0, 0.355836, -0.933915, 0.0, 0.0, 0.0, 0.0, 1.0]
            ]
        },
        {
            "name": "Elbow_R",
            "time": [0.0, 0.1333, 0.65, 1.05],
            "transform": [
                [-1.0, 0.0, -0.0, 0.0, 0.0, -0.0, -1.0, 0.441404, -0.0, -1.0, 0.0, 0.0, 0.0, 0.0, 0.0, 1.0],
                [-1.0, 0.0, 0.0, -0.0, -0.0, -0.0, -1.0, 0.369893, -0.0, -1.0, 0.0, -0.0, 0.0, 0.0, 0.0, 1.0],
                [-1.0, 0.0, -0.0, -0.0, 0.0, -0.0, -1.0, 0.348401, -0.0, -1.0, 0.0, -0.0, 0.0, 0.0, 0.0, 1.0],
                [-1.0, 0.0, -0.0, -0.0, 0.0, -0.0, -1.0, 0.346576, -0.0, -1.0, 0.0, 0.0, 0.0, 0.0, 0.0, 1.0]
            ]
        },
        {
            "name": "Shoulder_L",
            "time": [0.0, 0.1333, 0.65, 1.05],
            "transform": [
                [0.088499, -0.949454, -0.301172, 0.0, -0.003901, -0.302687, 0.953082, 0.4, -0.996069, -0.083172, -0.030491, -0.0, 0.0, 0.0, 0.0, 1.0],
                [-0.321056, -0.894756, -0.310378, 0.0, 0.056924, -0.345367, 0.93674, 0.4, -0.945348, 0.283078, 0.161816, -0.0, 0.0, 0.0, 0.0, 1.0],
                [-0.321056, -0.894756, -0.310378, -0.0, 0.056924, -0.345367, 0.93674, 0.4, -0.945348, 0.283078, 0.161816, -0.0, 0.0, 0.0, 0.0, 1.0],
                [-0.0, -0.952114, -0.305743, 0.0, 0.0, -0.305743, 0.952114, 0.4, -1.0, -0.0, 0.0, 0.0, 0.0, 0.0, 0.0, 1.0]
            ]
        },
        {
            "name": "Arm_L",
            "time": [0.0, 0.1333, 0.3167, 0.65, 1.05],
            "transform": [
                [0.272566, -0.947478, 0.167312, 0.0, -0.491512, 0.012373, 0.870782, 0.39386, -0.827117, -0.319582, -0.462325, -0.0, 0.0, 0.0, 0.0, 1.0],
                [0.272566, -0.863692, 0.423962, -0.0, -0.491512, 0.253814, 0.833063, 0.39386, -0.827117, -0.435447, -0.355334, -0.0, 0.0, 0.0, 0.0, 1.0],
                [0.272566, -0.658242, 0.70173, -0.0, -0.491512, 0.531733, 0.689693, 0.39386, -0.827117, -0.532896, -0.178602, 0.0, 0.0, 0.0, 0.0, 1.0],
                [0.272566, -0.658242, 0.70173, -0.0, -0.491512, 0.531733, 0.689693, 0.39386, -0.827117, -0.532896, -0.178602, 0.0, 0.0, 0.0, 0.0, 1.0],
                [0.566246, -0.198855, 0.799889, 0.0, -0.712299, 0.370238, 0.596283, 0.396681, -0.414723, -0.907403, 0.068002, -0.008785, 0.0, 0.0, 0.0, 1.0]
            ]
        },
        {
            "name": "Hand_L",
            "time": [0.0, 0.1333, 0.3167, 0.65, 1.05],
            "transform": [
                [1.0, 0.0, -0.0, -0.0, -0.0, 0.400995, -0.91608, 0.3, -0.0, 0.91608, 0.400995, -0.0, 0.0, 0.0, 0.0, 1.0],
                [1.0, 0.0, -0.0, -0.0, -0.0, 0.400995, -0.91608, 0.3, -0.0, 0.91608, 0.400995, 0.0, 0.0, 0.0, 0.0, 1.0],
                [1.0, 0.0, -0.0, -0.0, -0.0, 0.636812, -0.77102, 0.3, -0.0, 0.771019, 0.636812, 0.0, 0.0, 0.0, 0.0, 1.0],
                [1.0, 0.0, -0.0, -0.0, -0.0, 0.636812, -0.77102, 0.3, -0.0, 0.771019, 0.636812, 0.0, 0.0, 0.0, 0.0, 1.0],
                [1.0, 0.0, 0.0, 0.0, -0.0, 0.961539, -0.274668, 0.3, -0.0, 0.274668, 0.961539, -0.0, 0.0, 0.0, 0.0, 1.0]
            ]
        },
        {
            "name": "Tool_L",
            "time": [0.0, 0.1333, 0.65, 1.05],
            "transform": [
                [1.0, 0.0, 0.0, 0.0, 0.0, -0.999836, 0.018122, 0.272858, 0.0, -0.018122, -0.999248, 0.0, 0.0, 0.0, 0.0, 1.0],
                [1.0, -0.0, 0.0, 0.0, 0.0, -0.918232, -0.396043, 0.272858, 0.0, 0.3958, -0.917696, 0.0, 0.0, 0.0, 0.0, 1.0],
                [1.0, -0.0, 0.0, 0.0, -0.0, -0.918232, -0.396043, 0.272858, 0.0, 0.3958, -0.917696, 0.0, 0.0, 0.0, 0.0, 1.0],
                [1.0, -0.0, 0.0, 0.0, -0.0, -0.89022, -0.455531, 0.272858, 0.0, 0.455253, -0.889701, 0.0, 0.0, 0.0, 0.0, 1.0]
            ]
        },
        {
            "name": "Elbow_L",
            "time": [0.0, 0.1333, 0.3167, 0.65, 1.05],
            "transform": [
                [-1.0, 0.0, -0.0, -0.0, 0.0, -0.0, -1.0, 0.427957, -0.0, -1.0, -0.0, -0.0, 0.0, 0.0, 0.0, 1.0],
                [-1.0, 0.0, -0.0, -0.0, 0.0, -0.0, -1.0, 0.427957, -0.0, -1.0, 0.0, 0.0, 0.0, 0.0, 0.0, 1.0],
                [-1.0, 0.0, -0.0, -0.0, 0.0, 0.0, -1.0, 0.401929, -0.0, -1.0, -0.0, 0.0, 0.0, 0.0, 0.0, 1.0],
                [-1.0, 0.0, -0.0, -0.0, 0.0, 0.0, -1.0, 0.401929, -0.0, -1.0, -0.0, 0.0, 0.0, 0.0, 0.0, 1.0],
                [-1.0, 0.0, -0.0, -0.0, 0.0, -0.0, -1.0, 0.345497, -0.0, -1.0, 0.0, -0.0, 0.0, 0.0, 0.0, 1.0]
            ]
        }
    ]
}