{
    "animation": [
        {
            "name": "Root",
            "time": [0.0, 0.0667, 0.0833, 0.1, 0.1667, 0.4166],
            "transform": [
                [-0.069409, -0.003084, 0.997584, -5e-06, 0.997533, 0.010297, 0.069437, -0.000501, -0.010486, 0.999942, 0.002362, 0.677878, 0.0, 0.0, 0.0, 1.0],
                [-0.327918, -0.017066, 0.944552, -5e-06, 0.943953, 0.034006, 0.328324, 0.002019, -0.037724, 0.999276, 0.004958, 0.683971, 0.0, 0.0, 0.0, 1.0],
                [0.000914, -0.003515, 0.999994, -5e-06, 0.997793, 0.066404, -0.000679, 0.454499, -0.066401, 0.997787, 0.003568, 0.677878, 0.0, 0.0, 0.0, 1.0],
                [0.059457, -0.000858, 0.998231, -5e-06, 0.991851, 0.112926, -0.05898, 0.608941, -0.112676, 0.993603, 0.007565, 0.677878, 0.0, 0.0, 0.0, 1.0],
                [0.071112, -0.0, 0.997468, -5e-06, 0.989997, 0.122167, -0.07058, 0.61798, -0.121858, 0.992509, 0.008688, 0.677878, 0.0, 0.0, 0.0, 1.0],
                [0.071112, -0.0, 0.997468, -5e-06, 0.989997, 0.122167, -0.07058, 0.61798, -0.121858, 0.992509, 0.008688, 0.677878, 0.0, 0.0, 0.0, 1.0]
            ]
        },
        {
            "name": "Thigh_R",
            "time": [0.0, 0.0667, 0.0833, 0.1, 0.1667, 0.4166],
            "transform": [
                [-0.045131, 0.623256, 0.780714, 0.124994, 0.010643, -0.781164, 0.624233, -0.002831, 0.998924, 0.036482, 0.028621, -1.2e-05, 0.0, 0.0, 0.0, 1.0],
                [-0.307066, 0.599042, 0.739497, 0.124994, 0.00533, -0.775941, 0.63078, -0.002831, 0.951672, 0.197634, 0.235073, -1.2e-05, 0.0, 0.0, 0.0, 1.0],
                [0.090414, 0.692068, 0.716145, 0.124994, 0.095397, -0.7218, 0.685493, -0.002831, 0.991325, 0.006341, -0.131283, -1.2e-05, 0.0, 0.0, 0.0, 1.0],
                [0.111409, 0.767126, 0.631746, 0.124994, 0.06354, -0.6399, 0.765825, -0.002831, 0.991741, -0.045179, -0.120035, -1.2e-05, 0.0, 0.0, 0.0, 1.0],
                [0.116023, 0.780821, 0.613884, 0.124994, 0.057463, -0.622298, 0.780667, -0.002831, 0.991583, -0.055299, -0.11707, -1.2e-05, 0.0, 0.0, 0.0, 1.0],
                [0.116023, 0.780821, 0.613884, 0.124994, 0.057463, -0.622298, 0.780667, -0.002831, 0.991583, -0.055299, -0.11707, -1.2e-05, 0.0, 0.0, 0.0, 1.0]
            ]
        },
        {
            "name": "Leg_R",
            "time": [0.0, 0.0667, 0.0833, 0.1, 0.1667, 0.4166],
            "transform": [
                [1.0, 0.0, 1e-06, -0.0, -1e-06, 0.927245, 0.374453, 0.37472, -0.0, -0.374452, 0.927249, -0.0, 0.0, 0.0, 0.0, 1.0],
                [1.0, 0.0, 1e-06, 0.0, -0.0, 0.910864, 0.412705, 0.37472, -0.0, -0.412704, 0.910868, 0.0, 0.0, 0.0, 0.0, 1.0],
                [1.0, 0.0, 1e-06, -0.0, -1e-06, 0.904366, 0.426757, 0.37472, -0.0, -0.426755, 0.904369, 0.0, 0.0, 0.0, 0.0, 1.0],
                [1.0, 0.0, 0.0, -0.0, -0.0, 0.755064, 0.655652, 0.37472, -0.0, -0.65565, 0.755067, 0.0, 0.0, 0.0, 0.0, 1.0],
                [1.0, -0.0, 0.0, -0.0, -0.0, 0.718114, 0.695927, 0.37472, -0.0, -0.695924, 0.718117, -0.0, 0.0, 0.0, 0.0, 1.0],
                [1.0, -0.0, 0.0, -0.0, -0.0, 0.718114, 0.695927, 0.37472, -0.0, -0.695924, 0.718117, -0.0, 0.0, 0.0, 0.0, 1.0]
            ]
        },
        {
            "name": "Knee_R",
            "time": [0.0, 0.0833, 0.1, 0.1667, 0.4166],
            "transform": [
                [1.0, 0.0, -0.0, 0.0, -0.0, 1e-06, -1.0, 0.380371, -0.0, 1.0, 1e-06, -0.0, 0.0, 0.0, 0.0, 1.0],
                [1.0, 0.0, -0.0, 0.0, -0.0, 1e-06, -1.0, 0.380371, -0.0, 1.0, 1e-06, 0.0, 0.0, 0.0, 0.0, 1.0],
                [1.0, 0.0, -0.0, 0.0, -0.0, 1e-06, -1.0, 0.399444, -0.0, 1.0, 1e-06, 0.0, 0.0, 0.0, 0.0, 1.0],
                [1.0, 0.0, -0.0, 0.0, -0.0, 1e-06, -1.0, 0.403259, -0.0, 1.0, 1e-06, -0.0, 0.0, 0.0, 0.0, 1.0],
                [1.0, 0.0, -0.0, 0.0, -0.0, 1e-06, -1.0, 0.403259, -0.0, 1.0, 1e-06, -0.0, 0.0, 0.0, 0.0, 1.0]
            ]
        },
        {
            "name": "Thigh_L",
            "time": [0.0, 0.0667, 0.0833, 0.1, 0.1667, 0.4166],
            "transform": [
                [0.928311, -0.149356, 0.340488, -0.125006, -0.300973, -0.83954, 0.452312, -0.002831, 0.218298, -0.522363, -0.824307, -1.2e-05, 0.0, 0.0, 0.0, 1.0],
                [0.915332, -0.160698, 0.369247, -0.125006, -0.302113, -0.88029, 0.365806, -0.002831, 0.26626, -0.446388, -0.854308, -1.2e-05, 0.0, 0.0, 0.0, 1.0],
                [0.73363, -0.034194, 0.678688, -0.125006, -0.295396, -0.915482, 0.273186, -0.002831, 0.611986, -0.400899, -0.681728, -1.2e-05, 0.0, 0.0, 0.0, 1.0],
                [0.521413, -0.165986, 0.837005, -0.125006, -0.174859, -0.980865, -0.085586, -0.002831, 0.835196, -0.101732, -0.540461, -1.2e-05, 0.0, 0.0, 0.0, 1.0],
                [0.477352, -0.200877, 0.855444, -0.125006, -0.137858, -0.978583, -0.152865, -0.002831, 0.86783, -0.044959, -0.494822, -1.2e-05, 0.0, 0.0, 0.0, 1.0],
                [0.477352, -0.200877, 0.855444, -0.125006, -0.137858, -0.978583, -0.152865, -0.002831, 0.86783, -0.044959, -0.494822, -1.2e-05, 0.0, 0.0, 0.0, 1.0]
            ]
        },
        {
            "name": "Leg_L",
            "time": [0.0, 0.0667, 0.0833, 0.1, 0.1667, 0.4166],
            "transform": [
                [1.0, -1e-06, 1e-06, -0.0, -0.0, 0.765857, 0.64301, 0.37472, -1e-06, -0.643011, 0.765856, 0.0, 0.0, 0.0, 0.0, 1.0],
                [1.0, -0.0, 1e-06, -0.0, -0.0, 0.833814, 0.552045, 0.37472, -1e-06, -0.552046, 0.833813, 0.0, 0.0, 0.0, 0.0, 1.0],
                [1.0, -0.0, 1e-06, 0.0, -0.0, 0.816693, 0.577073, 0.37472, -1e-06, -0.577074, 0.816691, 0.0, 0.0, 0.0, 0.0, 1.0],
                [1.0, 0.0, 1e-06, 0.0, -0.0, 0.955254, 0.295787, 0.37472, -1e-06, -0.295787, 0.955253, -0.0, 0.0, 0.0, 0.0, 1.0],
                [1.0, 0.0, 1e-06, 0.0, -0.0, 0.971917, 0.235328, 0.37472, -1e-06, -0.235329, 0.971915, 0.0, 0.0, 0.0, 0.0, 1.0],
                [1.0, 0.0, 1e-06, 0.0, -0.0, 0.971917, 0.235328, 0.37472, -1e-06, -0.235329, 0.971915, 0.0, 0.0, 0.0, 0.0, 1.0]
            ]
        },
        {
            "name": "Knee_L",
            "time": [0.0, 0.0833, 0.1, 0.1667, 0.4166],
            "transform": [
                [1.0, 0.0, -0.0, -0.0, -0.0, 1e-06, -1.0, 0.395912, -0.0, 1.0, 1e-06, 0.0, 0.0, 0.0, 0.0, 1.0],
                [1.0, 0.0, -0.0, 0.0, -0.0, 1e-06, -1.0, 0.395912, -0.0, 1.0, 1e-06, 0.0, 0.0, 0.0, 0.0, 1.0],
                [1.0, 0.0, -0.0, 0.0, -0.0, 1e-06, -1.0, 0.369069, -0.0, 1.0, 1e-06, -0.0, 0.0, 0.0, 0.0, 1.0],
                [1.0, 0.0, -0.0, 0.0, -0.0, 1e-06, -1.0, 0.3637, 0.0, 1.0, 1e-06, 0.0, 0.0, 0.0, 0.0, 1.0],
                [1.0, 0.0, -0.0, 0.0, -0.0, 1e-06, -1.0, 0.3637, 0.0, 1.0, 1e-06, 0.0, 0.0, 0.0, 0.0, 1.0]
            ]
        },
        {
            "name": "Torso",
            "time": [0.0, 0.0667, 0.0833, 0.1, 0.1667, 0.4166],
            "transform": [
                [0.994266, -0.106934, -0.000468, -0.0, 0.106934, 0.994228, 0.008722, 0.05, -0.000468, -0.008722, 0.999962, 0.0, 0.0, 0.0, 0.0, 1.0],
                [0.996017, -0.089169, -0.000325, -0.0, 0.089169, 0.99599, 0.007273, 0.05, -0.000325, -0.007273, 0.999973, 0.0, 0.0, 0.0, 0.0, 1.0],
                [0.998566, -0.053542, -0.000117, -0.0, 0.053542, 0.998556, 0.004352, 0.05, -0.000117, -0.004352, 0.999991, -0.0, 0.0, 0.0, 0.0, 1.0],
                [0.99996, -0.008927, -3e-06, 0.0, 0.008927, 0.99996, 0.000726, 0.05, -3e-06, -0.000726, 1.0, -0.0, 0.0, 0.0, 0.0, 1.0],
                [1.0, 0.0, 0.0, -0.0, -0.0, 1.0, -0.0, 0.05, -0.0, -0.0, 1.0, -0.0, 0.0, 0.0, 0.0, 1.0],
                [1.0, 0.0, 0.0, -0.0, -0.0, 1.0, -0.0, 0.05, -0.0, -0.0, 1.0, -0.0, 0.0, 0.0, 0.0, 1.0]
            ]
        },
        {
            "name": "Chest",
            "time": [0.0, 0.0667, 0.0833, 0.1, 0.1667, 0.4166],
            "transform": [
                [0.9723, 0.196836, 0.126049, -0.0, -0.199187, 0.979942, 0.006195, 0.3, -0.122302, -0.031131, 0.992005, -0.0, 0.0, 0.0, 0.0, 1.0],
                [0.980862, 0.163625, 0.105525, 0.0, -0.165791, 0.986088, 0.012033, 0.3, -0.102088, -0.029298, 0.994344, 0.0, 0.0, 0.0, 0.0, 1.0],
                [0.993054, 0.099465, 0.062855, 0.0, -0.099896, 0.994991, 0.00375, 0.3, -0.062167, -0.010003, 0.998016, 0.0, 0.0, 0.0, 0.0, 1.0],
                [0.999807, 0.01664, 0.010448, -0.0, -0.016652, 0.999861, 0.001061, 0.3, -0.010429, -0.001235, 0.999945, 0.0, 0.0, 0.0, 0.0, 1.0],
                [1.0, -0.0, 0.0, -0.0, 0.0, 1.0, -0.0, 0.3, -0.0, -0.0, 1.0, -0.0, 0.0, 0.0, 0.0, 1.0],
                [1.0, -0.0, 0.0, -0.0, 0.0, 1.0, -0.0, 0.3, -0.0, -0.0, 1.0, -0.0, 0.0, 0.0, 0.0, 1.0]
            ]
        },
        {
            "name": "Head",
            "time": [0.0, 0.0667, 0.0833, 0.1, 0.1667, 0.4166],
            "transform": [
                [0.04469, -0.055846, -0.997439, -0.0, -0.047128, 0.997207, -0.057945, 0.4, 0.997889, 0.049597, 0.041933, -0.0, 0.0, 0.0, 0.0, 1.0],
                [0.146848, -0.075462, -0.986276, -0.0, -0.033354, 0.996141, -0.081183, 0.4, 0.988597, 0.044818, 0.143764, 0.0, 0.0, 0.0, 0.0, 1.0],
                [0.046132, -0.094179, -0.994486, 0.0, -0.048139, 0.99418, -0.096383, 0.4, 0.997775, 0.05232, 0.04133, 0.0, 0.0, 0.0, 0.0, 1.0],
                [0.067699, -0.127515, -0.989523, -0.0, -0.009225, 0.991676, -0.128424, 0.4, 0.997663, 0.017822, 0.06596, 0.0, 0.0, 0.0, 0.0, 1.0],
                [0.07185, -0.134254, -0.988339, -0.0, -0.001358, 0.990886, -0.134698, 0.4, 0.997415, 0.01102, 0.071013, -0.0, 0.0, 0.0, 0.0, 1.0],
                [0.07185, -0.134254, -0.988339, -0.0, -0.001358, 0.990886, -0.134698, 0.4, 0.997415, 0.01102, 0.071013, -0.0, 0.0, 0.0, 0.0, 1.0]
            ]
        },
        {
            "name": "Shoulder_R",
            "time": [0.0, 0.0667, 0.0833, 0.1, 0.1667, 0.4166],
            "transform": [
                [0.527941, 0.745835, 0.406212, -0.0, -0.650757, 0.047927, 0.757772, 0.4, 0.545704, -0.664404, 0.51066, -0.0, 0.0, 0.0, 0.0, 1.0],
                [0.548851, 0.749024, 0.371112, -0.0, -0.547295, -0.013583, 0.836829, 0.4, 0.631846, -0.662403, 0.402482, 0.0, 0.0, 0.0, 0.0, 1.0],
                [0.020078, 0.976163, 0.216105, 0.0, -0.40716, -0.18943, 0.893497, 0.4, 0.913136, -0.105929, 0.393651, 0.0, 0.0, 0.0, 0.0, 1.0],
                [0.000603, 0.956844, 0.290599, -0.0, -0.069647, -0.289854, 0.954533, 0.4, 0.997571, -0.020815, 0.066466, 0.0, 0.0, 0.0, 0.0, 1.0],
                [0.0, 0.952114, 0.305743, -0.0, 0.0, -0.305743, 0.952114, 0.4, 1.0, -0.0, -0.0, -0.0, 0.0, 0.0, 0.0, 1.0],
                [0.0, 0.952114, 0.305743, -0.0, 0.0, -0.305743, 0.952114, 0.4, 1.0, -0.0, -0.0, -0.0, 0.0, 0.0, 0.0, 1.0]
            ]
        },
        {
            "name": "Arm_R",
            "time": [0.0, 0.0667, 0.1, 0.4166],
            "transform": [
                [-0.771533, -0.356662, -0.52681, 0.0, 0.313317, 0.507664, -0.802564, 0.39386, 0.553687, -0.784263, -0.279931, 0.0, 0.0, 0.0, 0.0, 1.0],
                [-0.780156, -0.433762, -0.450786, -0.0, 0.252544, 0.440885, -0.861302, 0.39386, 0.572345, -0.785793, -0.234415, 0.0, 0.0, 0.0, 0.0, 1.0],
                [-0.59916, -0.154644, -0.785552, 0.0, -0.497786, 0.840426, 0.214227, 0.39386, 0.62707, 0.519393, -0.58053, -0.0, 0.0, 0.0, 0.0, 1.0],
                [-0.59916, -0.154644, -0.785552, 0.0, -0.497786, 0.840426, 0.214227, 0.393861, 0.62707, 0.519393, -0.58053, -0.0, 0.0, 0.0, 0.0, 1.0]
            ]
        },
        {
            "name": "Hand_R",
            "time": [0.0, 0.0667, 0.0833, 0.1, 0.1667, 0.4166],
            "transform": [
                [0.999996, 0.002852, -5.9e-05, 0.0, -0.00067, 0.214811, -0.976655, 0.3, -0.002773, 0.976652, 0.214812, -0.0, 0.0, 0.0, 0.0, 1.0],
                [0.999995, 0.003122, 0.000765, 0.0, -0.000393, 0.354837, -0.934928, 0.3, -0.00319, 0.934923, 0.354836, 0.0, 0.0, 0.0, 0.0, 1.0],
                [0.999996, 0.00144, -0.002301, -0.0, -0.002575, 0.235074, -0.971974, 0.3, -0.000859, 0.971977, 0.235077, 0.0, 0.0, 0.0, 0.0, 1.0],
                [0.999988, 0.002283, -0.004405, 0.0, -0.00485, 0.262974, -0.964791, 0.3, -0.001044, 0.9648, 0.262982, -0.0, 0.0, 0.0, 0.0, 1.0],
                [1.0, 0.001066, 0.000173, 0.0, -0.000119, 0.268601, -0.963252, 0.3, -0.001073, 0.963251, 0.268601, -0.0, 0.0, 0.0, 0.0, 1.0],
                [1.0, 0.001066, 0.000173, 0.0, -0.000119, 0.268601, -0.963252, 0.3, -0.001073, 0.963251, 0.268601, -0.0, 0.0, 0.0, 0.0, 1.0]
            ]
        },
        {
            "name": "Tool_R",
            "time": [0.0, 0.0667, 0.0833, 0.4166],
            "transform": [
                [0.997931, 0.014166, -0.06272, -0.056593, 0.023487, 0.827722, 0.560647, 0.356636, 0.059821, -0.560619, 0.825194, 0.056086, 0.0, 0.0, 0.0, 1.0],
                [0.997894, 0.013064, -0.063544, -0.05663, 0.039849, 0.64949, 0.759325, 0.339217, 0.051161, -0.759801, 0.647226, 0.050506, 0.0, 0.0, 0.0, 1.0],
                [0.999312, -0.030692, -0.020846, -0.000376, 0.02963, 0.998337, -0.049446, 0.274315, 0.022316, 0.048776, 0.997968, 0.041713, 0.0, 0.0, 0.0, 1.0],
                [0.999312, -0.030692, -0.020846, -0.000376, 0.02963, 0.998337, -0.049446, 0.274315, 0.022316, 0.048776, 0.997968, 0.041713, 0.0, 0.0, 0.0, 1.0]
            ]
        },
        {
            "name": "Elbow_R",
            "time": [0.0, 0.0833, 0.1, 0.1667, 0.4166],
            "transform": [
                [-1.0, 0.0, -0.0, 0.0, 0.0, -0.0, -1.0, 0.434217, -0.0, -1.0, 0.0, 0.0, 0.0, 0.0, 0.0, 1.0],
                [-1.0, 0.0, -0.0, -0.0, 0.0, -0.0, -1.0, 0.434217, -0.0, -1.0, 0.0, 0.0, 0.0, 0.0, 0.0, 1.0],
                [-1.0, 0.0, -0.0, 0.0, 0.0, -0.0, -1.0, 0.428985, -0.0, -1.0, 0.0, -0.0, 0.0, 0.0, 0.0, 1.0],
                [-1.0, 0.0, -0.0, 0.0, 0.0, -0.0, -1.0, 0.428986, -0.0, -1.0, 0.0, -0.0, 0.0, 0.0, 0.0, 1.0],
                [-1.0, 0.0, -0.0, 0.0, 0.0, -0.0, -1.0, 0.428986, -0.0, -1.0, 0.0, -0.0, 0.0, 0.0, 0.0, 1.0]
            ]
        },
        {
            "name": "Shoulder_L",
            "time": [0.0, 0.0667, 0.0833, 0.1, 0.1667, 0.4166],
            "transform": [
                [0.065273, -0.917849, -0.391525, -0.0, 0.722235, -0.227287, 0.653236, 0.4, -0.688561, -0.325411, 0.648067, -0.0, 0.0, 0.0, 0.0, 1.0],
                [0.013249, -0.929948, -0.367451, -0.0, 0.615329, -0.282078, 0.736072, 0.4, -0.788159, -0.235856, 0.568487, 0.0, 0.0, 0.0, 0.0, 1.0],
                [0.263195, -0.887997, -0.37708, 0.0, 0.420965, -0.245979, 0.873088, 0.4, -0.868054, -0.388529, 0.309075, 0.0, 0.0, 0.0, 0.0, 1.0],
                [0.374962, -0.875192, -0.305685, -0.0, 0.111466, -0.284787, 0.952088, 0.4, -0.920315, -0.39107, -0.00923, 0.0, 0.0, 0.0, 0.0, 1.0],
                [0.394019, -0.873085, -0.287178, -0.0, 0.047659, -0.292627, 0.955038, 0.4, -0.917866, -0.38999, -0.07369, -0.0, 0.0, 0.0, 0.0, 1.0],
                [0.394019, -0.873085, -0.287178, -0.0, 0.047659, -0.292627, 0.955038, 0.4, -0.917866, -0.38999, -0.07369, -0.0, 0.0, 0.0, 0.0, 1.0]
            ]
        },
        {
            "name": "Arm_L",
            "time": [0.0, 0.0667, 0.0833, 0.1, 0.1667, 0.4166],
            "transform": [
                [-0.800478, 0.165883, 0.575949, 0.0, -0.214042, 0.818456, -0.533213, 0.39386, -0.559841, -0.550102, -0.61965, 0.0, 0.0, 0.0, 0.0, 1.0],
                [-0.661449, 0.089146, 0.744673, 0.0, -0.330184, 0.856896, -0.395863, 0.39386, -0.673397, -0.507722, -0.537359, 0.0, 0.0, 0.0, 0.0, 1.0],
                [-0.691443, 0.516207, 0.505408, -0.0, -0.136887, 0.593303, -0.793255, 0.39386, -0.709343, -0.617675, -0.339574, 0.0, 0.0, 0.0, 0.0, 1.0],
                [-0.567131, 0.721564, 0.397124, -0.0, -0.138256, 0.39192, -0.909552, 0.39386, -0.811941, -0.570739, -0.122509, -0.0, 0.0, 0.0, 0.0, 1.0],
                [-0.540329, 0.756568, 0.368307, 0.0, -0.143013, 0.348765, -0.926235, 0.39386, -0.829212, -0.553143, -0.080248, 0.0, 0.0, 0.0, 0.0, 1.0],
                [-0.540329, 0.756568, 0.368307, 0.0, -0.143013, 0.348765, -0.926235, 0.39386, -0.829212, -0.553143, -0.080248, 0.0, 0.0, 0.0, 0.0, 1.0]
            ]
        },
        {
            "name": "Hand_L",
            "time": [0.0, 0.0667, 0.0833, 0.1, 0.1667, 0.4166],
            "transform": [
                [0.999305, 0.007722, 0.036472, 0.0, 0.03682, -0.051141, -0.998013, 0.3, -0.005842, 0.998662, -0.05139, -0.0, 0.0, 0.0, 0.0, 1.0],
                [0.99927, 0.005783, 0.037755, -0.0, 0.037938, -0.035901, -0.998635, 0.3, -0.004419, 0.999339, -0.036094, -0.0, 0.0, 0.0, 0.0, 1.0],
                [0.999305, 0.007722, 0.036472, -0.0, 0.03682, -0.051141, -0.998013, 0.3, -0.005842, 0.998662, -0.05139, 0.0, 0.0, 0.0, 0.0, 1.0],
                [0.999973, 0.001117, 0.007219, -0.0, 0.007267, -0.051362, -0.998654, 0.3, -0.000744, 0.99868, -0.051369, -0.0, 0.0, 0.0, 0.0, 1.0],
                [0.999999, -0.000205, 0.001367, 0.0, 0.001355, -0.051383, -0.998679, 0.3, 0.000275, 0.998679, -0.051383, 0.0, 0.0, 0.0, 0.0, 1.0],
                [0.999999, -0.000205, 0.001367, 0.0, 0.001355, -0.051383, -0.998679, 0.3, 0.000275, 0.998679, -0.051383, 0.0, 0.0, 0.0, 0.0, 1.0]
            ]
        },
        {
            "name": "Tool_L",
            "time": [0.0, 0.4166],
            "transform": [
                [1.0, 0.0, 0.0, -0.0, 0.0, -0.999836, 0.018122, 0.272858, 0.0, -0.018122, -0.999247, -0.0, 0.0, 0.0, 0.0, 1.0],
                [1.0, 0.0, 0.0, 0.0, 0.0, -0.999836, 0.018122, 0.272858, 0.0, -0.018122, -0.999248, 0.0, 0.0, 0.0, 0.0, 1.0]
            ]
        },
        {
            "name": "Elbow_L",
            "time": [0.0, 0.4166],
            "transform": [
                [-1.0, 0.0, -0.0, -0.0, 0.0, -0.0, -1.0, 0.449758, -0.0, -1.0, 0.0, -0.0, 0.0, 0.0, 0.0, 1.0],
                [-1.0, 0.0, -0.0, 0.0, 0.0, -0.0, -1.0, 0.449758, -0.0, -1.0, -0.0, 0.0, 0.0, 0.0, 0.0, 1.0]
            ]
        }
    ]
}