{
    "animation": [
        {
            "name": "Root",
            "time": [0.0, 0.1, 0.4166],
            "transform": [
                [0.946966, 0.0, -0.321334, -5e-06, -0.321334, 0.0, -0.946966, 0.000946, 0.0, 1.0, 0.0, 0.747972, 0.0, 0.0, 0.0, 1.0],
                [0.613187, -0.079324, 0.785945, -5e-06, 0.785924, 0.161437, -0.596877, 1.001393, -0.079533, 0.98369, 0.161334, 0.666632, 0.0, 0.0, 0.0, 1.0],
                [0.613187, -0.079324, 0.785945, -5e-06, 0.785924, 0.161437, -0.596877, 1.001393, -0.079533, 0.98369, 0.161334, 0.666632, 0.0, 0.0, 0.0, 1.0]
            ]
        },
        {
            "name": "Thigh_R",
            "time": [0.0, 0.1, 0.4166],
            "transform": [
                [0.993568, 0.100485, -0.052192, 0.124994, 0.092598, -0.986339, -0.136221, -0.002831, -0.065167, 0.130512, -0.989303, -1.2e-05, 0.0, 0.0, 0.0, 1.0],
                [0.628492, 0.597883, 0.497526, 0.154095, -0.085712, -0.582512, 0.808289, -0.006595, 0.773079, -0.550646, -0.31486, 0.037289, 0.0, 0.0, 0.0, 1.0],
                [0.628492, 0.597883, 0.497526, 0.154095, -0.085712, -0.582512, 0.808289, -0.006595, 0.773079, -0.550646, -0.31486, 0.037289, 0.0, 0.0, 0.0, 1.0]
            ]
        },
        {
            "name": "Leg_R",
            "time": [0.0, 0.1, 0.4166],
            "transform": [
                [1.0, -0.0, 1e-06, 0.0, 0.0, 0.994369, 0.105983, 0.37472, -1e-06, -0.105983, 0.994367, 0.0, 0.0, 0.0, 0.0, 1.0],
                [1.0, -0.0, 1e-06, 0.0, -0.0, 0.724279, 0.689507, 0.37472, -1e-06, -0.689508, 0.724278, -0.0, 0.0, 0.0, 0.0, 1.0],
                [1.0, -0.0, 1e-06, 0.0, -0.0, 0.724279, 0.689507, 0.37472, -1e-06, -0.689508, 0.724278, -0.0, 0.0, 0.0, 0.0, 1.0]
            ]
        },
        {
            "name": "Knee_R",
            "time": [0.0, 0.1, 0.4166],
            "transform": [
                [1.0, 0.0, -0.0, -0.0, -0.0, 1e-06, -1.0, 0.358826, -0.0, 1.0, 1e-06, 0.0, 0.0, 0.0, 0.0, 1.0],
                [1.0, 0.0, -0.0, 0.0, -0.0, 1e-06, -1.0, 0.40227, -0.0, 1.0, 1e-06, -0.0, 0.0, 0.0, 0.0, 1.0],
                [1.0, 0.0, -0.0, 0.0, -0.0, 1e-06, -1.0, 0.40227, -0.0, 1.0, 1e-06, -0.0, 0.0, 0.0, 0.0, 1.0]
            ]
        },
        {
            "name": "Thigh_L",
            "time": [0.0, 0.1, 0.4166],
            "transform": [
                [0.955978, -0.099476, -0.276062, -0.125006, -0.011329, -0.952596, 0.304026, -0.002831, -0.293219, -0.287515, -0.911788, -1.2e-05, 0.0, 0.0, 0.0, 1.0],
                [0.937695, -0.292281, -0.187882, -0.125006, -0.278546, -0.955576, 0.096368, -0.002831, -0.207702, -0.038029, -0.977452, -1.2e-05, 0.0, 0.0, 0.0, 1.0],
                [0.937695, -0.292281, -0.187882, -0.125006, -0.278546, -0.955576, 0.096368, -0.002831, -0.207702, -0.038029, -0.977452, -1.2e-05, 0.0, 0.0, 0.0, 1.0]
            ]
        },
        {
            "name": "Leg_L",
            "time": [0.0, 0.1, 0.4166],
            "transform": [
                [1.0, -0.0, 1e-06, -0.0, 0.0, 0.951702, 0.307022, 0.37472, -1e-06, -0.307022, 0.951703, -0.0, 0.0, 0.0, 0.0, 1.0],
                [1.0, -0.0, 1e-06, 0.0, -0.0, 0.965373, 0.260874, 0.37472, -1e-06, -0.260873, 0.965373, -0.0, 0.0, 0.0, 0.0, 1.0],
                [1.0, -0.0, 1e-06, 0.0, -0.0, 0.965373, 0.260874, 0.37472, -1e-06, -0.260873, 0.965373, -0.0, 0.0, 0.0, 0.0, 1.0]
            ]
        },
        {
            "name": "Knee_L",
            "time": [0.0, 0.1, 0.4166],
            "transform": [
                [1.0, 0.0, -0.0, -0.0, -0.0, 1e-06, -1.0, 0.371777, -0.0, 1.0, 1e-06, -0.0, 0.0, 0.0, 0.0, 1.0],
                [1.0, 0.0, -0.0, 0.0, -0.0, 1e-06, -1.0, 0.365537, -0.0, 1.0, 1e-06, -0.0, 0.0, 0.0, 0.0, 1.0],
                [1.0, 0.0, -0.0, 0.0, -0.0, 1e-06, -1.0, 0.365537, -0.0, 1.0, 1e-06, -0.0, 0.0, 0.0, 0.0, 1.0]
            ]
        },
        {
            "name": "Torso",
            "time": [0.0, 0.1, 0.4166],
            "transform": [
                [0.99978, -0.020971, -0.000197, 0.0, 0.020971, 0.999603, 0.018827, 0.05, -0.000198, -0.018827, 0.999823, -0.0, 0.0, 0.0, 0.0, 1.0],
                [0.99978, -0.020971, -0.000197, 0.0, 0.020971, 0.999603, 0.018833, 0.05, -0.000198, -0.018833, 0.999823, -0.0, 0.0, 0.0, 0.0, 1.0],
                [0.99978, -0.020971, -0.000197, 0.0, 0.020971, 0.999603, 0.018833, 0.05, -0.000198, -0.018833, 0.999823, -0.0, 0.0, 0.0, 0.0, 1.0]
            ]
        },
        {
            "name": "Chest",
            "time": [0.0, 0.1, 0.4166],
            "transform": [
                [0.999771, -0.021411, -0.000206, -0.0, 0.021411, 0.999586, 0.019225, 0.3, -0.000206, -0.019225, 0.999815, -0.0, 0.0, 0.0, 0.0, 1.0],
                [0.999771, -0.021411, -0.000206, -0.0, 0.021411, 0.999586, 0.019219, 0.3, -0.000206, -0.019219, 0.999815, -0.0, 0.0, 0.0, 0.0, 1.0],
                [0.999771, -0.021411, -0.000206, -0.0, 0.021411, 0.999586, 0.019219, 0.3, -0.000206, -0.019219, 0.999815, -0.0, 0.0, 0.0, 0.0, 1.0]
            ]
        },
        {
            "name": "Head",
            "time": [0.0, 0.1, 0.4166],
            "transform": [
                [0.939703, 0.035506, 0.340143, -0.0, -0.016835, 0.998193, -0.057689, 0.4, -0.341576, 0.048484, 0.938603, 0.0, 0.0, 0.0, 0.0, 1.0],
                [0.604615, 0.002539, -0.796514, 0.0, -0.136411, 0.985551, -0.100405, 0.4, 0.78475, 0.16936, 0.596226, -0.0, 0.0, 0.0, 0.0, 1.0],
                [0.604615, 0.002539, -0.796514, 0.0, -0.136411, 0.985551, -0.100405, 0.4, 0.78475, 0.16936, 0.596226, -0.0, 0.0, 0.0, 0.0, 1.0]
            ]
        },
        {
            "name": "Shoulder_R",
            "time": [0.0, 0.1, 0.4166],
            "transform": [
                [-0.296086, 0.905303, 0.304564, -0.0, 0.014278, -0.31463, 0.949107, 0.4, 0.955054, 0.285365, 0.080232, 0.0, 0.0, 0.0, 0.0, 1.0],
                [0.783068, 0.62172, 0.016384, 0.0, 0.108979, -0.163101, 0.980572, 0.4, 0.612314, -0.766069, -0.195474, -0.0, 0.0, 0.0, 0.0, 1.0],
                [0.783068, 0.62172, 0.016384, 0.0, 0.108979, -0.163101, 0.980572, 0.4, 0.612314, -0.766069, -0.195474, -0.0, 0.0, 0.0, 0.0, 1.0]
            ]
        },
        {
            "name": "Arm_R",
            "time": [0.0, 0.1, 0.4166],
            "transform": [
                [0.395296, -0.260309, 0.880897, -0.0, 0.670977, 0.736776, -0.083376, 0.39386, -0.62732, 0.62402, 0.465906, 0.0, 0.0, 0.0, 0.0, 1.0],
                [0.344432, -0.752265, -0.561662, 0.0, 0.741541, -0.148904, 0.654175, 0.39386, -0.575747, -0.641814, 0.506547, -0.0, 0.0, 0.0, 0.0, 1.0],
                [0.344432, -0.752265, -0.561662, 0.0, 0.741541, -0.148904, 0.654175, 0.39386, -0.575747, -0.641814, 0.506547, -0.0, 0.0, 0.0, 0.0, 1.0]
            ]
        },
        {
            "name": "Hand_R",
            "time": [0.0, 0.1, 0.4166],
            "transform": [
                [0.999973, 0.00627, -0.003854, -0.0, -0.005635, 0.315472, -0.948919, 0.3, -0.004734, 0.948914, 0.315499, -0.0, 0.0, 0.0, 0.0, 1.0],
                [1.0, 0.0, 0.0, 0.0, -0.0, 0.993938, 0.109947, 0.3, -0.0, -0.109947, 0.993938, -0.0, 0.0, 0.0, 0.0, 1.0],
                [1.0, 0.0, 0.0, 0.0, -0.0, 0.993938, 0.109947, 0.3, -0.0, -0.109947, 0.993938, -0.0, 0.0, 0.0, 0.0, 1.0]
            ]
        },
        {
            "name": "Tool_R",
            "time": [0.0, 0.1, 0.4166],
            "transform": [
                [1.0, -0.0, 0.0, 0.0, -0.0, -0.999836, 0.018122, 0.272858, 0.0, -0.018122, -0.999244, -0.0, 0.0, 0.0, 0.0, 1.0],
                [0.999599, 0.004845, 0.027918, 0.0, 0.019492, -0.832677, -0.553416, 0.272858, 0.020554, 0.553402, -0.83195, 0.0, 0.0, 0.0, 0.0, 1.0],
                [0.999599, 0.004845, 0.027918, 0.0, 0.019492, -0.832677, -0.553416, 0.272858, 0.020554, 0.553402, -0.83195, 0.0, 0.0, 0.0, 0.0, 1.0]
            ]
        },
        {
            "name": "Elbow_R",
            "time": [0.0, 0.1, 0.4166],
            "transform": [
                [-1.0, 0.0, -0.0, -0.0, 0.0, -0.0, -1.0, 0.42461, -0.0, -1.0, 0.0, -0.0, 0.0, 0.0, 0.0, 1.0],
                [-1.0, 0.0, 0.0, 0.0, 0.0, 0.0, -1.0, 0.3, -0.0, -1.0, 0.0, -0.0, 0.0, 0.0, 0.0, 1.0],
                [-1.0, 0.0, 0.0, 0.0, 0.0, 0.0, -1.0, 0.3, -0.0, -1.0, 0.0, -0.0, 0.0, 0.0, 0.0, 1.0]
            ]
        },
        {
            "name": "Shoulder_L",
            "time": [0.0, 0.1, 0.4166],
            "transform": [
                [-0.0, -0.952114, -0.305743, -0.0, 0.0, -0.305743, 0.952114, 0.4, -1.0, 0.0, 0.0, 0.0, 0.0, 0.0, 0.0, 1.0],
                [-0.721987, -0.592458, -0.357391, 0.0, -0.091704, -0.430037, 0.898142, 0.4, -0.685803, 0.681221, 0.25615, -0.0, 0.0, 0.0, 0.0, 1.0],
                [-0.721987, -0.592458, -0.357391, 0.0, -0.091704, -0.430037, 0.898142, 0.4, -0.685803, 0.681221, 0.25615, -0.0, 0.0, 0.0, 0.0, 1.0]
            ]
        },
        {
            "name": "Arm_L",
            "time": [0.0, 0.1, 0.4166],
            "transform": [
                [0.261798, 0.417592, 0.870103, -0.0, -0.116931, 0.908629, -0.4009, 0.39386, -0.958013, 0.003213, 0.286707, -0.0, 0.0, 0.0, 0.0, 1.0],
                [0.106836, -0.429483, 0.896733, 0.0, 0.247249, 0.88504, 0.394426, 0.39386, -0.963044, 0.179577, 0.200743, 0.0, 0.0, 0.0, 0.0, 1.0],
                [0.106836, -0.429483, 0.896733, 0.0, 0.247249, 0.88504, 0.394426, 0.39386, -0.963044, 0.179577, 0.200743, 0.0, 0.0, 0.0, 0.0, 1.0]
            ]
        },
        {
            "name": "Hand_L",
            "time": [0.0, 0.1, 0.4166],
            "transform": [
                [1.019816, -0.031037, 0.029837, -0.0, 0.043927, 0.69905, -0.713777, 0.3, 0.001323, 0.7144, 0.699737, 0.0, 0.0, 0.0, 0.0, 1.0],
                [1.020761, -0.001764, -5.2e-05, -0.0, 0.001222, 0.699736, -0.714401, 0.3, 0.001323, 0.7144, 0.699737, 0.0, 0.0, 0.0, 0.0, 1.0],
                [1.020761, -0.001764, -5.2e-05, -0.0, 0.001222, 0.699736, -0.714401, 0.3, 0.001323, 0.7144, 0.699737, 0.0, 0.0, 0.0, 0.0, 1.0]
            ]
        },
        {
            "name": "Tool_L",
            "time": [0.0, 0.1, 0.4166],
            "transform": [
                [1.0, -0.0, 0.0, 0.0, -0.0, -0.999836, 0.018122, 0.272858, 0.0, -0.018122, -0.999248, -0.0, 0.0, 0.0, 0.0, 1.0],
                [1.0, 0.0, 0.0, 0.0, 0.0, -0.999836, 0.018122, 0.272858, 0.0, -0.018122, -0.999248, -0.0, 0.0, 0.0, 0.0, 1.0],
                [1.0, 0.0, 0.0, 0.0, 0.0, -0.999836, 0.018122, 0.272858, 0.0, -0.018122, -0.999248, -0.0, 0.0, 0.0, 0.0, 1.0]
            ]
        },
        {
            "name": "Elbow_L",
            "time": [0.0, 0.1, 0.4166],
            "transform": [
                [-1.0, 0.0, 0.0, -0.0, 0.0, 0.0, -1.0, 0.383074, -0.0, -1.0, 0.0, 0.0, 0.0, 0.0, 0.0, 1.0],
                [-1.0, 0.0, -0.0, -0.0, 0.0, -0.0, -1.0, 0.381943, -0.0, -1.0, -0.0, 0.0, 0.0, 0.0, 0.0, 1.0],
                [-1.0, 0.0, -0.0, -0.0, 0.0, -0.0, -1.0, 0.381943, -0.0, -1.0, -0.0, 0.0, 0.0, 0.0, 0.0, 1.0]
            ]
        }
    ]
}