{
    "animation": [
        {
            "name": "Root",
            "time": [0.0, 0.1, 0.4166],
            "transform": [
                [0.999604, 0.022355, -0.017107, -5e-06, -0.019503, 0.111751, -0.993545, 0.008082, -0.020299, 0.993485, 0.112143, 0.746623, 0.0, 0.0, 0.0, 1.0],
                [0.53774, 0.0, -0.843111, -5e-06, -0.843111, 0.0, -0.53774, 1.000009, 0.0, 1.0, 0.0, 0.666632, 0.0, 0.0, 0.0, 1.0],
                [0.53774, 0.0, -0.843111, -5e-06, -0.843111, 0.0, -0.53774, 1.000009, 0.0, 1.0, 0.0, 0.666632, 0.0, 0.0, 0.0, 1.0]
            ]
        },
        {
            "name": "Thigh_R",
            "time": [0.0, 0.1, 0.4166],
            "transform": [
                [0.998554, 0.031364, -0.043656, 0.124994, 0.027124, -0.995147, -0.094564, -0.00283, -0.04641, 0.093243, -0.994561, -1.2e-05, 0.0, 0.0, 0.0, 1.0],
                [0.821424, 0.418348, 0.387615, 0.142008, 0.481748, -0.872743, -0.078963, -0.00283, 0.305254, 0.251595, -0.918433, -0.026688, 0.0, 0.0, 0.0, 1.0],
                [0.821424, 0.418348, 0.387615, 0.142008, 0.481748, -0.872743, -0.078963, -0.00283, 0.305254, 0.251595, -0.918433, -0.026688, 0.0, 0.0, 0.0, 1.0]
            ]
        },
        {
            "name": "Leg_R",
            "time": [0.0, 0.1, 0.4166],
            "transform": [
                [1.0, -0.0, 1e-06, -0.0, 0.0, 0.9979, 0.064783, 0.37472, -1e-06, -0.064784, 0.997899, 0.0, 0.0, 0.0, 0.0, 1.0],
                [1.0, 0.0, 1e-06, -0.0, -0.0, 0.999957, 0.009386, 0.37472, -1e-06, -0.009386, 0.999955, 0.0, 0.0, 0.0, 0.0, 1.0],
                [1.0, 0.0, 1e-06, -0.0, -0.0, 0.999957, 0.009386, 0.37472, -1e-06, -0.009386, 0.999955, 0.0, 0.0, 0.0, 0.0, 1.0]
            ]
        },
        {
            "name": "Knee_R",
            "time": [0.0, 0.4166],
            "transform": [
                [1.0, 0.0, -0.0, -0.0, -0.0, 1e-06, -1.0, 0.37472, -0.0, 1.0, 1e-06, 0.0, 0.0, 0.0, 0.0, 1.0],
                [1.0, 0.0, -0.0, -0.0, -0.0, 1e-06, -1.0, 0.37472, -0.0, 1.0, 1e-06, 0.0, 0.0, 0.0, 0.0, 1.0]
            ]
        },
        {
            "name": "Thigh_L",
            "time": [0.0, 0.1, 0.4166],
            "transform": [
                [0.999168, 0.002073, -0.040721, -0.125006, 0.021719, -0.87228, 0.488524, -0.00283, -0.034507, -0.489001, -0.8716, -1.2e-05, 0.0, 0.0, 0.0, 1.0],
                [0.534499, -0.571926, -0.622263, -0.153363, 0.000679, -0.735968, 0.677016, -0.002831, -0.845169, -0.362287, -0.392986, 0.044448, 0.0, 0.0, 0.0, 1.0],
                [0.534499, -0.571926, -0.622263, -0.153363, 0.000679, -0.735968, 0.677016, -0.002831, -0.845169, -0.362287, -0.392986, 0.044448, 0.0, 0.0, 0.0, 1.0]
            ]
        },
        {
            "name": "Leg_L",
            "time": [0.0, 0.1, 0.4166],
            "transform": [
                [1.0, -1e-06, 2e-06, -0.0, -1e-06, 0.53483, 0.84496, 0.37472, -2e-06, -0.84496, 0.53483, 0.0, 0.0, 0.0, 0.0, 1.0],
                [1.0, -1e-06, 3e-06, -0.0, -2e-06, 0.719058, 0.69495, 0.37472, -3e-06, -0.694949, 0.719059, 0.0, 0.0, 0.0, 0.0, 1.0],
                [1.0, -1e-06, 3e-06, -0.0, -2e-06, 0.719058, 0.69495, 0.37472, -3e-06, -0.694949, 0.719059, 0.0, 0.0, 0.0, 0.0, 1.0]
            ]
        },
        {
            "name": "Knee_L",
            "time": [0.0, 0.1, 0.4166],
            "transform": [
                [1.0, 0.0, -0.0, 0.0, -0.0, 1e-06, -1.0, 0.421343, -0.0, 1.0, 1e-06, 0.0, 0.0, 0.0, 0.0, 1.0],
                [1.0, 0.0, -0.0, 0.0, -0.0, 1e-06, -1.0, 0.403683, -0.0, 1.0, 1e-06, 0.0, 0.0, 0.0, 0.0, 1.0],
                [1.0, 0.0, -0.0, 0.0, -0.0, 1e-06, -1.0, 0.403683, -0.0, 1.0, 1e-06, 0.0, 0.0, 0.0, 0.0, 1.0]
            ]
        },
        {
            "name": "Torso",
            "time": [0.0, 0.1, 0.4166],
            "transform": [
                [0.99978, -0.020971, -0.000197, 0.0, 0.020971, 0.999603, 0.01883, 0.05, -0.000198, -0.01883, 0.999823, 0.0, 0.0, 0.0, 0.0, 1.0],
                [0.99978, -0.020971, -0.000197, 0.0, 0.020971, 0.999603, 0.018833, 0.05, -0.000198, -0.018833, 0.999823, 0.0, 0.0, 0.0, 0.0, 1.0],
                [0.99978, -0.020971, -0.000197, 0.0, 0.020971, 0.999603, 0.018833, 0.05, -0.000198, -0.018833, 0.999823, 0.0, 0.0, 0.0, 0.0, 1.0]
            ]
        },
        {
            "name": "Chest",
            "time": [0.0, 0.4166],
            "transform": [
                [0.999771, -0.021411, -0.000206, 0.0, 0.021411, 0.999586, 0.019215, 0.3, -0.000206, -0.019215, 0.999815, -0.0, 0.0, 0.0, 0.0, 1.0],
                [0.999771, -0.021412, -0.000206, 0.0, 0.021412, 0.999586, 0.019215, 0.3, -0.000206, -0.019215, 0.999815, 0.0, 0.0, 0.0, 0.0, 1.0]
            ]
        },
        {
            "name": "Head",
            "time": [0.0, 0.1, 0.4166],
            "transform": [
                [0.999821, -0.004889, 0.01825, 0.0, 0.006631, 0.995298, -0.096636, 0.4, -0.017692, 0.09674, 0.995152, 0.0, 0.0, 0.0, 0.0, 1.0],
                [0.537004, 0.014325, 0.843458, 0.0, 0.001923, 0.999833, -0.018205, 0.4, -0.843578, 0.011398, 0.536887, -0.0, 0.0, 0.0, 0.0, 1.0],
                [0.537004, 0.014325, 0.843458, 0.0, 0.001923, 0.999833, -0.018205, 0.4, -0.843577, 0.011398, 0.536887, 0.0, 0.0, 0.0, 0.0, 1.0]
            ]
        },
        {
            "name": "Shoulder_R",
            "time": [0.0, 0.1, 0.4166],
            "transform": [
                [0.376214, 0.905528, 0.196166, 0.0, 0.047482, -0.230285, 0.971964, 0.4, 0.925315, -0.356352, -0.129633, 0.0, 0.0, 0.0, 0.0, 1.0],
                [-0.376587, 0.876519, 0.299827, 0.0, 0.018794, -0.316359, 0.948454, 0.4, 0.92619, 0.36281, 0.102663, -0.0, 0.0, 0.0, 0.0, 1.0],
                [-0.376587, 0.876519, 0.299827, 0.0, 0.018794, -0.316359, 0.948454, 0.4, 0.92619, 0.36281, 0.102663, 0.0, 0.0, 0.0, 0.0, 1.0]
            ]
        },
        {
            "name": "Arm_R",
            "time": [0.0, 0.1, 0.4166],
            "transform": [
                [0.531545, 0.242454, -0.811589, 0.0, 0.477285, 0.70583, 0.523454, 0.393861, 0.699757, -0.665598, 0.25946, -0.0, 0.0, 0.0, 0.0, 1.0],
                [-0.144233, 0.530526, -0.835308, -0.0, -0.493461, 0.693125, 0.525427, 0.39386, 0.857726, 0.487976, 0.161823, 0.0, 0.0, 0.0, 0.0, 1.0],
                [-0.144233, 0.530526, -0.835308, 0.0, -0.493461, 0.693125, 0.525427, 0.393861, 0.857726, 0.487976, 0.161823, 0.0, 0.0, 0.0, 0.0, 1.0]
            ]
        },
        {
            "name": "Hand_R",
            "time": [0.0, 0.1, 0.4166],
            "transform": [
                [0.999999, 0.000768, 0.000531, -0.0, -0.000656, 0.982609, -0.185689, 0.3, -0.000665, 0.185688, 0.982609, 0.0, 0.0, 0.0, 0.0, 1.0],
                [0.999998, 0.001756, 0.000596, 0.0, -0.000891, 0.737175, -0.675702, 0.3, -0.001626, 0.6757, 0.737175, 0.0, 0.0, 0.0, 0.0, 1.0],
                [0.999998, 0.001756, 0.000596, 0.0, -0.000891, 0.737175, -0.675702, 0.3, -0.001626, 0.6757, 0.737175, 0.0, 0.0, 0.0, 0.0, 1.0]
            ]
        },
        {
            "name": "Tool_R",
            "time": [0.0, 0.1, 0.4166],
            "transform": [
                [0.999735, 0.001977, 0.022969, -0.0, 0.010373, -0.928339, -0.371591, 0.272858, 0.020576, 0.3715, -0.927567, -0.0, 0.0, 0.0, 0.0, 1.0],
                [1.0, 0.0, 0.0, -0.0, 0.0, -0.999836, 0.018122, 0.272858, 0.0, -0.018122, -0.999244, 0.0, 0.0, 0.0, 0.0, 1.0],
                [1.0, 0.0, 0.0, -0.0, 0.0, -0.999836, 0.018122, 0.272858, 0.0, -0.018122, -0.999244, -0.0, 0.0, 0.0, 0.0, 1.0]
            ]
        },
        {
            "name": "Elbow_R",
            "time": [0.0, 0.1, 0.4166],
            "transform": [
                [-1.0, 0.0, -0.0, -0.0, -0.0, -0.0, -1.0, 0.3, -0.0, -1.0, 0.0, 0.0, 0.0, 0.0, 0.0, 1.0],
                [-1.0, 0.0, -0.0, -0.0, 0.0, 0.0, -1.0, 0.379824, -0.0, -1.0, 0.0, 0.0, 0.0, 0.0, 0.0, 1.0],
                [-1.0, 0.0, -0.0, 0.0, 0.0, -0.0, -1.0, 0.379824, -0.0, -1.0, 0.0, 0.0, 0.0, 0.0, 0.0, 1.0]
            ]
        },
        {
            "name": "Shoulder_L",
            "time": [0.0, 0.1, 0.4166],
            "transform": [
                [-0.281857, -0.886199, -0.367707, 0.0, -0.048852, -0.369492, 0.927949, 0.4, -0.958212, 0.279512, 0.060851, 0.0, 0.0, 0.0, 0.0, 1.0],
                [0.480986, -0.84165, -0.245515, 0.0, -0.02512, -0.293151, 0.955736, 0.4, -0.876368, -0.453528, -0.162144, -0.0, 0.0, 0.0, 0.0, 1.0],
                [0.480986, -0.84165, -0.245515, 0.0, -0.02512, -0.293151, 0.955736, 0.4, -0.876368, -0.453528, -0.162144, 0.0, 0.0, 0.0, 0.0, 1.0]
            ]
        },
        {
            "name": "Arm_L",
            "time": [0.0, 0.1, 0.4166],
            "transform": [
                [0.646346, -0.250558, -0.720734, 0.0, -0.63026, 0.357136, -0.689366, 0.39386, 0.430126, 0.899819, 0.072917, 0.0, 0.0, 0.0, 0.0, 1.0],
                [0.459664, 0.722345, 0.51665, -0.0, -0.512246, -0.259579, 0.818671, 0.39386, 0.725475, -0.640965, 0.250699, -0.0, 0.0, 0.0, 0.0, 1.0],
                [0.459664, 0.722345, 0.51665, 0.0, -0.512246, -0.259579, 0.818671, 0.39386, 0.725475, -0.640965, 0.250699, -0.0, 0.0, 0.0, 0.0, 1.0]
            ]
        },
        {
            "name": "Hand_L",
            "time": [0.0, 0.1, 0.4166],
            "transform": [
                [1.020758, -0.002967, -0.000299, 0.0, 0.00275, 0.94181, -0.336134, 0.3, 0.001305, 0.336131, 0.941814, 0.0, 0.0, 0.0, 0.0, 1.0],
                [1.020763, 0.0, 0.0, -0.0, 0.0, 0.993937, 0.109947, 0.3, -0.0, -0.109947, 0.993937, 0.0, 0.0, 0.0, 0.0, 1.0],
                [1.020763, -0.0, 0.0, -0.0, 0.0, 0.993938, 0.109947, 0.3, -0.0, -0.109947, 0.993938, 0.0, 0.0, 0.0, 0.0, 1.0]
            ]
        },
        {
            "name": "Tool_L",
            "time": [0.0, 0.1, 0.4166],
            "transform": [
                [1.0, -3.6e-05, -7.3e-05, -0.0, -4.7e-05, -0.986896, -0.161357, 0.272858, -6.6e-05, 0.161251, -0.986318, -0.0, 0.0, 0.0, 0.0, 1.0],
                [1.0, -0.000117, -0.000639, 0.0, -0.000509, -0.752572, -0.65851, 0.272858, -0.000404, 0.658114, -0.752136, -0.0, 0.0, 0.0, 0.0, 1.0],
                [1.0, -0.000117, -0.000639, 0.0, -0.000509, -0.752572, -0.65851, 0.272858, -0.000404, 0.658114, -0.752137, -0.0, 0.0, 0.0, 0.0, 1.0]
            ]
        },
        {
            "name": "Elbow_L",
            "time": [0.0, 0.1, 0.4166],
            "transform": [
                [-1.0, 0.0, -0.0, 0.0, 0.0, -0.0, -1.0, 0.347585, -0.0, -1.0, -0.0, 0.0, 0.0, 0.0, 0.0, 1.0],
                [-1.0, 0.0, -0.0, -0.0, 0.0, -0.0, -1.0, 0.3, -0.0, -1.0, -0.0, 0.0, 0.0, 0.0, 0.0, 1.0],
                [-1.0, 0.0, -0.0, -0.0, 0.0, -0.0, -1.0, 0.3, -0.0, -1.0, -0.0, 0.0, 0.0, 0.0, 0.0, 1.0]
            ]
        }
    ]
}