{
    "animation": [
        {
            "name": "Coord",
            "time": [0.0, 0.1333, 0.1833, 0.65, 1.1],
            "transform": [
                [1.0, 0.0, 0.0, 0.0, 0.0, 0.0, -1.0, 0.151674, 0.0, 1.0, 0.0, 0.0, 0.0, 0.0, 0.0, 1.0],
                [1.0, 0.0, 0.0, 0.0, 0.0, 0.0, -1.0, 0.758369, 0.0, 1.0, 0.0, 0.0, 0.0, 0.0, 0.0, 1.0],
                [1.0, 0.0, 0.0, 0.0, 0.0, 0.0, -1.0, 1.498144, 0.0, 1.0, 0.0, 0.0, 0.0, 0.0, 0.0, 1.0],
                [1.0, 0.0, 0.0, 0.0, 0.0, 0.0, -1.0, 1.498144, 0.0, 1.0, 0.0, 0.0, 0.0, 0.0, 0.0, 1.0],
                [1.0, 0.0, 0.0, 0.0, 0.0, 0.0, -1.0, 1.498144, 0.0, 1.0, 0.0, 0.0, 0.0, 0.0, 0.0, 1.0]
            ]
        },
        {
            "name": "Root",
            "time": [0.0, 0.0333, 0.1333, 0.1833, 0.2667, 0.3833, 0.65, 0.8667, 1.1],
            "transform": [
                [0.926152, 0.055296, -0.373074, -5e-06, 0.074847, 0.94257, 0.325514, 0.6398, 0.369648, -0.329399, 0.868825, -0.000946, 0.0, 0.0, 0.0, 1.0],
                [0.95836, 0.067953, 0.27736, -5e-06, -0.155734, 0.938496, 0.308174, 0.676625, -0.23936, -0.338536, 0.91, -0.000946, 0.0, 0.0, 0.0, 1.0],
                [0.137235, 0.189425, 0.972258, -5e-06, -0.398919, 0.908995, -0.120792, 0.632279, -0.906659, -0.371275, 0.200311, -0.000946, 0.0, 0.0, 0.0, 1.0],
                [0.158546, 0.013733, 0.987256, -5e-06, -0.326721, 0.944302, 0.039334, 0.632279, -0.931728, -0.328793, 0.154202, -0.000946, 0.0, 0.0, 0.0, 1.0],
                [0.108603, -0.017541, 0.99393, -5e-06, -0.287823, 0.956463, 0.04833, 0.579134, -0.951506, -0.291325, 0.098826, -0.045234, 0.0, 0.0, 0.0, 1.0],
                [0.245289, -0.017541, 0.969291, -5e-06, -0.278349, 0.956463, 0.087748, 0.61235, -0.928631, -0.291325, 0.229727, -0.000946, 0.0, 0.0, 0.0, 1.0],
                [0.245289, -0.017541, 0.969291, -5e-06, -0.278349, 0.956463, 0.087748, 0.61235, -0.928631, -0.291325, 0.229727, -0.000946, 0.0, 0.0, 0.0, 1.0],
                [0.903222, 0.018003, 0.428795, -5e-06, -0.085736, 0.986549, 0.139176, 0.679685, -0.420522, -0.16247, 0.892617, -0.236425, 0.0, 0.0, 0.0, 1.0],
                [0.854689, 0.0, -0.51914, -5e-06, 0.0, 1.0, 0.0, 0.755725, 0.51914, 0.0, 0.854689, -0.000946, 0.0, 0.0, 0.0, 1.0]
            ]
        },
        {
            "name": "Thigh_R",
            "time": [0.0, 0.05, 0.0833, 0.1167, 0.1333, 0.1833, 0.2167, 0.2667, 0.3833, 0.65, 0.7667, 0.8667, 0.9833, 1.1],
            "transform": [
                [0.804108, 0.398511, 0.441134, 0.124994, -0.039218, -0.704868, 0.708252, -0.002831, 0.593188, -0.58681, -0.551163, -1.2e-05, 0.0, 0.0, 0.0, 1.0],
                [0.775819, 0.61118, 0.156724, 0.124994, -0.092642, -0.135356, 0.986457, -0.002831, 0.624116, -0.77983, -0.048391, -1.2e-05, 0.0, 0.0, 0.0, 1.0],
                [0.733743, 0.621786, 0.273863, 0.124994, -0.030048, -0.372986, 0.92735, -0.002831, 0.678762, -0.688664, -0.254994, -1.2e-05, 0.0, 0.0, 0.0, 1.0],
                [0.616748, 0.767206, 0.176109, 0.124994, 0.282395, -0.424483, 0.860272, -0.002831, 0.734762, -0.480838, -0.478455, -1.2e-05, 0.0, 0.0, 0.0, 1.0],
                [0.359881, 0.932217, 0.038138, 0.124994, 0.746518, -0.312229, 0.587557, -0.002831, 0.559639, -0.182979, -0.808284, -1.2e-05, 0.0, 0.0, 0.0, 1.0],
                [0.30645, 0.928861, 0.208089, 0.124994, 0.113643, -0.252744, 0.960836, -0.002831, 0.945078, -0.2708, -0.183013, -1.2e-05, 0.0, 0.0, 0.0, 1.0],
                [0.149623, 0.959439, 0.238925, 0.124994, -0.018338, -0.23891, 0.970869, -0.002831, 0.988573, -0.149645, -0.018153, -1.2e-05, 0.0, 0.0, 0.0, 1.0],
                [0.167357, 0.968322, 0.18531, 0.124993, -0.001322, -0.18774, 0.982218, -0.002831, 0.985895, -0.164626, -0.03014, -1.2e-05, 0.0, 0.0, 0.0, 1.0],
                [0.26547, 0.929659, 0.255453, 0.124994, -0.065027, -0.247091, 0.966808, -0.002831, 0.961923, -0.273269, -0.005143, -1.2e-05, 0.0, 0.0, 0.0, 1.0],
                [0.26547, 0.929659, 0.255453, 0.124994, -0.065027, -0.247091, 0.966808, -0.002831, 0.961923, -0.273269, -0.005143, -1.2e-05, 0.0, 0.0, 0.0, 1.0],
                [0.434554, 0.740858, 0.512143, 0.124994, -0.17879, -0.486361, 0.85527, -0.002831, 0.882721, -0.463226, -0.078893, -1.2e-05, 0.0, 0.0, 0.0, 1.0],
                [0.608811, 0.342229, 0.715701, 0.124994, -0.262671, -0.764315, 0.588918, -0.002831, 0.748567, -0.546533, -0.37543, -1.2e-05, 0.0, 0.0, 0.0, 1.0],
                [0.944531, 0.28497, 0.163257, 0.124994, 0.053328, -0.623575, 0.779942, -0.002831, 0.324064, -0.727971, -0.604184, -1.2e-05, 0.0, 0.0, 0.0, 1.0],
                [0.996122, 0.056386, -0.067528, 0.124994, 0.068868, -0.977426, 0.199728, -0.002831, -0.054742, -0.203604, -0.977522, -1.2e-05, 0.0, 0.0, 0.0, 1.0]
            ]
        },
        {
            "name": "Leg_R",
            "time": [0.0, 0.05, 0.0833, 0.1167, 0.1333, 0.1833, 0.2167, 0.2667, 0.3833, 0.65, 0.7667, 0.8667, 0.9833, 1.1],
            "transform": [
                [1.0, -1e-06, 0.0, 0.0, -0.0, 0.226754, 0.973951, 0.37472, -1e-06, -0.973953, 0.226753, -0.0, 0.0, 0.0, 0.0, 1.0],
                [1.0, -1e-06, 0.0, -0.0, -0.0, 0.260651, 0.965433, 0.37472, -1e-06, -0.965434, 0.26065, -0.0, 0.0, 0.0, 0.0, 1.0],
                [1.0, 0.0, 1e-06, -0.0, -0.0, 0.999988, 0.005039, 0.37472, -1e-06, -0.005039, 0.999986, -0.0, 0.0, 0.0, 0.0, 1.0],
                [1.0, 0.0, 1e-06, -0.0, -0.0, 0.995342, 0.09642, 0.37472, -1e-06, -0.09642, 0.99534, 0.0, 0.0, 0.0, 0.0, 1.0],
                [1.0, -0.0, 1e-06, -0.0, -0.0, 0.676409, 0.736526, 0.37472, -1e-06, -0.736527, 0.676408, 0.0, 0.0, 0.0, 0.0, 1.0],
                [1.0, -0.0, 0.0, -0.0, -0.0, 0.41898, 0.907995, 0.37472, -0.0, -0.907996, 0.418979, 0.0, 0.0, 0.0, 0.0, 1.0],
                [1.0, -0.0, 0.0, 0.0, -0.0, 0.328402, 0.944538, 0.37472, -0.0, -0.944539, 0.328402, -0.0, 0.0, 0.0, 0.0, 1.0],
                [1.0, -0.0, 0.0, -0.0, -0.0, 0.150771, 0.988568, 0.37472, -0.0, -0.98857, 0.150771, 0.0, 0.0, 0.0, 0.0, 1.0],
                [1.0, -0.0, 1e-06, -0.0, -0.0, 0.364964, 0.931021, 0.37472, -1e-06, -0.931022, 0.364963, -0.0, 0.0, 0.0, 0.0, 1.0],
                [1.0, -0.0, 1e-06, -0.0, -0.0, 0.364964, 0.931021, 0.37472, -1e-06, -0.931022, 0.364963, -0.0, 0.0, 0.0, 0.0, 1.0],
                [1.0, -0.0, 1e-06, -0.0, -0.0, 0.361208, 0.932485, 0.37472, -1e-06, -0.932486, 0.361207, 0.0, 0.0, 0.0, 0.0, 1.0],
                [1.0, -0.0, 1e-06, -0.0, -0.0, 0.595331, 0.80348, 0.37472, -1e-06, -0.803481, 0.595331, 0.0, 0.0, 0.0, 0.0, 1.0],
                [1.0, -1e-06, 0.0, 0.0, -0.0, 0.105797, 0.994387, 0.37472, -1e-06, -0.994389, 0.105796, -0.0, 0.0, 0.0, 0.0, 1.0],
                [1.0, -0.0, 2e-06, 0.0, -0.0, 0.9661, 0.258173, 0.37472, -2e-06, -0.258173, 0.966098, -0.0, 0.0, 0.0, 0.0, 1.0]
            ]
        },
        {
            "name": "Knee_R",
            "time": [0.0, 0.05, 0.0833, 0.1167, 0.1333, 0.1833, 0.2167, 0.2667, 0.3833, 0.65, 0.7667, 0.8667, 0.9833, 1.1],
            "transform": [
                [1.0, 0.0, -0.0, 0.0, -0.0, 1e-06, -1.0, 0.459181, -0.0, 1.0, 1e-06, -0.0, 0.0, 0.0, 0.0, 1.0],
                [1.0, 0.0, -0.0, 0.0, -0.0, 1e-06, -1.0, 0.456042, -0.0, 1.0, 1e-06, -0.0, 0.0, 0.0, 0.0, 1.0],
                [1.0, 0.0, -0.0, -0.0, -0.0, 1e-06, -1.0, 0.37472, -0.0, 1.0, 1e-06, -0.0, 0.0, 0.0, 0.0, 1.0],
                [1.0, 0.0, -0.0, -0.0, -0.0, 1e-06, -1.0, 0.37472, -0.0, 1.0, 0.0, 0.0, 0.0, 0.0, 0.0, 1.0],
                [1.0, 0.0, -0.0, -0.0, -0.0, 1e-06, -1.0, 0.413016, -0.0, 1.0, 1e-06, 0.0, 0.0, 0.0, 0.0, 1.0],
                [1.0, 0.0, -0.0, 0.0, -0.0, 1e-06, -1.0, 0.440901, -0.0, 1.0, 1e-06, 0.0, 0.0, 0.0, 0.0, 1.0],
                [1.0, 0.0, -0.0, 0.0, -0.0, 1e-06, -1.0, 0.449675, -0.0, 1.0, 1e-06, -0.0, 0.0, 0.0, 0.0, 1.0],
                [1.0, 0.0, -0.0, 0.0, -0.0, 1e-06, -1.0, 0.46613, -0.0, 1.0, 1e-06, 0.0, 0.0, 0.0, 0.0, 1.0],
                [1.0, 0.0, -0.0, 0.0, -0.0, 1e-06, -1.0, 0.446174, -0.0, 1.0, 1e-06, -0.0, 0.0, 0.0, 0.0, 1.0],
                [1.0, 0.0, -0.0, 0.0, -0.0, 1e-06, -1.0, 0.446174, -0.0, 1.0, 1e-06, -0.0, 0.0, 0.0, 0.0, 1.0],
                [1.0, 0.0, -0.0, -0.0, -0.0, 1e-06, -1.0, 0.446536, -0.0, 1.0, 1e-06, 0.0, 0.0, 0.0, 0.0, 1.0],
                [1.0, 0.0, -0.0, -0.0, -0.0, 1e-06, -1.0, 0.422462, -0.0, 1.0, 1e-06, 0.0, 0.0, 0.0, 0.0, 1.0],
                [1.0, 0.0, -0.0, -0.0, -0.0, 1e-06, -1.0, 0.470203, -0.0, 1.0, 1e-06, -0.0, 0.0, 0.0, 0.0, 1.0],
                [1.0, -0.0, -0.0, 0.0, -0.0, 1e-06, -1.0, 0.37472, -0.0, 1.0, 1e-06, 0.0, 0.0, 0.0, 0.0, 1.0]
            ]
        },
        {
            "name": "Thigh_L",
            "time": [0.0, 0.0333, 0.0833, 0.1333, 0.1833, 0.2167, 0.2667, 0.3833, 0.65, 0.7667, 0.8667, 0.9833, 1.1],
            "transform": [
                [0.929078, -0.35524, -0.103041, -0.125006, -0.070346, -0.443197, 0.893659, -0.002831, -0.363131, -0.823031, -0.436755, -1.2e-05, 0.0, 0.0, 0.0, 1.0],
                [0.957409, 0.242586, 0.156583, -0.125006, 0.037871, -0.643134, 0.764816, -0.002831, 0.286238, -0.726313, -0.62493, -1.2e-05, 0.0, 0.0, 0.0, 1.0],
                [0.889272, 0.004424, -0.457356, -0.125006, 0.215979, -0.885506, 0.411378, -0.002831, -0.403171, -0.464607, -0.788411, -1.2e-05, 0.0, 0.0, 0.0, 1.0],
                [0.999977, -0.005317, 0.003977, -0.125006, -0.005834, -0.98955, 0.144071, -0.002831, 0.003169, -0.144091, -0.989559, -1.2e-05, 0.0, 0.0, 0.0, 1.0],
                [0.455323, -0.201476, -0.86723, -0.125006, -0.051743, -0.978401, 0.200137, -0.002831, -0.888821, -0.046253, -0.455914, -1.2e-05, 0.0, 0.0, 0.0, 1.0],
                [0.503329, -0.255782, -0.825369, -0.125006, -0.062657, -0.963474, 0.26037, -0.002831, -0.861819, -0.079336, -0.500971, -1.2e-05, 0.0, 0.0, 0.0, 1.0],
                [0.495884, -0.412637, -0.764087, -0.125006, -0.093974, -0.900223, 0.425167, -0.002831, -0.863288, -0.139029, -0.485184, -1.2e-05, 0.0, 0.0, 0.0, 1.0],
                [0.465664, -0.326398, -0.82257, -0.125006, -0.097316, -0.942748, 0.318993, -0.002831, -0.879594, -0.068494, -0.470767, -1.2e-05, 0.0, 0.0, 0.0, 1.0],
                [0.465664, -0.326397, -0.82257, -0.125006, -0.097316, -0.942748, 0.318992, -0.002831, -0.879594, -0.068494, -0.470768, -1.2e-05, 0.0, 0.0, 0.0, 1.0],
                [0.971092, -0.229862, 0.064359, -0.125006, -0.212608, -0.710332, 0.670989, -0.002831, -0.108518, -0.665276, -0.738669, -1.2e-05, 0.0, 0.0, 0.0, 1.0],
                [0.97293, -0.042058, -0.227236, -0.125006, 0.063234, -0.897324, 0.43682, -0.002831, -0.222276, -0.439364, -0.870374, -1.1e-05, 0.0, 0.0, 0.0, 1.0],
                [0.90317, -0.081593, -0.421456, -0.125006, 0.042899, -0.959702, 0.277727, -0.002831, -0.427133, -0.268915, -0.863274, -1.1e-05, 0.0, 0.0, 0.0, 1.0],
                [0.866588, -0.133703, -0.480778, -0.125006, -0.027838, -0.974891, 0.220935, -0.002831, -0.498245, -0.178075, -0.848552, -1.2e-05, 0.0, 0.0, 0.0, 1.0]
            ]
        },
        {
            "name": "Leg_L",
            "time": [0.0, 0.0333, 0.0833, 0.1333, 0.1833, 0.2167, 0.2667, 0.3833, 0.65, 0.7667, 0.8667, 0.9833, 1.1],
            "transform": [
                [1.0, -1e-06, 0.0, 0.0, 0.0, 0.557482, 0.830189, 0.37472, -1e-06, -0.830188, 0.557483, -0.0, 0.0, 0.0, 0.0, 1.0],
                [1.0, -0.0, 1e-06, -0.0, -0.0, 0.707206, 0.707007, 0.37472, -1e-06, -0.707007, 0.707207, 0.0, 0.0, 0.0, 0.0, 1.0],
                [1.0, -1e-06, 1e-06, -0.0, -0.0, 0.706649, 0.707564, 0.37472, -1e-06, -0.707563, 0.70665, 0.0, 0.0, 0.0, 0.0, 1.0],
                [1.0, -0.0, 1e-06, 0.0, 0.0, 0.954777, 0.297321, 0.37472, -1e-06, -0.29732, 0.954778, 0.0, 0.0, 0.0, 0.0, 1.0],
                [1.0, -0.0, 0.0, 0.0, 0.0, 0.999985, 0.005415, 0.37472, -0.0, -0.005415, 0.999986, -0.0, 0.0, 0.0, 0.0, 1.0],
                [1.0, 0.0, 0.0, -0.0, -0.0, 0.999985, 0.005426, 0.37472, -0.0, -0.005426, 0.999986, 0.0, 0.0, 0.0, 0.0, 1.0],
                [1.0, -1e-06, 1e-06, 0.0, 0.0, 0.974212, 0.225632, 0.37472, -1e-06, -0.225632, 0.974213, -0.0, 0.0, 0.0, 0.0, 1.0],
                [1.0, -0.0, 1e-06, 0.0, 0.0, 0.98788, 0.155221, 0.37472, -1e-06, -0.15522, 0.98788, -0.0, 0.0, 0.0, 0.0, 1.0],
                [1.0, -0.0, 1e-06, 0.0, 0.0, 0.98788, 0.155219, 0.37472, -1e-06, -0.155219, 0.987881, 0.0, 0.0, 0.0, 0.0, 1.0],
                [1.0, -1e-06, 1e-06, 0.0, 0.0, 0.517325, 0.855789, 0.37472, -1e-06, -0.855789, 0.517325, -0.0, 0.0, 0.0, 0.0, 1.0],
                [1.0, -1e-06, 1e-06, 0.0, -0.0, 0.664954, 0.746884, 0.37472, -1e-06, -0.746884, 0.664955, 0.0, 0.0, 0.0, 0.0, 1.0],
                [1.0, -1e-06, 1e-06, -0.0, 0.0, 0.846148, 0.532947, 0.37472, -1e-06, -0.532947, 0.846149, -0.0, 0.0, 0.0, 0.0, 1.0],
                [1.0, -0.0, 1e-06, 0.0, 0.0, 0.984973, 0.172708, 0.37472, -1e-06, -0.172708, 0.984973, 0.0, 0.0, 0.0, 0.0, 1.0]
            ]
        },
        {
            "name": "Knee_L",
            "time": [0.0, 0.0333, 0.0833, 0.1333, 0.1833, 0.2167, 0.2667, 0.3833, 0.65, 0.7667, 0.8667, 0.9833, 1.1],
            "transform": [
                [1.0, 0.0, -0.0, 0.0, -0.0, 1e-06, -1.0, 0.426622, -0.0, 1.0, 1e-06, -0.0, 0.0, 0.0, 0.0, 1.0],
                [1.0, 0.0, -0.0, 0.0, -0.0, 1e-06, -1.0, 0.409185, -0.0, 1.0, 1e-06, -0.0, 0.0, 0.0, 0.0, 1.0],
                [1.0, 0.0, -0.0, -0.0, -0.0, 1e-06, -1.0, 0.409256, -0.0, 1.0, 1e-06, 0.0, 0.0, 0.0, 0.0, 1.0],
                [1.0, 0.0, -0.0, 0.0, -0.0, 1e-06, -1.0, 0.37472, -0.0, 1.0, 1e-06, 0.0, 0.0, 0.0, 0.0, 1.0],
                [1.0, 0.0, -0.0, 0.0, -0.0, 1e-06, -1.0, 0.37472, 0.0, 1.0, 1e-06, -0.0, 0.0, 0.0, 0.0, 1.0],
                [1.0, 0.0, -0.0, 0.0, -0.0, 1e-06, -1.0, 0.37472, -0.0, 1.0, 0.0, 0.0, 0.0, 0.0, 0.0, 1.0],
                [1.0, 0.0, -0.0, -0.0, -0.0, 1e-06, -1.0, 0.37472, -0.0, 1.0, 1e-06, -0.0, 0.0, 0.0, 0.0, 1.0],
                [1.0, 0.0, -0.0, 0.0, -0.0, 1e-06, -1.0, 0.37472, -0.0, 1.0, 1e-06, -0.0, 0.0, 0.0, 0.0, 1.0],
                [1.0, 0.0, -0.0, -0.0, -0.0, 1e-06, -1.0, 0.37472, -0.0, 1.0, 1e-06, 0.0, 0.0, 0.0, 0.0, 1.0],
                [1.0, 0.0, -0.0, -0.0, -0.0, 1e-06, -1.0, 0.430898, -0.0, 1.0, 1e-06, -0.0, 0.0, 0.0, 0.0, 1.0],
                [1.0, 0.0, -0.0, 0.0, -0.0, 1e-06, -1.0, 0.414403, -0.0, 1.0, 1e-06, 0.0, 0.0, 0.0, 0.0, 1.0],
                [1.0, 0.0, -0.0, -0.0, -0.0, 1e-06, -1.0, 0.389146, -0.0, 1.0, 1e-06, 0.0, 0.0, 0.0, 0.0, 1.0],
                [1.0, 0.0, -0.0, 0.0, -0.0, 1e-06, -1.0, 0.37472, -0.0, 1.0, 1e-06, 0.0, 0.0, 0.0, 0.0, 1.0]
            ]
        },
        {
            "name": "Torso",
            "time": [0.0, 0.1333, 0.2167, 0.65, 1.1],
            "transform": [
                [0.998393, -0.054968, -0.013758, 0.0, 0.055004, 0.998484, 0.002244, 0.05, 0.013614, -0.002997, 0.999903, 0.0, 0.0, 0.0, 0.0, 1.0],
                [0.998393, -0.054968, -0.013758, 0.0, 0.055004, 0.998484, 0.002244, 0.05, 0.013614, -0.002997, 0.999903, -0.0, 0.0, 0.0, 0.0, 1.0],
                [1.0, -0.0, 0.0, -0.0, 0.0, 1.0, -0.0, 0.05, -0.0, -0.0, 1.0, -0.0, 0.0, 0.0, 0.0, 1.0],
                [1.0, -0.0, 0.0, -0.0, -0.0, 1.0, -0.0, 0.05, 0.0, 0.0, 1.0, -0.0, 0.0, 0.0, 0.0, 1.0],
                [0.99978, -0.020971, -0.000197, -0.0, 0.020971, 0.999603, 0.018833, 0.05, -0.000198, -0.018833, 0.999823, 0.0, 0.0, 0.0, 0.0, 1.0]
            ]
        },
        {
            "name": "Chest",
            "time": [0.0, 0.1333, 0.2167, 0.65, 1.1],
            "transform": [
                [0.998825, -0.025502, 0.041215, -0.0, 0.023961, 0.999011, 0.037463, 0.3, -0.04213, -0.036431, 0.998448, -0.0, 0.0, 0.0, 0.0, 1.0],
                [0.768938, -0.361963, 0.526989, -0.0, 0.119581, 0.891173, 0.43762, 0.3, -0.628041, -0.273485, 0.72854, 0.0, 0.0, 0.0, 0.0, 1.0],
                [1.0, -0.0, 0.0, -0.0, 0.0, 1.0, -0.0, 0.3, -0.0, -0.0, 1.0, -0.0, 0.0, 0.0, 0.0, 1.0],
                [1.0, -0.0, 0.0, -0.0, -0.0, 1.0, -0.0, 0.3, -0.0, 0.0, 1.0, 0.0, 0.0, 0.0, 0.0, 1.0],
                [0.999771, -0.021411, -0.000206, -0.0, 0.021411, 0.999586, 0.019228, 0.3, -0.000206, -0.019228, 0.999815, 0.0, 0.0, 0.0, 0.0, 1.0]
            ]
        },
        {
            "name": "Head",
            "time": [0.0, 0.0333, 0.1333, 0.1833, 0.2667, 0.3833, 0.65, 0.7667, 0.8667, 0.9833, 1.1],
            "transform": [
                [0.938546, 0.139175, 0.315851, 0.0, -0.030696, 0.945131, -0.325247, 0.4, -0.343787, 0.295564, 0.891321, 0.0, 0.0, 0.0, 0.0, 1.0],
                [0.945886, -0.017462, -0.324028, -0.0, -0.09273, 0.942366, -0.321478, 0.4, 0.310966, 0.334129, 0.889752, 0.0, 0.0, 0.0, 0.0, 1.0],
                [0.100368, -0.115879, -0.988179, 0.0, -0.091043, 0.987958, -0.1251, 0.4, 0.990776, 0.102523, 0.088609, -0.0, 0.0, 0.0, 0.0, 1.0],
                [0.155579, -0.225351, -0.961776, 0.0, -0.071719, 0.968485, -0.238524, 0.4, 0.985217, 0.106087, 0.134514, 0.0, 0.0, 0.0, 0.0, 1.0],
                [0.108487, -0.225932, -0.968083, -0.0, -0.015577, 0.973325, -0.228901, 0.4, 0.993976, 0.039913, 0.102073, 0.0, 0.0, 0.0, 0.0, 1.0],
                [0.272432, -0.2266, -0.935111, -0.0, 0.004117, 0.972138, -0.234373, 0.4, 0.962166, 0.06, 0.265775, 0.0, 0.0, 0.0, 0.0, 1.0],
                [0.272432, -0.2266, -0.935111, -0.0, 0.004117, 0.972138, -0.234373, 0.4, 0.962166, 0.06, 0.265775, 0.0, 0.0, 0.0, 0.0, 1.0],
                [0.544371, -0.166559, -0.822143, -0.0, -0.004329, 0.979518, -0.201308, 0.4, 0.838834, 0.113145, 0.5325, -0.0, 0.0, 0.0, 0.0, 1.0],
                [0.904031, -0.057524, -0.423579, 0.0, -0.008996, 0.988125, -0.153391, 0.4, 0.427373, 0.14248, 0.892778, -0.0, 0.0, 0.0, 0.0, 1.0],
                [0.974409, 0.030662, 0.222679, -0.0, -0.010244, 0.995681, -0.092274, 0.4, -0.224547, 0.087632, 0.970515, -0.0, 0.0, 0.0, 0.0, 1.0],
                [0.85311, 0.037721, 0.520365, -0.0, -0.006297, 0.998055, -0.062025, 0.4, -0.521693, 0.049637, 0.851688, -0.0, 0.0, 0.0, 0.0, 1.0]
            ]
        },
        {
            "name": "Shoulder_R",
            "time": [0.0, 0.0333, 0.0667, 0.1667, 0.25, 0.65, 1.1],
            "transform": [
                [0.007973, 0.990975, 0.133807, 0.0, 0.015123, -0.133916, 0.990877, 0.4, 0.999854, -0.005877, -0.016054, 0.0, 0.0, 0.0, 0.0, 1.0],
                [0.271208, 0.946932, -0.17253, -0.0, 0.086498, 0.154545, 0.984192, 0.4, 0.958626, -0.281844, -0.039994, 0.0, 0.0, 0.0, 0.0, 1.0],
                [0.554207, 0.782807, -0.282962, -0.0, 0.196469, 0.207318, 0.958342, 0.4, 0.80886, -0.586713, -0.0389, -0.0, 0.0, 0.0, 0.0, 1.0],
                [0.554207, 0.782807, -0.282962, -0.0, 0.196469, 0.207318, 0.958342, 0.4, 0.80886, -0.586713, -0.0389, 0.0, 0.0, 0.0, 0.0, 1.0],
                [0.0, 0.952114, 0.305743, -0.0, 0.0, -0.305743, 0.952114, 0.4, 1.0, 0.0, -0.0, -0.0, 0.0, 0.0, 0.0, 1.0],
                [0.0, 0.952114, 0.305743, -0.0, 0.0, -0.305743, 0.952114, 0.4, 1.0, 0.0, -0.0, 0.0, 0.0, 0.0, 0.0, 1.0],
                [0.089555, 0.949274, 0.301428, -0.0, -0.003656, -0.302328, 0.953197, 0.4, 0.995975, -0.086466, -0.023605, -0.0, 0.0, 0.0, 0.0, 1.0]
            ]
        },
        {
            "name": "Arm_R",
            "time": [0.0, 0.0333, 0.1667, 0.25, 0.3833, 0.65, 1.1],
            "transform": [
                [0.364524, -0.539858, -0.758732, -0.0, 0.079084, 0.8298, -0.552429, 0.39386, 0.92783, 0.14137, 0.345176, 0.0, 0.0, 0.0, 0.0, 1.0],
                [0.33502, -0.917997, -0.212234, 0.0, 0.100027, 0.25863, -0.960783, 0.39386, 0.936886, 0.300652, 0.178471, 0.0, 0.0, 0.0, 0.0, 1.0],
                [0.33502, -0.917997, -0.212234, 0.0, 0.100027, 0.25863, -0.960783, 0.39386, 0.936886, 0.300652, 0.178471, 0.0, 0.0, 0.0, 0.0, 1.0],
                [-0.571592, -0.278638, -0.771779, 0.057559, -0.54548, 0.83168, 0.103727, 0.341141, 0.612971, 0.48028, -0.627374, 0.072006, 0.0, 0.0, 0.0, 1.0],
                [-0.570899, -0.25951, -0.778928, 0.057559, -0.545456, 0.828976, 0.123596, 0.341142, 0.613638, 0.495432, -0.614813, 0.072006, 0.0, 0.0, 0.0, 1.0],
                [-0.570899, -0.25951, -0.778928, 0.057559, -0.545456, 0.828976, 0.123596, 0.341142, 0.613638, 0.495432, -0.614813, 0.072006, 0.0, 0.0, 0.0, 1.0],
                [0.021071, 0.013447, -0.999687, -0.0, 0.946416, 0.322036, 0.02428, 0.39386, 0.322262, -0.946632, -0.005941, -0.0, 0.0, 0.0, 0.0, 1.0]
            ]
        },
        {
            "name": "Hand_R",
            "time": [0.0, 0.0333, 0.2667, 0.3833, 0.65, 1.1],
            "transform": [
                [1.0, 0.0, 0.0, 0.0, -0.0, 0.810388, -0.585894, 0.3, -0.0, 0.585894, 0.810388, 0.0, 0.0, 0.0, 0.0, 1.0],
                [1.0, 0.0, 0.0, -0.0, -0.0, 0.280825, -0.959759, 0.3, -0.0, 0.959759, 0.280825, 0.0, 0.0, 0.0, 0.0, 1.0],
                [1.0, 0.0, -0.0, -0.0, -0.0, 0.989552, -0.14418, 0.3, -0.0, 0.14418, 0.989551, 0.0, 0.0, 0.0, 0.0, 1.0],
                [1.0, 0.0, 0.0, 0.0, -0.0, 0.890749, -0.454496, 0.3, -0.0, 0.454496, 0.890749, 0.0, 0.0, 0.0, 0.0, 1.0],
                [1.0, 0.0, 0.0, 0.0, -0.0, 0.890749, -0.454496, 0.3, -0.0, 0.454496, 0.890749, 0.0, 0.0, 0.0, 0.0, 1.0],
                [1.0, 0.0, 0.0, 0.0, -0.0, 0.999904, -0.01388, 0.3, -0.0, 0.01388, 0.999904, 0.0, 0.0, 0.0, 0.0, 1.0]
            ]
        },
        {
            "name": "Tool_R",
            "time": [0.0, 0.0333, 0.1667, 0.2667, 0.3833, 0.65, 1.1],
            "transform": [
                [0.988956, -0.147436, -0.015148, -0.0, 0.047252, 0.410515, -0.910629, 0.272858, 0.140395, 0.899327, 0.412694, 0.0, 0.0, 0.0, 0.0, 1.0],
                [1.0, -1e-06, 1e-06, 0.0, 1e-06, 0.994674, -0.103075, 0.272858, -1e-06, 0.103025, 0.994084, 0.0, 0.0, 0.0, 0.0, 1.0],
                [1.0, -1e-06, 1e-06, -0.0, 1e-06, 0.987402, 0.158237, 0.272858, -1e-06, -0.158132, 0.986819, 0.0, 0.0, 0.0, 0.0, 1.0],
                [1.0, 1e-06, 1e-06, -0.0, 1e-06, 0.107308, -0.994226, 0.272858, -1e-06, 0.993639, 0.107233, -0.0, 0.0, 0.0, 0.0, 1.0],
                [1.0, 1e-06, 1e-06, 0.0, 1e-06, 0.212762, -0.977104, 0.272858, -1e-06, 0.976528, 0.212626, -0.0, 0.0, 0.0, 0.0, 1.0],
                [1.0, 1e-06, 1e-06, 0.0, 1e-06, 0.212762, -0.977104, 0.272858, -1e-06, 0.976528, 0.212626, -0.0, 0.0, 0.0, 0.0, 1.0],
                [1.0, 0.0, 0.0, -0.0, 0.0, -0.999836, 0.018122, 0.272858, 0.0, -0.018122, -0.999244, 0.0, 0.0, 0.0, 0.0, 1.0]
            ]
        },
        {
            "name": "Elbow_R",
            "time": [0.0, 0.0333, 0.2667, 0.65, 1.1],
            "transform": [
                [-1.0, 0.0, 0.0, -0.0, -0.0, -0.0, -1.0, 0.368985, -0.0, -1.0, 0.0, -0.0, 0.0, 0.0, 0.0, 1.0],
                [-1.0, 0.0, -0.0, -0.0, 0.0, -0.0, -1.0, 0.430849, -0.0, -1.0, 0.0, 0.0, 0.0, 0.0, 0.0, 1.0],
                [-1.0, 0.0, -0.0, -0.0, 0.0, -0.0, -1.0, 0.323882, -0.0, -1.0, 0.0, 0.0, 0.0, 0.0, 0.0, 1.0],
                [-1.0, 0.0, -0.0, 0.0, 0.0, -0.0, -1.0, 0.354538, -0.0, -1.0, 0.0, 0.0, 0.0, 0.0, 0.0, 1.0],
                [-1.0, 0.0, -0.0, 0.0, 0.0, -0.0, -1.0, 0.311625, -0.0, -1.0, 0.0, -0.0, 0.0, 0.0, 0.0, 1.0]
            ]
        },
        {
            "name": "Shoulder_L",
            "time": [0.0, 0.0833, 0.1833, 0.2667, 0.3833, 0.65, 1.1],
            "transform": [
                [-0.166174, -0.931939, -0.322297, 0.0, 0.114842, -0.342907, 0.932323, 0.4, -0.979386, 0.117914, 0.164008, 0.0, 0.0, 0.0, 0.0, 1.0],
                [0.396437, -0.905078, -0.153857, 0.0, 0.165902, -0.094204, 0.981632, 0.4, -0.902948, -0.41468, 0.112809, 0.0, 0.0, 0.0, 0.0, 1.0],
                [0.396437, -0.905078, -0.153857, 0.0, 0.165902, -0.094204, 0.981632, 0.4, -0.902948, -0.41468, 0.112809, 0.0, 0.0, 0.0, 0.0, 1.0],
                [0.034878, -0.98944, -0.140684, -0.0, 0.061877, -0.138362, 0.988447, 0.4, -0.997474, -0.043181, 0.056398, 0.0, 0.0, 0.0, 0.0, 1.0],
                [0.033166, -0.983961, -0.175275, -0.0, 0.071918, -0.172567, 0.982369, 0.4, -0.996859, -0.045186, 0.065041, 0.0, 0.0, 0.0, 0.0, 1.0],
                [0.033166, -0.983961, -0.175275, -0.0, 0.071918, -0.172567, 0.982369, 0.4, -0.996859, -0.045186, 0.065041, 0.0, 0.0, 0.0, 0.0, 1.0],
                [0.088499, -0.949454, -0.301172, -0.0, -0.003902, -0.302687, 0.953082, 0.4, -0.996068, -0.083172, -0.030493, -0.0, 0.0, 0.0, 0.0, 1.0]
            ]
        },
        {
            "name": "Arm_L",
            "time": [0.0, 0.0833, 0.1833, 0.2667, 0.3833, 0.65, 1.1],
            "transform": [
                [0.44092, 0.337448, 0.831696, -0.0, -0.064094, 0.936105, -0.345832, 0.39386, -0.895255, 0.099178, 0.434376, -0.0, 0.0, 0.0, 0.0, 1.0],
                [-0.184923, 0.829012, 0.527771, 0.0, 0.189775, 0.557048, -0.808507, 0.39386, -0.964256, -0.049354, -0.260337, -0.0, 0.0, 0.0, 0.0, 1.0],
                [-0.184923, 0.748298, 0.637067, 0.0, 0.189775, 0.663236, -0.72395, 0.39386, -0.964256, -0.012976, -0.264656, -0.0, 0.0, 0.0, 0.0, 1.0],
                [-0.374575, -0.387584, 0.842301, 0.0, -0.207814, 0.920421, 0.331115, 0.39386, -0.903607, -0.051015, -0.425312, -0.0, 0.0, 0.0, 0.0, 1.0],
                [-0.327737, -0.380572, 0.864727, -0.0, -0.366758, 0.894749, 0.254781, 0.393861, -0.870676, -0.233644, -0.43282, -0.0, 0.0, 0.0, 0.0, 1.0],
                [-0.327737, -0.380572, 0.864727, -0.0, -0.366758, 0.894749, 0.254781, 0.393861, -0.870676, -0.233644, -0.43282, -0.0, 0.0, 0.0, 0.0, 1.0],
                [0.159467, 0.003163, 0.987198, -0.0, -0.915361, 0.374973, 0.146661, 0.393861, -0.369709, -0.92703, 0.062691, 0.0, 0.0, 0.0, 0.0, 1.0]
            ]
        },
        {
            "name": "Hand_L",
            "time": [0.0, 0.0833, 0.3833, 0.65, 1.1],
            "transform": [
                [1.0, 0.0, -0.0, -0.0, -0.0, 0.814431, -0.580261, 0.3, -0.0, 0.580261, 0.814431, 0.0, 0.0, 0.0, 0.0, 1.0],
                [1.0, 0.0, -0.0, -0.0, -0.0, 0.276151, -0.961115, 0.3, -0.0, 0.961114, 0.276151, 0.0, 0.0, 0.0, 0.0, 1.0],
                [1.0, 0.0, 0.0, -0.0, -0.0, 0.571562, -0.820559, 0.3, -0.0, 0.820559, 0.571562, 0.0, 0.0, 0.0, 0.0, 1.0],
                [1.0, 0.0, 0.0, -0.0, -0.0, 0.571562, -0.820559, 0.3, -0.0, 0.820559, 0.571562, 0.0, 0.0, 0.0, 0.0, 1.0],
                [1.0, 0.0, 0.0, 0.0, -0.0, 0.999915, 0.013084, 0.3, -0.0, -0.013084, 0.999915, -0.0, 0.0, 0.0, 0.0, 1.0]
            ]
        },
        {
            "name": "Tool_L",
            "time": [0.0, 1.1],
            "transform": [
                [1.0, 0.0, 0.0, 0.0, 0.0, -0.999836, 0.018122, 0.272858, 0.0, -0.018122, -0.999248, 0.0, 0.0, 0.0, 0.0, 1.0],
                [1.0, 0.0, 0.0, -0.0, 0.0, -0.999836, 0.018122, 0.272858, 0.0, -0.018122, -0.999248, -0.0, 0.0, 0.0, 0.0, 1.0]
            ]
        },
        {
            "name": "Elbow_L",
            "time": [0.0, 0.0833, 0.3833, 0.65, 1.1],
            "transform": [
                [-1.0, 0.0, -0.0, 0.0, 0.0, -0.0, -1.0, 0.368336, -0.0, -1.0, -0.0, -0.0, 0.0, 0.0, 0.0, 1.0],
                [-1.0, 0.0, -0.0, -0.0, 0.0, -0.0, -1.0, 0.431305, -0.0, -1.0, -0.0, 0.0, 0.0, 0.0, 0.0, 1.0],
                [-1.0, 0.0, -0.0, -0.0, 0.0, -0.0, -1.0, 0.40051, -0.0, -1.0, -0.0, -0.0, 0.0, 0.0, 0.0, 1.0],
                [-1.0, 0.0, -0.0, -0.0, 0.0, -0.0, -1.0, 0.40051, -0.0, -1.0, -0.0, -0.0, 0.0, 0.0, 0.0, 1.0],
                [-1.0, 0.0, -0.0, 0.0, 0.0, -0.0, -1.0, 0.309098, -0.0, -1.0, 0.0, 0.0, 0.0, 0.0, 0.0, 1.0]
            ]
        }
    ]
}