{
    "animation": [
        {
            "name": "Coord",
            "time": [0.0, 0.0333, 0.65],
            "transform": [
                [1.0, 0.0, 0.0, 0.0, 0.0, 0.0, -1.0, 0.404588, 0.0, 1.0, 0.0, 0.0, 0.0, 0.0, 0.0, 1.0],
                [1.0, 0.0, 0.0, 0.0, 0.0, 0.0, -1.0, 0.999119, 0.0, 1.0, 0.0, 0.0, 0.0, 0.0, 0.0, 1.0],
                [1.0, 0.0, 0.0, 0.0, 0.0, 0.0, -1.0, 0.999119, 0.0, 1.0, 0.0, 0.0, 0.0, 0.0, 0.0, 1.0]
            ]
        },
        {
            "name": "Root",
            "time": [0.0, 0.0333, 0.0833, 0.2, 0.65],
            "transform": [
                [0.921489, 0.014622, -0.388129, -5e-06, 0.007074, 0.998493, 0.054412, 0.666947, 0.38834, -0.052886, 0.919998, -0.000946, 0.0, 0.0, 0.0, 1.0],
                [0.979298, 0.021738, -0.201255, -5e-06, 0.004031, 0.991926, 0.126754, 0.594752, 0.202386, -0.124941, 0.971303, -0.000946, 0.0, 0.0, 0.0, 1.0],
                [0.990151, 0.0, 0.140007, -5e-06, -0.034719, 0.968765, 0.245539, 0.567094, -0.135634, -0.247981, 0.959223, -0.000946, 0.0, 0.0, 0.0, 1.0],
                [0.978934, 0.082429, -0.186799, -5e-06, -0.065399, 0.993272, 0.095574, 0.567094, 0.19342, -0.081344, 0.977738, -0.000946, 0.0, 0.0, 0.0, 1.0],
                [0.978934, 0.082429, -0.186799, -5e-06, -0.065399, 0.993272, 0.095574, 0.567094, 0.19342, -0.081344, 0.977738, -0.000946, 0.0, 0.0, 0.0, 1.0]
            ]
        },
        {
            "name": "Thigh_R",
            "time": [0.0, 0.0333, 0.0833, 0.2, 0.65],
            "transform": [
                [0.974731, 0.222867, 0.015101, 0.124994, 0.218136, -0.93511, -0.279252, -0.002831, -0.048115, 0.27549, -0.960099, -1.2e-05, 0.0, 0.0, 0.0, 1.0],
                [0.976864, 0.178446, 0.117864, 0.124994, 0.207153, -0.926478, -0.314202, -0.002831, 0.053131, 0.331348, -0.942012, -1.2e-05, 0.0, 0.0, 0.0, 1.0],
                [0.944329, 0.019106, 0.328446, 0.124994, 0.124811, -0.94449, -0.303905, -0.002831, 0.304408, 0.327979, -0.894296, -1.2e-05, 0.0, 0.0, 0.0, 1.0],
                [0.939476, 0.284833, 0.190405, 0.124994, 0.321868, -0.924192, -0.205591, -0.002831, 0.117412, 0.254433, -0.959937, -1.2e-05, 0.0, 0.0, 0.0, 1.0],
                [0.939476, 0.284833, 0.190405, 0.124994, 0.321868, -0.924192, -0.205591, -0.002831, 0.117412, 0.254433, -0.959937, -1.2e-05, 0.0, 0.0, 0.0, 1.0]
            ]
        },
        {
            "name": "Leg_R",
            "time": [0.0, 0.0333, 0.0833, 0.2, 0.65],
            "transform": [
                [1.0, -0.0, 1e-06, 0.0, 0.0, 0.977455, 0.211147, 0.37472, -1e-06, -0.211148, 0.977453, -0.0, 0.0, 0.0, 0.0, 1.0],
                [1.0, -0.0, 1e-06, 0.0, 0.0, 0.938528, 0.345206, 0.37472, -1e-06, -0.345206, 0.938526, 0.0, 0.0, 0.0, 0.0, 1.0],
                [1.0, -0.0, 1e-06, -0.0, -0.0, 0.949666, 0.313266, 0.37472, -1e-06, -0.313266, 0.949665, -0.0, 0.0, 0.0, 0.0, 1.0],
                [1.0, -0.0, 1e-06, 0.0, -0.0, 0.797038, 0.603929, 0.37472, -1e-06, -0.60393, 0.797037, 0.0, 0.0, 0.0, 0.0, 1.0],
                [1.0, -0.0, 1e-06, 0.0, -0.0, 0.797038, 0.603929, 0.37472, -1e-06, -0.60393, 0.797037, 0.0, 0.0, 0.0, 0.0, 1.0]
            ]
        },
        {
            "name": "Knee_R",
            "time": [0.0, 0.0333, 0.0833, 0.65],
            "transform": [
                [1.0, 0.0, -0.0, 0.0, -0.0, 1e-06, -1.0, 0.37472, -0.0, 1.0, 1e-06, 0.0, 0.0, 0.0, 0.0, 1.0],
                [1.0, 0.0, -0.0, 0.0, -0.0, 1e-06, -1.0, 0.37472, -0.0, 1.0, 1e-06, 0.0, 0.0, 0.0, 0.0, 1.0],
                [1.0, 0.0, -0.0, -0.0, -0.0, 1e-06, -1.0, 0.37472, -0.0, 1.0, 1e-06, 0.0, 0.0, 0.0, 0.0, 1.0],
                [1.0, 0.0, -0.0, 0.0, -0.0, 1e-06, -1.0, 0.396898, -0.0, 1.0, 1e-06, 0.0, 0.0, 0.0, 0.0, 1.0]
            ]
        },
        {
            "name": "Thigh_L",
            "time": [0.0, 0.0833, 0.2, 0.65],
            "transform": [
                [0.949241, -0.290592, -0.120404, -0.125006, -0.022799, -0.44534, 0.895071, -0.002831, -0.313721, -0.846894, -0.42936, -1.2e-05, 0.0, 0.0, 0.0, 1.0],
                [0.987198, 0.147301, 0.061166, -0.125006, -0.020206, -0.264902, 0.964063, -0.002831, 0.158211, -0.952958, -0.258535, -1.2e-05, 0.0, 0.0, 0.0, 1.0],
                [0.983931, -0.123504, -0.128936, -0.125006, 0.065532, -0.421945, 0.904249, -0.002831, -0.166083, -0.89817, -0.407072, -1.2e-05, 0.0, 0.0, 0.0, 1.0],
                [0.983931, -0.123504, -0.128936, -0.125006, 0.065532, -0.421945, 0.904249, -0.002831, -0.166083, -0.89817, -0.407072, -1.2e-05, 0.0, 0.0, 0.0, 1.0]
            ]
        },
        {
            "name": "Leg_L",
            "time": [0.0, 0.0833, 0.2, 0.65],
            "transform": [
                [1.0, -1e-06, 1e-06, -0.0, -1e-06, -0.157607, 0.987502, 0.37472, -1e-06, -0.987502, -0.157607, 0.0, 0.0, 0.0, 0.0, 1.0],
                [1.0, -1e-06, 1e-06, 0.0, -0.0, 0.609216, 0.793004, 0.37472, -1e-06, -0.793004, 0.609217, 0.0, 0.0, 0.0, 0.0, 1.0],
                [1.0, -1e-06, 1e-06, -0.0, -0.0, 0.518921, 0.854822, 0.37472, -1e-06, -0.854822, 0.518922, 0.0, 0.0, 0.0, 0.0, 1.0],
                [1.0, -1e-06, 1e-06, -0.0, -0.0, 0.518921, 0.854822, 0.37472, -1e-06, -0.854822, 0.518922, 0.0, 0.0, 0.0, 0.0, 1.0]
            ]
        },
        {
            "name": "Knee_L",
            "time": [0.0, 0.0833, 0.2, 0.65],
            "transform": [
                [1.0, 0.0, -0.0, 0.0, -0.0, 1e-06, -1.0, 0.47972, -0.0, 1.0, 1e-06, -0.0, 0.0, 0.0, 0.0, 1.0],
                [1.0, 0.0, -0.0, 0.0, -0.0, 1e-06, -1.0, 0.4209, -0.0, 1.0, 1e-06, -0.0, 0.0, 0.0, 0.0, 1.0],
                [1.0, 0.0, -0.0, 0.0, -0.0, 1e-06, -1.0, 0.430731, -0.0, 1.0, 1e-06, 0.0, 0.0, 0.0, 0.0, 1.0],
                [1.0, 0.0, -0.0, 0.0, -0.0, 1e-06, -1.0, 0.430731, -0.0, 1.0, 1e-06, 0.0, 0.0, 0.0, 0.0, 1.0]
            ]
        },
        {
            "name": "Torso",
            "time": [0.0, 0.65],
            "transform": [
                [0.99978, -0.020971, -0.000197, -0.0, 0.020971, 0.999603, 0.018833, 0.05, -0.000198, -0.018833, 0.999823, -0.0, 0.0, 0.0, 0.0, 1.0],
                [0.99978, -0.020971, -0.000197, -0.0, 0.020971, 0.999603, 0.018833, 0.05, -0.000198, -0.018833, 0.999823, 0.0, 0.0, 0.0, 0.0, 1.0]
            ]
        },
        {
            "name": "Chest",
            "time": [0.0, 0.0833, 0.2, 0.65],
            "transform": [
                [0.999771, -0.021411, -0.000206, -0.0, 0.021411, 0.999586, 0.019225, 0.3, -0.000206, -0.019225, 0.999815, 0.0, 0.0, 0.0, 0.0, 1.0],
                [0.999771, -0.021411, -0.000206, 0.0, 0.021411, 0.999586, 0.019225, 0.3, -0.000206, -0.019225, 0.999815, -0.0, 0.0, 0.0, 0.0, 1.0],
                [0.99989, -0.014646, 0.00219, -0.0, 0.01468, 0.999755, -0.016582, 0.3, -0.001947, 0.016613, 0.99986, -0.0, 0.0, 0.0, 0.0, 1.0],
                [0.99989, -0.014646, 0.00219, -0.0, 0.01468, 0.999755, -0.016582, 0.3, -0.001947, 0.016613, 0.99986, -0.0, 0.0, 0.0, 0.0, 1.0]
            ]
        },
        {
            "name": "Head",
            "time": [0.0, 0.0833, 0.2, 0.65],
            "transform": [
                [0.939416, 0.044537, 0.339873, 0.0, -0.000194, 0.991592, -0.129403, 0.4, -0.342779, 0.121497, 0.931526, 0.0, 0.0, 0.0, 0.0, 1.0],
                [0.99275, -0.003467, -0.12015, 0.0, -0.030384, 0.959884, -0.278746, 0.4, 0.116297, 0.280376, 0.952819, -0.0, 0.0, 0.0, 0.0, 1.0],
                [0.981511, -0.033406, 0.188466, 0.0, 0.051282, 0.994549, -0.090785, 0.4, -0.184406, 0.098771, 0.977874, 0.0, 0.0, 0.0, 0.0, 1.0],
                [0.981511, -0.033406, 0.188466, 0.0, 0.051282, 0.994549, -0.090785, 0.4, -0.184406, 0.098771, 0.977874, 0.0, 0.0, 0.0, 0.0, 1.0]
            ]
        },
        {
            "name": "Shoulder_R",
            "time": [0.0, 0.0333, 0.0833, 0.65],
            "transform": [
                [-0.387366, 0.84379, 0.371437, 0.0, 0.024078, -0.393495, 0.919011, 0.4, 0.921611, 0.364938, 0.13211, 0.0, 0.0, 0.0, 0.0, 1.0],
                [-0.601983, 0.705127, 0.374717, 0.0, 0.055605, -0.431114, 0.900583, 0.4, 0.79657, 0.562972, 0.220314, 0.0, 0.0, 0.0, 0.0, 1.0],
                [0.646878, 0.736833, 0.196536, 0.0, -0.001433, -0.256545, 0.966531, 0.4, 0.762592, -0.625509, -0.164897, -0.0, 0.0, 0.0, 0.0, 1.0],
                [0.646878, 0.736833, 0.196536, 0.0, -0.001433, -0.256545, 0.966531, 0.4, 0.762592, -0.625509, -0.164897, 0.0, 0.0, 0.0, 0.0, 1.0]
            ]
        },
        {
            "name": "Arm_R",
            "time": [0.0, 0.0333, 0.0833, 0.2, 0.65],
            "transform": [
                [0.165359, 0.052774, -0.98482, 0.0, 0.62344, 0.768149, 0.145843, 0.393861, 0.764185, -0.638093, 0.094119, -0.0, 0.0, 0.0, 0.0, 1.0],
                [0.242189, 0.099912, -0.965071, 0.0, 0.21403, 0.964678, 0.153583, 0.393861, 0.946328, -0.24375, 0.21225, -0.0, 0.0, 0.0, 0.0, 1.0],
                [0.45437, -0.866074, -0.208478, -0.0, 0.276126, 0.359434, -0.891382, 0.393861, 0.846937, 0.347452, 0.402462, -0.0, 0.0, 0.0, 0.0, 1.0],
                [0.236318, -0.87909, -0.413949, 0.0, 0.361089, 0.474959, -0.802514, 0.393861, 0.902091, 0.040176, 0.429671, -0.0, 0.0, 0.0, 0.0, 1.0],
                [0.236318, -0.87909, -0.413949, 0.0, 0.361089, 0.474959, -0.802514, 0.393861, 0.902091, 0.040176, 0.429671, -0.0, 0.0, 0.0, 0.0, 1.0]
            ]
        },
        {
            "name": "Hand_R",
            "time": [0.0, 0.0333, 0.0833, 0.2, 0.65],
            "transform": [
                [1.0, 0.0, 0.0, -0.0, 0.0, 0.584842, -0.811147, 0.3, -0.0, 0.811147, 0.584842, 0.0, 0.0, 0.0, 0.0, 1.0],
                [1.0, 0.0, 0.0, 0.0, -0.0, 0.44549, -0.895287, 0.3, -0.0, 0.895287, 0.44549, -0.0, 0.0, 0.0, 0.0, 1.0],
                [1.0, 0.0, 0.0, 0.0, -0.0, 0.999904, -0.01388, 0.3, -0.0, 0.01388, 0.999904, 0.0, 0.0, 0.0, 0.0, 1.0],
                [1.0, 0.0, 0.0, 0.0, -0.0, 0.949304, -0.31436, 0.3, -0.0, 0.31436, 0.949304, 0.0, 0.0, 0.0, 0.0, 1.0],
                [1.0, 0.0, 0.0, 0.0, -0.0, 0.949304, -0.31436, 0.3, -0.0, 0.31436, 0.949304, 0.0, 0.0, 0.0, 0.0, 1.0]
            ]
        },
        {
            "name": "Tool_R",
            "time": [0.0, 0.0333, 0.05, 0.0667, 0.0833, 0.2, 0.65],
            "transform": [
                [0.980346, 0.194905, 0.030557, -0.012526, 0.194879, -0.98082, 0.003857, 0.274074, 0.030706, 0.002162, -0.998934, 0.013429, 0.0, 0.0, 0.0, 1.0],
                [0.789413, 0.609642, 0.071858, -0.034466, 0.613157, -0.788696, -0.044689, 0.276204, 0.02942, 0.079283, -0.995824, 0.03695, 0.0, 0.0, 0.0, 1.0],
                [0.417639, 0.905019, 0.080739, -0.051706, 0.668106, -0.245653, -0.702346, 0.277878, -0.615431, 0.347061, -0.706831, 0.055433, 0.0, 0.0, 0.0, 1.0],
                [0.424663, 0.88648, 0.183887, -0.064331, 0.274517, 0.067469, -0.959213, 0.279104, -0.862216, 0.457551, -0.214585, 0.068968, 0.0, 0.0, 0.0, 1.0],
                [0.630232, 0.735924, -0.247436, -0.041015, -0.370029, 0.004529, -0.92901, 0.267223, -0.682159, 0.676649, 0.274994, 0.043611, 0.0, 0.0, 0.0, 1.0],
                [0.668805, 0.742767, 0.031576, -0.029114, 0.034988, 0.010979, -0.999328, 0.263459, -0.742174, 0.669064, -0.018645, 0.03133, 0.0, 0.0, 0.0, 1.0],
                [0.668805, 0.742767, 0.031576, -0.029114, 0.034988, 0.010979, -0.999328, 0.263459, -0.742174, 0.669064, -0.018645, 0.03133, 0.0, 0.0, 0.0, 1.0]
            ]
        },
        {
            "name": "Elbow_R",
            "time": [0.0, 0.0333, 0.0833, 0.2, 0.65],
            "transform": [
                [-1.0, 0.0, 0.0, 0.0, 0.0, -0.0, -1.0, 0.398985, -0.0, -1.0, 0.0, -0.0, 0.0, 0.0, 0.0, 1.0],
                [-1.0, 0.0, 0.0, 0.0, 0.0, -0.0, -1.0, 0.414256, -0.0, -1.0, 0.0, -0.0, 0.0, 0.0, 0.0, 1.0],
                [-1.0, 0.0, -0.0, -0.0, 0.0, -0.0, -1.0, 0.311625, -0.0, -1.0, 0.0, -0.0, 0.0, 0.0, 0.0, 1.0],
                [-1.0, 0.0, -0.0, 0.0, 0.0, -0.0, -1.0, 0.340291, -0.0, -1.0, 0.0, 0.0, 0.0, 0.0, 0.0, 1.0],
                [-1.0, 0.0, -0.0, 0.0, 0.0, -0.0, -1.0, 0.340291, -0.0, -1.0, 0.0, 0.0, 0.0, 0.0, 0.0, 1.0]
            ]
        },
        {
            "name": "Shoulder_L",
            "time": [0.0, 0.0833, 0.2, 0.65],
            "transform": [
                [0.446575, -0.86779, -0.217973, 0.0, -0.03567, -0.260687, 0.964764, 0.4, -0.894035, -0.423064, -0.14737, 0.0, 0.0, 0.0, 0.0, 1.0],
                [0.559628, -0.814446, -0.153277, 0.0, -0.055888, -0.221618, 0.973531, 0.4, -0.826857, -0.536249, -0.169541, -0.0, 0.0, 0.0, 0.0, 1.0],
                [-0.031965, -0.944509, -0.326925, 0.0, -0.018324, -0.326484, 0.945025, 0.4, -0.999321, 0.036198, -0.006871, 0.0, 0.0, 0.0, 0.0, 1.0],
                [-0.031965, -0.944509, -0.326925, 0.0, -0.018324, -0.326484, 0.945025, 0.4, -0.999321, 0.036198, -0.006871, 0.0, 0.0, 0.0, 0.0, 1.0]
            ]
        },
        {
            "name": "Arm_L",
            "time": [0.0, 0.2, 0.65],
            "transform": [
                [0.160327, 0.728225, 0.666322, 0.0, -0.071234, 0.68183, -0.728034, 0.39386, -0.98449, 0.069258, 0.16119, 0.0, 0.0, 0.0, 0.0, 1.0],
                [0.171988, 0.799742, 0.575181, 0.0, -0.390029, 0.59145, -0.705737, 0.39386, -0.904598, -0.102959, 0.413645, 0.0, 0.0, 0.0, 0.0, 1.0],
                [0.171988, 0.799742, 0.575181, 0.0, -0.390029, 0.59145, -0.705737, 0.39386, -0.904598, -0.102959, 0.413645, 0.0, 0.0, 0.0, 0.0, 1.0]
            ]
        },
        {
            "name": "Hand_L",
            "time": [0.0, 0.0833, 0.2, 0.65],
            "transform": [
                [1.0, 0.0, 0.0, 0.0, -0.0, 0.382024, -0.924153, 0.3, -0.0, 0.924152, 0.382024, 0.0, 0.0, 0.0, 0.0, 1.0],
                [1.0, 0.0, 0.0, 0.0, -0.0, 0.382024, -0.924153, 0.3, -0.0, 0.924153, 0.382024, -0.0, 0.0, 0.0, 0.0, 1.0],
                [1.0, 0.0, -0.0, -0.0, -0.0, 0.473595, -0.880743, 0.3, -0.0, 0.880743, 0.473595, 0.0, 0.0, 0.0, 0.0, 1.0],
                [1.0, 0.0, -0.0, -0.0, -0.0, 0.473595, -0.880743, 0.3, -0.0, 0.880743, 0.473595, 0.0, 0.0, 0.0, 0.0, 1.0]
            ]
        },
        {
            "name": "Tool_L",
            "time": [0.0, 0.65],
            "transform": [
                [1.0, 0.0, 0.0, 0.0, 0.0, -0.999836, 0.018122, 0.272858, 0.0, -0.018122, -0.999247, -0.0, 0.0, 0.0, 0.0, 1.0],
                [1.0, 0.0, 0.0, -0.0, 0.0, -0.999836, 0.018122, 0.272858, 0.0, -0.018122, -0.999247, -0.0, 0.0, 0.0, 0.0, 1.0]
            ]
        },
        {
            "name": "Elbow_L",
            "time": [0.0, 0.0833, 0.2, 0.65],
            "transform": [
                [-1.0, 0.0, -0.0, -0.0, -0.0, -0.0, -1.0, 0.420791, -0.0, -1.0, -0.0, 0.0, 0.0, 0.0, 0.0, 1.0],
                [-1.0, 0.0, -0.0, 0.0, 0.0, -0.0, -1.0, 0.420791, -0.0, -1.0, -0.0, -0.0, 0.0, 0.0, 0.0, 1.0],
                [-1.0, 0.0, -0.0, -0.0, 0.0, -0.0, -1.0, 0.41129, -0.0, -1.0, -0.0, -0.0, 0.0, 0.0, 0.0, 1.0],
                [-1.0, 0.0, -0.0, -0.0, 0.0, -0.0, -1.0, 0.41129, -0.0, -1.0, -0.0, -0.0, 0.0, 0.0, 0.0, 1.0]
            ]
        }
    ]
}