{
    "animation": [
        {
            "name": "Coord",
            "time": [0.0, 0.0667, 0.1667, 0.65],
            "transform": [
                [1.0, 0.0, 0.0, 0.0, 0.0, 0.0, -1.0, 0.380657, 0.0, 1.0, 0.0, 0.0, 0.0, 0.0, 0.0, 1.0],
                [1.0, 0.0, 0.0, 0.0, 0.0, 0.0, -1.0, 0.859172, 0.0, 1.0, 0.0, 0.0, 0.0, 0.0, 0.0, 1.0],
                [1.0, 0.0, 0.0, 0.0, 0.0, 0.0, -1.0, 1.6652, 0.0, 1.0, 0.0, 0.0, 0.0, 0.0, 0.0, 1.0],
                [1.0, 0.0, 0.0, 0.0, 0.0, 0.0, -1.0, 1.6652, 0.0, 1.0, 0.0, 0.0, 0.0, 0.0, 0.0, 1.0]
            ]
        },
        {
            "name": "Root",
            "time": [0.0, 0.0667, 0.1667, 0.3, 0.65],
            "transform": [
                [0.953973, 0.02721, 0.298654, -5e-06, -0.047202, 0.997086, 0.05993, 0.70527, -0.296153, -0.071268, 0.952478, -0.000946, 0.0, 0.0, 0.0, 1.0],
                [0.80045, -0.00497, 0.599379, -5e-06, -0.025572, 0.998772, 0.042432, 0.567094, -0.598853, -0.049292, 0.79934, -0.000946, 0.0, 0.0, 0.0, 1.0],
                [0.90735, 0.041006, -0.418371, -5e-06, 0.102748, 0.943412, 0.315303, 0.602975, 0.407626, -0.329078, 0.851792, -0.000946, 0.0, 0.0, 0.0, 1.0],
                [0.564861, 0.041006, -0.824167, -5e-06, 0.249783, 0.943412, 0.218133, 0.602975, 0.786474, -0.329077, 0.522654, -0.000946, 0.0, 0.0, 0.0, 1.0],
                [0.564861, 0.041006, -0.824167, -5e-06, 0.249783, 0.943412, 0.218133, 0.602975, 0.786474, -0.329077, 0.522654, -0.000946, 0.0, 0.0, 0.0, 1.0]
            ]
        },
        {
            "name": "Thigh_R",
            "time": [0.0, 0.0667, 0.1167, 0.1667, 0.2333, 0.3, 0.65],
            "transform": [
                [0.854927, 0.399516, 0.330888, 0.124994, -0.024743, -0.605724, 0.795289, -0.002831, 0.518158, -0.6881, -0.507966, -1.2e-05, 0.0, 0.0, 0.0, 1.0],
                [0.818826, 0.522033, 0.238755, 0.124994, 0.011016, -0.430131, 0.902699, -0.002831, 0.573935, -0.736522, -0.357954, -1.2e-05, 0.0, 0.0, 0.0, 1.0],
                [0.80075, 0.283738, 0.527534, 0.124994, -0.014849, -0.871017, 0.491026, -0.002831, 0.598814, -0.401021, -0.693255, -1.2e-05, 0.0, 0.0, 0.0, 1.0],
                [0.992176, 0.124825, -0.001969, 0.124994, 0.124707, -0.990256, 0.061944, -0.002831, 0.005782, -0.061704, -0.998078, -1.2e-05, 0.0, 0.0, 0.0, 1.0],
                [0.891137, 0.057182, -0.450116, 0.124994, 0.141981, -0.977349, 0.156931, -0.002831, -0.430948, -0.203754, -0.879073, -1.2e-05, 0.0, 0.0, 0.0, 1.0],
                [0.78544, -0.001789, -0.618936, 0.124993, 0.132185, -0.976437, 0.170567, -0.002831, -0.604658, -0.215783, -0.766698, -1.2e-05, 0.0, 0.0, 0.0, 1.0],
                [0.78544, -0.001789, -0.618936, 0.124993, 0.132185, -0.976437, 0.170567, -0.002831, -0.604658, -0.215783, -0.766698, -1.2e-05, 0.0, 0.0, 0.0, 1.0]
            ]
        },
        {
            "name": "Leg_R",
            "time": [0.0, 0.0667, 0.1167, 0.1667, 0.2333, 0.3, 0.65],
            "transform": [
                [1.0, -1e-06, 0.0, 0.0, -0.0, 0.148912, 0.98885, 0.37472, -1e-06, -0.988851, 0.148912, -0.0, 0.0, 0.0, 0.0, 1.0],
                [1.0, -1e-06, 1e-06, -0.0, -0.0, 0.358764, 0.933428, 0.37472, -1e-06, -0.933429, 0.358764, -0.0, 0.0, 0.0, 0.0, 1.0],
                [1.0, -1e-06, 0.0, 0.0, -0.0, 0.274762, 0.961512, 0.37472, -1e-06, -0.961513, 0.274762, -0.0, 0.0, 0.0, 0.0, 1.0],
                [1.0, -0.0, 1e-06, 0.0, 0.0, 0.849854, 0.52702, 0.37472, -1e-06, -0.52702, 0.849852, -0.0, 0.0, 0.0, 0.0, 1.0],
                [1.0, -1e-06, 1e-06, -0.0, 0.0, 0.803476, 0.595337, 0.37472, -1e-06, -0.595338, 0.803475, 0.0, 0.0, 0.0, 0.0, 1.0],
                [1.0, -1e-06, 1e-06, -0.0, 0.0, 0.806075, 0.591814, 0.37472, -1e-06, -0.591815, 0.806074, 0.0, 0.0, 0.0, 0.0, 1.0],
                [1.0, -1e-06, 1e-06, -0.0, 0.0, 0.806075, 0.591814, 0.37472, -1e-06, -0.591815, 0.806074, 0.0, 0.0, 0.0, 0.0, 1.0]
            ]
        },
        {
            "name": "Knee_R",
            "time": [0.0, 0.0667, 0.1167, 0.1667, 0.2333, 0.3, 0.65],
            "transform": [
                [1.0, 0.0, -0.0, 0.0, -0.0, 1e-06, -1.0, 0.466299, -0.0, 1.0, 1e-06, -0.0, 0.0, 0.0, 0.0, 1.0],
                [1.0, 0.0, -0.0, -0.0, -0.0, 1e-06, -1.0, 0.446771, -0.0, 1.0, 0.0, -0.0, 0.0, 0.0, 0.0, 1.0],
                [1.0, 0.0, -0.0, 0.0, -0.0, 1e-06, -1.0, 0.454727, -0.0, 1.0, 1e-06, -0.0, 0.0, 0.0, 0.0, 1.0],
                [1.0, 0.0, -0.0, 0.0, -0.0, 1e-06, -1.0, 0.388518, -0.0, 1.0, 1e-06, -0.0, 0.0, 0.0, 0.0, 1.0],
                [1.0, 0.0, -0.0, -0.0, -0.0, 1e-06, -1.0, 0.395934, -0.0, 1.0, 1e-06, -0.0, 0.0, 0.0, 0.0, 1.0],
                [1.0, 0.0, -0.0, 0.0, -0.0, 1e-06, -1.0, 0.395541, -0.0, 1.0, 1e-06, -0.0, 0.0, 0.0, 0.0, 1.0],
                [1.0, 0.0, -0.0, 0.0, -0.0, 1e-06, -1.0, 0.395541, -0.0, 1.0, 1e-06, -0.0, 0.0, 0.0, 0.0, 1.0]
            ]
        },
        {
            "name": "Thigh_L",
            "time": [0.0, 0.0667, 0.1167, 0.1667, 0.2333, 0.3, 0.65],
            "transform": [
                [0.984288, -0.017837, -0.175664, -0.125006, 0.061377, -0.89828, 0.435116, -0.002831, -0.165557, -0.439061, -0.883072, -1.2e-05, 0.0, 0.0, 0.0, 1.0],
                [0.918302, -0.395878, 0.000776, -0.125006, -0.394261, -0.914726, -0.088505, -0.002831, 0.035747, 0.080969, -0.996075, -1.2e-05, 0.0, 0.0, 0.0, 1.0],
                [0.949943, -0.223946, -0.217843, -0.125006, -0.058857, -0.813067, 0.579187, -0.002831, -0.306827, -0.537373, -0.785549, -1.2e-05, 0.0, 0.0, 0.0, 1.0],
                [0.886256, -0.43053, -0.170858, -0.125006, 0.068001, -0.243938, 0.967404, -0.002831, -0.458175, -0.868987, -0.186915, -1.2e-05, 0.0, 0.0, 0.0, 1.0],
                [0.651018, -0.740753, -0.165711, -0.125006, -0.0044, -0.221989, 0.975039, -0.002831, -0.759048, -0.63404, -0.147779, -1.2e-05, 0.0, 0.0, 0.0, 1.0],
                [0.551157, -0.820195, -0.153315, -0.125006, -0.026075, -0.200583, 0.979329, -0.002831, -0.833994, -0.535767, -0.13194, -1.2e-05, 0.0, 0.0, 0.0, 1.0],
                [0.551157, -0.820196, -0.153315, -0.125007, -0.026075, -0.200583, 0.979329, -0.002831, -0.833994, -0.535767, -0.13194, -1.2e-05, 0.0, 0.0, 0.0, 1.0]
            ]
        },
        {
            "name": "Leg_L",
            "time": [0.0, 0.0667, 0.1167, 0.1667, 0.2333, 0.3, 0.65],
            "transform": [
                [1.0, -1e-06, 1e-06, -0.0, 0.0, 0.729126, 0.68438, 0.37472, -1e-06, -0.684379, 0.729126, 0.0, 0.0, 0.0, 0.0, 1.0],
                [1.0, -1e-06, 0.0, 0.0, 0.0, 0.745049, 0.667009, 0.37472, -1e-06, -0.667009, 0.74505, -0.0, 0.0, 0.0, 0.0, 1.0],
                [1.0, -1e-06, 1e-06, -0.0, -0.0, 0.256649, 0.966505, 0.37472, -1e-06, -0.966505, 0.256649, 0.0, 0.0, 0.0, 0.0, 1.0],
                [1.0, -1e-06, 0.0, -0.0, 0.0, 0.553605, 0.832779, 0.37472, -1e-06, -0.832779, 0.553606, 0.0, 0.0, 0.0, 0.0, 1.0],
                [1.0, -1e-06, 0.0, 0.0, 0.0, 0.426697, 0.904395, 0.37472, -1e-06, -0.904395, 0.426697, -0.0, 0.0, 0.0, 0.0, 1.0],
                [1.0, -1e-06, 0.0, -0.0, 0.0, 0.390081, 0.920781, 0.37472, -1e-06, -0.92078, 0.390081, 0.0, 0.0, 0.0, 0.0, 1.0],
                [1.0, -1e-06, 0.0, -0.0, 0.0, 0.390081, 0.920781, 0.37472, -1e-06, -0.92078, 0.390081, -0.0, 0.0, 0.0, 0.0, 1.0]
            ]
        },
        {
            "name": "Knee_L",
            "time": [0.0, 0.0667, 0.1167, 0.1667, 0.2333, 0.3, 0.65],
            "transform": [
                [1.0, 0.0, -0.0, 0.0, -0.0, 1e-06, -1.0, 0.406356, -0.0, 1.0, 1e-06, -0.0, 0.0, 0.0, 0.0, 1.0],
                [1.0, 0.0, -0.0, 0.0, -0.0, 1e-06, -1.0, 0.40424, -0.0, 1.0, 1e-06, -0.0, 0.0, 0.0, 0.0, 1.0],
                [1.0, 0.0, -0.0, 0.0, -0.0, 1e-06, -1.0, 0.456414, -0.0, 1.0, 1e-06, -0.0, 0.0, 0.0, 0.0, 1.0],
                [1.0, 0.0, -0.0, -0.0, -0.0, 1e-06, -1.0, 0.42704, -0.0, 1.0, 1e-06, 0.0, 0.0, 0.0, 0.0, 1.0],
                [1.0, 0.0, -0.0, 0.0, -0.0, 1e-06, -1.0, 0.440136, -0.0, 1.0, 1e-06, 0.0, 0.0, 0.0, 0.0, 1.0],
                [1.0, 0.0, -0.0, 0.0, -0.0, 1e-06, -1.0, 0.443739, -0.0, 1.0, 1e-06, 0.0, 0.0, 0.0, 0.0, 1.0],
                [1.0, 0.0, -0.0, 0.0, -0.0, 1e-06, -1.0, 0.443739, -0.0, 1.0, 1e-06, -0.0, 0.0, 0.0, 0.0, 1.0]
            ]
        },
        {
            "name": "Torso",
            "time": [0.0, 0.0667, 0.1667, 0.65],
            "transform": [
                [0.99978, -0.020971, -0.000197, 0.0, 0.020971, 0.999603, 0.018833, 0.05, -0.000198, -0.018833, 0.999823, 0.0, 0.0, 0.0, 0.0, 1.0],
                [0.99978, -0.020971, -0.000198, 0.0, 0.020971, 0.999603, 0.018833, 0.05, -0.000198, -0.018833, 0.999823, 0.0, 0.0, 0.0, 0.0, 1.0],
                [0.998393, -0.054968, -0.013758, -0.0, 0.055003, 0.998484, 0.002244, 0.05, 0.013614, -0.002997, 0.999903, -0.0, 0.0, 0.0, 0.0, 1.0],
                [0.998393, -0.054968, -0.013758, -0.0, 0.055004, 0.998484, 0.002244, 0.05, 0.013614, -0.002997, 0.999903, 0.0, 0.0, 0.0, 0.0, 1.0]
            ]
        },
        {
            "name": "Chest",
            "time": [0.0, 0.0667, 0.1667, 0.65],
            "transform": [
                [0.99971, -0.024015, 0.001888, 0.0, 0.02406, 0.999288, -0.029063, 0.3, -0.001188, 0.0291, 0.999576, -0.0, 0.0, 0.0, 0.0, 1.0],
                [0.999583, -0.028826, 0.001778, 0.0, 0.028871, 0.998954, -0.035471, 0.3, -0.000753, 0.035508, 0.999369, 0.0, 0.0, 0.0, 0.0, 1.0],
                [0.999746, 0.013348, 0.018154, 0.0, -0.013056, 0.999785, -0.016118, 0.3, -0.018365, 0.015876, 0.999705, -0.0, 0.0, 0.0, 0.0, 1.0],
                [0.999746, 0.013348, 0.018154, 0.0, -0.013056, 0.999785, -0.016118, 0.3, -0.018365, 0.015876, 0.999705, -0.0, 0.0, 0.0, 0.0, 1.0]
            ]
        },
        {
            "name": "Head",
            "time": [0.0, 0.0667, 0.1667, 0.3, 0.65],
            "transform": [
                [0.931033, 0.027236, -0.363918, -0.0, -0.038731, 0.998954, -0.024325, 0.4, 0.362875, 0.036742, 0.931113, 0.0, 0.0, 0.0, 0.0, 1.0],
                [0.789684, 0.068691, -0.609656, -0.0, -0.066837, 0.99743, 0.025809, 0.4, 0.609862, 0.020366, 0.792246, 0.0, 0.0, 0.0, 0.0, 1.0],
                [0.908157, 0.120593, 0.400885, 0.0, -0.004004, 0.960069, -0.279735, 0.4, -0.418611, 0.252438, 0.872376, 0.0, 0.0, 0.0, 0.0, 1.0],
                [0.583245, 0.231625, 0.778573, -0.0, 0.015659, 0.955099, -0.295872, 0.4, -0.812146, 0.184758, 0.553429, -0.0, 0.0, 0.0, 0.0, 1.0],
                [0.583245, 0.231625, 0.778573, -0.0, 0.015659, 0.955099, -0.295872, 0.4, -0.812146, 0.184758, 0.553429, -0.0, 0.0, 0.0, 0.0, 1.0]
            ]
        },
        {
            "name": "Shoulder_R",
            "time": [0.0, 0.0667, 0.1667, 0.3, 0.65],
            "transform": [
                [0.695759, 0.687695, 0.207352, -0.0, -0.017805, -0.272079, 0.96211, 0.4, 0.718055, -0.673088, -0.177057, 0.0, 0.0, 0.0, 0.0, 1.0],
                [0.751659, 0.631472, 0.190397, -0.0, -0.017639, -0.269326, 0.962887, 0.4, 0.659315, -0.727122, -0.191303, 0.0, 0.0, 0.0, 0.0, 1.0],
                [-0.499662, 0.749685, 0.433947, 0.0, 0.120437, -0.435975, 0.891864, 0.4, 0.857807, 0.497893, 0.12755, 0.0, 0.0, 0.0, 0.0, 1.0],
                [-0.265335, 0.872573, 0.410137, -0.0, 0.024722, -0.419087, 0.907609, 0.4, 0.963839, 0.25096, 0.089627, -0.0, 0.0, 0.0, 0.0, 1.0],
                [-0.265335, 0.872573, 0.410137, -0.0, 0.024722, -0.419087, 0.907609, 0.4, 0.963839, 0.25096, 0.089627, -0.0, 0.0, 0.0, 0.0, 1.0]
            ]
        },
        {
            "name": "Arm_R",
            "time": [0.0, 0.0667, 0.1667, 0.3, 0.65],
            "transform": [
                [0.220605, -0.97259, -0.0735, 0.001396, 0.098538, 0.097195, -0.990376, 0.372138, 0.970373, 0.211239, 0.117279, 0.076636, 0.0, 0.0, 0.0, 1.0],
                [0.268461, -0.959279, 0.087823, 0.002113, -0.059861, -0.107607, -0.99239, 0.360985, 0.961429, 0.261161, -0.086311, 0.115985, 0.0, 0.0, 0.0, 1.0],
                [0.339159, -0.22533, -0.913344, 0.0, 0.218865, 0.963148, -0.156344, 0.393861, 0.914915, -0.146874, 0.375977, 0.0, 0.0, 0.0, 0.0, 1.0],
                [0.373998, 0.105085, -0.921457, -0.0, 0.043036, 0.990523, 0.130428, 0.39386, 0.926431, -0.088436, 0.365931, -0.0, 0.0, 0.0, 0.0, 1.0],
                [0.373998, 0.105085, -0.921457, -0.0, 0.043036, 0.990523, 0.130428, 0.39386, 0.926431, -0.088436, 0.365931, -0.0, 0.0, 0.0, 0.0, 1.0]
            ]
        },
        {
            "name": "Hand_R",
            "time": [0.0, 0.0667, 0.1667, 0.65],
            "transform": [
                [1.0, 0.0, 0.0, -0.0, -0.0, 0.970769, -0.240018, 0.3, -0.0, 0.240018, 0.970768, 0.0, 0.0, 0.0, 0.0, 1.0],
                [1.0, 0.0, 0.0, 0.0, -0.0, 0.987288, -0.158943, 0.3, -0.0, 0.158943, 0.987288, 0.0, 0.0, 0.0, 0.0, 1.0],
                [1.0, 0.0, 0.0, -0.0, -0.0, 0.998587, -0.053134, 0.3, -0.0, 0.053134, 0.998587, -0.0, 0.0, 0.0, 0.0, 1.0],
                [1.0, 0.0, 0.0, -0.0, -0.0, 0.998587, -0.053134, 0.3, -0.0, 0.053134, 0.998587, 0.0, 0.0, 0.0, 0.0, 1.0]
            ]
        },
        {
            "name": "Tool_R",
            "time": [0.0, 0.0667, 0.1, 0.1667, 0.65],
            "transform": [
                [0.954581, 0.260961, -0.14379, -0.023386, 0.166556, -0.867509, -0.468708, 0.275129, -0.246905, 0.423211, -0.871061, 0.025071, 0.0, 0.0, 0.0, 1.0],
                [1.0, 0.0, 0.0, 0.0, 0.0, -0.999836, 0.018122, 0.272858, 0.0, -0.018122, -0.999244, -0.0, 0.0, 0.0, 0.0, 1.0],
                [0.977221, 2.8e-05, -0.212225, -0.0, -0.206072, -0.238911, -0.948924, 0.272858, -0.050702, 0.970464, -0.233334, -0.0, 0.0, 0.0, 0.0, 1.0],
                [0.966926, -0.232603, 0.104642, 0.0, -0.050839, -0.577802, -0.814592, 0.272858, 0.24979, 0.781861, -0.570188, -0.0, 0.0, 0.0, 0.0, 1.0],
                [0.966926, -0.232603, 0.104642, -0.0, -0.050839, -0.577802, -0.814592, 0.272858, 0.24979, 0.781861, -0.570189, -0.0, 0.0, 0.0, 0.0, 1.0]
            ]
        },
        {
            "name": "Elbow_R",
            "time": [0.0, 0.0667, 0.1667, 0.65],
            "transform": [
                [-1.0, 0.0, -0.0, -0.0, 0.0, 0.0, -1.0, 0.333038, -0.0, -1.0, 0.0, -0.0, 0.0, 0.0, 0.0, 1.0],
                [-1.0, 0.0, -0.0, 0.0, 0.0, -0.0, -1.0, 0.325282, -0.0, -1.0, 0.0, -0.0, 0.0, 0.0, 0.0, 1.0],
                [-1.0, 0.0, 0.0, 0.0, 0.0, -0.0, -1.0, 0.315306, -0.0, -1.0, 0.0, -0.0, 0.0, 0.0, 0.0, 1.0],
                [-1.0, 0.0, -0.0, -0.0, 0.0, -0.0, -1.0, 0.315306, -0.0, -1.0, 0.0, -0.0, 0.0, 0.0, 0.0, 1.0]
            ]
        },
        {
            "name": "Shoulder_L",
            "time": [0.0, 0.0667, 0.1667, 0.3, 0.65],
            "transform": [
                [0.866393, -0.486288, -0.113519, -0.0, -0.053001, -0.315593, 0.947413, 0.4, -0.496542, -0.814816, -0.299201, 0.0, 0.0, 0.0, 0.0, 1.0],
                [0.997468, -0.00773, 0.070693, -0.0, -0.069383, -0.323766, 0.94359, 0.4, 0.015594, -0.946106, -0.323483, 0.0, 0.0, 0.0, 0.0, 1.0],
                [0.051945, -0.955878, -0.289135, 0.0, -0.008202, -0.289925, 0.957014, 0.4, -0.998616, -0.04734, -0.022901, 0.0, 0.0, 0.0, 0.0, 1.0],
                [-0.379415, -0.846726, -0.37296, -0.0, 0.056518, -0.423559, 0.904104, 0.4, -0.923499, 0.321951, 0.20856, -0.0, 0.0, 0.0, 0.0, 1.0],
                [-0.379415, -0.846726, -0.37296, -0.0, 0.056518, -0.423559, 0.904104, 0.4, -0.923499, 0.321951, 0.20856, -0.0, 0.0, 0.0, 0.0, 1.0]
            ]
        },
        {
            "name": "Arm_L",
            "time": [0.0, 0.0667, 0.1667, 0.3, 0.65],
            "transform": [
                [0.171988, 0.799742, 0.575181, -0.081234, -0.390029, 0.59145, -0.705737, 0.290272, -0.904598, -0.102959, 0.413645, -0.042407, 0.0, 0.0, 0.0, 1.0],
                [0.171988, 0.799742, 0.575181, -0.122945, -0.390029, 0.591449, -0.705737, 0.237083, -0.904598, -0.102959, 0.413645, -0.064181, 0.0, 0.0, 0.0, 1.0],
                [0.576345, 0.271165, 0.770906, -0.0, -0.069375, 0.956172, -0.284467, 0.39386, -0.814256, 0.11047, 0.569897, -0.0, 0.0, 0.0, 0.0, 1.0],
                [0.665993, 0.098849, 0.739379, -0.0, -0.043929, 0.994658, -0.093409, 0.39386, -0.744663, 0.02973, 0.666778, -0.0, 0.0, 0.0, 0.0, 1.0],
                [0.665993, 0.098849, 0.739379, -0.0, -0.043929, 0.994658, -0.093409, 0.39386, -0.744663, 0.02973, 0.666778, -0.0, 0.0, 0.0, 0.0, 1.0]
            ]
        },
        {
            "name": "Hand_L",
            "time": [0.0, 0.0667, 0.1667, 0.3, 0.65],
            "transform": [
                [1.0, 0.0, -0.0, -0.0, -0.0, 0.751632, -0.659583, 0.3, -0.0, 0.659583, 0.751632, -0.0, 0.0, 0.0, 0.0, 1.0],
                [1.0, 0.0, 0.0, 0.0, -0.0, 0.862531, -0.506004, 0.3, -0.0, 0.506004, 0.862531, 0.0, 0.0, 0.0, 0.0, 1.0],
                [1.0, 0.0, 0.0, -0.0, -0.0, 0.862531, -0.506004, 0.3, -0.0, 0.506004, 0.862531, -0.0, 0.0, 0.0, 0.0, 1.0],
                [1.0, -0.0, 0.0, 0.0, -0.0, 0.92995, -0.367686, 0.3, -0.0, 0.367686, 0.92995, 0.0, 0.0, 0.0, 0.0, 1.0],
                [1.0, -0.0, 0.0, 0.0, -0.0, 0.92995, -0.367686, 0.3, -0.0, 0.367686, 0.92995, 0.0, 0.0, 0.0, 0.0, 1.0]
            ]
        },
        {
            "name": "Tool_L",
            "time": [0.0, 0.65],
            "transform": [
                [1.0, 0.0, 0.0, -0.0, -0.0, -0.999836, 0.018122, 0.272858, 0.0, -0.018122, -0.999247, 0.0, 0.0, 0.0, 0.0, 1.0],
                [1.0, 0.0, 0.0, -0.0, 0.0, -0.999836, 0.018122, 0.272858, 0.0, -0.018122, -0.999247, -0.0, 0.0, 0.0, 0.0, 1.0]
            ]
        },
        {
            "name": "Elbow_L",
            "time": [0.0, 0.0667, 0.1667, 0.3, 0.65],
            "transform": [
                [-1.0, 0.0, -0.0, -0.0, 0.0, -0.0, -1.0, 0.37782, -0.0, -1.0, -0.0, 0.0, 0.0, 0.0, 0.0, 1.0],
                [-1.0, 0.0, -0.0, 0.0, 0.0, -0.0, -1.0, 0.360042, -0.0, -1.0, -0.0, 0.0, 0.0, 0.0, 0.0, 1.0],
                [-1.0, 0.0, 0.0, 0.0, 0.0, -0.0, -1.0, 0.360042, -0.0, -1.0, 0.0, -0.0, 0.0, 0.0, 0.0, 1.0],
                [-1.0, 0.0, 0.0, 0.0, -0.0, -0.0, -1.0, 0.345608, -0.0, -1.0, -0.0, 0.0, 0.0, 0.0, 0.0, 1.0],
                [-1.0, 0.0, 0.0, 0.0, -0.0, -0.0, -1.0, 0.345608, -0.0, -1.0, -0.0, 0.0, 0.0, 0.0, 0.0, 1.0]
            ]
        }
    ]
}