{
    "animation": [
        {
            "name": "Root",
            "time": [0.0, 0.1, 0.1333, 0.2, 0.4166],
            "transform": [
                [0.993506, -0.021272, -0.11177, -5e-06, -0.109265, 0.095488, -0.989416, 0.697729, 0.031719, 0.995203, 0.092544, 0.721103, 0.0, 0.0, 0.0, 1.0],
                [0.946365, -0.080458, 0.312921, -5e-06, 0.322408, 0.171854, -0.93087, 0.992308, 0.021119, 0.981831, 0.188577, 0.65556, 0.0, 0.0, 0.0, 1.0],
                [0.999107, -0.012075, -0.040495, -5e-06, -0.039894, 0.046403, -0.998126, 0.997361, 0.013932, 0.99885, 0.04588, 0.65556, 0.0, 0.0, 0.0, 1.0],
                [0.987027, 0.0, -0.160557, -5e-06, -0.160557, 0.0, -0.987027, 0.997361, 0.0, 1.0, 0.0, 0.65556, 0.0, 0.0, 0.0, 1.0],
                [0.987027, 0.0, -0.160557, -5e-06, -0.160557, 0.0, -0.987027, 0.997361, 0.0, 1.0, 0.0, 0.65556, 0.0, 0.0, 0.0, 1.0]
            ]
        },
        {
            "name": "Thigh_R",
            "time": [0.0, 0.1, 0.1333, 0.2, 0.4166],
            "transform": [
                [0.993462, 0.009129, -0.113794, 0.124994, -0.017225, -0.973395, -0.228478, -0.002831, -0.112852, 0.228944, -0.966876, -1.2e-05, 0.0, 0.0, 0.0, 1.0],
                [0.943631, -0.099135, 0.315805, 0.124994, -0.08426, -0.994606, -0.060449, -0.002831, 0.320095, 0.030432, -0.946897, -1.2e-05, 0.0, 0.0, 0.0, 1.0],
                [0.998501, -0.001696, -0.054694, 0.124994, -0.002736, -0.999815, -0.018938, -0.002831, -0.054651, 0.019059, -0.998324, -1.2e-05, 0.0, 0.0, 0.0, 1.0],
                [0.989096, -0.0006, -0.147269, 0.132209, -0.002501, -0.999914, -0.012723, -0.002831, -0.147249, 0.012953, -0.989015, -0.001185, 0.0, 0.0, 0.0, 1.0],
                [0.989096, -0.0006, -0.147269, 0.132209, -0.002501, -0.999914, -0.012723, -0.002831, -0.147249, 0.012953, -0.989015, -0.001185, 0.0, 0.0, 0.0, 1.0]
            ]
        },
        {
            "name": "Leg_R",
            "time": [0.0, 0.1, 0.1333, 0.2, 0.4166],
            "transform": [
                [1.0, -0.0, 1e-06, 0.0, 0.0, 0.999945, 0.010529, 0.37472, -1e-06, -0.010529, 0.999944, 0.0, 0.0, 0.0, 0.0, 1.0],
                [1.0, -0.0, 1e-06, 0.0, -0.0, 0.87584, 0.482602, 0.37472, -1e-06, -0.482603, 0.875839, 0.0, 0.0, 0.0, 0.0, 1.0],
                [1.0, -0.0, 1e-06, -0.0, -0.0, 0.77262, 0.634869, 0.37472, -1e-06, -0.63487, 0.772619, -0.0, 0.0, 0.0, 0.0, 1.0],
                [1.0, -0.0, 1e-06, 0.0, -0.0, 0.732257, 0.681029, 0.37472, -1e-06, -0.68103, 0.732256, 0.0, 0.0, 0.0, 0.0, 1.0],
                [1.0, -0.0, 1e-06, 0.0, -0.0, 0.732257, 0.681029, 0.37472, -1e-06, -0.68103, 0.732256, 0.0, 0.0, 0.0, 0.0, 1.0]
            ]
        },
        {
            "name": "Knee_R",
            "time": [0.0, 0.1, 0.1333, 0.2, 0.4166],
            "transform": [
                [1.0, 0.0, -0.0, 0.0, -0.0, 1e-06, -1.0, 0.37472, -0.0, 1.0, 1e-06, 0.0, 0.0, 0.0, 0.0, 1.0],
                [1.0, 0.0, -0.0, 0.0, -0.0, 1e-06, -1.0, 0.390026, -0.0, 1.0, 1e-06, 0.0, 0.0, 0.0, 0.0, 1.0],
                [1.0, 0.0, -0.0, 0.0, -0.0, 1e-06, -1.0, 0.390026, -0.0, 1.0, 1e-06, -0.0, 0.0, 0.0, 0.0, 1.0],
                [1.0, 0.0, -0.0, -0.0, -0.0, 1e-06, -1.0, 0.402856, -0.0, 1.0, 1e-06, -0.0, 0.0, 0.0, 0.0, 1.0],
                [1.0, 0.0, -0.0, -0.0, -0.0, 1e-06, -1.0, 0.402856, -0.0, 1.0, 1e-06, -0.0, 0.0, 0.0, 0.0, 1.0]
            ]
        },
        {
            "name": "Thigh_L",
            "time": [0.0, 0.1, 0.1333, 0.2, 0.4166],
            "transform": [
                [0.992462, -0.091194, -0.081874, -0.125006, -0.018414, -0.771441, 0.636034, -0.002831, -0.121163, -0.629731, -0.767306, -1.2e-05, 0.0, 0.0, 0.0, 1.0],
                [0.945481, 0.210984, 0.248096, -0.125006, -0.089771, -0.563437, 0.821267, -0.002831, 0.313061, -0.798764, -0.513779, -1.2e-05, 0.0, 0.0, 0.0, 1.0],
                [0.998838, -0.041944, -0.023733, -0.125006, -0.010906, -0.676407, 0.736447, -0.002831, -0.046943, -0.735332, -0.676079, -1.2e-05, 0.0, 0.0, 0.0, 1.0],
                [0.985521, -0.118706, -0.121065, -0.132221, 4.5e-05, -0.713847, 0.700301, -0.002831, -0.169552, -0.690167, -0.703507, 0.001162, 0.0, 0.0, 0.0, 1.0],
                [0.985521, -0.118706, -0.121065, -0.132221, 4.5e-05, -0.713847, 0.700301, -0.002831, -0.169552, -0.690167, -0.703507, 0.001162, 0.0, 0.0, 0.0, 1.0]
            ]
        },
        {
            "name": "Leg_L",
            "time": [0.0, 0.1, 0.1333, 0.2, 0.4166],
            "transform": [
                [1.0, -1e-06, 1e-06, 0.0, -0.0, 0.507334, 0.86175, 0.37472, -1e-06, -0.861749, 0.507334, -0.0, 0.0, 0.0, 0.0, 1.0],
                [1.0, -0.0, 1e-06, -0.0, -0.0, 0.715587, 0.698524, 0.37472, -1e-06, -0.698523, 0.715587, -0.0, 0.0, 0.0, 0.0, 1.0],
                [1.0, -1e-06, 1e-06, -0.0, -0.0, 0.645453, 0.7638, 0.37472, -1e-06, -0.763799, 0.645454, -0.0, 0.0, 0.0, 0.0, 1.0],
                [1.0, -1e-06, 1e-06, -0.0, -0.0, 0.620734, 0.784022, 0.37472, -1e-06, -0.784021, 0.620734, 0.0, 0.0, 0.0, 0.0, 1.0],
                [1.0, -1e-06, 1e-06, -0.0, -0.0, 0.620734, 0.784022, 0.37472, -1e-06, -0.784021, 0.620734, 0.0, 0.0, 0.0, 0.0, 1.0]
            ]
        },
        {
            "name": "Knee_L",
            "time": [0.0, 0.1, 0.1333, 0.2, 0.4166],
            "transform": [
                [1.0, 0.0, -0.0, 0.0, -0.0, 1e-06, -1.0, 0.423886, -0.0, 1.0, 1e-06, -0.0, 0.0, 0.0, 0.0, 1.0],
                [1.0, 0.0, -0.0, 0.0, -0.0, 1e-06, -1.0, 0.40121, -0.0, 1.0, 1e-06, 0.0, 0.0, 0.0, 0.0, 1.0],
                [1.0, 0.0, -0.0, 0.0, -0.0, 1e-06, -1.0, 0.409687, -0.0, 1.0, 1e-06, -0.0, 0.0, 0.0, 0.0, 1.0],
                [1.0, 0.0, -0.0, 0.0, -0.0, 1e-06, -1.0, 0.415341, -0.0, 1.0, 1e-06, 0.001029, 0.0, 0.0, 0.0, 1.0],
                [1.0, 0.0, -0.0, 0.0, -0.0, 1e-06, -1.0, 0.415341, -0.0, 1.0, 1e-06, 0.001029, 0.0, 0.0, 0.0, 1.0]
            ]
        },
        {
            "name": "Torso",
            "time": [0.0, 0.1, 0.1333, 0.2, 0.4166],
            "transform": [
                [0.99978, -0.020971, -0.000197, -0.0, 0.020971, 0.999603, 0.01883, 0.05, -0.000198, -0.01883, 0.999823, -0.0, 0.0, 0.0, 0.0, 1.0],
                [0.99978, -0.020971, -0.000197, 0.0, 0.020971, 0.999603, 0.018833, 0.05, -0.000198, -0.018833, 0.999823, -0.0, 0.0, 0.0, 0.0, 1.0],
                [0.999986, -0.005243, -1.2e-05, 0.0, 0.005243, 0.999975, 0.004709, 0.05, -1.2e-05, -0.004709, 0.999989, -0.0, 0.0, 0.0, 0.0, 1.0],
                [1.0, -0.0, 0.0, 0.0, 0.0, 1.0, 0.0, 0.05, 0.0, 0.0, 1.0, 0.0, 0.0, 0.0, 0.0, 1.0],
                [1.0, -0.0, 0.0, 0.0, 0.0, 1.0, 0.0, 0.05, 0.0, 0.0, 1.0, 0.0, 0.0, 0.0, 0.0, 1.0]
            ]
        },
        {
            "name": "Chest",
            "time": [0.0, 0.1, 0.1333, 0.2, 0.4166],
            "transform": [
                [0.999771, -0.021411, -0.000206, 0.0, 0.021411, 0.999586, 0.019222, 0.3, -0.000206, -0.019222, 0.999815, -0.0, 0.0, 0.0, 0.0, 1.0],
                [0.999771, -0.021411, -0.000206, 0.0, 0.021411, 0.999586, 0.019222, 0.3, -0.000206, -0.019222, 0.999815, -0.0, 0.0, 0.0, 0.0, 1.0],
                [0.999959, -0.009073, -0.000126, 0.0, 0.009073, 0.999576, 0.027676, 0.3, -0.000126, -0.027676, 0.999617, -0.0, 0.0, 0.0, 0.0, 1.0],
                [0.999988, -0.004961, -7.6e-05, 0.0, 0.004961, 0.999523, 0.030493, 0.3, -7.6e-05, -0.030493, 0.999535, 0.0, 0.0, 0.0, 0.0, 1.0],
                [0.999988, -0.004961, -7.6e-05, 0.0, 0.004961, 0.999523, 0.030493, 0.3, -7.6e-05, -0.030493, 0.999535, 0.0, 0.0, 0.0, 0.0, 1.0]
            ]
        },
        {
            "name": "Head",
            "time": [0.0, 0.1, 0.1333, 0.2, 0.4166],
            "transform": [
                [0.991626, 0.067755, 0.109943, -0.0, -0.054853, 0.991686, -0.116406, 0.4, -0.116916, 0.1094, 0.987098, -0.0, 0.0, 0.0, 0.0, 1.0],
                [0.94416, 0.069254, -0.322127, 0.0, -0.121275, 0.982071, -0.144324, 0.4, 0.306356, 0.175331, 0.935631, -0.0, 0.0, 0.0, 0.0, 1.0],
                [0.999115, 0.023398, 0.034944, -0.0, -0.021941, 0.998897, -0.041509, 0.4, -0.035876, 0.040705, 0.998527, 0.0, 0.0, 0.0, 0.0, 1.0],
                [0.988209, -0.002237, 0.153095, -0.0, 0.002279, 0.999997, -0.000101, 0.4, -0.153095, 0.000449, 0.988211, -0.0, 0.0, 0.0, 0.0, 1.0],
                [0.988209, -0.002237, 0.153095, -0.0, 0.002279, 0.999997, -0.000101, 0.4, -0.153095, 0.000449, 0.988211, -0.0, 0.0, 0.0, 0.0, 1.0]
            ]
        },
        {
            "name": "Shoulder_R",
            "time": [0.0, 0.1, 0.1333, 0.2, 0.4166],
            "transform": [
                [0.214634, 0.928456, 0.303152, -0.0, -0.010946, -0.308079, 0.951298, 0.4, 0.976633, -0.207499, -0.055961, -0.0, 0.0, 0.0, 0.0, 1.0],
                [0.33621, 0.892472, 0.30076, 0.0, -0.018939, -0.312878, 0.949604, 0.4, 0.941596, -0.324962, -0.08829, -0.0, 0.0, 0.0, 0.0, 1.0],
                [0.194974, 0.933907, 0.29967, -0.0, -0.004804, -0.304621, 0.952461, 0.4, 0.980796, -0.187145, -0.054907, 0.0, 0.0, 0.0, 0.0, 1.0],
                [0.146809, 0.943141, 0.298214, -0.0, -0.000399, -0.301424, 0.95349, 0.4, 0.989165, -0.1401, -0.043876, -0.0, 0.0, 0.0, 0.0, 1.0],
                [0.146809, 0.943141, 0.298214, -0.0, -0.000399, -0.301424, 0.95349, 0.4, 0.989165, -0.1401, -0.043876, -0.0, 0.0, 0.0, 0.0, 1.0]
            ]
        },
        {
            "name": "Arm_R",
            "time": [0.0, 0.1, 0.1333, 0.2, 0.4166],
            "transform": [
                [0.066852, 0.587185, -0.806687, 0.0, 0.719178, 0.532054, 0.44688, 0.39386, 0.691602, -0.610027, -0.386722, 0.0, 0.0, 0.0, 0.0, 1.0],
                [0.305531, -0.922293, -0.2367, -0.0, 0.399351, 0.349786, -0.847448, 0.393861, 0.86439, 0.164395, 0.475189, -0.0, 0.0, 0.0, 0.0, 1.0],
                [0.082612, -0.94606, -0.313285, 0.0, 0.441632, 0.31656, -0.839494, 0.39386, 0.893385, -0.069004, 0.443962, 0.0, 0.0, 0.0, 0.0, 1.0],
                [0.007406, -0.941501, -0.336931, -0.0, 0.453954, 0.303386, -0.837785, 0.393861, 0.890995, -0.146747, 0.429645, -0.0, 0.0, 0.0, 0.0, 1.0],
                [0.007406, -0.941501, -0.336931, -0.0, 0.453954, 0.303386, -0.837785, 0.393861, 0.890995, -0.146747, 0.429645, -0.0, 0.0, 0.0, 0.0, 1.0]
            ]
        },
        {
            "name": "Hand_R",
            "time": [0.0, 0.1, 0.1333, 0.2, 0.4166],
            "transform": [
                [0.999998, -0.001137, -0.001431, 0.0, -0.001419, 0.010165, -0.999948, 0.3, 0.001152, 0.999948, 0.010163, -0.0, 0.0, 0.0, 0.0, 1.0],
                [0.999999, 0.001236, -0.001031, 0.0, -0.00125, 0.999903, -0.013884, 0.3, 0.001014, 0.013886, 0.999903, 0.0, 0.0, 0.0, 0.0, 1.0],
                [0.999984, 0.002265, 0.005196, -0.0, -0.000352, 0.939727, -0.341926, 0.3, -0.005657, 0.341919, 0.939713, -0.0, 0.0, 0.0, 0.0, 1.0],
                [0.999999, -0.000415, -0.00093, -0.0, -4.1e-05, 0.895966, -0.444123, 0.3, 0.001018, 0.444123, 0.895966, 0.0, 0.0, 0.0, 0.0, 1.0],
                [0.999999, -0.000415, -0.00093, -0.0, -4.1e-05, 0.895966, -0.444123, 0.3, 0.001018, 0.444123, 0.895966, 0.0, 0.0, 0.0, 0.0, 1.0]
            ]
        },
        {
            "name": "Tool_R",
            "time": [0.0, 0.1, 0.1333, 0.2, 0.4166],
            "transform": [
                [0.885286, 0.393014, -0.248615, -0.02511, 0.10147, -0.684963, -0.721478, 0.241703, -0.453573, 0.613117, -0.645892, 0.033229, 0.0, 0.0, 0.0, 1.0],
                [0.63382, 0.7683, -0.089383, -0.052224, -0.175023, 0.029898, -0.984111, 0.209983, -0.752975, 0.639014, 0.153319, 0.066449, 0.0, 0.0, 0.0, 1.0],
                [0.964226, 0.257416, -0.063293, -0.05503, 0.032722, -0.352523, -0.935231, 0.209882, -0.2629, 0.899166, -0.348139, 0.028338, 0.0, 0.0, 0.0, 1.0],
                [0.997391, 0.071376, 0.010835, -0.055966, 0.044158, -0.484418, -0.873722, 0.209849, -0.05708, 0.871399, -0.486027, 0.015634, 0.0, 0.0, 0.0, 1.0],
                [0.997391, 0.071376, 0.010835, -0.055966, 0.044158, -0.484418, -0.873722, 0.209849, -0.05708, 0.871399, -0.486027, 0.015634, 0.0, 0.0, 0.0, 1.0]
            ]
        },
        {
            "name": "Elbow_R",
            "time": [0.0, 0.1, 0.1333, 0.2, 0.4166],
            "transform": [
                [-1.0, 0.0, -0.0, 0.0, 0.0, -0.0, -1.0, 0.450888, -0.0, -1.0, 0.0, -0.0, 0.0, 0.0, 0.0, 1.0],
                [-1.0, 0.0, -0.0, 0.0, 0.0, -0.0, -1.0, 0.3, -0.0, -1.0, 0.0, 0.0, 0.0, 0.0, 0.0, 1.0],
                [-1.0, 0.0, -0.0, -0.0, 0.0, 0.0, -1.0, 0.3, -0.0, -1.0, 0.0, -0.0, 0.0, 0.0, 0.0, 1.0],
                [-1.0, 0.0, -0.0, -0.0, 0.0, -0.0, -1.0, 0.357926, -0.0, -1.0, 0.0, 0.0, 0.0, 0.0, 0.0, 1.0],
                [-1.0, 0.0, -0.0, -0.0, 0.0, -0.0, -1.0, 0.357926, -0.0, -1.0, 0.0, 0.0, 0.0, 0.0, 0.0, 1.0]
            ]
        },
        {
            "name": "Shoulder_L",
            "time": [0.0, 0.1, 0.1333, 0.2, 0.4166],
            "transform": [
                [-0.130864, -0.945747, -0.297383, -0.0, 0.009264, -0.301116, 0.953543, 0.4, -0.991357, 0.12203, 0.048166, -0.0, 0.0, 0.0, 0.0, 1.0],
                [0.502517, -0.852903, -0.141537, 0.0, -0.064338, -0.200146, 0.977651, 0.4, -0.86217, -0.48218, -0.155451, -0.0, 0.0, 0.0, 0.0, 1.0],
                [0.293343, -0.920731, -0.257303, -0.0, -0.014441, -0.273381, 0.961797, 0.4, -0.955898, -0.278421, -0.093491, 0.0, 0.0, 0.0, 0.0, 1.0],
                [0.218777, -0.931104, -0.29186, -0.0, -0.001824, -0.299495, 0.954096, 0.4, -0.975773, -0.208202, -0.067221, -0.0, 0.0, 0.0, 0.0, 1.0],
                [0.218777, -0.931104, -0.29186, -0.0, -0.001824, -0.299495, 0.954096, 0.4, -0.975773, -0.208202, -0.067221, -0.0, 0.0, 0.0, 0.0, 1.0]
            ]
        },
        {
            "name": "Arm_L",
            "time": [0.0, 0.1, 0.1333, 0.2, 0.4166],
            "transform": [
                [-0.389081, 0.678557, 0.623038, -0.0, -0.278035, 0.55829, -0.78167, 0.39386, -0.878244, -0.47736, -0.028558, 0.0, 0.0, 0.0, 0.0, 1.0],
                [0.211134, -0.269738, 0.939502, -0.0, -0.407326, 0.849456, 0.335424, 0.39386, -0.888543, -0.453503, 0.069478, 0.0, 0.0, 0.0, 0.0, 1.0],
                [0.327009, -0.074043, 0.942116, 0.0, -0.455844, 0.86092, 0.225885, 0.39386, -0.827811, -0.503324, 0.247776, -0.0, 0.0, 0.0, 0.0, 1.0],
                [0.482695, 0.041019, 0.874827, -0.0, -0.48817, 0.84193, 0.229876, 0.39386, -0.727114, -0.538024, 0.42642, 0.0, 0.0, 0.0, 0.0, 1.0],
                [0.482695, 0.041019, 0.874827, -0.0, -0.48817, 0.84193, 0.229876, 0.39386, -0.727114, -0.538024, 0.42642, 0.0, 0.0, 0.0, 0.0, 1.0]
            ]
        },
        {
            "name": "Hand_L",
            "time": [0.0, 0.1, 0.1333, 0.2, 0.4166],
            "transform": [
                [1.020762, -0.000428, 0.001327, -0.0, 0.001249, 0.725766, -0.687941, 0.3, -0.000683, 0.687942, 0.725766, -0.0, 0.0, 0.0, 0.0, 1.0],
                [1.020759, -0.002391, -0.000972, -0.0, -0.000893, 0.040485, -0.99918, 0.3, 0.002478, 0.999177, 0.040483, 0.0, 0.0, 0.0, 0.0, 1.0],
                [1.019778, -0.004199, 0.043714, 0.0, 0.044758, 0.040337, -0.998224, 0.3, 0.002478, 0.999178, 0.040482, 0.0, 0.0, 0.0, 0.0, 1.0],
                [1.020759, -0.002374, -0.001381, 0.0, -0.00131, 0.040486, -0.999179, 0.3, 0.002478, 0.999177, 0.040482, -0.0, 0.0, 0.0, 0.0, 1.0],
                [1.020759, -0.002374, -0.001381, 0.0, -0.00131, 0.040486, -0.999179, 0.3, 0.002478, 0.999177, 0.040482, -0.0, 0.0, 0.0, 0.0, 1.0]
            ]
        },
        {
            "name": "Tool_L",
            "time": [0.0, 0.4166],
            "transform": [
                [1.0, 0.0, 0.0, 0.0, 0.0, -0.999836, 0.018122, 0.272858, 0.0, -0.018122, -0.999248, -0.0, 0.0, 0.0, 0.0, 1.0],
                [1.0, 0.0, 0.0, -0.0, 0.0, -0.999835, 0.018122, 0.272858, 0.0, -0.018122, -0.999248, -0.0, 0.0, 0.0, 0.0, 1.0]
            ]
        },
        {
            "name": "Elbow_L",
            "time": [0.0, 0.1, 0.1333, 0.2, 0.4166],
            "transform": [
                [-1.0, 0.0, -0.0, 0.0, 0.0, -0.0, -1.0, 0.38053, -0.0, -1.0, -0.0, -0.0, 0.0, 0.0, 0.0, 1.0],
                [-1.0, 0.0, -0.0, 0.0, 0.0, -0.0, -1.0, 0.448934, -0.0, -1.0, -0.0, -0.0, 0.0, 0.0, 0.0, 1.0],
                [-1.0, 0.0, -0.0, 0.0, 0.0, -0.0, -1.0, 0.448934, -0.0, -1.0, -0.0, 0.0, 0.0, 0.0, 0.0, 1.0],
                [-1.0, 0.0, -0.0, 0.0, 0.0, -0.0, -1.0, 0.450041, -0.0, -1.0, -0.0, -0.0, 0.0, 0.0, 0.0, 1.0],
                [-1.0, 0.0, -0.0, 0.0, 0.0, -0.0, -1.0, 0.450041, -0.0, -1.0, -0.0, -0.0, 0.0, 0.0, 0.0, 1.0]
            ]
        }
    ]
}