{
    "animation": [
        {
            "name": "Coord",
            "time": [0.0, 0.1, 0.2167, 0.3167, 0.8, 1.15],
            "transform": [
                [1.0, 0.0, 0.0, 0.0, 0.0, 0.0, -1.0, 0.12706, 0.0, 1.0, 0.0, 0.0, 0.0, 0.0, 0.0, 1.0],
                [1.0, 0.0, 0.0, 0.0, 0.0, 0.0, -1.0, 0.624249, 0.0, 1.0, 0.0, 0.0, 0.0, 0.0, 0.0, 1.0],
                [1.0, 0.0, 0.0, 0.0, 0.0, 0.0, -1.0, 0.889404, 0.0, 1.0, 0.0, 0.0, 0.0, 0.0, 0.0, 1.0],
                [1.0, 0.0, 0.0, 0.0, 0.0, 0.0, -1.0, 0.992189, 0.0, 1.0, 0.0, 0.0, 0.0, 0.0, 0.0, 1.0],
                [1.0, 0.0, 0.0, 0.0, 0.0, 0.0, -1.0, 0.992189, 0.0, 1.0, 0.0, 0.0, 0.0, 0.0, 0.0, 1.0],
                [1.0, 0.0, 0.0, 0.0, 0.0, 0.0, -1.0, 1.000279, 0.0, 1.0, 0.0, 0.0, 0.0, 0.0, 0.0, 1.0]
            ]
        },
        {
            "name": "Root",
            "time": [0.0, 0.1, 0.2167, 0.3167, 0.5, 0.8, 0.9, 0.9833, 1.15],
            "transform": [
                [-0.461818, -0.00219, 0.886972, -5e-06, -0.181738, 0.979014, -0.092208, 0.619776, -0.868156, -0.20378, -0.452525, -0.043172, 0.0, 0.0, 0.0, 1.0],
                [-0.897229, -0.106105, -0.428629, -5e-06, 0.052402, 0.938255, -0.341952, 0.735338, 0.438446, -0.32927, -0.83627, -1.9e-05, 0.0, 0.0, 0.0, 1.0],
                [0.939938, 0.001765, -0.341342, -5e-06, 0.098671, 0.955892, 0.276648, 0.612443, 0.326774, -0.293712, 0.898305, -1.9e-05, 0.0, 0.0, 0.0, 1.0],
                [0.829275, -0.106184, 0.54866, -5e-06, -0.066833, 0.955892, 0.286013, 0.547272, -0.55483, -0.273852, 0.785601, -0.043467, 0.0, 0.0, 0.0, 1.0],
                [0.801467, -0.119306, 0.586018, -5e-06, -0.066833, 0.955892, 0.286013, 0.528651, -0.594293, -0.268395, 0.758142, -0.058363, 0.0, 0.0, 0.0, 1.0],
                [0.801467, -0.119306, 0.586018, -5e-06, -0.066833, 0.955892, 0.286013, 0.528651, -0.594293, -0.268395, 0.758142, -0.058363, 0.0, 0.0, 0.0, 1.0],
                [0.883479, -0.081674, 0.461295, -5e-06, -0.037315, 0.969288, 0.243082, 0.658635, -0.466981, -0.231971, 0.853298, -0.177639, 0.0, 0.0, 0.0, 1.0],
                [0.976878, -0.030618, 0.211595, -5e-06, -0.002963, 0.987659, 0.156595, 0.658323, -0.213778, -0.153601, 0.964731, -0.108127, 0.0, 0.0, 0.0, 1.0],
                [0.972868, 0.001743, -0.231356, -5e-06, -0.001343, 0.999997, 0.001886, 0.729896, 0.231359, -0.001524, 0.972867, -0.000873, 0.0, 0.0, 0.0, 1.0]
            ]
        },
        {
            "name": "Thigh_R",
            "time": [0.0, 0.1, 0.2167, 0.3167, 0.5, 0.8, 0.9, 0.9833, 1.0667, 1.15],
            "transform": [
                [0.151824, 0.832396, 0.532976, 0.124994, 0.336515, -0.550543, 0.763976, -0.002831, 0.929358, 0.063364, -0.363701, -1.2e-05, 0.0, 0.0, 0.0, 1.0],
                [0.141412, 0.275622, 0.950808, 0.124994, 0.240409, -0.941266, 0.237102, -0.002831, 0.960315, 0.195053, -0.199369, -1.2e-05, 0.0, 0.0, 0.0, 1.0],
                [0.983123, 0.177579, 0.043975, 0.124994, 0.177042, -0.984073, 0.015857, -0.002831, 0.04609, -0.007804, -0.998907, -1.2e-05, 0.0, 0.0, 0.0, 1.0],
                [0.810088, -0.176764, 0.559027, 0.1497, -0.097135, -0.980754, -0.169356, -0.005995, 0.578205, 0.082892, -0.81167, 0.016334, 0.0, 0.0, 0.0, 1.0],
                [0.797138, -0.223074, 0.561078, 0.1497, -0.118802, -0.969029, -0.216483, -0.005995, 0.591994, 0.105911, -0.798953, 0.016334, 0.0, 0.0, 0.0, 1.0],
                [0.797138, -0.223074, 0.561078, 0.1497, -0.118802, -0.969029, -0.216483, -0.005995, 0.591994, 0.105911, -0.798953, 0.016334, 0.0, 0.0, 0.0, 1.0],
                [0.872339, -0.17386, 0.456943, 0.145263, -0.082252, -0.973499, -0.213377, -0.005427, 0.481932, 0.148552, -0.863524, 0.013399, 0.0, 0.0, 0.0, 1.0],
                [0.960343, -0.046921, 0.274843, 0.13765, -0.019639, -0.994671, -0.101189, -0.004452, 0.278127, 0.091779, -0.95615, 0.008362, 0.0, 0.0, 0.0, 1.0],
                [0.997448, 0.039535, 0.05945, 0.129281, 0.039644, -0.999211, -0.000655, -0.00338, 0.059378, 0.003011, -0.998231, 0.002825, 0.0, 0.0, 0.0, 1.0],
                [0.997072, 0.062424, -0.044151, 0.124994, 0.058949, -0.995356, -0.076075, -0.002831, -0.048695, 0.07325, -0.996124, -1.2e-05, 0.0, 0.0, 0.0, 1.0]
            ]
        },
        {
            "name": "Leg_R",
            "time": [0.0, 0.1, 0.2167, 0.3167, 0.5, 0.8, 0.9, 0.9833, 1.0667, 1.15],
            "transform": [
                [1.0, -0.0, 0.0, -0.0, -0.0, 0.567747, 0.823203, 0.37472, -0.0, -0.823204, 0.567746, -0.0, 0.0, 0.0, 0.0, 1.0],
                [1.0, 0.0, 1e-06, 0.0, -0.0, 0.928142, 0.372227, 0.37472, -0.0, -0.372228, 0.928141, 0.0, 0.0, 0.0, 0.0, 1.0],
                [1.0, -0.0, 1e-06, -0.0, -0.0, 0.880224, 0.474559, 0.37472, -1e-06, -0.474559, 0.880223, 0.0, 0.0, 0.0, 0.0, 1.0],
                [1.0, -0.0, 1e-06, 0.0, -0.0, 0.816199, 0.577771, 0.37472, -1e-06, -0.577772, 0.816198, 0.0, 0.0, 0.0, 0.0, 1.0],
                [1.0, -0.0, 1e-06, -0.0, -0.0, 0.824069, 0.56649, 0.37472, -1e-06, -0.566491, 0.824068, -0.0, 0.0, 0.0, 0.0, 1.0],
                [1.0, -0.0, 1e-06, -0.0, -0.0, 0.824069, 0.56649, 0.37472, -1e-06, -0.566491, 0.824068, -0.0, 0.0, 0.0, 0.0, 1.0],
                [1.0, -0.0, 1e-06, -0.0, -0.0, 0.909786, 0.415079, 0.37472, -1e-06, -0.415079, 0.909785, -0.0, 0.0, 0.0, 0.0, 1.0],
                [1.0, -0.0, 1e-06, -0.0, -0.0, 0.883229, 0.468942, 0.37472, -1e-06, -0.468943, 0.883228, 0.0, 0.0, 0.0, 0.0, 1.0],
                [1.0, -0.0, 1e-06, 0.0, -0.0, 0.837552, 0.546358, 0.37472, -1e-06, -0.546359, 0.837551, 0.0, 0.0, 0.0, 0.0, 1.0],
                [1.0, -0.0, 1e-06, -0.0, 0.0, 0.934374, 0.356295, 0.37472, -1e-06, -0.356296, 0.934373, 0.0, 0.0, 0.0, 0.0, 1.0]
            ]
        },
        {
            "name": "Knee_R",
            "time": [0.0, 0.1, 0.2167, 0.3167, 0.5, 0.8, 0.9, 0.9833, 1.0667, 1.15],
            "transform": [
                [1.0, 0.0, -0.0, 0.0, -0.0, 1e-06, -1.0, 0.425507, -0.0, 1.0, 1e-06, -0.0, 0.0, 0.0, 0.0, 1.0],
                [1.0, 0.0, -0.0, 0.0, -0.0, 1e-06, -1.0, 0.37472, -0.0, 1.0, 1e-06, 0.0, 0.0, 0.0, 0.0, 1.0],
                [1.0, 0.0, -0.0, 0.0, -0.0, 1e-06, -1.0, 0.383074, -0.0, 1.0, 1e-06, 0.0, 0.0, 0.0, 0.0, 1.0],
                [1.0, 0.0, -0.0, -0.0, -0.0, 1e-06, -1.0, 0.393987, -0.0, 1.0, 1e-06, 0.0, 0.0, 0.0, 0.0, 1.0],
                [1.0, 0.0, -0.0, -0.0, -0.0, 1e-06, -1.0, 0.392752, -0.0, 1.0, 1e-06, -0.0, 0.0, 0.0, 0.0, 1.0],
                [1.0, 0.0, -0.0, -0.0, -0.0, 1e-06, -1.0, 0.392752, -0.0, 1.0, 1e-06, -0.0, 0.0, 0.0, 0.0, 1.0],
                [1.0, 0.0, -0.0, -0.0, -0.0, 1e-06, -1.0, 0.377109, -0.0, 1.0, 1e-06, -0.0, 0.0, 0.0, 0.0, 1.0],
                [1.0, 0.0, -0.0, -0.0, -0.0, 1e-06, -1.0, 0.382502, -0.0, 1.0, 1e-06, 0.0, 0.0, 0.0, 0.0, 1.0],
                [1.0, 0.0, -0.0, 0.0, -0.0, 1e-06, -1.0, 0.390576, -0.0, 1.0, 1e-06, 0.0, 0.0, 0.0, 0.0, 1.0],
                [1.0, 0.0, -0.0, -0.0, -0.0, 1e-06, -1.0, 0.37472, -0.0, 1.0, 1e-06, 0.0, 0.0, 0.0, 0.0, 1.0]
            ]
        },
        {
            "name": "Thigh_L",
            "time": [0.0, 0.1, 0.1667, 0.2167, 0.3167, 0.5, 0.8, 0.9, 0.9833, 1.0667, 1.15],
            "transform": [
                [0.908867, -0.406066, 0.095237, -0.125006, -0.395483, -0.766495, 0.506042, -0.002831, -0.132488, -0.49759, -0.857234, -1.2e-05, 0.0, 0.0, 0.0, 1.0],
                [0.945535, -0.277332, 0.170441, -0.125006, -0.281961, -0.436117, 0.854575, -0.002831, -0.162669, -0.856089, -0.490561, -1.2e-05, 0.0, 0.0, 0.0, 1.0],
                [0.886533, -0.419777, 0.194539, -0.125006, -0.364203, -0.373864, 0.852984, -0.002831, -0.285332, -0.827051, -0.484327, -1.2e-05, 0.0, 0.0, 0.0, 1.0],
                [0.945032, -0.319568, -0.069204, -0.125006, -0.015078, -0.254018, 0.967081, -0.002831, -0.326627, -0.912881, -0.244874, -1.2e-05, 0.0, 0.0, 0.0, 1.0],
                [0.844784, 0.503279, 0.181792, -0.134271, -0.094385, -0.194259, 0.976399, -0.001644, 0.526716, -0.842005, -0.116605, -0.006142, 0.0, 0.0, 0.0, 1.0],
                [0.848867, 0.520867, 0.090117, -0.134271, -0.034931, -0.114835, 0.99277, -0.001644, 0.527449, -0.845878, -0.079286, -0.006142, 0.0, 0.0, 0.0, 1.0],
                [0.848867, 0.520867, 0.090117, -0.134271, -0.034931, -0.114835, 0.99277, -0.001644, 0.527449, -0.845878, -0.079286, -0.006142, 0.0, 0.0, 0.0, 1.0],
                [0.914477, 0.339154, 0.220692, -0.132607, -0.035702, -0.475652, 0.878908, -0.001857, 0.403058, -0.811621, -0.422866, -0.005041, 0.0, 0.0, 0.0, 1.0],
                [0.981773, 0.151429, 0.114848, -0.129752, -0.010612, -0.559668, 0.828649, -0.002223, 0.189758, -0.814765, -0.54786, -0.003152, 0.0, 0.0, 0.0, 1.0],
                [0.99811, -0.05795, -0.020435, -0.126614, -0.0113, -0.499998, 0.865952, -0.002625, -0.0604, -0.864085, -0.499708, -0.001076, 0.0, 0.0, 0.0, 1.0],
                [0.981669, -0.09269, -0.166532, -0.125006, -0.012953, -0.904201, 0.42691, -0.002831, -0.190149, -0.416927, -0.888828, -1.2e-05, 0.0, 0.0, 0.0, 1.0]
            ]
        },
        {
            "name": "Leg_L",
            "time": [0.0, 0.1, 0.1667, 0.2167, 0.3167, 0.5, 0.8, 0.9, 0.9833, 1.0667, 1.15],
            "transform": [
                [1.0, -1e-06, 1e-06, -0.0, -0.0, 0.815553, 0.578683, 0.37472, -1e-06, -0.578682, 0.815553, -0.0, 0.0, 0.0, 0.0, 1.0],
                [1.0, -1e-06, 1e-06, -0.0, -1e-06, -0.13467, 0.990891, 0.37472, -1e-06, -0.99089, -0.13467, 0.0, 0.0, 0.0, 0.0, 1.0],
                [1.0, -1e-06, 0.0, -0.0, -1e-06, -0.071601, 0.997434, 0.37472, -1e-06, -0.997433, -0.071602, 0.0, 0.0, 0.0, 0.0, 1.0],
                [1.0, -1e-06, 0.0, 0.0, 0.0, 0.741494, 0.67096, 0.37472, -1e-06, -0.67096, 0.741494, -0.0, 0.0, 0.0, 0.0, 1.0],
                [1.0, -0.0, 1e-06, 0.0, -0.0, 0.788671, 0.614815, 0.37472, -1e-06, -0.614814, 0.788672, -0.0, 0.0, 0.0, 0.0, 1.0],
                [1.0, -0.0, 1e-06, -0.0, -0.0, 0.689773, 0.724026, 0.37472, -1e-06, -0.724025, 0.689773, -0.0, 0.0, 0.0, 0.0, 1.0],
                [1.0, -0.0, 1e-06, -0.0, -0.0, 0.689773, 0.724026, 0.37472, -1e-06, -0.724025, 0.689773, -0.0, 0.0, 0.0, 0.0, 1.0],
                [1.0, -0.0, 1e-06, -0.0, -0.0, 0.786544, 0.617535, 0.37472, -1e-06, -0.617534, 0.786544, 0.0, 0.0, 0.0, 0.0, 1.0],
                [1.0, -0.0, 1e-06, 0.0, -0.0, 0.85197, 0.52359, 0.37472, -1e-06, -0.52359, 0.851971, 0.0, 0.0, 0.0, 0.0, 1.0],
                [1.0, -1e-06, 1e-06, 0.0, -0.0, 0.257896, 0.966173, 0.37472, -1e-06, -0.966172, 0.257897, 0.0, 0.0, 0.0, 0.0, 1.0],
                [1.0, -1e-06, 1e-06, 0.0, 0.0, 0.905447, 0.42446, 0.37472, -1e-06, -0.42446, 0.905447, 0.0, 0.0, 0.0, 0.0, 1.0]
            ]
        },
        {
            "name": "Knee_L",
            "time": [0.0, 0.1, 0.1667, 0.2167, 0.3167, 0.5, 0.8, 0.9, 0.9833, 1.0667, 1.15],
            "transform": [
                [1.0, 0.0, -0.0, 0.0, -0.0, 1e-06, -1.0, 0.394087, -0.0, 1.0, 1e-06, -0.0, 0.0, 0.0, 0.0, 1.0],
                [1.0, 0.0, -0.0, 0.0, -0.0, 1e-06, -1.0, 0.47972, -0.0, 1.0, 1e-06, -0.0, 0.0, 0.0, 0.0, 1.0],
                [1.0, 0.0, -0.0, 0.0, -0.0, 1e-06, -1.0, 0.47972, -0.0, 1.0, 1e-06, -0.0, 0.0, 0.0, 0.0, 1.0],
                [1.0, 0.0, -0.0, 0.0, -0.0, 1e-06, -1.0, 0.404717, -0.0, 1.0, 1e-06, 0.0, 0.0, 0.0, 0.0, 1.0],
                [1.0, 0.0, -0.0, 0.0, -0.0, 1e-06, -1.0, 0.398131, -0.0, 1.0, 1e-06, -0.0, 0.0, 0.0, 0.0, 1.0],
                [1.0, 0.0, -0.0, 0.0, -0.0, 1e-06, -1.0, 0.411373, -0.0, 1.0, 1e-06, -0.0, 0.0, 0.0, 0.0, 1.0],
                [1.0, 0.0, -0.0, 0.0, -0.0, 1e-06, -1.0, 0.411373, -0.0, 1.0, 1e-06, -0.0, 0.0, 0.0, 0.0, 1.0],
                [1.0, 0.0, -0.0, 0.0, -0.0, 1e-06, -1.0, 0.398441, -0.0, 1.0, 1e-06, 0.0, 0.0, 0.0, 0.0, 1.0],
                [1.0, 0.0, -0.0, 0.0, -0.0, 1e-06, -1.0, 0.388156, -0.0, 1.0, 1e-06, 0.0, 0.0, 0.0, 0.0, 1.0],
                [1.0, 0.0, -0.0, 0.0, -0.0, 1e-06, -1.0, 0.456298, -0.0, 1.0, 1e-06, -0.0, 0.0, 0.0, 0.0, 1.0],
                [1.0, 0.0, -0.0, 0.0, -0.0, 1e-06, -1.0, 0.378037, -0.0, 1.0, 1e-06, 0.0, 0.0, 0.0, 0.0, 1.0]
            ]
        },
        {
            "name": "Torso",
            "time": [0.0, 0.1, 0.2167, 0.3167, 0.8, 1.15],
            "transform": [
                [0.999998, 0.000679, 0.002109, -0.0, -0.000639, 0.999818, -0.019095, 0.05, -0.002121, 0.019093, 0.999815, -0.0, 0.0, 0.0, 0.0, 1.0],
                [0.999998, 0.000679, 0.002109, -0.0, -0.000639, 0.999818, -0.019095, 0.05, -0.002121, 0.019093, 0.999815, -0.0, 0.0, 0.0, 0.0, 1.0],
                [0.999997, 0.000679, 0.002109, -0.0, -0.000639, 0.999818, -0.019095, 0.05, -0.002121, 0.019093, 0.999816, -0.0, 0.0, 0.0, 0.0, 1.0],
                [0.995595, 0.089439, 0.028144, -0.0, -0.086868, 0.992827, -0.08215, 0.05, -0.03529, 0.079343, 0.996222, 0.0, 0.0, 0.0, 0.0, 1.0],
                [0.995595, 0.089439, 0.028144, 0.0, -0.086868, 0.992827, -0.08215, 0.05, -0.03529, 0.079343, 0.996223, -0.0, 0.0, 0.0, 0.0, 1.0],
                [0.999997, -0.002593, -1.4e-05, 0.0, 0.002593, 0.999937, 0.010891, 0.05, -1.4e-05, -0.010891, 0.999941, -0.0, 0.0, 0.0, 0.0, 1.0]
            ]
        },
        {
            "name": "Chest",
            "time": [0.0, 0.1, 0.2167, 0.3167, 0.8, 1.15],
            "transform": [
                [0.970018, -0.005548, 0.242969, 0.0, -0.003778, 0.999274, 0.0379, 0.3, -0.243003, -0.037682, 0.969293, 0.0, 0.0, 0.0, 0.0, 1.0],
                [0.970018, -0.005548, 0.242969, -0.0, -0.003778, 0.999274, 0.0379, 0.3, -0.243003, -0.037682, 0.969294, -0.0, 0.0, 0.0, 0.0, 1.0],
                [0.970018, -0.005548, 0.242969, -0.0, -0.003778, 0.999274, 0.0379, 0.3, -0.243003, -0.037682, 0.969293, 0.0, 0.0, 0.0, 0.0, 1.0],
                [0.968772, 0.008173, 0.24782, -0.0, -0.014833, 0.999577, 0.025019, 0.3, -0.24751, -0.027914, 0.968483, -0.0, 0.0, 0.0, 0.0, 1.0],
                [0.968772, 0.008173, 0.24782, 0.0, -0.014833, 0.999577, 0.025019, 0.3, -0.24751, -0.027914, 0.968483, -0.0, 0.0, 0.0, 0.0, 1.0],
                [0.999987, -0.005093, -5.5e-05, -0.0, 0.005093, 0.999758, 0.021389, 0.3, -5.4e-05, -0.021389, 0.999771, -0.0, 0.0, 0.0, 0.0, 1.0]
            ]
        },
        {
            "name": "Head",
            "time": [0.0, 0.1, 0.2167, 0.3167, 0.8, 1.15],
            "transform": [
                [-0.078684, -0.024566, -0.996597, -0.0, 0.067294, 0.997285, -0.029896, 0.4, 0.994626, -0.069417, -0.076817, -0.0, 0.0, 0.0, 0.0, 1.0],
                [0.763482, 0.214042, -0.609328, -0.0, 0.097893, 0.894227, 0.436779, 0.4, 0.638367, -0.393122, 0.661773, 0.0, 0.0, 0.0, 0.0, 1.0],
                [0.994506, 0.014452, 0.103676, 0.0, 0.009956, 0.972877, -0.231111, 0.4, -0.104204, 0.230873, 0.967388, -0.0, 0.0, 0.0, 0.0, 1.0],
                [0.783925, -0.19765, -0.588554, 0.0, 0.056098, 0.966645, -0.249901, 0.4, 0.618316, 0.162887, 0.768865, -0.0, 0.0, 0.0, 0.0, 1.0],
                [0.783925, -0.19765, -0.588554, 0.0, 0.056098, 0.966645, -0.249901, 0.4, 0.618316, 0.162887, 0.768865, -0.0, 0.0, 0.0, 0.0, 1.0],
                [0.968482, 0.005819, 0.249015, -0.0, 0.000452, 0.999684, -0.025118, 0.4, -0.249082, 0.024439, 0.968174, -0.0, 0.0, 0.0, 0.0, 1.0]
            ]
        },
        {
            "name": "Shoulder_R",
            "time": [0.0, 0.1, 0.2167, 0.3167, 0.8, 1.15],
            "transform": [
                [0.07448, 0.968268, 0.238557, -0.0, -0.204975, -0.219249, 0.953895, 0.4, 0.975929, -0.119945, 0.182141, -0.0, 0.0, 0.0, 0.0, 1.0],
                [-0.240657, 0.943607, 0.227355, -0.0, 0.024911, -0.228157, 0.973306, 0.4, 0.97029, 0.239897, 0.031402, 0.0, 0.0, 0.0, 0.0, 1.0],
                [0.0, 0.952114, 0.305743, 0.0, 0.0, -0.305743, 0.952114, 0.4, 1.0, 0.0, -0.0, -0.0, 0.0, 0.0, 0.0, 1.0],
                [0.69, 0.703802, 0.169006, 0.0, -0.202697, -0.036265, 0.97857, 0.4, 0.694848, -0.70947, 0.117636, -0.0, 0.0, 0.0, 0.0, 1.0],
                [0.69, 0.703802, 0.169006, 0.0, -0.202697, -0.036265, 0.97857, 0.4, 0.694848, -0.70947, 0.117636, -0.0, 0.0, 0.0, 0.0, 1.0],
                [0.089555, 0.949274, 0.301428, -0.0, -0.003656, -0.302328, 0.953197, 0.4, 0.995975, -0.086466, -0.023605, -0.0, 0.0, 0.0, 0.0, 1.0]
            ]
        },
        {
            "name": "Arm_R",
            "time": [0.0, 0.1, 0.2167, 0.2667, 0.3167, 0.8, 1.15],
            "transform": [
                [0.273797, -0.537683, -0.797454, 0.0, 0.898649, 0.438479, 0.012898, 0.39386, 0.342732, -0.720162, 0.603242, -0.0, 0.0, 0.0, 0.0, 1.0],
                [0.415321, 0.725671, -0.548553, -0.0, 0.158037, 0.536292, 0.829105, 0.39386, 0.895842, -0.431036, 0.108051, 0.0, 0.0, 0.0, 0.0, 1.0],
                [0.23873, 0.464492, -0.852793, 0.0, 0.441311, 0.730368, 0.521351, 0.393861, 0.865016, -0.500809, -0.030625, -0.0, 0.0, 0.0, 0.0, 1.0],
                [0.252308, -0.630313, -0.734197, 0.008189, -0.241617, 0.693674, -0.678556, 0.373021, 0.936996, 0.348599, 0.022725, -0.006456, 0.0, 0.0, 0.0, 1.0],
                [0.34961, -0.926824, 0.137004, 0.016379, -0.258584, -0.236007, -0.936715, 0.352182, 0.900504, 0.292058, -0.322172, -0.012913, 0.0, 0.0, 0.0, 1.0],
                [0.34961, -0.926824, 0.137004, 0.016379, -0.258584, -0.236007, -0.936715, 0.352182, 0.900504, 0.292058, -0.322172, -0.012913, 0.0, 0.0, 0.0, 1.0],
                [0.239005, 0.285697, -0.928038, 2.6e-05, 0.841116, 0.416632, 0.344879, 0.396058, 0.485181, -0.863015, -0.140727, -0.006337, 0.0, 0.0, 0.0, 1.0]
            ]
        },
        {
            "name": "Hand_R",
            "time": [0.0, 0.1, 0.2167, 0.2667, 0.3167, 0.8, 1.15],
            "transform": [
                [1.0, 0.0, 0.0, -0.0, -0.0, 0.929331, -0.369248, 0.3, -0.0, 0.369248, 0.929331, -0.0, 0.0, 0.0, 0.0, 1.0],
                [1.0, 0.0, 0.0, 0.0, 0.0, 0.612436, -0.79052, 0.3, -0.0, 0.79052, 0.612436, 0.0, 0.0, 0.0, 0.0, 1.0],
                [1.0, -0.0, 0.0, -0.0, -0.0, 0.612436, -0.79052, 0.3, -0.0, 0.79052, 0.612436, -0.0, 0.0, 0.0, 0.0, 1.0],
                [1.0, 0.0, 0.0, -0.0, -0.0, 0.997678, 0.068111, 0.3, -0.0, -0.068111, 0.997678, -0.0, 0.0, 0.0, 0.0, 1.0],
                [1.0, 0.0, -0.0, 0.0, -0.0, 0.612436, -0.79052, 0.3, -0.0, 0.79052, 0.612436, 0.0, 0.0, 0.0, 0.0, 1.0],
                [1.0, 0.0, 0.0, 0.0, -0.0, 0.612436, -0.79052, 0.3, -0.0, 0.79052, 0.612436, -0.0, 0.0, 0.0, 0.0, 1.0],
                [1.0, 0.0, 0.0, 0.0, -0.0, 0.965668, -0.25978, 0.3, -0.0, 0.25978, 0.965668, 0.0, 0.0, 0.0, 0.0, 1.0]
            ]
        },
        {
            "name": "Tool_R",
            "time": [0.0, 0.1, 0.2167, 0.2667, 0.3167, 0.8, 1.15],
            "transform": [
                [1.0, 4e-06, -1.5e-05, -0.0, -1.5e-05, 0.519445, -0.854504, 0.269513, 4e-06, 0.854004, 0.519129, 0.045807, 0.0, 0.0, 0.0, 1.0],
                [1.0, 1.5e-05, -5e-06, -0.0, -1.5e-05, 0.998945, -0.045936, 0.269513, 4e-06, 0.04592, 0.998353, 0.045807, 0.0, 0.0, 0.0, 1.0],
                [0.991757, 0.091269, -0.089933, 0.0, -0.095658, 0.994363, -0.045754, 0.269513, 0.085199, 0.053958, 0.994307, 0.045807, 0.0, 0.0, 0.0, 1.0],
                [0.995321, 0.096596, -0.002279, -0.0, 0.010159, -0.128072, -0.991713, 0.269513, -0.096031, 0.986464, -0.128388, 0.045807, 0.0, 0.0, 0.0, 1.0],
                [0.991519, 0.129962, 2.5e-05, -0.0, -0.091355, 0.697112, -0.711118, 0.269513, -0.092382, 0.704675, 0.702649, 0.045807, 0.0, 0.0, 0.0, 1.0],
                [0.991519, 0.129962, 2.5e-05, 0.0, -0.091355, 0.697112, -0.711118, 0.269513, -0.092382, 0.704675, 0.702649, 0.045807, 0.0, 0.0, 0.0, 1.0],
                [1.0, 0.0, 0.0, -0.0, 0.0, -0.934465, -0.356057, 0.272858, 0.0, 0.355836, -0.933915, -0.0, 0.0, 0.0, 0.0, 1.0]
            ]
        },
        {
            "name": "Elbow_R",
            "time": [0.0, 0.1, 0.2167, 0.2667, 0.3167, 0.8, 1.15],
            "transform": [
                [-1.0, 0.0, 0.0, -0.0, -0.0, 0.0, -1.0, 0.345765, -0.0, -1.0, 0.0, 0.0, 0.0, 0.0, 0.0, 1.0],
                [-1.0, 0.0, 0.0, 0.0, -0.0, -0.0, -1.0, 0.395756, -0.0, -1.0, 0.0, 0.0, 0.0, 0.0, 0.0, 1.0],
                [-1.0, 0.0, 0.0, 0.0, -0.0, 0.0, -1.0, 0.395756, -0.0, -1.0, 0.0, -0.0, 0.0, 0.0, 0.0, 1.0],
                [-1.0, 0.0, -0.0, -0.0, 0.0, -0.0, -1.0, 0.303937, -0.0, -1.0, 0.0, -0.0, 0.0, 0.0, 0.0, 1.0],
                [-1.0, 0.0, -0.0, 0.0, 0.0, 0.0, -1.0, 0.395756, -0.0, -1.0, 0.0, -0.0, 0.0, 0.0, 0.0, 1.0],
                [-1.0, 0.0, 0.0, 0.0, 0.0, -0.0, -1.0, 0.395756, -0.0, -1.0, -0.0, 0.0, 0.0, 0.0, 0.0, 1.0],
                [-1.0, 0.0, -0.0, 0.0, 0.0, -0.0, -1.0, 0.346576, -0.0, -1.0, 0.0, 0.0, 0.0, 0.0, 0.0, 1.0]
            ]
        },
        {
            "name": "Shoulder_L",
            "time": [0.0, 0.1, 0.2167, 0.3167, 0.8, 1.15],
            "transform": [
                [0.105892, -0.945887, -0.306731, -0.0, 0.047834, -0.303263, 0.951706, 0.4, -0.993226, -0.11545, 0.013133, -0.0, 0.0, 0.0, 0.0, 1.0],
                [0.703711, -0.641335, -0.305743, -0.0, 0.225976, -0.205946, 0.952114, 0.4, -0.673591, -0.739104, 0.0, 0.0, 0.0, 0.0, 0.0, 1.0],
                [-0.0, -0.952114, -0.305743, 0.0, 0.0, -0.305743, 0.952114, 0.4, -1.0, 0.0, 0.0, -0.0, 0.0, 0.0, 0.0, 1.0],
                [-0.392336, -0.822933, -0.410918, 0.0, -0.076956, -0.415804, 0.906193, 0.4, -0.916597, 0.387155, 0.099805, -0.0, 0.0, 0.0, 0.0, 1.0],
                [-0.392336, -0.822933, -0.410918, 0.0, -0.076956, -0.415804, 0.906193, 0.4, -0.916597, 0.387155, 0.099805, -0.0, 0.0, 0.0, 0.0, 1.0],
                [-0.0, -0.952114, -0.305743, -0.0, 0.0, -0.305743, 0.952114, 0.4, -1.0, -0.0, 0.0, -0.0, 0.0, 0.0, 0.0, 1.0]
            ]
        },
        {
            "name": "Arm_L",
            "time": [0.0, 0.1, 0.2167, 0.3167, 0.8, 1.15],
            "transform": [
                [-0.138551, -0.318426, 0.937768, 0.0, -0.109231, 0.946036, 0.305096, 0.39386, -0.984313, -0.060162, -0.165857, 0.0, 0.0, 0.0, 0.0, 1.0],
                [0.310544, 0.764719, 0.564594, -0.0, 0.341474, 0.464564, -0.817053, 0.39386, -0.887106, 0.446525, -0.116864, 0.0, 0.0, 0.0, 0.0, 1.0],
                [0.151939, -0.102256, 0.983086, 0.0, -0.169976, 0.977112, 0.127905, 0.39386, -0.973665, -0.186534, 0.13108, 0.0, 0.0, 0.0, 0.0, 1.0],
                [0.261774, -0.516406, 0.815352, 0.0, -0.187443, 0.801522, 0.567826, 0.39386, -0.946752, -0.301474, 0.113022, -0.0, 0.0, 0.0, 0.0, 1.0],
                [0.261774, -0.516406, 0.815352, -0.0, -0.187443, 0.801522, 0.567826, 0.39386, -0.946752, -0.301474, 0.113022, 0.0, 0.0, 0.0, 0.0, 1.0],
                [0.566246, -0.198855, 0.799889, -0.0, -0.712299, 0.370239, 0.596283, 0.396682, -0.414724, -0.907403, 0.068002, -0.008785, 0.0, 0.0, 0.0, 1.0]
            ]
        },
        {
            "name": "Hand_L",
            "time": [0.0, 0.1, 0.2167, 0.3167, 0.8, 1.15],
            "transform": [
                [1.0, 0.0, -0.0, -0.0, -0.0, 0.223882, -0.974617, 0.3, -0.0, 0.974616, 0.223882, -0.0, 0.0, 0.0, 0.0, 1.0],
                [1.0, -0.0, 0.0, 0.0, -0.0, 0.76933, -0.638852, 0.3, -0.0, 0.638852, 0.76933, 0.0, 0.0, 0.0, 0.0, 1.0],
                [1.0, 0.0, 0.0, 0.0, -0.0, 0.997118, -0.075872, 0.3, -0.0, 0.075872, 0.997118, 0.0, 0.0, 0.0, 0.0, 1.0],
                [1.0, 0.0, 0.0, 0.0, -0.0, 0.968533, -0.248888, 0.3, -0.0, 0.248888, 0.968533, -0.0, 0.0, 0.0, 0.0, 1.0],
                [1.0, 0.0, 0.0, 0.0, -0.0, 0.968533, -0.248888, 0.3, -0.0, 0.248888, 0.968533, -0.0, 0.0, 0.0, 0.0, 1.0],
                [1.0, 0.0, -0.0, -0.0, -0.0, 0.961539, -0.274669, 0.3, -0.0, 0.274668, 0.961539, 0.0, 0.0, 0.0, 0.0, 1.0]
            ]
        },
        {
            "name": "Tool_L",
            "time": [0.0, 0.1, 0.1667, 0.2167, 0.3167, 0.8, 1.15],
            "transform": [
                [0.99549, 0.084086, 0.043927, 0.0, -0.077665, 0.988248, -0.131657, 0.272858, -0.05445, 0.127587, 0.989738, 0.0, 0.0, 0.0, 0.0, 1.0],
                [1.0, 0.0, 0.0, -0.0, 0.0, -0.886579, -0.462577, 0.272858, 0.0, 0.462295, -0.886063, 0.0, 0.0, 0.0, 0.0, 1.0],
                [1.0, -0.0, 0.0, -0.0, 0.0, -0.047502, -0.998871, 0.272858, 0.0, 0.998283, -0.047485, 0.0, 0.0, 0.0, 0.0, 1.0],
                [1.0, -0.0, -0.0, 0.0, -0.0, -0.222142, -0.975014, 0.272858, 0.0, 0.974438, -0.222022, -0.0, 0.0, 0.0, 0.0, 1.0],
                [0.949348, 0.314227, -9.4e-05, -0.0, 0.245984, -0.743357, -0.622023, 0.272858, -0.195409, 0.590138, -0.782545, 0.0, 0.0, 0.0, 0.0, 1.0],
                [0.949348, 0.314227, -9.4e-05, 0.0, 0.245984, -0.743357, -0.622023, 0.272858, -0.195409, 0.590138, -0.782545, -0.0, 0.0, 0.0, 0.0, 1.0],
                [1.0, -0.0, 0.0, -0.0, -0.0, -0.89022, -0.455531, 0.272858, 0.0, 0.455253, -0.889701, 0.0, 0.0, 0.0, 0.0, 1.0]
            ]
        },
        {
            "name": "Elbow_L",
            "time": [0.0, 0.1, 0.2167, 0.3167, 0.8, 1.15],
            "transform": [
                [-1.0, 0.0, -0.0, 0.0, 0.0, -0.0, -1.0, 0.436365, -0.0, -1.0, 0.0, -0.0, 0.0, 0.0, 0.0, 1.0],
                [-1.0, 0.0, -0.0, 0.0, 0.0, -0.0, -1.0, 0.375266, -0.0, -1.0, 0.0, 0.0, 0.0, 0.0, 0.0, 1.0],
                [-1.0, 0.0, -0.0, 0.0, 0.0, -0.0, -1.0, 0.317441, -0.0, -1.0, -0.0, 0.0, 0.0, 0.0, 0.0, 1.0],
                [-1.0, 0.0, -0.0, 0.0, 0.0, -0.0, -1.0, 0.333895, -0.0, -1.0, -0.0, 0.0, 0.0, 0.0, 0.0, 1.0],
                [-1.0, 0.0, 0.0, 0.0, -0.0, -0.0, -1.0, 0.333896, -0.0, -1.0, -0.0, 0.0, 0.0, 0.0, 0.0, 1.0],
                [-1.0, 0.0, -0.0, -0.0, 0.0, 0.0, -1.0, 0.345497, -0.0, -1.0, -0.0, 0.0, 0.0, 0.0, 0.0, 1.0]
            ]
        }
    ]
}