{
    "animation": [
        {
            "name": "Root",
            "time": [0.0, 0.1333, 0.2, 0.3, 0.5667],
            "transform": [
                [0.723046, -0.042013, -0.689521, -5e-06, -0.689808, 0.009556, -0.72393, 0.000946, 0.037003, 0.999071, -0.022071, 0.723933, 0.0, 0.0, 0.0, 1.0],
                [0.668694, -0.056492, -0.741388, -5e-06, -0.742937, -0.010679, -0.669277, 0.000946, 0.029892, 0.998346, -0.049111, 0.742899, 0.0, 0.0, 0.0, 1.0],
                [0.716688, -0.149203, 0.681246, -5e-06, 0.672659, 0.405742, -0.618791, 0.000946, -0.184085, 0.901727, 0.391153, 0.763972, 0.0, 0.0, 0.0, 1.0],
                [0.577111, -0.198805, 0.792098, -5e-06, 0.778865, 0.425656, -0.460636, 0.000946, -0.245585, 0.882776, 0.400493, 0.763972, 0.0, 0.0, 0.0, 1.0],
                [0.577111, -0.198805, 0.792098, -5e-06, 0.778865, 0.425656, -0.460636, 0.000946, -0.245585, 0.882776, 0.400493, 0.763972, 0.0, 0.0, 0.0, 1.0]
            ]
        },
        {
            "name": "Thigh_R",
            "time": [0.0, 0.1333, 0.2, 0.3, 0.5667],
            "transform": [
                [0.949755, 0.305302, -0.068951, 0.124994, 0.276244, -0.921222, -0.273927, -0.002831, -0.147151, 0.241117, -0.959276, -1.2e-05, 0.0, 0.0, 0.0, 1.0],
                [0.938807, 0.333086, -0.087716, 0.124994, 0.292888, -0.905987, -0.305615, -0.002831, -0.181266, 0.261223, -0.948106, -1.2e-05, 0.0, 0.0, 0.0, 1.0],
                [0.677329, 0.167855, 0.716275, 0.124994, -0.085298, -0.949136, 0.303086, -0.002831, 0.730718, -0.266385, -0.628562, -1.2e-05, 0.0, 0.0, 0.0, 1.0],
                [0.592251, 0.180807, 0.785205, 0.124994, -0.168937, -0.924972, 0.340415, -0.002831, 0.787844, -0.334261, -0.517273, -1.2e-05, 0.0, 0.0, 0.0, 1.0],
                [0.592251, 0.180807, 0.785205, 0.124994, -0.168937, -0.924972, 0.340415, -0.002831, 0.787844, -0.334261, -0.517273, -1.2e-05, 0.0, 0.0, 0.0, 1.0]
            ]
        },
        {
            "name": "Leg_R",
            "time": [0.0, 0.1333, 0.2, 0.3, 0.5667],
            "transform": [
                [1.0, -0.0, 1e-06, -0.0, 0.0, 0.999949, 0.010156, 0.37472, -1e-06, -0.010156, 0.999948, -0.0, 0.0, 0.0, 0.0, 1.0],
                [1.0, -0.0, 1e-06, -0.0, 0.0, 0.999949, 0.010169, 0.37472, -1e-06, -0.010169, 0.999947, 0.0, 0.0, 0.0, 0.0, 1.0],
                [1.0, -0.0, 1e-06, 0.0, -0.0, 0.900581, 0.434689, 0.37472, -1e-06, -0.434689, 0.90058, 0.0, 0.0, 0.0, 0.0, 1.0],
                [1.0, -0.0, 1e-06, -0.0, -0.0, 0.875563, 0.483104, 0.37472, -1e-06, -0.483105, 0.875562, -0.0, 0.0, 0.0, 0.0, 1.0],
                [1.0, -0.0, 1e-06, -0.0, -0.0, 0.875563, 0.483104, 0.37472, -1e-06, -0.483105, 0.875562, -0.0, 0.0, 0.0, 0.0, 1.0]
            ]
        },
        {
            "name": "Knee_R",
            "time": [0.0, 0.1333, 0.2, 0.3, 0.5667],
            "transform": [
                [1.0, 0.0, -0.0, -0.0, -0.0, 1e-06, -1.0, 0.37472, -0.0, 1.0, 1e-06, -0.0, 0.0, 0.0, 0.0, 1.0],
                [1.0, 0.0, -0.0, -0.0, -0.0, 1e-06, -1.0, 0.37472, -0.0, 1.0, 1e-06, 0.0, 0.0, 0.0, 0.0, 1.0],
                [1.0, 0.0, -0.0, 0.0, -0.0, 1e-06, -1.0, 0.386066, -0.0, 1.0, 1e-06, 0.0, 0.0, 0.0, 0.0, 1.0],
                [1.0, 0.0, -0.0, -0.0, -0.0, 1e-06, -1.0, 0.387484, -0.0, 1.0, 1e-06, -0.0, 0.0, 0.0, 0.0, 1.0],
                [1.0, 0.0, -0.0, -0.0, -0.0, 1e-06, -1.0, 0.387484, -0.0, 1.0, 1e-06, -0.0, 0.0, 0.0, 0.0, 1.0]
            ]
        },
        {
            "name": "Thigh_L",
            "time": [0.0, 0.1333, 0.2, 0.3, 0.5667],
            "transform": [
                [0.712479, -0.439448, -0.547045, -0.125006, -0.104589, -0.837407, 0.53648, -0.002831, -0.693855, -0.325015, -0.642597, -1.2e-05, 0.0, 0.0, 0.0, 1.0],
                [0.658113, -0.481257, -0.579032, -0.125006, -0.102929, -0.819337, 0.563997, -0.002831, -0.74585, -0.311574, -0.588752, -1.2e-05, 0.0, 0.0, 0.0, 1.0],
                [0.725857, -0.53766, -0.429014, -0.125006, -0.089388, -0.69215, 0.716197, -0.002831, -0.682012, -0.481508, -0.550463, -1.2e-05, 0.0, 0.0, 0.0, 1.0],
                [0.740623, -0.535802, -0.405455, -0.125006, -0.09029, -0.677315, 0.730132, -0.002831, -0.665827, -0.504144, -0.550013, -1.2e-05, 0.0, 0.0, 0.0, 1.0],
                [0.740623, -0.535802, -0.405455, -0.125006, -0.09029, -0.677315, 0.730132, -0.002831, -0.665827, -0.504144, -0.550013, -1.2e-05, 0.0, 0.0, 0.0, 1.0]
            ]
        },
        {
            "name": "Leg_L",
            "time": [0.0, 0.1333, 0.2, 0.3, 0.5667],
            "transform": [
                [1.0, -1e-06, 1e-06, -0.0, -1e-06, 0.387399, 0.921912, 0.37472, -1e-06, -0.921912, 0.3874, -0.0, 0.0, 0.0, 0.0, 1.0],
                [1.0, -1e-06, 1e-06, -0.0, -1e-06, 0.269621, 0.962967, 0.37472, -1e-06, -0.962966, 0.269621, 0.0, 0.0, 0.0, 0.0, 1.0],
                [1.0, -1e-06, 1e-06, -0.0, -1e-06, 0.452036, 0.892, 0.37472, -1e-06, -0.892, 0.452036, 0.0, 0.0, 0.0, 0.0, 1.0],
                [1.0, -1e-06, 1e-06, -0.0, -1e-06, 0.488219, 0.872722, 0.37472, -1e-06, -0.872721, 0.488219, 0.0, 0.0, 0.0, 0.0, 1.0],
                [1.0, -1e-06, 1e-06, -0.0, -1e-06, 0.488219, 0.872722, 0.37472, -1e-06, -0.872721, 0.488219, 0.0, 0.0, 0.0, 0.0, 1.0]
            ]
        },
        {
            "name": "Knee_L",
            "time": [0.0, 0.1333, 0.2, 0.3, 0.5667],
            "transform": [
                [1.0, 0.0, -0.0, 0.0, -0.0, 1e-06, -1.0, 0.444661, -0.0, 1.0, 1e-06, -0.0, 0.0, 0.0, 0.0, 1.0],
                [1.0, 0.0, -0.0, 0.0, -0.0, 1e-06, -1.0, 0.452432, -0.0, 1.0, 1e-06, 0.0, 0.0, 0.0, 0.0, 1.0],
                [1.0, 0.0, -0.0, 0.0, -0.0, 1e-06, -1.0, 0.427696, -0.0, 1.0, 1e-06, -0.0, 0.0, 0.0, 0.0, 1.0],
                [1.0, 0.0, -0.0, -0.0, -0.0, 1e-06, -1.0, 0.423525, -0.0, 1.0, 1e-06, 0.0, 0.0, 0.0, 0.0, 1.0],
                [1.0, 0.0, -0.0, -0.0, -0.0, 1e-06, -1.0, 0.423525, -0.0, 1.0, 1e-06, 0.0, 0.0, 0.0, 0.0, 1.0]
            ]
        },
        {
            "name": "Torso",
            "time": [0.0, 0.1333, 0.2, 0.5667],
            "transform": [
                [0.999997, -0.002633, -6e-06, 0.0, 0.002633, 0.999988, 0.00424, 0.05, -6e-06, -0.00424, 0.999991, -0.0, 0.0, 0.0, 0.0, 1.0],
                [0.999999, -0.001386, -2e-06, 0.0, 0.001386, 0.999997, 0.002232, 0.05, -2e-06, -0.002232, 0.999997, -0.0, 0.0, 0.0, 0.0, 1.0],
                [1.0, 0.0, -0.0, 0.0, -0.0, 1.0, 0.0, 0.05, -0.0, 0.0, 1.0, 0.0, 0.0, 0.0, 0.0, 1.0],
                [1.0, 0.0, 0.0, 0.0, 0.0, 1.0, -0.0, 0.05, -0.0, -0.0, 1.0, 0.0, 0.0, 0.0, 0.0, 1.0]
            ]
        },
        {
            "name": "Chest",
            "time": [0.0, 0.1333, 0.2, 0.3, 0.5667],
            "transform": [
                [0.966111, -0.123535, -0.226648, -0.0, 0.079918, 0.978051, -0.192432, 0.3, 0.245446, 0.167798, 0.954778, 0.0, 0.0, 0.0, 0.0, 1.0],
                [0.958515, -0.137509, -0.24968, 0.0, 0.083277, 0.97282, -0.216072, 0.3, 0.272605, 0.186316, 0.943914, -0.0, 0.0, 0.0, 0.0, 1.0],
                [0.999371, -0.014019, -0.032578, 0.0, 0.013185, 0.999584, -0.025673, 0.3, 0.032924, 0.025227, 0.99914, 0.0, 0.0, 0.0, 0.0, 1.0],
                [1.0, 0.0, 0.0, 0.0, 0.0, 1.0, -0.0, 0.3, -0.0, -0.0, 1.0, 0.0, 0.0, 0.0, 0.0, 1.0],
                [1.0, 0.0, 0.0, 0.0, 0.0, 1.0, -0.0, 0.3, -0.0, -0.0, 1.0, 0.0, 0.0, 0.0, 0.0, 1.0]
            ]
        },
        {
            "name": "Head",
            "time": [0.0, 0.1333, 0.2, 0.3, 0.5667],
            "transform": [
                [0.574854, 0.163603, 0.801734, 0.0, -0.178569, 0.981274, -0.072204, 0.4, -0.798534, -0.101658, 0.593304, 0.0, 0.0, 0.0, 0.0, 1.0],
                [0.49367, 0.151842, 0.856291, 0.0, -0.210107, 0.976295, -0.05199, 0.4, -0.843887, -0.154247, 0.51387, -0.0, 0.0, 0.0, 0.0, 1.0],
                [0.719966, -0.127778, -0.682145, 0.0, -0.145405, 0.933317, -0.328294, 0.4, 0.678606, 0.335548, 0.653377, 0.0, 0.0, 0.0, 0.0, 1.0],
                [0.567857, -0.202085, -0.797935, 0.0, -0.170934, 0.919311, -0.354471, 0.4, 0.805183, 0.337683, 0.487494, 0.0, 0.0, 0.0, 0.0, 1.0],
                [0.567857, -0.202085, -0.797935, 0.0, -0.170934, 0.919311, -0.354471, 0.4, 0.805183, 0.337683, 0.487494, 0.0, 0.0, 0.0, 0.0, 1.0]
            ]
        },
        {
            "name": "Shoulder_R",
            "time": [0.0, 0.1333, 0.2, 0.3, 0.5667],
            "transform": [
                [-0.32938, 0.910955, 0.248335, 0.0, 0.028609, -0.253262, 0.966974, 0.4, 0.943764, 0.325607, 0.057358, 0.0, 0.0, 0.0, 0.0, 1.0],
                [-0.364325, 0.899593, 0.240832, 0.0, 0.030611, -0.246898, 0.968558, 0.4, 0.930768, 0.360242, 0.062414, -0.0, 0.0, 0.0, 0.0, 1.0],
                [0.158445, 0.961797, 0.22325, 0.0, 0.056317, -0.234541, 0.970473, 0.4, 0.98576, -0.141194, -0.091328, 0.0, 0.0, 0.0, 0.0, 1.0],
                [0.227741, 0.949489, 0.21588, 0.0, 0.059337, -0.234827, 0.970224, 0.4, 0.971912, -0.208151, -0.109819, 0.0, 0.0, 0.0, 0.0, 1.0],
                [0.227741, 0.949489, 0.21588, 0.0, 0.059337, -0.234827, 0.970224, 0.4, 0.971912, -0.208151, -0.109819, 0.0, 0.0, 0.0, 0.0, 1.0]
            ]
        },
        {
            "name": "Arm_R",
            "time": [0.0, 0.1333, 0.2, 0.3, 0.5667],
            "transform": [
                [0.605323, -0.137602, -0.783996, 0.0, 0.503217, 0.829297, 0.24298, 0.393861, 0.616731, -0.541602, 0.571235, 0.0, 0.0, 0.0, 0.0, 1.0],
                [0.670171, -0.177318, -0.720715, 0.0, 0.452317, 0.867461, 0.207173, 0.39386, 0.588457, -0.464833, 0.66155, 0.0, 0.0, 0.0, 0.0, 1.0],
                [0.340836, -0.223562, -0.913155, -0.0, -0.356619, 0.867974, -0.345609, 0.393861, 0.869859, 0.443444, 0.21611, 0.0, 0.0, 0.0, 0.0, 1.0],
                [0.307769, -0.248019, -0.918567, -0.0, -0.445368, 0.815578, -0.369433, 0.393861, 0.840789, 0.5228, 0.14055, -0.0, 0.0, 0.0, 0.0, 1.0],
                [0.307769, -0.248019, -0.918567, -0.0, -0.445368, 0.815578, -0.369433, 0.393861, 0.840789, 0.5228, 0.14055, -0.0, 0.0, 0.0, 0.0, 1.0]
            ]
        },
        {
            "name": "Hand_R",
            "time": [0.0, 0.1333, 0.2, 0.3, 0.5667],
            "transform": [
                [0.999999, -0.000402, 0.001342, 0.0, 0.0014, 0.321749, -0.946825, 0.3, -5.1e-05, 0.946826, 0.321749, 0.0, 0.0, 0.0, 0.0, 1.0],
                [0.999999, -0.000375, 0.001491, 0.0, 0.001537, 0.235811, -0.971798, 0.3, 1.3e-05, 0.971799, 0.235811, -0.0, 0.0, 0.0, 0.0, 1.0],
                [1.0, -0.000149, 0.000121, 0.0, 0.000155, 0.998792, -0.049141, 0.3, -0.000114, 0.049141, 0.998792, -0.0, 0.0, 0.0, 0.0, 1.0],
                [1.0, 0.0, 0.0, -0.0, -0.0, 0.993938, 0.109947, 0.3, -0.0, -0.109947, 0.993937, 0.0, 0.0, 0.0, 0.0, 1.0],
                [1.0, 0.0, 0.0, -0.0, -0.0, 0.993938, 0.109947, 0.3, -0.0, -0.109947, 0.993937, 0.0, 0.0, 0.0, 0.0, 1.0]
            ]
        },
        {
            "name": "Tool_R",
            "time": [0.0, 0.1333, 0.2, 0.5667],
            "transform": [
                [1.0, 0.0, 0.0, -0.0, 0.0, -0.999836, 0.018122, 0.272858, 0.0, -0.018122, -0.999244, 0.0, 0.0, 0.0, 0.0, 1.0],
                [1.0, 0.0, 0.0, -0.0, 0.0, -0.999836, 0.018122, 0.272858, 0.0, -0.018122, -0.999244, 0.0, 0.0, 0.0, 0.0, 1.0],
                [0.999804, -0.0122, -0.01559, -0.0, -0.018429, -0.286016, -0.958048, 0.272858, 0.007225, 0.957577, -0.286025, 0.0, 0.0, 0.0, 0.0, 1.0],
                [0.999804, -0.0122, -0.01559, -0.0, -0.018429, -0.286016, -0.958048, 0.272858, 0.007225, 0.957577, -0.286025, 0.0, 0.0, 0.0, 0.0, 1.0]
            ]
        },
        {
            "name": "Elbow_R",
            "time": [0.0, 0.1333, 0.2, 0.3, 0.5667],
            "transform": [
                [-1.0, 0.0, 0.0, 0.0, -0.0, -0.0, -1.0, 0.41969, -0.0, -1.0, 0.0, -0.0, 0.0, 0.0, 0.0, 1.0],
                [-1.0, 0.0, -0.0, 0.0, -0.0, 0.0, -1.0, 0.432989, -0.0, -1.0, 0.0, -0.0, 0.0, 0.0, 0.0, 1.0],
                [-1.0, 0.0, -0.0, 0.0, 0.0, -0.0, -1.0, 0.316419, -0.0, -1.0, 0.0, 0.0, 0.0, 0.0, 0.0, 1.0],
                [-1.0, 0.0, -0.0, -0.0, 0.0, -0.0, -1.0, 0.3, -0.0, -1.0, 0.0, 0.0, 0.0, 0.0, 0.0, 1.0],
                [-1.0, 0.0, -0.0, -0.0, 0.0, -0.0, -1.0, 0.3, -0.0, -1.0, 0.0, 0.0, 0.0, 0.0, 0.0, 1.0]
            ]
        },
        {
            "name": "Shoulder_L",
            "time": [0.0, 0.1333, 0.2, 0.3, 0.5667],
            "transform": [
                [-0.022882, -0.952008, -0.305218, 0.0, 0.00046, -0.305308, 0.952254, 0.4, -0.999738, 0.021649, 0.007424, 0.0, 0.0, 0.0, 0.0, 1.0],
                [-0.012042, -0.95212, -0.305488, 0.0, 0.000241, -0.305513, 0.952188, 0.4, -0.999927, 0.011393, 0.003908, -0.0, 0.0, 0.0, 0.0, 1.0],
                [-0.235189, -0.894794, -0.379512, 0.0, -0.06162, -0.375952, 0.924588, 0.4, -0.969994, 0.240839, 0.033282, 0.0, 0.0, 0.0, 0.0, 1.0],
                [-0.263416, -0.883251, -0.387917, 0.0, -0.070489, -0.383421, 0.92088, 0.4, -0.962104, 0.269918, 0.038739, 0.0, 0.0, 0.0, 0.0, 1.0],
                [-0.263416, -0.883251, -0.387917, 0.0, -0.070489, -0.383421, 0.92088, 0.4, -0.962104, 0.269918, 0.038739, 0.0, 0.0, 0.0, 0.0, 1.0]
            ]
        },
        {
            "name": "Arm_L",
            "time": [0.0, 0.1333, 0.2, 0.3, 0.5667],
            "transform": [
                [0.15741, 0.647012, 0.746054, 0.0, -0.152406, 0.762338, -0.628978, 0.39386, -0.975702, -0.014695, 0.218609, -0.0, 0.0, 0.0, 0.0, 1.0],
                [0.238509, 0.706733, 0.666065, 0.0, -0.077147, 0.697479, -0.71244, 0.39386, -0.968071, 0.118538, 0.220877, 0.0, 0.0, 0.0, 0.0, 1.0],
                [0.569832, -0.354244, 0.741487, 0.0, -0.390999, 0.676752, 0.6238, 0.39386, -0.72278, -0.645382, 0.247126, -0.0, 0.0, 0.0, 0.0, 1.0],
                [0.618857, -0.447605, 0.645496, -0.0, -0.387459, 0.540888, 0.746536, 0.39386, -0.683295, -0.712102, 0.161303, 0.0, 0.0, 0.0, 0.0, 1.0],
                [0.618857, -0.447605, 0.645496, -0.0, -0.387459, 0.540888, 0.746536, 0.39386, -0.683295, -0.712102, 0.161303, 0.0, 0.0, 0.0, 0.0, 1.0]
            ]
        },
        {
            "name": "Hand_L",
            "time": [0.0, 0.1333, 0.2, 0.5667],
            "transform": [
                [1.020759, 0.000836, -0.002501, -0.0, -0.002687, 0.260372, -0.965505, 0.3, -0.000159, 0.965508, 0.260374, 0.0, 0.0, 0.0, 0.0, 1.0],
                [1.020758, 0.000783, -0.002782, 0.0, -0.002933, 0.166659, -0.986011, 0.3, -0.000315, 0.986014, 0.16666, 0.0, 0.0, 0.0, 0.0, 1.0],
                [1.020757, 0.000697, -0.003077, -0.0, -0.00318, 0.06405, -0.997942, 0.3, -0.000509, 0.997947, 0.064052, -0.0, 0.0, 0.0, 0.0, 1.0],
                [1.020757, 0.000697, -0.003077, 0.0, -0.00318, 0.06405, -0.997942, 0.3, -0.000509, 0.997946, 0.064052, -0.0, 0.0, 0.0, 0.0, 1.0]
            ]
        },
        {
            "name": "Tool_L",
            "time": [0.0, 0.5667],
            "transform": [
                [1.0, -0.0, 0.0, 0.0, 0.0, -0.999836, 0.018122, 0.272858, 0.0, -0.018122, -0.999248, 0.0, 0.0, 0.0, 0.0, 1.0],
                [1.0, 0.0, 0.0, 0.0, 0.0, -0.999835, 0.018122, 0.272858, 0.0, -0.018122, -0.999247, -0.0, 0.0, 0.0, 0.0, 1.0]
            ]
        },
        {
            "name": "Elbow_L",
            "time": [0.0, 0.1333, 0.2, 0.3, 0.5667],
            "transform": [
                [-1.0, 0.0, -0.0, -3.3e-05, 0.0, -0.0, -1.0, 0.433532, -0.0, -1.0, -0.0, -0.00058, 0.0, 0.0, 0.0, 1.0],
                [-1.0, 0.0, -0.0, -1.7e-05, 0.0, -0.0, -1.0, 0.442835, -0.0, -1.0, -0.0, -0.000305, 0.0, 0.0, 0.0, 1.0],
                [-1.0, 0.0, -0.0, -0.0, 0.0, -0.0, -1.0, 0.454453, -0.0, -1.0, -0.0, -0.0, 0.0, 0.0, 0.0, 1.0],
                [-1.0, 0.0, -0.0, 0.0, 0.0, -0.0, -1.0, 0.454613, -0.0, -1.0, 0.0, -0.0, 0.0, 0.0, 0.0, 1.0],
                [-1.0, 0.0, -0.0, 0.0, 0.0, -0.0, -1.0, 0.454613, -0.0, -1.0, 0.0, -0.0, 0.0, 0.0, 0.0, 1.0]
            ]
        }
    ]
}