{
    "animation": [
        {
            "name": "Coord",
            "time": [0.0, 0.0333, 0.1, 0.2333, 0.9],
            "transform": [
                [1.0, 0.0, 0.0, 0.0, 0.0, 0.0, -1.0, 0.0, 0.0, 1.0, 0.0, 0.0, 0.0, 0.0, 0.0, 1.0],
                [1.0, 0.0, 0.0, 0.0, 0.0, 0.0, -1.0, 0.548581, 0.0, 1.0, 0.0, 0.0, 0.0, 0.0, 0.0, 1.0],
                [1.0, 0.0, 0.0, 0.0, 0.0, 0.0, -1.0, 0.996801, 0.0, 1.0, 0.0, 0.0, 0.0, 0.0, 0.0, 1.0],
                [1.0, 0.0, 0.0, -0.0, 0.0, 0.0, -1.0, 2.002694, 0.0, 1.0, 0.0, -0.010884, 0.0, 0.0, 0.0, 1.0],
                [1.0, 0.0, 0.0, -0.0, 0.0, 0.0, -1.0, 2.002694, 0.0, 1.0, 0.0, -0.010884, 0.0, 0.0, 0.0, 1.0]
            ]
        },
        {
            "name": "Root",
            "time": [0.0, 0.0333, 0.1, 0.1833, 0.2333, 0.3833, 0.9],
            "transform": [
                [0.844147, -0.043096, -0.534377, -5e-06, 0.19857, 0.951004, 0.236983, 0.489482, 0.497982, -0.30616, 0.811345, -0.000946, 0.0, 0.0, 0.0, 1.0],
                [0.908974, -0.027912, -0.415917, -5e-06, 0.159597, 0.945035, 0.285373, 0.635461, 0.385091, -0.325776, 0.863467, -0.000946, 0.0, 0.0, 0.0, 1.0],
                [1.0, 0.0, 0.0, -5e-06, 0.0, 0.918277, 0.39594, 0.563072, 0.0, -0.39594, 0.918277, -0.000946, 0.0, 0.0, 0.0, 1.0],
                [1.0, 0.0, 0.0, -5e-06, 0.0, 0.918277, 0.39594, 0.620713, 0.0, -0.39594, 0.918277, -0.000946, 0.0, 0.0, 0.0, 1.0],
                [1.0, 0.0, 0.0, -5e-06, 0.0, 0.918277, 0.39594, 0.574606, 0.0, -0.39594, 0.918277, -0.000947, 0.0, 0.0, 0.0, 1.0],
                [1.0, 0.0, 0.0, -5e-06, 0.0, 0.875253, 0.483665, 0.449384, 0.0, -0.483665, 0.875253, -0.095709, 0.0, 0.0, 0.0, 1.0],
                [1.0, 0.0, 0.0, -5e-06, 0.0, 0.875253, 0.483665, 0.449384, 0.0, -0.483665, 0.875253, -0.095709, 0.0, 0.0, 0.0, 1.0]
            ]
        },
        {
            "name": "Thigh_R",
            "time": [0.0, 0.0667, 0.1167, 0.1833, 0.2333, 0.3833, 0.9],
            "transform": [
                [0.971535, 0.189317, -0.142404, 0.124994, 0.180332, -0.980841, -0.073674, -0.002831, -0.153623, 0.045897, -0.987063, -1.2e-05, 0.0, 0.0, 0.0, 1.0],
                [0.99839, 0.054249, -0.016541, 0.124994, 0.044473, -0.929839, -0.365264, -0.002831, -0.035196, 0.36394, -0.930757, -1.2e-05, 0.0, 0.0, 0.0, 1.0],
                [0.998952, -0.023452, -0.039295, 0.124994, 0.03992, 0.026794, 0.998844, -0.002831, -0.022372, -0.999364, 0.027701, -1.2e-05, 0.0, 0.0, 0.0, 1.0],
                [0.998828, 0.007312, -0.047826, 0.124994, 0.046893, -0.389712, 0.919742, -0.00283, -0.011913, -0.920905, -0.3896, -1.2e-05, 0.0, 0.0, 0.0, 1.0],
                [0.999379, -0.003886, -0.035016, 0.124994, 0.034521, -0.090511, 0.995297, -0.002831, -0.007037, -0.995886, -0.090321, -1.2e-05, 0.0, 0.0, 0.0, 1.0],
                [0.999092, -0.019534, -0.037849, 0.124994, 0.042481, 0.392721, 0.918676, -0.002831, -0.003081, -0.919448, 0.393195, -1.2e-05, 0.0, 0.0, 0.0, 1.0],
                [0.999092, -0.019534, -0.037849, 0.124994, 0.042481, 0.392721, 0.918676, -0.002831, -0.003081, -0.919448, 0.393195, -1.2e-05, 0.0, 0.0, 0.0, 1.0]
            ]
        },
        {
            "name": "Leg_R",
            "time": [0.0, 0.0667, 0.1167, 0.1833, 0.2333, 0.3833, 0.9],
            "transform": [
                [1.0, -0.0, 1e-06, 0.0, -0.0, 0.794635, 0.607088, 0.37472, -1e-06, -0.607089, 0.794634, -0.0, 0.0, 0.0, 0.0, 1.0],
                [1.0, -0.0, 1e-06, 0.0, 0.0, 0.999987, 0.005214, 0.37472, -1e-06, -0.005214, 0.999986, 0.0, 0.0, 0.0, 0.0, 1.0],
                [1.0, -1e-06, 1e-06, -0.0, -1e-06, -0.086388, 0.996261, 0.37472, -1e-06, -0.996262, -0.086388, 0.0, 0.0, 0.0, 0.0, 1.0],
                [1.0, -0.0, 1e-06, -0.0, 0.0, 0.999987, 0.005304, 0.37472, -1e-06, -0.005304, 0.999985, -0.0, 0.0, 0.0, 0.0, 1.0],
                [1.0, -0.0, 1e-06, -0.0, -0.0, 0.717146, 0.696923, 0.37472, -1e-06, -0.696924, 0.717145, -0.0, 0.0, 0.0, 0.0, 1.0],
                [1.0, -1e-06, 1e-06, 0.0, -1e-06, 0.03006, 0.999547, 0.37472, -1e-06, -0.999549, 0.03006, -0.0, 0.0, 0.0, 0.0, 1.0],
                [1.0, -1e-06, 1e-06, 0.0, -1e-06, 0.03006, 0.999547, 0.37472, -1e-06, -0.999549, 0.03006, -0.0, 0.0, 0.0, 0.0, 1.0]
            ]
        },
        {
            "name": "Knee_R",
            "time": [0.0, 0.0667, 0.2333, 0.3833, 0.9],
            "transform": [
                [1.0, 0.0, -0.0, 0.0, -0.0, 1e-06, -1.0, 0.397255, -0.0, 1.0, 1e-06, -0.0, 0.0, 0.0, 0.0, 1.0],
                [1.0, 0.0, -0.0, 0.0, -0.0, 1e-06, -1.0, 0.37472, -0.0, 1.0, 1e-06, 0.0, 0.0, 0.0, 0.0, 1.0],
                [1.0, 0.0, -0.0, -0.0, -0.0, 1e-06, -1.0, 0.407914, -0.0, 1.0, 1e-06, -0.0, 0.0, 0.0, 0.0, 1.0],
                [1.0, 0.0, -0.0, 0.0, -0.0, 1e-06, -1.0, 0.477021, -0.0, 1.0, 1e-06, -0.0, 0.0, 0.0, 0.0, 1.0],
                [1.0, 0.0, -0.0, 0.0, -0.0, 1e-06, -1.0, 0.477021, -0.0, 1.0, 1e-06, -0.0, 0.0, 0.0, 0.0, 1.0]
            ]
        },
        {
            "name": "Thigh_L",
            "time": [0.0, 0.0667, 0.1167, 0.1833, 0.2333, 0.3833, 0.9],
            "transform": [
                [0.835054, -0.540145, 0.104534, -0.125006, -0.096084, 0.043902, 0.994404, -0.002831, -0.541712, -0.840426, -0.015239, -1.2e-05, 0.0, 0.0, 0.0, 1.0],
                [0.997543, -0.066462, 0.022122, -0.125006, -0.061405, -0.677759, 0.732715, -0.002831, -0.033704, -0.732274, -0.680176, -1.2e-05, 0.0, 0.0, 0.0, 1.0],
                [0.999762, -0.020422, -0.007622, -0.125006, 2e-05, -0.348825, 0.937187, -0.002831, -0.021798, -0.936965, -0.348742, -1.2e-05, 0.0, 0.0, 0.0, 1.0],
                [0.999565, -0.011521, -0.02714, -0.125006, -0.007381, -0.988968, 0.147946, -0.002831, -0.028545, -0.147681, -0.988623, -1.2e-05, 0.0, 0.0, 0.0, 1.0],
                [0.999148, -0.011965, -0.039482, -0.125006, -0.0189, -0.983439, -0.180251, -0.002831, -0.036671, 0.180844, -0.982827, -1.2e-05, 0.0, 0.0, 0.0, 1.0],
                [0.999114, -0.017132, -0.038435, -0.125006, -0.023445, -0.985104, -0.170354, -0.002831, -0.034944, 0.171104, -0.984633, -1.2e-05, 0.0, 0.0, 0.0, 1.0],
                [0.999114, -0.017132, -0.038435, -0.125006, -0.023445, -0.985104, -0.170354, -0.002831, -0.034944, 0.171104, -0.984633, -1.2e-05, 0.0, 0.0, 0.0, 1.0]
            ]
        },
        {
            "name": "Leg_L",
            "time": [0.0, 0.0667, 0.1167, 0.1833, 0.2333, 0.3833, 0.9],
            "transform": [
                [1.0, -1e-06, 0.0, -0.0, -0.0, 0.401074, 0.916046, 0.37472, -1e-06, -0.916045, 0.401074, 0.0, 0.0, 0.0, 0.0, 1.0],
                [1.0, -1e-06, 0.0, -0.0, 0.0, 0.727375, 0.68624, 0.37472, -1e-06, -0.686239, 0.727376, -0.0, 0.0, 0.0, 0.0, 1.0],
                [1.0, -1e-06, 0.0, -0.0, -0.0, 0.064404, 0.997924, 0.37472, -1e-06, -0.997924, 0.064404, 0.0, 0.0, 0.0, 0.0, 1.0],
                [1.0, -0.0, 0.0, -0.0, 0.0, 0.951477, 0.30772, 0.37472, -1e-06, -0.307719, 0.951478, -0.0, 0.0, 0.0, 0.0, 1.0],
                [1.0, -0.0, 0.0, -0.0, 0.0, 0.970924, 0.239386, 0.37472, -1e-06, -0.239386, 0.970925, -0.0, 0.0, 0.0, 0.0, 1.0],
                [1.0, -0.0, 1e-06, -0.0, 0.0, 0.882085, 0.47109, 0.37472, -1e-06, -0.471089, 0.882086, 0.0, 0.0, 0.0, 0.0, 1.0],
                [1.0, -0.0, 1e-06, -0.0, 0.0, 0.882085, 0.47109, 0.37472, -1e-06, -0.471089, 0.882086, 0.0, 0.0, 0.0, 0.0, 1.0]
            ]
        },
        {
            "name": "Knee_L",
            "time": [0.0, 0.0667, 0.2333, 0.3833, 0.9],
            "transform": [
                [1.0, 0.0, -0.0, 0.0, -0.0, 1e-06, -1.0, 0.442664, -0.0, 1.0, 1e-06, -0.0, 0.0, 0.0, 0.0, 1.0],
                [1.0, 0.0, -0.0, 0.0, -0.0, 1e-06, -1.0, 0.406585, -0.0, 1.0, 1e-06, -0.0, 0.0, 0.0, 0.0, 1.0],
                [1.0, 0.0, -0.0, -0.0, -0.0, 1e-06, -1.0, 0.37472, -0.0, 1.0, 1e-06, -0.0, 0.0, 0.0, 0.0, 1.0],
                [1.0, 0.0, -0.0, 0.0, -0.0, 1e-06, -1.0, 0.382721, -0.0, 1.0, 1e-06, -0.0, 0.0, 0.0, 0.0, 1.0],
                [1.0, 0.0, -0.0, 0.0, -0.0, 1e-06, -1.0, 0.382721, -0.0, 1.0, 1e-06, -0.0, 0.0, 0.0, 0.0, 1.0]
            ]
        },
        {
            "name": "Torso",
            "time": [0.0, 0.0667, 0.9],
            "transform": [
                [1.0, 0.0, -0.0, 0.0, -0.0, 1.0, -0.0, 0.05, -0.0, 0.0, 1.0, -0.0, 0.0, 0.0, 0.0, 1.0],
                [1.0, -0.0, 0.0, 0.0, -0.0, 0.995947, -0.08994, 0.05, 0.0, 0.08994, 0.995947, 0.0, 0.0, 0.0, 0.0, 1.0],
                [1.0, 0.0, 0.0, 0.0, 0.0, 0.995947, -0.08994, 0.05, 0.0, 0.08994, 0.995947, 0.0, 0.0, 0.0, 0.0, 1.0]
            ]
        },
        {
            "name": "Chest",
            "time": [0.0, 0.0667, 0.9],
            "transform": [
                [0.993119, -0.117104, -0.001426, -0.0, 0.115362, 0.976102, 0.184163, 0.3, -0.020174, -0.18306, 0.982895, 0.0, 0.0, 0.0, 0.0, 1.0],
                [1.0, 0.0, -0.0, 0.0, 0.0, 0.937229, 0.348715, 0.3, -0.0, -0.348714, 0.937229, 0.0, 0.0, 0.0, 0.0, 1.0],
                [1.0, 0.0, 0.0, 0.0, 0.0, 0.937229, 0.348715, 0.3, 0.0, -0.348714, 0.937229, 0.0, 0.0, 0.0, 0.0, 1.0]
            ]
        },
        {
            "name": "Head",
            "time": [0.0, 0.1, 0.2, 0.3833, 0.9],
            "transform": [
                [0.845214, 0.300637, 0.44185, 0.0, -0.042906, 0.862274, -0.504622, 0.4, -0.532704, 0.407556, 0.741704, 0.0, 0.0, 0.0, 0.0, 1.0],
                [1.0, 0.0, 0.0, 0.0, 0.0, 0.851043, -0.525095, 0.4, 0.0, 0.525095, 0.851043, -0.0, 0.0, 0.0, 0.0, 1.0],
                [1.0, 0.0, 0.0, 0.0, 0.0, 0.780153, -0.625589, 0.4, 0.0, 0.625589, 0.780153, -0.0, 0.0, 0.0, 0.0, 1.0],
                [1.0, 0.0, 0.0, 0.0, 0.0, 0.888457, -0.45896, 0.4, 0.0, 0.45896, 0.888457, -0.0, 0.0, 0.0, 0.0, 1.0],
                [1.0, 0.0, 0.0, 0.0, 0.0, 0.888457, -0.45896, 0.4, 0.0, 0.45896, 0.888457, -0.0, 0.0, 0.0, 0.0, 1.0]
            ]
        },
        {
            "name": "Shoulder_R",
            "time": [0.0, 0.0333, 0.1, 0.15, 0.2, 0.2667, 0.3833, 0.9],
            "transform": [
                [0.398311, 0.913045, 0.087725, 0.0, -0.094669, -0.054208, 0.994032, 0.4, 0.912352, -0.404239, 0.064845, 0.0, 0.0, 0.0, 0.0, 1.0],
                [0.559392, 0.828902, 0.001246, 0.0, -0.112641, 0.074528, 0.990837, 0.4, 0.821214, -0.554407, 0.135059, 0.0, 0.0, 0.0, 0.0, 1.0],
                [0.783732, 0.62092, -0.014894, 0.0, -0.322279, 0.42705, 0.844846, 0.4, 0.530942, -0.657333, 0.534802, -0.0, 0.0, 0.0, 0.0, 1.0],
                [0.942659, 0.330023, -0.049777, 0.0, -0.140342, 0.527265, 0.838031, 0.4, 0.302815, -0.782992, 0.543348, 0.0, 0.0, 0.0, 0.0, 1.0],
                [0.783732, 0.62092, -0.014894, 0.0, -0.399414, 0.522219, 0.753496, 0.4, 0.475638, -0.58459, 0.657284, -0.0, 0.0, 0.0, 0.0, 1.0],
                [-0.484667, 0.819523, 0.305743, 0.0, 0.155637, -0.263166, 0.952114, 0.4, 0.860741, 0.509043, 0.0, 0.0, 0.0, 0.0, 0.0, 1.0],
                [-0.484667, 0.819523, 0.305743, 0.0, 0.155637, -0.263166, 0.952114, 0.4, 0.860741, 0.509044, 0.0, -0.0, 0.0, 0.0, 0.0, 1.0],
                [-0.484667, 0.819523, 0.305743, 0.0, 0.155637, -0.263166, 0.952114, 0.4, 0.860741, 0.509044, 0.0, -0.0, 0.0, 0.0, 0.0, 1.0]
            ]
        },
        {
            "name": "Arm_R",
            "time": [0.0, 0.0333, 0.1, 0.15, 0.2, 0.2667, 0.3833, 0.9],
            "transform": [
                [0.355339, 0.448314, -0.820212, 4e-06, 0.685118, 0.472017, 0.554809, 0.394832, 0.635883, -0.759088, -0.139421, -0.002747, 0.0, 0.0, 0.0, 1.0],
                [0.390469, 0.464468, -0.79486, -0.0, 0.676245, 0.44115, 0.589982, 0.39386, 0.624681, -0.76789, -0.141839, 0.0, 0.0, 0.0, 0.0, 1.0],
                [-0.004581, -0.999349, 0.035792, 0.041028, 0.076111, -0.036037, -0.996448, 0.341901, 0.997089, -0.00184, 0.076227, -0.007236, 0.0, 0.0, 0.0, 1.0],
                [-0.004581, -0.999349, 0.035792, 0.041028, 0.076111, -0.036037, -0.996448, 0.341901, 0.997089, -0.00184, 0.076227, -0.007236, 0.0, 0.0, 0.0, 1.0],
                [0.081492, -0.579268, -0.811053, 0.0, -0.078941, 0.807451, -0.584628, 0.393861, 0.993543, 0.111669, 0.020073, 0.0, 0.0, 0.0, 0.0, 1.0],
                [0.567557, 0.297815, -0.767584, -6.6e-05, -0.144015, 0.953824, 0.263589, 0.394115, 0.810641, -0.039057, 0.584239, -0.000789, 0.0, 0.0, 0.0, 1.0],
                [0.567557, 0.36968, -0.735674, -6.7e-05, -0.144015, 0.92433, 0.353376, 0.394115, 0.810641, -0.094612, 0.577849, -0.000788, 0.0, 0.0, 0.0, 1.0],
                [0.567557, 0.36968, -0.735674, -6.7e-05, -0.144015, 0.92433, 0.353376, 0.394115, 0.810641, -0.094612, 0.577849, -0.000788, 0.0, 0.0, 0.0, 1.0]
            ]
        },
        {
            "name": "Hand_R",
            "time": [0.0, 0.0333, 0.1, 0.15, 0.2, 0.2667, 0.3833, 0.9],
            "transform": [
                [1.0, 0.0, 0.0, 0.0, -0.0, 0.635629, -0.771995, 0.3, -0.0, 0.771995, 0.635629, -0.0, 0.0, 0.0, 0.0, 1.0],
                [1.0, 0.0, 0.0, 0.0, 0.0, 0.562846, -0.826562, 0.3, -0.0, 0.826562, 0.562846, -0.0, 0.0, 0.0, 0.0, 1.0],
                [1.0, 0.0, 0.0, -0.0, -0.0, 0.934384, -0.356267, 0.3, -0.0, 0.356267, 0.934384, -0.0, 0.0, 0.0, 0.0, 1.0],
                [1.0, 0.0, 0.0, 0.0, -0.0, 0.934384, -0.356267, 0.3, -0.0, 0.356267, 0.934384, 0.0, 0.0, 0.0, 0.0, 1.0],
                [1.0, 0.0, 0.0, 0.0, -0.0, 0.999795, 0.020281, 0.3, -0.0, -0.020281, 0.999794, -0.0, 0.0, 0.0, 0.0, 1.0],
                [1.0, 0.0, 0.0, 0.0, -0.0, 0.934384, -0.356267, 0.3, -0.0, 0.356267, 0.934384, 0.0, 0.0, 0.0, 0.0, 1.0],
                [1.0, 0.0, 0.0, 0.0, -0.0, 0.890128, -0.45571, 0.3, -0.0, 0.45571, 0.890129, 0.0, 0.0, 0.0, 0.0, 1.0],
                [1.0, 0.0, 0.0, 0.0, -0.0, 0.890128, -0.45571, 0.3, -0.0, 0.45571, 0.890129, 0.0, 0.0, 0.0, 0.0, 1.0]
            ]
        },
        {
            "name": "Tool_R",
            "time": [0.0, 0.1, 0.15, 0.2, 0.2333, 0.2667, 0.3833, 0.9],
            "transform": [
                [1.0, 0.0, 0.0, 0.0, -0.0, -0.934464, -0.356057, 0.272858, 0.0, 0.355836, -0.933915, 0.0, 0.0, 0.0, 0.0, 1.0],
                [1.0, -0.0, 0.0, 0.0, 0.0, -0.934464, -0.356057, 0.272858, 0.0, 0.355836, -0.933915, 0.0, 0.0, 0.0, 0.0, 1.0],
                [0.782996, -0.584046, -0.21403, -0.0, -0.571364, -0.811322, 0.123695, 0.272858, -0.245751, 0.025413, -0.968389, 0.0, 0.0, 0.0, 0.0, 1.0],
                [0.981241, 0.071821, 0.178907, 0.0, 0.174175, 0.067529, -0.982397, 0.272858, -0.082588, 0.994541, 0.053711, -0.0, 0.0, 0.0, 0.0, 1.0],
                [0.992909, 0.110937, 0.042712, -0.0, 0.060206, -0.159473, -0.985365, 0.272858, -0.102441, 0.980367, -0.164934, 0.0, 0.0, 0.0, 0.0, 1.0],
                [1.0, -0.0, 0.0, 0.0, 0.0, -0.934464, -0.356057, 0.272858, 0.0, 0.355836, -0.933915, -0.0, 0.0, 0.0, 0.0, 1.0],
                [1.0, -0.0, 0.0, 0.0, 0.0, -0.784665, -0.61992, 0.272858, 0.0, 0.619545, -0.784207, -0.0, 0.0, 0.0, 0.0, 1.0],
                [1.0, -0.0, 0.0, 0.0, 0.0, -0.784665, -0.61992, 0.272858, 0.0, 0.619545, -0.784207, -0.0, 0.0, 0.0, 0.0, 1.0]
            ]
        },
        {
            "name": "Elbow_R",
            "time": [0.0, 0.0333, 0.1, 0.15, 0.2, 0.2667, 0.3833, 0.9],
            "transform": [
                [-1.0, 0.0, 0.0, 0.0, 0.0, -0.0, -1.0, 0.392974, -0.0, -1.0, 0.0, -0.0, 0.0, 0.0, 0.0, 1.0],
                [-1.0, 0.0, 0.0, 0.0, -0.0, -0.0, -1.0, 0.401502, -0.0, -1.0, 0.0, -0.0, 0.0, 0.0, 0.0, 1.0],
                [-1.0, 0.0, -0.0, -0.0, 0.0, 0.0, -1.0, 0.34446, -0.0, -1.0, 0.0, -0.0, 0.0, 0.0, 0.0, 1.0],
                [-1.0, 0.0, -0.0, 0.0, 0.0, 0.0, -1.0, 0.34446, -0.0, -1.0, 0.0, 0.0, 0.0, 0.0, 0.0, 1.0],
                [-1.0, 0.0, -0.0, 0.0, 0.0, -0.0, -1.0, 0.308423, -0.0, -1.0, 0.0, -0.0, 0.0, 0.0, 0.0, 1.0],
                [-1.0, 0.0, -0.0, 0.0, 0.0, -0.0, -1.0, 0.34446, -0.0, -1.0, 0.0, 0.0, 0.0, 0.0, 0.0, 1.0],
                [-1.0, 0.0, 0.0, 0.0, -0.0, -0.0, -1.0, 0.354665, -0.0, -1.0, 0.0, -0.0, 0.0, 0.0, 0.0, 1.0],
                [-1.0, 0.0, 0.0, 0.0, -0.0, -0.0, -1.0, 0.354665, -0.0, -1.0, 0.0, -0.0, 0.0, 0.0, 0.0, 1.0]
            ]
        },
        {
            "name": "Shoulder_L",
            "time": [0.0, 0.0333, 0.1, 0.15, 0.2, 0.2667, 0.9],
            "transform": [
                [-0.261599, -0.952027, -0.158777, 0.0, -0.121766, -0.130638, 0.983924, 0.4, -0.957465, 0.276728, -0.08175, 0.0, 0.0, 0.0, 0.0, 1.0],
                [-0.305492, -0.942414, -0.136125, 0.0, -0.137101, -0.097935, 0.985704, 0.4, -0.942273, 0.319787, -0.099287, 0.0, 0.0, 0.0, 0.0, 1.0],
                [0.527995, -0.8307, -0.17652, 0.0, 0.201875, -0.079129, 0.97621, 0.4, -0.824905, -0.551069, 0.125918, -0.0, 0.0, 0.0, 0.0, 1.0],
                [0.87876, -0.47221, -0.069275, 0.0, 0.220825, 0.273609, 0.936149, 0.4, -0.423104, -0.837947, 0.344713, 0.0, 0.0, 0.0, 0.0, 1.0],
                [0.784187, -0.618368, -0.051691, 0.0, 0.473864, 0.54298, 0.693272, 0.4, -0.400629, -0.568149, 0.71882, -0.0, 0.0, 0.0, 0.0, 1.0],
                [-0.461699, -0.83268, -0.305744, 0.0, -0.148261, -0.267391, 0.952114, 0.4, -0.874559, 0.484919, 0.0, 0.0, 0.0, 0.0, 0.0, 1.0],
                [-0.461699, -0.83268, -0.305744, 0.0, -0.148261, -0.267391, 0.952114, 0.4, -0.874559, 0.484919, 0.0, -0.0, 0.0, 0.0, 0.0, 1.0]
            ]
        },
        {
            "name": "Arm_L",
            "time": [0.0, 0.0333, 0.1, 0.15, 0.2, 0.2667, 0.3833, 0.9],
            "transform": [
                [0.561646, -0.399177, 0.724715, 0.0, -0.472918, 0.563843, 0.677074, 0.394251, -0.678898, -0.723006, 0.127902, -0.001215, 0.0, 0.0, 0.0, 1.0],
                [0.561918, -0.432932, 0.704853, -0.0, -0.402867, 0.600982, 0.690303, 0.39386, -0.722459, -0.671855, 0.163289, -0.0, 0.0, 0.0, 0.0, 1.0],
                [0.011767, 0.892432, -0.451028, -0.051334, 0.298026, -0.433689, -0.85035, 0.368453, -0.954485, -0.124411, -0.271071, -0.033981, 0.0, 0.0, 0.0, 1.0],
                [0.011767, 0.892432, -0.451028, -0.051334, 0.298026, -0.433689, -0.85035, 0.368453, -0.954485, -0.124411, -0.271071, -0.033981, 0.0, 0.0, 0.0, 1.0],
                [-0.021204, 0.586912, 0.809373, 0.0, 0.053277, 0.809068, -0.585295, 0.39386, -0.998355, 0.03071, -0.048424, 0.0, 0.0, 0.0, 0.0, 1.0],
                [0.577732, -0.255159, 0.775319, -6e-05, 0.146865, 0.966875, 0.208764, 0.393604, -0.802906, -0.006742, 0.596068, 0.000789, 0.0, 0.0, 0.0, 1.0],
                [0.577731, -0.334291, 0.744632, -6e-05, 0.146865, 0.93997, 0.308038, 0.393604, -0.802905, -0.068603, 0.592146, 0.000789, 0.0, 0.0, 0.0, 1.0],
                [0.577731, -0.334291, 0.744632, -6e-05, 0.146865, 0.93997, 0.308038, 0.393604, -0.802905, -0.068603, 0.592146, 0.000789, 0.0, 0.0, 0.0, 1.0]
            ]
        },
        {
            "name": "Hand_L",
            "time": [0.0, 0.0333, 0.1, 0.15, 0.2, 0.2667, 0.3833, 0.9],
            "transform": [
                [1.0, 0.0, 0.0, 0.0, -0.0, 0.717038, -0.697035, 0.3, -0.0, 0.697035, 0.717038, -0.0, 0.0, 0.0, 0.0, 1.0],
                [1.0, -0.0, 0.0, -0.0, -0.0, 0.659362, -0.751826, 0.3, -0.0, 0.751826, 0.659362, 0.0, 0.0, 0.0, 0.0, 1.0],
                [1.0, 0.0, -0.0, -0.0, -0.0, 0.96604, -0.258391, 0.3, -0.0, 0.258391, 0.966041, 0.0, 0.0, 0.0, 0.0, 1.0],
                [1.0, 0.0, 0.0, -0.0, -0.0, 0.966041, -0.258391, 0.3, -0.0, 0.258391, 0.966041, 0.0, 0.0, 0.0, 0.0, 1.0],
                [1.0, 0.0, 0.0, 0.0, -0.0, 0.999458, 0.032912, 0.3, -0.0, -0.032912, 0.999458, 0.0, 0.0, 0.0, 0.0, 1.0],
                [1.0, 0.0, 0.0, -0.0, -0.0, 0.966041, -0.258391, 0.3, -0.0, 0.258391, 0.966041, -0.0, 0.0, 0.0, 0.0, 1.0],
                [1.0, 0.0, 0.0, -0.0, -0.0, 0.907457, -0.420145, 0.3, -0.0, 0.420145, 0.907457, -0.0, 0.0, 0.0, 0.0, 1.0],
                [1.0, 0.0, 0.0, -0.0, -0.0, 0.907457, -0.420145, 0.3, -0.0, 0.420145, 0.907457, -0.0, 0.0, 0.0, 0.0, 1.0]
            ]
        },
        {
            "name": "Tool_L",
            "time": [0.0, 0.1, 0.15, 0.2, 0.2333, 0.2667, 0.3833, 0.9],
            "transform": [
                [1.0, -0.0, 0.0, 0.0, -0.0, -0.89022, -0.455531, 0.272858, 0.0, 0.455253, -0.889701, -0.0, 0.0, 0.0, 0.0, 1.0],
                [1.0, -0.0, 0.0, -0.0, -0.0, -0.89022, -0.455531, 0.272858, 0.0, 0.455253, -0.889701, -0.0, 0.0, 0.0, 0.0, 1.0],
                [0.820546, 0.506863, 0.264187, 0.0, 0.569115, -0.767387, -0.295339, 0.272858, 0.053012, 0.392453, -0.917603, 0.0, 0.0, 0.0, 0.0, 1.0],
                [0.977256, -0.11529, -0.177987, -0.0, -0.169767, 0.077647, -0.982421, 0.272858, 0.127007, 0.989711, 0.056265, 0.0, 0.0, 0.0, 0.0, 1.0],
                [0.987573, 0.155496, -0.022827, -0.0, 0.002905, -0.163278, -0.986576, 0.272858, -0.157044, 0.973674, -0.161616, 0.0, 0.0, 0.0, 0.0, 1.0],
                [1.0, -0.0, 0.0, -0.0, -0.0, -0.89022, -0.455531, 0.272858, 0.0, 0.455253, -0.889701, -0.0, 0.0, 0.0, 0.0, 1.0],
                [1.0, -0.0, 0.0, 0.0, -0.0, -0.750412, -0.660971, 0.272858, 0.0, 0.660574, -0.749977, -0.0, 0.0, 0.0, 0.0, 1.0],
                [1.0, -0.0, 0.0, 0.0, -0.0, -0.750412, -0.660971, 0.272858, 0.0, 0.660574, -0.749977, -0.0, 0.0, 0.0, 0.0, 1.0]
            ]
        },
        {
            "name": "Elbow_L",
            "time": [0.0, 0.0333, 0.1, 0.15, 0.2, 0.2667, 0.3833, 0.9],
            "transform": [
                [-1.0, 0.0, -0.0, 0.0, 0.0, -0.0, -1.0, 0.391697, -0.0, -1.0, 0.0, -0.0, 0.0, 0.0, 0.0, 1.0],
                [-1.0, 0.0, 0.0, -0.0, -0.0, -0.0, -1.0, 0.399154, -0.0, -1.0, 0.0, 0.0, 0.0, 0.0, 0.0, 1.0],
                [-1.0, 0.0, -0.0, -0.0, 0.0, 0.0, -1.0, 0.343914, -0.0, -1.0, -0.0, -0.0, 0.0, 0.0, 0.0, 1.0],
                [-1.0, 0.0, -0.0, 0.0, 0.0, -0.0, -1.0, 0.343914, -0.0, -1.0, -0.0, 0.0, 0.0, 0.0, 0.0, 1.0],
                [-1.0, 0.0, -0.0, -0.0, 0.0, -0.0, -1.0, 0.316337, -0.0, -1.0, -0.0, -0.0, 0.0, 0.0, 0.0, 1.0],
                [-1.0, 0.0, -0.0, -0.0, 0.0, -0.0, -1.0, 0.343914, -0.0, -1.0, -0.0, 0.0, 0.0, 0.0, 0.0, 1.0],
                [-1.0, 0.0, 0.0, 0.0, -0.0, -0.0, -1.0, 0.360056, -0.0, -1.0, 0.0, -0.0, 0.0, 0.0, 0.0, 1.0],
                [-1.0, 0.0, 0.0, 0.0, -0.0, -0.0, -1.0, 0.360056, -0.0, -1.0, 0.0, -0.0, 0.0, 0.0, 0.0, 1.0]
            ]
        }
    ]
}