{
    "animation": [
        {
            "name": "Root",
            "time": [0.0, 0.05, 0.0833, 0.1667, 0.2333, 0.4166],
            "transform": [
                [0.993506, -0.021272, -0.11177, -5e-06, -0.109265, 0.095488, -0.989416, 0.698907, 0.031719, 0.995203, 0.092544, 0.715859, 0.0, 0.0, 0.0, 1.0],
                [0.954235, -0.076247, 0.289174, -5e-06, 0.298177, 0.168441, -0.939531, 0.99482, 0.022928, 0.982758, 0.183467, 0.659285, 0.0, 0.0, 0.0, 1.0],
                [0.946365, -0.080458, 0.312921, -5e-06, 0.322408, 0.171854, -0.93087, 0.995957, 0.021119, 0.981831, 0.188577, 0.65556, 0.0, 0.0, 0.0, 1.0],
                [0.992992, -0.003632, -0.118126, -5e-06, -0.11805, 0.016592, -0.992869, 0.995957, 0.005566, 0.999856, 0.016047, 0.65556, 0.0, 0.0, 0.0, 1.0],
                [0.987027, 0.0, -0.160557, -5e-06, -0.160557, 0.0, -0.987027, 0.997361, 0.0, 1.0, 0.0, 0.65556, 0.0, 0.0, 0.0, 1.0],
                [0.987027, 0.0, -0.160557, -5e-06, -0.160557, 0.0, -0.987027, 0.997361, 0.0, 1.0, 0.0, 0.65556, 0.0, 0.0, 0.0, 1.0]
            ]
        },
        {
            "name": "Thigh_R",
            "time": [0.0, 0.05, 0.0833, 0.1667, 0.2333, 0.4166],
            "transform": [
                [0.99367, 0.01645, 0.111122, 0.124994, 0.042775, -0.970101, -0.238895, -0.002831, 0.10387, 0.242137, -0.964666, -1.2e-05, 0.0, 0.0, 0.0, 1.0],
                [0.948428, -0.094744, 0.3025, 0.124994, -0.073938, -0.994084, -0.079532, -0.002831, 0.308247, 0.053064, -0.949826, -1.2e-05, 0.0, 0.0, 0.0, 1.0],
                [0.943631, -0.099135, 0.315805, 0.124994, -0.08426, -0.994606, -0.060449, -0.002831, 0.320095, 0.030432, -0.946897, -1.2e-05, 0.0, 0.0, 0.0, 1.0],
                [0.993604, 5.4e-05, -0.112921, 0.127485, -0.001886, -0.99985, -0.017074, -0.00284, -0.112905, 0.017178, -0.993458, -0.000308, 0.0, 0.0, 0.0, 1.0],
                [0.989096, -0.0006, -0.147269, 0.132209, -0.002501, -0.999914, -0.012723, -0.002831, -0.147249, 0.012953, -0.989015, -0.001185, 0.0, 0.0, 0.0, 1.0],
                [0.989096, -0.0006, -0.147269, 0.132209, -0.002501, -0.999914, -0.012723, -0.002831, -0.147249, 0.012953, -0.989015, -0.001185, 0.0, 0.0, 0.0, 1.0]
            ]
        },
        {
            "name": "Leg_R",
            "time": [0.0, 0.05, 0.0833, 0.1667, 0.2333, 0.4166],
            "transform": [
                [1.0, -0.0, 1e-06, 0.0, 0.0, 0.999945, 0.010529, 0.37472, -1e-06, -0.010529, 0.999944, 0.0, 0.0, 0.0, 0.0, 1.0],
                [1.0, -0.0, 1e-06, -0.0, 0.0, 0.913637, 0.406532, 0.37472, -1e-06, -0.406533, 0.913636, 0.0, 0.0, 0.0, 0.0, 1.0],
                [1.0, -0.0, 1e-06, 0.0, -0.0, 0.87584, 0.482602, 0.37472, -1e-06, -0.482603, 0.875839, 0.0, 0.0, 0.0, 0.0, 1.0],
                [1.0, -0.0, 1e-06, 0.0, -0.0, 0.742026, 0.670372, 0.37472, -1e-06, -0.670373, 0.742024, 0.0, 0.0, 0.0, 0.0, 1.0],
                [1.0, -0.0, 1e-06, 0.0, -0.0, 0.732257, 0.681029, 0.37472, -1e-06, -0.68103, 0.732256, 0.0, 0.0, 0.0, 0.0, 1.0],
                [1.0, -0.0, 1e-06, 0.0, -0.0, 0.732257, 0.681029, 0.37472, -1e-06, -0.68103, 0.732256, 0.0, 0.0, 0.0, 0.0, 1.0]
            ]
        },
        {
            "name": "Knee_R",
            "time": [0.0, 0.05, 0.0833, 0.1667, 0.2333, 0.4166],
            "transform": [
                [1.0, 0.0, -0.0, 0.0, -0.0, 1e-06, -1.0, 0.37472, -0.0, 1.0, 1e-06, 0.0, 0.0, 0.0, 0.0, 1.0],
                [1.0, 0.0, -0.0, -0.0, -0.0, 1e-06, -1.0, 0.382327, -0.0, 1.0, 1e-06, -0.0, 0.0, 0.0, 0.0, 1.0],
                [1.0, 0.0, -0.0, 0.0, -0.0, 1e-06, -1.0, 0.38574, -0.0, 1.0, 1e-06, -0.0, 0.0, 0.0, 0.0, 1.0],
                [1.0, 0.0, -0.0, 0.0, -0.0, 1e-06, -1.0, 0.405528, -0.0, 1.0, 1e-06, 0.0, 0.0, 0.0, 0.0, 1.0],
                [1.0, 0.0, -0.0, 0.0, -0.0, 1e-06, -1.0, 0.406932, -0.0, 1.0, 1e-06, -0.0, 0.0, 0.0, 0.0, 1.0],
                [1.0, 0.0, -0.0, 0.0, -0.0, 1e-06, -1.0, 0.406932, -0.0, 1.0, 1e-06, -0.0, 0.0, 0.0, 0.0, 1.0]
            ]
        },
        {
            "name": "Thigh_L",
            "time": [0.0, 0.05, 0.0833, 0.1667, 0.2333, 0.4166],
            "transform": [
                [0.992462, -0.091194, -0.081874, -0.125006, -0.018414, -0.771441, 0.636034, -0.002831, -0.121163, -0.629731, -0.767306, -1.2e-05, 0.0, 0.0, 0.0, 1.0],
                [0.954044, 0.190412, 0.231393, -0.125006, -0.08196, -0.576926, 0.812674, -0.002831, 0.28824, -0.794292, -0.534807, -1.2e-05, 0.0, 0.0, 0.0, 1.0],
                [0.945481, 0.210984, 0.248096, -0.125006, -0.089771, -0.563437, 0.821267, -0.002831, 0.313061, -0.798764, -0.513779, -1.2e-05, 0.0, 0.0, 0.0, 1.0],
                [0.991994, -0.090853, -0.087708, -0.134971, -0.001094, -0.700701, 0.713454, -0.002794, -0.126277, -0.707646, -0.695191, 0.001174, 0.0, 0.0, 0.0, 1.0],
                [0.985521, -0.118706, -0.121065, -0.132221, 4.5e-05, -0.713847, 0.700301, -0.002831, -0.169552, -0.690167, -0.703507, 0.001162, 0.0, 0.0, 0.0, 1.0],
                [0.985521, -0.118706, -0.121065, -0.132221, 4.5e-05, -0.713847, 0.700301, -0.002831, -0.169552, -0.690167, -0.703507, 0.001162, 0.0, 0.0, 0.0, 1.0]
            ]
        },
        {
            "name": "Leg_L",
            "time": [0.0, 0.05, 0.0833, 0.1667, 0.2333, 0.4166],
            "transform": [
                [1.0, -1e-06, 1e-06, 0.0, -0.0, 0.507334, 0.86175, 0.37472, -1e-06, -0.861749, 0.507334, -0.0, 0.0, 0.0, 0.0, 1.0],
                [1.0, -1e-06, 1e-06, 0.0, -0.0, 0.704069, 0.710132, 0.37472, -1e-06, -0.710131, 0.704069, 0.0, 0.0, 0.0, 0.0, 1.0],
                [1.0, -0.0, 1e-06, 0.0, -0.0, 0.715587, 0.698524, 0.37472, -1e-06, -0.698523, 0.715587, -0.0, 0.0, 0.0, 0.0, 1.0],
                [1.0, -1e-06, 1e-06, 0.0, -0.0, 0.629594, 0.776924, 0.37472, -1e-06, -0.776924, 0.629595, 0.0, 0.0, 0.0, 0.0, 1.0],
                [1.0, -1e-06, 1e-06, -0.0, -0.0, 0.620734, 0.784022, 0.37472, -1e-06, -0.784021, 0.620734, 0.0, 0.0, 0.0, 0.0, 1.0],
                [1.0, -1e-06, 1e-06, -0.0, -0.0, 0.620734, 0.784022, 0.37472, -1e-06, -0.784021, 0.620734, 0.0, 0.0, 0.0, 0.0, 1.0]
            ]
        },
        {
            "name": "Knee_L",
            "time": [0.0, 0.05, 0.0833, 0.1667, 0.2333, 0.4166],
            "transform": [
                [1.0, 0.0, -0.0, 0.0, -0.0, 1e-06, -1.0, 0.425988, -0.0, 1.0, 1e-06, -0.0, 0.0, 0.0, 0.0, 1.0],
                [1.0, 0.0, -0.0, 0.0, -0.0, 1e-06, -1.0, 0.400951, -0.0, 1.0, 1e-06, 0.0, 0.0, 0.0, 0.0, 1.0],
                [1.0, 0.0, -0.0, 0.0, -0.0, 1e-06, -1.0, 0.399303, -0.0, 1.0, 1e-06, 0.0, 0.0, 0.0, 0.0, 1.0],
                [1.0, 0.0, -0.0, 0.0, -0.0, 1e-06, -1.0, 0.406254, -0.0, 1.0, 1e-06, 0.0, 0.0, 0.0, 0.0, 1.0],
                [1.0, 0.0, -0.0, 0.0, -0.0, 1e-06, -1.0, 0.406932, -0.0, 1.0, 1e-06, 0.0, 0.0, 0.0, 0.0, 1.0],
                [1.0, 0.0, -0.0, 0.0, -0.0, 1e-06, -1.0, 0.406932, -0.0, 1.0, 1e-06, 0.0, 0.0, 0.0, 0.0, 1.0]
            ]
        },
        {
            "name": "Torso",
            "time": [0.0, 0.05, 0.0833, 0.1667, 0.2333, 0.4166],
            "transform": [
                [0.99978, -0.020971, -0.000197, -0.0, 0.020971, 0.999603, 0.01883, 0.05, -0.000198, -0.01883, 0.999823, -0.0, 0.0, 0.0, 0.0, 1.0],
                [0.99978, -0.020971, -0.000197, -0.0, 0.020971, 0.999603, 0.018833, 0.05, -0.000198, -0.018833, 0.999823, 0.0, 0.0, 0.0, 0.0, 1.0],
                [0.99978, -0.020971, -0.000197, 0.0, 0.020971, 0.999603, 0.018833, 0.05, -0.000198, -0.018833, 0.999823, -0.0, 0.0, 0.0, 0.0, 1.0],
                [0.999998, -0.001864, -1e-06, 0.0, 0.001864, 0.999997, 0.001674, 0.05, -2e-06, -0.001674, 0.999999, 0.0, 0.0, 0.0, 0.0, 1.0],
                [1.0, -0.0, 0.0, 0.0, 0.0, 1.0, 0.0, 0.05, 0.0, 0.0, 1.0, 0.0, 0.0, 0.0, 0.0, 1.0],
                [1.0, -0.0, 0.0, 0.0, 0.0, 1.0, 0.0, 0.05, 0.0, 0.0, 1.0, 0.0, 0.0, 0.0, 0.0, 1.0]
            ]
        },
        {
            "name": "Chest",
            "time": [0.0, 0.0833, 0.1667, 0.2333, 0.4166],
            "transform": [
                [0.999771, -0.021411, -0.000206, 0.0, 0.021411, 0.999586, 0.019222, 0.3, -0.000206, -0.019222, 0.999815, 0.0, 0.0, 0.0, 0.0, 1.0],
                [0.999771, -0.021411, -0.000206, -0.0, 0.021411, 0.999586, 0.019222, 0.3, -0.000206, -0.019222, 0.999815, 0.0, 0.0, 0.0, 0.0, 1.0],
                [0.999979, -0.006423, -9.5e-05, 0.0, 0.006423, 0.999544, 0.029492, 0.3, -9.5e-05, -0.029492, 0.999565, -0.0, 0.0, 0.0, 0.0, 1.0],
                [0.999988, -0.004961, -7.6e-05, 0.0, 0.004961, 0.999523, 0.030493, 0.3, -7.6e-05, -0.030493, 0.999535, 0.0, 0.0, 0.0, 0.0, 1.0],
                [0.999988, -0.004961, -7.6e-05, 0.0, 0.004961, 0.999523, 0.030493, 0.3, -7.6e-05, -0.030493, 0.999535, 0.0, 0.0, 0.0, 0.0, 1.0]
            ]
        },
        {
            "name": "Head",
            "time": [0.0, 0.05, 0.0833, 0.1667, 0.2333, 0.4166],
            "transform": [
                [0.991626, 0.067755, 0.109943, 0.0, -0.054853, 0.991686, -0.116406, 0.4, -0.116916, 0.1094, 0.987098, 0.0, 0.0, 0.0, 0.0, 1.0],
                [0.952446, 0.070005, -0.296558, -0.0, -0.116907, 0.982723, -0.143484, 0.4, 0.28139, 0.17133, 0.944174, -0.0, 0.0, 0.0, 0.0, 1.0],
                [0.94416, 0.069254, -0.322127, 0.0, -0.121275, 0.982071, -0.144324, 0.4, 0.306356, 0.175331, 0.935631, 0.0, 0.0, 0.0, 0.0, 1.0],
                [0.993732, 0.007386, 0.111541, 0.0, -0.005738, 0.99987, -0.015093, 0.4, -0.111638, 0.014359, 0.993645, -0.0, 0.0, 0.0, 0.0, 1.0],
                [0.988209, -0.002237, 0.153095, -0.0, 0.002279, 0.999997, -0.000101, 0.4, -0.153095, 0.000449, 0.988211, -0.0, 0.0, 0.0, 0.0, 1.0],
                [0.988209, -0.002237, 0.153095, -0.0, 0.002279, 0.999997, -0.000101, 0.4, -0.153095, 0.000449, 0.988211, -0.0, 0.0, 0.0, 0.0, 1.0]
            ]
        },
        {
            "name": "Shoulder_R",
            "time": [0.0, 0.05, 0.0833, 0.1667, 0.2333, 0.4166],
            "transform": [
                [0.214634, 0.928456, 0.303152, 0.0, -0.010946, -0.308079, 0.951298, 0.4, 0.976633, -0.207499, -0.055961, 0.0, 0.0, 0.0, 0.0, 1.0],
                [0.328843, 0.895123, 0.301026, -0.0, -0.018428, -0.312611, 0.949702, 0.4, 0.944205, -0.31785, -0.086304, -0.0, 0.0, 0.0, 0.0, 1.0],
                [0.33621, 0.892472, 0.30076, 0.0, -0.018939, -0.312878, 0.949604, 0.4, 0.941596, -0.324962, -0.08829, 0.0, 0.0, 0.0, 0.0, 1.0],
                [0.163972, 0.940125, 0.298794, 0.0, -0.001945, -0.302585, 0.95312, 0.4, 0.986463, -0.156866, -0.047787, -0.0, 0.0, 0.0, 0.0, 1.0],
                [0.146809, 0.943141, 0.298214, -0.0, -0.000399, -0.301424, 0.95349, 0.4, 0.989165, -0.1401, -0.043876, -0.0, 0.0, 0.0, 0.0, 1.0],
                [0.146809, 0.943141, 0.298214, -0.0, -0.000399, -0.301424, 0.95349, 0.4, 0.989165, -0.1401, -0.043876, -0.0, 0.0, 0.0, 0.0, 1.0]
            ]
        },
        {
            "name": "Arm_R",
            "time": [0.0, 0.05, 0.0833, 0.1667, 0.2333, 0.4166],
            "transform": [
                [0.066852, 0.587185, -0.806687, -0.0, 0.719178, 0.532054, 0.44688, 0.39386, 0.691602, -0.610027, -0.386722, 0.0, 0.0, 0.0, 0.0, 1.0],
                [0.314727, -0.885646, -0.341435, 0.0, 0.419751, 0.452494, -0.786803, 0.393861, 0.851326, 0.10431, 0.514163, -0.0, 0.0, 0.0, 0.0, 1.0],
                [0.305531, -0.922293, -0.2367, -0.0, 0.399351, 0.349786, -0.847448, 0.393861, 0.86439, 0.164395, 0.475189, -0.0, 0.0, 0.0, 0.0, 1.0],
                [0.029693, -0.944552, -0.327017, -0.0, 0.446993, 0.305174, -0.840872, 0.39386, 0.894045, -0.121206, 0.431269, 0.0, 0.0, 0.0, 0.0, 1.0],
                [0.007406, -0.941501, -0.336931, -0.0, 0.453954, 0.303386, -0.837785, 0.393861, 0.890995, -0.146747, 0.429645, -0.0, 0.0, 0.0, 0.0, 1.0],
                [0.007406, -0.941501, -0.336931, -0.0, 0.453954, 0.303386, -0.837785, 0.393861, 0.890995, -0.146747, 0.429645, -0.0, 0.0, 0.0, 0.0, 1.0]
            ]
        },
        {
            "name": "Hand_R",
            "time": [0.0, 0.05, 0.0833, 0.1667, 0.2333, 0.4166],
            "transform": [
                [1.0, -0.000444, -0.0004, 0.0, -0.000396, 0.010133, -0.999949, 0.3, 0.000448, 0.999949, 0.010133, -0.0, 0.0, 0.0, 0.0, 1.0],
                [0.999998, 0.001285, 0.001581, 0.0, -0.001117, 0.994835, -0.1015, 0.3, -0.001703, 0.101498, 0.994834, -0.0, 0.0, 0.0, 0.0, 1.0],
                [0.999998, 0.001275, 0.001754, -0.0, -0.00125, 0.999903, -0.013884, 0.3, -0.001771, 0.013882, 0.999902, -0.0, 0.0, 0.0, 0.0, 1.0],
                [1.0, 2.8e-05, -0.000203, -0.0, -0.000108, 0.912775, -0.408463, 0.3, 0.000174, 0.408463, 0.912775, 0.0, 0.0, 0.0, 0.0, 1.0],
                [1.0, -0.000133, -0.000362, 0.0, -4.1e-05, 0.895966, -0.444123, 0.3, 0.000383, 0.444123, 0.895966, 0.0, 0.0, 0.0, 0.0, 1.0],
                [1.0, -0.000133, -0.000362, 0.0, -4.1e-05, 0.895966, -0.444123, 0.3, 0.000383, 0.444123, 0.895966, 0.0, 0.0, 0.0, 0.0, 1.0]
            ]
        },
        {
            "name": "Tool_R",
            "time": [0.0, 0.05, 0.0833, 0.1667, 0.2333, 0.4166],
            "transform": [
                [0.885286, 0.393014, -0.248615, -0.02511, 0.10147, -0.684963, -0.721478, 0.241703, -0.453573, 0.613117, -0.645891, 0.033229, 0.0, 0.0, 0.0, 1.0],
                [0.649129, 0.752738, -0.109628, -0.048714, -0.150715, -0.013991, -0.988478, 0.21246, -0.745159, 0.657782, 0.104295, 0.064406, 0.0, 0.0, 0.0, 1.0],
                [0.63382, 0.7683, -0.089382, -0.052224, -0.175023, 0.029898, -0.984111, 0.209982, -0.752975, 0.639014, 0.153319, 0.066449, 0.0, 0.0, 0.0, 1.0],
                [0.990549, 0.13593, -0.018347, -0.055835, 0.043627, -0.439047, -0.897405, 0.209773, -0.129961, 0.887592, -0.440576, 0.020149, 0.0, 0.0, 0.0, 1.0],
                [0.997391, 0.071376, 0.010835, -0.055966, 0.044158, -0.484418, -0.873722, 0.209848, -0.05708, 0.871399, -0.486027, 0.015634, 0.0, 0.0, 0.0, 1.0],
                [0.997391, 0.071376, 0.010835, -0.055966, 0.044158, -0.484418, -0.873722, 0.209848, -0.05708, 0.871399, -0.486027, 0.015634, 0.0, 0.0, 0.0, 1.0]
            ]
        },
        {
            "name": "Elbow_R",
            "time": [0.0, 0.05, 0.0833, 0.1667, 0.2333, 0.4166],
            "transform": [
                [-1.0, 0.0, -0.0, 0.0, 0.0, -0.0, -1.0, 0.454618, -0.0, -1.0, 0.0, -0.0, 0.0, 0.0, 0.0, 1.0],
                [-1.0, 0.0, -0.0, 0.0, 0.0, -0.0, -1.0, 0.328639, -0.0, -1.0, 0.0, -0.0, 0.0, 0.0, 0.0, 1.0],
                [-1.0, 0.0, 0.0, -0.0, 0.0, -0.0, -1.0, 0.320345, -0.0, -1.0, 0.0, 0.0, 0.0, 0.0, 0.0, 1.0],
                [-1.0, 0.0, -0.0, -0.0, 0.0, -0.0, -1.0, 0.355563, -0.0, -1.0, 0.0, 0.0, 0.0, 0.0, 0.0, 1.0],
                [-1.0, 0.0, -0.0, 0.0, 0.0, -0.0, -1.0, 0.358999, -0.0, -1.0, 0.0, 0.0, 0.0, 0.0, 0.0, 1.0],
                [-1.0, 0.0, -0.0, 0.0, 0.0, -0.0, -1.0, 0.358999, -0.0, -1.0, 0.0, 0.0, 0.0, 0.0, 0.0, 1.0]
            ]
        },
        {
            "name": "Shoulder_L",
            "time": [0.0, 0.05, 0.0833, 0.1667, 0.2333, 0.4166],
            "transform": [
                [-0.130864, -0.945747, -0.297383, 0.0, 0.009264, -0.301116, 0.953543, 0.4, -0.991357, 0.12203, 0.048166, 0.0, 0.0, 0.0, 0.0, 1.0],
                [0.467904, -0.870143, -0.15465, -0.0, -0.058049, -0.204868, 0.977067, 0.4, -0.88187, -0.448196, -0.146369, -0.0, 0.0, 0.0, 0.0, 1.0],
                [0.502517, -0.852903, -0.141537, 0.0, -0.064338, -0.200146, 0.977651, 0.4, -0.86217, -0.48218, -0.155451, 0.0, 0.0, 0.0, 0.0, 1.0],
                [0.24546, -0.928133, -0.279855, 0.0, -0.006061, -0.29015, 0.956962, 0.4, -0.969388, -0.233199, -0.076846, -0.0, 0.0, 0.0, 0.0, 1.0],
                [0.218777, -0.931104, -0.29186, -0.0, -0.001824, -0.299495, 0.954096, 0.4, -0.975773, -0.208202, -0.067221, -0.0, 0.0, 0.0, 0.0, 1.0],
                [0.218777, -0.931104, -0.29186, -0.0, -0.001824, -0.299495, 0.954096, 0.4, -0.975773, -0.208202, -0.067221, -0.0, 0.0, 0.0, 0.0, 1.0]
            ]
        },
        {
            "name": "Arm_L",
            "time": [0.0, 0.05, 0.0833, 0.1667, 0.2333, 0.4166],
            "transform": [
                [-0.400868, 0.908414, 0.118697, -0.0, -0.256442, 0.013119, -0.96647, 0.39386, -0.879512, -0.417866, 0.227696, -0.0, 0.0, 0.0, 0.0, 1.0],
                [-0.167822, 0.97962, 0.110365, 0.0, -0.417506, 0.030789, -0.908152, 0.39386, -0.893042, -0.198486, 0.40383, 0.0, 0.0, 0.0, 0.0, 1.0],
                [-0.087479, 0.986492, 0.138499, -0.0, -0.457542, 0.08371, -0.885239, 0.39386, -0.884874, -0.140809, 0.444039, 0.0, 0.0, 0.0, 0.0, 1.0],
                [0.158729, 0.529214, 0.833509, -0.0, -0.429509, 0.797156, -0.424339, 0.39386, -0.889004, -0.290645, 0.353834, -0.0, 0.0, 0.0, 0.0, 1.0],
                [0.16589, 0.462667, 0.870873, -0.0, -0.41981, 0.832224, -0.362165, 0.39386, -0.892323, -0.305521, 0.33229, 0.0, 0.0, 0.0, 0.0, 1.0],
                [0.16589, 0.462667, 0.870873, -0.0, -0.41981, 0.832224, -0.362165, 0.39386, -0.892323, -0.305521, 0.33229, 0.0, 0.0, 0.0, 0.0, 1.0]
            ]
        },
        {
            "name": "Hand_L",
            "time": [0.0, 0.05, 0.0833, 0.1667, 0.2333, 0.4166],
            "transform": [
                [1.020757, -0.001808, 0.002636, -0.0, 0.00319, 0.725764, -0.687937, 0.3, -0.000683, 0.687942, 0.725766, 0.0, 0.0, 0.0, 0.0, 1.0],
                [1.02076, -0.002293, -0.000525, 0.0, -0.00033, 0.087084, -0.996201, 0.3, 0.002379, 0.996198, 0.087083, -0.0, 0.0, 0.0, 0.0, 1.0],
                [1.020759, -0.002401, -0.000706, -0.0, -0.00062, 0.040484, -0.99918, 0.3, 0.002478, 0.999177, 0.040482, 0.0, 0.0, 0.0, 0.0, 1.0],
                [1.02076, -0.000126, 0.002355, 0.0, 0.002407, 0.040476, -0.999178, 0.3, 3.1e-05, 0.99918, 0.040476, -0.0, 0.0, 0.0, 0.0, 1.0],
                [1.020759, 9.6e-05, 0.002653, -0.0, 0.002702, 0.040476, -0.999177, 0.3, -0.000207, 0.99918, 0.040476, 0.0, 0.0, 0.0, 0.0, 1.0],
                [1.020759, 9.6e-05, 0.002653, -0.0, 0.002702, 0.040476, -0.999177, 0.3, -0.000207, 0.99918, 0.040476, 0.0, 0.0, 0.0, 0.0, 1.0]
            ]
        },
        {
            "name": "Tool_L",
            "time": [0.0, 0.4166],
            "transform": [
                [1.0, -0.0, 0.0, 0.0, 0.0, -0.999836, 0.018122, 0.272858, 0.0, -0.018122, -0.999248, 0.0, 0.0, 0.0, 0.0, 1.0],
                [1.0, 0.0, 0.0, 0.0, -0.0, -0.999836, 0.018122, 0.272858, 0.0, -0.018122, -0.999247, 0.0, 0.0, 0.0, 0.0, 1.0]
            ]
        },
        {
            "name": "Elbow_L",
            "time": [0.0, 0.05, 0.0833, 0.1667, 0.2333, 0.4166],
            "transform": [
                [-1.0, 0.0, -0.0, -0.0, 0.0, -0.0, -1.0, 0.381378, -0.0, -1.0, 0.0, 0.0, 0.0, 0.0, 0.0, 1.0],
                [-1.0, 0.0, -0.0, 0.0, 0.0, -0.0, -1.0, 0.448981, -0.0, -1.0, -0.0, -0.0, 0.0, 0.0, 0.0, 1.0],
                [-1.0, 0.0, -0.0, -0.0, 0.0, -0.0, -1.0, 0.453432, -0.0, -1.0, -0.0, 0.0, 0.0, 0.0, 0.0, 1.0],
                [-1.0, 0.0, -0.0, 0.0, 0.0, -0.0, -1.0, 0.450806, -0.0, -1.0, -0.0, -0.0, 0.0, 0.0, 0.0, 1.0],
                [-1.0, 0.0, -0.0, -0.0, 0.0, 0.0, -1.0, 0.450549, -0.0, -1.0, 0.0, 0.0, 0.0, 0.0, 0.0, 1.0],
                [-1.0, 0.0, -0.0, -0.0, 0.0, 0.0, -1.0, 0.450549, -0.0, -1.0, 0.0, 0.0, 0.0, 0.0, 0.0, 1.0]
            ]
        }
    ]
}