{
    "animation": [
        {
            "name": "Root",
            "time": [0.0, 0.05, 0.1333, 0.2333, 0.5],
            "transform": [
                [0.5293, 0.0, -0.848435, -5e-06, -0.848435, 0.0, -0.5293, 0.382398, 0.0, 1.0, 0.0, 0.710466, 0.0, 0.0, 0.0, 1.0],
                [0.350174, 0.0, -0.936685, -5e-06, -0.936685, 0.0, -0.350174, 0.651379, 0.0, 1.0, 0.0, 0.690944, 0.0, 0.0, 0.0, 1.0],
                [0.462422, 0.0, -0.88666, -5e-06, -0.869685, 0.194736, -0.45357, 0.680769, 0.172664, 0.980856, 0.09005, 0.702763, 0.0, 0.0, 0.0, 1.0],
                [0.462422, 0.0, -0.88666, -5e-06, -0.88666, 0.0, -0.462422, 0.679536, 0.0, 1.0, 0.0, 0.702763, 0.0, 0.0, 0.0, 1.0],
                [0.462422, 0.0, -0.88666, -5e-06, -0.88666, 0.0, -0.462422, 0.679536, 0.0, 1.0, 0.0, 0.702763, 0.0, 0.0, 0.0, 1.0]
            ]
        },
        {
            "name": "Thigh_R",
            "time": [0.0, 0.05, 0.1333, 0.2333, 0.5],
            "transform": [
                [0.940314, 0.275493, -0.19978, 0.124994, 0.2459, -0.955872, -0.160744, -0.002831, -0.235248, 0.102024, -0.966566, -1.2e-05, 0.0, 0.0, 0.0, 1.0],
                [0.865045, 0.35581, -0.35369, 0.124994, 0.363294, -0.930461, -0.047509, -0.002831, -0.345999, -0.087395, -0.934156, -1.2e-05, 0.0, 0.0, 0.0, 1.0],
                [0.946579, 0.183311, -0.265302, 0.124994, 0.171702, -0.982899, -0.066518, -0.002831, -0.272959, 0.017412, -0.961868, -1.2e-05, 0.0, 0.0, 0.0, 1.0],
                [0.894603, 0.315472, -0.316485, 0.124994, 0.307961, -0.948444, -0.074905, -0.002831, -0.323799, -0.030455, -0.945636, -1.2e-05, 0.0, 0.0, 0.0, 1.0],
                [0.894603, 0.315472, -0.316485, 0.124994, 0.307961, -0.948444, -0.074905, -0.002831, -0.323799, -0.030455, -0.945636, -1.2e-05, 0.0, 0.0, 0.0, 1.0]
            ]
        },
        {
            "name": "Leg_R",
            "time": [0.0, 0.05, 0.1333, 0.2333, 0.5],
            "transform": [
                [1.0, -0.0, 1e-06, -0.0, 0.0, 0.975349, 0.220674, 0.37472, -1e-06, -0.220674, 0.975347, 0.0, 0.0, 0.0, 0.0, 1.0],
                [1.0, -0.0, 1e-06, 0.0, 0.0, 0.950938, 0.309384, 0.37472, -1e-06, -0.309385, 0.950936, 0.0, 0.0, 0.0, 0.0, 1.0],
                [1.0, -0.0, 1e-06, -0.0, 0.0, 0.999945, 0.010597, 0.37472, -1e-06, -0.010597, 0.999943, 0.0, 0.0, 0.0, 0.0, 1.0],
                [1.0, -0.0, 1e-06, 0.0, 0.0, 0.955101, 0.296281, 0.37472, -1e-06, -0.296281, 0.9551, 0.0, 0.0, 0.0, 0.0, 1.0],
                [1.0, -0.0, 1e-06, 0.0, 0.0, 0.955101, 0.296281, 0.37472, -1e-06, -0.296281, 0.9551, 0.0, 0.0, 0.0, 0.0, 1.0]
            ]
        },
        {
            "name": "Knee_R",
            "time": [0.0, 0.5],
            "transform": [
                [1.0, 0.0, -0.0, -0.0, -0.0, 1e-06, -1.0, 0.37472, -0.0, 1.0, 1e-06, 0.0, 0.0, 0.0, 0.0, 1.0],
                [1.0, 0.0, -0.0, 0.0, -0.0, 1e-06, -1.0, 0.37472, -0.0, 1.0, 1e-06, 0.0, 0.0, 0.0, 0.0, 1.0]
            ]
        },
        {
            "name": "Thigh_L",
            "time": [0.0, 0.05, 0.1333, 0.2333, 0.5],
            "transform": [
                [0.518545, -0.590413, -0.618485, -0.125006, -0.045242, -0.741264, 0.669687, -0.002831, -0.853852, -0.319281, -0.411091, -1.2e-05, 0.0, 0.0, 0.0, 1.0],
                [0.336627, -0.566196, -0.752399, -0.125006, -0.008691, -0.800866, 0.59878, -0.002831, -0.941598, -0.195026, -0.274514, -1.2e-05, 0.0, 0.0, 0.0, 1.0],
                [0.456335, -0.681015, -0.572692, -0.125006, 0.01158, -0.639013, 0.769108, -0.002831, -0.889732, -0.357603, -0.283718, -1.2e-05, 0.0, 0.0, 0.0, 1.0],
                [0.456284, -0.490204, -0.742634, -0.125006, 0.009055, -0.831974, 0.55474, -0.002831, -0.889788, -0.259844, -0.375178, -1.2e-05, 0.0, 0.0, 0.0, 1.0],
                [0.456284, -0.490204, -0.742634, -0.125006, 0.009055, -0.831974, 0.55474, -0.002831, -0.889788, -0.259844, -0.375178, -1.2e-05, 0.0, 0.0, 0.0, 1.0]
            ]
        },
        {
            "name": "Leg_L",
            "time": [0.0, 0.05, 0.1333, 0.2333, 0.5],
            "transform": [
                [1.0, -1e-06, 1e-06, 0.0, -1e-06, -0.047575, 0.998868, 0.37472, -1e-06, -0.998867, -0.047575, -0.0, 0.0, 0.0, 0.0, 1.0],
                [1.0, -1e-06, 1e-06, 0.0, 0.0, 0.818267, 0.574838, 0.37472, -1e-06, -0.574838, 0.818267, 0.0, 0.0, 0.0, 0.0, 1.0],
                [1.0, -1e-06, 1e-06, -0.0, 0.0, 0.735186, 0.677866, 0.37472, -1e-06, -0.677865, 0.735186, 0.0, 0.0, 0.0, 0.0, 1.0],
                [1.0, -1e-06, 1e-06, -0.0, -0.0, 0.834727, 0.550663, 0.37472, -2e-06, -0.550663, 0.834728, -0.0, 0.0, 0.0, 0.0, 1.0],
                [1.0, -1e-06, 1e-06, -0.0, -0.0, 0.834727, 0.550663, 0.37472, -2e-06, -0.550663, 0.834728, -0.0, 0.0, 0.0, 0.0, 1.0]
            ]
        },
        {
            "name": "Knee_L",
            "time": [0.0, 0.05, 0.5],
            "transform": [
                [1.0, 0.0, -0.0, 0.0, -0.0, 1e-06, -1.0, 0.480688, -0.0, 1.0, 1e-06, -0.0, 0.0, 0.0, 0.0, 1.0],
                [1.0, 0.0, -0.0, 1e-05, -0.0, 1e-06, -1.0, 0.394128, -0.0, 1.0, 1e-06, -0.001287, 0.0, 0.0, 0.0, 1.0],
                [1.0, 0.0, -0.0, 1e-05, -0.0, 1e-06, -1.0, 0.394128, -0.0, 1.0, 1e-06, -0.001287, 0.0, 0.0, 0.0, 1.0]
            ]
        },
        {
            "name": "Torso",
            "time": [0.0, 0.5],
            "transform": [
                [0.99978, -0.020971, -0.000197, 0.0, 0.020971, 0.999603, 0.018833, 0.05, -0.000198, -0.018833, 0.999823, 0.0, 0.0, 0.0, 0.0, 1.0],
                [0.99978, -0.020971, -0.000197, 0.0, 0.020971, 0.999603, 0.018833, 0.05, -0.000198, -0.018833, 0.999823, -0.0, 0.0, 0.0, 0.0, 1.0]
            ]
        },
        {
            "name": "Chest",
            "time": [0.0, 0.05, 0.1333, 0.2333, 0.5],
            "transform": [
                [0.994008, -0.109217, -0.004472, -0.0, 0.109272, 0.991779, 0.066585, 0.3, -0.002837, -0.066675, 0.997771, 0.0, 0.0, 0.0, 0.0, 1.0],
                [0.982556, -0.185792, -0.008121, 0.0, 0.183078, 0.958686, 0.217722, 0.3, -0.032666, -0.215411, 0.975977, 0.0, 0.0, 0.0, 0.0, 1.0],
                [0.991554, -0.129609, 0.004586, -0.0, 0.12619, 0.972353, 0.196486, 0.3, -0.029926, -0.194247, 0.980496, -0.0, 0.0, 0.0, 0.0, 1.0],
                [0.991555, -0.129609, 0.004586, 0.0, 0.12619, 0.972352, 0.196486, 0.3, -0.029926, -0.194248, 0.980496, 0.0, 0.0, 0.0, 0.0, 1.0],
                [0.991555, -0.129609, 0.004586, 0.0, 0.12619, 0.972352, 0.196486, 0.3, -0.029926, -0.194248, 0.980496, -0.0, 0.0, 0.0, 0.0, 1.0]
            ]
        },
        {
            "name": "Head",
            "time": [0.0, 0.05, 0.1333, 0.2333, 0.5],
            "transform": [
                [0.482007, 0.089465, 0.871588, 0.0, 0.011931, 0.994011, -0.108629, 0.4, -0.876086, 0.062758, 0.478052, 0.0, 0.0, 0.0, 0.0, 1.0],
                [0.3691, 0.175293, 0.912709, -0.0, 0.128325, 0.963033, -0.236853, 0.4, -0.920488, 0.204546, 0.332961, 0.0, 0.0, 0.0, 0.0, 1.0],
                [0.462806, 0.319902, 0.826725, -0.0, 0.109941, 0.9047, -0.41162, 0.4, -0.879616, 0.281391, 0.38353, -0.0, 0.0, 0.0, 0.0, 1.0],
                [0.465819, 0.112103, 0.87775, -0.0, 0.103701, 0.978192, -0.179965, 0.4, -0.878783, 0.174854, 0.444035, -0.0, 0.0, 0.0, 0.0, 1.0],
                [0.465819, 0.112103, 0.87775, -0.0, 0.103701, 0.978192, -0.179965, 0.4, -0.878783, 0.174855, 0.444035, 0.0, 0.0, 0.0, 0.0, 1.0]
            ]
        },
        {
            "name": "Shoulder_R",
            "time": [0.0, 0.05, 0.5],
            "transform": [
                [0.24611, 0.925264, 0.288647, 0.0, -0.009281, -0.295543, 0.955284, 0.4, 0.969197, -0.237783, -0.064149, 0.0, 0.0, 0.0, 0.0, 1.0],
                [0.24611, 0.925264, 0.288646, -0.0, -0.00928, -0.295543, 0.955284, 0.4, 0.969197, -0.237783, -0.06415, 0.0, 0.0, 0.0, 0.0, 1.0],
                [0.24611, 0.925264, 0.288646, -0.0, -0.00928, -0.295543, 0.955284, 0.4, 0.969197, -0.237783, -0.06415, 0.0, 0.0, 0.0, 0.0, 1.0]
            ]
        },
        {
            "name": "Arm_R",
            "time": [0.0, 0.05, 0.5],
            "transform": [
                [-0.04948, -0.643238, -0.764066, 0.0, 0.867528, 0.351402, -0.352011, 0.393861, 0.494921, -0.680266, 0.54064, -0.0, 0.0, 0.0, 0.0, 1.0],
                [-0.209126, -0.659058, -0.722433, -0.0, 0.845232, 0.249706, -0.472473, 0.393861, 0.491782, -0.70943, 0.504836, 0.0, 0.0, 0.0, 0.0, 1.0],
                [-0.209126, -0.659058, -0.722433, -0.0, 0.845232, 0.249705, -0.472472, 0.393861, 0.491782, -0.70943, 0.504836, -0.0, 0.0, 0.0, 0.0, 1.0]
            ]
        },
        {
            "name": "Hand_R",
            "time": [0.0, 0.5],
            "transform": [
                [1.0, 0.0, -0.0, -0.0, -0.0, 0.149836, -0.988711, 0.3, -0.0, 0.988711, 0.149836, 0.0, 0.0, 0.0, 0.0, 1.0],
                [1.0, 0.0, 0.0, 0.0, 0.0, 0.149836, -0.988711, 0.3, -0.0, 0.988711, 0.149836, 0.0, 0.0, 0.0, 0.0, 1.0]
            ]
        },
        {
            "name": "Tool_R",
            "time": [0.0, 0.5],
            "transform": [
                [1.0, 0.0, 0.0, -0.0, -0.0, -0.999836, 0.018122, 0.272858, 0.0, -0.018122, -0.999244, 0.0, 0.0, 0.0, 0.0, 1.0],
                [1.0, -0.0, 0.0, 0.0, 0.0, -0.999836, 0.018122, 0.272858, 0.0, -0.018122, -0.999244, 0.0, 0.0, 0.0, 0.0, 1.0]
            ]
        },
        {
            "name": "Elbow_R",
            "time": [0.0, 0.05, 0.5],
            "transform": [
                [-1.0, 0.0, 0.0, -0.0, 0.0, 0.0, -1.0, 0.443601, -0.0, -1.0, 0.0, 0.0, 0.0, 0.0, 0.0, 1.0],
                [-1.0, 0.0, -0.0, 0.0, 0.0, -0.0, -1.0, 0.444988, -0.0, -1.0, 0.0, 0.0, 0.0, 0.0, 0.0, 1.0],
                [-1.0, 0.0, -0.0, -0.0, 0.0, -0.0, -1.0, 0.444988, -0.0, -1.0, 0.0, 0.0, 0.0, 0.0, 0.0, 1.0]
            ]
        },
        {
            "name": "Shoulder_L",
            "time": [0.0, 0.05, 0.1333, 0.2333, 0.5],
            "transform": [
                [-0.272482, -0.909751, -0.313219, 0.0, 0.040611, -0.336121, 0.940943, 0.4, -0.961303, 0.24367, 0.128533, 0.0, 0.0, 0.0, 0.0, 1.0],
                [0.08264, -0.979698, -0.182653, -0.0, 0.032225, -0.180557, 0.983036, 0.4, -0.996058, -0.087124, 0.01665, 0.0, 0.0, 0.0, 0.0, 1.0],
                [0.224227, -0.968666, -0.106809, -0.0, -0.053706, -0.121716, 0.991111, 0.4, -0.973056, -0.216498, -0.079315, -0.0, 0.0, 0.0, 0.0, 1.0],
                [-0.218802, -0.948275, -0.23, -0.0, 0.086562, -0.253646, 0.963416, 0.4, -0.971922, 0.190888, 0.137583, -0.0, 0.0, 0.0, 0.0, 1.0],
                [-0.218802, -0.948275, -0.23, -0.0, 0.086562, -0.253646, 0.963416, 0.4, -0.971922, 0.190888, 0.137583, 0.0, 0.0, 0.0, 0.0, 1.0]
            ]
        },
        {
            "name": "Arm_L",
            "time": [0.0, 0.05, 0.1333, 0.2333, 0.5],
            "transform": [
                [-0.027234, -0.594922, 0.803322, -0.0, -0.840305, 0.44889, 0.30395, 0.39386, -0.541429, -0.666757, -0.512141, -0.0, 0.0, 0.0, 0.0, 1.0],
                [0.798049, 0.25661, 0.545224, 0.0, 0.043481, 0.877916, -0.476837, 0.39386, -0.601022, 0.404246, 0.689462, -0.0, 0.0, 0.0, 0.0, 1.0],
                [0.839135, 0.152981, 0.521967, 0.0, 0.162241, 0.845552, -0.508644, 0.39386, -0.519163, 0.511506, 0.684713, -0.0, 0.0, 0.0, 0.0, 1.0],
                [0.644484, 0.510562, 0.569181, 0.0, -0.220434, 0.836859, -0.501075, 0.39386, -0.732154, 0.197468, 0.651887, 0.0, 0.0, 0.0, 0.0, 1.0],
                [0.644484, 0.510562, 0.569181, -0.0, -0.220434, 0.836859, -0.501075, 0.39386, -0.732154, 0.197468, 0.651887, -0.0, 0.0, 0.0, 0.0, 1.0]
            ]
        },
        {
            "name": "Hand_L",
            "time": [0.0, 0.05, 0.1333, 0.2333, 0.5],
            "transform": [
                [1.020748, -0.004888, 0.002153, 0.0, 0.00084, -0.257276, -0.966338, 0.3, 0.005386, 0.966326, -0.257268, -0.0, 0.0, 0.0, 0.0, 1.0],
                [1.020763, -0.0, 0.0, 0.0, 0.0, 0.993938, 0.109947, 0.3, 0.0, -0.109947, 0.993937, 0.0, 0.0, 0.0, 0.0, 1.0],
                [1.020762, 0.0, -0.0, -0.0, -0.0, 0.993937, 0.109947, 0.3, -0.0, -0.109947, 0.993937, -0.0, 0.0, 0.0, 0.0, 1.0],
                [1.020715, 0.009666, -0.000582, 0.0, -0.007738, 0.743996, -0.668141, 0.3, -0.006151, 0.668114, 0.744035, -0.0, 0.0, 0.0, 0.0, 1.0],
                [1.020715, 0.009666, -0.000582, 0.0, -0.007738, 0.743996, -0.668141, 0.3, -0.006151, 0.668114, 0.744035, -0.0, 0.0, 0.0, 0.0, 1.0]
            ]
        },
        {
            "name": "Tool_L",
            "time": [0.0, 0.5],
            "transform": [
                [1.0, 0.0, 0.0, -0.0, 0.0, -0.999836, 0.018122, 0.272858, 0.0, -0.018122, -0.999248, 0.0, 0.0, 0.0, 0.0, 1.0],
                [1.0, 0.0, 0.0, 0.0, 0.0, -0.999836, 0.018122, 0.272858, 0.0, -0.018122, -0.999247, -0.0, 0.0, 0.0, 0.0, 1.0]
            ]
        },
        {
            "name": "Elbow_L",
            "time": [0.0, 0.05, 0.1333, 0.2333, 0.5],
            "transform": [
                [-1.0, 0.0, -0.0, 0.0, 0.0, 0.0, -1.0, 0.442611, -0.0, -1.0, -0.0, -0.0, 0.0, 0.0, 0.0, 1.0],
                [-1.0, 0.0, -0.0, 0.0, 0.0, -0.0, -1.0, 0.3, -0.0, -1.0, -0.0, 0.0, 0.0, 0.0, 0.0, 1.0],
                [-1.0, 0.0, -0.0, -0.0, 0.0, -0.0, -1.0, 0.352819, -0.0, -1.0, -0.0, -0.0, 0.0, 0.0, 0.0, 1.0],
                [-1.0, 0.0, -0.0, 9e-06, 0.0, -0.0, -1.0, 0.379859, -0.0, -1.0, -0.0, -0.000374, 0.0, 0.0, 0.0, 1.0],
                [-1.0, 0.0, -0.0, 9e-06, 0.0, -0.0, -1.0, 0.379859, -0.0, -1.0, -0.0, -0.000375, 0.0, 0.0, 0.0, 1.0]
            ]
        }
    ]
}