{
    "animation": [
        {
            "name": "Root",
            "time": [0.0, 0.0667, 0.1333, 0.2167, 0.4],
            "transform": [
                [0.668694, -0.056492, -0.741388, -5e-06, -0.742937, -0.010679, -0.669277, 0.000946, 0.029892, 0.998346, -0.049111, 0.742899, 0.0, 0.0, 0.0, 1.0],
                [0.605058, -0.073987, -0.792736, -5e-06, -0.795935, -0.031453, -0.604564, 0.000946, 0.019796, 0.996763, -0.077919, 0.763972, 0.0, 0.0, 0.0, 1.0],
                [0.716688, -0.149203, 0.681246, -5e-06, 0.672659, 0.405742, -0.618791, 0.000946, -0.184085, 0.901727, 0.391153, 0.763972, 0.0, 0.0, 0.0, 1.0],
                [0.577111, -0.198805, 0.792098, -5e-06, 0.778865, 0.425656, -0.460636, 0.000946, -0.245585, 0.882776, 0.400493, 0.763972, 0.0, 0.0, 0.0, 1.0],
                [0.577111, -0.198805, 0.792098, -5e-06, 0.778865, 0.425656, -0.460636, 0.000946, -0.245585, 0.882776, 0.400493, 0.763972, 0.0, 0.0, 0.0, 1.0]
            ]
        },
        {
            "name": "Thigh_R",
            "time": [0.0, 0.0667, 0.1333, 0.2167, 0.4],
            "transform": [
                [0.938807, 0.333086, -0.087716, 0.124994, 0.292888, -0.905987, -0.305615, -0.002831, -0.181266, 0.261223, -0.948106, -1.2e-05, 0.0, 0.0, 0.0, 1.0],
                [0.925216, 0.363971, -0.107232, 0.124994, 0.309725, -0.887692, -0.340691, -0.002831, -0.219191, 0.282, -0.93404, -1.2e-05, 0.0, 0.0, 0.0, 1.0],
                [0.677329, 0.167855, 0.716275, 0.124994, -0.085298, -0.949136, 0.303086, -0.002831, 0.730718, -0.266385, -0.628562, -1.2e-05, 0.0, 0.0, 0.0, 1.0],
                [0.592251, 0.180807, 0.785205, 0.124994, -0.168937, -0.924972, 0.340415, -0.002831, 0.787844, -0.334261, -0.517273, -1.2e-05, 0.0, 0.0, 0.0, 1.0],
                [0.592251, 0.180807, 0.785205, 0.124994, -0.168937, -0.924972, 0.340415, -0.002831, 0.787844, -0.334261, -0.517273, -1.2e-05, 0.0, 0.0, 0.0, 1.0]
            ]
        },
        {
            "name": "Leg_R",
            "time": [0.0, 0.0667, 0.1333, 0.2167, 0.4],
            "transform": [
                [1.0, -0.0, 1e-06, -0.0, 0.0, 0.999949, 0.010169, 0.37472, -1e-06, -0.010169, 0.999947, 0.0, 0.0, 0.0, 0.0, 1.0],
                [1.0, -0.0, 1e-06, 0.0, 0.0, 0.999949, 0.010184, 0.37472, -1e-06, -0.010184, 0.999947, -0.0, 0.0, 0.0, 0.0, 1.0],
                [1.0, -0.0, 1e-06, 0.0, -0.0, 0.900581, 0.434689, 0.37472, -1e-06, -0.434689, 0.90058, 0.0, 0.0, 0.0, 0.0, 1.0],
                [1.0, -0.0, 1e-06, -0.0, -0.0, 0.875563, 0.483104, 0.37472, -1e-06, -0.483105, 0.875562, -0.0, 0.0, 0.0, 0.0, 1.0],
                [1.0, -0.0, 1e-06, -0.0, -0.0, 0.875563, 0.483104, 0.37472, -1e-06, -0.483105, 0.875562, -0.0, 0.0, 0.0, 0.0, 1.0]
            ]
        },
        {
            "name": "Knee_R",
            "time": [0.0, 0.0667, 0.1333, 0.2167, 0.4],
            "transform": [
                [1.0, 0.0, -0.0, -0.0, -0.0, 1e-06, -1.0, 0.37472, -0.0, 1.0, 1e-06, 0.0, 0.0, 0.0, 0.0, 1.0],
                [1.0, 0.0, -0.0, 0.0, -0.0, 1e-06, -1.0, 0.37472, -0.0, 1.0, 1e-06, -0.0, 0.0, 0.0, 0.0, 1.0],
                [1.0, 0.0, -0.0, 0.0, -0.0, 1e-06, -1.0, 0.386066, -0.0, 1.0, 1e-06, 0.0, 0.0, 0.0, 0.0, 1.0],
                [1.0, 0.0, -0.0, -0.0, -0.0, 1e-06, -1.0, 0.387484, -0.0, 1.0, 1e-06, -0.0, 0.0, 0.0, 0.0, 1.0],
                [1.0, 0.0, -0.0, -0.0, -0.0, 1e-06, -1.0, 0.387484, -0.0, 1.0, 1e-06, -0.0, 0.0, 0.0, 0.0, 1.0]
            ]
        },
        {
            "name": "Thigh_L",
            "time": [0.0, 0.0667, 0.1333, 0.2167, 0.4],
            "transform": [
                [0.658113, -0.481257, -0.579032, -0.125006, -0.102929, -0.819337, 0.563997, -0.002831, -0.74585, -0.311574, -0.588752, -1.2e-05, 0.0, 0.0, 0.0, 1.0],
                [0.59457, -0.525271, -0.60875, -0.125006, -0.098282, -0.798912, 0.593363, -0.002831, -0.798015, -0.292966, -0.526634, -1.2e-05, 0.0, 0.0, 0.0, 1.0],
                [0.725857, -0.53766, -0.429014, -0.125006, -0.089388, -0.69215, 0.716197, -0.002831, -0.682012, -0.481508, -0.550463, -1.2e-05, 0.0, 0.0, 0.0, 1.0],
                [0.740623, -0.535802, -0.405455, -0.125006, -0.09029, -0.677315, 0.730132, -0.002831, -0.665827, -0.504144, -0.550013, -1.2e-05, 0.0, 0.0, 0.0, 1.0],
                [0.740623, -0.535802, -0.405455, -0.125006, -0.09029, -0.677315, 0.730132, -0.002831, -0.665827, -0.504144, -0.550013, -1.2e-05, 0.0, 0.0, 0.0, 1.0]
            ]
        },
        {
            "name": "Leg_L",
            "time": [0.0, 0.0667, 0.1333, 0.2167, 0.4],
            "transform": [
                [1.0, -1e-06, 1e-06, -0.0, -1e-06, 0.269621, 0.962967, 0.37472, -1e-06, -0.962966, 0.269621, 0.0, 0.0, 0.0, 0.0, 1.0],
                [1.0, -1e-06, 1e-06, -0.0, -1e-06, 0.139117, 0.990276, 0.37472, -1e-06, -0.990276, 0.139117, -0.0, 0.0, 0.0, 0.0, 1.0],
                [1.0, -1e-06, 1e-06, -0.0, -1e-06, 0.452036, 0.892, 0.37472, -1e-06, -0.892, 0.452036, 0.0, 0.0, 0.0, 0.0, 1.0],
                [1.0, -1e-06, 1e-06, -0.0, -1e-06, 0.488219, 0.872722, 0.37472, -1e-06, -0.872721, 0.488219, 0.0, 0.0, 0.0, 0.0, 1.0],
                [1.0, -1e-06, 1e-06, -0.0, -1e-06, 0.488219, 0.872722, 0.37472, -1e-06, -0.872721, 0.488219, 0.0, 0.0, 0.0, 0.0, 1.0]
            ]
        },
        {
            "name": "Knee_L",
            "time": [0.0, 0.0667, 0.1333, 0.2167, 0.4],
            "transform": [
                [1.0, 0.0, -0.0, 0.0, -0.0, 1e-06, -1.0, 0.452432, -0.0, 1.0, 1e-06, 0.0, 0.0, 0.0, 0.0, 1.0],
                [1.0, 0.0, -0.0, 0.0, -0.0, 1e-06, -1.0, 0.461067, -0.0, 1.0, 1e-06, -0.0, 0.0, 0.0, 0.0, 1.0],
                [1.0, 0.0, -0.0, 0.0, -0.0, 1e-06, -1.0, 0.427696, -0.0, 1.0, 1e-06, -0.0, 0.0, 0.0, 0.0, 1.0],
                [1.0, 0.0, -0.0, -0.0, -0.0, 1e-06, -1.0, 0.423525, -0.0, 1.0, 1e-06, 0.0, 0.0, 0.0, 0.0, 1.0],
                [1.0, 0.0, -0.0, -0.0, -0.0, 1e-06, -1.0, 0.423525, -0.0, 1.0, 1e-06, 0.0, 0.0, 0.0, 0.0, 1.0]
            ]
        },
        {
            "name": "Torso",
            "time": [0.0, 0.0667, 0.4],
            "transform": [
                [0.999999, -0.001386, -2e-06, 0.0, 0.001386, 0.999997, 0.002232, 0.05, -2e-06, -0.002232, 0.999997, -0.0, 0.0, 0.0, 0.0, 1.0],
                [1.0, -0.0, -0.0, -0.0, -0.0, 1.0, 0.0, 0.05, 0.0, -0.0, 1.0, -0.0, 0.0, 0.0, 0.0, 1.0],
                [1.0, 0.0, 0.0, 0.0, 0.0, 1.0, -0.0, 0.05, -0.0, -0.0, 1.0, 0.0, 0.0, 0.0, 0.0, 1.0]
            ]
        },
        {
            "name": "Chest",
            "time": [0.0, 0.0667, 0.1333, 0.2167, 0.4],
            "transform": [
                [0.958515, -0.137509, -0.24968, 0.0, 0.083277, 0.97282, -0.216072, 0.3, 0.272605, 0.186316, 0.943914, -0.0, 0.0, 0.0, 0.0, 1.0],
                [0.949237, -0.153486, -0.274576, -0.0, 0.086197, 0.966387, -0.24221, 0.3, 0.302523, 0.206247, 0.93056, -0.0, 0.0, 0.0, 0.0, 1.0],
                [0.999371, -0.014019, -0.032578, 0.0, 0.013185, 0.999584, -0.025673, 0.3, 0.032924, 0.025227, 0.99914, 0.0, 0.0, 0.0, 0.0, 1.0],
                [1.0, 0.0, 0.0, 0.0, 0.0, 1.0, -0.0, 0.3, -0.0, -0.0, 1.0, 0.0, 0.0, 0.0, 0.0, 1.0],
                [1.0, 0.0, 0.0, 0.0, 0.0, 1.0, -0.0, 0.3, -0.0, -0.0, 1.0, 0.0, 0.0, 0.0, 0.0, 1.0]
            ]
        },
        {
            "name": "Head",
            "time": [0.0, 0.0667, 0.1333, 0.2167, 0.4],
            "transform": [
                [0.49367, 0.151842, 0.856291, 0.0, -0.210107, 0.976295, -0.05199, 0.4, -0.843887, -0.154247, 0.51387, -0.0, 0.0, 0.0, 0.0, 1.0],
                [0.401453, 0.133395, 0.906113, -0.0, -0.245814, 0.968731, -0.033706, 0.4, -0.882276, -0.209204, 0.42169, -0.0, 0.0, 0.0, 0.0, 1.0],
                [0.719966, -0.127778, -0.682145, 0.0, -0.145405, 0.933317, -0.328294, 0.4, 0.678606, 0.335548, 0.653377, 0.0, 0.0, 0.0, 0.0, 1.0],
                [0.567857, -0.202085, -0.797935, 0.0, -0.170934, 0.919311, -0.354471, 0.4, 0.805183, 0.337683, 0.487494, 0.0, 0.0, 0.0, 0.0, 1.0],
                [0.567857, -0.202085, -0.797935, 0.0, -0.170934, 0.919311, -0.354471, 0.4, 0.805183, 0.337683, 0.487494, 0.0, 0.0, 0.0, 0.0, 1.0]
            ]
        },
        {
            "name": "Shoulder_R",
            "time": [0.0, 0.0667, 0.1333, 0.2167, 0.4],
            "transform": [
                [-0.364325, 0.899593, 0.240832, 0.0, 0.030611, -0.246898, 0.968558, 0.4, 0.930768, 0.360242, 0.062414, -0.0, 0.0, 0.0, 0.0, 1.0],
                [-0.402441, 0.885481, 0.232301, -0.0, 0.03254, -0.23976, 0.970286, 0.4, 0.914867, 0.398043, 0.067676, -0.0, 0.0, 0.0, 0.0, 1.0],
                [0.158445, 0.961797, 0.22325, 0.0, 0.056317, -0.234541, 0.970473, 0.4, 0.98576, -0.141194, -0.091328, 0.0, 0.0, 0.0, 0.0, 1.0],
                [0.227741, 0.949489, 0.21588, 0.0, 0.059337, -0.234827, 0.970224, 0.4, 0.971912, -0.208151, -0.109819, 0.0, 0.0, 0.0, 0.0, 1.0],
                [0.227741, 0.949489, 0.21588, 0.0, 0.059337, -0.234827, 0.970224, 0.4, 0.971912, -0.208151, -0.109819, 0.0, 0.0, 0.0, 0.0, 1.0]
            ]
        },
        {
            "name": "Arm_R",
            "time": [0.0, 0.0667, 0.1333, 0.2167, 0.4],
            "transform": [
                [0.670171, -0.177318, -0.720715, 0.0, 0.452317, 0.867461, 0.207173, 0.39386, 0.588457, -0.464833, 0.66155, 0.0, 0.0, 0.0, 0.0, 1.0],
                [0.734424, -0.210259, -0.6453, -0.0, 0.400419, 0.901927, 0.161844, 0.393861, 0.547985, -0.377252, 0.746588, -0.0, 0.0, 0.0, 0.0, 1.0],
                [0.316763, -0.475443, -0.820741, -0.0, -0.374664, 0.732215, -0.568761, 0.393861, 0.871372, 0.487664, 0.053807, 0.0, 0.0, 0.0, 0.0, 1.0],
                [0.278727, -0.526047, -0.803483, -0.0, -0.478581, 0.649274, -0.591104, 0.393861, 0.83263, 0.549289, -0.070786, -0.0, 0.0, 0.0, 0.0, 1.0],
                [0.278727, -0.526047, -0.803483, -0.0, -0.478581, 0.649274, -0.591104, 0.393861, 0.83263, 0.549289, -0.070786, -0.0, 0.0, 0.0, 0.0, 1.0]
            ]
        },
        {
            "name": "Hand_R",
            "time": [0.0, 0.0667, 0.1333, 0.2167, 0.4],
            "transform": [
                [0.999999, -0.000375, 0.001491, 0.0, 0.001537, 0.235811, -0.971798, 0.3, 1.3e-05, 0.971799, 0.235811, -0.0, 0.0, 0.0, 0.0, 1.0],
                [0.999999, -0.00033, 0.001648, -0.0, 0.001678, 0.140878, -0.990026, 0.3, 9.5e-05, 0.990027, 0.140878, 0.0, 0.0, 0.0, 0.0, 1.0],
                [1.0, -0.000149, 0.000121, -0.0, 0.000155, 0.998792, -0.049141, 0.3, -0.000114, 0.049141, 0.998792, 0.0, 0.0, 0.0, 0.0, 1.0],
                [1.0, 0.0, 0.0, -0.0, -0.0, 0.993938, 0.109947, 0.3, -0.0, -0.109947, 0.993938, -0.0, 0.0, 0.0, 0.0, 1.0],
                [1.0, 0.0, 0.0, -0.0, -0.0, 0.993938, 0.109947, 0.3, -0.0, -0.109947, 0.993938, -0.0, 0.0, 0.0, 0.0, 1.0]
            ]
        },
        {
            "name": "Tool_R",
            "time": [0.0, 0.0667, 0.1333, 0.2167, 0.4],
            "transform": [
                [0.73543, 0.327315, -0.593303, -0.0, 0.546528, -0.804137, 0.233821, 0.272858, -0.40032, -0.49593, -0.769814, 0.0, 0.0, 0.0, 0.0, 1.0],
                [0.677924, 0.338354, -0.652638, -0.0, 0.603962, -0.762482, 0.23206, 0.272858, -0.418852, -0.551169, -0.720828, 0.0, 0.0, 0.0, 0.0, 1.0],
                [0.996157, 0.055688, -0.067617, 0.0, 0.059933, -0.996246, 0.062476, 0.272858, -0.063846, -0.06626, -0.995163, 0.0, 0.0, 0.0, 0.0, 1.0],
                [1.0, 0.0, 0.0, -0.0, 0.0, -0.999836, 0.018122, 0.272858, 0.0, -0.018122, -0.999244, -0.0, 0.0, 0.0, 0.0, 1.0],
                [1.0, 0.0, 0.0, -0.0, 0.0, -0.999836, 0.018122, 0.272858, 0.0, -0.018122, -0.999244, -0.0, 0.0, 0.0, 0.0, 1.0]
            ]
        },
        {
            "name": "Elbow_R",
            "time": [0.0, 0.0667, 0.1333, 0.2167, 0.4],
            "transform": [
                [-1.0, 0.0, -0.0, 0.0, -0.0, 0.0, -1.0, 0.432989, -0.0, -1.0, 0.0, -0.0, 0.0, 0.0, 0.0, 1.0],
                [-1.0, 0.0, -0.0, -0.0, 0.0, -0.0, -1.0, 0.447765, -0.0, -1.0, 0.0, 0.0, 0.0, 0.0, 0.0, 1.0],
                [-1.0, 0.0, -0.0, -0.0, 0.0, -0.0, -1.0, 0.316419, -0.0, -1.0, 0.0, 0.0, 0.0, 0.0, 0.0, 1.0],
                [-1.0, 0.0, -0.0, -0.0, 0.0, -0.0, -1.0, 0.3, -0.0, -1.0, 0.0, -0.0, 0.0, 0.0, 0.0, 1.0],
                [-1.0, 0.0, -0.0, -0.0, 0.0, -0.0, -1.0, 0.3, -0.0, -1.0, 0.0, -0.0, 0.0, 0.0, 0.0, 1.0]
            ]
        },
        {
            "name": "Shoulder_L",
            "time": [0.0, 0.0667, 0.1333, 0.2167, 0.4],
            "transform": [
                [-0.012042, -0.95212, -0.305488, 0.0, 0.000241, -0.305513, 0.952188, 0.4, -0.999927, 0.011393, 0.003908, -0.0, 0.0, 0.0, 0.0, 1.0],
                [-0.0, -0.952114, -0.305743, -0.0, 0.0, -0.305743, 0.952114, 0.4, -1.0, -0.0, 0.0, -0.0, 0.0, 0.0, 0.0, 1.0],
                [-0.235189, -0.894794, -0.379512, 0.0, -0.06162, -0.375952, 0.924588, 0.4, -0.969994, 0.240839, 0.033282, 0.0, 0.0, 0.0, 0.0, 1.0],
                [-0.263416, -0.883251, -0.387917, 0.0, -0.070489, -0.383421, 0.92088, 0.4, -0.962104, 0.269918, 0.038739, 0.0, 0.0, 0.0, 0.0, 1.0],
                [-0.263416, -0.883251, -0.387917, 0.0, -0.070489, -0.383421, 0.92088, 0.4, -0.962104, 0.269918, 0.038739, 0.0, 0.0, 0.0, 0.0, 1.0]
            ]
        },
        {
            "name": "Arm_L",
            "time": [0.0, 0.0667, 0.1333, 0.2167, 0.4],
            "transform": [
                [0.238509, 0.706733, 0.666065, 0.0, -0.077147, 0.697479, -0.71244, 0.39386, -0.968071, 0.118538, 0.220877, 0.0, 0.0, 0.0, 0.0, 1.0],
                [0.326073, 0.748117, 0.577926, 0.0, -0.009589, 0.613924, -0.789307, 0.39386, -0.945296, 0.25183, 0.207357, 0.0, 0.0, 0.0, 0.0, 1.0],
                [0.569832, -0.354244, 0.741487, 0.0, -0.390999, 0.676752, 0.6238, 0.39386, -0.72278, -0.645382, 0.247126, -0.0, 0.0, 0.0, 0.0, 1.0],
                [0.618857, -0.447605, 0.645496, -0.0, -0.387459, 0.540888, 0.746536, 0.39386, -0.683295, -0.712102, 0.161303, 0.0, 0.0, 0.0, 0.0, 1.0],
                [0.618857, -0.447605, 0.645496, -0.0, -0.387459, 0.540888, 0.746536, 0.39386, -0.683295, -0.712102, 0.161303, 0.0, 0.0, 0.0, 0.0, 1.0]
            ]
        },
        {
            "name": "Hand_L",
            "time": [0.0, 0.0667, 0.4],
            "transform": [
                [1.020758, 0.000783, -0.002782, 0.0, -0.002933, 0.166659, -0.986011, 0.3, -0.000315, 0.986014, 0.16666, 0.0, 0.0, 0.0, 0.0, 1.0],
                [1.020757, 0.000697, -0.003077, 0.0, -0.00318, 0.06405, -0.997942, 0.3, -0.000509, 0.997946, 0.064052, 0.0, 0.0, 0.0, 0.0, 1.0],
                [1.020757, 0.000697, -0.003077, 0.0, -0.00318, 0.06405, -0.997942, 0.3, -0.000509, 0.997946, 0.064052, -0.0, 0.0, 0.0, 0.0, 1.0]
            ]
        },
        {
            "name": "Tool_L",
            "time": [0.0, 0.4],
            "transform": [
                [1.0, 0.0, 0.0, 0.0, -0.0, -0.999835, 0.018122, 0.272858, 0.0, -0.018122, -0.999247, 0.0, 0.0, 0.0, 0.0, 1.0],
                [1.0, 0.0, 0.0, 0.0, 0.0, -0.999835, 0.018122, 0.272858, 0.0, -0.018122, -0.999247, -0.0, 0.0, 0.0, 0.0, 1.0]
            ]
        },
        {
            "name": "Elbow_L",
            "time": [0.0, 0.0667, 0.1333, 0.2167, 0.4],
            "transform": [
                [-1.0, 0.0, -0.0, -1.7e-05, 0.0, -0.0, -1.0, 0.442835, -0.0, -1.0, -0.0, -0.000305, 0.0, 0.0, 0.0, 1.0],
                [-1.0, 0.0, -0.0, -0.0, 0.0, -0.0, -1.0, 0.453172, -0.0, -1.0, 0.0, 0.0, 0.0, 0.0, 0.0, 1.0],
                [-1.0, 0.0, -0.0, -0.0, 0.0, -0.0, -1.0, 0.454453, -0.0, -1.0, -0.0, -0.0, 0.0, 0.0, 0.0, 1.0],
                [-1.0, 0.0, -0.0, 0.0, 0.0, -0.0, -1.0, 0.454613, -0.0, -1.0, 0.0, -0.0, 0.0, 0.0, 0.0, 1.0],
                [-1.0, 0.0, -0.0, 0.0, 0.0, -0.0, -1.0, 0.454613, -0.0, -1.0, 0.0, -0.0, 0.0, 0.0, 0.0, 1.0]
            ]
        }
    ]
}