{
    "animation": [
        {
            "name": "Root",
            "time": [0.0, 0.1, 0.15, 0.25, 0.9167],
            "transform": [
                [0.454202, 0.0, -0.890899, -5e-06, -0.890899, 0.0, -0.454202, 0.000946, 0.0, 1.0, 0.0, 0.704653, 0.0, 0.0, 0.0, 1.0],
                [0.454202, 0.0, -0.890899, -5e-06, -0.890899, 0.0, -0.454202, 0.481119, 0.0, 1.0, 0.0, 0.605064, 0.0, 0.0, 0.0, 1.0],
                [0.978017, 0.03777, -0.205077, -5e-06, -0.208069, 0.111713, -0.971714, 1.00026, -0.013792, 0.993023, 0.117116, 0.750754, 0.0, 0.0, 0.0, 1.0],
                [0.247241, -0.108965, 0.962808, -5e-06, 0.948807, 0.228802, -0.217751, 1.812216, -0.196565, 0.967355, 0.159956, 0.704653, 0.0, 0.0, 0.0, 1.0],
                [0.247241, -0.108965, 0.962808, -5e-06, 0.948807, 0.228802, -0.217751, 1.812216, -0.196565, 0.967355, 0.159956, 0.704653, 0.0, 0.0, 0.0, 1.0]
            ]
        },
        {
            "name": "Thigh_R",
            "time": [0.0, 0.1, 0.15, 0.25, 0.9167],
            "transform": [
                [0.966814, 0.184562, -0.176655, 0.124994, 0.218673, -0.955364, 0.198645, -0.002831, -0.132108, -0.230682, -0.964018, -1.2e-05, 0.0, 0.0, 0.0, 1.0],
                [0.752815, 0.604588, 0.260274, 0.124994, 0.47018, -0.770639, 0.430168, -0.002831, 0.460652, -0.201461, -0.864414, -1.2e-05, 0.0, 0.0, 0.0, 1.0],
                [0.972163, -0.074401, -0.22218, 0.124994, 0.089958, -0.757053, 0.647129, -0.002831, -0.216349, -0.649101, -0.729287, -1.2e-05, 0.0, 0.0, 0.0, 1.0],
                [0.816653, 0.553261, 0.164257, 0.124993, 0.266139, -0.613561, 0.743446, -0.002831, 0.512102, -0.563421, -0.648311, -1.2e-05, 0.0, 0.0, 0.0, 1.0],
                [0.816653, 0.553261, 0.164257, 0.124993, 0.266139, -0.613561, 0.743446, -0.002831, 0.512102, -0.563421, -0.648311, -1.2e-05, 0.0, 0.0, 0.0, 1.0]
            ]
        },
        {
            "name": "Leg_R",
            "time": [0.0, 0.1, 0.15, 0.25, 0.9167],
            "transform": [
                [1.0, -1e-06, 1e-06, 0.0, 0.0, 0.887835, 0.460162, 0.37472, -1e-06, -0.460163, 0.887834, 0.0, 0.0, 0.0, 0.0, 1.0],
                [1.0, -0.0, 1e-06, -0.0, 0.0, 0.736744, 0.676171, 0.37472, -1e-06, -0.676172, 0.736743, 0.0, 0.0, 0.0, 0.0, 1.0],
                [1.0, -1e-06, 1e-06, 0.0, -0.0, 0.284144, 0.958781, 0.37472, -1e-06, -0.958782, 0.284144, -0.0, 0.0, 0.0, 0.0, 1.0],
                [1.0, -0.0, 1e-06, -0.0, -0.0, 0.806767, 0.59087, 0.37472, -1e-06, -0.590871, 0.806766, 0.0, 0.0, 0.0, 0.0, 1.0],
                [1.0, -0.0, 1e-06, -0.0, -0.0, 0.806767, 0.59087, 0.37472, -1e-06, -0.590871, 0.806766, 0.0, 0.0, 0.0, 0.0, 1.0]
            ]
        },
        {
            "name": "Knee_R",
            "time": [0.0, 0.1, 0.15, 0.25, 0.9167],
            "transform": [
                [1.0, 0.0, -0.0, 0.0, -0.0, 1e-06, -1.0, 0.385905, -0.0, 1.0, 1e-06, 0.0, 0.0, 0.0, 0.0, 1.0],
                [1.0, 0.0, -0.0, -0.0, -0.0, 1e-06, -1.0, 0.403745, -0.0, 1.0, 1e-06, -0.0, 0.0, 0.0, 0.0, 1.0],
                [1.0, 0.0, -0.0, 0.0, -0.0, 1e-06, -1.0, 0.443241, -0.0, 1.0, 1e-06, -0.0, 0.0, 0.0, 0.0, 1.0],
                [1.0, 0.0, -0.0, -0.0, -0.0, 1e-06, -1.0, 0.390909, -0.0, 1.0, 1e-06, -0.0, 0.0, 0.0, 0.0, 1.0],
                [1.0, 0.0, -0.0, -0.0, -0.0, 1e-06, -1.0, 0.390909, -0.0, 1.0, 1e-06, -0.0, 0.0, 0.0, 0.0, 1.0]
            ]
        },
        {
            "name": "Thigh_L",
            "time": [0.0, 0.1, 0.15, 0.25, 0.9167],
            "transform": [
                [0.871031, -0.318733, -0.373782, -0.125006, -0.154676, -0.900168, 0.407149, -0.002831, -0.466239, -0.296824, -0.833376, -1.2e-05, 0.0, 0.0, 0.0, 1.0],
                [0.821939, -0.565859, -0.064946, -0.125006, -0.403416, -0.658857, 0.63495, -0.002831, -0.402083, -0.49569, -0.769818, -1.2e-05, 0.0, 0.0, 0.0, 1.0],
                [0.973817, 0.001387, -0.227329, -0.125006, 0.037725, -0.987102, 0.155579, -0.002831, -0.224181, -0.160081, -0.96131, -1.2e-05, 0.0, 0.0, 0.0, 1.0],
                [0.872418, -0.205756, -0.44334, -0.125006, -0.150496, -0.976087, 0.156855, -0.00283, -0.465012, -0.070121, -0.882523, -1.2e-05, 0.0, 0.0, 0.0, 1.0],
                [0.872418, -0.205756, -0.44334, -0.125006, -0.150496, -0.976087, 0.156855, -0.00283, -0.465012, -0.070121, -0.882523, -1.2e-05, 0.0, 0.0, 0.0, 1.0]
            ]
        },
        {
            "name": "Leg_L",
            "time": [0.0, 0.1, 0.15, 0.25, 0.9167],
            "transform": [
                [1.0, -1e-06, 6e-06, -0.0, -4e-06, 0.733272, 0.679935, 0.37472, -5e-06, -0.679935, 0.733272, -0.0, 0.0, 0.0, 0.0, 1.0],
                [1.0, -1e-06, 1.2e-05, -0.0, -8e-06, 0.666187, 0.745785, 0.37472, -8e-06, -0.745785, 0.666187, -0.0, 0.0, 0.0, 0.0, 1.0],
                [1.0, -0.0, 1e-06, 0.0, 0.0, 0.955179, 0.296027, 0.37472, -1e-06, -0.296027, 0.95518, -0.0, 0.0, 0.0, 0.0, 1.0],
                [1.0, -0.0, 1e-06, -0.0, 0.0, 0.999956, 0.009316, 0.37472, -1e-06, -0.009316, 0.999957, -0.0, 0.0, 0.0, 0.0, 1.0],
                [1.0, -0.0, 1e-06, -0.0, 0.0, 0.999956, 0.009316, 0.37472, -1e-06, -0.009316, 0.999957, -0.0, 0.0, 0.0, 0.0, 1.0]
            ]
        },
        {
            "name": "Knee_L",
            "time": [0.0, 0.1, 0.15, 0.25, 0.9167],
            "transform": [
                [1.0, 0.0, -0.0, 0.0, -0.0, 1e-06, -1.0, 0.402976, -0.0, 1.0, 1e-06, -0.0, 0.0, 0.0, 0.0, 1.0],
                [1.0, 0.0, -0.0, -0.0, -0.0, 1e-06, -1.0, 0.409059, -0.0, 1.0, 1e-06, -0.0, 0.0, 0.0, 0.0, 1.0],
                [1.0, 0.0, -0.0, 0.0, -0.0, 1e-06, -1.0, 0.439709, -0.0, 1.0, 1e-06, -0.0, 0.0, 0.0, 0.0, 1.0],
                [1.0, 0.0, -0.0, -0.0, -0.0, 1e-06, -1.0, 0.37472, -0.0, 1.0, 1e-06, -0.0, 0.0, 0.0, 0.0, 1.0],
                [1.0, 0.0, -0.0, -0.0, -0.0, 1e-06, -1.0, 0.37472, -0.0, 1.0, 1e-06, -0.0, 0.0, 0.0, 0.0, 1.0]
            ]
        },
        {
            "name": "Torso",
            "time": [0.0, 0.1, 0.15, 0.25, 0.9167],
            "transform": [
                [0.998972, -0.045322, -0.001263, -0.0, 0.045308, 0.996825, 0.065478, 0.05, -0.001708, -0.065468, 0.997853, -0.0, 0.0, 0.0, 0.0, 1.0],
                [0.998972, -0.045322, -0.001263, -0.0, 0.045308, 0.996825, 0.065477, 0.05, -0.001708, -0.065467, 0.997853, -0.0, 0.0, 0.0, 0.0, 1.0],
                [0.99961, -0.027934, -0.000427, -0.0, 0.027929, 0.998795, 0.040356, 0.05, -0.000701, -0.040352, 0.999185, -0.0, 0.0, 0.0, 0.0, 1.0],
                [1.0, -0.0, 0.0, -0.0, 0.0, 1.0, -0.0, 0.05, 0.0, 0.0, 1.0, -0.0, 0.0, 0.0, 0.0, 1.0],
                [1.0, -0.0, 0.0, -0.0, 0.0, 1.0, -0.0, 0.05, 0.0, 0.0, 1.0, -0.0, 0.0, 0.0, 0.0, 1.0]
            ]
        },
        {
            "name": "Chest",
            "time": [0.0, 0.1, 0.15, 0.25, 0.9167],
            "transform": [
                [0.998353, -0.057358, -0.001399, 0.0, 0.057291, 0.995277, 0.078373, 0.3, -0.003103, -0.078324, 0.996923, -0.0, 0.0, 0.0, 0.0, 1.0],
                [0.998353, -0.057358, -0.001399, 0.0, 0.057291, 0.995277, 0.078372, 0.3, -0.003103, -0.078323, 0.996923, 0.0, 0.0, 0.0, 0.0, 1.0],
                [0.968962, -0.085819, 0.231835, 0.0, 0.06276, 0.992481, 0.105084, 0.3, -0.23911, -0.087272, 0.967063, -0.0, 0.0, 0.0, 0.0, 1.0],
                [0.808708, -0.133591, 0.572839, -0.0, 0.05792, 0.987221, 0.14846, 0.3, -0.585352, -0.086882, 0.806111, -0.0, 0.0, 0.0, 0.0, 1.0],
                [0.808708, -0.133591, 0.572839, -0.0, 0.05792, 0.987221, 0.14846, 0.3, -0.585352, -0.086882, 0.806111, -0.0, 0.0, 0.0, 0.0, 1.0]
            ]
        },
        {
            "name": "Head",
            "time": [0.0, 0.1, 0.15, 0.25, 0.9167],
            "transform": [
                [0.342219, 0.065142, 0.937359, 0.0, 0.118801, 0.986588, -0.111936, 0.4, -0.93208, 0.149666, 0.32989, -0.0, 0.0, 0.0, 0.0, 1.0],
                [0.342219, 0.065142, 0.937359, 0.0, 0.118801, 0.986588, -0.111936, 0.4, -0.93208, 0.149666, 0.32989, 0.0, 0.0, 0.0, 0.0, 1.0],
                [0.998517, 0.035969, -0.040872, 0.0, -0.045056, 0.967341, -0.249441, 0.4, 0.030565, 0.250913, 0.967527, 0.0, 0.0, 0.0, 0.0, 1.0],
                [0.587753, -0.100142, -0.802819, -0.0, -0.02414, 0.989697, -0.141126, 0.4, 0.80868, 0.102328, 0.57928, 0.0, 0.0, 0.0, 0.0, 1.0],
                [0.587753, -0.100142, -0.802819, -0.0, -0.02414, 0.989697, -0.141126, 0.4, 0.80868, 0.102328, 0.57928, 0.0, 0.0, 0.0, 0.0, 1.0]
            ]
        },
        {
            "name": "Shoulder_R",
            "time": [0.0, 0.1, 0.15, 0.25, 0.9167],
            "transform": [
                [-0.406172, 0.842446, 0.35399, 0.0, 0.060029, -0.361948, 0.930263, 0.4, 0.911822, 0.399097, 0.096442, -0.0, 0.0, 0.0, 0.0, 1.0],
                [-0.442078, 0.888867, 0.12034, 0.0, 0.070904, -0.099113, 0.992547, 0.4, 0.89417, 0.447316, -0.019208, 0.0, 0.0, 0.0, 0.0, 1.0],
                [-0.036448, 0.999147, -0.019387, 0.0, 0.095102, 0.02278, 0.995207, 0.4, 0.9948, 0.03443, -0.095851, 0.0, 0.0, 0.0, 0.0, 1.0],
                [-0.326575, 0.936087, 0.130728, -0.0, 0.123051, -0.095026, 0.98784, 0.4, 0.937127, 0.338691, -0.084154, 0.0, 0.0, 0.0, 0.0, 1.0],
                [-0.326575, 0.936087, 0.130728, -0.0, 0.123051, -0.095026, 0.98784, 0.4, 0.937127, 0.338691, -0.084154, 0.0, 0.0, 0.0, 0.0, 1.0]
            ]
        },
        {
            "name": "Arm_R",
            "time": [0.0, 0.1, 0.15, 0.25, 0.9167],
            "transform": [
                [-0.066591, -0.299245, -0.95185, 0.0, 0.857449, 0.470675, -0.207958, 0.39386, 0.510243, -0.830011, 0.225244, 0.0, 0.0, 0.0, 0.0, 1.0],
                [-0.066591, -0.299245, -0.95185, 0.0, 0.857449, 0.470675, -0.207958, 0.39386, 0.510243, -0.830011, 0.225244, 0.0, 0.0, 0.0, 0.0, 1.0],
                [-0.709718, -0.567641, -0.417234, -0.0, 0.102644, 0.502613, -0.858396, 0.39386, 0.696968, -0.652046, -0.298449, 0.0, 0.0, 0.0, 0.0, 1.0],
                [-0.513519, -0.574908, -0.637009, -0.0, -0.218256, 0.805463, -0.550994, 0.39386, 0.829858, -0.143915, -0.539097, -0.0, 0.0, 0.0, 0.0, 1.0],
                [-0.513519, -0.574908, -0.637009, -0.0, -0.218256, 0.805463, -0.550994, 0.39386, 0.829858, -0.143915, -0.539097, -0.0, 0.0, 0.0, 0.0, 1.0]
            ]
        },
        {
            "name": "Hand_R",
            "time": [0.0, 0.1, 0.15, 0.25, 0.9167],
            "transform": [
                [0.999998, -0.002059, -0.000241, -0.0, 0.000401, 0.306354, -0.951918, 0.3, 0.002033, 0.951916, 0.306354, 0.0, 0.0, 0.0, 0.0, 1.0],
                [0.999995, -0.000999, -0.002898, -0.0, -0.002453, 0.30636, -0.951913, 0.3, 0.001839, 0.951915, 0.306356, 0.0, 0.0, 0.0, 0.0, 1.0],
                [1.0, 0.000342, 0.000816, -0.0, 0.000672, 0.306405, -0.951901, 0.3, -0.000576, 0.951901, 0.306404, -0.0, 0.0, 0.0, 0.0, 1.0],
                [1.0, 0.000833, 0.000101, -0.0, -0.000159, 0.306392, -0.951906, 0.3, -0.000824, 0.951905, 0.306392, -0.0, 0.0, 0.0, 0.0, 1.0],
                [1.0, 0.000833, 0.000101, -0.0, -0.000159, 0.306392, -0.951906, 0.3, -0.000824, 0.951905, 0.306392, -0.0, 0.0, 0.0, 0.0, 1.0]
            ]
        },
        {
            "name": "Tool_R",
            "time": [0.0, 0.9167],
            "transform": [
                [1.000001, 0.0, 0.0, 0.0, 0.0, -0.999836, 0.018122, 0.272858, 0.0, -0.018122, -0.999244, -0.0, 0.0, 0.0, 0.0, 1.0],
                [1.0, 0.0, 0.0, -0.0, 0.0, -0.999836, 0.018122, 0.272858, 0.0, -0.018122, -0.999244, -0.0, 0.0, 0.0, 0.0, 1.0]
            ]
        },
        {
            "name": "Elbow_R",
            "time": [0.0, 0.1, 0.15, 0.25, 0.9167],
            "transform": [
                [-1.0, 0.0, 0.0, -0.0, 0.0, -0.0, -1.0, 0.424274, -0.0, -1.0, 0.0, 0.0, 0.0, 0.0, 0.0, 1.0],
                [-1.0, 0.0, 0.0, -0.0, -0.0, -0.0, -1.0, 0.425582, -0.0, -1.0, 0.0, 0.0, 0.0, 0.0, 0.0, 1.0],
                [-1.0, 0.0, 0.0, -0.0, 0.0, 0.0, -1.0, 0.426544, -0.0, -1.0, 0.0, -0.0, 0.0, 0.0, 0.0, 1.0],
                [-1.0, 0.0, -0.0, -0.0, -0.0, -0.0, -1.0, 0.42313, -0.0, -1.0, 0.0, -0.0, 0.0, 0.0, 0.0, 1.0],
                [-1.0, 0.0, -0.0, -0.0, -0.0, -0.0, -1.0, 0.42313, -0.0, -1.0, 0.0, -0.0, 0.0, 0.0, 0.0, 1.0]
            ]
        },
        {
            "name": "Shoulder_L",
            "time": [0.0, 0.1, 0.15, 0.25, 0.9167],
            "transform": [
                [0.36074, -0.901736, -0.2382, 0.0, -0.041515, -0.270669, 0.961777, 0.4, -0.931742, -0.337062, -0.135076, -0.0, 0.0, 0.0, 0.0, 1.0],
                [0.36074, -0.901736, -0.2382, 0.0, -0.041514, -0.270669, 0.961777, 0.4, -0.931742, -0.337062, -0.135076, 0.0, 0.0, 0.0, 0.0, 1.0],
                [0.237592, -0.931327, -0.276009, 0.0, -0.060295, -0.297738, 0.952742, 0.4, -0.969492, -0.209722, -0.126894, 0.0, 0.0, 0.0, 0.0, 1.0],
                [0.033718, -0.942292, -0.333091, -0.0, -0.097561, -0.334792, 0.937228, 0.4, -0.994658, 0.000896, -0.103219, 0.0, 0.0, 0.0, 0.0, 1.0],
                [0.033718, -0.942292, -0.333091, -0.0, -0.097561, -0.334792, 0.937228, 0.4, -0.994658, 0.000896, -0.103219, 0.0, 0.0, 0.0, 0.0, 1.0]
            ]
        },
        {
            "name": "Arm_L",
            "time": [0.0, 0.1, 0.15, 0.25, 0.9167],
            "transform": [
                [-0.125468, 0.294391, 0.947413, -0.0, -0.53735, 0.78259, -0.314338, 0.39386, -0.833974, -0.548531, 0.06, 0.0, 0.0, 0.0, 0.0, 1.0],
                [-0.125468, 0.29439, 0.947413, 0.0, -0.53735, 0.78259, -0.314337, 0.39386, -0.833974, -0.548531, 0.06, 0.0, 0.0, 0.0, 0.0, 1.0],
                [-0.140745, 0.159567, 0.977103, 0.0, -0.461744, 0.862437, -0.207352, 0.39386, -0.875776, -0.480355, -0.047705, 0.0, 0.0, 0.0, 0.0, 1.0],
                [-0.189295, -0.057832, 0.980216, -0.0, -0.337991, 0.941099, -0.009747, 0.39386, -0.921916, -0.333149, -0.197692, 0.0, 0.0, 0.0, 0.0, 1.0],
                [-0.189295, -0.057832, 0.980216, -0.0, -0.337991, 0.941099, -0.009747, 0.39386, -0.921916, -0.333149, -0.197692, 0.0, 0.0, 0.0, 0.0, 1.0]
            ]
        },
        {
            "name": "Hand_L",
            "time": [0.0, 0.1, 0.15, 0.25, 0.9167],
            "transform": [
                [1.020761, 0.000791, 0.001281, 0.0, 0.000773, 0.470654, -0.882317, 0.3, -0.001327, 0.882317, 0.470653, -0.0, 0.0, 0.0, 0.0, 1.0],
                [1.020761, -0.001365, 0.001161, -0.0, 0.001701, 0.470652, -0.882317, 0.3, 0.000671, 0.882318, 0.470653, -0.0, 0.0, 0.0, 0.0, 1.0],
                [1.020759, -0.002228, -0.001238, 0.0, -4.5e-05, 0.470656, -0.882317, 0.3, 0.002602, 0.882314, 0.470655, -0.0, 0.0, 0.0, 0.0, 1.0],
                [1.020762, -0.000115, 0.000734, -0.0, 0.000759, 0.155111, -0.987897, 0.3, -1e-06, 0.987897, 0.155111, -0.0, 0.0, 0.0, 0.0, 1.0],
                [1.020762, -0.000115, 0.000734, -0.0, 0.000759, 0.155111, -0.987897, 0.3, -1e-06, 0.987897, 0.155111, -0.0, 0.0, 0.0, 0.0, 1.0]
            ]
        },
        {
            "name": "Tool_L",
            "time": [0.0, 0.9167],
            "transform": [
                [1.0, -0.0, 0.0, -0.0, -0.0, -0.999836, 0.018122, 0.272858, 0.0, -0.018122, -0.999247, -0.0, 0.0, 0.0, 0.0, 1.0],
                [1.0, 0.0, 0.0, 0.0, 0.0, -0.999835, 0.018122, 0.272858, 0.0, -0.018122, -0.999247, -0.0, 0.0, 0.0, 0.0, 1.0]
            ]
        },
        {
            "name": "Elbow_L",
            "time": [0.0, 0.1, 0.15, 0.25, 0.9167],
            "transform": [
                [-1.0, 0.0, -0.0, 0.0, 0.0, -0.0, -1.0, 0.407105, -0.0, -1.0, -0.0, -0.0, 0.0, 0.0, 0.0, 1.0],
                [-1.0, 0.0, -0.0, -0.0, 0.0, -0.0, -1.0, 0.410866, -0.0, -1.0, -0.0, -0.0, 0.0, 0.0, 0.0, 1.0],
                [-1.0, 0.0, -0.0, 0.0, 0.0, -0.0, -1.0, 0.40808, -0.0, -1.0, -0.0, -0.0, 0.0, 0.0, 0.0, 1.0],
                [-1.0, 0.0, -0.0, -0.0, 0.0, -0.0, -1.0, 0.440299, -0.0, -1.0, 0.0, -0.0, 0.0, 0.0, 0.0, 1.0],
                [-1.0, 0.0, -0.0, -0.0, 0.0, -0.0, -1.0, 0.440299, -0.0, -1.0, 0.0, -0.0, 0.0, 0.0, 0.0, 1.0]
            ]
        }
    ]
}