{
    "animation": [
        {
            "name": "Root",
            "time": [0.0, 0.0667, 0.15, 0.3333, 0.5],
            "transform": [
                [0.762638, -0.062664, -0.643783, -5e-06, -0.637586, 0.094804, -0.764524, 0.298834, 0.108941, 0.993522, 0.032347, 0.736026, 0.0, 0.0, 0.0, 1.0],
                [0.019739, -0.027388, -0.99943, -5e-06, -0.999796, 0.003792, -0.01985, 0.756211, 0.004334, 0.999618, -0.027307, 0.717713, 0.0, 0.0, 0.0, 1.0],
                [-0.124508, -0.032667, -0.991681, -5e-06, -0.975583, 0.186279, 0.116351, 0.653757, 0.180929, 0.981954, -0.055063, 0.703837, 0.0, 0.0, 0.0, 1.0],
                [0.294038, -0.02726, -0.955405, -5e-06, -0.954659, 0.040316, -0.294958, 0.682969, 0.046559, 0.998815, -0.01417, 0.703837, 0.0, 0.0, 0.0, 1.0],
                [0.294038, -0.02726, -0.955405, -5e-06, -0.954659, 0.040316, -0.294958, 0.682969, 0.046559, 0.998815, -0.01417, 0.703837, 0.0, 0.0, 0.0, 1.0]
            ]
        },
        {
            "name": "Thigh_R",
            "time": [0.0, 0.0667, 0.15, 0.3333, 0.5],
            "transform": [
                [0.992118, 0.063852, 0.107817, 0.124995, 0.084162, -0.977018, -0.195833, -0.002831, 0.092835, 0.203364, -0.974691, -1.2e-05, 0.0, 0.0, 0.0, 1.0],
                [0.812984, 0.47088, -0.342531, 0.124995, 0.455928, -0.880682, -0.128556, -0.002831, -0.362196, -0.051655, -0.930669, -1.2e-05, 0.0, 0.0, 0.0, 1.0],
                [0.946473, 0.194924, -0.257281, 0.124994, 0.18767, -0.980816, -0.052707, -0.002831, -0.26262, 0.001602, -0.964897, -1.2e-05, 0.0, 0.0, 0.0, 1.0],
                [0.936082, 0.313991, -0.158617, 0.124992, 0.2789, -0.937222, -0.20935, -0.00283, -0.214394, 0.151731, -0.964889, -1.2e-05, 0.0, 0.0, 0.0, 1.0],
                [0.936082, 0.313991, -0.158617, 0.124992, 0.2789, -0.937222, -0.20935, -0.00283, -0.214394, 0.151731, -0.964889, -1.2e-05, 0.0, 0.0, 0.0, 1.0]
            ]
        },
        {
            "name": "Leg_R",
            "time": [0.0, 0.0667, 0.15, 0.3333, 0.5],
            "transform": [
                [1.0, -0.0, 1e-06, 0.0, 0.0, 0.999957, 0.009316, 0.37472, -1e-06, -0.009316, 0.999956, 0.0, 0.0, 0.0, 0.0, 1.0],
                [1.0, -0.0, 1e-06, -0.0, -0.0, 0.999947, 0.010415, 0.37472, -1e-06, -0.010415, 0.999945, -0.0, 0.0, 0.0, 0.0, 1.0],
                [1.0, -0.0, 1e-06, -0.0, 0.0, 0.999948, 0.010242, 0.37472, -1e-06, -0.010242, 0.999947, -0.0, 0.0, 0.0, 0.0, 1.0],
                [1.0, -0.0, 1e-06, 0.0, 0.0, 0.999957, 0.009386, 0.37472, -1e-06, -0.009386, 0.999955, 0.0, 0.0, 0.0, 0.0, 1.0],
                [1.0, -0.0, 1e-06, 0.0, 0.0, 0.999957, 0.009386, 0.37472, -1e-06, -0.009386, 0.999955, 0.0, 0.0, 0.0, 0.0, 1.0]
            ]
        },
        {
            "name": "Knee_R",
            "time": [0.0, 0.5],
            "transform": [
                [1.0, 0.0, -0.0, 0.0, -0.0, 1e-06, -1.0, 0.37472, -0.0, 1.0, 1e-06, 0.0, 0.0, 0.0, 0.0, 1.0],
                [1.0, 0.0, -0.0, 0.0, -0.0, 1e-06, -1.0, 0.37472, -0.0, 1.0, 1e-06, 0.0, 0.0, 0.0, 0.0, 1.0]
            ]
        },
        {
            "name": "Thigh_L",
            "time": [0.0, 0.0667, 0.15, 0.3333, 0.5],
            "transform": [
                [0.805693, -0.395069, -0.441337, -0.125006, -0.088522, -0.817024, 0.569767, -0.002831, -0.585681, -0.419988, -0.693244, -1.2e-05, 0.0, 0.0, 0.0, 1.0],
                [0.617215, -0.46507, -0.63463, -0.125006, -0.169619, -0.866286, 0.469868, -0.002831, -0.768293, -0.182363, -0.61357, -1.2e-05, 0.0, 0.0, 0.0, 1.0],
                [0.559195, -0.682606, -0.470478, -0.125006, -0.366846, -0.712654, 0.597952, -0.002831, -0.743454, -0.161779, -0.648925, -1.2e-05, 0.0, 0.0, 0.0, 1.0],
                [0.565635, -0.519516, -0.640436, -0.125005, -0.060199, -0.800551, 0.596232, -0.002831, -0.822455, -0.298696, -0.484095, -1.1e-05, 0.0, 0.0, 0.0, 1.0],
                [0.565635, -0.519516, -0.640436, -0.125005, -0.060199, -0.800551, 0.596232, -0.002831, -0.822455, -0.298696, -0.484095, -1.1e-05, 0.0, 0.0, 0.0, 1.0]
            ]
        },
        {
            "name": "Leg_L",
            "time": [0.0, 0.0667, 0.15, 0.3333, 0.5],
            "transform": [
                [1.0, -1e-06, 9e-06, -0.0, -8e-06, 0.363504, 0.931593, 0.37472, -4e-06, -0.931592, 0.363504, -0.0, 0.0, 0.0, 0.0, 1.0],
                [1.0, -1e-06, 1e-06, -0.0, 0.0, 0.659965, 0.751296, 0.37472, -1e-06, -0.751296, 0.659965, 0.0, 0.0, 0.0, 0.0, 1.0],
                [1.0, -1e-06, 3.5e-05, -0.0, -2.4e-05, 0.722784, 0.691074, 0.37472, -2.6e-05, -0.691073, 0.722785, 0.0, 0.0, 0.0, 0.0, 1.0],
                [1.0, -1e-06, 1.8e-05, 0.0, -1e-05, 0.814755, 0.579805, 0.37472, -1.5e-05, -0.579805, 0.814756, -0.0, 0.0, 0.0, 0.0, 1.0],
                [1.0, -1e-06, 1.8e-05, 0.0, -1e-05, 0.814755, 0.579805, 0.37472, -1.5e-05, -0.579805, 0.814756, -0.0, 0.0, 0.0, 0.0, 1.0]
            ]
        },
        {
            "name": "Knee_L",
            "time": [0.0, 0.0667, 0.15, 0.3333, 0.5],
            "transform": [
                [1.0, 0.0, -0.0, 0.0, -0.0, 1e-06, -1.0, 0.439709, -0.0, 1.0, 1e-06, 0.0, 0.0, 0.0, 0.0, 1.0],
                [1.0, 0.0, -0.0, -0.0, -0.0, 1e-06, -1.0, 0.407271, -0.0, 1.0, 1e-06, 0.0, 0.0, 0.0, 0.0, 1.0],
                [1.0, 0.0, -0.0, -0.0, -0.0, 1e-06, -1.0, 0.407271, -0.0, 1.0, 1e-06, 0.0, 0.0, 0.0, 0.0, 1.0],
                [1.0, 0.0, -0.0, 0.0, -0.0, 1e-06, -1.0, 0.398031, -0.0, 1.0, 1e-06, -0.0, 0.0, 0.0, 0.0, 1.0],
                [1.0, 0.0, -0.0, 0.0, -0.0, 1e-06, -1.0, 0.398031, -0.0, 1.0, 1e-06, -0.0, 0.0, 0.0, 0.0, 1.0]
            ]
        },
        {
            "name": "Torso",
            "time": [0.0, 0.0667, 0.15, 0.3333, 0.5],
            "transform": [
                [0.968593, -0.012694, 0.248327, 0.0, 0.012284, 0.999919, 0.003201, 0.05, -0.248348, -5e-05, 0.968671, -0.0, 0.0, 0.0, 0.0, 1.0],
                [0.999721, -0.00119, 0.023603, -0.0, 0.00119, 0.999999, 4.6e-05, 0.05, -0.023603, -1.8e-05, 0.999721, 0.0, 0.0, 0.0, 0.0, 1.0],
                [1.0, -0.0, -0.0, 0.0, 0.0, 1.0, -0.0, 0.05, 0.0, 0.0, 1.0, -0.0, 0.0, 0.0, 0.0, 1.0],
                [0.996102, -0.004443, 0.088103, 0.0, 0.004425, 0.99999, 0.0004, 0.05, -0.088104, -8e-06, 0.996111, 0.0, 0.0, 0.0, 0.0, 1.0],
                [0.996102, -0.004443, 0.088103, 0.0, 0.004425, 0.99999, 0.0004, 0.05, -0.088104, -8e-06, 0.996111, 0.0, 0.0, 0.0, 0.0, 1.0]
            ]
        },
        {
            "name": "Chest",
            "time": [0.0, 0.0667, 0.15, 0.3333, 0.5],
            "transform": [
                [0.994971, -0.044303, -0.089829, -0.0, 0.051228, 0.995767, 0.076309, 0.3, 0.086068, -0.080527, 0.99303, 0.0, 0.0, 0.0, 0.0, 1.0],
                [0.985684, -0.010324, -0.168285, -0.0, 0.016553, 0.999227, 0.035656, 0.3, 0.167786, -0.037931, 0.985093, 0.0, 0.0, 0.0, 0.0, 1.0],
                [0.984287, -0.006999, -0.176438, 0.0, 0.012771, 0.999419, 0.031601, 0.3, 0.176115, -0.033358, 0.983804, -0.0, 0.0, 0.0, 0.0, 1.0],
                [0.989121, -0.019706, -0.145778, -0.0, 0.026823, 0.998534, 0.047019, 0.3, 0.144638, -0.050418, 0.988199, 0.0, 0.0, 0.0, 0.0, 1.0],
                [0.989121, -0.019706, -0.145778, -0.0, 0.026823, 0.998534, 0.047019, 0.3, 0.144638, -0.050418, 0.988199, 0.0, 0.0, 0.0, 0.0, 1.0]
            ]
        },
        {
            "name": "Head",
            "time": [0.0, 0.0667, 0.15, 0.3333, 0.5],
            "transform": [
                [0.85999, 0.189903, 0.47366, 0.0, -0.112938, 0.975991, -0.186246, 0.4, -0.497656, 0.106675, 0.86079, -0.0, 0.0, 0.0, 0.0, 1.0],
                [-0.14247, -0.021131, 0.989574, -0.0, 0.007035, 0.999725, 0.022361, 0.4, -0.989774, 0.010147, -0.142282, 0.0, 0.0, 0.0, 0.0, 1.0],
                [-0.144749, 0.181335, 0.97271, 0.0, -0.026649, 0.981993, -0.187031, 0.4, -0.989109, -0.052995, -0.13731, 0.0, 0.0, 0.0, 0.0, 1.0],
                [0.392137, 0.091132, 0.915382, 0.0, -0.008805, 0.995407, -0.095327, 0.4, -0.919865, 0.029321, 0.391138, 0.0, 0.0, 0.0, 0.0, 1.0],
                [0.392137, 0.091132, 0.915382, 0.0, -0.008805, 0.995407, -0.095327, 0.4, -0.919865, 0.029321, 0.391138, 0.0, 0.0, 0.0, 0.0, 1.0]
            ]
        },
        {
            "name": "Shoulder_R",
            "time": [0.0, 0.0667, 0.15, 0.5],
            "transform": [
                [-0.03415, 0.957004, 0.288056, 0.0, 0.051519, -0.286155, 0.956797, 0.4, 0.998088, 0.047515, -0.039532, -0.0, 0.0, 0.0, 0.0, 1.0],
                [-0.333335, 0.901576, 0.275767, -0.0, 0.096452, -0.258351, 0.961224, 0.4, 0.937861, 0.347009, -0.000842, 0.0, 0.0, 0.0, 0.0, 1.0],
                [0.0, 0.952114, 0.305743, 0.0, 0.0, -0.305743, 0.952114, 0.4, 1.0, 0.0, -0.0, 0.0, 0.0, 0.0, 0.0, 1.0],
                [0.0, 0.952114, 0.305743, 0.0, 0.0, -0.305743, 0.952114, 0.4, 1.0, -0.0, -0.0, 0.0, 0.0, 0.0, 0.0, 1.0]
            ]
        },
        {
            "name": "Arm_R",
            "time": [0.0, 0.15, 0.5],
            "transform": [
                [0.497009, -0.312395, -0.809563, 0.0, 0.463926, 0.884081, -0.056336, 0.393861, 0.733318, -0.347578, 0.584324, -0.0, 0.0, 0.0, 0.0, 1.0],
                [-0.024281, 0.169842, -0.985172, 0.0, 0.577223, 0.806979, 0.124895, 0.39386, 0.816226, -0.565631, -0.117631, 0.0, 0.0, 0.0, 0.0, 1.0],
                [-0.024281, 0.169842, -0.985172, 0.0, 0.577223, 0.806979, 0.124895, 0.393861, 0.816226, -0.565631, -0.117631, -0.0, 0.0, 0.0, 0.0, 1.0]
            ]
        },
        {
            "name": "Hand_R",
            "time": [0.0, 0.0667, 0.15, 0.3333, 0.5],
            "transform": [
                [0.999994, 0.002512, 0.002394, -0.0, 0.001264, 0.378851, -0.925457, 0.3, -0.003231, 0.925455, 0.378846, 0.0, 0.0, 0.0, 0.0, 1.0],
                [1.0, 0.000259, 0.000195, 0.0, 0.000152, 0.158541, -0.987353, 0.3, -0.000286, 0.987353, 0.158541, -0.0, 0.0, 0.0, 0.0, 1.0],
                [1.0, 0.0, 0.0, -0.0, -0.0, 0.149836, -0.988711, 0.3, -0.0, 0.988711, 0.149836, 0.0, 0.0, 0.0, 0.0, 1.0],
                [0.999999, 0.000957, 0.000765, -0.0, 0.000543, 0.213682, -0.976903, 0.3, -0.001098, 0.976903, 0.213682, -0.0, 0.0, 0.0, 0.0, 1.0],
                [0.999999, 0.000957, 0.000765, 0.0, 0.000543, 0.213682, -0.976903, 0.3, -0.001098, 0.976903, 0.213682, 0.0, 0.0, 0.0, 0.0, 1.0]
            ]
        },
        {
            "name": "Tool_R",
            "time": [0.0, 0.0667, 0.5],
            "transform": [
                [1.0, 0.0, 0.0, -0.0, 0.0, -0.999836, 0.018122, 0.272858, 0.0, -0.018122, -0.999244, -0.0, 0.0, 0.0, 0.0, 1.0],
                [1.0, -0.0, 0.0, -0.0, -0.0, -0.999836, 0.018122, 0.272858, 0.0, -0.018122, -0.999244, -0.0, 0.0, 0.0, 0.0, 1.0],
                [1.0, -0.0, 0.0, 0.0, -0.0, -0.999836, 0.018122, 0.272858, 0.0, -0.018122, -0.999244, -0.0, 0.0, 0.0, 0.0, 1.0]
            ]
        },
        {
            "name": "Elbow_R",
            "time": [0.0, 0.0667, 0.15, 0.3333, 0.5],
            "transform": [
                [-1.0, 0.0, 0.0, -0.0, 0.0, -0.0, -1.0, 0.416909, -0.0, -1.0, 0.0, 0.0, 0.0, 0.0, 0.0, 1.0],
                [-1.0, 0.0, 0.0, 0.0, 0.0, -0.0, -1.0, 0.441562, -0.0, -1.0, 0.0, 0.0, 0.0, 0.0, 0.0, 1.0],
                [-1.0, 0.0, -0.0, -0.0, 0.0, -0.0, -1.0, 0.441562, -0.0, -1.0, 0.0, 0.0, 0.0, 0.0, 0.0, 1.0],
                [-1.0, 0.0, 0.0, -0.0, -0.0, -0.0, -1.0, 0.437846, -0.0, -1.0, 0.0, -0.0, 0.0, 0.0, 0.0, 1.0],
                [-1.0, 0.0, 0.0, -0.0, -0.0, -0.0, -1.0, 0.437846, -0.0, -1.0, 0.0, 0.0, 0.0, 0.0, 0.0, 1.0]
            ]
        },
        {
            "name": "Shoulder_L",
            "time": [0.0, 0.0667, 0.15, 0.3333, 0.5],
            "transform": [
                [-0.286613, -0.921358, -0.262587, 0.0, 0.071555, -0.293907, 0.953152, 0.4, -0.955371, 0.254396, 0.150165, -0.0, 0.0, 0.0, 0.0, 1.0],
                [-0.382665, -0.914922, -0.128394, -0.0, 0.118053, -0.186254, 0.975383, 0.4, -0.916314, 0.358088, 0.179282, 0.0, 0.0, 0.0, 0.0, 1.0],
                [-0.189748, -0.939004, -0.286823, 0.0, 0.036018, -0.298591, 0.953701, 0.4, -0.981172, 0.170632, 0.090478, 0.0, 0.0, 0.0, 0.0, 1.0],
                [0.105308, -0.94791, -0.300628, 0.0, -0.00829, -0.303135, 0.952912, 0.4, -0.994405, -0.097857, -0.039781, 0.0, 0.0, 0.0, 0.0, 1.0],
                [0.105308, -0.94791, -0.300628, 0.0, -0.00829, -0.303135, 0.952912, 0.4, -0.994405, -0.097857, -0.039781, 0.0, 0.0, 0.0, 0.0, 1.0]
            ]
        },
        {
            "name": "Arm_L",
            "time": [0.0, 0.0667, 0.15, 0.3333, 0.5],
            "transform": [
                [0.032434, -0.707318, 0.706151, -0.0, -0.845433, 0.357427, 0.39685, 0.39386, -0.533097, -0.609874, -0.586397, -0.0, 0.0, 0.0, 0.0, 1.0],
                [0.496242, 0.315148, 0.808966, 0.0, -0.08114, 0.944547, -0.318193, 0.39386, -0.864384, 0.092261, 0.494295, -0.0, 0.0, 0.0, 0.0, 1.0],
                [0.565552, -0.161219, 0.808801, 0.0, 0.588546, 0.765897, -0.258872, 0.39386, -0.577723, 0.622422, 0.52804, 0.0, 0.0, 0.0, 0.0, 1.0],
                [0.615135, -0.29598, 0.730757, 0.0, -0.143867, 0.86916, 0.473142, 0.39386, -0.775185, -0.396178, 0.492069, -0.0, 0.0, 0.0, 0.0, 1.0],
                [0.615135, -0.29598, 0.730757, 0.0, -0.143867, 0.86916, 0.473142, 0.39386, -0.775185, -0.396178, 0.492069, -0.0, 0.0, 0.0, 0.0, 1.0]
            ]
        },
        {
            "name": "Hand_L",
            "time": [0.0, 0.0667, 0.15, 0.3333, 0.5],
            "transform": [
                [1.019996, 0.004921, 0.038425, -0.0, 0.039365, -0.032246, -0.998736, 0.3, -0.003752, 0.999468, -0.032412, 0.0, 0.0, 0.0, 0.0, 1.0],
                [1.020733, -0.003708, 0.006648, -0.0, 0.006137, 0.920392, -0.390951, 0.3, -0.004766, 0.390979, 0.920388, 0.0, 0.0, 0.0, 0.0, 1.0],
                [1.020762, -0.000536, 0.000228, -0.0, 0.000578, 0.985857, -0.167591, 0.3, -0.000138, 0.167591, 0.985857, -0.0, 0.0, 0.0, 0.0, 1.0],
                [1.020543, 0.002143, 0.02064, -0.0, 0.01975, 0.263198, -0.964548, 0.3, -0.007655, 0.964739, 0.2631, -0.0, 0.0, 0.0, 0.0, 1.0],
                [1.020543, 0.002143, 0.02064, -0.0, 0.01975, 0.263198, -0.964548, 0.3, -0.007655, 0.964739, 0.2631, -0.0, 0.0, 0.0, 0.0, 1.0]
            ]
        },
        {
            "name": "Tool_L",
            "time": [0.0, 0.5],
            "transform": [
                [1.0, -0.0, 0.0, 0.0, 0.0, -0.999836, 0.018122, 0.272858, 0.0, -0.018122, -0.999247, -0.0, 0.0, 0.0, 0.0, 1.0],
                [1.0, 0.0, 0.0, -0.0, -0.0, -0.999836, 0.018122, 0.272858, 0.0, -0.018122, -0.999247, -0.0, 0.0, 0.0, 0.0, 1.0]
            ]
        },
        {
            "name": "Elbow_L",
            "time": [0.0, 0.0667, 0.15, 0.3333, 0.5],
            "transform": [
                [-1.0, 0.0, -0.0, -0.0, 0.0, -0.0, -1.0, 0.448932, -0.0, -1.0, -0.0, 0.0, 0.0, 0.0, 0.0, 1.0],
                [-1.0, 0.0, -0.0, -0.0, 0.0, -0.0, -1.0, 0.37947, -0.0, -1.0, -0.0, 0.0, 0.0, 0.0, 0.0, 1.0],
                [-1.0, 0.0, -0.0, -0.0, 0.0, -0.0, -1.0, 0.3, -0.0, -1.0, -0.0, -0.0, 0.0, 0.0, 0.0, 1.0],
                [-1.0, 0.0, -0.0, 0.000276, 0.0, -0.0, -1.0, 0.428193, -0.0, -1.0, 0.0, 0.001147, 0.0, 0.0, 0.0, 1.0],
                [-1.0, 0.0, -0.0, 0.000276, 0.0, -0.0, -1.0, 0.428193, -0.0, -1.0, 0.0, 0.001147, 0.0, 0.0, 0.0, 1.0]
            ]
        }
    ]
}