{
    "animation": [
        {
            "name": "Root",
            "time": [0.0, 0.0833, 0.3, 0.4167, 0.5833, 0.9167, 1.0833, 1.25],
            "transform": [
                [-0.099741, 0.050266, -0.993743, -5e-06, -0.990381, 0.091244, 0.104019, -0.000227, 0.095902, 0.994559, 0.040682, 0.583762, 0.0, 0.0, 0.0, 1.0],
                [0.981303, -0.019102, -0.191517, -5e-06, -0.187695, 0.125232, -0.974211, 0.648639, 0.042594, 0.991944, 0.119306, 0.541302, 0.0, 0.0, 0.0, 1.0],
                [0.073482, -0.057, 0.995666, -5e-06, 0.924988, 0.377119, -0.046677, 1.018759, -0.372824, 0.924409, 0.080436, 0.583762, 0.0, 0.0, 0.0, 1.0],
                [-0.166822, -0.102526, 0.980642, -5e-06, 0.860211, 0.470944, 0.195572, 1.18098, -0.481878, 0.876185, 0.00963, 0.535835, 0.0, 0.0, 0.0, 1.0],
                [-0.281888, -0.126342, 0.951092, -5e-06, 0.859245, 0.407818, 0.30884, 1.332964, -0.426892, 0.90428, -0.006401, 0.513266, 0.0, 0.0, 0.0, 1.0],
                [-0.281888, -0.126342, 0.951092, -5e-06, 0.859245, 0.407818, 0.30884, 1.332964, -0.426892, 0.90428, -0.006401, 0.513266, 0.0, 0.0, 0.0, 1.0],
                [0.95296, 0.104004, 0.284693, -5e-06, 0.237732, 0.326179, -0.914927, 1.337011, -0.188017, 0.939569, 0.286111, 0.60049, 0.0, 0.0, 0.0, 1.0],
                [0.274314, 0.012881, -0.961554, -5e-06, -0.956846, 0.103375, -0.271586, 1.341059, 0.095902, 0.994559, 0.040682, 0.687714, 0.0, 0.0, 0.0, 1.0]
            ]
        },
        {
            "name": "Thigh_R",
            "time": [0.0, 0.05, 0.1, 0.2167, 0.3, 0.4167, 0.5, 0.5833, 0.9167, 1.0, 1.0833, 1.1667, 1.25],
            "transform": [
                [0.697432, 0.190706, -0.690811, 0.124994, 0.537451, -0.776828, 0.328149, -0.002831, -0.474062, -0.600137, -0.644282, -1.2e-05, 0.0, 0.0, 0.0, 1.0],
                [0.558149, -0.288139, -0.778104, 0.124994, 0.229069, -0.84781, 0.47827, -0.002831, -0.797494, -0.445184, -0.407202, -1.2e-05, 0.0, 0.0, 0.0, 1.0],
                [0.993757, 0.104222, -0.039791, 0.124994, 0.056611, -0.163766, 0.984874, -0.002831, 0.096129, -0.980976, -0.168644, -1.2e-05, 0.0, 0.0, 0.0, 1.0],
                [0.657222, 0.719243, -0.225268, 0.124994, 0.432214, -0.114805, 0.894433, -0.002831, 0.617454, -0.685204, -0.386321, -1.2e-05, 0.0, 0.0, 0.0, 1.0],
                [0.416937, 0.902007, -0.111996, 0.124994, 0.403506, -0.073272, 0.912039, -0.00283, 0.81446, -0.425453, -0.394516, -1.2e-05, 0.0, 0.0, 0.0, 1.0],
                [0.259508, 0.946594, -0.191345, 0.124994, 0.410785, 0.07112, 0.908954, -0.002831, 0.87402, -0.314482, -0.370391, -1.2e-05, 0.0, 0.0, 0.0, 1.0],
                [0.252956, 0.940605, -0.226432, 0.124995, 0.231861, 0.168285, 0.958082, -0.002831, 0.939283, -0.294853, -0.175522, -1.2e-05, 0.0, 0.0, 0.0, 1.0],
                [0.223671, 0.952078, -0.208603, 0.124993, 0.245153, 0.15219, 0.957465, -0.002831, 0.943329, -0.265296, -0.199366, -1.2e-05, 0.0, 0.0, 0.0, 1.0],
                [0.223671, 0.952078, -0.208603, 0.124993, 0.245153, 0.15219, 0.957465, -0.002831, 0.943329, -0.265296, -0.199366, -1.2e-05, 0.0, 0.0, 0.0, 1.0],
                [0.370671, 0.836754, -0.403042, 0.124993, 0.395245, 0.250582, 0.883736, -0.002831, 0.840466, -0.486875, -0.23784, -1.2e-05, 0.0, 0.0, 0.0, 1.0],
                [0.799493, 0.526769, 0.288658, 0.124993, 0.198383, -0.685147, 0.700868, -0.002831, 0.566969, -0.503073, -0.652275, -1.2e-05, 0.0, 0.0, 0.0, 1.0],
                [0.978859, 0.18496, -0.087313, 0.124994, 0.20279, -0.822021, 0.532123, -0.002831, 0.026649, -0.538579, -0.842153, -1.2e-05, 0.0, 0.0, 0.0, 1.0],
                [0.863215, 0.022433, -0.504338, 0.124994, 0.239513, -0.897617, 0.370019, -0.002831, -0.444402, -0.440201, -0.780211, -1.2e-05, 0.0, 0.0, 0.0, 1.0]
            ]
        },
        {
            "name": "Leg_R",
            "time": [0.0, 0.05, 0.1, 0.2167, 0.3, 0.4167, 0.5, 0.5833, 0.9167, 1.0, 1.0833, 1.1667, 1.25],
            "transform": [
                [1.0, -0.0, 1e-06, -0.0, -0.0, 0.808342, 0.588714, 0.37472, -0.0, -0.588715, 0.808341, 0.0, 0.0, 0.0, 0.0, 1.0],
                [1.0, -1e-06, 1e-06, 0.0, -1e-06, 0.05759, 0.99834, 0.37472, -1e-06, -0.998341, 0.05759, 0.0, 0.0, 0.0, 0.0, 1.0],
                [1.0, -1e-06, -0.0, 0.0, -0.0, -0.261565, 0.965185, 0.37472, -1e-06, -0.965187, -0.261565, -0.0, 0.0, 0.0, 0.0, 1.0],
                [1.0, -1e-06, 1e-06, -0.0, -0.0, 0.385536, 0.922692, 0.37472, -1e-06, -0.922694, 0.385536, -0.0, 0.0, 0.0, 0.0, 1.0],
                [1.0, -0.0, 1e-06, 0.0, -0.0, 0.397881, 0.917436, 0.37472, -1e-06, -0.917438, 0.397881, 0.0, 0.0, 0.0, 0.0, 1.0],
                [1.0, -1e-06, -0.0, 0.0, -0.0, -0.112832, 0.993613, 0.37472, -1e-06, -0.993615, -0.112832, 0.0, 0.0, 0.0, 0.0, 1.0],
                [1.0, -0.0, 0.0, -0.0, -0.0, -0.241833, 0.970317, 0.37472, -0.0, -0.970319, -0.241833, 0.0, 0.0, 0.0, 0.0, 1.0],
                [1.0, -0.0, 1e-06, -0.0, -1e-06, 0.20939, 0.977831, 0.37472, -1e-06, -0.977833, 0.20939, -0.0, 0.0, 0.0, 0.0, 1.0],
                [1.0, -0.0, 1e-06, -0.0, -1e-06, 0.20939, 0.977831, 0.37472, -1e-06, -0.977833, 0.20939, -0.0, 0.0, 0.0, 0.0, 1.0],
                [1.0, -1e-06, -0.0, 0.0, 0.0, -0.337191, 0.941435, 0.37472, -1e-06, -0.941437, -0.337191, -0.0, 0.0, 0.0, 0.0, 1.0],
                [1.0, -0.0, -0.0, -0.0, 0.0, 0.229088, 0.973405, 0.37472, -0.0, -0.973407, 0.229087, 0.0, 0.0, 0.0, 0.0, 1.0],
                [1.0, -1e-06, 1e-06, -0.0, -0.0, 0.666852, 0.74519, 0.37472, -1e-06, -0.745191, 0.666851, -0.0, 0.0, 0.0, 0.0, 1.0],
                [1.0, -1e-06, 1e-06, -0.0, 0.0, 0.830191, 0.55748, 0.37472, -1e-06, -0.55748, 0.83019, 0.0, 0.0, 0.0, 0.0, 1.0]
            ]
        },
        {
            "name": "Knee_R",
            "time": [0.0, 0.05, 0.1, 0.2167, 0.3, 0.4167, 0.5, 0.5833, 0.9167, 1.0, 1.0833, 1.1667, 1.25],
            "transform": [
                [1.0, 0.0, -0.0, -0.0, -0.0, 1e-06, -1.0, 0.395196, -0.0, 1.0, 1e-06, -0.0, 0.0, 0.0, 0.0, 1.0],
                [1.0, 0.0, -0.0, 0.0, -0.0, 1e-06, -1.0, 0.474546, -0.0, 1.0, 1e-06, -0.0, 0.0, 0.0, 0.0, 1.0],
                [1.0, 0.0, -0.0, 0.0, -0.0, 1e-06, -1.0, 0.47972, -0.0, 1.0, 1e-06, -0.0, 0.0, 0.0, 0.0, 1.0],
                [1.0, 0.0, -0.0, -0.0, -0.0, 1e-06, -1.0, 0.444182, -0.0, 1.0, 1e-06, -0.0, 0.0, 0.0, 0.0, 1.0],
                [1.0, 0.0, -0.0, 0.0, -0.0, 1e-06, -1.0, 0.442977, -0.0, 1.0, 1e-06, 0.0, 0.0, 0.0, 0.0, 1.0],
                [1.0, 0.0, -0.0, -0.0, -0.0, 1e-06, -1.0, 0.47972, -0.0, 1.0, 1e-06, 0.0, 0.0, 0.0, 0.0, 1.0],
                [1.0, 0.0, -0.0, -0.0, -0.0, 1e-06, -1.0, 0.47972, -0.0, 1.0, 1e-06, -0.0, 0.0, 0.0, 0.0, 1.0],
                [1.0, 0.0, -0.0, 0.0, -0.0, 1e-06, -1.0, 0.460778, -0.0, 1.0, 1e-06, -0.0, 0.0, 0.0, 0.0, 1.0],
                [1.0, 0.0, -0.0, 0.0, -0.0, 1e-06, -1.0, 0.460778, -0.0, 1.0, 1e-06, -0.0, 0.0, 0.0, 0.0, 1.0],
                [1.0, 0.0, -0.0, 0.0, -0.0, 1e-06, -1.0, 0.47972, -0.0, 1.0, 1e-06, -0.0, 0.0, 0.0, 0.0, 1.0],
                [1.0, 0.0, -0.0, -0.0, -0.0, 1e-06, -1.0, 0.458966, -0.0, 1.0, 1e-06, -0.0, 0.0, 0.0, 0.0, 1.0],
                [1.0, 0.0, -0.0, 0.0, -0.0, 1e-06, -1.0, 0.414174, -0.0, 1.0, 1e-06, -0.0, 0.0, 0.0, 0.0, 1.0],
                [1.0, 0.0, -0.0, -0.0, -0.0, 1e-06, -1.0, 0.391773, -0.0, 1.0, 1e-06, 0.0, 0.0, 0.0, 0.0, 1.0]
            ]
        },
        {
            "name": "Thigh_L",
            "time": [0.0, 0.1, 0.2167, 0.3, 0.4167, 0.5, 0.5833, 0.9167, 1.0, 1.0833, 1.1667, 1.25],
            "transform": [
                [0.23613, -0.88835, -0.393799, -0.128469, -0.268095, -0.449088, 0.852317, -0.003244, -0.934006, -0.095682, -0.344206, 0.021165, 0.0, 0.0, 0.0, 1.0],
                [0.963136, -0.094638, -0.251817, -0.128469, -0.064233, -0.989904, 0.126347, -0.003244, -0.261231, -0.105514, -0.959492, 0.021165, 0.0, 0.0, 0.0, 1.0],
                [0.970355, -0.203831, 0.129859, -0.128469, -0.197206, -0.978392, -0.062115, -0.003244, 0.139714, 0.034665, -0.989585, 0.021165, 0.0, 0.0, 0.0, 1.0],
                [0.987283, 0.060022, 0.147201, -0.12847, -0.060879, -0.712628, 0.698895, -0.003243, 0.146848, -0.698969, -0.699913, 0.021165, 0.0, 0.0, 0.0, 1.0],
                [0.989716, 0.001543, 0.143036, -0.128469, -0.062592, -0.894459, 0.442746, -0.003244, 0.128624, -0.447146, -0.885164, 0.021165, 0.0, 0.0, 0.0, 1.0],
                [0.966022, -0.155843, 0.206186, -0.128469, -0.212783, -0.932385, 0.292202, -0.003243, 0.146707, -0.326146, -0.933866, 0.021166, 0.0, 0.0, 0.0, 1.0],
                [0.944422, -0.247817, 0.215993, -0.128469, -0.286583, -0.942553, 0.171649, -0.003243, 0.161048, -0.224009, -0.961188, 0.021166, 0.0, 0.0, 0.0, 1.0],
                [0.944422, -0.247817, 0.215993, -0.128469, -0.286583, -0.942553, 0.171649, -0.003243, 0.161048, -0.224009, -0.961188, 0.021166, 0.0, 0.0, 0.0, 1.0],
                [0.984911, -0.17149, -0.023238, -0.128469, -0.152936, -0.925357, 0.346879, -0.003243, -0.08099, -0.338091, -0.937622, 0.021166, 0.0, 0.0, 0.0, 1.0],
                [0.822959, 0.204534, -0.530002, -0.128469, 0.044383, -0.953236, -0.29895, -0.003244, -0.566363, 0.222501, -0.793552, 0.021166, 0.0, 0.0, 0.0, 1.0],
                [0.409335, -0.322862, -0.853349, -0.128469, 0.091673, -0.916009, 0.390543, -0.003244, -0.907766, -0.238092, -0.345357, 0.021166, 0.0, 0.0, 0.0, 1.0],
                [0.276266, -0.695328, -0.663473, -0.128469, 0.00061, -0.690214, 0.723605, -0.003244, -0.96108, -0.200312, -0.190259, 0.021165, 0.0, 0.0, 0.0, 1.0]
            ]
        },
        {
            "name": "Leg_L",
            "time": [0.0, 0.1, 0.2167, 0.3, 0.4167, 0.5, 0.5833, 0.9167, 1.0, 1.0833, 1.1667, 1.25],
            "transform": [
                [1.0, -1e-06, 1e-06, -0.0, 0.0, 0.449062, 0.893501, 0.37472, -1e-06, -0.8935, 0.449063, -0.0, 0.0, 0.0, 0.0, 1.0],
                [1.0, -1e-06, 1e-06, 0.0, -1e-06, 0.42627, 0.904596, 0.37472, -1e-06, -0.904595, 0.426271, 0.0, 0.0, 0.0, 0.0, 1.0],
                [1.0, -0.0, 1e-06, -0.0, -0.0, 0.755496, 0.655154, 0.37472, -1e-06, -0.655153, 0.755496, 0.0, 0.0, 0.0, 0.0, 1.0],
                [1.0, -1e-06, 1e-06, -0.0, -0.0, 0.351377, 0.936234, 0.37472, -1e-06, -0.936234, 0.351377, 0.0, 0.0, 0.0, 0.0, 1.0],
                [1.0, -1e-06, 1e-06, 0.0, -0.0, 0.762888, 0.64653, 0.37472, -1e-06, -0.64653, 0.762889, 0.0, 0.0, 0.0, 0.0, 1.0],
                [1.0, -0.0, 1e-06, 0.0, 0.0, 0.960699, 0.277591, 0.37472, -1e-06, -0.277591, 0.9607, 0.0, 0.0, 0.0, 0.0, 1.0],
                [1.0, -0.0, 1e-06, -0.0, 0.0, 0.999987, 0.005075, 0.37472, -1e-06, -0.005075, 0.999988, -0.0, 0.0, 0.0, 0.0, 1.0],
                [1.0, -0.0, 1e-06, -0.0, 0.0, 0.999987, 0.005075, 0.37472, -1e-06, -0.005075, 0.999988, -0.0, 0.0, 0.0, 0.0, 1.0],
                [1.0, -0.0, 1e-06, -0.0, -0.0, 0.814738, 0.579829, 0.37472, -1e-06, -0.579828, 0.814739, -0.0, 0.0, 0.0, 0.0, 1.0],
                [1.0, -0.0, 1e-06, -0.0, 0.0, 0.990982, 0.13399, 0.37472, -1e-06, -0.13399, 0.990983, 0.0, 0.0, 0.0, 0.0, 1.0],
                [1.0, -1e-06, 1e-06, 0.0, -1e-06, 0.08086, 0.996726, 0.37472, -1e-06, -0.996725, 0.08086, 0.0, 0.0, 0.0, 0.0, 1.0],
                [1.0, -1e-06, 1e-06, 0.0, 0.0, 0.72169, 0.692217, 0.37472, -1e-06, -0.692216, 0.72169, 0.0, 0.0, 0.0, 0.0, 1.0]
            ]
        },
        {
            "name": "Knee_L",
            "time": [0.0, 0.1, 0.2167, 0.3, 0.4167, 0.5, 0.5833, 0.9167, 1.0, 1.0833, 1.1667, 1.25],
            "transform": [
                [1.0, 0.0, -0.0, -0.0, -0.0, 1e-06, -1.0, 0.437903, -0.0, 1.0, 1e-06, -0.0, 0.0, 0.0, 0.0, 1.0],
                [1.0, 0.0, -0.0, 0.0, -0.0, 1e-06, -1.0, 0.440179, -0.0, 1.0, 1e-06, -0.0, 0.0, 0.0, 0.0, 1.0],
                [1.0, 0.0, -0.0, 0.0, -0.0, 1e-06, -1.0, 0.402821, -0.0, 1.0, 1e-06, 0.0, 0.0, 0.0, 0.0, 1.0],
                [1.0, 0.0, -0.0, -0.0, -0.0, 1e-06, -1.0, 0.447481, -0.0, 1.0, 1e-06, 0.0, 0.0, 0.0, 0.0, 1.0],
                [1.0, 0.0, -0.0, 0.0, -0.0, 1e-06, -1.0, 0.401801, -0.0, 1.0, 1e-06, 0.0, 0.0, 0.0, 0.0, 1.0],
                [1.0, 0.0, -0.0, -0.0, -0.0, 1e-06, -1.0, 0.37472, -0.0, 1.0, 1e-06, 0.0, 0.0, 0.0, 0.0, 1.0],
                [1.0, 0.0, -0.0, -0.0, -0.0, 1e-06, -1.0, 0.37472, -0.0, 1.0, 1e-06, -0.0, 0.0, 0.0, 0.0, 1.0],
                [1.0, 0.0, -0.0, -0.0, -0.0, 1e-06, -1.0, 0.37472, -0.0, 1.0, 1e-06, -0.0, 0.0, 0.0, 0.0, 1.0],
                [1.0, 0.0, -0.0, -0.0, -0.0, 1e-06, -1.0, 0.394213, -0.0, 1.0, 1e-06, -0.0, 0.0, 0.0, 0.0, 1.0],
                [1.0, 0.0, -0.0, -0.0, -0.0, 1e-06, -1.0, 0.37472, -0.0, 1.0, 1e-06, 0.0, 0.0, 0.0, 0.0, 1.0],
                [1.0, 0.0, -0.0, 0.0, -0.0, 1e-06, -1.0, 0.472452, -0.0, 1.0, 1e-06, 0.0, 0.0, 0.0, 0.0, 1.0],
                [1.0, 0.0, -0.0, 0.0, -0.0, 1e-06, -1.0, 0.407326, -0.0, 1.0, 1e-06, 0.0, 0.0, 0.0, 0.0, 1.0]
            ]
        },
        {
            "name": "Torso",
            "time": [0.0, 0.3, 1.25],
            "transform": [
                [0.999904, -0.009511, -0.010076, 0.0, 0.008393, 0.994367, -0.105663, 0.05, 0.011024, 0.105569, 0.994351, -0.0, 0.0, 0.0, 0.0, 1.0],
                [1.0, -0.0, 0.0, -0.0, -0.0, 1.0, 0.0, 0.05, -0.0, 0.0, 1.0, -0.0, 0.0, 0.0, 0.0, 1.0],
                [1.0, 0.0, -0.0, 0.0, 0.0, 1.0, 0.0, 0.05, 0.0, -0.0, 1.0, -0.0, 0.0, 0.0, 0.0, 1.0]
            ]
        },
        {
            "name": "Chest",
            "time": [0.0, 0.0833, 0.3, 1.25],
            "transform": [
                [0.94284, 0.140011, -0.302408, 0.0, -0.212544, 0.951577, -0.222095, 0.3, 0.256668, 0.273675, 0.926943, 0.0, 0.0, 0.0, 0.0, 1.0],
                [0.974047, -0.103402, -0.201346, -0.0, 0.093165, 0.993859, -0.059699, 0.3, 0.206282, 0.039392, 0.9777, 0.0, 0.0, 0.0, 0.0, 1.0],
                [1.0, -0.0, 0.0, 0.0, -0.0, 1.0, 0.0, 0.3, -0.0, -0.0, 1.0, 0.0, 0.0, 0.0, 0.0, 1.0],
                [1.0, 0.0, -0.0, 0.0, 0.0, 1.0, 0.0, 0.3, 0.0, -0.0, 1.0, -0.0, 0.0, 0.0, 0.0, 1.0]
            ]
        },
        {
            "name": "Head",
            "time": [0.0, 0.0833, 0.2333, 0.3, 0.4167, 0.5833, 0.9167, 1.25],
            "transform": [
                [0.060013, -0.052391, 0.996822, -0.0, -0.099858, 0.993297, 0.058218, 0.4, -0.99319, -0.103035, 0.054379, -0.0, 0.0, 0.0, 0.0, 1.0],
                [0.920489, 0.027984, 0.389766, 0.0, -0.010688, 0.998862, -0.046472, 0.4, -0.390623, 0.038611, 0.919741, 0.0, 0.0, 0.0, 0.0, 1.0],
                [0.457294, -0.213987, -0.863187, -0.0, 0.014679, 0.972304, -0.23326, 0.4, 0.889195, 0.093997, 0.44777, 0.0, 0.0, 0.0, 0.0, 1.0],
                [0.17327, -0.348949, -0.920985, -0.0, -0.004703, 0.934825, -0.355078, 0.4, 0.984863, 0.065855, 0.160336, -0.0, 0.0, 0.0, 0.0, 1.0],
                [-0.023032, -0.456502, -0.889424, -0.0, -0.033493, 0.889513, -0.45568, 0.4, 0.999174, 0.019295, -0.035777, 0.0, 0.0, 0.0, 0.0, 1.0],
                [-0.148356, -0.422706, -0.894041, 0.0, -0.061602, 0.90624, -0.418252, 0.4, 0.987014, -0.006975, -0.160486, -0.0, 0.0, 0.0, 0.0, 1.0],
                [-0.148356, -0.422706, -0.894041, 0.0, -0.061602, 0.90624, -0.418252, 0.4, 0.987014, -0.006975, -0.160486, -0.0, 0.0, 0.0, 0.0, 1.0],
                [0.272939, 0.096728, 0.957156, 0.0, 0.014178, 0.99442, -0.104537, 0.4, -0.961927, 0.042102, 0.270045, -0.0, 0.0, 0.0, 0.0, 1.0]
            ]
        },
        {
            "name": "Shoulder_R",
            "time": [0.0, 0.05, 0.1333, 0.2, 0.2667, 0.4167, 0.5833, 0.9167, 1.0, 1.25],
            "transform": [
                [0.0, 0.952114, 0.305743, -0.0, -0.0, -0.305743, 0.952114, 0.4, 1.0, -0.0, -0.0, -0.0, 0.0, 0.0, 0.0, 1.0],
                [0.067842, 0.925672, 0.372194, -0.0, -0.766711, -0.190335, 0.613128, 0.4, 0.638397, -0.326961, 0.696811, 0.0, 0.0, 0.0, 0.0, 1.0],
                [-0.270381, 0.959274, 0.081771, -0.0, -0.532093, -0.219678, 0.817691, 0.4, 0.802353, 0.177578, 0.56982, 0.0, 0.0, 0.0, 0.0, 1.0],
                [0.173269, 0.758922, 0.627706, -0.0, -0.327908, -0.55653, 0.763381, 0.4, 0.928684, -0.3381, 0.152427, 0.0, 0.0, 0.0, 0.0, 1.0],
                [0.03698, 0.937944, 0.344808, 0.0, -0.224391, -0.328439, 0.917484, 0.4, 0.973797, -0.1113, 0.19832, -0.0, 0.0, 0.0, 0.0, 1.0],
                [0.25598, 0.82575, 0.502604, -0.0, -0.19064, -0.466594, 0.863682, 0.4, 0.947697, -0.316902, 0.037982, 0.0, 0.0, 0.0, 0.0, 1.0],
                [0.172441, 0.847722, 0.501629, 0.0, -0.210478, -0.465785, 0.859502, 0.4, 0.96227, -0.253795, 0.098106, -0.0, 0.0, 0.0, 0.0, 1.0],
                [0.172441, 0.847722, 0.501629, 0.0, -0.210478, -0.465785, 0.859502, 0.4, 0.96227, -0.253795, 0.098106, -0.0, 0.0, 0.0, 0.0, 1.0],
                [0.186518, 0.981517, 0.042832, -0.0, -0.11465, -0.021554, 0.993172, 0.4, 0.975739, -0.190155, 0.10851, 0.0, 0.0, 0.0, 0.0, 1.0],
                [0.0, 0.952114, 0.305743, 0.0, 0.0, -0.305743, 0.952114, 0.4, 1.0, 0.0, -0.0, -0.0, 0.0, 0.0, 0.0, 1.0]
            ]
        },
        {
            "name": "Arm_R",
            "time": [0.0, 0.05, 0.2, 0.2667, 0.9167, 1.25],
            "transform": [
                [-0.133161, -0.84572, -0.516745, 0.061544, 0.953853, 0.032225, -0.298541, 0.372116, 0.269134, -0.532652, 0.802402, -0.073815, 0.0, 0.0, 0.0, 1.0],
                [-0.133162, -0.84572, -0.516745, 0.061544, 0.953853, 0.032225, -0.298541, 0.372116, 0.269134, -0.532652, 0.802402, -0.073815, 0.0, 0.0, 0.0, 1.0],
                [0.243975, -0.964439, 0.101655, 0.01947, 0.936688, 0.261501, 0.23288, 0.324217, -0.251181, 0.038402, 0.967178, 0.033853, 0.0, 0.0, 0.0, 1.0],
                [0.465196, -0.615062, -0.636625, 0.0, 0.615241, -0.292429, 0.732095, 0.393861, -0.636451, -0.732246, 0.242375, 0.0, 0.0, 0.0, 0.0, 1.0],
                [0.465196, -0.615062, -0.636625, -0.0, 0.615241, -0.292429, 0.732095, 0.39386, -0.636451, -0.732246, 0.242375, -0.0, 0.0, 0.0, 0.0, 1.0],
                [-0.133161, -0.84572, -0.516745, 0.061544, 0.953853, 0.032225, -0.298541, 0.372116, 0.269134, -0.532652, 0.802402, -0.073815, 0.0, 0.0, 0.0, 1.0]
            ]
        },
        {
            "name": "Hand_R",
            "time": [0.0, 0.05, 0.2, 0.2667, 0.9167, 1.25],
            "transform": [
                [1.0, 0.0, -0.0, 0.0, -0.0, 0.13774, -0.990469, 0.3, -0.0, 0.990468, 0.13774, -0.0, 0.0, 0.0, 0.0, 1.0],
                [1.0, 0.0, -0.0, 0.0, -0.0, 0.137741, -0.990469, 0.3, -0.0, 0.990468, 0.137741, -0.0, 0.0, 0.0, 0.0, 1.0],
                [1.0, 0.0, 0.0, 0.0, -0.0, 0.154137, -0.98805, 0.3, -0.0, 0.98805, 0.154137, -0.0, 0.0, 0.0, 0.0, 1.0],
                [1.0, 0.0, 0.0, 0.0, 0.0, 0.989691, 0.143222, 0.3, -0.0, -0.143222, 0.989691, 0.0, 0.0, 0.0, 0.0, 1.0],
                [1.0, 0.0, 0.0, 0.0, -0.0, 0.989691, 0.143222, 0.3, -0.0, -0.143222, 0.989691, 0.0, 0.0, 0.0, 0.0, 1.0],
                [1.0, 0.0, -0.0, 0.0, 0.0, 0.137741, -0.990468, 0.3, -0.0, 0.990468, 0.137741, -0.0, 0.0, 0.0, 0.0, 1.0]
            ]
        },
        {
            "name": "Tool_R",
            "time": [0.0, 0.05, 0.1333, 0.2, 0.2667, 0.9167, 1.25],
            "transform": [
                [0.999988, 0.004863, 0.000219, 0.010061, 0.004734, -0.981855, 0.189574, 0.220343, 0.001136, -0.189469, -0.981283, -0.020904, 0.0, 0.0, 0.0, 1.0],
                [0.672761, -0.737402, -0.060263, 0.010061, -0.676478, -0.646068, 0.353515, 0.220343, -0.299447, -0.196954, -0.932929, -0.020904, 0.0, 0.0, 0.0, 1.0],
                [0.934518, -0.354641, 0.030109, 0.010061, -0.350984, -0.932298, -0.087359, 0.220344, 0.059013, 0.071019, -0.995133, -0.020904, 0.0, 0.0, 0.0, 1.0],
                [0.935458, -0.33368, 0.116519, 0.010061, -0.229254, -0.823766, -0.51851, 0.220343, 0.268839, 0.458051, -0.8466, -0.020904, 0.0, 0.0, 0.0, 1.0],
                [0.999187, 0.03182, -0.024779, 0.010061, 0.019184, -0.915441, -0.401995, 0.220343, -0.035454, 0.400945, -0.914769, -0.020904, 0.0, 0.0, 0.0, 1.0],
                [0.999187, 0.03182, -0.024779, 0.01006, 0.019184, -0.915441, -0.401995, 0.220343, -0.035454, 0.400945, -0.914769, -0.020904, 0.0, 0.0, 0.0, 1.0],
                [0.999988, 0.004863, 0.000219, 0.010061, 0.004734, -0.981855, 0.189574, 0.220344, 0.001136, -0.189469, -0.981283, -0.020904, 0.0, 0.0, 0.0, 1.0]
            ]
        },
        {
            "name": "Elbow_R",
            "time": [0.0, 0.05, 0.2, 0.2667, 0.9167, 1.25],
            "transform": [
                [-1.0, 0.0, -0.0, -0.0, 0.0, -0.0, -1.0, 0.444575, -0.0, -1.0, 0.0, -0.0, 0.0, 0.0, 0.0, 1.0],
                [-1.0, 0.0, -0.0, 0.0, -0.0, -0.0, -1.0, 0.444575, -0.0, -1.0, 0.0, 0.0, 0.0, 0.0, 0.0, 1.0],
                [-1.0, 0.0, -0.0, 0.0, 0.0, -0.0, -1.0, 0.443022, -0.0, -1.0, 0.0, -0.0, 0.0, 0.0, 0.0, 1.0],
                [-1.0, 0.0, -0.0, 0.0, 0.0, -0.0, -1.0, 0.3, -0.0, -1.0, 0.0, 0.0, 0.0, 0.0, 0.0, 1.0],
                [-1.0, 0.0, -0.0, -0.0, 0.0, -0.0, -1.0, 0.3, -0.0, -1.0, 0.0, 0.0, 0.0, 0.0, 0.0, 1.0],
                [-1.0, 0.0, 0.0, 0.0, 0.0, -0.0, -1.0, 0.444575, -0.0, -1.0, 0.0, -0.0, 0.0, 0.0, 0.0, 1.0]
            ]
        },
        {
            "name": "Shoulder_L",
            "time": [0.0, 0.05, 0.1333, 0.2, 0.2667, 0.4167, 0.5833, 0.9167, 1.0, 1.25],
            "transform": [
                [0.032318, -0.999354, -0.015715, -0.0, 0.228444, -0.007921, 0.973525, 0.4, -0.97302, -0.035053, 0.22804, -0.0, 0.0, 0.0, 0.0, 1.0],
                [-0.067842, -0.969304, -0.236322, -0.0, 0.766711, -0.202216, 0.609313, 0.4, -0.638397, -0.139854, 0.756895, 0.0, 0.0, 0.0, 0.0, 1.0],
                [0.521098, -0.618119, -0.588546, -0.0, 0.497362, -0.34047, 0.797942, 0.4, -0.693605, -0.708526, 0.13001, 0.0, 0.0, 0.0, 0.0, 1.0],
                [0.235368, -0.93895, -0.250946, -0.0, 0.119859, -0.228187, 0.966211, 0.4, -0.964487, -0.257493, 0.058834, 0.0, 0.0, 0.0, 0.0, 1.0],
                [-0.03698, -0.963337, -0.265733, 0.0, 0.224391, -0.267129, 0.937172, 0.4, -0.973797, -0.024971, 0.226042, -0.0, 0.0, 0.0, 0.0, 1.0],
                [-0.25598, -0.963988, -0.072118, -0.0, 0.19064, -0.12348, 0.973863, 0.4, -0.947697, 0.235541, 0.215383, 0.0, 0.0, 0.0, 0.0, 1.0],
                [-0.172441, -0.981284, -0.085702, 0.0, 0.210478, -0.121704, 0.969993, 0.4, -0.96227, 0.149228, 0.227525, -0.0, 0.0, 0.0, 0.0, 1.0],
                [-0.172441, -0.981284, -0.085702, 0.0, 0.210478, -0.121704, 0.969993, 0.4, -0.96227, 0.149228, 0.227525, -0.0, 0.0, 0.0, 0.0, 1.0],
                [-0.186518, -0.822952, -0.53662, -0.0, 0.11465, -0.560705, 0.82004, 0.4, -0.975739, 0.091429, 0.198933, 0.0, 0.0, 0.0, 0.0, 1.0],
                [0.0, -0.952114, -0.305743, 0.0, 0.0, -0.305743, 0.952114, 0.4, -1.0, -0.0, 0.0, -0.0, 0.0, 0.0, 0.0, 1.0]
            ]
        },
        {
            "name": "Arm_L",
            "time": [0.0, 0.05, 0.2, 0.2667, 0.9167, 1.25],
            "transform": [
                [-0.524169, 0.666489, -0.530131, 0.147983, 0.180549, -0.52138, -0.834005, 0.25858, -0.832255, -0.532875, 0.152958, -0.047757, 0.0, 0.0, 0.0, 1.0],
                [-0.524169, 0.666489, -0.530131, 0.147983, 0.180549, -0.52138, -0.834005, 0.25858, -0.832255, -0.532875, 0.152958, -0.047757, 0.0, 0.0, 0.0, 1.0],
                [0.172309, 0.642658, -0.746525, 0.305576, 0.118567, -0.765882, -0.631955, 0.139751, -0.977881, 0.020378, -0.208167, -0.089566, 0.0, 0.0, 0.0, 1.0],
                [-0.923443, 0.382542, 0.030257, 0.0, 0.089774, 0.292024, -0.952188, 0.39386, -0.373088, -0.876575, -0.30401, -0.0, 0.0, 0.0, 0.0, 1.0],
                [-0.923442, 0.382542, 0.030257, -0.0, 0.089774, 0.292024, -0.952188, 0.39386, -0.373088, -0.876575, -0.30401, -0.0, 0.0, 0.0, 0.0, 1.0],
                [-0.524169, 0.666489, -0.530131, 0.147983, 0.180549, -0.52138, -0.834005, 0.25858, -0.832255, -0.532875, 0.152958, -0.047757, 0.0, 0.0, 0.0, 1.0]
            ]
        },
        {
            "name": "Hand_L",
            "time": [0.0, 0.05, 0.2, 0.2667, 0.9167, 1.25],
            "transform": [
                [1.0, 0.0, 0.0, 0.0, -0.0, 0.858144, -0.51341, 0.3, -0.0, 0.51341, 0.858144, -0.0, 0.0, 0.0, 0.0, 1.0],
                [1.0, 0.0, 0.0, -0.0, -0.0, 0.858144, -0.51341, 0.3, -0.0, 0.51341, 0.858144, 0.0, 0.0, 0.0, 0.0, 1.0],
                [1.0, 0.0, 0.0, 0.0, -0.0, 0.998001, -0.0632, 0.3, -0.0, 0.0632, 0.998001, -0.0, 0.0, 0.0, 0.0, 1.0],
                [1.0, 0.0, 0.0, 0.0, 0.0, 0.358821, -0.933407, 0.3, -0.0, 0.933407, 0.358821, 0.0, 0.0, 0.0, 0.0, 1.0],
                [1.0, 0.0, -0.0, 0.0, -0.0, 0.358821, -0.933407, 0.3, -0.0, 0.933407, 0.358821, 0.0, 0.0, 0.0, 0.0, 1.0],
                [1.0, 0.0, 0.0, 0.0, -0.0, 0.858144, -0.51341, 0.3, -0.0, 0.51341, 0.858144, -0.0, 0.0, 0.0, 0.0, 1.0]
            ]
        },
        {
            "name": "Tool_L",
            "time": [0.0, 1.25],
            "transform": [
                [0.997004, 0.01104, -0.076554, -0.0, -0.036659, -0.804079, -0.593392, 0.272858, -0.068067, 0.594062, -0.8008, -0.0, 0.0, 0.0, 0.0, 1.0],
                [0.997004, 0.01104, -0.076554, -0.0, -0.036659, -0.804079, -0.593392, 0.272858, -0.068067, 0.594062, -0.8008, -0.0, 0.0, 0.0, 0.0, 1.0]
            ]
        },
        {
            "name": "Elbow_L",
            "time": [0.0, 0.05, 0.2, 0.2667, 0.9167, 1.25],
            "transform": [
                [-1.0, 0.0, -0.0, 0.0, 0.0, 0.0, -1.0, 0.360849, -0.0, -1.0, -0.0, -0.0, 0.0, 0.0, 0.0, 1.0],
                [-1.0, 0.0, 0.0, -0.0, 0.0, -0.0, -1.0, 0.360849, -0.0, -1.0, -0.0, 0.0, 0.0, 0.0, 0.0, 1.0],
                [-1.0, 0.0, -0.0, 0.0, 0.0, -0.0, -1.0, 0.316251, -0.0, -1.0, -0.0, 0.0, 0.0, 0.0, 0.0, 1.0],
                [-1.0, 0.0, -0.0, 0.0, 0.0, -0.0, -1.0, 0.423132, -0.0, -1.0, -0.0, 0.0, 0.0, 0.0, 0.0, 1.0],
                [-1.0, 0.0, -0.0, 0.0, 0.0, -0.0, -1.0, 0.423132, -0.0, -1.0, 0.0, 0.0, 0.0, 0.0, 0.0, 1.0],
                [-1.0, 0.0, -0.0, 0.0, -0.0, -0.0, -1.0, 0.360849, -0.0, -1.0, 0.0, 0.0, 0.0, 0.0, 0.0, 1.0]
            ]
        }
    ]
}