{
    "animation": [
        {
            "name": "Root",
            "time": [0.0, 0.2333, 0.3167, 0.4, 0.7, 1.0],
            "transform": [
                [-0.123063, 0.096821, -0.987665, -5e-06, -0.980596, 0.141173, 0.136022, -0.00425, 0.152601, 0.985239, 0.077569, 0.616254, 0.0, 0.0, 0.0, 1.0],
                [-0.219629, 0.099928, -0.970452, -5e-06, -0.957722, 0.167392, 0.233984, -0.00425, 0.185827, 0.980813, 0.058939, 0.616254, 0.0, 0.0, 0.0, 1.0],
                [0.360656, -0.025054, -0.932362, -5e-06, -0.911409, 0.202895, -0.358003, 0.041555, 0.198141, 0.97888, 0.050341, 0.62685, 0.0, 0.0, 0.0, 1.0],
                [0.944943, -0.209796, 0.251133, -5e-06, 0.258306, 0.007056, -0.966037, 0.917966, 0.200899, 0.97772, 0.060859, 0.637446, 0.0, 0.0, 0.0, 1.0],
                [0.051511, -0.069836, 0.996228, -5e-06, 0.981193, -0.182282, -0.063512, 1.299953, 0.18603, 0.980763, 0.059133, 0.617086, 0.0, 0.0, 0.0, 1.0],
                [0.051511, -0.069836, 0.996228, -5e-06, 0.981193, -0.182282, -0.063512, 1.299953, 0.18603, 0.980763, 0.059133, 0.617086, 0.0, 0.0, 0.0, 1.0]
            ]
        },
        {
            "name": "Thigh_R",
            "time": [0.0, 0.2333, 0.3167, 0.4, 0.5167, 0.7, 1.0],
            "transform": [
                [0.978235, 0.201164, -0.050869, 0.153967, 0.190557, -0.773942, 0.603904, -0.002831, 0.082114, -0.600452, -0.795433, -0.029428, 0.0, 0.0, 0.0, 1.0],
                [0.990299, 0.135334, -0.031486, 0.153967, 0.127476, -0.794728, 0.593426, -0.002831, 0.055288, -0.591682, -0.804273, -0.029428, 0.0, 0.0, 0.0, 1.0],
                [0.992222, 0.078816, 0.096351, 0.153967, 0.000386, -0.775962, 0.630778, -0.002831, 0.124481, -0.625832, -0.769959, -0.029428, 0.0, 0.0, 0.0, 1.0],
                [0.93323, -0.001076, 0.359277, 0.153967, -0.227821, -0.775012, 0.58945, -0.002831, 0.27781, -0.631942, -0.723512, -0.029428, 0.0, 0.0, 0.0, 1.0],
                [0.902512, 0.197825, 0.382539, 0.153967, -0.10303, -0.76328, 0.637798, -0.002831, 0.418158, -0.615032, -0.66849, -0.029428, 0.0, 0.0, 0.0, 1.0],
                [0.86061, 0.355068, 0.36507, 0.153967, 0.00392, -0.721454, 0.69245, -0.002831, 0.509249, -0.594497, -0.622284, -0.029428, 0.0, 0.0, 0.0, 1.0],
                [0.86061, 0.355068, 0.36507, 0.153967, 0.00392, -0.721454, 0.69245, -0.002831, 0.509249, -0.594497, -0.622284, -0.029428, 0.0, 0.0, 0.0, 1.0]
            ]
        },
        {
            "name": "Leg_R",
            "time": [0.0, 0.2333, 0.3167, 0.4, 0.5167, 0.7, 1.0],
            "transform": [
                [1.0, -0.0, 1.7e-05, 0.0, -9e-06, 0.844875, 0.534965, 0.37472, -1.4e-05, -0.534965, 0.844873, 0.0, 0.0, 0.0, 0.0, 1.0],
                [1.0, -0.0, 1.1e-05, -0.0, -5e-06, 0.891604, 0.452817, 0.37472, -1e-05, -0.452817, 0.891603, 0.0, 0.0, 0.0, 0.0, 1.0],
                [1.0, -1e-06, 2.4e-05, -0.0, -2.2e-05, 0.426838, 0.904327, 0.37472, -1.1e-05, -0.904329, 0.426838, 0.0, 0.0, 0.0, 0.0, 1.0],
                [1.0, -1e-06, 1.2e-05, 0.0, -1.1e-05, 0.212468, 0.977167, 0.37472, -3e-06, -0.977169, 0.212468, -0.0, 0.0, 0.0, 0.0, 1.0],
                [1.0, -0.000975, -7.7e-05, -0.0, 0.00023, 0.158312, 0.987388, 0.37472, -0.000951, -0.987389, 0.158312, -0.0, 0.0, 0.0, 0.0, 1.0],
                [1.0, -0.0, 1e-06, 0.0, -0.0, 0.597074, 0.802186, 0.37472, -1e-06, -0.802187, 0.597073, 0.0, 0.0, 0.0, 0.0, 1.0],
                [1.0, -0.0, 1e-06, 0.0, -0.0, 0.597074, 0.802186, 0.37472, -1e-06, -0.802187, 0.597073, 0.0, 0.0, 0.0, 0.0, 1.0]
            ]
        },
        {
            "name": "Knee_R",
            "time": [0.0, 0.5167, 0.7, 1.0],
            "transform": [
                [1.0, 0.0, -0.0, 0.0, -0.0, 1e-06, -1.0, 0.385758, -0.0, 1.0, 1e-06, 0.0, 0.0, 0.0, 0.0, 1.0],
                [1.0, 0.0, -0.0, 0.000185, -0.0, 1e-06, -1.0, 0.460943, -0.0, 1.0, 1e-06, 0.002374, 0.0, 0.0, 0.0, 1.0],
                [1.0, 0.0, -0.0, 0.0, -0.0, 1e-06, -1.0, 0.385758, -0.0, 1.0, 1e-06, 0.0, 0.0, 0.0, 0.0, 1.0],
                [1.0, 0.0, -0.0, 0.0, -0.0, 1e-06, -1.0, 0.385758, -0.0, 1.0, 1e-06, 0.0, 0.0, 0.0, 0.0, 1.0]
            ]
        },
        {
            "name": "Thigh_L",
            "time": [0.0, 0.2333, 0.4, 0.7, 1.0],
            "transform": [
                [0.118752, -0.907262, -0.403453, -0.156613, 0.03022, -0.402838, 0.914772, -0.00283, -0.992463, -0.120824, -0.020421, 0.032079, 0.0, 0.0, 0.0, 1.0],
                [0.069447, -0.930767, -0.358957, -0.156613, 0.006397, -0.359403, 0.93316, -0.00283, -0.997564, -0.067101, -0.019005, 0.032079, 0.0, 0.0, 0.0, 1.0],
                [0.234545, -0.866743, -0.440165, -0.156612, -0.300714, -0.495278, 0.815027, -0.00283, -0.924423, -0.058796, -0.376807, 0.032079, 0.0, 0.0, 0.0, 1.0],
                [0.636702, -0.732511, -0.240909, -0.156612, -0.698465, -0.680231, 0.222332, -0.002831, -0.326734, 0.026707, -0.944738, 0.032079, 0.0, 0.0, 0.0, 1.0],
                [0.636702, -0.732511, -0.240909, -0.156612, -0.698465, -0.680231, 0.222332, -0.002831, -0.326734, 0.026707, -0.944738, 0.032079, 0.0, 0.0, 0.0, 1.0]
            ]
        },
        {
            "name": "Leg_L",
            "time": [0.0, 0.2333, 0.4, 0.7, 1.0],
            "transform": [
                [0.999999, -1e-06, 0.001388, 0.0, -0.001178, 0.527949, 0.849276, 0.37472, -0.000733, -0.849276, 0.527948, -0.0, 0.0, 0.0, 0.0, 1.0],
                [1.0, -1e-06, 0.00051, -0.0, -0.000432, 0.528621, 0.848858, 0.37472, -0.00027, -0.848858, 0.528621, 0.0, 0.0, 0.0, 0.0, 1.0],
                [0.999961, -0.002769, 0.008431, 0.0, -0.003115, 0.780069, 0.625686, 0.37472, -0.008309, -0.625687, 0.78003, -0.0, 0.0, 0.0, 0.0, 1.0],
                [0.99957, -0.0, 0.029326, 0.0, -0.000316, 0.999941, 0.010781, 0.37472, -0.029324, -0.010786, 0.999512, -0.0, 0.0, 0.0, 0.0, 1.0],
                [0.99957, -0.0, 0.029326, 0.0, -0.000316, 0.999941, 0.010781, 0.37472, -0.029324, -0.010786, 0.999512, -0.0, 0.0, 0.0, 0.0, 1.0]
            ]
        },
        {
            "name": "Knee_L",
            "time": [0.0, 1.0],
            "transform": [
                [1.0, 0.0, -0.0, 0.0, -0.0, 1e-06, -1.0, 0.383714, -0.0, 1.0, 1e-06, -0.0, 0.0, 0.0, 0.0, 1.0],
                [1.0, 0.0, -0.0, 0.0, -0.0, 1e-06, -1.0, 0.383713, -0.0, 1.0, 1e-06, -0.0, 0.0, 0.0, 0.0, 1.0]
            ]
        },
        {
            "name": "Torso",
            "time": [0.0, 0.2333, 0.4, 0.7, 1.0],
            "transform": [
                [0.998806, 0.027341, 0.040476, -0.0, -0.039631, 0.938007, 0.344345, 0.05, -0.028552, -0.345538, 0.93797, -0.0, 0.0, 0.0, 0.0, 1.0],
                [0.997789, 0.045374, 0.048562, 0.0, -0.059627, 0.933899, 0.352531, 0.05, -0.029356, -0.354647, 0.934539, -0.0, 0.0, 0.0, 0.0, 1.0],
                [0.9989, 0.033812, 0.032502, -0.0, -0.040905, 0.967102, 0.251081, 0.05, -0.022943, -0.252134, 0.96742, -0.0, 0.0, 0.0, 0.0, 1.0],
                [0.999965, 0.006606, 0.005137, -0.0, -0.006831, 0.998953, 0.045229, 0.05, -0.004833, -0.045263, 0.998963, 0.0, 0.0, 0.0, 0.0, 1.0],
                [0.999965, 0.006606, 0.005137, -0.0, -0.006831, 0.998953, 0.045229, 0.05, -0.004833, -0.045263, 0.998963, 0.0, 0.0, 0.0, 0.0, 1.0]
            ]
        },
        {
            "name": "Chest",
            "time": [0.0, 0.2333, 0.4, 0.7, 1.0],
            "transform": [
                [0.969718, 0.011354, -0.243964, -0.0, -0.008294, 0.999874, 0.013566, 0.3, 0.244087, -0.011131, 0.969689, -0.0, 0.0, 0.0, 0.0, 1.0],
                [0.962446, -0.004006, -0.271445, 0.0, 0.005985, 0.999961, 0.006464, 0.3, 0.271408, -0.007846, 0.962432, -0.0, 0.0, 0.0, 0.0, 1.0],
                [0.976794, -0.040994, -0.21022, -0.0, 0.041887, 0.999122, -0.000205, 0.3, 0.210044, -0.008605, 0.977654, -0.0, 0.0, 0.0, 0.0, 1.0],
                [0.993421, -0.106938, -0.040968, -0.0, 0.106804, 0.994265, -0.005458, 0.3, 0.041316, 0.001046, 0.999146, 0.0, 0.0, 0.0, 0.0, 1.0],
                [0.993421, -0.106938, -0.040968, -0.0, 0.106804, 0.994265, -0.005458, 0.3, 0.041316, 0.001046, 0.999146, 0.0, 0.0, 0.0, 0.0, 1.0]
            ]
        },
        {
            "name": "Head",
            "time": [0.0, 0.2333, 0.4, 0.7, 1.0],
            "transform": [
                [0.354427, 0.200138, 0.913415, 0.0, -0.015438, 0.977946, -0.208288, 0.4, -0.934957, 0.059721, 0.3497, -0.0, 0.0, 0.0, 0.0, 1.0],
                [0.297217, 0.216691, 0.929896, 0.0, -0.035136, 0.97573, -0.216141, 0.4, -0.954163, 0.031568, 0.297617, 0.0, 0.0, 0.0, 0.0, 1.0],
                [0.964094, 0.265187, -0.014102, -0.0, -0.249485, 0.886254, -0.390272, 0.4, -0.090997, 0.379777, 0.920592, 0.0, 0.0, 0.0, 0.0, 1.0],
                [0.608844, 0.016267, -0.793123, 0.0, -0.151502, 0.983772, -0.096123, 0.4, 0.778689, 0.178684, 0.601428, 0.0, 0.0, 0.0, 0.0, 1.0],
                [0.608844, 0.016267, -0.793123, 0.0, -0.151502, 0.983772, -0.096123, 0.4, 0.778689, 0.178684, 0.601428, 0.0, 0.0, 0.0, 0.0, 1.0]
            ]
        },
        {
            "name": "Shoulder_R",
            "time": [0.0, 0.3167, 0.4, 0.7, 1.0],
            "transform": [
                [0.200651, 0.802961, 0.561241, 0.0, 0.18175, -0.593458, 0.784076, 0.4, 0.962656, -0.05532, -0.265016, -0.0, 0.0, 0.0, 0.0, 1.0],
                [0.17984, 0.726828, 0.662856, 0.0, 0.272366, -0.68429, 0.676435, 0.4, 0.945237, 0.058889, -0.321026, 0.0, 0.0, 0.0, 0.0, 1.0],
                [0.086816, 0.818521, 0.567878, -0.0, -0.536887, -0.441727, 0.718769, 0.4, 0.839175, -0.367287, 0.401105, 0.0, 0.0, 0.0, 0.0, 1.0],
                [0.582407, 0.812281, -0.031634, 0.0, -0.071349, 0.089845, 0.993397, 0.4, 0.80976, -0.576304, 0.110282, 0.0, 0.0, 0.0, 0.0, 1.0],
                [0.582407, 0.812281, -0.031634, 0.0, -0.071349, 0.089845, 0.993397, 0.4, 0.80976, -0.576304, 0.110282, 0.0, 0.0, 0.0, 0.0, 1.0]
            ]
        },
        {
            "name": "Arm_R",
            "time": [0.0, 0.3167, 0.5167, 0.7, 1.0],
            "transform": [
                [0.137369, -0.873474, -0.467091, -0.0, 0.924618, 0.282208, -0.255811, 0.393861, 0.355261, -0.39674, 0.846396, 0.0, 0.0, 0.0, 0.0, 1.0],
                [0.217001, -0.944908, -0.245071, -0.0, 0.897832, 0.291735, -0.329831, 0.393861, 0.383156, -0.148459, 0.911675, -0.0, 0.0, 0.0, 0.0, 1.0],
                [0.229043, -0.943335, -0.240122, 0.0, 0.933395, 0.282844, -0.220844, 0.393861, 0.276248, -0.173546, 0.945288, -0.0, 0.0, 0.0, 0.0, 1.0],
                [0.227357, -0.942069, -0.246607, -0.0, 0.94673, 0.273136, -0.170584, 0.393861, 0.228059, -0.194687, 0.953984, 0.0, 0.0, 0.0, 0.0, 1.0],
                [0.227357, -0.942069, -0.246607, -0.0, 0.94673, 0.273136, -0.170584, 0.393861, 0.228059, -0.194687, 0.953984, 0.0, 0.0, 0.0, 0.0, 1.0]
            ]
        },
        {
            "name": "Hand_R",
            "time": [0.0, 0.3167, 0.7, 1.0],
            "transform": [
                [0.999985, 0.001325, 0.005391, -0.0, -0.00125, 0.999903, -0.013882, 0.3, -0.005409, 0.013875, 0.999889, -0.0, 0.0, 0.0, 0.0, 1.0],
                [0.999985, 0.001325, 0.005391, 0.0, -0.00125, 0.999903, -0.013882, 0.3, -0.005409, 0.013875, 0.999889, -0.0, 0.0, 0.0, 0.0, 1.0],
                [0.999881, 0.015372, -0.000952, 0.0, -0.007829, 0.454087, -0.890923, 0.3, -0.013263, 0.890825, 0.454153, 0.0, 0.0, 0.0, 0.0, 1.0],
                [0.999881, 0.015372, -0.000952, 0.0, -0.007829, 0.454087, -0.890923, 0.3, -0.013263, 0.890825, 0.454153, 0.0, 0.0, 0.0, 0.0, 1.0]
            ]
        },
        {
            "name": "Tool_R",
            "time": [0.0, 0.3167, 0.5167, 0.7, 1.0],
            "transform": [
                [-0.199089, -0.098954, -0.974973, 0.0, 0.088754, -0.992621, 0.082621, 0.272858, -0.975375, -0.070052, 0.206281, -0.0, 0.0, 0.0, 0.0, 1.0],
                [-0.199089, -0.098954, -0.974973, 0.0, 0.088753, -0.992621, 0.082622, 0.272858, -0.975376, -0.070052, 0.206281, 0.0, 0.0, 0.0, 0.0, 1.0],
                [-0.281195, 0.567947, -0.773542, 0.0, 0.578838, -0.542545, -0.608762, 0.272858, -0.764966, -0.618576, -0.17609, 0.0, 0.0, 0.0, 0.0, 1.0],
                [-0.046644, 0.598902, -0.799463, 0.0, 0.635438, -0.599734, -0.486352, 0.272858, -0.770279, -0.530387, -0.352388, 0.0, 0.0, 0.0, 0.0, 1.0],
                [-0.046644, 0.598902, -0.799463, 0.0, 0.635438, -0.599734, -0.486352, 0.272858, -0.770279, -0.530387, -0.352388, 0.0, 0.0, 0.0, 0.0, 1.0]
            ]
        },
        {
            "name": "Elbow_R",
            "time": [0.0, 1.0],
            "transform": [
                [-1.0, 0.0, -0.0, -0.0, 0.0, -0.0, -1.0, 0.343741, -0.0, -1.0, 0.0, -0.0, 0.0, 0.0, 0.0, 1.0],
                [-1.0, 0.0, 0.0, 0.0, 0.0, -0.0, -1.0, 0.343742, -0.0, -1.0, 0.0, 0.0, 0.0, 0.0, 0.0, 1.0]
            ]
        },
        {
            "name": "Shoulder_L",
            "time": [0.0, 0.3167, 0.4, 0.7, 1.0],
            "transform": [
                [0.721975, -0.691419, 0.026296, 0.0, -0.382972, -0.367668, 0.847439, 0.4, -0.576267, -0.6219, -0.530242, -0.0, 0.0, 0.0, 0.0, 1.0],
                [0.723826, -0.657193, 0.210177, 0.0, -0.530035, -0.334587, 0.779175, 0.4, -0.441746, -0.675388, -0.590518, 0.0, 0.0, 0.0, 0.0, 1.0],
                [0.805583, -0.584056, 0.099572, -0.0, 0.062085, 0.250348, 0.966163, 0.4, -0.589221, -0.772143, 0.237937, 0.0, 0.0, 0.0, 0.0, 1.0],
                [0.419729, -0.867671, -0.26641, 0.0, 0.387543, -0.094096, 0.917037, 0.4, -0.820754, -0.488152, 0.296765, 0.0, 0.0, 0.0, 0.0, 1.0],
                [0.419729, -0.867671, -0.26641, 0.0, 0.387543, -0.094096, 0.917037, 0.4, -0.820754, -0.488152, 0.296765, 0.0, 0.0, 0.0, 0.0, 1.0]
            ]
        },
        {
            "name": "Arm_L",
            "time": [0.0, 0.3167, 0.4, 0.7, 1.0],
            "transform": [
                [-0.310121, 0.82143, 0.47862, -0.0, -0.823096, 0.019944, -0.567552, 0.39386, -0.475749, -0.56996, 0.669932, 0.0, 0.0, 0.0, 0.0, 1.0],
                [0.106525, 0.983781, 0.144315, -0.0, -0.931691, 0.149453, -0.331084, 0.39386, -0.347282, -0.099188, 0.932501, 0.0, 0.0, 0.0, 0.0, 1.0],
                [0.001096, 0.998819, -0.048557, 0.0, -0.916766, 0.020398, 0.398903, 0.393861, 0.399423, 0.044078, 0.915706, 0.0, 0.0, 0.0, 0.0, 1.0],
                [-0.234247, 0.843188, 0.483902, -0.0, -0.96343, -0.134719, -0.23163, 0.39386, -0.130117, -0.520465, 0.843911, -0.0, 0.0, 0.0, 0.0, 1.0],
                [-0.234247, 0.843188, 0.483902, -0.0, -0.96343, -0.134719, -0.23163, 0.39386, -0.130117, -0.520465, 0.843911, -0.0, 0.0, 0.0, 0.0, 1.0]
            ]
        },
        {
            "name": "Hand_L",
            "time": [0.0, 0.3167, 0.7, 1.0],
            "transform": [
                [0.999999, 0.000405, 0.001072, -0.0, -0.000224, 0.986478, -0.163892, 0.3, -0.001124, 0.163892, 0.986478, -0.0, 0.0, 0.0, 0.0, 1.0],
                [0.999997, 0.001238, 0.002144, -0.0, -8.2e-05, 0.882098, -0.471066, 0.3, -0.002474, 0.471064, 0.882096, 0.0, 0.0, 0.0, 0.0, 1.0],
                [0.999995, 0.001764, 0.002557, -0.0, 0.000145, 0.795692, -0.605701, 0.3, -0.003104, 0.605699, 0.795688, 0.0, 0.0, 0.0, 0.0, 1.0],
                [0.999995, 0.001764, 0.002557, -0.0, 0.000145, 0.795692, -0.605701, 0.3, -0.003104, 0.605699, 0.795688, 0.0, 0.0, 0.0, 0.0, 1.0]
            ]
        },
        {
            "name": "Tool_L",
            "time": [0.0, 1.0],
            "transform": [
                [1.0, -0.0, 0.0, -0.0, 0.0, -0.999836, 0.018122, 0.272858, 0.0, -0.018122, -0.999247, 0.0, 0.0, 0.0, 0.0, 1.0],
                [1.0, -0.0, 0.0, 0.0, -0.0, -0.999836, 0.018122, 0.272858, 0.0, -0.018122, -0.999247, -0.0, 0.0, 0.0, 0.0, 1.0]
            ]
        },
        {
            "name": "Elbow_L",
            "time": [0.0, 1.0],
            "transform": [
                [-1.0, 0.0, -0.0, -0.0, 0.0, -0.0, -1.0, 0.367861, -0.0, -1.0, 0.0, -0.0, 0.0, 0.0, 0.0, 1.0],
                [-1.0, 0.0, -0.0, -0.0, 0.0, -0.0, -1.0, 0.367861, -0.0, -1.0, -0.0, 0.0, 0.0, 0.0, 0.0, 1.0]
            ]
        }
    ]
}