{
    "animation": [
        {
            "name": "Root",
            "time": [0.0, 0.1333, 0.2833, 0.4667, 0.6167, 0.75, 1.0],
            "transform": [
                [-0.083518, 0.0, 0.996506, -5e-06, 0.996506, 0.0, 0.083518, -0.003916, 0.0, 1.0, 0.0, 0.707689, 0.0, 0.0, 0.0, 1.0],
                [0.200147, 0.0, 0.979766, -5e-06, 0.979766, 0.0, -0.200147, -0.005556, 0.0, 1.0, 0.0, 0.707689, 0.0, 0.0, 0.0, 1.0],
                [0.143782, 0.0, 0.989609, -5e-06, 0.989609, 0.0, -0.143782, -0.005556, 0.0, 1.0, 0.0, 0.707689, 0.0, 0.0, 0.0, 1.0],
                [0.681935, 0.0, -0.731413, -5e-06, -0.731413, 0.0, -0.681935, 0.423467, 0.0, 1.0, 0.0, 0.707689, 0.0, 0.0, 0.0, 1.0],
                [-0.153806, 0.0, -0.988101, -5e-06, -0.988101, 0.0, 0.153806, 0.681274, 0.0, 1.0, 0.0, 0.707689, 0.0, 0.0, 0.0, 1.0],
                [-0.254474, 0.0, -0.96708, -5e-06, -0.96708, 0.0, 0.254474, 0.689915, 0.0, 1.0, 0.0, 0.707689, 0.0, 0.0, 0.0, 1.0],
                [-0.254474, 0.0, -0.96708, -5e-06, -0.96708, 0.0, 0.254474, 0.689915, 0.0, 1.0, 0.0, 0.707689, 0.0, 0.0, 0.0, 1.0]
            ]
        },
        {
            "name": "Thigh_R",
            "time": [0.0, 0.1333, 0.2833, 0.4667, 0.6167, 0.75, 1.0],
            "transform": [
                [0.255674, 0.45982, 0.850409, 0.124994, 0.156976, -0.887717, 0.432799, -0.002831, 0.953934, 0.022839, -0.299147, -1.2e-05, 0.0, 0.0, 0.0, 1.0],
                [0.236896, 0.476168, 0.846843, 0.124994, 0.036015, -0.875359, 0.482128, -0.002831, 0.970867, -0.083715, -0.224519, -1.2e-05, 0.0, 0.0, 0.0, 1.0],
                [0.108509, 0.483116, 0.868806, 0.124994, 0.027105, -0.875078, 0.48322, -0.002831, 0.993726, -0.028885, -0.108049, -1.2e-05, 0.0, 0.0, 0.0, 1.0],
                [0.834881, 0.322506, 0.446053, 0.124994, 0.137625, -0.90694, 0.398143, -0.002831, 0.532948, -0.271013, -0.801572, -1.2e-05, 0.0, 0.0, 0.0, 1.0],
                [0.959949, 0.275295, -0.052063, 0.124994, 0.279923, -0.93448, 0.219974, -0.002831, 0.011906, -0.225737, -0.974115, -1.2e-05, 0.0, 0.0, 0.0, 1.0],
                [0.949192, 0.277103, -0.149156, 0.124994, 0.300065, -0.939786, 0.163593, -0.002831, -0.094842, -0.200037, -0.975186, -1.2e-05, 0.0, 0.0, 0.0, 1.0],
                [0.949192, 0.277103, -0.149156, 0.124994, 0.300065, -0.939786, 0.163593, -0.002831, -0.094842, -0.200037, -0.975186, -1.2e-05, 0.0, 0.0, 0.0, 1.0]
            ]
        },
        {
            "name": "Leg_R",
            "time": [0.0, 0.1333, 0.2833, 0.4667, 0.6167, 0.75, 1.0],
            "transform": [
                [1.0, 0.0, 0.0, -0.0, -0.0, 0.883283, 0.46884, 0.37472, -0.0, -0.468841, 0.883282, -0.0, 0.0, 0.0, 0.0, 1.0],
                [1.0, 0.0, 1e-06, 0.0, -0.0, 0.876845, 0.480773, 0.37472, -0.0, -0.480774, 0.876844, -0.0, 0.0, 0.0, 0.0, 1.0],
                [1.0, 0.0, 1e-06, -0.0, -1e-06, 0.876358, 0.48166, 0.37472, -0.0, -0.481661, 0.876357, 0.0, 0.0, 0.0, 0.0, 1.0],
                [1.0, -0.0, 1e-06, 0.0, -0.0, 0.809485, 0.587142, 0.37472, -1e-06, -0.587142, 0.809483, -0.0, 0.0, 0.0, 0.0, 1.0],
                [1.0, -0.0, 1e-06, -0.0, -0.0, 0.907626, 0.419781, 0.37472, -1e-06, -0.419782, 0.907624, -0.0, 0.0, 0.0, 0.0, 1.0],
                [1.0, -0.0, 1e-06, 0.0, -0.0, 0.931819, 0.362924, 0.37472, -1e-06, -0.362925, 0.931818, -0.0, 0.0, 0.0, 0.0, 1.0],
                [1.0, -0.0, 1e-06, 0.0, -0.0, 0.931819, 0.362924, 0.37472, -1e-06, -0.362925, 0.931818, -0.0, 0.0, 0.0, 0.0, 1.0]
            ]
        },
        {
            "name": "Knee_R",
            "time": [0.0, 0.1333, 0.2833, 0.4667, 0.6167, 0.75, 1.0],
            "transform": [
                [1.0, 0.0, -0.0, 0.0, -0.0, 1e-06, -1.0, 0.385758, -0.0, 1.0, 1e-06, -0.0, 0.0, 0.0, 0.0, 1.0],
                [1.0, 0.0, -0.0, 0.0, -0.0, 1e-06, -1.0, 0.385621, -0.0, 1.0, 1e-06, 0.0, 0.0, 0.0, 0.0, 1.0],
                [1.0, 0.0, -0.0, -0.0, -0.0, 1e-06, -1.0, 0.388848, -0.0, 1.0, 1e-06, -0.0, 0.0, 0.0, 0.0, 1.0],
                [1.0, 0.0, -0.0, 0.0, -0.0, 1e-06, -1.0, 0.394146, -0.0, 1.0, 1e-06, -0.0, 0.0, 0.0, 0.0, 1.0],
                [1.0, 0.0, -0.0, -0.0, -0.0, 1e-06, -1.0, 0.385512, -0.0, 1.0, 1e-06, -0.0, 0.0, 0.0, 0.0, 1.0],
                [1.0, 0.0, -0.0, 0.0, -0.0, 1e-06, -1.0, 0.376355, -0.0, 1.0, 1e-06, 0.0, 0.0, 0.0, 0.0, 1.0],
                [1.0, 0.0, -0.0, 0.0, -0.0, 1e-06, -1.0, 0.376355, -0.0, 1.0, 1e-06, 0.0, 0.0, 0.0, 0.0, 1.0]
            ]
        },
        {
            "name": "Thigh_L",
            "time": [0.0, 0.1333, 0.2833, 0.4667, 0.6167, 0.75, 1.0],
            "transform": [
                [0.955551, -0.236363, 0.17622, -0.125006, -0.286219, -0.887065, 0.362206, -0.002831, 0.070707, -0.396543, -0.915289, -1.2e-05, 0.0, 0.0, 0.0, 1.0],
                [0.945539, -0.27646, 0.171829, -0.125006, -0.314329, -0.912636, 0.261327, -0.002831, 0.084571, -0.301105, -0.949833, -1.2e-05, 0.0, 0.0, 0.0, 1.0],
                [0.946548, -0.270618, 0.175535, -0.125006, -0.311909, -0.906595, 0.284248, -0.002831, 0.082216, -0.323805, -0.942545, -1.2e-05, 0.0, 0.0, 0.0, 1.0],
                [0.673416, -0.389801, -0.628145, -0.125006, -0.046323, -0.870269, 0.490391, -0.002831, -0.737811, -0.301139, -0.604111, -1.2e-05, 0.0, 0.0, 0.0, 1.0],
                [-0.051109, -0.517446, -0.854188, -0.125006, -0.026887, -0.854283, 0.519112, -0.002831, -0.998331, 0.049498, 0.029749, -1.2e-05, 0.0, 0.0, 0.0, 1.0],
                [-0.21633, -0.512862, -0.830766, -0.125006, -0.038263, -0.845808, 0.532112, -0.002831, -0.97557, 0.146899, 0.16335, -1.2e-05, 0.0, 0.0, 0.0, 1.0],
                [-0.21633, -0.512862, -0.830766, -0.125006, -0.038263, -0.845808, 0.532112, -0.002831, -0.97557, 0.146899, 0.16335, -1.2e-05, 0.0, 0.0, 0.0, 1.0]
            ]
        },
        {
            "name": "Leg_L",
            "time": [0.0, 0.1333, 0.2833, 0.4667, 0.6167, 0.75, 1.0],
            "transform": [
                [1.0, -1e-06, 1e-06, 0.0, -0.0, 0.918619, 0.395145, 0.37472, -1e-06, -0.395145, 0.918619, -0.0, 0.0, 0.0, 0.0, 1.0],
                [1.0, -1e-06, 1e-06, 0.0, -0.0, 0.892778, 0.450497, 0.37472, -1e-06, -0.450496, 0.892779, 0.0, 0.0, 0.0, 0.0, 1.0],
                [1.0, -0.0, 1e-06, 0.0, -0.0, 0.895969, 0.444116, 0.37472, -1e-06, -0.444115, 0.89597, 0.0, 0.0, 0.0, 0.0, 1.0],
                [1.0, -1e-06, 1e-06, 0.0, -0.0, 0.390617, 0.920554, 0.37472, -1e-06, -0.920553, 0.390617, -0.0, 0.0, 0.0, 0.0, 1.0],
                [1.0, -1e-06, 1e-06, 0.0, -0.0, 0.756643, 0.653829, 0.37472, -2e-06, -0.653828, 0.756643, -0.0, 0.0, 0.0, 0.0, 1.0],
                [1.0, -1e-06, 2e-06, 0.0, -0.0, 0.842834, 0.538173, 0.37472, -2e-06, -0.538172, 0.842835, -0.0, 0.0, 0.0, 0.0, 1.0],
                [1.0, -1e-06, 2e-06, 0.0, -0.0, 0.842834, 0.538173, 0.37472, -2e-06, -0.538172, 0.842835, -0.0, 0.0, 0.0, 0.0, 1.0]
            ]
        },
        {
            "name": "Knee_L",
            "time": [0.0, 0.1333, 0.2833, 0.4667, 0.6167, 0.75, 1.0],
            "transform": [
                [1.0, 0.0, -0.0, -0.0, -0.0, 1e-06, -1.0, 0.383714, -0.0, 1.0, 1e-06, -0.0, 0.0, 0.0, 0.0, 1.0],
                [1.0, 0.0, -0.0, 0.0, -0.0, 1e-06, -1.0, 0.382896, -0.0, 1.0, 1e-06, 0.0, 0.0, 0.0, 0.0, 1.0],
                [1.0, 0.0, -0.0, 0.0, -0.0, 1e-06, -1.0, 0.385316, -0.0, 1.0, 1e-06, 0.0, 0.0, 0.0, 0.0, 1.0],
                [1.0, 0.0, -0.0, 0.0, -0.0, 1e-06, -1.0, 0.433587, -0.0, 1.0, 1e-06, -0.0, 0.0, 0.0, 0.0, 1.0],
                [1.0, 0.0, -0.0, 0.0, -0.0, 1e-06, -1.0, 0.40121, -0.0, 1.0, 1e-06, -0.0, 0.0, 0.0, 0.0, 1.0],
                [1.0, 0.0, -0.0, 0.0, -0.0, 1e-06, -1.0, 0.391481, -0.0, 1.0, 1e-06, -0.0, 0.0, 0.0, 0.0, 1.0],
                [1.0, 0.0, -0.0, 0.0, -0.0, 1e-06, -1.0, 0.391481, -0.0, 1.0, 1e-06, -0.0, 0.0, 0.0, 0.0, 1.0]
            ]
        },
        {
            "name": "Torso",
            "time": [0.0, 0.1333, 0.2833, 0.4667, 1.0],
            "transform": [
                [0.99978, -0.020971, -0.000197, -0.0, 0.020971, 0.999603, 0.01883, 0.05, -0.000198, -0.01883, 0.999823, -0.0, 0.0, 0.0, 0.0, 1.0],
                [0.99978, -0.020971, -0.000197, -0.0, 0.020971, 0.999603, 0.018827, 0.05, -0.000198, -0.018827, 0.999823, 0.0, 0.0, 0.0, 0.0, 1.0],
                [0.99978, -0.020971, -0.000197, 0.0, 0.020971, 0.999603, 0.01883, 0.05, -0.000198, -0.01883, 0.999823, 0.0, 0.0, 0.0, 0.0, 1.0],
                [0.99978, -0.020971, -0.000197, -0.0, 0.020971, 0.999603, 0.018833, 0.05, -0.000198, -0.018833, 0.999823, 0.0, 0.0, 0.0, 0.0, 1.0],
                [0.99978, -0.020971, -0.000197, -0.0, 0.020971, 0.999603, 0.018833, 0.05, -0.000198, -0.018833, 0.999823, -0.0, 0.0, 0.0, 0.0, 1.0]
            ]
        },
        {
            "name": "Chest",
            "time": [0.0, 0.1333, 0.2833, 0.4667, 0.6167, 0.75, 1.0],
            "transform": [
                [0.999426, 0.022996, -0.02487, -0.0, -0.017465, 0.978951, 0.203349, 0.3, 0.029023, -0.202798, 0.97879, 0.0, 0.0, 0.0, 0.0, 1.0],
                [1.0, 6.5e-05, -7.9e-05, 0.0, -6.5e-05, 1.0, 0.000593, 0.3, 7.9e-05, -0.000593, 1.0, -0.0, 0.0, 0.0, 0.0, 1.0],
                [1.0, 6.5e-05, -7.9e-05, -0.0, -6.5e-05, 1.0, 0.000593, 0.3, 7.9e-05, -0.000593, 1.0, -0.0, 0.0, 0.0, 0.0, 1.0],
                [0.999224, 0.027211, -0.02846, 0.0, -0.019736, 0.971553, 0.235999, 0.3, 0.034072, -0.235254, 0.971336, 0.0, 0.0, 0.0, 0.0, 1.0],
                [0.998016, 0.04668, -0.042258, 0.0, -0.027553, 0.927212, 0.373521, 0.3, 0.056618, -0.371616, 0.926659, -0.0, 0.0, 0.0, 0.0, 1.0],
                [0.997736, 0.050445, -0.044469, -0.0, -0.028625, 0.916968, 0.397934, 0.3, 0.06085, -0.39576, 0.916336, 0.0, 0.0, 0.0, 0.0, 1.0],
                [0.997736, 0.050445, -0.044469, -0.0, -0.028625, 0.916968, 0.397934, 0.3, 0.06085, -0.39576, 0.916336, 0.0, 0.0, 0.0, 0.0, 1.0]
            ]
        },
        {
            "name": "Head",
            "time": [0.0, 0.1333, 0.2833, 0.4667, 0.6167, 0.75, 1.0],
            "transform": [
                [0.385659, 0.064807, -0.920363, 0.0, -0.248666, 0.967919, -0.036042, 0.4, 0.8885, 0.242763, 0.389401, 0.0, 0.0, 0.0, 0.0, 1.0],
                [0.708903, 0.072424, -0.701578, 0.0, -0.132093, 0.990746, -0.031198, 0.4, 0.692827, 0.11479, 0.711909, 0.0, 0.0, 0.0, 0.0, 1.0],
                [0.708903, 0.072424, -0.701578, 0.0, -0.132093, 0.990746, -0.031198, 0.4, 0.692827, 0.11479, 0.711909, 0.0, 0.0, 0.0, 0.0, 1.0],
                [0.791227, -0.107508, 0.601999, -0.0, 0.201629, 0.97524, -0.090845, 0.4, -0.577326, 0.19326, 0.793313, 0.0, 0.0, 0.0, 0.0, 1.0],
                [0.100078, -0.111966, 0.98866, 0.0, 0.316582, 0.945592, 0.075042, 0.4, -0.943271, 0.305482, 0.130079, 0.0, 0.0, 0.0, 0.0, 1.0],
                [-0.073165, -0.098859, 0.992408, 0.0, 0.323749, 0.938832, 0.11739, 0.4, -0.94331, 0.32988, -0.036685, 0.0, 0.0, 0.0, 0.0, 1.0],
                [-0.073165, -0.098859, 0.992408, 0.0, 0.323749, 0.938832, 0.11739, 0.4, -0.94331, 0.32988, -0.036685, 0.0, 0.0, 0.0, 0.0, 1.0]
            ]
        },
        {
            "name": "Shoulder_R",
            "time": [0.0, 0.1333, 0.2833, 0.4667, 0.6167, 0.75, 1.0],
            "transform": [
                [0.534253, 0.841423, 0.081121, 0.0, 0.04082, -0.121532, 0.991748, 0.4, 0.844338, -0.526533, -0.099276, 0.0, 0.0, 0.0, 0.0, 1.0],
                [0.711111, 0.701071, 0.053107, 0.0, 0.039708, -0.11546, 0.992518, 0.4, 0.701957, -0.703682, -0.109943, 0.0, 0.0, 0.0, 0.0, 1.0],
                [0.782723, 0.62115, 0.038946, 0.0, 0.039786, -0.112387, 0.992868, 0.4, 0.621097, -0.775591, -0.112681, 0.0, 0.0, 0.0, 0.0, 1.0],
                [0.03323, 0.936778, 0.348343, -0.0, -0.016768, -0.347964, 0.937358, 0.4, 0.999307, -0.036989, 0.004145, 0.0, 0.0, 0.0, 0.0, 1.0],
                [-0.462407, 0.77037, 0.438987, 0.0, 0.051054, -0.471143, 0.880578, 0.4, 0.885197, 0.429597, 0.17853, 0.0, 0.0, 0.0, 0.0, 1.0],
                [-0.543163, 0.712442, 0.444296, 0.0, 0.070763, -0.488433, 0.869727, 0.4, 0.83664, 0.503843, 0.214885, 0.0, 0.0, 0.0, 0.0, 1.0],
                [-0.543163, 0.712442, 0.444296, 0.0, 0.070763, -0.488433, 0.869727, 0.4, 0.83664, 0.503843, 0.214885, 0.0, 0.0, 0.0, 0.0, 1.0]
            ]
        },
        {
            "name": "Arm_R",
            "time": [0.0, 0.1333, 0.2833, 0.4667, 0.6167, 0.75, 1.0],
            "transform": [
                [-0.265992, -0.96226, 0.05749, 0.0, 0.305599, -0.140737, -0.941702, 0.393861, 0.914253, -0.232916, 0.3315, -0.0, 0.0, 0.0, 0.0, 1.0],
                [-0.11838, -0.864343, 0.488772, -0.0, -0.626195, -0.317031, -0.7123, 0.393861, 0.770627, -0.390389, -0.503717, 0.0, 0.0, 0.0, 0.0, 1.0],
                [-0.124187, -0.868214, 0.480398, 0.0, -0.624307, -0.30794, -0.717923, 0.39386, 0.771245, -0.389073, -0.50379, 0.0, 0.0, 0.0, 0.0, 1.0],
                [-0.076588, -0.819215, 0.56835, -0.0, -0.673381, -0.377885, -0.635423, 0.393861, 0.735319, -0.431381, -0.522702, -0.0, 0.0, 0.0, 0.0, 1.0],
                [-0.044682, -0.785274, 0.617534, -0.0, -0.699699, -0.416607, -0.580397, 0.39386, 0.71304, -0.458021, -0.530841, 0.0, 0.0, 0.0, 0.0, 1.0],
                [-0.038627, -0.778752, 0.626142, -0.0, -0.704205, -0.423349, -0.569975, 0.39386, 0.708946, -0.462949, -0.532048, -0.0, 0.0, 0.0, 0.0, 1.0],
                [-0.038627, -0.778752, 0.626142, -0.0, -0.704205, -0.423349, -0.569975, 0.39386, 0.708946, -0.462949, -0.532048, -0.0, 0.0, 0.0, 0.0, 1.0]
            ]
        },
        {
            "name": "Hand_R",
            "time": [0.0, 0.2833, 0.4667, 0.6167, 0.75, 1.0],
            "transform": [
                [0.999902, -0.001565, -0.013893, -0.0, -0.001595, 0.974455, -0.224575, 0.3, 0.013889, 0.224576, 0.974358, -0.0, 0.0, 0.0, 0.0, 1.0],
                [0.999902, -0.001565, -0.013893, 0.0, -0.001595, 0.974456, -0.224575, 0.3, 0.013889, 0.224576, 0.974358, -0.0, 0.0, 0.0, 0.0, 1.0],
                [0.999983, -8.3e-05, -0.005869, 0.0, -9.6e-05, 0.999531, -0.030628, 0.3, 0.005869, 0.030628, 0.999514, 0.0, 0.0, 0.0, 0.0, 1.0],
                [0.999999, 4.1e-05, -0.000907, 0.0, 3.9e-05, 0.996095, 0.088288, 0.3, 0.000907, -0.088288, 0.996095, 0.0, 0.0, 0.0, 0.0, 1.0],
                [1.0, -0.0, 0.0, -0.0, 0.0, 0.993938, 0.109947, 0.3, -0.0, -0.109947, 0.993938, -0.0, 0.0, 0.0, 0.0, 1.0],
                [1.0, -0.0, 0.0, -0.0, 0.0, 0.993938, 0.109947, 0.3, -0.0, -0.109947, 0.993938, -0.0, 0.0, 0.0, 0.0, 1.0]
            ]
        },
        {
            "name": "Tool_R",
            "time": [0.0, 0.1333, 0.2833, 0.4667, 0.6167, 0.75, 1.0],
            "transform": [
                [0.279397, 0.958246, 0.060853, 0.0, 0.069652, 0.042983, -0.996645, 0.272858, -0.957078, 0.282532, -0.054713, -0.0, 0.0, 0.0, 0.0, 1.0],
                [0.888578, 0.358725, -0.285913, -0.0, -0.094417, -0.46691, -0.87925, 0.272858, -0.44864, 0.807794, -0.3808, -0.0, 0.0, 0.0, 0.0, 1.0],
                [0.929184, -0.275864, -0.246001, -0.0, -0.353393, -0.468026, -0.809979, 0.272858, 0.108241, 0.839052, -0.532064, -0.0, 0.0, 0.0, 0.0, 1.0],
                [0.877217, -0.010345, -0.479983, 0.0, -0.479918, -0.045978, -0.876108, 0.272858, -0.013003, 0.998297, -0.04528, 0.0, 0.0, 0.0, 0.0, 1.0],
                [0.927942, -0.02147, -0.372107, 0.0, -0.372715, -0.060874, -0.925947, 0.272858, -0.002774, 0.997323, -0.064461, -0.0, 0.0, 0.0, 0.0, 1.0],
                [0.940392, -0.02738, -0.33899, -0.0, -0.34008, -0.066626, -0.938034, 0.272858, 0.003093, 0.996811, -0.071933, -0.0, 0.0, 0.0, 0.0, 1.0],
                [0.940392, -0.02738, -0.33899, -0.0, -0.34008, -0.066626, -0.938034, 0.272858, 0.003093, 0.996811, -0.071933, -0.0, 0.0, 0.0, 0.0, 1.0]
            ]
        },
        {
            "name": "Elbow_R",
            "time": [0.0, 0.1333, 0.2833, 0.4667, 0.6167, 1.0],
            "transform": [
                [-1.0, 0.0, 0.0, -0.0, 0.0, -0.0, -1.0, 0.343742, -0.0, -1.0, 0.0, -0.0, 0.0, 0.0, 0.0, 1.0],
                [-1.0, 0.0, -0.0, -0.0, -0.0, -0.0, -1.0, 0.343169, -0.0, -1.0, 0.0, -0.0, 0.0, 0.0, 0.0, 1.0],
                [-1.0, 0.0, -0.0, 0.0, 0.0, -0.0, -1.0, 0.342679, -0.0, -1.0, 0.0, -0.0, 0.0, 0.0, 0.0, 1.0],
                [-1.0, 0.0, -0.0, 0.0, 0.0, -0.0, -1.0, 0.318396, -0.0, -1.0, 0.0, 0.0, 0.0, 0.0, 0.0, 1.0],
                [-1.0, 0.0, 0.0, 0.0, 0.0, -0.0, -1.0, 0.3, -0.0, -1.0, 0.0, 0.0, 0.0, 0.0, 0.0, 1.0],
                [-1.0, 0.0, -0.0, -0.0, 0.0, -0.0, -1.0, 0.3, -0.0, -1.0, 0.0, -0.0, 0.0, 0.0, 0.0, 1.0]
            ]
        },
        {
            "name": "Shoulder_L",
            "time": [0.0, 0.1333, 0.2833, 0.4667, 0.6167, 0.75, 1.0],
            "transform": [
                [0.333144, -0.942061, -0.039186, 0.0, -0.074509, -0.067733, 0.994917, 0.4, -0.939927, -0.328531, -0.092757, 0.0, 0.0, 0.0, 0.0, 1.0],
                [-0.018622, -0.997192, -0.072529, 0.0, -0.052877, -0.071458, 0.996041, 0.4, -0.998427, 0.022383, -0.051398, 0.0, 0.0, 0.0, 0.0, 1.0],
                [-0.24368, -0.966554, -0.079956, 0.0, 0.063598, -0.098189, 0.993134, 0.4, -0.967768, 0.236922, 0.085398, 0.0, 0.0, 0.0, 0.0, 1.0],
                [0.307485, -0.947556, -0.087125, -0.0, -0.055845, -0.109373, 0.992431, 0.4, -0.949913, -0.300293, -0.086546, 0.0, 0.0, 0.0, 0.0, 1.0],
                [0.447448, -0.889468, -0.092935, 0.0, -0.05435, -0.130771, 0.989922, 0.4, -0.892657, -0.437887, -0.106856, 0.0, 0.0, 0.0, 0.0, 1.0],
                [0.461504, -0.881941, -0.095884, 0.0, -0.051456, -0.134512, 0.989575, 0.4, -0.885644, -0.451759, -0.10746, 0.0, 0.0, 0.0, 0.0, 1.0],
                [0.461504, -0.881941, -0.095884, 0.0, -0.051456, -0.134512, 0.989575, 0.4, -0.885644, -0.451759, -0.10746, 0.0, 0.0, 0.0, 0.0, 1.0]
            ]
        },
        {
            "name": "Arm_L",
            "time": [0.0, 0.1333, 0.2833, 0.4667, 0.6167, 0.75, 1.0],
            "transform": [
                [-0.236727, 0.683121, 0.690873, 0.0, -0.962936, -0.259584, -0.073278, 0.39386, 0.129282, -0.682614, 0.719253, -0.0, 0.0, 0.0, 0.0, 1.0],
                [-0.152431, 0.279547, 0.947955, -0.0, -0.955223, -0.287793, -0.068732, 0.39386, 0.253601, -0.915985, 0.310898, -0.0, 0.0, 0.0, 0.0, 1.0],
                [-0.366114, 0.277339, 0.888282, -0.0, -0.929696, -0.150384, -0.33623, 0.39386, 0.040334, -0.94893, 0.312898, 0.0, 0.0, 0.0, 0.0, 1.0],
                [-0.577439, 0.592497, 0.561704, 0.0, -0.774932, -0.18119, -0.605516, 0.39386, -0.256992, -0.784931, 0.563771, -0.0, 0.0, 0.0, 0.0, 1.0],
                [-0.704037, 0.698914, 0.125904, -0.0, -0.564398, -0.443061, -0.696528, 0.39386, -0.43103, -0.561442, 0.706397, 0.0, 0.0, 0.0, 0.0, 1.0],
                [-0.714686, 0.698884, 0.028014, 0.0, -0.516737, -0.50058, -0.694552, 0.39386, -0.471389, -0.510862, 0.718897, 0.0, 0.0, 0.0, 0.0, 1.0],
                [-0.714686, 0.698884, 0.028014, 0.0, -0.516737, -0.50058, -0.694552, 0.39386, -0.471389, -0.510862, 0.718897, 0.0, 0.0, 0.0, 0.0, 1.0]
            ]
        },
        {
            "name": "Hand_L",
            "time": [0.0, 0.1333, 0.2833, 0.4667, 0.6167, 0.75, 1.0],
            "transform": [
                [1.020654, 0.012125, -0.008072, 0.0, -0.014865, 0.820196, -0.571898, 0.3, -0.00032, 0.571955, 0.820285, -0.0, 0.0, 0.0, 0.0, 1.0],
                [1.020375, 0.020155, -0.018777, -0.0, -0.025908, 0.409033, -0.912167, 0.3, -0.010926, 0.912297, 0.409389, -0.0, 0.0, 0.0, 0.0, 1.0],
                [1.020375, 0.020155, -0.018777, -0.0, -0.025908, 0.409033, -0.912167, 0.3, -0.010926, 0.912297, 0.409389, 0.0, 0.0, 0.0, 0.0, 1.0],
                [1.020716, 0.005025, -0.008162, 0.0, -0.00905, 0.808546, -0.588366, 0.3, 0.003718, 0.588411, 0.808554, 0.0, 0.0, 0.0, 0.0, 1.0],
                [1.020761, 0.000788, -0.001465, 0.0, -0.000835, 0.999784, -0.020776, 0.3, 0.001478, 0.020777, 0.999783, 0.0, 0.0, 0.0, 0.0, 1.0],
                [1.020763, 0.0, 0.0, 0.0, -0.0, 0.993937, 0.109947, 0.3, -0.0, -0.109947, 0.993937, -0.0, 0.0, 0.0, 0.0, 1.0],
                [1.020763, 0.0, 0.0, 0.0, -0.0, 0.993937, 0.109947, 0.3, -0.0, -0.109947, 0.993937, -0.0, 0.0, 0.0, 0.0, 1.0]
            ]
        },
        {
            "name": "Tool_L",
            "time": [0.0, 1.0],
            "transform": [
                [1.0, -0.0, 0.0, 0.0, 0.0, -0.999836, 0.018122, 0.272858, 0.0, -0.018122, -0.999248, 0.0, 0.0, 0.0, 0.0, 1.0],
                [1.0, -0.0, 0.0, 0.0, -0.0, -0.999836, 0.018122, 0.272858, 0.0, -0.018122, -0.999248, -0.0, 0.0, 0.0, 0.0, 1.0]
            ]
        },
        {
            "name": "Elbow_L",
            "time": [0.0, 0.1333, 0.2833, 0.4667, 0.6167, 1.0],
            "transform": [
                [-1.0, 0.0, -0.0, 0.0, 0.0, -0.0, -1.0, 0.367861, -0.0, -1.0, -0.0, -0.0, 0.0, 0.0, 0.0, 1.0],
                [-1.0, 0.0, -0.0, -0.0, 0.0, -0.0, -1.0, 0.412338, -0.0, -1.0, -0.0, -0.0, 0.0, 0.0, 0.0, 1.0],
                [-1.0, 0.0, -0.0, -0.0, 0.0, -0.0, -1.0, 0.411847, -0.0, -1.0, -0.0, 0.0, 0.0, 0.0, 0.0, 1.0],
                [-1.0, 0.0, -0.0, 0.0, 0.0, -0.0, -1.0, 0.371131, -0.0, -1.0, -0.0, 0.0, 0.0, 0.0, 0.0, 1.0],
                [-1.0, 0.0, -0.0, 0.0, 0.0, -0.0, -1.0, 0.3, -0.0, -1.0, 0.0, 0.0, 0.0, 0.0, 0.0, 1.0],
                [-1.0, 0.0, -0.0, 0.0, 0.0, -0.0, -1.0, 0.3, -0.0, -1.0, -0.0, -0.0, 0.0, 0.0, 0.0, 1.0]
            ]
        }
    ]
}