{
    "animation": [
        {
            "name": "Root",
            "time": [0.0, 0.1167, 0.2333, 0.3167, 0.45, 0.5333, 0.65, 0.9167, 1.0833, 1.2167, 1.7167],
            "transform": [
                [-0.388564, -0.107028, 0.915185, -5e-06, 0.873619, 0.272967, 0.402838, -0.00302, -0.29293, 0.956051, -0.012564, 0.525006, 0.0, 0.0, 0.0, 1.0],
                [-0.338198, -0.05516, 0.939457, -5e-06, 0.923775, 0.171074, 0.342597, 0.136484, -0.179614, 0.983713, -0.006902, 0.697951, 0.0, 0.0, 0.0, 1.0],
                [-0.251153, -0.031594, 0.967432, -5e-06, 0.959032, 0.127214, 0.253127, 0.239911, -0.131069, 0.991372, -0.00165, 0.666422, 0.0, 0.0, 0.0, 1.0],
                [-0.39207, -0.189237, 0.900261, -5e-06, 0.900763, 0.119784, 0.417467, 0.362632, -0.186837, 0.974598, 0.123494, 0.670705, 0.0, 0.0, 0.0, 1.0],
                [-0.430525, -0.388484, 0.814695, -5e-06, 0.854932, 0.113872, 0.506088, 0.583529, -0.289378, 0.914392, 0.283102, 0.60227, 0.0, 0.0, 0.0, 1.0],
                [0.699551, -0.142895, 0.70015, -5e-06, 0.711128, 0.235448, -0.662466, 0.747361, -0.070186, 0.961325, 0.266324, 0.641912, 0.0, 0.0, 0.0, 1.0],
                [0.438922, 0.010374, -0.898465, -5e-06, -0.891364, -0.120969, -0.43685, 0.976725, -0.113218, 0.992602, -0.043849, 0.69741, 0.0, 0.0, 0.0, 1.0],
                [-0.213362, 0.17924, -0.96039, -5e-06, -0.938401, 0.235893, 0.252502, 1.367816, 0.271807, 0.955106, 0.117868, 0.579795, 0.0, 0.0, 0.0, 1.0],
                [-0.425393, 0.215021, -0.879094, -5e-06, -0.820788, 0.317534, 0.474846, 1.389089, 0.381244, 0.923546, 0.041409, 0.570085, 0.0, 0.0, 0.0, 1.0],
                [-0.425393, 0.215021, -0.879094, -5e-06, -0.820788, 0.317534, 0.474846, 1.389089, 0.381244, 0.923546, 0.041409, 0.570085, 0.0, 0.0, 0.0, 1.0],
                [0.274314, 0.012881, -0.961554, -5e-06, -0.956846, 0.103375, -0.271586, 1.390062, 0.095902, 0.994559, 0.040682, 0.687714, 0.0, 0.0, 0.0, 1.0]
            ]
        },
        {
            "name": "Thigh_R",
            "time": [0.0, 0.1167, 0.2333, 0.3167, 0.45, 0.5333, 0.5833, 0.65, 0.8, 0.9167, 1.0833, 1.2167, 1.35, 1.4667, 1.7167],
            "transform": [
                [0.223333, 0.974674, 0.011351, 0.124993, 0.278771, -0.075026, 0.957423, -0.002831, 0.934028, -0.210659, -0.288468, -1.2e-05, 0.0, 0.0, 0.0, 1.0],
                [0.289036, 0.662619, 0.690936, 0.124993, 0.028534, -0.727382, 0.685638, -0.002831, 0.956892, -0.178458, -0.229148, -1.2e-05, 0.0, 0.0, 0.0, 1.0],
                [0.278689, 0.618493, 0.734709, 0.124993, -0.12685, -0.734607, 0.666528, -0.002831, 0.951967, -0.278951, -0.126271, -1.2e-05, 0.0, 0.0, 0.0, 1.0],
                [0.392999, 0.906716, 0.153018, 0.124993, -0.025533, -0.155582, 0.987493, -0.002831, 0.919184, -0.39199, -0.037993, -1.2e-05, 0.0, 0.0, 0.0, 1.0],
                [0.618784, 0.776808, -0.116927, 0.124993, 0.633779, -0.40572, 0.65857, -0.002831, 0.464144, -0.481618, -0.74338, -1.2e-05, 0.0, 0.0, 0.0, 1.0],
                [0.983625, 0.113493, -0.139999, 0.124993, 0.178012, -0.490485, 0.853074, -0.002831, 0.02815, -0.864025, -0.502658, -1.2e-05, 0.0, 0.0, 0.0, 1.0],
                [0.988962, -0.129271, -0.072399, 0.124993, -0.040194, -0.704391, 0.708672, -0.002831, -0.142608, -0.697938, -0.701814, -1.2e-05, 0.0, 0.0, 0.0, 1.0],
                [0.959437, -0.066905, -0.273867, 0.124993, 0.101213, -0.824922, 0.556109, -0.002831, -0.263126, -0.561269, -0.784692, -1.2e-05, 0.0, 0.0, 0.0, 1.0],
                [0.960084, 0.095018, -0.263077, 0.124993, 0.254495, -0.686996, 0.680637, -0.002831, -0.116061, -0.720419, -0.683757, -1.2e-05, 0.0, 0.0, 0.0, 1.0],
                [0.986906, 0.142796, -0.074997, 0.124994, 0.161248, -0.862499, 0.479679, -0.002831, 0.003812, -0.48549, -0.874233, -1.2e-05, 0.0, 0.0, 0.0, 1.0],
                [0.991578, -0.048928, -0.119912, 0.124993, 0.048787, -0.716564, 0.695812, -0.002831, -0.119969, -0.6958, -0.708144, -1.2e-05, 0.0, 0.0, 0.0, 1.0],
                [0.990119, -0.052981, -0.129834, 0.124993, 0.052784, -0.716967, 0.695105, -0.002831, -0.129914, -0.695088, -0.707088, -1.2e-05, 0.0, 0.0, 0.0, 1.0],
                [0.981033, -0.143789, -0.12999, 0.124993, 0.017329, -0.60287, 0.79765, -0.002831, -0.193061, -0.784772, -0.588946, -1.2e-05, 0.0, 0.0, 0.0, 1.0],
                [0.959149, -0.14978, -0.239994, 0.124993, 0.067432, -0.702842, 0.708141, -0.002831, -0.274744, -0.695395, -0.664033, -1.2e-05, 0.0, 0.0, 0.0, 1.0],
                [0.863215, 0.022434, -0.504337, 0.124994, 0.239513, -0.897617, 0.370019, -0.002831, -0.444402, -0.4402, -0.780212, -1.2e-05, 0.0, 0.0, 0.0, 1.0]
            ]
        },
        {
            "name": "Leg_R",
            "time": [0.0, 0.1167, 0.2333, 0.3167, 0.45, 0.5333, 0.5833, 0.65, 0.8, 0.9167, 1.0833, 1.2167, 1.35, 1.4667, 1.7167],
            "transform": [
                [1.0, -0.0, 1e-06, -0.0, -0.0, 0.288747, 0.957405, 0.37472, -0.0, -0.957406, 0.288747, -0.0, 0.0, 0.0, 0.0, 1.0],
                [1.0, 0.0, 1e-06, 0.0, -1e-06, 0.84409, 0.536202, 0.37472, -1e-06, -0.536203, 0.844089, 0.0, 0.0, 0.0, 0.0, 1.0],
                [1.0, -0.0, 1e-06, 0.0, -1e-06, 0.652968, 0.757385, 0.37472, -1e-06, -0.757386, 0.652968, 0.0, 0.0, 0.0, 0.0, 1.0],
                [1.0, -1e-06, 0.0, 0.0, -0.0, -0.040454, 0.999181, 0.37472, -1e-06, -0.999182, -0.040454, 0.0, 0.0, 0.0, 0.0, 1.0],
                [1.0, -0.0, 1e-06, 0.0, -0.0, 0.678295, 0.734789, 0.37472, -1e-06, -0.734791, 0.678294, 0.0, 0.0, 0.0, 0.0, 1.0],
                [1.0, -1e-06, 0.0, -0.0, 0.0, 0.599354, 0.800484, 0.37472, -1e-06, -0.800485, 0.599353, -0.0, 0.0, 0.0, 0.0, 1.0],
                [1.0, -1e-06, 1e-06, -0.0, 0.0, 0.693241, 0.720706, 0.37472, -1e-06, -0.720707, 0.69324, 0.0, 0.0, 0.0, 0.0, 1.0],
                [1.0, -1e-06, 1e-06, -0.0, 0.0, 0.784929, 0.619586, 0.37472, -1e-06, -0.619587, 0.784928, -0.0, 0.0, 0.0, 0.0, 1.0],
                [1.0, -1e-06, 1e-06, 0.0, -0.0, 0.672313, 0.740267, 0.37472, -1e-06, -0.740268, 0.672312, 0.0, 0.0, 0.0, 0.0, 1.0],
                [1.0, -0.0, 1e-06, 0.0, 0.0, 1.000001, 0.0, 0.37472, -1e-06, -0.0, 0.999999, -0.0, 0.0, 0.0, 0.0, 1.0],
                [1.0, -1e-06, 1e-06, 0.0, 0.0, 0.709174, 0.705034, 0.37472, -1e-06, -0.705035, 0.709173, 0.0, 0.0, 0.0, 0.0, 1.0],
                [1.0, -1e-06, 1e-06, -0.0, -0.0, 0.709243, 0.704964, 0.37472, -1e-06, -0.704965, 0.709242, -0.0, 0.0, 0.0, 0.0, 1.0],
                [1.0, -1e-06, 1e-06, -0.0, -0.0, 0.535043, 0.844824, 0.37472, -1e-06, -0.844826, 0.535042, -0.0, 0.0, 0.0, 0.0, 1.0],
                [1.0, -1e-06, 1e-06, -0.0, 0.0, 0.695032, 0.718979, 0.37472, -1e-06, -0.71898, 0.695031, 0.0, 0.0, 0.0, 0.0, 1.0],
                [1.0, -1e-06, 1e-06, 0.0, 0.0, 0.830192, 0.557478, 0.37472, -1e-06, -0.557479, 0.83019, -0.0, 0.0, 0.0, 0.0, 1.0]
            ]
        },
        {
            "name": "Knee_R",
            "time": [0.0, 0.1167, 0.2333, 0.3167, 0.45, 0.5333, 0.5833, 0.65, 0.8, 0.9167, 1.0833, 1.2167, 1.35, 1.4667, 1.7167],
            "transform": [
                [1.0, 0.0, -0.0, -0.0, -0.0, 1e-06, -1.0, 0.453418, -0.0, 1.0, 1e-06, -0.0, 0.0, 0.0, 0.0, 1.0],
                [1.0, 0.0, -0.0, -0.0, -0.0, 1e-06, -1.0, 0.389491, -0.0, 1.0, 1e-06, -0.0, 0.0, 0.0, 0.0, 1.0],
                [1.0, 0.0, -0.0, 0.0, -0.0, 1e-06, -1.0, 0.415834, -0.0, 1.0, 1e-06, 0.0, 0.0, 0.0, 0.0, 1.0],
                [1.0, 0.0, -0.0, 0.0, -0.0, 1e-06, -1.0, 0.47972, -0.0, 1.0, 1e-06, -0.0, 0.0, 0.0, 0.0, 1.0],
                [1.0, 0.0, -0.0, 0.0, -0.0, 1e-06, -1.0, 0.412786, -0.0, 1.0, 1e-06, -0.0, 0.0, 0.0, 0.0, 1.0],
                [1.0, 0.0, -0.0, -0.0, -0.0, 1e-06, -1.0, 0.422012, -0.0, 1.0, 1e-06, -0.0, 0.0, 0.0, 0.0, 1.0],
                [1.0, 0.0, -0.0, 0.0, -0.0, 1e-06, -1.0, 0.410942, -0.0, 1.0, 1e-06, 0.0, 0.0, 0.0, 0.0, 1.0],
                [1.0, -0.0, -0.0, -0.0, -0.0, 1e-06, -1.0, 0.398676, -0.0, 1.0, 1e-06, -0.0, 0.0, 0.0, 0.0, 1.0],
                [1.0, 0.0, -0.0, 0.0, -0.0, 1e-06, -1.0, 0.413514, 0.0, 1.0, 1e-06, -0.0, 0.0, 0.0, 0.0, 1.0],
                [1.0, 0.0, -0.0, 0.0, -0.0, 1e-06, -1.0, 0.37472, -0.0, 1.0, 1e-06, 0.0, 0.0, 0.0, 0.0, 1.0],
                [1.0, 0.0, -0.0, 0.0, -0.0, 1e-06, -1.0, 0.408935, -0.0, 1.0, 1e-06, 0.0, 0.0, 0.0, 0.0, 1.0],
                [1.0, 0.0, -0.0, -0.0, -0.0, 1e-06, -1.0, 0.408926, -0.0, 1.0, 1e-06, -0.0, 0.0, 0.0, 0.0, 1.0],
                [1.0, 0.0, -0.0, -0.0, -0.0, 1e-06, -1.0, 0.429027, -0.0, 1.0, 1e-06, -0.0, 0.0, 0.0, 0.0, 1.0],
                [1.0, 0.0, -0.0, -0.0, -0.0, 1e-06, -1.0, 0.410718, -0.0, 1.0, 1e-06, 0.0, 0.0, 0.0, 0.0, 1.0],
                [1.0, 0.0, -0.0, -0.0, -0.0, 1e-06, -1.0, 0.391773, -0.0, 1.0, 1e-06, -0.0, 0.0, 0.0, 0.0, 1.0]
            ]
        },
        {
            "name": "Thigh_L",
            "time": [0.0, 0.1167, 0.2333, 0.3167, 0.45, 0.5333, 0.5833, 0.65, 0.9167, 1.0833, 1.2167, 1.4667, 1.7167],
            "transform": [
                [0.954743, -0.112916, 0.275163, -0.128469, -0.262616, -0.75435, 0.601654, -0.003243, 0.139633, -0.646688, -0.749865, 0.021166, 0.0, 0.0, 0.0, 1.0],
                [0.950077, -0.078026, 0.302099, -0.128469, -0.280619, -0.636951, 0.718015, -0.003243, 0.136398, -0.766945, -0.627049, 0.021166, 0.0, 0.0, 0.0, 1.0],
                [0.989676, 0.138056, -0.038483, -0.128469, 0.140391, -0.879851, 0.454039, -0.003243, 0.028824, -0.454754, -0.89015, 0.021166, 0.0, 0.0, 0.0, 1.0],
                [0.961562, -0.067772, -0.26609, -0.128469, 0.095055, -0.826988, 0.554126, -0.003243, -0.257608, -0.55812, -0.788759, 0.021166, 0.0, 0.0, 0.0, 1.0],
                [0.731337, -0.321074, -0.601712, -0.128469, 0.323831, -0.612985, 0.720682, -0.003243, -0.600233, -0.721915, -0.344325, 0.021166, 0.0, 0.0, 0.0, 1.0],
                [0.526922, -0.62585, -0.575034, -0.128469, 0.129707, -0.609439, 0.78215, -0.003243, -0.839957, -0.486718, -0.23995, 0.021166, 0.0, 0.0, 0.0, 1.0],
                [0.404248, -0.628725, -0.664296, -0.128469, -0.201987, -0.769719, 0.605585, -0.003243, -0.892067, -0.110627, -0.438152, 0.021166, 0.0, 0.0, 0.0, 1.0],
                [0.244742, -0.343425, -0.90673, -0.128469, -0.436381, -0.874117, 0.213286, -0.003243, -0.865835, 0.343481, -0.363798, 0.021166, 0.0, 0.0, 0.0, 1.0],
                [0.1973, -0.953353, -0.228454, -0.128469, -0.363895, -0.287606, 0.885925, -0.003243, -0.910303, -0.091659, -0.403666, 0.021166, 0.0, 0.0, 0.0, 1.0],
                [0.167087, -0.962856, -0.212111, -0.128469, -0.577145, -0.269942, 0.770736, -0.003243, -0.799364, -0.006361, -0.600812, 0.021166, 0.0, 0.0, 0.0, 1.0],
                [0.182088, -0.960731, -0.209378, -0.128469, -0.585743, -0.277016, 0.761686, -0.003243, -0.789777, -0.016052, -0.613183, 0.021166, 0.0, 0.0, 0.0, 1.0],
                [0.289636, -0.892056, -0.346912, -0.128469, -0.252343, -0.420793, 0.871352, -0.003244, -0.923273, -0.164834, -0.346981, 0.021166, 0.0, 0.0, 0.0, 1.0],
                [0.276268, -0.695328, -0.663472, -0.128469, 0.000609, -0.690213, 0.723605, -0.003244, -0.96108, -0.200313, -0.19026, 0.021165, 0.0, 0.0, 0.0, 1.0]
            ]
        },
        {
            "name": "Leg_L",
            "time": [0.0, 0.1167, 0.2333, 0.3167, 0.45, 0.5333, 0.5833, 0.65, 0.9167, 1.0833, 1.2167, 1.4667, 1.7167],
            "transform": [
                [1.0, -1e-06, 1e-06, 0.0, -0.0, 0.614874, 0.788626, 0.37472, -1e-06, -0.788625, 0.614874, 0.0, 0.0, 0.0, 0.0, 1.0],
                [1.0, -1e-06, 1e-06, -0.0, -0.0, 0.184189, 0.982891, 0.37472, -1e-06, -0.982891, 0.184189, 0.0, 0.0, 0.0, 0.0, 1.0],
                [1.0, -1e-06, 1e-06, 0.0, -0.0, 0.610114, 0.792314, 0.37472, -1e-06, -0.792314, 0.610114, -0.0, 0.0, 0.0, 0.0, 1.0],
                [1.0, -1e-06, 1e-06, 0.0, -0.0, 0.741281, 0.671194, 0.37472, -1e-06, -0.671194, 0.741282, -0.0, 0.0, 0.0, 0.0, 1.0],
                [1.0, -1e-06, 1e-06, 0.0, 0.0, 0.749913, 0.661537, 0.37472, -1e-06, -0.661536, 0.749913, 0.0, 0.0, 0.0, 0.0, 1.0],
                [1.0, -1e-06, 1e-06, -0.0, -1e-06, 0.229331, 0.973349, 0.37472, -1e-06, -0.973348, 0.229331, -0.0, 0.0, 0.0, 0.0, 1.0],
                [1.0, -1e-06, 1e-06, -0.0, -1e-06, 0.225991, 0.97413, 0.37472, -1e-06, -0.974129, 0.225992, 0.0, 0.0, 0.0, 0.0, 1.0],
                [1.0, -1e-06, 1e-06, 0.0, -0.0, 0.444126, 0.895965, 0.37472, -1e-06, -0.895964, 0.444126, -0.0, 0.0, 0.0, 0.0, 1.0],
                [1.0, -1e-06, 1e-06, -0.0, -1e-06, 0.334293, 0.942469, 0.37472, -1e-06, -0.942469, 0.334294, 0.0, 0.0, 0.0, 0.0, 1.0],
                [1.0, -1e-06, 1e-06, -0.0, -1e-06, 0.240927, 0.970544, 0.37472, -1e-06, -0.970543, 0.240927, 0.0, 0.0, 0.0, 0.0, 1.0],
                [1.0, -1e-06, 1e-06, 0.0, -1e-06, 0.240921, 0.970545, 0.37472, -1e-06, -0.970544, 0.240921, -0.0, 0.0, 0.0, 0.0, 1.0],
                [1.0, -1e-06, 1e-06, -0.0, -0.0, 0.379426, 0.925223, 0.37472, -1e-06, -0.925222, 0.379426, -0.0, 0.0, 0.0, 0.0, 1.0],
                [1.0, -1e-06, 1e-06, -0.0, 0.0, 0.72169, 0.692216, 0.37472, -1e-06, -0.692216, 0.72169, -0.0, 0.0, 0.0, 0.0, 1.0]
            ]
        },
        {
            "name": "Knee_L",
            "time": [0.0, 0.1167, 0.2333, 0.3167, 0.45, 0.5333, 0.5833, 0.65, 0.8, 0.9167, 1.0833, 1.2167, 1.35, 1.4667, 1.7167],
            "transform": [
                [1.0, 0.0, -0.0, 0.0, -0.0, 1e-06, -1.0, 0.420258, -0.0, 1.0, 1e-06, -0.0, 0.0, 0.0, 0.0, 1.0],
                [1.0, 0.0, -0.0, -0.0, -0.0, 1e-06, -1.0, 0.463086, -0.0, 1.0, 1e-06, -0.0, 0.0, 0.0, 0.0, 1.0],
                [1.0, 0.0, -0.0, 0.0, -0.0, 1e-06, -1.0, 0.420798, -0.0, 1.0, 1e-06, -0.0, 0.0, 0.0, 0.0, 1.0],
                [1.0, 0.0, -0.0, 0.0, -0.0, 1e-06, -1.0, 0.404746, -0.0, 1.0, 1e-06, -0.0, 0.0, 0.0, 0.0, 1.0],
                [1.0, 0.0, -0.0, 0.0, -0.0, 1e-06, -1.0, 0.403583, -0.0, 1.0, 1e-06, -0.0, 0.0, 0.0, 0.0, 1.0],
                [1.0, 0.0, -0.0, -0.0, -0.0, 1e-06, -1.0, 0.458943, -0.0, 1.0, 1e-06, -0.0, 0.0, 0.0, 0.0, 1.0],
                [1.0, 0.0, -0.0, 0.0, -0.0, 0.0, -1.0, 0.459251, -0.0, 1.0, 0.0, 0.0, 0.0, 0.0, 0.0, 1.0],
                [1.0, 0.0, -0.0, 0.0, -0.0, 1e-06, -1.0, 0.438398, -0.0, 1.0, 1e-06, -0.0, 0.0, 0.0, 0.0, 1.0],
                [1.0, 0.0, -0.0, 0.0, -0.0, 1e-06, -1.0, 0.444426, -0.0, 1.0, 1e-06, -0.0, 0.0, 0.0, 0.0, 1.0],
                [1.0, 0.0, -0.0, 0.0, -0.0, 1e-06, -1.0, 0.449114, -0.0, 1.0, 1e-06, 0.0, 0.0, 0.0, 0.0, 1.0],
                [1.0, 0.0, -0.0, -0.0, -0.0, 1e-06, -1.0, 0.457872, -0.0, 1.0, 1e-06, -0.0, 0.0, 0.0, 0.0, 1.0],
                [1.0, 0.0, -0.0, 0.0, -0.0, 1e-06, -1.0, 0.457872, -0.0, 1.0, 1e-06, -0.0, 0.0, 0.0, 0.0, 1.0],
                [1.0, 0.0, -0.0, 0.0, -0.0, 1e-06, -1.0, 0.450887, -0.0, 1.0, 1e-06, -0.0, 0.0, 0.0, 0.0, 1.0],
                [1.0, 0.0, -0.0, -0.0, -0.0, 1e-06, -1.0, 0.444775, -0.0, 1.0, 1e-06, 0.0, 0.0, 0.0, 0.0, 1.0],
                [1.0, 0.0, -0.0, 0.0, -0.0, 1e-06, -1.0, 0.407326, -0.0, 1.0, 1e-06, -0.0, 0.0, 0.0, 0.0, 1.0]
            ]
        },
        {
            "name": "Torso",
            "time": [0.0, 0.2667, 0.65, 1.2167, 1.7167],
            "transform": [
                [0.999999, -0.000115, 0.001486, -0.0, 0.000132, 0.999935, -0.011409, 0.05, -0.001484, 0.011409, 0.999934, -0.0, 0.0, 0.0, 0.0, 1.0],
                [0.999959, -0.000436, 0.009073, 0.0, 0.001066, 0.99758, -0.069513, 0.05, -0.009021, 0.06952, 0.99754, -0.0, 0.0, 0.0, 0.0, 1.0],
                [1.0, 0.0, -0.0, -0.0, 0.0, 1.0, -0.0, 0.05, -0.0, -0.0, 1.0, 0.0, 0.0, 0.0, 0.0, 1.0],
                [1.0, 0.0, -0.0, 0.0, 0.0, 1.0, 0.0, 0.05, -0.0, 0.0, 1.0, -0.0, 0.0, 0.0, 0.0, 1.0],
                [1.0, 0.0, -0.0, 0.0, 0.0, 1.0, 0.0, 0.05, 0.0, -0.0, 1.0, -0.0, 0.0, 0.0, 0.0, 1.0]
            ]
        },
        {
            "name": "Chest",
            "time": [0.0, 0.2667, 0.65, 1.0833, 1.2167, 1.7167],
            "transform": [
                [0.999867, 0.015475, -0.005084, 0.0, -0.015317, 0.999437, 0.029831, 0.3, 0.005543, -0.029749, 0.999542, -0.0, 0.0, 0.0, 0.0, 1.0],
                [0.995075, 0.096256, -0.023688, 0.0, -0.090379, 0.979122, 0.182078, 0.3, 0.04072, -0.179041, 0.982999, 0.0, 0.0, 0.0, 0.0, 1.0],
                [1.0, 0.0, -0.0, 0.0, -0.0, 1.0, 0.0, 0.3, 0.0, 0.0, 1.0, -0.0, 0.0, 0.0, 0.0, 1.0],
                [0.994019, -0.05495, 0.094373, 0.0, 0.029953, 0.968227, 0.248273, 0.3, -0.105017, -0.243962, 0.964082, 0.0, 0.0, 0.0, 0.0, 1.0],
                [0.994019, -0.05495, 0.094373, 0.0, 0.029953, 0.968227, 0.248273, 0.3, -0.105017, -0.243962, 0.964082, 0.0, 0.0, 0.0, 0.0, 1.0],
                [1.0, 0.0, -0.0, 0.0, 0.0, 1.0, 0.0, 0.3, 0.0, -0.0, 1.0, -0.0, 0.0, 0.0, 0.0, 1.0]
            ]
        },
        {
            "name": "Head",
            "time": [0.0, 0.2667, 0.45, 0.5333, 0.5833, 0.65, 1.0833, 1.2167, 1.7167],
            "transform": [
                [-0.116736, -0.393445, -0.911906, 0.0, -0.059047, 0.919309, -0.389081, 0.4, 0.991406, 0.008426, -0.130548, -0.0, 0.0, 0.0, 0.0, 1.0],
                [0.076603, -0.190558, -0.978683, -0.0, -0.10528, 0.974534, -0.197991, 0.4, 0.991488, 0.118202, 0.05459, 0.0, 0.0, 0.0, 0.0, 1.0],
                [0.148418, -0.319061, -0.936041, 0.0, -0.332353, 0.875376, -0.35108, 0.4, 0.931404, 0.363203, 0.023881, 0.0, 0.0, 0.0, 0.0, 1.0],
                [0.871367, -0.09016, -0.482277, 0.0, -0.073451, 0.947921, -0.309921, 0.4, 0.485103, 0.305479, 0.819365, -0.0, 0.0, 0.0, 0.0, 1.0],
                [0.98265, -0.017686, 0.184627, -0.0, 0.038482, 0.993223, -0.10967, 0.4, -0.181436, 0.114872, 0.976671, 0.0, 0.0, 0.0, 0.0, 1.0],
                [0.473729, -0.074634, 0.877502, -0.0, 0.022494, 0.997103, 0.072663, 0.4, -0.880383, -0.014684, 0.474036, 0.0, 0.0, 0.0, 0.0, 1.0],
                [0.216151, 0.402378, 0.88959, -0.0, 0.203393, 0.872583, -0.444105, 0.4, -0.95494, 0.27693, 0.106769, -0.0, 0.0, 0.0, 0.0, 1.0],
                [0.216151, 0.402378, 0.88959, -0.0, 0.203393, 0.872583, -0.444105, 0.4, -0.95494, 0.27693, 0.106769, -0.0, 0.0, 0.0, 0.0, 1.0],
                [0.272939, 0.096728, 0.957156, 0.0, 0.014178, 0.99442, -0.104537, 0.4, -0.961927, 0.042102, 0.270045, -0.0, 0.0, 0.0, 0.0, 1.0]
            ]
        },
        {
            "name": "Shoulder_R",
            "time": [0.0, 0.2667, 0.45, 0.5833, 0.65, 0.7833, 0.9167, 1.0833, 1.2167, 1.4667, 1.5667, 1.7167],
            "transform": [
                [0.203616, 0.87472, 0.439778, 0.0, -0.186949, -0.406186, 0.894462, 0.4, 0.961036, -0.264343, 0.080822, -0.0, 0.0, 0.0, 0.0, 1.0],
                [0.446421, 0.892485, 0.064638, -0.0, 0.050441, -0.09722, 0.993984, 0.4, 0.8934, -0.440475, -0.088419, 0.0, 0.0, 0.0, 0.0, 1.0],
                [0.644932, 0.762304, 0.054367, 0.0, 0.159101, -0.203503, 0.966061, 0.4, 0.747496, -0.614393, -0.252528, 0.0, 0.0, 0.0, 0.0, 1.0],
                [0.284342, 0.953338, -0.101472, -0.0, -0.056664, 0.122367, 0.990866, 0.4, 0.957047, -0.275995, 0.088814, 0.0, 0.0, 0.0, 0.0, 1.0],
                [-0.397652, 0.897824, 0.18917, -0.0, -0.04613, -0.225473, 0.973157, 0.4, 0.916376, 0.378251, 0.131077, 0.0, 0.0, 0.0, 0.0, 1.0],
                [-0.374225, 0.846158, 0.379436, -0.0, -0.014281, -0.414377, 0.909993, 0.4, 0.927228, 0.335123, 0.167154, 0.0, 0.0, 0.0, 0.0, 1.0],
                [-0.031374, 0.898599, 0.437647, -0.0, -0.060258, -0.438766, 0.896579, 0.4, 0.997689, 0.001758, 0.067914, 0.0, 0.0, 0.0, 0.0, 1.0],
                [0.337292, 0.919719, 0.200875, -0.0, -0.133133, -0.164633, 0.977329, 0.4, 0.931939, -0.356388, 0.066915, -0.0, 0.0, 0.0, 0.0, 1.0],
                [0.337292, 0.919719, 0.200875, -0.0, -0.133133, -0.164633, 0.977329, 0.4, 0.931939, -0.356388, 0.066915, -0.0, 0.0, 0.0, 0.0, 1.0],
                [0.169532, 0.953062, 0.250862, 0.0, -0.072938, -0.241714, 0.967602, 0.4, 0.982822, -0.182337, 0.028536, -0.0, 0.0, 0.0, 0.0, 1.0],
                [0.004016, 0.991942, 0.126627, -0.0, -0.736926, -0.082661, 0.6709, 0.4, 0.675961, -0.096009, 0.730656, 0.0, 0.0, 0.0, 0.0, 1.0],
                [0.0, 0.952114, 0.305743, 0.0, 0.0, -0.305743, 0.952114, 0.4, 1.0, 0.0, -0.0, -0.0, 0.0, 0.0, 0.0, 1.0]
            ]
        },
        {
            "name": "Arm_R",
            "time": [0.0, 0.0833, 0.2667, 0.45, 0.65, 0.7833, 1.0833, 1.2167, 1.4, 1.55, 1.7167],
            "transform": [
                [0.386823, -0.516731, -0.763778, 0.00526, 0.88795, -0.014766, 0.459702, 0.374246, -0.248821, -0.85602, 0.45312, -0.013623, 0.0, 0.0, 0.0, 1.0],
                [0.16063, -0.426127, -0.890289, 0.013103, 0.770139, 0.618261, -0.156972, 0.344995, 0.61732, -0.660432, 0.427488, -0.033938, 0.0, 0.0, 0.0, 1.0],
                [-0.021115, -0.416105, -0.909072, 0.028425, -0.57767, 0.747208, -0.328598, 0.287859, 0.815997, 0.518205, -0.256149, -0.073621, 0.0, 0.0, 0.0, 1.0],
                [-0.021115, -0.416105, -0.909072, 0.028425, -0.57767, 0.747208, -0.328598, 0.287859, 0.815997, 0.518205, -0.256149, -0.073621, 0.0, 0.0, 0.0, 1.0],
                [0.058727, 0.333024, -0.941088, -0.0, 0.052693, 0.940367, 0.336057, 0.39386, 0.996882, -0.069325, 0.037677, 0.0, 0.0, 0.0, 0.0, 1.0],
                [-0.133445, 0.118214, -0.983981, 0.0, 0.078607, 0.990995, 0.108397, 0.39386, 0.987934, -0.062882, -0.141536, 0.0, 0.0, 0.0, 0.0, 1.0],
                [-0.245655, -0.341314, -0.907281, 0.081826, 0.623967, 0.6606, -0.41746, 0.353773, 0.741835, -0.668664, 0.050689, -0.112067, 0.0, 0.0, 0.0, 1.0],
                [-0.245655, -0.341314, -0.907281, 0.081826, 0.623967, 0.6606, -0.41746, 0.353773, 0.741835, -0.668664, 0.050689, -0.112067, 0.0, 0.0, 0.0, 1.0],
                [-0.119307, -0.925495, -0.359479, 0.076453, 0.230635, 0.326327, -0.916689, 0.358632, 0.965698, -0.192275, 0.174518, -0.101933, 0.0, 0.0, 0.0, 1.0],
                [0.02966, -0.521224, -0.852904, 0.067975, 0.979724, 0.184307, -0.078562, 0.3663, 0.198145, -0.833281, 0.516122, -0.085945, 0.0, 0.0, 0.0, 1.0],
                [-0.133161, -0.84572, -0.516745, 0.061544, 0.953853, 0.032225, -0.298541, 0.372116, 0.269134, -0.532652, 0.802402, -0.073815, 0.0, 0.0, 0.0, 1.0]
            ]
        },
        {
            "name": "Hand_R",
            "time": [0.0, 0.2667, 0.45, 0.65, 0.7833, 1.0833, 1.2167, 1.4, 1.55, 1.7167],
            "transform": [
                [1.0, 0.0, 0.0, 0.0, 0.0, 0.973345, -0.229345, 0.3, -0.0, 0.229345, 0.973345, 0.0, 0.0, 0.0, 0.0, 1.0],
                [1.0, 0.0, -0.0, 0.0, -0.0, 0.240892, -0.970552, 0.3, -0.0, 0.970552, 0.240892, -0.0, 0.0, 0.0, 0.0, 1.0],
                [1.0, 0.0, 0.0, -0.0, -0.0, 0.240892, -0.970552, 0.3, -0.0, 0.970552, 0.240892, -0.0, 0.0, 0.0, 0.0, 1.0],
                [1.0, 0.0, 0.0, -0.0, -0.0, 0.993937, 0.109947, 0.3, -0.0, -0.109947, 0.993937, 0.0, 0.0, 0.0, 0.0, 1.0],
                [1.0, 0.0, 0.0, 0.0, -0.0, 0.993937, 0.109947, 0.3, -0.0, -0.109947, 0.993937, 0.0, 0.0, 0.0, 0.0, 1.0],
                [1.0, 0.0, 0.0, -0.0, 0.0, 0.624439, -0.781074, 0.3, -0.0, 0.781074, 0.624439, -0.0, 0.0, 0.0, 0.0, 1.0],
                [1.0, 0.0, 0.0, -0.0, 0.0, 0.624439, -0.781074, 0.3, -0.0, 0.781074, 0.624439, -0.0, 0.0, 0.0, 0.0, 1.0],
                [1.0, 0.0, 0.0, -0.0, -0.0, 0.999396, -0.034758, 0.3, -0.0, 0.034758, 0.999396, -0.0, 0.0, 0.0, 0.0, 1.0],
                [1.0, 0.0, 0.0, 0.0, -0.0, 0.137741, -0.990468, 0.3, -0.0, 0.990468, 0.137741, 0.0, 0.0, 0.0, 0.0, 1.0],
                [1.0, 0.0, -0.0, 0.0, -0.0, 0.137741, -0.990468, 0.3, -0.0, 0.990468, 0.137741, 0.0, 0.0, 0.0, 0.0, 1.0]
            ]
        },
        {
            "name": "Tool_R",
            "time": [0.0, 0.0833, 0.2667, 0.45, 0.5, 0.7833, 0.9167, 1.0833, 1.2167, 1.45, 1.5667, 1.7167],
            "transform": [
                [0.965759, -0.009658, 0.259262, 0.008484, 0.205849, -0.579714, -0.788389, 0.24579, 0.15782, 0.814274, -0.557554, -0.000752, 0.0, 0.0, 0.0, 1.0],
                [0.847474, -0.014895, 0.530629, 0.006133, 0.52205, -0.157743, -0.838201, 0.283736, 0.096137, 0.986782, -0.125842, 0.029301, 0.0, 0.0, 0.0, 1.0],
                [-0.010191, 0.999704, -0.022109, 0.001541, 0.678482, -0.009328, -0.734558, 0.357859, -0.734105, -0.022474, -0.677792, 0.088003, 0.0, 0.0, 0.0, 1.0],
                [0.218893, 0.97307, 0.072262, 0.001541, 0.300386, 0.003259, -0.953812, 0.357859, -0.927808, 0.230353, -0.291421, 0.088003, 0.0, 0.0, 0.0, 1.0],
                [0.990451, 0.031554, -0.134208, -8.4e-05, -0.13461, 0.010963, -0.990838, 0.276747, -0.029777, 0.99885, 0.015087, 0.018365, 0.0, 0.0, 0.0, 1.0],
                [0.990451, 0.031554, -0.134208, -8.4e-05, -0.13461, 0.010963, -0.990838, 0.276747, -0.029777, 0.99885, 0.015087, 0.018365, 0.0, 0.0, 0.0, 1.0],
                [0.989453, -0.072537, -0.125389, -8.4e-05, -0.058788, 0.590037, -0.805233, 0.276747, 0.132315, 0.803641, 0.579198, 0.018365, 0.0, 0.0, 0.0, 1.0],
                [0.972595, -0.100726, -0.209555, -8.4e-05, 0.057644, 0.977613, -0.202364, 0.276747, 0.225114, 0.18464, 0.956059, 0.018365, 0.0, 0.0, 0.0, 1.0],
                [0.972595, -0.100726, -0.209555, -8.4e-05, 0.057644, 0.977613, -0.202364, 0.276747, 0.225114, 0.18464, 0.956059, 0.018365, 0.0, 0.0, 0.0, 1.0],
                [0.934868, -0.002669, -0.354985, 0.006619, -0.344501, -0.248162, -0.905392, 0.239479, -0.08563, 0.968139, -0.23279, -0.007582, 0.0, 0.0, 0.0, 1.0],
                [0.951275, -0.05074, -0.304141, 0.007653, -0.269321, -0.617017, -0.73943, 0.233728, -0.150056, 0.784841, -0.60027, -0.011586, 0.0, 0.0, 0.0, 1.0],
                [0.999988, 0.004863, 0.000219, 0.010061, 0.004734, -0.981855, 0.189574, 0.220344, 0.001136, -0.189469, -0.981283, -0.020904, 0.0, 0.0, 0.0, 1.0]
            ]
        },
        {
            "name": "Elbow_R",
            "time": [0.0, 0.2667, 0.45, 0.65, 0.7833, 1.0833, 1.2167, 1.4, 1.55, 1.7167],
            "transform": [
                [-1.0, 0.0, 0.0, 0.0, -0.0, -0.0, -1.0, 0.332009, -0.0, -1.0, 0.0, -0.0, 0.0, 0.0, 0.0, 1.0],
                [-1.0, 0.0, -0.0, 0.0, 0.0, 0.0, -1.0, 0.434726, -0.0, -1.0, 0.0, -0.0, 0.0, 0.0, 0.0, 1.0],
                [-1.0, 0.0, -0.0, -0.0, 0.0, -0.0, -1.0, 0.434726, -0.0, -1.0, 0.0, -0.0, 0.0, 0.0, 0.0, 1.0],
                [-1.0, 0.0, -0.0, -0.0, 0.0, -0.0, -1.0, 0.3, -0.0, -1.0, 0.0, 0.0, 0.0, 0.0, 0.0, 1.0],
                [-1.0, 0.0, 0.0, 0.0, -0.0, 0.0, -1.0, 0.3, -0.0, -1.0, 0.0, 0.0, 0.0, 0.0, 0.0, 1.0],
                [-1.0, 0.0, 0.0, 0.0, -0.0, -0.0, -1.0, 0.394325, -0.0, -1.0, 0.0, -0.0, 0.0, 0.0, 0.0, 1.0],
                [-1.0, 0.0, 0.0, 0.0, -0.0, -0.0, -1.0, 0.394325, -0.0, -1.0, 0.0, -0.0, 0.0, 0.0, 0.0, 1.0],
                [-1.0, 0.0, -0.0, -0.0, -0.0, 0.0, -1.0, 0.313582, -0.0, -1.0, 0.0, 0.0, 0.0, 0.0, 0.0, 1.0],
                [-1.0, 0.0, 0.0, 0.0, 0.0, 0.0, -1.0, 0.444575, -0.0, -1.0, -0.0, 0.0, 0.0, 0.0, 0.0, 1.0],
                [-1.0, 0.0, -0.0, -0.0, 0.0, 0.0, -1.0, 0.444575, -0.0, -1.0, -0.0, -0.0, 0.0, 0.0, 0.0, 1.0]
            ]
        },
        {
            "name": "Shoulder_L",
            "time": [0.0, 0.0833, 0.2667, 0.45, 0.5833, 0.65, 1.2167, 1.4667, 1.5667, 1.7167],
            "transform": [
                [0.156138, -0.882466, -0.443706, 0.0, 0.209907, -0.409309, 0.887922, 0.4, -0.965173, -0.231776, 0.121327, -0.0, 0.0, 0.0, 0.0, 1.0],
                [0.516705, -0.595959, -0.614693, -0.0, 0.258907, -0.575583, 0.775675, 0.4, -0.816078, -0.559944, -0.143108, -0.0, 0.0, 0.0, 0.0, 1.0],
                [0.795765, -0.570317, -0.203708, -0.0, -0.048497, -0.395301, 0.91727, 0.4, -0.603661, -0.720052, -0.342225, 0.0, 0.0, 0.0, 0.0, 1.0],
                [0.630474, -0.728787, -0.267156, 0.0, -0.174588, -0.468506, 0.866038, 0.4, -0.756321, -0.499372, -0.422618, 0.0, 0.0, 0.0, 0.0, 1.0],
                [0.597164, -0.782864, -0.174698, -0.0, -0.080376, -0.275101, 0.95805, 0.4, -0.798082, -0.558071, -0.227204, 0.0, 0.0, 0.0, 0.0, 1.0],
                [0.592871, -0.75049, -0.292006, -0.0, 0.076386, -0.308563, 0.948132, 0.4, -0.801666, -0.584425, -0.125611, 0.0, 0.0, 0.0, 0.0, 1.0],
                [0.592871, -0.75049, -0.292006, -0.0, 0.076386, -0.308563, 0.948132, 0.4, -0.801666, -0.584425, -0.125611, -0.0, 0.0, 0.0, 0.0, 1.0],
                [0.312626, -0.898221, -0.308971, 0.0, 0.037907, -0.313219, 0.948924, 0.4, -0.94912, -0.30837, -0.063872, -0.0, 0.0, 0.0, 0.0, 1.0],
                [0.231958, -0.863693, -0.44747, -0.0, 0.72903, -0.150188, 0.667801, 0.4, -0.64398, -0.481121, 0.594821, 0.0, 0.0, 0.0, 0.0, 1.0],
                [0.0, -0.952114, -0.305743, 0.0, 0.0, -0.305743, 0.952114, 0.4, -1.0, -0.0, 0.0, -0.0, 0.0, 0.0, 0.0, 1.0]
            ]
        },
        {
            "name": "Arm_L",
            "time": [0.0, 0.0833, 0.2667, 0.45, 0.65, 0.8, 1.0833, 1.2167, 1.4667, 1.55, 1.7167],
            "transform": [
                [-0.777728, 0.519207, 0.354351, 0.011507, -0.257858, 0.25059, -0.93312, 0.376685, -0.573279, -0.817085, -0.061009, 0.036832, 0.0, 0.0, 0.0, 1.0],
                [-0.400517, 0.716679, 0.570926, 0.020039, -0.658292, 0.208356, -0.723353, 0.359008, -0.637368, -0.665551, 0.388334, 0.062552, 0.0, 0.0, 0.0, 1.0],
                [-0.054668, 0.965223, 0.255647, -0.040802, -0.954874, 0.02432, -0.296013, 0.35152, -0.291936, -0.260293, 0.920337, 0.009468, 0.0, 0.0, 0.0, 1.0],
                [-0.054668, 0.965223, 0.255647, -0.040803, -0.954874, 0.02432, -0.296013, 0.35152, -0.291936, -0.260293, 0.920337, 0.009468, 0.0, 0.0, 0.0, 1.0],
                [-0.357532, 0.916004, 0.181955, 0.067943, 0.10833, 0.234196, -0.966135, 0.333371, -0.927597, -0.325712, -0.182963, -0.015123, 0.0, 0.0, 0.0, 1.0],
                [-0.357532, 0.916004, 0.181955, 0.067943, 0.10833, 0.234196, -0.966135, 0.333372, -0.927597, -0.325712, -0.182963, -0.015123, 0.0, 0.0, 0.0, 1.0],
                [-0.438272, 0.88331, -0.166374, 0.067943, 0.188632, -0.090589, -0.977861, 0.333372, -0.878826, -0.459952, -0.126918, -0.015123, 0.0, 0.0, 0.0, 1.0],
                [-0.438272, 0.88331, -0.166374, 0.067943, 0.188632, -0.090589, -0.977861, 0.333372, -0.878826, -0.459952, -0.126918, -0.015123, 0.0, 0.0, 0.0, 1.0],
                [0.068933, 0.777627, -0.624936, 0.112223, 0.804612, -0.413675, -0.425997, 0.291996, -0.589787, -0.473465, -0.654203, -0.033177, 0.0, 0.0, 0.0, 1.0],
                [0.230909, 0.623734, -0.746751, 0.12678, 0.667936, -0.659693, -0.34448, 0.278394, -0.70749, -0.419239, -0.568944, -0.039112, 0.0, 0.0, 0.0, 1.0],
                [-0.524169, 0.666489, -0.530131, 0.147983, 0.180549, -0.52138, -0.834005, 0.25858, -0.832255, -0.532875, 0.152958, -0.047757, 0.0, 0.0, 0.0, 1.0]
            ]
        },
        {
            "name": "Hand_L",
            "time": [0.0, 0.0833, 0.2667, 0.45, 0.65, 0.8, 1.0833, 1.2167, 1.7167],
            "transform": [
                [1.0, 0.0, 0.0, 0.0, 0.0, 0.860418, -0.50959, 0.3, -0.0, 0.50959, 0.860418, -0.0, 0.0, 0.0, 0.0, 1.0],
                [1.0, 0.0, 0.0, 0.0, 0.0, 0.99337, -0.114959, 0.3, 0.0, 0.114959, 0.99337, -0.0, 0.0, 0.0, 0.0, 1.0],
                [1.0, 0.0, 0.0, 0.0, 0.0, 0.683972, -0.729508, 0.3, -0.0, 0.729508, 0.683972, -0.0, 0.0, 0.0, 0.0, 1.0],
                [1.0, 0.0, -0.0, 0.0, -0.0, 0.683972, -0.729509, 0.3, -0.0, 0.729508, 0.683972, -0.0, 0.0, 0.0, 0.0, 1.0],
                [1.0, 0.0, -0.0, 0.0, 0.0, 0.683972, -0.729508, 0.3, -0.0, 0.729508, 0.683972, -0.0, 0.0, 0.0, 0.0, 1.0],
                [1.0, 0.0, 0.0, 0.0, -0.0, 0.683972, -0.729508, 0.3, 0.0, 0.729508, 0.683972, 0.0, 0.0, 0.0, 0.0, 1.0],
                [1.0, 0.0, 0.0, -0.0, -0.0, 0.996776, -0.080235, 0.3, -0.0, 0.080235, 0.996776, -0.0, 0.0, 0.0, 0.0, 1.0],
                [1.0, 0.0, 0.0, -0.0, -0.0, 0.996776, -0.080235, 0.3, -0.0, 0.080235, 0.996776, -0.0, 0.0, 0.0, 0.0, 1.0],
                [1.0, 0.0, 0.0, -0.0, 0.0, 0.858144, -0.51341, 0.3, 0.0, 0.51341, 0.858144, -0.0, 0.0, 0.0, 0.0, 1.0]
            ]
        },
        {
            "name": "Tool_L",
            "time": [0.0, 1.7167],
            "transform": [
                [0.997004, 0.01104, -0.076554, -0.0, -0.036659, -0.804079, -0.593392, 0.272858, -0.068067, 0.594062, -0.8008, -0.0, 0.0, 0.0, 0.0, 1.0],
                [0.997004, 0.01104, -0.076554, 0.0, -0.036659, -0.804079, -0.593392, 0.272858, -0.068067, 0.594062, -0.8008, -0.0, 0.0, 0.0, 0.0, 1.0]
            ]
        },
        {
            "name": "Elbow_L",
            "time": [0.0, 0.0833, 0.2667, 0.45, 0.65, 0.8, 1.0833, 1.2167, 1.7167],
            "transform": [
                [-1.0, 0.0, 0.0, 0.0, 0.0, -0.0, -1.0, 0.360432, -0.0, -1.0, -0.0, -0.0, 0.0, 0.0, 0.0, 1.0],
                [-1.0, 0.0, -0.0, 0.0, 0.0, -0.0, -1.0, 0.321121, -0.0, -1.0, -0.0, 0.0, 0.0, 0.0, 0.0, 1.0],
                [-1.0, 0.0, 0.0, 0.0, -0.0, 0.0, -1.0, 0.386942, -0.0, -1.0, -0.0, 0.0, 0.0, 0.0, 0.0, 1.0],
                [-1.0, 0.0, -0.0, 0.0, 0.0, -0.0, -1.0, 0.386942, -0.0, -1.0, 0.0, 0.0, 0.0, 0.0, 0.0, 1.0],
                [-1.0, 0.0, -0.0, 0.0, -0.0, -0.0, -1.0, 0.386942, -0.0, -1.0, -0.0, -0.0, 0.0, 0.0, 0.0, 1.0],
                [-1.0, 0.0, -0.0, -0.0, 0.0, -0.0, -1.0, 0.386942, -0.0, -1.0, -0.0, 0.0, 0.0, 0.0, 0.0, 1.0],
                [-1.0, 0.0, -0.0, 0.0, 0.0, -0.0, -1.0, 0.317851, -0.0, -1.0, -0.0, -0.0, 0.0, 0.0, 0.0, 1.0],
                [-1.0, 0.0, -0.0, 0.0, 0.0, -0.0, -1.0, 0.317851, -0.0, -1.0, -0.0, -0.0, 0.0, 0.0, 0.0, 1.0],
                [-1.0, 0.0, -0.0, 0.0, 0.0, 0.0, -1.0, 0.360849, -0.0, -1.0, -0.0, 0.0, 0.0, 0.0, 0.0, 1.0]
            ]
        }
    ]
}