{
    "animation": [
        {
            "name": "Coord",
            "time": [0.0, 0.1, 0.2, 0.3, 0.4833, 1.0333, 1.65],
            "transform": [
                [1.0, 0.0, 0.0, 0.0, 0.0, 0.0, -1.0, 0.0, 0.0, 1.0, 0.0, 0.0, 0.0, 0.0, 0.0, 1.0],
                [1.0, 0.0, 0.0, 0.0, 0.0, 0.0, -1.0, 0.0, 0.0, 1.0, 0.0, 0.0, 0.0, 0.0, 0.0, 1.0],
                [1.0, 0.0, 0.0, -0.0, 0.0, 0.0, -1.0, 0.149583, 0.0, 1.0, 0.0, 0.0, 0.0, 0.0, 0.0, 1.0],
                [1.0, 0.0, 0.0, -0.0, 0.0, 0.0, -1.0, 0.154528, 0.0, 1.0, 0.0, 0.0, 0.0, 0.0, 0.0, 1.0],
                [1.0, 0.0, 0.0, 0.0, 0.0, 0.0, -1.0, 0.838994, 0.0, 1.0, 0.0, 0.0, 0.0, 0.0, 0.0, 1.0],
                [1.0, 0.0, 0.0, 0.0, 0.0, 0.0, -1.0, 0.838994, 0.0, 1.0, 0.0, 0.0, 0.0, 0.0, 0.0, 1.0],
                [1.0, 0.0, 0.0, 0.0, 0.0, 0.0, -1.0, 0.838994, 0.0, 1.0, 0.0, 0.0, 0.0, 0.0, 0.0, 1.0]
            ]
        },
        {
            "name": "Root",
            "time": [0.0, 0.1, 0.2, 0.25, 0.3, 0.3667, 0.4667, 0.55, 1.0333, 1.4, 1.65],
            "transform": [
                [-0.509169, -0.003749, -0.860659, -5e-06, 0.012829, 0.999846, -0.011945, 0.566281, 0.860571, -0.017124, -0.509043, -0.000286, 0.0, 0.0, 0.0, 1.0],
                [-0.725174, -0.114868, -0.678917, 0.104548, -0.16635, 0.986007, 0.010859, 0.524112, 0.66817, 0.120812, -0.734134, 0.000226, 0.0, 0.0, 0.0, 1.0],
                [-0.505067, -0.327338, -0.798597, 0.02525, -0.125876, 0.943331, -0.307054, 0.550267, 0.853851, -0.054559, -0.517649, -0.000663, 0.0, 0.0, 0.0, 1.0],
                [-0.245919, -0.436493, -0.865446, -5e-06, 0.00758, 0.891973, -0.452026, 0.588025, 0.96926, -0.117722, -0.216045, -0.000946, 0.0, 0.0, 0.0, 1.0],
                [0.50551, -0.520948, -0.687803, 0.122042, 0.386454, 0.84943, -0.359336, 0.766656, 0.771436, -0.084156, 0.630718, -0.000946, 0.0, 0.0, 0.0, 1.0],
                [0.999289, 0.009448, -0.036504, 0.001372, -0.003143, 0.985603, 0.169047, 0.680573, 0.037576, -0.168812, 0.984932, 0.000742, 0.0, 0.0, 0.0, 1.0],
                [0.418783, 0.034696, 0.907423, 0.001736, -0.578106, 0.780802, 0.236945, 0.526729, -0.700296, -0.623815, 0.347044, 0.003761, 0.0, 0.0, 0.0, 1.0],
                [0.050143, 0.027627, 0.99836, 0.002005, -0.695291, 0.718571, 0.015037, 0.46418, -0.716977, -0.694905, 0.05524, 0.004988, 0.0, 0.0, 0.0, 1.0],
                [0.050143, 0.027627, 0.99836, 0.002005, -0.695291, 0.718571, 0.015037, 0.46418, -0.716977, -0.694905, 0.05524, 0.004988, 0.0, 0.0, 0.0, 1.0],
                [0.781627, 0.159369, -0.603042, -5e-06, 0.236147, 0.819233, 0.522582, 0.712997, 0.577315, -0.550872, 0.6027, 0.269102, 0.0, 0.0, 0.0, 1.0],
                [0.274314, 0.012881, -0.961554, -5e-06, 0.095902, 0.994559, 0.040682, 0.686707, 0.956846, -0.103375, 0.271586, -0.000946, 0.0, 0.0, 0.0, 1.0]
            ]
        },
        {
            "name": "Thigh_R",
            "time": [0.0, 0.1, 0.2, 0.3, 0.4167, 0.55, 1.0333, 1.2, 1.35, 1.4333, 1.5, 1.65],
            "transform": [
                [0.875681, 0.124579, -0.466544, 0.140493, 0.447113, -0.574131, 0.685902, -0.002831, -0.182409, -0.809227, -0.558458, -0.008937, 0.0, 0.0, 0.0, 1.0],
                [0.736261, 0.064413, -0.673625, 0.140493, 0.638806, -0.394592, 0.660472, -0.002831, -0.223265, -0.916593, -0.331671, -0.008937, 0.0, 0.0, 0.0, 1.0],
                [0.608353, 0.501154, -0.615426, 0.140493, 0.654443, -0.755443, 0.031747, -0.002831, -0.44901, -0.422074, -0.787555, -0.008937, 0.0, 0.0, 0.0, 1.0],
                [0.936956, -0.224598, -0.26771, 0.140493, -0.135767, -0.939879, 0.313353, -0.002831, -0.321994, -0.257251, -0.911121, -0.008937, 0.0, 0.0, 0.0, 1.0],
                [0.784998, 0.465852, -0.40836, 0.140493, 0.34206, 0.223641, 0.912677, -0.002831, 0.5165, -0.856132, 0.016208, -0.008937, 0.0, 0.0, 0.0, 1.0],
                [0.014287, 0.692896, -0.720895, 0.140493, -0.095876, 0.718594, 0.688788, -0.002831, 0.995291, 0.059275, 0.076699, -0.008937, 0.0, 0.0, 0.0, 1.0],
                [0.014287, 0.692896, -0.720895, 0.140493, -0.095876, 0.718594, 0.688788, -0.002831, 0.995291, 0.059275, 0.076699, -0.008937, 0.0, 0.0, 0.0, 1.0],
                [0.44778, 0.826626, -0.340852, 0.137996, -0.274843, 0.489995, 0.827264, -0.002831, 0.850854, -0.276751, 0.446604, -0.007499, 0.0, 0.0, 0.0, 1.0],
                [0.75833, 0.121186, 0.640507, 0.133144, -0.488745, -0.544474, 0.68167, -0.00283, 0.431349, -0.829974, -0.353663, -0.004705, 0.0, 0.0, 0.0, 1.0],
                [0.842075, -0.182942, 0.507386, 0.129976, -0.489637, -0.653801, 0.576886, -0.00283, 0.226194, -0.734215, -0.640127, -0.002881, 0.0, 0.0, 0.0, 1.0],
                [0.972345, -0.167007, 0.163256, 0.127762, -0.233287, -0.727429, 0.645308, -0.002831, 0.010987, -0.665546, -0.746275, -0.001606, 0.0, 0.0, 0.0, 1.0],
                [0.870327, -0.016128, -0.49221, 0.124994, 0.217925, -0.883668, 0.41429, -0.002831, -0.441633, -0.467832, -0.765567, -1.2e-05, 0.0, 0.0, 0.0, 1.0]
            ]
        },
        {
            "name": "Leg_R",
            "time": [0.0, 0.1, 0.2, 0.3, 0.4167, 0.55, 1.0333, 1.2, 1.35, 1.4333, 1.5, 1.65],
            "transform": [
                [1.0, -0.0, 1e-06, 0.0, -0.0, 0.672379, 0.740207, 0.37472, -1e-06, -0.740208, 0.672378, -0.0, 0.0, 0.0, 0.0, 1.0],
                [1.0, -1e-06, 0.0, -0.0, -0.0, 0.391509, 0.920174, 0.37472, -1e-06, -0.920175, 0.391509, -0.0, 0.0, 0.0, 0.0, 1.0],
                [1.0, -0.0, 1e-06, 0.0, 0.0, 0.963497, 0.267722, 0.37472, -1e-06, -0.267722, 0.963495, 0.0, 0.0, 0.0, 0.0, 1.0],
                [1.0, -1e-06, 1e-06, 0.0, -0.0, 0.325271, 0.94562, 0.37472, -1e-06, -0.945621, 0.325271, -0.0, 0.0, 0.0, 0.0, 1.0],
                [1.0, -1e-06, 0.0, -0.0, -0.0, 0.19558, 0.980687, 0.37472, -1e-06, -0.980689, 0.195579, -0.0, 0.0, 0.0, 0.0, 1.0],
                [1.0, -0.0, 1e-06, -0.0, -1e-06, 0.196647, 0.980474, 0.37472, -1e-06, -0.980475, 0.196647, 0.0, 0.0, 0.0, 0.0, 1.0],
                [1.0, -0.0, 1e-06, -0.0, -1e-06, 0.196647, 0.980474, 0.37472, -1e-06, -0.980475, 0.196647, 0.0, 0.0, 0.0, 0.0, 1.0],
                [1.0, -1e-06, -0.0, 0.0, -0.0, -0.393716, 0.919232, 0.37472, -0.0, -0.919233, -0.393715, -0.0, 0.0, 0.0, 0.0, 1.0],
                [1.0, -0.0, 1e-06, -0.0, -0.0, 0.793729, 0.608271, 0.37472, -1e-06, -0.608272, 0.793728, -0.0, 0.0, 0.0, 0.0, 1.0],
                [1.0, -0.0, 1e-06, -0.0, 0.0, 0.960535, 0.278162, 0.37472, -1e-06, -0.278162, 0.960533, 0.0, 0.0, 0.0, 0.0, 1.0],
                [1.0, -1e-06, 1e-06, 0.0, 0.0, 0.90252, 0.43065, 0.37472, -1e-06, -0.43065, 0.902518, 0.0, 0.0, 0.0, 0.0, 1.0],
                [1.0, -1e-06, 1e-06, -0.0, -0.0, 0.802903, 0.596109, 0.37472, -1e-06, -0.59611, 0.802902, -0.0, 0.0, 0.0, 0.0, 1.0]
            ]
        },
        {
            "name": "Knee_R",
            "time": [0.0, 0.1, 0.2, 0.3, 0.4167, 0.55, 1.0333, 1.2, 1.35, 1.4333, 1.5, 1.65],
            "transform": [
                [1.0, 0.0, -0.0, 0.0, -0.0, 1e-06, -1.0, 0.413506, 0.0, 1.0, 1e-06, -0.0, 0.0, 0.0, 0.0, 1.0],
                [1.0, -0.0, -0.0, -0.0, -0.0, 1e-06, -1.0, 0.443599, 0.0, 1.0, 1e-06, -0.0, 0.0, 0.0, 0.0, 1.0],
                [1.0, 0.0, -0.0, 0.0, -0.0, 1e-06, -1.0, 0.37472, 0.0, 1.0, 1e-06, 0.0, 0.0, 0.0, 0.0, 1.0],
                [1.0, 0.0, -0.0, 0.0, -0.0, 1e-06, -1.0, 0.449972, -0.0, 1.0, 1e-06, -0.0, 0.0, 0.0, 0.0, 1.0],
                [1.0, 0.0, -0.0, 0.0, -0.0, 1e-06, -1.0, 0.462045, -0.0, 1.0, 1e-06, -0.0, 0.0, 0.0, 0.0, 1.0],
                [1.0, 0.0, -0.0, -0.0, -0.0, 1e-06, -1.0, 0.461947, -0.0, 1.0, 1e-06, -0.0, 0.0, 0.0, 0.0, 1.0],
                [1.0, 0.0, -0.0, -0.0, -0.0, 1e-06, -1.0, 0.461947, -0.0, 1.0, 1e-06, -0.0, 0.0, 0.0, 0.0, 1.0],
                [1.0, 0.0, -0.0, 0.0, -0.0, 1e-06, -1.0, 0.47972, -0.0, 1.0, 1e-06, -0.0, 0.0, 0.0, 0.0, 1.0],
                [1.0, 0.0, -0.0, 0.0, -0.0, 1e-06, -1.0, 0.397389, -0.0, 1.0, 1e-06, -0.0, 0.0, 0.0, 0.0, 1.0],
                [1.0, 0.0, -0.0, -0.0, -0.0, 1e-06, -1.0, 0.37472, -0.0, 1.0, 1e-06, -0.0, 0.0, 0.0, 0.0, 1.0],
                [1.0, 0.0, -0.0, -0.0, -0.0, 1e-06, -1.0, 0.378652, -0.0, 1.0, 1e-06, 0.0, 0.0, 0.0, 0.0, 1.0],
                [1.0, -0.0, -0.0, 0.0, -0.0, 1e-06, -1.0, 0.396021, -0.0, 1.0, 1e-06, -0.0, 0.0, 0.0, 0.0, 1.0]
            ]
        },
        {
            "name": "Thigh_L",
            "time": [0.0, 0.1, 0.2, 0.3, 0.4, 0.4833, 0.55, 1.0333, 1.2, 1.35, 1.5, 1.65],
            "transform": [
                [0.598111, -0.656532, -0.459596, -0.142055, -0.618447, -0.742848, 0.256319, -0.002831, -0.509691, 0.130929, -0.850336, 0.009806, 0.0, 0.0, 0.0, 1.0],
                [0.617059, -0.140068, -0.77435, -0.142055, -0.528771, -0.80257, -0.276191, -0.002831, -0.582785, 0.579881, -0.569297, 0.009806, 0.0, 0.0, 0.0, 1.0],
                [0.708635, -0.472322, -0.524163, -0.142055, -0.538635, -0.841986, 0.03051, -0.002831, -0.455748, 0.260713, -0.851071, 0.009806, 0.0, 0.0, 0.0, 1.0],
                [0.573522, -0.73258, -0.366605, -0.142055, -0.757799, -0.644428, 0.102234, -0.002831, -0.311145, 0.21918, -0.924742, 0.009806, 0.0, 0.0, 0.0, 1.0],
                [0.771023, -0.234495, -0.592059, -0.142055, 0.205043, -0.788801, 0.579439, -0.002831, -0.602892, -0.568159, -0.560103, 0.009806, 0.0, 0.0, 0.0, 1.0],
                [0.871263, -0.079152, -0.484391, -0.142055, 0.246039, -0.783522, 0.570576, -0.002831, -0.424694, -0.616302, -0.66318, 0.009806, 0.0, 0.0, 0.0, 1.0],
                [0.871994, 0.01856, -0.489164, -0.142055, 0.345995, -0.730262, 0.58907, -0.002831, -0.346285, -0.682914, -0.643206, 0.009806, 0.0, 0.0, 0.0, 1.0],
                [0.871994, 0.01856, -0.489164, -0.142055, 0.345995, -0.730262, 0.58907, -0.002831, -0.346285, -0.682914, -0.643206, 0.009806, 0.0, 0.0, 0.0, 1.0],
                [0.783462, -0.10229, -0.612962, -0.139866, 0.335832, -0.760233, 0.556113, -0.002898, -0.522879, -0.641546, -0.561262, 0.011637, 0.0, 0.0, 0.0, 1.0],
                [0.691759, -0.374895, -0.61719, -0.135614, 0.042046, -0.832322, 0.552696, -0.003027, -0.720903, -0.408283, -0.560003, 0.015192, 0.0, 0.0, 0.0, 1.0],
                [0.44921, -0.760685, -0.468582, -0.130896, 0.035762, -0.508748, 0.860172, -0.00317, -0.89271, -0.403155, -0.201331, 0.019137, 0.0, 0.0, 0.0, 1.0],
                [0.276268, -0.699863, -0.658686, -0.12847, 0.000472, -0.685261, 0.728297, -0.003244, -0.96108, -0.201516, -0.188986, 0.021165, 0.0, 0.0, 0.0, 1.0]
            ]
        },
        {
            "name": "Leg_L",
            "time": [0.0, 0.1, 0.2, 0.3, 0.4, 0.4833, 0.55, 1.0333, 1.2, 1.35, 1.5, 1.65],
            "transform": [
                [1.0, -1e-06, 1e-06, -0.0, -0.0, 0.717836, 0.696212, 0.37472, -1e-06, -0.696211, 0.717837, 0.0, 0.0, 0.0, 0.0, 1.0],
                [1.0, -0.0, 1e-06, 0.0, 0.0, 0.943328, 0.331862, 0.37472, -1e-06, -0.331862, 0.943328, 0.0, 0.0, 0.0, 0.0, 1.0],
                [1.0, -1e-06, 1e-06, -0.0, -1e-06, 0.415038, 0.909804, 0.37472, -1e-06, -0.909804, 0.415038, -0.0, 0.0, 0.0, 0.0, 1.0],
                [1.0, -1e-06, 1e-06, 0.0, 0.0, 0.925942, 0.377666, 0.37472, -1e-06, -0.377666, 0.925942, 0.0, 0.0, 0.0, 0.0, 1.0],
                [1.0, -1e-06, 1e-06, 0.0, -0.0, 0.59451, 0.804088, 0.37472, -1e-06, -0.804088, 0.59451, -0.0, 0.0, 0.0, 0.0, 1.0],
                [1.0, -1e-06, 1e-06, -0.0, 0.0, 0.778888, 0.627164, 0.37472, -1e-06, -0.627163, 0.778888, -0.0, 0.0, 0.0, 0.0, 1.0],
                [1.0, -0.0, 0.0, 0.0, -0.0, 0.712396, 0.701778, 0.37472, -0.0, -0.701778, 0.712396, -0.0, 0.0, 0.0, 0.0, 1.0],
                [1.0, -0.0, 0.0, 0.0, -0.0, 0.712396, 0.701778, 0.37472, -0.0, -0.701778, 0.712396, -0.0, 0.0, 0.0, 0.0, 1.0],
                [1.0, -0.0, 0.0, 0.0, 0.0, 0.748317, 0.663342, 0.37472, -0.0, -0.663341, 0.748317, 0.0, 0.0, 0.0, 0.0, 1.0],
                [1.0, -1e-06, 1e-06, 0.0, 0.0, 0.86786, 0.496809, 0.37472, -1e-06, -0.496809, 0.86786, -0.0, 0.0, 0.0, 0.0, 1.0],
                [1.0, -1e-06, 1e-06, -0.0, -1e-06, 0.018232, 0.999834, 0.37472, -1e-06, -0.999834, 0.018232, -0.0, 0.0, 0.0, 0.0, 1.0],
                [1.0, -1e-06, 1e-06, 0.0, 0.0, 0.754598, 0.656187, 0.37472, -1e-06, -0.656187, 0.754599, -0.0, 0.0, 0.0, 0.0, 1.0]
            ]
        },
        {
            "name": "Knee_L",
            "time": [0.0, 0.1, 0.2, 0.3, 0.4, 0.4833, 0.55, 1.0333, 1.2, 1.35, 1.5, 1.65],
            "transform": [
                [1.0, 0.0, -0.0, 0.0, -0.0, 1e-06, -1.0, 0.407825, -0.0, 1.0, 1e-06, -0.0, 0.0, 0.0, 0.0, 1.0],
                [1.0, 0.0, -0.0, 0.0, -0.0, 1e-06, -1.0, 0.37472, -0.0, 1.0, 1e-06, 0.0, 0.0, 0.0, 0.0, 1.0],
                [1.0, 0.0, -0.0, -0.0, -0.0, 1e-06, -1.0, 0.441291, -0.0, 1.0, 1e-06, -0.0, 0.0, 0.0, 0.0, 1.0],
                [1.0, 0.0, -0.0, 0.0, -0.0, 1e-06, -1.0, 0.37472, -0.0, 1.0, 1e-06, 0.0, 0.0, 0.0, 0.0, 1.0],
                [1.0, 0.0, -0.0, 0.0, -0.0, 1e-06, -1.0, 0.422553, 0.0, 1.0, 0.0, -0.0, 0.0, 0.0, 0.0, 1.0],
                [1.0, 0.0, -0.0, -0.0, -0.0, 1e-06, -1.0, 0.399546, -0.0, 1.0, 1e-06, -0.0, 0.0, 0.0, 0.0, 1.0],
                [1.0, 0.0, -0.0, 0.0, -0.0, 1e-06, -1.0, 0.408524, -0.0, 1.0, 1e-06, -0.0, 0.0, 0.0, 0.0, 1.0],
                [1.0, 0.0, -0.0, 0.0, -0.0, 1e-06, -1.0, 0.408524, -0.0, 1.0, 1e-06, -0.0, 0.0, 0.0, 0.0, 1.0],
                [1.0, 0.0, -0.0, -0.0, -0.0, 1e-06, -1.0, 0.403799, -0.0, 1.0, 1e-06, 0.0, 0.0, 0.0, 0.0, 1.0],
                [1.0, 0.0, -0.0, -0.0, -0.0, 1e-06, -1.0, 0.38536, -0.0, 1.0, 1e-06, -0.0, 0.0, 0.0, 0.0, 1.0],
                [1.0, 0.0, -0.0, 0.0, -0.0, 1e-06, -1.0, 0.478083, -0.0, 1.0, 1e-06, -0.0, 0.0, 0.0, 0.0, 1.0],
                [1.0, 0.0, -0.0, 0.0, -0.0, 1e-06, -1.0, 0.402944, -0.0, 1.0, 1e-06, -0.0, 0.0, 0.0, 0.0, 1.0]
            ]
        },
        {
            "name": "Torso",
            "time": [0.0, 0.1, 0.3, 1.0333, 1.65],
            "transform": [
                [0.999612, -0.021299, 0.017941, -0.0, 0.019463, 0.995101, 0.096927, 0.05, -0.019918, -0.09654, 0.99513, 0.0, 0.0, 0.0, 0.0, 1.0],
                [0.999403, -0.02655, 0.022104, -0.0, 0.023683, 0.992351, 0.121159, 0.05, -0.025152, -0.120564, 0.992387, 0.0, 0.0, 0.0, 0.0, 1.0],
                [1.0, 0.0, -0.0, -0.0, 0.0, 1.0, -0.0, 0.05, 0.0, 0.0, 1.0, -0.0, 0.0, 0.0, 0.0, 1.0],
                [1.0, -0.0, 0.0, -0.0, 0.0, 1.0, 0.0, 0.05, -0.0, 0.0, 1.0, 0.0, 0.0, 0.0, 0.0, 1.0],
                [1.0, 0.0, -0.0, 0.0, 0.0, 1.0, 0.0, 0.05, 0.0, -0.0, 1.0, -0.0, 0.0, 0.0, 0.0, 1.0]
            ]
        },
        {
            "name": "Chest",
            "time": [0.0, 0.1, 0.3, 0.3667, 0.55, 1.0333, 1.4, 1.65],
            "transform": [
                [0.971649, 0.107888, -0.210374, 0.0, -0.161583, 0.9526, -0.257767, 0.3, 0.172592, 0.284452, 0.943026, 0.0, 0.0, 0.0, 0.0, 1.0],
                [0.971649, 0.107888, -0.210374, 0.0, -0.161583, 0.9526, -0.257767, 0.3, 0.172592, 0.284452, 0.943026, 0.0, 0.0, 0.0, 0.0, 1.0],
                [0.983326, 0.11021, 0.144653, -0.0, -0.094016, 0.988977, -0.114391, 0.3, -0.155666, 0.098884, 0.982848, -0.0, 0.0, 0.0, 0.0, 1.0],
                [0.995441, -0.00671, 0.095142, 0.0, 0.008039, 0.999875, -0.013595, 0.3, -0.095038, 0.014297, 0.995371, -0.0, 0.0, 0.0, 0.0, 1.0],
                [0.999676, 0.025417, 0.000977, -0.0, -0.025377, 0.994059, 0.10584, 0.3, 0.001719, -0.105831, 0.994383, 0.0, 0.0, 0.0, 0.0, 1.0],
                [0.999676, 0.025417, 0.000977, -0.0, -0.025377, 0.994059, 0.10584, 0.3, 0.001719, -0.105831, 0.994383, 0.0, 0.0, 0.0, 0.0, 1.0],
                [1.0, 0.0, -0.0, 0.0, 0.0, 1.0, 0.0, 0.3, -0.0, 0.0, 1.0, 0.0, 0.0, 0.0, 0.0, 1.0],
                [1.0, 0.0, -0.0, 0.0, 0.0, 1.0, 0.0, 0.3, 0.0, -0.0, 1.0, -0.0, 0.0, 0.0, 0.0, 1.0]
            ]
        },
        {
            "name": "Head",
            "time": [0.0, 0.1, 0.3, 0.3667, 0.4167, 0.55, 1.0333, 1.2, 1.4, 1.65],
            "transform": [
                [-0.157258, -0.097091, 0.982773, -0.0, -0.202148, 0.977249, 0.064198, 0.4, -0.966647, -0.18857, -0.173307, 0.0, 0.0, 0.0, 0.0, 1.0],
                [-0.350039, -0.205379, 0.913943, -0.0, -0.194273, 0.970372, 0.143653, 0.4, -0.916368, -0.127271, -0.379568, 0.0, 0.0, 0.0, 0.0, 1.0],
                [0.77527, 0.201709, 0.598557, 0.0, -0.320765, 0.942076, 0.097993, 0.4, -0.54412, -0.267968, 0.795064, 0.0, 0.0, 0.0, 0.0, 1.0],
                [0.998727, -0.008935, -0.049639, -0.0, 0.001453, 0.988873, -0.148756, 0.4, 0.050416, 0.148495, 0.987627, 0.0, 0.0, 0.0, 0.0, 1.0],
                [0.745977, -0.216432, -0.629822, 0.0, 0.082208, 0.968412, -0.235415, 0.4, 0.660878, 0.123838, 0.740205, -0.0, 0.0, 0.0, 0.0, 1.0],
                [0.053143, -0.248752, -0.967109, -0.0, -0.076873, 0.964584, -0.252326, 0.4, 0.995624, 0.087754, 0.032138, -0.0, 0.0, 0.0, 0.0, 1.0],
                [0.053143, -0.248752, -0.967109, -0.0, -0.076873, 0.964584, -0.252326, 0.4, 0.995624, 0.087754, 0.032138, -0.0, 0.0, 0.0, 0.0, 1.0],
                [0.644713, -0.430777, -0.631487, 0.0, 0.063689, 0.853493, -0.517198, 0.4, 0.761767, 0.293225, 0.577694, -0.0, 0.0, 0.0, 0.0, 1.0],
                [0.784012, 0.238949, 0.572912, -0.0, 0.157753, 0.815944, -0.556191, 0.4, -0.600366, 0.526439, 0.602016, -0.0, 0.0, 0.0, 0.0, 1.0],
                [0.272939, 0.096728, 0.957156, 0.0, 0.014178, 0.99442, -0.104537, 0.4, -0.961927, 0.042102, 0.270045, -0.0, 0.0, 0.0, 0.0, 1.0]
            ]
        },
        {
            "name": "Shoulder_R",
            "time": [0.0, 0.1, 0.3, 0.3667, 0.4833, 0.5167, 0.55, 1.0333, 1.4, 1.65],
            "transform": [
                [-0.139902, 0.924365, 0.354933, -0.0, -0.494147, -0.375808, 0.783956, 0.4, 0.858048, -0.065712, 0.509348, 0.0, 0.0, 0.0, 0.0, 1.0],
                [-0.139902, 0.924365, 0.354933, -0.0, -0.494147, -0.375808, 0.783956, 0.4, 0.858048, -0.065712, 0.509348, 0.0, 0.0, 0.0, 0.0, 1.0],
                [0.273552, 0.77669, 0.567381, 0.0, -0.52582, -0.37318, 0.764362, 0.4, 0.805408, -0.507433, 0.306315, 0.0, 0.0, 0.0, 0.0, 1.0],
                [0.739036, 0.667767, 0.088953, -0.0, 0.059907, -0.196664, 0.978639, 0.4, 0.670997, -0.717921, -0.185345, 0.0, 0.0, 0.0, 0.0, 1.0],
                [-0.69476, 0.650318, -0.307238, 0.0, -0.628237, -0.340722, 0.699447, 0.4, 0.350181, 0.678966, 0.645274, -0.0, 0.0, 0.0, 0.0, 1.0],
                [-0.645665, 0.670924, -0.36466, 0.0, -0.681997, -0.291834, 0.670607, 0.4, 0.343506, 0.681684, 0.645995, 0.0, 0.0, 0.0, 0.0, 1.0],
                [-0.69476, 0.650318, -0.307238, -0.0, -0.628237, -0.340722, 0.699447, 0.4, 0.350181, 0.678966, 0.645274, -0.0, 0.0, 0.0, 0.0, 1.0],
                [-0.69476, 0.650318, -0.307238, -0.0, -0.628237, -0.340722, 0.699447, 0.4, 0.350181, 0.678966, 0.645274, -0.0, 0.0, 0.0, 0.0, 1.0],
                [0.430741, 0.900031, 0.066378, -0.0, -0.022623, -0.062759, 0.997772, 0.4, 0.902192, -0.431283, -0.006671, -0.0, 0.0, 0.0, 0.0, 1.0],
                [0.0, 0.952114, 0.305743, 0.0, 0.0, -0.305743, 0.952114, 0.4, 1.0, 0.0, -0.0, -0.0, 0.0, 0.0, 0.0, 1.0]
            ]
        },
        {
            "name": "Arm_R",
            "time": [0.0, 0.1, 0.3, 0.3667, 0.4833, 1.0333, 1.4, 1.65],
            "transform": [
                [-0.133162, -0.84572, -0.516745, 0.074188, 0.953853, 0.032225, -0.298541, 0.418598, 0.269134, -0.532652, 0.802402, 0.036978, 0.0, 0.0, 0.0, 1.0],
                [-0.168937, -0.829781, -0.531906, 0.007502, 0.955952, -0.006516, -0.293451, 0.349336, 0.240034, -0.558051, 0.794332, 0.004108, 0.0, 0.0, 0.0, 1.0],
                [-0.02572, -0.929142, 0.368828, 0.065384, 0.965608, 0.072398, 0.249721, 0.319809, -0.258728, 0.362566, 0.895324, -0.016365, 0.0, 0.0, 0.0, 1.0],
                [0.886366, -0.34928, 0.303906, 0.066026, 0.169994, -0.365039, -0.91534, 0.285367, 0.430648, 0.862989, -0.264183, 0.112802, 0.0, 0.0, 0.0, 1.0],
                [-0.544013, -0.358414, -0.758676, 0.011551, 0.640603, 0.406556, -0.651414, 0.312288, 0.54192, -0.840387, 0.00843, 0.097422, 0.0, 0.0, 0.0, 1.0],
                [-0.544013, -0.358414, -0.758676, 0.011551, 0.640603, 0.406556, -0.651414, 0.312289, 0.54192, -0.840387, 0.00843, 0.097422, 0.0, 0.0, 0.0, 1.0],
                [-0.133162, -0.84572, -0.516745, 0.061544, 0.953853, 0.032225, -0.298541, 0.372116, 0.269134, -0.532652, 0.802402, -0.073815, 0.0, 0.0, 0.0, 1.0],
                [-0.133161, -0.84572, -0.516745, 0.061544, 0.953853, 0.032225, -0.298541, 0.372116, 0.269134, -0.532652, 0.802402, -0.073815, 0.0, 0.0, 0.0, 1.0]
            ]
        },
        {
            "name": "Hand_R",
            "time": [0.0, 0.1, 0.3, 0.3667, 0.4833, 1.0333, 1.4, 1.65],
            "transform": [
                [1.0, 0.0, -0.0, -0.0, 0.0, 0.137741, -0.990469, 0.3, -0.0, 0.990468, 0.13774, 0.0, 0.0, 0.0, 0.0, 1.0],
                [1.0, 0.0, 0.0, 0.0, 0.0, 0.13774, -0.990468, 0.3, -0.0, 0.990469, 0.13774, 0.0, 0.0, 0.0, 0.0, 1.0],
                [1.0, 0.0, 0.0, 0.0, -0.0, 0.993937, 0.109947, 0.3, -0.0, -0.109947, 0.993937, -0.0, 0.0, 0.0, 0.0, 1.0],
                [1.0, -0.0, 0.0, 0.0, -0.0, 0.994441, -0.105299, 0.3, -0.0, 0.105299, 0.994441, 0.0, 0.0, 0.0, 0.0, 1.0],
                [1.0, 0.0, 0.0, 0.0, -0.0, 0.4576, -0.889158, 0.3, -0.0, 0.889158, 0.4576, 0.0, 0.0, 0.0, 0.0, 1.0],
                [1.0, 0.0, 0.0, 0.0, -0.0, 0.4576, -0.889158, 0.3, -0.0, 0.889158, 0.4576, -0.0, 0.0, 0.0, 0.0, 1.0],
                [1.0, 0.0, -0.0, 0.0, -0.0, 0.137741, -0.990468, 0.3, -0.0, 0.990468, 0.137741, -0.0, 0.0, 0.0, 0.0, 1.0],
                [1.0, 0.0, -0.0, -0.0, 0.0, 0.137741, -0.990468, 0.3, -0.0, 0.990468, 0.137741, 0.0, 0.0, 0.0, 0.0, 1.0]
            ]
        },
        {
            "name": "Tool_R",
            "time": [0.0, 0.1, 0.3, 0.3667, 0.3833, 0.4, 0.4167, 0.4333, 0.45, 0.4667, 0.4833, 0.5167, 0.55, 1.0333, 1.4, 1.65],
            "transform": [
                [0.999988, 0.004863, 0.000219, 0.010061, 0.004734, -0.981855, 0.189574, 0.220344, 0.001136, -0.189469, -0.981283, -0.020904, 0.0, 0.0, 0.0, 1.0],
                [0.999988, 0.004863, 0.000219, 0.010061, 0.004734, -0.981855, 0.189574, 0.220343, 0.001136, -0.189469, -0.981283, -0.020904, 0.0, 0.0, 0.0, 1.0],
                [0.997102, 0.019851, 0.073449, 0.009921, -0.021746, -0.850738, 0.52514, 0.221073, 0.072867, -0.524913, -0.847333, -0.020614, 0.0, 0.0, 0.0, 1.0],
                [0.827003, -0.480257, -0.292268, 0.007732, -0.467168, -0.876262, 0.117979, 0.232497, -0.312583, 0.038937, -0.948469, -0.016066, 0.0, 0.0, 0.0, 1.0],
                [0.773215, -0.549369, -0.316753, 0.002313, -0.620773, -0.757755, -0.201117, 0.24339, -0.129464, 0.351922, -0.926395, -0.013161, 0.0, 0.0, 0.0, 1.0],
                [0.650921, -0.508928, -0.563289, -0.008606, -0.746054, -0.566059, -0.350687, 0.258895, -0.140306, 0.648123, -0.747708, -0.009432, 0.0, 0.0, 0.0, 1.0],
                [0.403128, -0.296472, -0.86579, -0.022025, -0.865762, -0.430127, -0.255827, 0.276103, -0.296387, 0.85219, -0.429819, -0.00551, 0.0, 0.0, 0.0, 1.0],
                [0.39249, 0.042953, -0.918753, -0.036347, -0.759387, -0.548449, -0.35005, 0.293279, -0.518625, 0.83458, -0.182539, -0.001692, 0.0, 0.0, 0.0, 1.0],
                [0.577364, 0.20772, -0.789622, -0.047601, -0.658406, -0.453481, -0.600714, 0.306369, -0.48258, 0.866204, -0.124992, 0.001271, 0.0, 0.0, 0.0, 1.0],
                [0.7219, 0.186233, -0.666467, -0.05745, -0.632306, -0.213788, -0.744637, 0.316746, -0.280999, 0.958394, -0.036564, 0.00355, 0.0, 0.0, 0.0, 1.0],
                [0.722303, 0.132208, -0.678822, -0.061909, -0.678175, -0.056896, -0.732695, 0.321128, -0.135417, 0.989002, 0.048528, 0.00449, 0.0, 0.0, 0.0, 1.0],
                [0.609008, 0.140363, -0.780646, -0.029739, -0.784664, -0.03709, -0.618811, 0.290708, -0.115753, 0.988819, 0.087491, -0.003442, 0.0, 0.0, 0.0, 1.0],
                [0.585264, 0.101343, -0.804485, 0.00243, -0.807438, -0.018002, -0.589679, 0.260173, -0.074207, 0.9941, 0.071244, -0.005049, 0.0, 0.0, 0.0, 1.0],
                [0.585264, 0.101343, -0.804485, 0.00243, -0.807438, -0.018002, -0.589679, 0.260173, -0.074207, 0.9941, 0.071244, -0.005049, 0.0, 0.0, 0.0, 1.0],
                [0.999988, 0.004863, 0.000219, 0.010061, 0.004734, -0.981855, 0.189574, 0.220343, 0.001136, -0.189469, -0.981283, -0.020904, 0.0, 0.0, 0.0, 1.0],
                [0.999988, 0.004863, 0.000219, 0.010061, 0.004734, -0.981855, 0.189574, 0.220343, 0.001136, -0.189469, -0.981283, -0.020904, 0.0, 0.0, 0.0, 1.0]
            ]
        },
        {
            "name": "Elbow_R",
            "time": [0.0, 0.1, 0.3, 0.3667, 0.4833, 1.0333, 1.4, 1.65],
            "transform": [
                [-1.0, 0.0, 0.0, -0.0, -0.0, -0.0, -1.0, 0.444575, -0.0, -1.0, 0.0, 0.0, 0.0, 0.0, 0.0, 1.0],
                [-1.0, 0.0, -0.0, 0.0, 0.0, -0.0, -1.0, 0.444575, -0.0, -1.0, 0.0, -0.0, 0.0, 0.0, 0.0, 1.0],
                [-1.0, 0.0, -0.0, 0.0, 0.0, -0.0, -1.0, 0.3, -0.0, -1.0, 0.0, -0.0, 0.0, 0.0, 0.0, 1.0],
                [-1.0, 0.0, -0.0, 0.0, -0.0, 0.0, -1.0, 0.32021, -0.0, -1.0, 0.0, 0.0, 0.0, 0.0, 0.0, 1.0],
                [-1.0, 0.0, -0.0, 0.0, 0.0, -0.0, -1.0, 0.412984, -0.0, -1.0, 0.0, 0.0, 0.0, 0.0, 0.0, 1.0],
                [-1.0, 0.0, -0.0, 0.0, 0.0, -0.0, -1.0, 0.412984, -0.0, -1.0, 0.0, 0.0, 0.0, 0.0, 0.0, 1.0],
                [-1.0, 0.0, -0.0, -0.0, 0.0, 0.0, -1.0, 0.444575, -0.0, -1.0, -0.0, -0.0, 0.0, 0.0, 0.0, 1.0],
                [-1.0, 0.0, 0.0, 0.0, -0.0, 0.0, -1.0, 0.444575, -0.0, -1.0, 0.0, 0.0, 0.0, 0.0, 0.0, 1.0]
            ]
        },
        {
            "name": "Shoulder_L",
            "time": [0.0, 0.1, 0.3, 0.3667, 0.4833, 0.5167, 0.55, 1.0333, 1.4, 1.65],
            "transform": [
                [0.138471, -0.968963, -0.204783, -0.0, 0.491423, -0.112298, 0.863651, 0.4, -0.859842, -0.220225, 0.460621, 0.0, 0.0, 0.0, 0.0, 1.0],
                [0.138471, -0.968963, -0.204783, -0.0, 0.491423, -0.112298, 0.863651, 0.4, -0.859842, -0.220225, 0.460621, 0.0, 0.0, 0.0, 0.0, 1.0],
                [0.179862, -0.976602, 0.117886, 0.0, 0.488043, 0.192644, 0.851295, 0.4, -0.854086, -0.095582, 0.511273, 0.0, 0.0, 0.0, 0.0, 1.0],
                [0.757815, -0.646591, -0.087391, -0.0, -0.045981, -0.18653, 0.981373, 0.4, -0.650848, -0.73968, -0.171086, 0.0, 0.0, 0.0, 0.0, 1.0],
                [0.77837, -0.59102, -0.211744, 0.0, 0.27064, 0.011558, 0.962611, 0.4, -0.566475, -0.806574, 0.16895, -0.0, 0.0, 0.0, 0.0, 1.0],
                [0.758192, -0.585375, -0.287197, 0.0, 0.332932, -0.031157, 0.942436, 0.4, -0.560626, -0.810164, 0.171267, 0.0, 0.0, 0.0, 0.0, 1.0],
                [0.77837, -0.59102, -0.211744, -0.0, 0.27064, 0.011558, 0.962611, 0.4, -0.566475, -0.806575, 0.16895, -0.0, 0.0, 0.0, 0.0, 1.0],
                [0.77837, -0.59102, -0.211744, -0.0, 0.27064, 0.011558, 0.962611, 0.4, -0.566475, -0.806575, 0.16895, -0.0, 0.0, 0.0, 0.0, 1.0],
                [-0.430741, -0.770409, -0.470035, -0.0, 0.022623, -0.529882, 0.847769, 0.4, -0.902192, 0.354536, 0.245671, -0.0, 0.0, 0.0, 0.0, 1.0],
                [0.0, -0.952114, -0.305743, 0.0, 0.0, -0.305743, 0.952114, 0.4, -1.0, -0.0, 0.0, -0.0, 0.0, 0.0, 0.0, 1.0]
            ]
        },
        {
            "name": "Arm_L",
            "time": [0.0, 0.1, 0.2167, 0.3, 0.3667, 0.4833, 1.0333, 1.4, 1.65],
            "transform": [
                [-0.384345, 0.849389, -0.361687, 0.057574, -0.186648, -0.455183, -0.870615, 0.17295, -0.904125, -0.267109, 0.333483, -0.129532, 0.0, 0.0, 0.0, 1.0],
                [-0.282489, 0.902657, -0.32467, 0.075192, -0.213026, -0.389034, -0.896254, 0.202315, -0.935318, -0.184018, 0.302188, -0.131145, 0.0, 0.0, 0.0, 1.0],
                [-0.043435, 0.982763, -0.179697, 0.120676, -0.450847, -0.179792, -0.874306, 0.097829, -0.891544, 0.043041, 0.450885, -0.272886, 0.0, 0.0, 0.0, 1.0],
                [-0.16834, 0.985565, 0.017969, 0.191203, -0.107163, -0.000177, -0.994241, 0.136722, -0.979887, -0.169296, 0.105646, -0.051346, 0.0, 0.0, 0.0, 1.0],
                [0.713314, 0.512008, -0.478572, -0.015962, -0.514477, -0.081155, -0.853655, 0.363775, -0.475917, 0.855138, 0.205527, 0.097495, 0.0, 0.0, 0.0, 1.0],
                [-0.714531, 0.697674, 0.051926, -0.015368, -0.679001, -0.673694, -0.291708, 0.333796, -0.168535, -0.243692, 0.955097, -0.106346, 0.0, 0.0, 0.0, 1.0],
                [-0.714531, 0.697674, 0.051926, -0.015368, -0.679001, -0.673694, -0.291708, 0.333796, -0.168535, -0.243692, 0.955097, -0.106346, 0.0, 0.0, 0.0, 1.0],
                [-0.52417, 0.666489, -0.530131, 0.147983, 0.180549, -0.52138, -0.834005, 0.25858, -0.832255, -0.532875, 0.152957, -0.047757, 0.0, 0.0, 0.0, 1.0],
                [-0.524169, 0.666489, -0.530131, 0.147983, 0.180549, -0.52138, -0.834005, 0.25858, -0.832255, -0.532875, 0.152958, -0.047757, 0.0, 0.0, 0.0, 1.0]
            ]
        },
        {
            "name": "Hand_L",
            "time": [0.0, 0.1, 0.3, 0.3667, 0.4833, 1.0333, 1.4, 1.65],
            "transform": [
                [1.0, 0.0, 0.0, 0.0, -0.0, 0.858144, -0.51341, 0.3, -0.0, 0.51341, 0.858144, 0.0, 0.0, 0.0, 0.0, 1.0],
                [1.0, 0.0, 0.0, 0.0, -0.0, 0.858144, -0.51341, 0.3, -0.0, 0.51341, 0.858144, 0.0, 0.0, 0.0, 0.0, 1.0],
                [1.0, 0.0, 0.0, -0.0, 0.0, 0.858144, -0.51341, 0.3, -0.0, 0.51341, 0.858144, 0.0, 0.0, 0.0, 0.0, 1.0],
                [1.0, 0.0, 0.0, 0.0, -0.0, 0.923427, -0.383775, 0.3, -0.0, 0.383775, 0.923427, 0.0, 0.0, 0.0, 0.0, 1.0],
                [1.0, 0.0, 0.0, -0.0, -0.0, 0.996314, -0.085785, 0.3, -0.0, 0.085785, 0.996314, -0.0, 0.0, 0.0, 0.0, 1.0],
                [1.0, 0.0, 0.0, 0.0, -0.0, 0.996314, -0.085785, 0.3, -0.0, 0.085785, 0.996314, 0.0, 0.0, 0.0, 0.0, 1.0],
                [1.0, 0.0, 0.0, -0.0, -0.0, 0.858144, -0.51341, 0.3, -0.0, 0.51341, 0.858144, 0.0, 0.0, 0.0, 0.0, 1.0],
                [1.0, 0.0, 0.0, 0.0, -0.0, 0.858144, -0.51341, 0.3, -0.0, 0.51341, 0.858144, -0.0, 0.0, 0.0, 0.0, 1.0]
            ]
        },
        {
            "name": "Tool_L",
            "time": [0.0, 1.65],
            "transform": [
                [1.0, -0.0, 0.0, 0.0, 0.0, -0.999836, 0.018122, 0.272858, 0.0, -0.018122, -0.999248, 0.0, 0.0, 0.0, 0.0, 1.0],
                [1.0, 0.0, 0.0, -0.0, 0.0, -0.999836, 0.018122, 0.272858, 0.0, -0.018122, -0.999248, 0.0, 0.0, 0.0, 0.0, 1.0]
            ]
        },
        {
            "name": "Elbow_L",
            "time": [0.0, 0.1, 0.3, 0.3667, 0.4833, 1.0333, 1.4, 1.65],
            "transform": [
                [-1.0, 0.0, 0.0, 0.0, -0.0, -0.0, -1.0, 0.360849, -0.0, -1.0, -0.0, 0.0, 0.0, 0.0, 0.0, 1.0],
                [-1.0, 0.0, 0.0, 0.0, -0.0, -0.0, -1.0, 0.360849, -0.0, -1.0, -0.0, 0.0, 0.0, 0.0, 0.0, 1.0],
                [-1.0, 0.0, -0.0, 0.0, 0.0, 0.0, -1.0, 0.360848, -0.0, -1.0, -0.0, 0.0, 0.0, 0.0, 0.0, 1.0],
                [-1.0, 0.0, 0.0, 0.0, 0.0, -0.0, -1.0, 0.347235, -0.0, -1.0, 0.0, 0.0, 0.0, 0.0, 0.0, 1.0],
                [-1.0, 0.0, -0.0, -0.0, 0.0, -0.0, -1.0, 0.318373, -0.0, -1.0, -0.0, -0.0, 0.0, 0.0, 0.0, 1.0],
                [-1.0, 0.0, -0.0, 0.0, 0.0, -0.0, -1.0, 0.318373, -0.0, -1.0, -0.0, -0.0, 0.0, 0.0, 0.0, 1.0],
                [-1.0, 0.0, -0.0, -0.0, 0.0, -0.0, -1.0, 0.360849, -0.0, -1.0, 0.0, 0.0, 0.0, 0.0, 0.0, 1.0],
                [-1.0, 0.0, -0.0, -0.0, 0.0, -0.0, -1.0, 0.360848, -0.0, -1.0, -0.0, 0.0, 0.0, 0.0, 0.0, 1.0]
            ]
        }
    ]
}