{
    "animation": [
        {
            "name": "Root",
            "time": [0.0, 0.0667, 0.1167, 0.1667, 0.2833, 0.5167, 0.6333, 0.7333, 1.0, 1.1667],
            "transform": [
                [0.345842, 0.0, -0.938293, -5e-06, -0.938293, 0.0, -0.345842, 0.000946, 0.0, 1.0, 0.0, 0.726645, 0.0, 0.0, 0.0, 1.0],
                [-0.426581, 0.0, -0.904449, -5e-06, -0.904449, 0.0, 0.426581, 0.000946, 0.0, 1.0, 0.0, 0.697555, 0.0, 0.0, 0.0, 1.0],
                [-0.921273, 0.0, -0.388917, -5e-06, -0.388917, 0.0, 0.921273, 0.000946, 0.0, 1.0, 0.0, 0.679418, 0.0, 0.0, 0.0, 1.0],
                [-0.995182, 0.0, 0.098045, -5e-06, 0.098045, 0.0, 0.995182, 0.000946, 0.0, 1.0, 0.0, 0.682389, 0.0, 0.0, 0.0, 1.0],
                [0.02317, 0.0, 0.999731, -5e-06, 0.999731, 0.0, -0.02317, 0.000946, 0.0, 1.0, 0.0, 0.698184, 0.0, 0.0, 0.0, 1.0],
                [0.873439, 0.0, 0.486934, -5e-06, 0.486934, 0.0, -0.873439, 0.116472, 0.0, 1.0, 0.0, 0.745444, 0.0, 0.0, 0.0, 1.0],
                [0.951209, 0.0, -0.308547, -5e-06, -0.308547, 0.0, -0.951209, 0.500571, 0.0, 1.0, 0.0, 0.70584, 0.0, 0.0, 0.0, 1.0],
                [0.76492, 0.0, -0.644125, -0.010876, -0.644125, 0.0, -0.76492, 0.85799, 0.0, 1.0, 0.0, 0.603671, 0.0, 0.0, 0.0, 1.0],
                [0.76492, 0.0, -0.644125, -0.010876, -0.644125, 0.0, -0.76492, 0.85799, 0.0, 1.0, 0.0, 0.603671, 0.0, 0.0, 0.0, 1.0],
                [0.76492, 0.0, -0.644125, -0.010876, -0.644125, 0.0, -0.76492, 0.85799, 0.0, 1.0, 0.0, 0.679296, 0.0, 0.0, 0.0, 1.0]
            ]
        },
        {
            "name": "Thigh_R",
            "time": [0.0, 0.0667, 0.1167, 0.1667, 0.2833, 0.5167, 0.6333, 0.7333, 1.0, 1.1667],
            "transform": [
                [0.984495, 0.155144, 0.081852, 0.124994, 0.125961, -0.950017, 0.285657, -0.002831, 0.122079, -0.270917, -0.954829, -1.2e-05, 0.0, 0.0, 0.0, 1.0],
                [0.948884, 0.202698, 0.241934, 0.124994, 0.072584, -0.886121, 0.457733, -0.002831, 0.307165, -0.416775, -0.855539, -1.2e-05, 0.0, 0.0, 0.0, 1.0],
                [0.911697, 0.247467, 0.327976, 0.124994, 0.015018, -0.817799, 0.575306, -0.002831, 0.410588, -0.519579, -0.749302, -1.2e-05, 0.0, 0.0, 0.0, 1.0],
                [0.994211, 0.013361, -0.106615, 0.124994, 0.072514, -0.815648, 0.573985, -0.002831, -0.079291, -0.578393, -0.811895, -1.2e-05, 0.0, 0.0, 0.0, 1.0],
                [0.891383, 0.302105, 0.337887, 0.124994, 0.123308, -0.878994, 0.460611, -0.002831, 0.436154, -0.368917, -0.820773, -1.2e-05, 0.0, 0.0, 0.0, 1.0],
                [0.878687, 0.096917, 0.467456, 0.124994, -0.007894, -0.976092, 0.217212, -0.002831, 0.477332, -0.194551, -0.856915, -1.2e-05, 0.0, 0.0, 0.0, 1.0],
                [0.988937, 0.126302, 0.077792, 0.124994, 0.117886, -0.987496, 0.104656, -0.002831, 0.090038, -0.094327, -0.991461, -1.2e-05, 0.0, 0.0, 0.0, 1.0],
                [0.886167, 0.402438, -0.229677, 0.124994, 0.321611, -0.891025, -0.320372, -0.002831, -0.333578, 0.210037, -0.919026, -1.2e-05, 0.0, 0.0, 0.0, 1.0],
                [0.886167, 0.402438, -0.229677, 0.124994, 0.321611, -0.891025, -0.320372, -0.002831, -0.333578, 0.210037, -0.919026, -1.2e-05, 0.0, 0.0, 0.0, 1.0],
                [0.95915, 0.223497, -0.173434, 0.124994, 0.216871, -0.974562, -0.056511, -0.002831, -0.181653, 0.01659, -0.983222, -1.2e-05, 0.0, 0.0, 0.0, 1.0]
            ]
        },
        {
            "name": "Leg_R",
            "time": [0.0, 0.0667, 0.1167, 0.1667, 0.2833, 0.5167, 0.6333, 0.7333, 1.0, 1.1667],
            "transform": [
                [1.0, -0.0, 2e-06, 0.0, -1e-06, 0.848074, 0.529878, 0.37472, -2e-06, -0.529879, 0.848073, 0.0, 0.0, 0.0, 0.0, 1.0],
                [1.0, -0.0, 1e-06, -0.0, -0.0, 0.859342, 0.511402, 0.37472, -1e-06, -0.511402, 0.859341, -0.0, 0.0, 0.0, 0.0, 1.0],
                [1.0, -0.0, 1e-06, 0.0, -0.0, 0.866164, 0.49976, 0.37472, -1e-06, -0.499761, 0.866163, -0.0, 0.0, 0.0, 0.0, 1.0],
                [1.0, -1e-06, 1e-06, 0.0, -0.0, 0.752413, 0.658692, 0.37472, -1e-06, -0.658693, 0.752412, 0.0, 0.0, 0.0, 0.0, 1.0],
                [1.0, -0.0, 1e-06, 0.0, -0.0, 0.769327, 0.638855, 0.37472, -1e-06, -0.638856, 0.769326, 0.0, 0.0, 0.0, 0.0, 1.0],
                [1.0, -0.0, 1e-06, 0.0, -0.0, 0.968595, 0.248646, 0.37472, -1e-06, -0.248646, 0.968594, -0.0, 0.0, 0.0, 0.0, 1.0],
                [1.0, -0.0, 2e-06, 0.0, -1e-06, 0.830959, 0.556335, 0.37472, -2e-06, -0.556336, 0.830957, -0.0, 0.0, 0.0, 0.0, 1.0],
                [1.0, -0.0, 2e-06, -0.0, -1e-06, 0.923381, 0.383885, 0.37472, -2e-06, -0.383886, 0.92338, 0.0, 0.0, 0.0, 0.0, 1.0],
                [1.0, -0.0, 2e-06, -0.0, -1e-06, 0.923381, 0.383885, 0.37472, -2e-06, -0.383886, 0.92338, 0.0, 0.0, 0.0, 0.0, 1.0],
                [1.0, -0.0, 2e-06, -0.0, -0.0, 0.946829, 0.321739, 0.37472, -2e-06, -0.321739, 0.946828, 0.0, 0.0, 0.0, 0.0, 1.0]
            ]
        },
        {
            "name": "Knee_R",
            "time": [0.0, 0.0667, 0.1167, 0.1667, 0.2833, 0.5167, 0.6333, 0.7333, 1.0, 1.1667],
            "transform": [
                [1.0, 0.0, -0.0, 0.0, -0.0, 1e-06, -1.0, 0.395324, -0.0, 1.0, 1e-06, 0.0, 0.0, 0.0, 0.0, 1.0],
                [1.0, 0.0, -0.0, -0.0, -0.0, 1e-06, -1.0, 0.395324, -0.0, 1.0, 1e-06, 0.0, 0.0, 0.0, 0.0, 1.0],
                [1.0, 0.0, -0.0, 0.0, -0.0, 1e-06, -1.0, 0.386493, -0.0, 1.0, 1e-06, -0.0, 0.0, 0.0, 0.0, 1.0],
                [1.0, 0.0, -0.0, 0.0, -0.0, 1e-06, -1.0, 0.400151, -0.0, 1.0, 1e-06, 0.0, 0.0, 0.0, 0.0, 1.0],
                [1.0, 0.0, -0.0, 0.0, -0.0, 1e-06, -1.0, 0.401799, -0.0, 1.0, 1e-06, 0.0, 0.0, 0.0, 0.0, 1.0],
                [1.0, 0.0, -0.0, 0.0, -0.0, 1e-06, -1.0, 0.37472, -0.0, 1.0, 1e-06, -0.0, 0.0, 0.0, 0.0, 1.0],
                [1.0, 0.0, -0.0, 0.0, -0.0, 1e-06, -1.0, 0.392871, -0.0, 1.0, 1e-06, -0.0, 0.0, 0.0, 0.0, 1.0],
                [1.0, 0.0, -0.0, -0.0, -0.0, 1e-06, -1.0, 0.380035, -0.0, 1.0, 1e-06, 0.0, 0.0, 0.0, 0.0, 1.0],
                [1.0, 0.0, -0.0, -0.0, -0.0, 1e-06, -1.0, 0.381502, -0.0, 1.0, 1e-06, 0.0, 0.0, 0.0, 0.0, 1.0],
                [1.0, 0.0, -0.0, -0.0, -0.0, 1e-06, -1.0, 0.385758, -0.0, 1.0, 1e-06, 0.0, 0.0, 0.0, 0.0, 1.0]
            ]
        },
        {
            "name": "Thigh_L",
            "time": [0.0, 0.0667, 0.1167, 0.1667, 0.2833, 0.5167, 0.6333, 0.7333, 1.0, 1.1667],
            "transform": [
                [0.852601, -0.161563, -0.496958, -0.125006, 0.049643, -0.921661, 0.384805, -0.002831, -0.520198, -0.352756, -0.77779, -1.2e-05, 0.0, 0.0, 0.0, 1.0],
                [0.86622, -0.310995, -0.39108, -0.125006, -0.118687, -0.888354, 0.443552, -0.002831, -0.485361, -0.337797, -0.806423, -1.2e-05, 0.0, 0.0, 0.0, 1.0],
                [0.869393, -0.397752, -0.29317, -0.125006, -0.227526, -0.848924, 0.477031, -0.002831, -0.438619, -0.348023, -0.828548, -1.2e-05, 0.0, 0.0, 0.0, 1.0],
                [0.90564, -0.306611, -0.292924, -0.125006, -0.141245, -0.869455, 0.473389, -0.002831, -0.399831, -0.387346, -0.830721, -1.2e-05, 0.0, 0.0, 0.0, 1.0],
                [0.906218, -0.335388, -0.257456, -0.125006, -0.219535, -0.893644, 0.391411, -0.002831, -0.361349, -0.298183, -0.883467, -1.2e-05, 0.0, 0.0, 0.0, 1.0],
                [0.878985, -0.463328, -0.112744, -0.125006, -0.384771, -0.828807, 0.406238, -0.002831, -0.281664, -0.313696, -0.906785, -1.2e-05, 0.0, 0.0, 0.0, 1.0],
                [0.842157, -0.31628, -0.436734, -0.125006, 0.006277, -0.804115, 0.594439, -0.002831, -0.539194, -0.503352, -0.675207, -1.2e-05, 0.0, 0.0, 0.0, 1.0],
                [0.833749, -0.390343, -0.390505, -0.125006, -0.02374, -0.731942, 0.680952, -0.002831, -0.551632, -0.558472, -0.619523, -1.2e-05, 0.0, 0.0, 0.0, 1.0],
                [0.833749, -0.390343, -0.390505, -0.125006, -0.02374, -0.731942, 0.680952, -0.002831, -0.551632, -0.558472, -0.619523, -1.2e-05, 0.0, 0.0, 0.0, 1.0],
                [0.850348, -0.268085, -0.452811, -0.125006, -0.029937, -0.883749, 0.467, -0.002831, -0.525368, -0.383557, -0.759521, -1.2e-05, 0.0, 0.0, 0.0, 1.0]
            ]
        },
        {
            "name": "Leg_L",
            "time": [0.0, 0.0667, 0.1167, 0.1667, 0.2833, 0.5167, 0.6333, 0.7333, 1.0, 1.1667],
            "transform": [
                [1.0, -1e-06, 8e-06, -0.0, -4e-06, 0.81482, 0.579714, 0.37472, -7e-06, -0.579714, 0.81482, 0.0, 0.0, 0.0, 0.0, 1.0],
                [1.0, -1e-06, 9e-06, -0.0, -4e-06, 0.851351, 0.524596, 0.37472, -8e-06, -0.524596, 0.851351, 0.0, 0.0, 0.0, 0.0, 1.0],
                [1.0, -1e-06, 9e-06, 0.0, -4e-06, 0.87225, 0.489059, 0.37472, -8e-06, -0.489059, 0.872251, -0.0, 0.0, 0.0, 0.0, 1.0],
                [1.0, -1e-06, 1e-06, -0.0, -0.0, 0.615489, 0.788145, 0.37472, -1e-06, -0.788145, 0.61549, 0.0, 0.0, 0.0, 0.0, 1.0],
                [1.0, -1e-06, 2.4e-05, 0.0, -1.5e-05, 0.743489, 0.668748, 0.37472, -1.8e-05, -0.668748, 0.74349, -0.0, 0.0, 0.0, 0.0, 1.0],
                [1.0, -1e-06, 1.6e-05, 0.0, -1.6e-05, -0.031333, 0.999509, 0.37472, -0.0, -0.999509, -0.031333, -0.0, 0.0, 0.0, 0.0, 1.0],
                [1.0, -1e-06, 5.7e-05, 0.0, -5.6e-05, 0.211991, 0.977272, 0.37472, -1.3e-05, -0.977271, 0.211992, -0.0, 0.0, 0.0, 0.0, 1.0],
                [1.0, -1e-06, 2.8e-05, -0.0, -2.5e-05, 0.39419, 0.919029, 0.37472, -1.2e-05, -0.919029, 0.39419, 0.0, 0.0, 0.0, 0.0, 1.0],
                [1.0, -1e-06, 2.8e-05, -0.0, -2.5e-05, 0.39419, 0.919029, 0.37472, -1.2e-05, -0.919029, 0.39419, 0.0, 0.0, 0.0, 0.0, 1.0],
                [1.0, 3e-06, 1.4e-05, -0.0, -1.1e-05, 0.784073, 0.620668, 0.37472, -9e-06, -0.620668, 0.784074, 0.0, 0.0, 0.0, 0.0, 1.0]
            ]
        },
        {
            "name": "Knee_L",
            "time": [0.0, 0.0667, 0.1167, 0.1667, 0.2833, 0.5167, 0.6333, 0.7333, 1.0, 1.1667],
            "transform": [
                [1.0, 0.0, -0.0, -0.0, -0.0, 1e-06, -1.0, 0.390418, -0.0, 1.0, 1e-06, 0.0, 0.0, 0.0, 0.0, 1.0],
                [1.0, 0.0, -0.0, -0.0, -0.0, 1e-06, -1.0, 0.390418, -0.0, 1.0, 1e-06, 0.0, 0.0, 0.0, 0.0, 1.0],
                [1.0, 0.0, -0.0, 0.0, -0.0, 1e-06, -1.0, 0.386494, -0.0, 1.0, 1e-06, -0.0, 0.0, 0.0, 0.0, 1.0],
                [1.0, 0.0, -0.0, 0.0, -0.0, 1e-06, -1.0, 0.411453, -0.0, 1.0, 1e-06, 0.0, 0.0, 0.0, 0.0, 1.0],
                [1.0, 0.0, -0.0, 0.0, -0.0, 1e-06, -1.0, 0.400033, -0.0, 1.0, 1e-06, -0.0, 0.0, 0.0, 0.0, 1.0],
                [1.0, 0.0, -0.0, 0.0, -0.0, 1e-06, -1.0, 0.4828, -0.0, 1.0, 1e-06, -0.0, 0.0, 0.0, 0.0, 1.0],
                [1.0, 0.0, -0.0, 0.0, -0.0, 1e-06, -1.0, 0.454681, -0.0, 1.0, 1e-06, -0.0, 0.0, 0.0, 0.0, 1.0],
                [1.0, 0.0, -0.0, 0.0, -0.0, 1e-06, -1.0, 0.433178, -0.0, 1.0, 1e-06, 0.0, 0.0, 0.0, 0.0, 1.0],
                [1.0, 0.0, -0.0, -0.0, -0.0, 1e-06, -1.0, 0.435753, -0.0, 1.0, 1e-06, 0.0, 0.0, 0.0, 0.0, 1.0],
                [1.0, 0.0, -0.0, -0.0, -0.0, 1e-06, -1.0, 0.383714, -0.0, 1.0, 1e-06, 0.0, 0.0, 0.0, 0.0, 1.0]
            ]
        },
        {
            "name": "Torso",
            "time": [0.0, 0.0667, 0.1167, 0.1667, 0.2833, 0.5167, 0.6333, 0.7333, 1.0, 1.1667],
            "transform": [
                [0.999774, -0.02128, -0.000203, -0.0, 0.02128, 0.999608, 0.018183, 0.05, -0.000184, -0.018183, 0.999835, 0.0, 0.0, 0.0, 0.0, 1.0],
                [0.999754, -0.02219, -0.000219, 0.0, 0.022191, 0.999621, 0.016285, 0.05, -0.000143, -0.016286, 0.999867, 0.0, 0.0, 0.0, 0.0, 1.0],
                [0.999719, -0.023694, -0.000241, -0.0, 0.023695, 0.999633, 0.013149, 0.05, -7.1e-05, -0.013151, 0.999913, -0.0, 0.0, 0.0, 0.0, 1.0],
                [0.999671, -0.025653, -0.000262, 0.0, 0.025654, 0.99963, 0.009066, 0.05, 3e-05, -0.009069, 0.999959, 0.0, 0.0, 0.0, 0.0, 1.0],
                [0.998722, -0.050539, 0.000157, 0.0, 0.050499, 0.997808, -0.042772, 0.05, 0.002005, 0.042726, 0.999085, 0.0, 0.0, 0.0, 0.0, 1.0],
                [0.998722, -0.050539, 0.000157, -0.0, 0.050499, 0.997808, -0.042772, 0.05, 0.002005, 0.042726, 0.999085, 0.0, 0.0, 0.0, 0.0, 1.0],
                [0.988223, -0.153013, -0.001748, 0.0, 0.152665, 0.985064, 0.079635, 0.05, -0.010463, -0.078964, 0.996823, -0.0, 0.0, 0.0, 0.0, 1.0],
                [0.972273, -0.23352, -0.012373, 0.0, 0.231991, 0.956553, 0.176594, 0.05, -0.029403, -0.174568, 0.984206, 0.0, 0.0, 0.0, 0.0, 1.0],
                [0.972273, -0.23352, -0.012373, 0.0, 0.231991, 0.956553, 0.176594, 0.05, -0.029403, -0.174568, 0.984206, 0.0, 0.0, 0.0, 0.0, 1.0],
                [0.991742, -0.12823, -0.002019, 0.0, 0.127805, 0.986911, 0.098353, 0.05, -0.010619, -0.097799, 0.995149, 0.0, 0.0, 0.0, 0.0, 1.0]
            ]
        },
        {
            "name": "Chest",
            "time": [0.0, 0.0667, 0.1167, 0.1667, 0.2833, 0.5167, 0.6333, 0.7333, 1.0, 1.1667],
            "transform": [
                [0.999917, 0.012871, -0.000256, -0.0, -0.012873, 0.999881, -0.008538, 0.3, 0.000146, 0.00854, 0.999964, -0.0, 0.0, 0.0, 0.0, 1.0],
                [0.999668, 0.025745, -0.000751, -0.0, -0.025756, 0.999305, -0.026945, 0.3, 5.6e-05, 0.026955, 0.999637, -0.0, 0.0, 0.0, 0.0, 1.0],
                [0.999429, 0.033754, -0.001469, -0.0, -0.033783, 0.997883, -0.055571, 0.3, -0.00041, 0.055589, 0.998454, -0.0, 0.0, 0.0, 0.0, 1.0],
                [0.999672, 0.025545, -0.001682, 0.0, -0.025593, 0.995591, -0.090241, 0.3, -0.000631, 0.090255, 0.995918, 0.0, 0.0, 0.0, 0.0, 1.0],
                [0.999837, -0.017993, 0.001098, 0.0, 0.017903, 0.984073, -0.176863, 0.3, 0.002102, 0.176854, 0.984235, -0.0, 0.0, 0.0, 0.0, 1.0],
                [0.999838, -0.017993, 0.001098, 0.0, 0.017903, 0.984073, -0.176864, 0.3, 0.002102, 0.176855, 0.984235, 0.0, 0.0, 0.0, 0.0, 1.0],
                [0.88216, 0.048678, 0.468427, 0.0, -0.148919, 0.972441, 0.179394, 0.3, -0.446785, -0.228012, 0.865098, 0.0, 0.0, 0.0, 0.0, 1.0],
                [0.702739, -0.259101, 0.662589, -0.0, -0.11707, 0.876516, 0.466919, 0.3, -0.70175, -0.405692, 0.585629, 0.0, 0.0, 0.0, 0.0, 1.0],
                [0.702739, -0.259101, 0.662589, -0.0, -0.11707, 0.876516, 0.466919, 0.3, -0.70175, -0.405692, 0.585629, 0.0, 0.0, 0.0, 0.0, 1.0],
                [0.921339, -0.08969, 0.378273, 0.0, -0.009852, 0.967324, 0.253353, 0.3, -0.388635, -0.23715, 0.890349, 0.0, 0.0, 0.0, 0.0, 1.0]
            ]
        },
        {
            "name": "Head",
            "time": [0.0, 0.0667, 0.1167, 0.1667, 0.2833, 0.5167, 0.6333, 0.7333, 1.0, 1.1667],
            "transform": [
                [0.853042, 0.022684, 0.52135, 0.0, -0.008908, 0.999542, -0.028915, 0.4, -0.521767, 0.020022, 0.852853, -0.0, 0.0, 0.0, 0.0, 1.0],
                [0.853026, 0.005965, 0.521834, 0.0, -0.009879, 0.99994, 0.004719, 0.4, -0.521774, -0.00918, 0.853034, -0.0, 0.0, 0.0, 0.0, 1.0],
                [0.853029, -0.008387, 0.521796, 0.0, -0.006561, 0.999619, 0.026793, 0.4, -0.521822, -0.026279, 0.85265, 0.0, 0.0, 0.0, 0.0, 1.0],
                [0.894496, -0.012659, 0.446897, 0.0, 8.1e-05, 0.999604, 0.028152, 0.4, -0.447076, -0.025146, 0.894142, 0.0, 0.0, 0.0, 0.0, 1.0],
                [0.999799, -0.017257, -0.010208, -0.0, 0.017511, 0.999525, 0.025362, 0.4, 0.009766, -0.025535, 0.999626, 0.0, 0.0, 0.0, 0.0, 1.0],
                [0.999799, -0.017257, -0.010209, 0.0, 0.017511, 0.999525, 0.025362, 0.4, 0.009766, -0.025535, 0.999626, -0.0, 0.0, 0.0, 0.0, 1.0],
                [0.999961, -0.007587, -0.00441, 0.0, 0.007635, 0.999909, 0.011112, 0.4, 0.004325, -0.011145, 0.999928, -0.0, 0.0, 0.0, 0.0, 1.0],
                [1.0, -0.0, 0.0, 0.0, 0.0, 1.0, 0.0, 0.4, -0.0, -0.0, 1.0, -0.0, 0.0, 0.0, 0.0, 1.0],
                [1.0, -0.0, 0.0, 0.0, 0.0, 1.0, 0.0, 0.4, -0.0, -0.0, 1.0, -0.0, 0.0, 0.0, 0.0, 1.0],
                [0.962569, 0.015441, 0.270596, -0.0, -0.007434, 0.999504, -0.030592, 0.4, -0.270935, 0.027436, 0.962207, -0.0, 0.0, 0.0, 0.0, 1.0]
            ]
        },
        {
            "name": "Shoulder_R",
            "time": [0.0, 0.0667, 0.1167, 0.1667, 0.2833, 0.5167, 0.6333, 0.7333, 1.0, 1.1667],
            "transform": [
                [0.566769, 0.787994, 0.240496, 0.0, -0.016322, -0.281112, 0.959536, 0.4, 0.823715, -0.547761, -0.146464, -0.0, 0.0, 0.0, 0.0, 1.0],
                [0.591102, 0.775779, 0.220828, 0.0, -0.008041, -0.268097, 0.963358, 0.4, 0.806557, -0.571219, -0.152234, -0.0, 0.0, 0.0, 0.0, 1.0],
                [0.605944, 0.76771, 0.208453, 0.0, -0.002675, -0.26007, 0.965586, 0.4, 0.795503, -0.585649, -0.155534, 0.0, 0.0, 0.0, 0.0, 1.0],
                [0.566769, 0.787994, 0.240496, 0.0, -0.016321, -0.281112, 0.959536, 0.4, 0.823715, -0.54776, -0.146464, 0.0, 0.0, 0.0, 0.0, 1.0],
                [0.566769, 0.787994, 0.240496, -0.0, -0.016322, -0.281112, 0.959536, 0.4, 0.823715, -0.547761, -0.146464, 0.0, 0.0, 0.0, 0.0, 1.0],
                [0.923174, 0.294351, 0.247196, 0.0, -0.146445, -0.32526, 0.934216, 0.4, 0.355391, -0.898645, -0.257166, -0.0, 0.0, 0.0, 0.0, 1.0],
                [0.718639, 0.621922, 0.31108, 0.0, -0.068138, -0.38222, 0.921556, 0.4, 0.692037, -0.683462, -0.232302, -0.0, 0.0, 0.0, 0.0, 1.0],
                [0.469677, 0.809438, 0.352438, 0.0, 0.007304, -0.402759, 0.915277, 0.4, 0.882808, -0.42731, -0.195079, -0.0, 0.0, 0.0, 0.0, 1.0],
                [0.469677, 0.809438, 0.352438, 0.0, 0.007304, -0.402759, 0.915277, 0.4, 0.882808, -0.42731, -0.195079, -0.0, 0.0, 0.0, 0.0, 1.0],
                [0.518767, 0.801917, 0.296325, -0.0, -0.006351, -0.342989, 0.939318, 0.4, 0.854892, -0.489169, -0.172838, -0.0, 0.0, 0.0, 0.0, 1.0]
            ]
        },
        {
            "name": "Arm_R",
            "time": [0.0, 0.0667, 0.1167, 0.1667, 0.2833, 0.5167, 0.6333, 0.7333, 1.0, 1.1667],
            "transform": [
                [-0.170347, 0.015019, -0.98527, 0.0, -0.072729, 0.996965, 0.027771, 0.39386, 0.982697, 0.076389, -0.168738, -0.0, 0.0, 0.0, 0.0, 1.0],
                [0.381932, -0.671058, -0.63546, -0.0, -0.582183, 0.359314, -0.729354, 0.39386, 0.717768, 0.648518, -0.253445, -0.0, 0.0, 0.0, 0.0, 1.0],
                [0.80039, -0.582776, -0.140529, -0.0, -0.401807, -0.347553, -0.847206, 0.39386, 0.44489, 0.734561, -0.512341, -0.0, 0.0, 0.0, 0.0, 1.0],
                [0.809862, -0.579609, -0.090435, -0.0, -0.352021, -0.356852, -0.865297, 0.39386, 0.469261, 0.732606, -0.493035, 0.0, 0.0, 0.0, 0.0, 1.0],
                [0.692859, -0.721015, -0.009193, 0.0, -0.613204, -0.582455, -0.533599, 0.393861, 0.379378, 0.375346, -0.845688, 0.0, 0.0, 0.0, 0.0, 1.0],
                [0.722079, -0.689038, -0.061879, -0.0, -0.611238, -0.59353, -0.523557, 0.393861, 0.324023, 0.415872, -0.849741, 0.0, 0.0, 0.0, 0.0, 1.0],
                [0.254324, -0.904865, -0.341379, 0.0, -0.903188, -0.096014, -0.41837, 0.393861, 0.345791, 0.41473, -0.841681, -0.0, 0.0, 0.0, 0.0, 1.0],
                [0.123439, -0.918057, -0.376743, 0.0, -0.30724, 0.325636, -0.894184, 0.39386, 0.943593, 0.226128, -0.241867, 0.0, 0.0, 0.0, 0.0, 1.0],
                [0.123439, -0.918057, -0.376743, 0.0, -0.30724, 0.325636, -0.894184, 0.39386, 0.943593, 0.226128, -0.241867, 0.0, 0.0, 0.0, 0.0, 1.0],
                [-0.122909, -0.685594, -0.717534, -0.0, 0.521397, 0.570581, -0.634494, 0.39386, 0.844416, -0.452105, 0.287337, 0.0, 0.0, 0.0, 0.0, 1.0]
            ]
        },
        {
            "name": "Hand_R",
            "time": [0.0, 0.0667, 0.1167, 0.1667, 0.2833, 0.5167, 0.6333, 0.7333, 1.0, 1.1667],
            "transform": [
                [0.999997, 0.002299, -0.000213, 0.0, -0.000683, 0.206378, -0.978472, 0.3, -0.002206, 0.97847, 0.206379, -0.0, 0.0, 0.0, 0.0, 1.0],
                [0.999999, 0.001182, 0.000253, 0.0, -0.000956, 0.901374, -0.433041, 0.3, -0.00074, 0.43304, 0.901375, 0.0, 0.0, 0.0, 0.0, 1.0],
                [1.0, 0.0, 0.0, 0.0, -0.0, 0.993938, 0.109947, 0.3, -0.0, -0.109947, 0.993937, 0.0, 0.0, 0.0, 0.0, 1.0],
                [1.0, -0.000712, 0.000559, 0.0, 0.000656, 0.995454, 0.095246, 0.3, -0.000624, -0.095245, 0.995454, 0.0, 0.0, 0.0, 0.0, 1.0],
                [0.999999, -0.001128, 0.001057, 0.0, 0.001038, 0.996608, 0.082292, 0.3, -0.001146, -0.082291, 0.996608, -0.0, 0.0, 0.0, 0.0, 1.0],
                [0.999943, -0.004613, 0.009584, -0.0, 0.005814, 0.991591, -0.12928, 0.3, -0.008907, 0.129329, 0.991562, 0.0, 0.0, 0.0, 0.0, 1.0],
                [0.999902, -0.006978, 0.012116, -0.0, 0.010247, 0.955288, -0.295498, 0.3, -0.009512, 0.295593, 0.955267, -0.0, 0.0, 0.0, 0.0, 1.0],
                [0.999859, -0.008544, 0.014416, 0.0, 0.01384, 0.906036, -0.422974, 0.3, -0.009447, 0.423114, 0.906027, -0.0, 0.0, 0.0, 0.0, 1.0],
                [0.999859, -0.008544, 0.014416, 0.0, 0.01384, 0.906036, -0.422974, 0.3, -0.009447, 0.423114, 0.906027, -0.0, 0.0, 0.0, 0.0, 1.0],
                [0.999948, -0.004088, 0.00938, -0.0, 0.006081, 0.974703, -0.223424, 0.3, -0.008229, 0.223469, 0.974676, 0.0, 0.0, 0.0, 0.0, 1.0]
            ]
        },
        {
            "name": "Tool_R",
            "time": [0.0, 0.0667, 0.1167, 0.1667, 0.2833, 0.5167, 0.6333, 0.7333, 1.0, 1.1667],
            "transform": [
                [-0.622223, 0.445312, 0.643845, -0.07044, 0.372737, 0.891764, -0.256564, 0.343201, -0.687997, 0.080307, -0.720436, 0.119905, 0.0, 0.0, 0.0, 1.0],
                [-0.986844, 0.066786, 0.147239, -0.095467, 0.085253, 0.98875, 0.122908, 0.318115, -0.137291, 0.133775, -0.980853, 0.108844, 0.0, 0.0, 0.0, 1.0],
                [-0.480278, 0.036371, 0.876362, -0.10125, 0.436504, 0.876539, 0.202841, 0.284395, -0.760333, 0.479681, -0.436597, 0.094322, 0.0, 0.0, 0.0, 1.0],
                [-0.45324, 0.135585, 0.881017, -0.09506, 0.542451, 0.826239, 0.15191, 0.277486, -0.706909, 0.546445, -0.447765, 0.091553, 0.0, 0.0, 0.0, 1.0],
                [-0.944666, 0.257348, 0.203417, -0.045234, 0.277719, 0.957456, 0.078421, 0.265097, -0.174475, 0.130507, -0.975368, 0.132281, 0.0, 0.0, 0.0, 1.0],
                [-0.91144, 0.222113, -0.346327, -0.017206, 0.370803, 0.80819, -0.457531, 0.256649, 0.178173, -0.545099, -0.818497, 0.079002, 0.0, 0.0, 0.0, 1.0],
                [0.194159, 0.480821, -0.855052, 0.109865, 0.891108, 0.277995, 0.358672, 0.262603, 0.409924, -0.831088, -0.374263, 0.032334, 0.0, 0.0, 0.0, 1.0],
                [-0.193077, -0.876261, -0.441463, 0.060077, 0.573867, 0.264099, -0.775196, 0.324316, 0.795398, -0.402772, 0.45159, 0.051292, 0.0, 0.0, 0.0, 1.0],
                [-0.193077, -0.876261, -0.441463, 0.060077, 0.573867, 0.264099, -0.775196, 0.324316, 0.795398, -0.402772, 0.45159, 0.051292, 0.0, 0.0, 0.0, 1.0],
                [-0.506395, -0.490626, -0.70912, 0.030038, 0.832128, -0.493682, -0.252668, 0.298587, -0.225971, -0.717609, 0.657869, 0.025646, 0.0, 0.0, 0.0, 1.0]
            ]
        },
        {
            "name": "Elbow_R",
            "time": [0.0, 0.0667, 0.1167, 0.5167, 0.6333, 0.7333, 1.0, 1.1667],
            "transform": [
                [-1.0, 0.0, -0.0, 0.0, 0.0, 0.0, -1.0, 0.434923, -0.0, -1.0, 0.0, -0.0, 0.0, 0.0, 0.0, 1.0],
                [-1.0, 0.0, 0.0, 0.0, 0.0, -0.0, -1.0, 0.338852, -0.0, -1.0, 0.0, 0.0, 0.0, 0.0, 0.0, 1.0],
                [-1.0, 0.0, -0.0, 0.0, 0.0, -0.0, -1.0, 0.3, -0.0, -1.0, 0.0, 0.0, 0.0, 0.0, 0.0, 1.0],
                [-1.0, 0.0, -0.0, -0.0, -0.0, -0.0, -1.0, 0.3, -0.0, -1.0, 0.0, 0.0, 0.0, 0.0, 0.0, 1.0],
                [-1.0, 0.0, -0.0, -0.0, 0.0, -0.0, -1.0, 0.347012, -0.0, -1.0, 0.0, 0.0, 0.0, 0.0, 0.0, 1.0],
                [-1.0, 0.0, -0.0, 0.0, -0.0, -0.0, -1.0, 0.357641, -0.0, -1.0, 0.0, 0.0, 0.0, 0.0, 0.0, 1.0],
                [-1.0, 0.0, -0.0, 0.0, -0.0, -0.0, -1.0, 0.359685, -0.0, -1.0, 0.0, -0.0, 0.0, 0.0, 0.0, 1.0],
                [-1.0, 0.0, -0.0, -0.0, 0.0, -0.0, -1.0, 0.343742, -0.0, -1.0, 0.0, 0.0, 0.0, 0.0, 0.0, 1.0]
            ]
        },
        {
            "name": "Shoulder_L",
            "time": [0.0, 0.0667, 0.1167, 0.1667, 0.2833, 0.5167, 0.6333, 0.7333, 1.0, 1.1667],
            "transform": [
                [0.802336, -0.576362, -0.155124, 0.0, -0.026083, -0.293502, 0.955603, 0.4, -0.596302, -0.762668, -0.250521, -0.0, 0.0, 0.0, 0.0, 1.0],
                [0.652808, -0.719553, -0.236823, 0.0, 0.006398, -0.307379, 0.951566, 0.4, -0.757496, -0.622705, -0.196056, -0.0, 0.0, 0.0, 0.0, 1.0],
                [0.470256, -0.833554, -0.28991, 0.0, 0.009746, -0.323574, 0.946153, 0.4, -0.882476, -0.447759, -0.144039, 0.0, 0.0, 0.0, 0.0, 1.0],
                [0.38824, -0.882802, -0.264444, 0.0, -0.019467, -0.294746, 0.955377, 0.4, -0.921353, -0.365768, -0.131618, 0.0, 0.0, 0.0, 0.0, 1.0],
                [0.122199, -0.965742, -0.228934, -0.0, -0.016752, -0.232636, 0.97242, 0.4, -0.992364, -0.114994, -0.044606, 0.0, 0.0, 0.0, 0.0, 1.0],
                [-0.205158, -0.966158, -0.156362, 0.0, 0.009274, -0.161672, 0.986801, 0.4, -0.978685, 0.201, 0.042129, -0.0, 0.0, 0.0, 0.0, 1.0],
                [0.395577, -0.905035, -0.156303, 0.0, -0.007439, -0.173336, 0.984835, 0.4, -0.918403, -0.388415, -0.0753, -0.0, 0.0, 0.0, 0.0, 1.0],
                [0.784735, -0.581731, 0.213963, 0.0, -0.078784, 0.248782, 0.96535, 0.4, -0.614804, -0.774401, 0.149396, -0.0, 0.0, 0.0, 0.0, 1.0],
                [0.784735, -0.581731, 0.213963, 0.0, -0.078784, 0.248782, 0.96535, 0.4, -0.614804, -0.774401, 0.149396, -0.0, 0.0, 0.0, 0.0, 1.0],
                [0.610304, -0.792134, -0.007304, -0.0, -0.013799, -0.019849, 0.999708, 0.4, -0.792047, -0.610025, -0.023044, -0.0, 0.0, 0.0, 0.0, 1.0]
            ]
        },
        {
            "name": "Arm_L",
            "time": [0.0, 0.0667, 0.1167, 0.1667, 0.2833, 0.5167, 0.6333, 0.7333, 1.0, 1.1667],
            "transform": [
                [-0.180062, 0.975633, 0.125374, 0.0, -0.124648, 0.103799, -0.986757, 0.39386, -0.975726, -0.193304, 0.10292, 0.0, 0.0, 0.0, 0.0, 1.0],
                [0.119383, 0.950304, -0.287523, -0.0, -0.593881, -0.163724, -0.787718, 0.39386, -0.795646, 0.264794, 0.544822, 0.0, 0.0, 0.0, 0.0, 1.0],
                [0.138241, 0.80754, -0.573384, -0.0, -0.847113, -0.203534, -0.49089, 0.39386, -0.513116, 0.553582, 0.655942, 0.0, 0.0, 0.0, 0.0, 1.0],
                [0.109577, 0.81261, -0.572414, 0.0, -0.850728, -0.221157, -0.476814, 0.39386, -0.514057, 0.539217, 0.667077, -0.0, 0.0, 0.0, 0.0, 1.0],
                [-0.133149, 0.883102, 0.449892, -0.0, -0.915247, -0.283723, 0.286051, 0.39386, 0.380257, -0.373674, 0.846033, 0.0, 0.0, 0.0, 0.0, 1.0],
                [-0.16761, 0.98563, 0.020978, 0.0, -0.853125, -0.134348, -0.504112, 0.39386, -0.49405, -0.102391, 0.863384, -0.0, 0.0, 0.0, 0.0, 1.0],
                [0.040562, 0.999158, -0.006093, 0.0, -0.928143, 0.035419, -0.370534, 0.39386, -0.370007, 0.020685, 0.928799, -0.0, 0.0, 0.0, 0.0, 1.0],
                [-0.123797, 0.923075, 0.364151, 0.0, -0.201991, 0.335849, -0.920003, 0.39386, -0.971532, -0.187448, 0.144876, -0.0, 0.0, 0.0, 0.0, 1.0],
                [-0.123797, 0.923075, 0.364151, 0.0, -0.201991, 0.335849, -0.920003, 0.39386, -0.971532, -0.187448, 0.144876, -0.0, 0.0, 0.0, 0.0, 1.0],
                [-0.444803, 0.703455, 0.554347, 0.0, -0.553327, 0.270857, -0.787696, 0.39386, -0.704258, -0.657105, 0.268763, -0.0, 0.0, 0.0, 0.0, 1.0]
            ]
        },
        {
            "name": "Hand_L",
            "time": [0.0, 0.0667, 0.1167, 0.1667, 0.2833, 0.5167, 0.6333, 0.7333, 1.1667],
            "transform": [
                [1.020762, 0.00019, 0.000274, -0.0, -0.000154, 0.990532, -0.137286, 0.3, -0.000304, 0.137286, 0.990531, -0.0, 0.0, 0.0, 0.0, 1.0],
                [1.020762, 0.000207, 0.00029, 0.0, -0.000165, 0.988584, -0.150674, 0.3, -0.000324, 0.150674, 0.988584, -0.0, 0.0, 0.0, 0.0, 1.0],
                [1.020762, 0.000231, 0.000363, 0.0, -0.000166, 0.983911, -0.178662, 0.3, -0.000407, 0.178662, 0.98391, 0.0, 0.0, 0.0, 0.0, 1.0],
                [1.020762, 0.000288, 0.000646, 0.0, -0.000139, 0.974694, -0.223542, 0.3, -0.000708, 0.223541, 0.974694, -0.0, 0.0, 0.0, 0.0, 1.0],
                [1.020449, -0.013291, -0.020926, 0.0, -0.023405, -0.174883, -0.984322, 0.3, 0.009619, 0.9845, -0.175134, 0.0, 0.0, 0.0, 0.0, 1.0],
                [1.020054, 0.024105, 0.02839, -0.0, 0.025277, 0.139338, -0.989936, 0.3, -0.028396, 0.989952, 0.138644, -0.0, 0.0, 0.0, 0.0, 1.0],
                [1.020602, 0.004742, 0.017073, 0.0, 0.005247, 0.844434, -0.535635, 0.3, -0.017309, 0.535639, 0.844277, -0.0, 0.0, 0.0, 0.0, 1.0],
                [1.020763, 0.0, 0.0, -0.0, -0.0, 0.993938, 0.109947, 0.3, -0.0, -0.109947, 0.993937, -0.0, 0.0, 0.0, 0.0, 1.0],
                [1.020763, 0.0, 0.0, 0.0, -0.0, 0.993937, 0.109947, 0.3, -0.0, -0.109947, 0.993937, 0.0, 0.0, 0.0, 0.0, 1.0]
            ]
        },
        {
            "name": "Tool_L",
            "time": [0.0, 1.1667],
            "transform": [
                [1.0, -0.0, 0.0, -0.0, -0.0, -0.999836, 0.018122, 0.272858, 0.0, -0.018122, -0.999247, 0.0, 0.0, 0.0, 0.0, 1.0],
                [1.0, -0.0, 0.0, 0.0, -0.0, -0.999836, 0.018122, 0.272858, 0.0, -0.018122, -0.999247, 0.0, 0.0, 0.0, 0.0, 1.0]
            ]
        },
        {
            "name": "Elbow_L",
            "time": [0.0, 0.0667, 0.1167, 0.1667, 0.2833, 0.5167, 0.6333, 0.7333, 1.0, 1.1667],
            "transform": [
                [-1.0, 0.0, -0.0, -0.0, 0.0, -0.0, -1.0, 0.336733, -0.0, -1.0, -0.0, -0.0, 0.0, 0.0, 0.0, 1.0],
                [-1.0, 0.0, -0.0, 0.0, 0.0, -0.0, -1.0, 0.336027, -0.0, -1.0, -0.0, -0.0, 0.0, 0.0, 0.0, 1.0],
                [-1.0, 0.0, -0.0, 0.0, 0.0, 0.0, -1.0, 0.339245, -0.0, -1.0, -0.0, 0.0, 0.0, 0.0, 0.0, 1.0],
                [-1.0, 0.0, -0.0, 0.0, 0.0, -0.0, -1.0, 0.3, -0.0, -1.0, 0.0, -0.0, 0.0, 0.0, 0.0, 1.0],
                [-1.0, 0.0, -0.0, 0.0, 0.0, -0.0, -1.0, 0.451877, -0.0, -1.0, -0.0, 0.0, 0.0, 0.0, 0.0, 1.0],
                [-1.0, 0.0, 0.0, -0.0, 0.0, -0.0, -1.0, 0.444813, -0.0, -1.0, -0.0, 0.0, 0.0, 0.0, 0.0, 1.0],
                [-1.0, 0.0, -0.0, 0.0, 0.0, -0.0, -1.0, 0.352122, -0.0, -1.0, -0.0, -0.0, 0.0, 0.0, 0.0, 1.0],
                [-1.0, 0.0, 0.0, -0.0, 0.0, -0.0, -1.0, 0.3, -0.0, -1.0, -0.0, -0.0, 0.0, 0.0, 0.0, 1.0],
                [-1.0, 0.0, 0.0, -0.0, 0.0, -0.0, -1.0, 0.3, -0.0, -1.0, -0.0, -0.0, 0.0, 0.0, 0.0, 1.0],
                [-1.0, 0.0, -0.0, 0.0, 0.0, -0.0, -1.0, 0.367861, -0.0, -1.0, -0.0, 0.0, 0.0, 0.0, 0.0, 1.0]
            ]
        }
    ]
}