{
    "animation": [
        {
            "name": "Root",
            "time": [0.0, 0.15, 0.2833, 0.4333, 0.5833, 0.7, 1.0],
            "transform": [
                [0.668221, -0.006954, -0.74393, -5e-06, -0.724676, 0.220128, -0.652984, 0.000946, 0.168301, 0.975446, 0.142055, 0.718364, 0.0, 0.0, 0.0, 1.0],
                [0.05655, -0.021097, -0.998177, -5e-06, -0.972133, 0.226659, -0.059865, 0.000946, 0.227509, 0.973746, -0.007691, 0.806587, 0.0, 0.0, 0.0, 1.0],
                [-0.090097, -0.02337, -0.995659, -5e-06, -0.969887, 0.229199, 0.082385, 0.000946, 0.226278, 0.973099, -0.043317, 0.796915, 0.0, 0.0, 0.0, 1.0],
                [0.765514, 0.1256, -0.631042, -5e-06, -0.643394, 0.158145, -0.749022, 0.000946, 0.005719, 0.979395, 0.201873, 0.796915, 0.0, 0.0, 0.0, 1.0],
                [-0.019778, -0.096807, 0.995107, -5e-06, 0.977171, 0.208705, 0.039725, 0.000946, -0.211529, 0.973176, 0.090469, 0.59716, 0.0, 0.0, 0.0, 1.0],
                [-0.147541, -0.103139, 0.983664, -5e-06, 0.965263, 0.201819, 0.165942, 0.000946, -0.215637, 0.973977, 0.069779, 0.583589, 0.0, 0.0, 0.0, 1.0],
                [-0.147541, -0.103139, 0.983664, -5e-06, 0.965263, 0.201819, 0.165942, 0.000946, -0.215637, 0.973977, 0.069779, 0.583589, 0.0, 0.0, 0.0, 1.0]
            ]
        },
        {
            "name": "Thigh_R",
            "time": [0.0, 0.15, 0.2833, 0.4333, 0.5833, 0.7, 1.0],
            "transform": [
                [0.993669, 0.084043, 0.074554, 0.124994, 0.087559, -0.995132, -0.04521, -0.002831, 0.070391, 0.051452, -0.996191, -1.2e-05, 0.0, 0.0, 0.0, 1.0],
                [0.99511, 0.097087, 0.018189, 0.124994, 0.098276, -0.991647, -0.083524, -0.002831, 0.009928, 0.084904, -0.996339, -1.2e-05, 0.0, 0.0, 0.0, 1.0],
                [0.994926, 0.100504, 0.004686, 0.124994, 0.100504, -0.990597, -0.092816, -0.002831, -0.004686, 0.092817, -0.995671, -1.2e-05, 0.0, 0.0, 0.0, 1.0],
                [0.938839, 0.250912, 0.235847, 0.145308, 0.166759, -0.930502, 0.326122, -0.010326, 0.301285, -0.266846, -0.915434, 0.018319, 0.0, 0.0, 0.0, 1.0],
                [0.191961, 0.751124, 0.631635, 0.159527, 0.171801, -0.659385, 0.731911, -0.015572, 0.966248, -0.031982, -0.25562, 0.03115, 0.0, 0.0, 0.0, 1.0],
                [0.12985, 0.785287, 0.605362, 0.161107, 0.160538, -0.619125, 0.768707, -0.016155, 0.978451, -0.002633, -0.206462, 0.032576, 0.0, 0.0, 0.0, 1.0],
                [0.12985, 0.785287, 0.605362, 0.161107, 0.160538, -0.619125, 0.768707, -0.016155, 0.978451, -0.002633, -0.206462, 0.032576, 0.0, 0.0, 0.0, 1.0]
            ]
        },
        {
            "name": "Leg_R",
            "time": [0.0, 0.15, 0.2833, 0.4333, 0.5833, 0.7, 1.0],
            "transform": [
                [1.0, -0.0, 2e-06, -0.0, -0.0, 0.999987, 0.00517, 0.37472, -2e-06, -0.00517, 0.999986, -0.0, 0.0, 0.0, 0.0, 1.0],
                [1.0, 0.0, 1e-06, 0.0, -0.0, 1.0, 0.001004, 0.37472, -1e-06, -0.001004, 0.999999, -0.0, 0.0, 0.0, 0.0, 1.0],
                [1.0, 0.0, 1e-06, 0.0, -0.0, 1.000001, 0.0, 0.37472, -1e-06, -0.0, 0.999999, 0.0, 0.0, 0.0, 0.0, 1.0],
                [1.0, -8.5e-05, 0.000539, 0.0, -0.00015, 0.906996, 0.421141, 0.37472, -0.000525, -0.421142, 0.906994, 0.0, 0.0, 0.0, 0.0, 1.0],
                [1.0, -0.000277, 0.00087, -0.0, -0.000382, 0.73934, 0.673333, 0.37472, -0.00083, -0.673334, 0.739338, 0.0, 0.0, 0.0, 0.0, 1.0],
                [1.0, -0.000303, 0.000903, -0.0, -0.000412, 0.716696, 0.697385, 0.37472, -0.000858, -0.697386, 0.716695, 0.0, 0.0, 0.0, 0.0, 1.0],
                [1.0, -0.000303, 0.000903, -0.0, -0.000412, 0.716696, 0.697385, 0.37472, -0.000858, -0.697386, 0.716695, 0.0, 0.0, 0.0, 0.0, 1.0]
            ]
        },
        {
            "name": "Knee_R",
            "time": [0.0, 0.2833, 0.4333, 0.5833, 0.7, 1.0],
            "transform": [
                [1.0, 0.0, -0.0, -0.0, -0.0, 1e-06, -1.0, 0.37472, -0.0, 1.0, 1e-06, -0.0, 0.0, 0.0, 0.0, 1.0],
                [1.0, 0.0, -0.0, 0.0, -0.0, 1e-06, -1.0, 0.37472, -0.0, 1.0, 1e-06, 0.0, 0.0, 0.0, 0.0, 1.0],
                [1.0, 0.0, -0.0, 3.9e-05, -0.0, 1e-06, -1.0, 0.391974, -0.0, 1.0, 1e-06, -0.000803, 0.0, 0.0, 0.0, 1.0],
                [1.0, 0.0, -0.0, 6.6e-05, -0.0, 1e-06, -1.0, 0.404051, -0.0, 1.0, 1e-06, -0.001365, 0.0, 0.0, 0.0, 1.0],
                [1.0, 0.0, -0.0, 6.9e-05, -0.0, 1e-06, -1.0, 0.405393, -0.0, 1.0, 1e-06, -0.001428, 0.0, 0.0, 0.0, 1.0],
                [1.0, 0.0, -0.0, 6.9e-05, -0.0, 1e-06, -1.0, 0.405393, -0.0, 1.0, 1e-06, -0.001428, 0.0, 0.0, 0.0, 1.0]
            ]
        },
        {
            "name": "Thigh_L",
            "time": [0.0, 0.15, 0.2833, 0.4333, 0.5833, 0.7, 1.0],
            "transform": [
                [0.903436, -0.19715, -0.380703, -0.125006, -0.036326, -0.920002, 0.390225, -0.002831, -0.42718, -0.338714, -0.838326, -1.2e-05, 0.0, 0.0, 0.0, 1.0],
                [0.736419, -0.341738, -0.583868, -0.125006, -0.027695, -0.877543, 0.478695, -0.002831, -0.675958, -0.336349, -0.655705, -1.2e-05, 0.0, 0.0, 0.0, 1.0],
                [0.686935, -0.374919, -0.622539, -0.125006, -0.0214, -0.866708, 0.498355, -0.002831, -0.726403, -0.329014, -0.603397, -1.2e-05, 0.0, 0.0, 0.0, 1.0],
                [0.715587, -0.27436, -0.642387, -0.124691, 0.116174, -0.860083, 0.496749, 0.002932, -0.688794, -0.430096, -0.583591, -0.000425, 0.0, 0.0, 0.0, 1.0],
                [0.99053, -0.128002, -0.049656, -0.12447, -0.078621, -0.825318, 0.559166, 0.006966, -0.112557, -0.549966, -0.827567, -0.000713, 0.0, 0.0, 0.0, 1.0],
                [0.990107, -0.133781, -0.042293, -0.124445, -0.087342, -0.823585, 0.560427, 0.007414, -0.109806, -0.551188, -0.827124, -0.000746, 0.0, 0.0, 0.0, 1.0],
                [0.990107, -0.133781, -0.042293, -0.124445, -0.087342, -0.823585, 0.560427, 0.007414, -0.109806, -0.551188, -0.827124, -0.000746, 0.0, 0.0, 0.0, 1.0]
            ]
        },
        {
            "name": "Leg_L",
            "time": [0.0, 0.15, 0.2833, 0.4333, 0.5833, 1.0],
            "transform": [
                [0.999998, 0.001812, -0.001082, 0.0, -0.001076, 0.878746, 0.477289, 0.37472, 0.001816, -0.477286, 0.878746, -0.0, 0.0, 0.0, 0.0, 1.0],
                [0.999993, 0.003633, -0.001237, -0.0, -0.001224, 0.607485, 0.79433, 0.37472, 0.003637, -0.794323, 0.607485, 0.0, 0.0, 0.0, 0.0, 1.0],
                [0.999991, 0.004053, -0.001163, 0.0, -0.001149, 0.527355, 0.849644, 0.37472, 0.004057, -0.849635, 0.527356, 0.0, 0.0, 0.0, 0.0, 1.0],
                [0.999991, 0.004053, -0.001163, 0.0, -0.001149, 0.527355, 0.849645, 0.37472, 0.004057, -0.849635, 0.527355, -0.0, 0.0, 0.0, 0.0, 1.0],
                [0.999991, 0.004053, -0.001163, -0.0, -0.001149, 0.527355, 0.849644, 0.37472, 0.004057, -0.849635, 0.527356, 0.0, 0.0, 0.0, 0.0, 1.0],
                [0.999991, 0.004053, -0.001163, -0.0, -0.001149, 0.527355, 0.849644, 0.37472, 0.004057, -0.849635, 0.527356, 0.0, 0.0, 0.0, 0.0, 1.0]
            ]
        },
        {
            "name": "Knee_L",
            "time": [0.0, 0.15, 0.2833, 1.0],
            "transform": [
                [1.0, 0.0, -0.0, 0.0, -0.0, 1e-06, -1.0, 0.398608, -0.0, 1.0, 1e-06, -0.0, 0.0, 0.0, 0.0, 1.0],
                [1.0, 0.0, -0.0, -0.0, -0.0, 1e-06, -1.0, 0.419493, -0.0, 1.0, 1e-06, 0.000832, 0.0, 0.0, 0.0, 1.0],
                [1.0, 0.0, -0.0, 0.0, -0.0, 1e-06, -1.0, 0.423983, -0.0, 1.0, 1e-06, -0.0, 0.0, 0.0, 0.0, 1.0],
                [1.0, 0.0, -0.0, 0.0, -0.0, 1e-06, -1.0, 0.423983, -0.0, 1.0, 1e-06, 0.0, 0.0, 0.0, 0.0, 1.0]
            ]
        },
        {
            "name": "Torso",
            "time": [0.0, 0.15, 0.2833, 0.4333, 0.5833, 1.0],
            "transform": [
                [0.97019, -0.010844, -0.242101, 0.0, 0.006029, 0.999769, -0.020619, 0.05, 0.242269, 0.018545, 0.970032, 0.0, 0.0, 0.0, 0.0, 1.0],
                [0.998806, -0.0125, -0.047216, 0.0, 0.013171, 0.999817, 0.013914, 0.05, 0.047033, -0.014519, 0.998788, 0.0, 0.0, 0.0, 0.0, 1.0],
                [0.999904, -0.013857, -0.000155, 0.0, 0.013857, 0.999655, 0.022315, 0.05, -0.000155, -0.022315, 0.999751, -0.0, 0.0, 0.0, 0.0, 1.0],
                [0.999904, -0.013857, -0.000155, -0.0, 0.013857, 0.999655, 0.022315, 0.05, -0.000155, -0.022315, 0.999751, 0.0, 0.0, 0.0, 0.0, 1.0],
                [0.999904, -0.013857, -0.000155, -0.0, 0.013857, 0.999655, 0.022315, 0.05, -0.000155, -0.022315, 0.999751, 0.0, 0.0, 0.0, 0.0, 1.0],
                [0.999904, -0.013857, -0.000155, -0.0, 0.013857, 0.999655, 0.022315, 0.05, -0.000155, -0.022315, 0.999751, 0.0, 0.0, 0.0, 0.0, 1.0]
            ]
        },
        {
            "name": "Chest",
            "time": [0.0, 0.15, 0.2833, 0.4333, 0.5833, 1.0],
            "transform": [
                [0.9997, -0.024487, -0.000199, -0.0, 0.02448, 0.999148, 0.03323, 0.3, -0.000615, -0.033225, 0.999448, -0.0, 0.0, 0.0, 0.0, 1.0],
                [0.999789, -0.020559, -0.000172, -0.0, 0.020558, 0.999576, 0.020644, 0.3, -0.000253, -0.020643, 0.999787, 0.0, 0.0, 0.0, 0.0, 1.0],
                [0.999808, -0.019613, -0.000173, 0.0, 0.019613, 0.999652, 0.017612, 0.3, -0.000173, -0.017612, 0.999845, 0.0, 0.0, 0.0, 0.0, 1.0],
                [0.999808, -0.019613, -0.000173, -0.0, 0.019613, 0.999653, 0.017607, 0.3, -0.000173, -0.017607, 0.999845, 0.0, 0.0, 0.0, 0.0, 1.0],
                [0.999808, -0.019613, -0.000173, 0.0, 0.019613, 0.999652, 0.017612, 0.3, -0.000173, -0.017612, 0.999845, -0.0, 0.0, 0.0, 0.0, 1.0],
                [0.999808, -0.019613, -0.000173, -0.0, 0.019613, 0.999652, 0.017612, 0.3, -0.000173, -0.017612, 0.999845, 0.0, 0.0, 0.0, 0.0, 1.0]
            ]
        },
        {
            "name": "Head",
            "time": [0.0, 0.15, 0.2833, 0.4333, 0.5833, 0.7, 1.0],
            "transform": [
                [0.580419, 0.212955, 0.78598, 0.0, -0.028905, 0.96998, -0.241463, 0.4, -0.813805, 0.117431, 0.56915, 0.0, 0.0, 0.0, 0.0, 1.0],
                [0.269959, 0.268575, 0.924657, 0.0, -0.039441, 0.96259, -0.268077, 0.4, -0.962064, 0.035901, 0.270453, -0.0, 0.0, 0.0, 0.0, 1.0],
                [0.191178, 0.277277, 0.941578, 0.0, -0.040487, 0.960682, -0.274682, 0.4, -0.98072, 0.014392, 0.194887, -0.0, 0.0, 0.0, 0.0, 1.0],
                [0.781798, 0.027251, 0.622936, 0.0, 0.1202, 0.973719, -0.19345, 0.4, -0.611836, 0.226116, 0.757977, 0.0, 0.0, 0.0, 0.0, 1.0],
                [0.258618, -0.173233, -0.950319, 0.0, -0.082358, 0.976252, -0.200373, 0.4, 0.962462, 0.130086, 0.238209, 0.0, 0.0, 0.0, 0.0, 1.0],
                [0.146859, -0.182301, -0.972213, -0.0, -0.084273, 0.976991, -0.195927, 0.4, 0.985561, 0.110705, 0.128117, 0.0, 0.0, 0.0, 0.0, 1.0],
                [0.146859, -0.182301, -0.972213, -0.0, -0.084273, 0.976991, -0.195927, 0.4, 0.985561, 0.110705, 0.128117, 0.0, 0.0, 0.0, 0.0, 1.0]
            ]
        },
        {
            "name": "Shoulder_R",
            "time": [0.0, 0.15, 0.2833, 0.4333, 0.5833, 0.7, 1.0],
            "transform": [
                [0.316748, 0.917911, 0.238977, 0.0, 0.122825, -0.289521, 0.949258, 0.4, 0.940524, -0.271323, -0.204447, 0.0, 0.0, 0.0, 0.0, 1.0],
                [0.062153, 0.952485, 0.298175, 0.0, 0.023096, -0.300046, 0.953645, 0.4, 0.997799, -0.052385, -0.040647, -0.0, 0.0, 0.0, 0.0, 1.0],
                [0.0, 0.952114, 0.305743, 0.0, 0.0, -0.305743, 0.952114, 0.4, 1.0, -0.0, -0.0, -0.0, 0.0, 0.0, 0.0, 1.0],
                [0.538225, 0.805633, -0.247524, 0.0, 0.176174, 0.179659, 0.967825, 0.4, 0.824182, -0.564515, -0.045234, 0.0, 0.0, 0.0, 0.0, 1.0],
                [-0.201555, 0.929598, 0.308583, 0.0, -0.048882, -0.324203, 0.944724, 0.4, 0.978257, 0.175329, 0.110785, 0.0, 0.0, 0.0, 0.0, 1.0],
                [-0.28272, 0.905724, 0.315805, -0.0, -0.048272, -0.342255, 0.938366, 0.4, 0.957987, 0.250051, 0.140483, 0.0, 0.0, 0.0, 0.0, 1.0],
                [-0.28272, 0.905724, 0.315805, -0.0, -0.048272, -0.342255, 0.938366, 0.4, 0.957987, 0.250051, 0.140483, 0.0, 0.0, 0.0, 0.0, 1.0]
            ]
        },
        {
            "name": "Arm_R",
            "time": [0.0, 0.15, 0.2833, 0.4333, 0.5833, 0.7, 1.0],
            "transform": [
                [-0.004116, -0.495995, -0.868316, 0.0, 0.996529, -0.074234, 0.037679, 0.39386, -0.083147, -0.865147, 0.494578, -0.0, 0.0, 0.0, 0.0, 1.0],
                [-0.082098, -0.633753, -0.769167, -0.0, 0.964015, -0.246307, 0.100048, 0.393861, -0.252856, -0.733274, 0.631168, -0.0, 0.0, 0.0, 0.0, 1.0],
                [-0.104692, -0.661401, -0.74269, -0.0, 0.951346, -0.284218, 0.119004, 0.393861, -0.289795, -0.694096, 0.658976, -0.0, 0.0, 0.0, 0.0, 1.0],
                [-0.073267, -0.532557, 0.843217, -0.0, 0.976074, 0.135268, 0.170243, 0.39386, -0.204724, 0.835515, 0.509904, -0.0, 0.0, 0.0, 0.0, 1.0],
                [0.954075, -0.276612, 0.115008, 0.0, 0.224939, 0.915048, 0.334799, 0.393861, -0.197848, -0.293553, 0.935245, -0.0, 0.0, 0.0, 0.0, 1.0],
                [0.977716, -0.188483, 0.092448, -0.0, 0.12954, 0.888189, 0.440841, 0.39386, -0.165202, -0.419041, 0.892812, -0.0, 0.0, 0.0, 0.0, 1.0],
                [0.977716, -0.188483, 0.092448, -0.0, 0.12954, 0.888189, 0.440841, 0.39386, -0.165202, -0.419041, 0.892812, -0.0, 0.0, 0.0, 0.0, 1.0]
            ]
        },
        {
            "name": "Hand_R",
            "time": [0.0, 0.15, 0.2833, 0.4333, 0.5833, 0.7, 1.0],
            "transform": [
                [0.999982, 0.003659, 0.00472, -0.0, 0.001313, 0.636336, -0.771411, 0.3, -0.005826, 0.771404, 0.636319, 0.0, 0.0, 0.0, 0.0, 1.0],
                [0.999985, 0.004644, 0.002806, -0.0, 0.00314, -0.073515, -0.997289, 0.3, -0.004425, 0.997283, -0.073529, 0.0, 0.0, 0.0, 0.0, 1.0],
                [0.999986, 0.00465, 0.002338, -0.0, 0.003359, -0.233342, -0.972389, 0.3, -0.003976, 0.972384, -0.233355, 0.0, 0.0, 0.0, 0.0, 1.0],
                [0.999987, 0.002259, 0.004503, -0.0, 0.003947, 0.204158, -0.97893, 0.3, -0.003131, 0.978936, 0.204146, -0.0, 0.0, 0.0, 0.0, 1.0],
                [1.0, 4.2e-05, 0.000228, -0.0, -5.1e-05, 0.999306, 0.037246, 0.3, -0.000226, -0.037246, 0.999306, -0.0, 0.0, 0.0, 0.0, 1.0],
                [1.0, 0.0, 0.0, 0.0, -0.0, 0.993938, 0.109947, 0.3, -0.0, -0.109947, 0.993938, -0.0, 0.0, 0.0, 0.0, 1.0],
                [1.0, 0.0, 0.0, 0.0, -0.0, 0.993938, 0.109947, 0.3, -0.0, -0.109947, 0.993938, -0.0, 0.0, 0.0, 0.0, 1.0]
            ]
        },
        {
            "name": "Tool_R",
            "time": [0.0, 0.15, 0.2833, 0.4333, 0.5833, 0.7, 1.0],
            "transform": [
                [0.310318, 0.069429, -0.948094, -0.0, 0.441686, -0.893674, 0.079123, 0.272858, -0.841291, -0.44306, -0.307806, -0.0, 0.0, 0.0, 0.0, 1.0],
                [0.610473, 0.343791, -0.713534, -0.0, 0.663661, -0.713734, 0.223916, 0.272858, -0.43203, -0.609886, -0.663481, -0.0, 0.0, 0.0, 0.0, 1.0],
                [0.64731, 0.412547, -0.640934, -0.0, 0.693711, -0.667285, 0.271104, 0.272858, -0.315648, -0.61975, -0.7177, 0.0, 0.0, 0.0, 0.0, 1.0],
                [0.92292, 0.310102, -0.228157, 0.0, 0.260597, -0.939417, -0.222677, 0.272858, -0.283216, 0.14596, -0.94726, -0.0, 0.0, 0.0, 0.0, 1.0],
                [0.999409, 0.026205, -0.022244, 0.0, 0.006479, -0.779156, -0.626797, 0.272858, -0.033737, 0.625903, -0.778411, 0.0, 0.0, 0.0, 0.0, 1.0],
                [0.992472, -0.118793, 0.029787, 0.0, -0.041082, -0.552045, -0.832802, 0.272858, 0.115307, 0.824814, -0.552451, 0.0, 0.0, 0.0, 0.0, 1.0],
                [0.992472, -0.118793, 0.029787, 0.0, -0.041082, -0.552045, -0.832802, 0.272858, 0.115307, 0.824814, -0.552451, 0.0, 0.0, 0.0, 0.0, 1.0]
            ]
        },
        {
            "name": "Elbow_R",
            "time": [0.0, 0.15, 0.2833, 0.4333, 0.5833, 0.7, 1.0],
            "transform": [
                [-1.0, 0.0, -0.0, -0.0, -0.0, -0.0, -1.0, 0.42341, -0.0, -1.0, 0.0, 0.0, 0.0, 0.0, 0.0, 1.0],
                [-1.0, 0.0, -0.0, -0.0, 0.0, 0.0, -1.0, 0.3, -0.0, -1.0, 0.0, 0.0, 0.0, 0.0, 0.0, 1.0],
                [-1.0, 0.0, -0.0, -0.0, 0.0, -0.0, -1.0, 0.449425, -0.0, -1.0, 0.0, 0.0, 0.0, 0.0, 0.0, 1.0],
                [-1.0, 0.0, -0.0, -0.000504, 0.0, -0.0, -1.0, 0.435826, -0.0, -1.0, 0.0, 0.003898, 0.0, 0.0, 0.0, 1.0],
                [-1.0, 0.0, -0.0, -0.0, 0.0, 0.0, -1.0, 0.306537, -0.0, -1.0, 0.0, -0.0, 0.0, 0.0, 0.0, 1.0],
                [-1.0, 0.0, -0.0, 0.0, 0.0, 0.0, -1.0, 0.3, -0.0, -1.0, 0.0, -0.0, 0.0, 0.0, 0.0, 1.0],
                [-1.0, 0.0, -0.0, 0.0, 0.0, 0.0, -1.0, 0.3, -0.0, -1.0, 0.0, -0.0, 0.0, 0.0, 0.0, 1.0]
            ]
        },
        {
            "name": "Shoulder_L",
            "time": [0.0, 0.15, 0.2833, 0.4333, 0.5833, 0.7, 1.0],
            "transform": [
                [0.511195, -0.840284, -0.18056, 0.0, -0.081084, -0.256299, 0.963191, 0.4, -0.855631, -0.477738, -0.199153, 0.0, 0.0, 0.0, 0.0, 1.0],
                [0.619408, -0.779882, -0.090099, 0.0, -0.153934, -0.233188, 0.960171, 0.4, -0.76983, -0.580868, -0.264489, -0.0, 0.0, 0.0, 0.0, 1.0],
                [0.642779, -0.763101, -0.067172, 0.0, -0.171665, -0.228942, 0.958184, 0.4, -0.74657, -0.60437, -0.278157, -0.0, 0.0, 0.0, 0.0, 1.0],
                [0.53723, -0.725472, 0.430203, 0.0, -0.369372, 0.25618, 0.893273, 0.4, -0.758253, -0.638798, -0.130341, 0.0, 0.0, 0.0, 0.0, 1.0],
                [-0.23893, -0.928892, -0.282969, 0.0, -0.071939, -0.273675, 0.959128, 0.4, -0.968368, 0.249521, -0.001435, 0.0, 0.0, 0.0, 0.0, 1.0],
                [-0.300839, -0.894171, -0.331592, -0.0, -0.061717, -0.328717, 0.94241, 0.4, -0.951676, 0.303978, 0.043705, 0.0, 0.0, 0.0, 0.0, 1.0],
                [-0.300839, -0.894171, -0.331592, -0.0, -0.061717, -0.328717, 0.94241, 0.4, -0.951676, 0.303978, 0.043705, 0.0, 0.0, 0.0, 0.0, 1.0]
            ]
        },
        {
            "name": "Arm_L",
            "time": [0.0, 0.15, 0.2833, 0.4333, 0.5833, 0.7, 1.0],
            "transform": [
                [-0.482748, 0.875106, 0.03382, 0.0, -0.256411, -0.104311, -0.960923, 0.39386, -0.837381, -0.472556, 0.274743, 0.0, 0.0, 0.0, 0.0, 1.0],
                [0.179092, 0.825889, -0.534634, -0.0, 0.155845, -0.560374, -0.813446, 0.39386, -0.97141, 0.062362, -0.229069, 0.0, 0.0, 0.0, 0.0, 1.0],
                [0.339077, 0.738398, -0.582919, -0.0, 0.18888, -0.660443, -0.726731, 0.39386, -0.921602, 0.136316, -0.36341, 0.0, 0.0, 0.0, 0.0, 1.0],
                [0.68517, 0.317115, -0.655729, -0.0, -0.676559, -0.056426, -0.734224, 0.39386, -0.269833, 0.946707, 0.175885, -0.0, 0.0, 0.0, 0.0, 1.0],
                [0.076517, -0.047438, 0.995939, 0.0, -0.409072, 0.909435, 0.074746, 0.39386, -0.909288, -0.41313, 0.050182, -0.0, 0.0, 0.0, 0.0, 1.0],
                [0.055304, -0.206989, 0.976779, 0.0, -0.427172, 0.879321, 0.210523, 0.39386, -0.902478, -0.428895, -0.03979, -0.0, 0.0, 0.0, 0.0, 1.0],
                [0.055304, -0.206989, 0.976779, 0.0, -0.427172, 0.879321, 0.210523, 0.39386, -0.902478, -0.428895, -0.03979, -0.0, 0.0, 0.0, 0.0, 1.0]
            ]
        },
        {
            "name": "Hand_L",
            "time": [0.0, 0.4333, 0.5833, 0.7, 1.0],
            "transform": [
                [1.020763, 0.0, 0.0, -0.0, 0.0, 0.993938, 0.109947, 0.3, -0.0, -0.109947, 0.993937, 0.0, 0.0, 0.0, 0.0, 1.0],
                [1.020762, -0.0, 0.0, 0.0, 0.0, 0.993937, 0.109947, 0.3, -0.0, -0.109947, 0.993937, 0.0, 0.0, 0.0, 0.0, 1.0],
                [1.020563, 0.007525, 0.018297, 0.0, 0.008089, 0.695073, -0.718895, 0.3, -0.018503, 0.7189, 0.694878, 0.0, 0.0, 0.0, 0.0, 1.0],
                [1.020522, 0.00924, 0.019671, -0.0, 0.009871, 0.621445, -0.783398, 0.3, -0.019867, 0.783403, 0.621209, -0.0, 0.0, 0.0, 0.0, 1.0],
                [1.020522, 0.00924, 0.019671, -0.0, 0.009871, 0.621445, -0.783398, 0.3, -0.019867, 0.783403, 0.621209, -0.0, 0.0, 0.0, 0.0, 1.0]
            ]
        },
        {
            "name": "Tool_L",
            "time": [0.0, 0.2833, 0.4333, 0.5833, 1.0],
            "transform": [
                [1.0, 0.0, 0.0, 0.0, -0.0, -0.999836, 0.018122, 0.272858, 0.0, -0.018122, -0.999248, 0.0, 0.0, 0.0, 0.0, 1.0],
                [1.0, -0.0, 0.0, 0.0, 0.0, -0.999835, 0.018122, 0.272858, 0.0, -0.018122, -0.999247, -0.0, 0.0, 0.0, 0.0, 1.0],
                [1.0, 0.0, 0.0, 0.0, -0.0, -0.999836, 0.018122, 0.272858, 0.0, -0.018122, -0.999248, 0.0, 0.0, 0.0, 0.0, 1.0],
                [1.0, -0.0, 0.0, 0.0, -0.0, -0.999836, 0.018122, 0.272858, 0.0, -0.018122, -0.999247, -0.0, 0.0, 0.0, 0.0, 1.0],
                [1.0, 0.0, 0.0, 0.0, 0.0, -0.999835, 0.018122, 0.272858, 0.0, -0.018122, -0.999247, 0.0, 0.0, 0.0, 0.0, 1.0]
            ]
        },
        {
            "name": "Elbow_L",
            "time": [0.0, 0.15, 0.2833, 0.4333, 0.5833, 0.7, 1.0],
            "transform": [
                [-1.0, 0.0, -0.0, -0.0, 0.0, -0.0, -1.0, 0.35261, -0.0, -1.0, -0.0, 0.0, 0.0, 0.0, 0.0, 1.0],
                [-1.0, 0.0, -0.0, -0.0, 0.0, -0.0, -1.0, 0.3, -0.0, -1.0, 0.0, 0.0, 0.0, 0.0, 0.0, 1.0],
                [-1.0, 0.0, -0.0, -0.0, 0.0, -0.0, -1.0, 0.3, -0.0, -1.0, -0.0, 0.0, 0.0, 0.0, 0.0, 1.0],
                [-1.0, 0.0, 0.0, 0.0, 0.0, -0.0, -1.0, 0.3, -0.0, -1.0, -0.0, -0.0, 0.0, 0.0, 0.0, 1.0],
                [-1.0, 0.0, -0.0, -0.000764, 0.0, -0.0, -1.0, 0.383585, -0.0, -1.0, -0.0, -0.000177, 0.0, 0.0, 0.0, 1.0],
                [-1.0, 0.0, -0.0, -0.000849, 0.0, -0.0, -1.0, 0.392872, -0.0, -1.0, -0.0, -0.000197, 0.0, 0.0, 0.0, 1.0],
                [-1.0, 0.0, -0.0, -0.000849, 0.0, -0.0, -1.0, 0.392872, -0.0, -1.0, -0.0, -0.000197, 0.0, 0.0, 0.0, 1.0]
            ]
        }
    ]
}