{
    "animation": [
        {
            "name": "Root",
            "time": [0.0, 0.4, 0.55, 0.7, 1.0, 1.7],
            "transform": [
                [-0.147061, 0.009105, 0.989085, -5e-06, 0.942455, -0.302251, 0.14291, 0.000946, 0.300254, 0.953185, 0.035868, 0.573948, 0.0, 0.0, 0.0, 1.0],
                [-0.260039, 0.054835, 0.96404, -5e-06, 0.89313, -0.365815, 0.26172, -0.00164, 0.367012, 0.929071, 0.046151, 0.544254, 0.0, 0.0, 0.0, 1.0],
                [0.868975, 0.080935, 0.488192, -5e-06, 0.494805, -0.156174, -0.854855, 0.249115, 0.007055, 0.984408, -0.175759, 0.703062, 0.0, 0.0, 0.0, 1.0],
                [0.510627, -0.055407, -0.858015, -5e-06, -0.798312, 0.340049, -0.497055, 1.09764, 0.319308, 0.938774, 0.129406, 0.485786, 0.0, 0.0, 0.0, 1.0],
                [0.510627, -0.055407, -0.858015, -5e-06, -0.798312, 0.340049, -0.497055, 1.09764, 0.319308, 0.938774, 0.129406, 0.485786, 0.0, 0.0, 0.0, 1.0],
                [0.510627, -0.055407, -0.858015, -5e-06, -0.84854, 0.128519, -0.513287, 1.103219, 0.138711, 0.990158, 0.01861, 0.580821, 0.0, 0.0, 0.0, 1.0]
            ]
        },
        {
            "name": "Thigh_R",
            "time": [0.0, 0.4, 0.55, 0.7, 1.0, 1.7],
            "transform": [
                [0.810081, 0.349371, 0.47086, 0.153967, -0.006404, -0.797756, 0.602945, -0.002832, 0.586283, -0.491448, -0.644011, -0.029428, 0.0, 0.0, 0.0, 1.0],
                [0.775117, 0.342384, 0.531005, 0.153967, -0.012151, -0.832205, 0.554333, -0.002832, 0.631701, -0.436124, -0.640897, -0.029428, 0.0, 0.0, 0.0, 1.0],
                [0.865767, 0.187325, 0.464064, 0.153967, 0.093927, -0.971644, 0.216984, -0.002832, 0.491552, -0.144269, -0.858815, -0.029428, 0.0, 0.0, 0.0, 1.0],
                [0.587583, 0.492415, 0.642085, 0.153967, 0.386452, -0.867941, 0.311977, -0.002831, 0.710914, 0.064823, -0.700285, -0.029428, 0.0, 0.0, 0.0, 1.0],
                [0.587583, 0.492415, 0.642085, 0.153967, 0.386452, -0.867941, 0.311977, -0.002831, 0.710914, 0.064823, -0.700285, -0.029428, 0.0, 0.0, 0.0, 1.0],
                [0.591618, 0.611565, 0.525332, 0.153967, 0.294721, -0.770556, 0.565138, -0.002832, 0.750417, -0.179519, -0.636118, -0.029428, 0.0, 0.0, 0.0, 1.0]
            ]
        },
        {
            "name": "Leg_R",
            "time": [0.0, 0.4, 0.55, 0.7, 1.0, 1.7],
            "transform": [
                [1.0, -1e-06, -9e-06, 0.0, 8e-06, 0.560482, 0.828166, 0.37472, 5e-06, -0.828167, 0.560481, -0.0, 0.0, 0.0, 0.0, 1.0],
                [1.0, -1e-06, -4e-06, 0.0, 4e-06, 0.526739, 0.850026, 0.37472, 2e-06, -0.850028, 0.526739, -0.0, 0.0, 0.0, 0.0, 1.0],
                [1.0, -0.0, -4e-06, 0.0, 3e-06, 0.791352, 0.611361, 0.37472, 3e-06, -0.611362, 0.791351, 0.0, 0.0, 0.0, 0.0, 1.0],
                [1.0, 0.0, 3e-06, -0.0, -2e-06, 0.855907, 0.51713, 0.37472, -3e-06, -0.517131, 0.855906, -0.0, 0.0, 0.0, 0.0, 1.0],
                [1.0, 0.0, 3e-06, -0.0, -2e-06, 0.855907, 0.51713, 0.37472, -3e-06, -0.517131, 0.855906, -0.0, 0.0, 0.0, 0.0, 1.0],
                [1.0, -0.0, 1.9e-05, -0.0, -1.2e-05, 0.750486, 0.660887, 0.37472, -1.4e-05, -0.660887, 0.750485, 0.0, 0.0, 0.0, 0.0, 1.0]
            ]
        },
        {
            "name": "Knee_R",
            "time": [0.0, 0.4, 0.55, 0.7, 1.0, 1.7],
            "transform": [
                [1.0, 0.0, -0.0, 0.0, -0.0, 1e-06, -1.0, 0.385758, -0.0, 1.0, 1e-06, -0.0, 0.0, 0.0, 0.0, 1.0],
                [1.0, 0.0, -0.0, 0.0, -0.0, 1e-06, -1.0, 0.385758, -0.0, 1.0, 1e-06, -0.0, 0.0, 0.0, 0.0, 1.0],
                [1.0, 0.0, -0.0, 0.0, -0.0, 1e-06, -1.0, 0.385758, -0.0, 1.0, 1e-06, 0.0, 0.0, 0.0, 0.0, 1.0],
                [1.0, 0.0, -0.0, -0.0, -0.0, 1e-06, -1.0, 0.385758, -0.0, 1.0, 1e-06, -0.0, 0.0, 0.0, 0.0, 1.0],
                [1.0, 0.0, -0.0, -0.0, -0.0, 1e-06, -1.0, 0.385758, -0.0, 1.0, 1e-06, -0.0, 0.0, 0.0, 0.0, 1.0],
                [1.0, 0.0, -0.0, -0.0, -0.0, 1e-06, -1.0, 0.385758, -0.0, 1.0, 0.0, 0.0, 0.0, 0.0, 0.0, 1.0]
            ]
        },
        {
            "name": "Thigh_L",
            "time": [0.0, 0.4, 0.55, 0.7, 1.0, 1.7],
            "transform": [
                [0.502928, -0.751298, 0.427334, -0.156611, -0.862449, -0.403636, 0.305383, -0.002831, -0.056946, -0.52214, -0.850956, 0.032079, 0.0, 0.0, 0.0, 1.0],
                [0.439411, -0.724984, 0.530392, -0.156612, -0.883925, -0.243816, 0.399034, -0.002831, -0.159975, -0.644168, -0.747968, 0.032079, 0.0, 0.0, 0.0, 1.0],
                [0.614576, -0.499803, -0.610322, -0.156612, -0.25669, -0.858276, 0.444378, -0.002831, -0.745926, -0.11644, -0.655771, 0.032079, 0.0, 0.0, 0.0, 1.0],
                [0.504051, -0.833197, 0.227411, -0.156612, -0.087062, 0.212948, 0.973177, -0.00283, -0.859274, -0.51033, 0.034796, 0.032078, 0.0, 0.0, 0.0, 1.0],
                [0.504051, -0.833197, 0.227411, -0.156612, -0.087062, 0.212948, 0.973177, -0.00283, -0.859274, -0.51033, 0.034796, 0.032078, 0.0, 0.0, 0.0, 1.0],
                [0.484901, -0.833601, -0.264538, -0.156612, -0.054196, -0.330539, 0.942235, -0.00283, -0.872887, -0.442554, -0.205457, 0.032079, 0.0, 0.0, 0.0, 1.0]
            ]
        },
        {
            "name": "Leg_L",
            "time": [0.0, 0.4, 0.55, 0.7, 1.0, 1.7],
            "transform": [
                [0.99837, -0.0, 0.057075, -0.0, -0.043085, 0.655858, 0.753654, 0.37472, -0.037433, -0.754884, 0.654789, 0.0, 0.0, 0.0, 0.0, 1.0],
                [0.998988, 0.0, 0.044991, -0.0, -0.036036, 0.598734, 0.800137, 0.37472, -0.026938, -0.800948, 0.598128, -0.0, 0.0, 0.0, 0.0, 1.0],
                [1.0, -1e-06, 2e-06, 0.0, -2e-06, -0.100381, 0.99495, 0.37472, -1e-06, -0.994949, -0.100381, -0.0, 0.0, 0.0, 0.0, 1.0],
                [0.999999, -1e-06, 0.001822, -0.0, -0.001814, 0.096943, 0.995289, 0.37472, -0.000178, -0.99529, 0.096943, -0.0, 0.0, 0.0, 0.0, 1.0],
                [0.999999, -1e-06, 0.001822, -0.0, -0.001814, 0.096943, 0.995289, 0.37472, -0.000178, -0.99529, 0.096943, -0.0, 0.0, 0.0, 0.0, 1.0],
                [1.0, -1e-06, 2e-06, 0.0, -1e-06, 0.488845, 0.872371, 0.37472, -1e-06, -0.87237, 0.488846, 0.0, 0.0, 0.0, 0.0, 1.0]
            ]
        },
        {
            "name": "Knee_L",
            "time": [0.0, 0.4, 0.55, 0.7, 1.0, 1.7],
            "transform": [
                [1.0, 0.0, -0.0, -0.0, -0.0, 1e-06, -1.0, 0.383714, -0.0, 1.0, 1e-06, 0.0, 0.0, 0.0, 0.0, 1.0],
                [1.0, 0.0, -0.0, 0.0, -0.0, 1e-06, -1.0, 0.383714, -0.0, 1.0, 1e-06, -0.0, 0.0, 0.0, 0.0, 1.0],
                [1.0, 0.0, -0.0, 0.0, -0.0, 1e-06, -1.0, 0.383714, -0.0, 1.0, 1e-06, -0.0, 0.0, 0.0, 0.0, 1.0],
                [1.0, 0.0, -0.0, -0.0, -0.0, 1e-06, -1.0, 0.383714, -0.0, 1.0, 1e-06, -0.0, 0.0, 0.0, 0.0, 1.0],
                [1.0, 0.0, -0.0, -0.0, -0.0, 1e-06, -1.0, 0.383714, -0.0, 1.0, 1e-06, -0.0, 0.0, 0.0, 0.0, 1.0],
                [1.0, 0.0, -0.0, 0.0, -0.0, 1e-06, -1.0, 0.383714, -0.0, 1.0, 1e-06, -0.0, 0.0, 0.0, 0.0, 1.0]
            ]
        },
        {
            "name": "Torso",
            "time": [0.0, 0.4, 0.55, 0.7, 1.0, 1.7],
            "transform": [
                [0.999965, 0.006606, 0.005137, -0.0, -0.006831, 0.998953, 0.045228, 0.05, -0.004833, -0.045262, 0.998963, 0.0, 0.0, 0.0, 0.0, 1.0],
                [0.999965, 0.006606, 0.005137, -0.0, -0.006831, 0.998953, 0.045228, 0.05, -0.004833, -0.045262, 0.998963, -0.0, 0.0, 0.0, 0.0, 1.0],
                [0.99953, -0.029262, 0.009146, 0.0, 0.028606, 0.997471, 0.065067, 0.05, -0.011026, -0.064775, 0.997839, -0.0, 0.0, 0.0, 0.0, 1.0],
                [0.997325, -0.071937, 0.012979, -0.0, 0.07051, 0.993552, 0.088787, 0.05, -0.019282, -0.087634, 0.995966, -0.0, 0.0, 0.0, 0.0, 1.0],
                [0.997325, -0.071937, 0.012979, -0.0, 0.07051, 0.993552, 0.088787, 0.05, -0.019282, -0.087634, 0.995966, -0.0, 0.0, 0.0, 0.0, 1.0],
                [0.997325, -0.071938, 0.012978, 0.0, 0.07051, 0.993552, 0.088786, 0.05, -0.019282, -0.087633, 0.995966, 0.0, 0.0, 0.0, 0.0, 1.0]
            ]
        },
        {
            "name": "Chest",
            "time": [0.0, 0.4, 0.55, 0.7, 1.0, 1.7],
            "transform": [
                [0.981245, -0.183276, 0.059739, 0.0, 0.185325, 0.982196, -0.030741, 0.3, -0.053041, 0.041236, 0.997741, -0.0, 0.0, 0.0, 0.0, 1.0],
                [0.972138, -0.219217, 0.083015, -0.0, 0.22387, 0.973255, -0.051537, 0.3, -0.069497, 0.068686, 0.995215, 0.0, 0.0, 0.0, 0.0, 1.0],
                [0.991751, -0.120495, 0.043711, 0.0, 0.121872, 0.992082, -0.030341, 0.3, -0.039709, 0.035418, 0.998583, 0.0, 0.0, 0.0, 0.0, 1.0],
                [1.0, 0.0, -0.0, -0.0, -0.0, 1.0, 0.0, 0.3, -0.0, 0.0, 1.0, -0.0, 0.0, 0.0, 0.0, 1.0],
                [1.0, 0.0, -0.0, -0.0, -0.0, 1.0, 0.0, 0.3, -0.0, 0.0, 1.0, -0.0, 0.0, 0.0, 0.0, 1.0],
                [1.0, 0.0, 0.0, -0.0, -0.0, 1.0, 0.0, 0.3, -0.0, -0.0, 1.0, -0.0, 0.0, 0.0, 0.0, 1.0]
            ]
        },
        {
            "name": "Head",
            "time": [0.0, 0.4, 0.55, 0.7, 1.0, 1.7],
            "transform": [
                [0.225294, -0.019013, -0.974105, 0.0, -0.049095, 0.998318, -0.030841, 0.4, 0.973053, 0.054772, 0.223982, -0.0, 0.0, 0.0, 0.0, 1.0],
                [0.118752, -0.019368, -0.992735, -0.0, -0.030632, 0.999262, -0.023159, 0.4, 0.992451, 0.03316, 0.118071, 0.0, 0.0, 0.0, 0.0, 1.0],
                [0.944111, 0.042619, -0.32686, -0.0, -0.05474, 0.998109, -0.027972, 0.4, 0.32505, 0.044301, 0.944659, -0.0, 0.0, 0.0, 0.0, 1.0],
                [0.508097, 0.082736, 0.857317, 0.0, -0.05456, 0.996468, -0.06383, 0.4, -0.85957, -0.014343, 0.510816, 0.0, 0.0, 0.0, 0.0, 1.0],
                [0.508097, 0.082736, 0.857317, 0.0, -0.05456, 0.996468, -0.06383, 0.4, -0.85957, -0.014343, 0.510816, 0.0, 0.0, 0.0, 0.0, 1.0],
                [0.511275, 0.175162, 0.841378, 0.0, -0.020247, 0.981193, -0.191966, 0.4, -0.859179, 0.081112, 0.505205, 0.0, 0.0, 0.0, 0.0, 1.0]
            ]
        },
        {
            "name": "Shoulder_R",
            "time": [0.0, 0.4, 0.55, 0.7, 1.0, 1.7],
            "transform": [
                [0.319755, 0.946095, 0.051575, 0.0, -0.057408, -0.034988, 0.997737, 0.4, 0.945759, -0.321993, 0.043126, -0.0, 0.0, 0.0, 0.0, 1.0],
                [-0.0, 0.952114, 0.305743, -0.0, 0.0, -0.305743, 0.952114, 0.4, 1.0, 0.0, -0.0, 0.0, 0.0, 0.0, 0.0, 1.0],
                [0.556656, 0.712492, 0.427187, -0.0, -0.244242, -0.351132, 0.903909, 0.4, 0.794028, -0.607503, -0.021439, -0.0, 0.0, 0.0, 0.0, 1.0],
                [0.883815, 0.078954, 0.461125, 0.0, -0.447915, -0.14175, 0.882768, 0.4, 0.135063, -0.986749, -0.089916, 0.0, 0.0, 0.0, 0.0, 1.0],
                [0.883815, 0.078954, 0.461125, 0.0, -0.447915, -0.14175, 0.882768, 0.4, 0.135063, -0.986749, -0.089916, 0.0, 0.0, 0.0, 0.0, 1.0],
                [0.29455, 0.90624, 0.303264, 0.0, -0.014212, -0.313153, 0.949596, 0.4, 0.95553, -0.284014, -0.07936, 0.0, 0.0, 0.0, 0.0, 1.0]
            ]
        },
        {
            "name": "Arm_R",
            "time": [0.0, 0.4, 0.55, 0.7, 1.0, 1.7],
            "transform": [
                [0.329567, -0.89153, -0.310742, 0.0, 0.659804, 0.452902, -0.599615, 0.39386, 0.67531, -0.007415, 0.737496, -0.0, 0.0, 0.0, 0.0, 1.0],
                [0.385928, -0.827323, -0.408162, -0.0, 0.117298, 0.482853, -0.86781, 0.39386, 0.915041, 0.287036, 0.28339, -0.0, 0.0, 0.0, 0.0, 1.0],
                [0.207768, -0.879608, -0.427928, 0.0, 0.619172, 0.456938, -0.638618, 0.39386, 0.757271, -0.132277, 0.639565, 0.0, 0.0, 0.0, 0.0, 1.0],
                [0.020029, -0.854052, -0.519802, -0.0, 0.97389, 0.134259, -0.183066, 0.39386, 0.226136, -0.502563, 0.834442, 0.0, 0.0, 0.0, 0.0, 1.0],
                [0.020029, -0.854052, -0.519802, -0.0, 0.97389, 0.134259, -0.183066, 0.39386, 0.226136, -0.502563, 0.834442, 0.0, 0.0, 0.0, 0.0, 1.0],
                [0.0468, -0.302139, -0.952114, 0.0, 0.990239, 0.13931, 0.004466, 0.39386, 0.13129, -0.943029, 0.30571, 0.0, 0.0, 0.0, 0.0, 1.0]
            ]
        },
        {
            "name": "Hand_R",
            "time": [0.0, 0.4, 0.55, 0.7, 1.0, 1.7],
            "transform": [
                [0.999881, 0.015372, -0.000952, 0.0, -0.007829, 0.454087, -0.890923, 0.3, -0.013263, 0.890825, 0.454153, 0.0, 0.0, 0.0, 0.0, 1.0],
                [0.999881, 0.015372, -0.000952, -0.0, -0.007829, 0.454087, -0.890923, 0.3, -0.013263, 0.890825, 0.454153, 0.0, 0.0, 0.0, 0.0, 1.0],
                [0.999962, 0.00856, 0.001857, 0.0, -0.006337, 0.853345, -0.521308, 0.3, -0.006047, 0.521276, 0.853367, -0.0, 0.0, 0.0, 0.0, 1.0],
                [1.0, 0.0, 0.0, -0.0, -0.0, 0.993937, 0.109947, 0.3, -0.0, -0.109947, 0.993937, 0.0, 0.0, 0.0, 0.0, 1.0],
                [1.0, 0.0, 0.0, -0.0, -0.0, 0.993937, 0.109947, 0.3, -0.0, -0.109947, 0.993937, 0.0, 0.0, 0.0, 0.0, 1.0],
                [0.999985, 0.001325, 0.005391, -0.0, -0.00125, 0.999903, -0.013883, 0.3, -0.005409, 0.013876, 0.999889, 0.0, 0.0, 0.0, 0.0, 1.0]
            ]
        },
        {
            "name": "Tool_R",
            "time": [0.0, 0.4, 0.55, 0.7, 1.0, 1.7],
            "transform": [
                [0.975515, -0.192293, -0.106742, 0.0, -0.211384, -0.953767, -0.213651, 0.272858, -0.060689, 0.230836, -0.970489, 0.0, 0.0, 0.0, 0.0, 1.0],
                [0.084748, -0.929578, 0.358753, -0.0, -0.623538, -0.330313, -0.708587, 0.272858, 0.77672, -0.163551, -0.607268, 0.0, 0.0, 0.0, 0.0, 1.0],
                [0.554056, -0.832473, -0.003148, -0.0, -0.832105, -0.553917, 0.027891, 0.272858, -0.024956, -0.012832, -0.999014, 0.0, 0.0, 0.0, 0.0, 1.0],
                [0.94841, -0.016399, -0.316622, -0.0, -0.299562, -0.373412, -0.877967, 0.272857, -0.103775, 0.926968, -0.358857, -0.0, 0.0, 0.0, 0.0, 1.0],
                [0.94841, -0.016399, -0.316622, -0.0, -0.299562, -0.373412, -0.877967, 0.272857, -0.103775, 0.926968, -0.358857, -0.0, 0.0, 0.0, 0.0, 1.0],
                [-0.19909, -0.098954, -0.974973, 0.0, 0.088754, -0.992621, 0.082621, 0.272858, -0.975375, -0.070052, 0.206282, -0.0, 0.0, 0.0, 0.0, 1.0]
            ]
        },
        {
            "name": "Elbow_R",
            "time": [0.0, 0.4, 0.55, 0.7, 1.0, 1.7],
            "transform": [
                [-1.0, 0.0, -0.0, 0.0, 0.0, -0.0, -1.0, 0.343742, -0.0, -1.0, 0.0, 0.0, 0.0, 0.0, 0.0, 1.0],
                [-1.0, 0.0, -0.0, -0.0, 0.0, -0.0, -1.0, 0.343742, -0.0, -1.0, 0.0, 0.0, 0.0, 0.0, 0.0, 1.0],
                [-1.0, 0.0, 0.0, 0.0, 0.0, -0.0, -1.0, 0.343741, -0.0, -1.0, 0.0, -0.0, 0.0, 0.0, 0.0, 1.0],
                [-1.0, 0.0, -0.0, 0.0, 0.0, -0.0, -1.0, 0.343742, -0.0, -1.0, 0.0, -0.0, 0.0, 0.0, 0.0, 1.0],
                [-1.0, 0.0, -0.0, 0.0, 0.0, -0.0, -1.0, 0.343742, -0.0, -1.0, 0.0, -0.0, 0.0, 0.0, 0.0, 1.0],
                [-1.0, 0.0, -0.0, -0.0, 0.0, -0.0, -1.0, 0.343742, -0.0, -1.0, 0.0, 0.0, 0.0, 0.0, 0.0, 1.0]
            ]
        },
        {
            "name": "Shoulder_L",
            "time": [0.0, 0.4, 0.55, 0.7, 1.0, 1.7],
            "transform": [
                [0.809759, -0.443514, -0.384167, 0.0, 0.352668, -0.155387, 0.922757, 0.4, -0.46895, -0.882694, 0.030587, -0.0, 0.0, 0.0, 0.0, 1.0],
                [0.959642, 0.168063, -0.225483, -0.0, 0.279794, -0.489767, 0.825739, 0.4, 0.028342, -0.855502, -0.517024, 0.0, 0.0, 0.0, 0.0, 1.0],
                [0.806011, -0.488127, -0.33478, -0.0, 0.078894, -0.471958, 0.878084, 0.4, -0.586619, -0.734157, -0.341893, -0.0, 0.0, 0.0, 0.0, 1.0],
                [0.141271, -0.950214, -0.277733, 0.0, -0.070022, -0.289435, 0.954633, 0.4, -0.987491, -0.115414, -0.107425, 0.0, 0.0, 0.0, 0.0, 1.0],
                [0.141271, -0.950214, -0.277733, 0.0, -0.070022, -0.289435, 0.954633, 0.4, -0.987491, -0.115414, -0.107425, 0.0, 0.0, 0.0, 0.0, 1.0],
                [0.644506, -0.742376, -0.183001, 0.0, -0.048839, -0.278825, 0.959099, 0.4, -0.763038, -0.609208, -0.215961, 0.0, 0.0, 0.0, 0.0, 1.0]
            ]
        },
        {
            "name": "Arm_L",
            "time": [0.0, 0.4, 0.55, 0.7, 1.0, 1.7],
            "transform": [
                [0.223615, 0.971526, 0.078315, 0.0, -0.872675, 0.235351, -0.427842, 0.39386, -0.434091, 0.027328, 0.900455, -0.0, 0.0, 0.0, 0.0, 1.0],
                [0.122239, 0.992372, 0.015955, 0.0, -0.711628, 0.09884, -0.695569, 0.39386, -0.69184, 0.073672, 0.718282, 0.0, 0.0, 0.0, 0.0, 1.0],
                [0.373018, 0.926605, 0.047547, 0.0, -0.708795, 0.317655, -0.629845, 0.39386, -0.598721, 0.201242, 0.775264, 0.0, 0.0, 0.0, 0.0, 1.0],
                [0.597597, 0.800181, 0.050878, -0.0, -0.680286, 0.539596, -0.496031, 0.39386, -0.424368, 0.261815, 0.866813, 0.0, 0.0, 0.0, 0.0, 1.0],
                [0.597597, 0.800181, 0.050878, -0.0, -0.680286, 0.539596, -0.496031, 0.39386, -0.424368, 0.261815, 0.866813, 0.0, 0.0, 0.0, 0.0, 1.0],
                [-0.56939, 0.337625, 0.749536, 0.0, -0.789723, 0.02859, -0.612797, 0.39386, -0.228325, -0.940846, 0.250351, -0.0, 0.0, 0.0, 0.0, 1.0]
            ]
        },
        {
            "name": "Hand_L",
            "time": [0.0, 0.4, 0.55, 0.7, 1.0, 1.7],
            "transform": [
                [1.0, -0.0, 0.0, -0.0, -0.0, 0.993938, 0.109947, 0.3, -0.0, -0.109947, 0.993938, -0.0, 0.0, 0.0, 0.0, 1.0],
                [1.0, 0.0, 0.0, -0.0, -0.0, 0.993938, 0.109947, 0.3, -0.0, -0.109947, 0.993938, 0.0, 0.0, 0.0, 0.0, 1.0],
                [1.0, 0.0, 0.0, 0.0, -0.0, 0.993938, 0.109947, 0.3, -0.0, -0.109947, 0.993938, -0.0, 0.0, 0.0, 0.0, 1.0],
                [1.0, 0.0, 0.0, 0.0, 0.0, 0.993938, 0.109947, 0.3, -0.0, -0.109947, 0.993938, -0.0, 0.0, 0.0, 0.0, 1.0],
                [1.0, 0.0, 0.0, 0.0, 0.0, 0.993938, 0.109947, 0.3, -0.0, -0.109947, 0.993938, -0.0, 0.0, 0.0, 0.0, 1.0],
                [1.0, -0.0, 0.0, 0.0, 0.0, 0.993938, 0.109947, 0.3, -0.0, -0.109947, 0.993938, 0.0, 0.0, 0.0, 0.0, 1.0]
            ]
        },
        {
            "name": "Tool_L",
            "time": [0.0, 0.4, 0.55, 0.7, 1.0, 1.7],
            "transform": [
                [1.0, -0.0, 0.0, -0.0, -0.0, -0.999836, 0.018122, 0.272858, 0.0, -0.018122, -0.999247, -0.0, 0.0, 0.0, 0.0, 1.0],
                [1.0, -0.0, 0.0, 0.0, -0.0, -0.999836, 0.018122, 0.272858, 0.0, -0.018122, -0.999248, 0.0, 0.0, 0.0, 0.0, 1.0],
                [1.0, -0.0, 0.0, -0.0, -0.0, -0.999836, 0.018122, 0.272858, 0.0, -0.018122, -0.999247, -0.0, 0.0, 0.0, 0.0, 1.0],
                [1.0, -0.0, 0.0, -0.0, -0.0, -0.999836, 0.018122, 0.272858, 0.0, -0.018122, -0.999247, 0.0, 0.0, 0.0, 0.0, 1.0],
                [1.0, -0.0, 0.0, -0.0, -0.0, -0.999836, 0.018122, 0.272858, 0.0, -0.018122, -0.999247, 0.0, 0.0, 0.0, 0.0, 1.0],
                [1.0, -0.0, 0.0, -0.0, -0.0, -0.999836, 0.018122, 0.272858, 0.0, -0.018122, -0.999247, 0.0, 0.0, 0.0, 0.0, 1.0]
            ]
        },
        {
            "name": "Elbow_L",
            "time": [0.0, 0.4, 0.55, 0.7, 1.0, 1.7],
            "transform": [
                [-1.0, 0.0, 0.0, -0.0, 0.0, -0.0, -1.0, 0.367861, -0.0, -1.0, 0.0, -0.0, 0.0, 0.0, 0.0, 1.0],
                [-1.0, 0.0, -0.0, -0.0, 0.0, -0.0, -1.0, 0.367861, -0.0, -1.0, -0.0, 0.0, 0.0, 0.0, 0.0, 1.0],
                [-1.0, 0.0, -0.0, 0.0, 0.0, -0.0, -1.0, 0.367861, -0.0, -1.0, -0.0, -0.0, 0.0, 0.0, 0.0, 1.0],
                [-1.0, 0.0, -0.0, 0.0, 0.0, -0.0, -1.0, 0.367861, -0.0, -1.0, -0.0, -0.0, 0.0, 0.0, 0.0, 1.0],
                [-1.0, 0.0, -0.0, 0.0, 0.0, -0.0, -1.0, 0.367861, -0.0, -1.0, -0.0, -0.0, 0.0, 0.0, 0.0, 1.0],
                [-1.0, 0.0, -0.0, 0.0, 0.0, 0.0, -1.0, 0.367861, -0.0, -1.0, -0.0, 0.0, 0.0, 0.0, 0.0, 1.0]
            ]
        }
    ]
}