{
    "animation": [
        {
            "name": "Root",
            "time": [0.0, 0.2833, 0.4167, 0.6, 0.75, 1.0],
            "transform": [
                [0.282523, 0.0, -0.95926, -5e-06, -0.95926, 0.0, -0.282523, 0.000946, 0.0, 1.0, 0.0, 0.728549, 0.0, 0.0, 0.0, 1.0],
                [-0.018134, 0.0, -0.999836, -5e-06, -0.999836, 0.0, 0.018134, 0.000946, 0.0, 1.0, 0.0, 0.716048, 0.0, 0.0, 0.0, 1.0],
                [0.990127, 0.0, -0.140172, -5e-06, -0.140172, 0.0, -0.990127, 0.339376, 0.0, 1.0, 0.0, 0.707689, 0.0, 0.0, 0.0, 1.0],
                [-0.287296, 0.0, 0.957842, -5e-06, 0.957842, 0.0, 0.287296, 0.673501, 0.0, 1.0, 0.0, 0.707689, 0.0, 0.0, 0.0, 1.0],
                [-0.360422, 0.0, 0.93279, -5e-06, 0.93279, 0.0, 0.360422, 0.690071, 0.0, 1.0, 0.0, 0.707689, 0.0, 0.0, 0.0, 1.0],
                [-0.360422, 0.0, 0.93279, -5e-06, 0.93279, 0.0, 0.360422, 0.690071, 0.0, 1.0, 0.0, 0.707689, 0.0, 0.0, 0.0, 1.0]
            ]
        },
        {
            "name": "Thigh_R",
            "time": [0.0, 0.2833, 0.4167, 0.6, 0.75, 1.0],
            "transform": [
                [0.982647, 0.151814, -0.106571, 0.124994, 0.168189, -0.971539, 0.1668, -0.002831, -0.078216, -0.181829, -0.980214, -1.2e-05, 0.0, 0.0, 0.0, 1.0],
                [0.96708, 0.219146, -0.129351, 0.124994, 0.238199, -0.958424, 0.157105, -0.002831, -0.089545, -0.182744, -0.979073, -1.2e-05, 0.0, 0.0, 0.0, 1.0],
                [0.99077, -0.108461, -0.081313, 0.124994, -0.018764, -0.703801, 0.710148, -0.002831, -0.134251, -0.702067, -0.699341, -1.2e-05, 0.0, 0.0, 0.0, 1.0],
                [0.481629, 0.405596, 0.776868, 0.124994, 0.16735, -0.912708, 0.372767, -0.002831, 0.860248, -0.049526, -0.507464, -1.2e-05, 0.0, 0.0, 0.0, 1.0],
                [0.272113, 0.389981, 0.879698, 0.124994, 0.254107, -0.910865, 0.325197, -0.002831, 0.928108, 0.135047, -0.346956, -1.2e-05, 0.0, 0.0, 0.0, 1.0],
                [0.272113, 0.389981, 0.879698, 0.124994, 0.254107, -0.910865, 0.325197, -0.002831, 0.928108, 0.135047, -0.346956, -1.2e-05, 0.0, 0.0, 0.0, 1.0]
            ]
        },
        {
            "name": "Leg_R",
            "time": [0.0, 0.2833, 0.4167, 0.6, 0.75, 1.0],
            "transform": [
                [1.0, -0.0, 1e-06, 0.0, -0.0, 0.90668, 0.42182, 0.37472, -1e-06, -0.421821, 0.906678, 0.0, 0.0, 0.0, 0.0, 1.0],
                [1.0, -0.0, 1e-06, 0.0, -0.0, 0.90977, 0.415113, 0.37472, -1e-06, -0.415114, 0.909769, 0.0, 0.0, 0.0, 0.0, 1.0],
                [1.0, -1e-06, 1e-06, 0.0, -1e-06, 0.085807, 0.996311, 0.37472, -1e-06, -0.996313, 0.085807, 0.0, 0.0, 0.0, 0.0, 1.0],
                [1.0, 0.0, 1e-06, 0.0, -1e-06, 0.819618, 0.57291, 0.37472, -1e-06, -0.572911, 0.819617, -0.0, 0.0, 0.0, 0.0, 1.0],
                [1.0, 0.0, 1e-06, -0.0, -1e-06, 0.911302, 0.41174, 0.37472, -0.0, -0.411741, 0.9113, 0.0, 0.0, 0.0, 0.0, 1.0],
                [1.0, 0.0, 1e-06, -0.0, -1e-06, 0.911302, 0.41174, 0.37472, -0.0, -0.411741, 0.9113, 0.0, 0.0, 0.0, 0.0, 1.0]
            ]
        },
        {
            "name": "Knee_R",
            "time": [0.0, 0.2833, 0.4167, 0.6, 0.75, 1.0],
            "transform": [
                [1.0, 0.0, -0.0, 0.0, -0.0, 1e-06, -1.0, 0.382329, -0.0, 1.0, 1e-06, 0.0, 0.0, 0.0, 0.0, 1.0],
                [1.0, 0.0, -0.0, 0.0, -0.0, 1e-06, -1.0, 0.382122, -0.0, 1.0, 1e-06, 0.0, 0.0, 0.0, 0.0, 1.0],
                [1.0, 0.0, -0.0, 0.0, -0.0, 1e-06, -1.0, 0.467965, -0.0, 1.0, 1e-06, -0.0, 0.0, 0.0, 0.0, 1.0],
                [1.0, 0.0, -0.0, 0.0, -0.0, 1e-06, -1.0, 0.390614, -0.0, 1.0, 1e-06, -0.0, 0.0, 0.0, 0.0, 1.0],
                [1.0, 0.0, -0.0, -0.0, -0.0, 1e-06, -1.0, 0.378399, -0.0, 1.0, 1e-06, 0.0, 0.0, 0.0, 0.0, 1.0],
                [1.0, 0.0, -0.0, -0.0, -0.0, 1e-06, -1.0, 0.378399, -0.0, 1.0, 1e-06, 0.0, 0.0, 0.0, 0.0, 1.0]
            ]
        },
        {
            "name": "Thigh_L",
            "time": [0.0, 0.2833, 0.4167, 0.6, 0.75, 1.0],
            "transform": [
                [0.295955, -0.365527, -0.882496, -0.125006, -0.026782, -0.926696, 0.374853, -0.002831, -0.954826, -0.087305, -0.284051, -1.2e-05, 0.0, 0.0, 0.0, 1.0],
                [-0.013368, -0.457484, -0.889117, -0.125006, -0.036254, -0.888389, 0.457655, -0.002831, -0.999253, 0.038352, -0.00471, -1.2e-05, 0.0, 0.0, 0.0, 1.0],
                [0.98535, -0.07126, -0.154941, -0.125006, -0.00421, -0.918407, 0.395612, -0.002831, -0.17049, -0.389163, -0.905254, -1.2e-05, 0.0, 0.0, 0.0, 1.0],
                [0.980347, -0.146015, 0.132662, -0.125006, -0.188656, -0.890519, 0.413984, -0.002831, 0.05769, -0.430875, -0.900565, -1.2e-05, 0.0, 0.0, 0.0, 1.0],
                [0.974365, -0.172834, 0.144016, -0.125006, -0.217822, -0.884868, 0.411777, -0.002831, 0.056266, -0.43259, -0.899833, -1.2e-05, 0.0, 0.0, 0.0, 1.0],
                [0.974365, -0.172834, 0.144016, -0.125006, -0.217822, -0.884868, 0.411777, -0.002831, 0.056266, -0.43259, -0.899833, -1.2e-05, 0.0, 0.0, 0.0, 1.0]
            ]
        },
        {
            "name": "Leg_L",
            "time": [0.0, 0.2833, 0.4167, 0.6, 0.75, 1.0],
            "transform": [
                [1.0, -1e-06, 1e-06, 0.0, -0.0, 0.826813, 0.562477, 0.37472, -2e-06, -0.562477, 0.826813, -0.0, 0.0, 0.0, 0.0, 1.0],
                [1.0, -1e-06, 2e-06, 0.0, -0.0, 0.809329, 0.587356, 0.37472, -2e-06, -0.587355, 0.809329, -0.0, 0.0, 0.0, 0.0, 1.0],
                [1.0, -1e-06, 1e-06, -0.0, -0.0, 0.702581, 0.711604, 0.37472, -1e-06, -0.711603, 0.702582, 0.0, 0.0, 0.0, 0.0, 1.0],
                [1.0, -0.0, 1e-06, 0.0, -0.0, 0.938995, 0.34393, 0.37472, -1e-06, -0.34393, 0.938996, -0.0, 0.0, 0.0, 0.0, 1.0],
                [1.0, -0.0, 1e-06, 0.0, 0.0, 0.967564, 0.252624, 0.37472, -1e-06, -0.252624, 0.967565, 0.0, 0.0, 0.0, 0.0, 1.0],
                [1.0, -0.0, 1e-06, 0.0, 0.0, 0.967564, 0.252624, 0.37472, -1e-06, -0.252624, 0.967565, 0.0, 0.0, 0.0, 0.0, 1.0]
            ]
        },
        {
            "name": "Knee_L",
            "time": [0.0, 0.2833, 0.4167, 0.6, 1.0],
            "transform": [
                [1.0, 0.0, -0.0, 0.0, -0.0, 1e-06, -1.0, 0.39146, -0.0, 1.0, 1e-06, -0.0, 0.0, 0.0, 0.0, 1.0],
                [1.0, 0.0, -0.0, 0.0, -0.0, 1e-06, -1.0, 0.392181, -0.0, 1.0, 1e-06, -0.0, 0.0, 0.0, 0.0, 1.0],
                [1.0, 0.0, -0.0, 0.0, -0.0, 1e-06, -1.0, 0.405802, -0.0, 1.0, 1e-06, 0.0, 0.0, 0.0, 0.0, 1.0],
                [1.0, 0.0, -0.0, 0.0, -0.0, 1e-06, -1.0, 0.37472, -0.0, 1.0, 1e-06, -0.0, 0.0, 0.0, 0.0, 1.0],
                [1.0, 0.0, -0.0, 0.0, -0.0, 1e-06, -1.0, 0.37472, -0.0, 1.0, 1e-06, 0.0, 0.0, 0.0, 0.0, 1.0]
            ]
        },
        {
            "name": "Torso",
            "time": [0.0, 0.2833, 0.4167, 0.6, 0.75, 1.0],
            "transform": [
                [0.99978, -0.020971, -0.000197, 0.0, 0.020971, 0.999603, 0.018833, 0.05, -0.000198, -0.018833, 0.999823, -0.0, 0.0, 0.0, 0.0, 1.0],
                [0.99978, -0.020971, -0.000197, 0.0, 0.020971, 0.999603, 0.018833, 0.05, -0.000198, -0.018833, 0.999823, 0.0, 0.0, 0.0, 0.0, 1.0],
                [0.99978, -0.020971, -0.000197, 0.0, 0.020971, 0.999603, 0.018827, 0.05, -0.000198, -0.018827, 0.999823, -0.0, 0.0, 0.0, 0.0, 1.0],
                [0.99978, -0.020971, -0.000197, 0.0, 0.020971, 0.999603, 0.01883, 0.05, -0.000198, -0.01883, 0.999823, 0.0, 0.0, 0.0, 0.0, 1.0],
                [0.99978, -0.020971, -0.000197, -0.0, 0.020971, 0.999603, 0.01883, 0.05, -0.000198, -0.01883, 0.999823, -0.0, 0.0, 0.0, 0.0, 1.0],
                [0.99978, -0.020971, -0.000197, -0.0, 0.020971, 0.999603, 0.01883, 0.05, -0.000198, -0.01883, 0.999823, -0.0, 0.0, 0.0, 0.0, 1.0]
            ]
        },
        {
            "name": "Chest",
            "time": [0.0, 0.2833, 0.4167, 1.0],
            "transform": [
                [0.999437, 0.017236, -0.028782, -0.0, -0.009903, 0.971273, 0.237763, 0.3, 0.032053, -0.237344, 0.970897, 0.0, 0.0, 0.0, 0.0, 1.0],
                [0.998566, 0.036825, -0.038858, 0.0, -0.021713, 0.942047, 0.334776, 0.3, 0.048934, -0.333452, 0.941496, -0.0, 0.0, 0.0, 0.0, 1.0],
                [0.997736, 0.050445, -0.044469, 0.0, -0.028625, 0.916968, 0.397933, 0.3, 0.06085, -0.39576, 0.916336, 0.0, 0.0, 0.0, 0.0, 1.0],
                [0.997736, 0.050445, -0.044468, 0.0, -0.028625, 0.916968, 0.397933, 0.3, 0.06085, -0.39576, 0.916336, -0.0, 0.0, 0.0, 0.0, 1.0]
            ]
        },
        {
            "name": "Head",
            "time": [0.0, 0.2833, 0.4167, 0.6, 0.75, 1.0],
            "transform": [
                [0.386564, -0.116656, 0.914855, -0.0, 0.174495, 0.983302, 0.051652, 0.4, -0.905604, 0.139671, 0.400466, 0.0, 0.0, 0.0, 0.0, 1.0],
                [0.113736, -0.146242, 0.982689, 0.0, 0.240121, 0.96383, 0.115644, 0.4, -0.964057, 0.222811, 0.144737, 0.0, 0.0, 0.0, 0.0, 1.0],
                [0.991079, -0.050205, 0.123459, -0.0, 0.087233, 0.944706, -0.316102, 0.4, -0.100763, 0.324052, 0.940658, 0.0, 0.0, 0.0, 0.0, 1.0],
                [0.18044, 0.00548, -0.983571, 0.0, -0.341083, 0.938283, -0.057345, 0.4, 0.922553, 0.345826, 0.171173, -0.0, 0.0, 0.0, 0.0, 1.0],
                [0.133325, -4.1e-05, -0.991072, -0.0, -0.350795, 0.935261, -0.04723, 0.4, 0.926913, 0.35396, 0.12468, -0.0, 0.0, 0.0, 0.0, 1.0],
                [0.133325, -4.1e-05, -0.991072, -0.0, -0.350795, 0.935261, -0.04723, 0.4, 0.926913, 0.35396, 0.12468, -0.0, 0.0, 0.0, 0.0, 1.0]
            ]
        },
        {
            "name": "Shoulder_R",
            "time": [0.0, 0.2833, 0.4167, 0.6, 0.75, 1.0],
            "transform": [
                [-0.28684, 0.868118, 0.405085, -0.0, 0.022006, -0.416772, 0.908745, 0.4, 0.957725, 0.269579, 0.100443, 0.0, 0.0, 0.0, 0.0, 1.0],
                [-0.445111, 0.783846, 0.432968, 0.0, 0.048421, -0.461731, 0.885697, 0.4, 0.894165, 0.415198, 0.167567, 0.0, 0.0, 0.0, 0.0, 1.0],
                [-0.040877, 0.95256, 0.301592, -0.0, 0.006662, -0.301578, 0.953418, 0.4, 0.999142, 0.040982, 0.005982, 0.0, 0.0, 0.0, 0.0, 1.0],
                [0.373581, 0.920505, 0.114485, 0.0, 0.036822, -0.13804, 0.989742, 0.4, 0.926866, -0.365533, -0.085464, -0.0, 0.0, 0.0, 0.0, 1.0],
                [0.404403, 0.909317, 0.097976, -0.0, 0.042213, -0.12557, 0.991186, 0.4, 0.913606, -0.396703, -0.089166, -0.0, 0.0, 0.0, 0.0, 1.0],
                [0.404404, 0.909317, 0.097976, -0.0, 0.042213, -0.12557, 0.991186, 0.4, 0.913606, -0.396703, -0.089166, -0.0, 0.0, 0.0, 0.0, 1.0]
            ]
        },
        {
            "name": "Arm_R",
            "time": [0.0, 0.2833, 0.4167, 0.6, 0.75, 1.0],
            "transform": [
                [-0.058288, -0.537828, -0.841037, -0.0, 0.94667, -0.297202, 0.124447, 0.39386, -0.316889, -0.788931, 0.526469, 0.0, 0.0, 0.0, 0.0, 1.0],
                [-0.198481, -0.826208, -0.527244, 0.0, 0.931651, -0.326093, 0.160279, 0.39386, -0.304354, -0.459395, 0.834461, -0.0, 0.0, 0.0, 0.0, 1.0],
                [0.020115, -0.98088, -0.19357, 0.0, 0.940623, 0.084186, -0.328849, 0.39386, 0.338857, -0.175461, 0.924332, 0.0, 0.0, 0.0, 0.0, 1.0],
                [0.024188, -0.953606, -0.300085, 0.0, 0.954857, 0.110939, -0.275575, 0.393861, 0.296081, -0.279872, 0.91324, 0.0, 0.0, 0.0, 0.0, 1.0],
                [0.025655, -0.950066, -0.310993, -0.0, 0.957725, 0.11253, -0.264764, 0.39386, 0.286539, -0.291053, 0.912789, 0.0, 0.0, 0.0, 0.0, 1.0],
                [0.025656, -0.950066, -0.310993, -0.0, 0.957725, 0.11253, -0.264764, 0.39386, 0.286539, -0.291053, 0.912789, -0.0, 0.0, 0.0, 0.0, 1.0]
            ]
        },
        {
            "name": "Hand_R",
            "time": [0.0, 0.2833, 0.4167, 0.6, 0.75, 1.0],
            "transform": [
                [0.999998, -0.001827, 0.000661, -0.0, 0.001872, 0.815058, -0.579376, 0.3, 0.00052, 0.579376, 0.81506, -0.0, 0.0, 0.0, 0.0, 1.0],
                [0.999988, -0.004607, -0.001758, -0.0, 0.001554, 0.632653, -0.774434, 0.3, 0.00468, 0.774422, 0.632653, 0.0, 0.0, 0.0, 0.0, 1.0],
                [0.999915, -0.005961, -0.011617, -0.0, -0.00181, 0.817834, -0.575451, 0.3, 0.012931, 0.575423, 0.817754, -0.0, 0.0, 0.0, 0.0, 1.0],
                [0.999903, -0.001922, -0.013798, 0.0, -0.001626, 0.967582, -0.252551, 0.3, 0.013836, 0.252549, 0.967485, 0.0, 0.0, 0.0, 0.0, 1.0],
                [0.999902, -0.001565, -0.013893, -0.0, -0.001595, 0.974456, -0.224575, 0.3, 0.013889, 0.224575, 0.974358, 0.0, 0.0, 0.0, 0.0, 1.0],
                [0.999902, -0.001565, -0.013893, -0.0, -0.001595, 0.974456, -0.224575, 0.3, 0.013889, 0.224576, 0.974358, -0.0, 0.0, 0.0, 0.0, 1.0]
            ]
        },
        {
            "name": "Tool_R",
            "time": [0.0, 0.2833, 0.4167, 0.6, 0.75, 1.0],
            "transform": [
                [0.673106, -0.198911, -0.712294, -0.0, -0.447678, -0.876226, -0.178359, 0.272858, -0.58831, 0.438664, -0.678441, 0.0, 0.0, 0.0, 0.0, 1.0],
                [0.315369, -0.137459, -0.938961, 0.0, -0.61147, -0.786099, -0.090294, 0.272858, -0.725281, 0.602257, -0.331767, -0.0, 0.0, 0.0, 0.0, 1.0],
                [0.084436, 0.44673, -0.890676, 0.0, -0.367645, -0.816833, -0.444546, 0.272858, -0.925581, 0.364764, 0.095207, 0.0, 0.0, 0.0, 0.0, 1.0],
                [0.022899, 0.728372, -0.6848, 0.0, -0.043142, -0.683622, -0.728561, 0.272858, -0.998216, 0.046193, 0.015752, 0.0, 0.0, 0.0, 0.0, 1.0],
                [0.014316, 0.747802, -0.663769, -0.0, -0.018282, -0.66353, -0.747927, 0.272858, -0.999139, 0.022821, 0.004162, -0.0, 0.0, 0.0, 0.0, 1.0],
                [0.014316, 0.747801, -0.663769, -0.0, -0.018282, -0.66353, -0.747927, 0.272858, -0.999139, 0.022821, 0.004162, 0.0, 0.0, 0.0, 0.0, 1.0]
            ]
        },
        {
            "name": "Elbow_R",
            "time": [0.0, 0.2833, 0.4167, 0.6, 0.75, 1.0],
            "transform": [
                [-1.0, 0.0, 0.0, 0.0, 0.0, -0.0, -1.0, 0.365878, -0.0, -1.0, 0.0, -0.0, 0.0, 0.0, 0.0, 1.0],
                [-1.0, 0.0, 0.0, -0.0, -0.0, 0.0, -1.0, 0.390284, -0.0, -1.0, 0.0, 0.0, 0.0, 0.0, 0.0, 1.0],
                [-1.0, 0.0, -0.0, -0.0, 0.0, 0.0, -1.0, 0.369934, -0.0, -1.0, 0.0, -0.0, 0.0, 0.0, 0.0, 1.0],
                [-1.0, 0.0, -0.0, 0.0, -0.0, -0.0, -1.0, 0.345377, -0.0, -1.0, 0.0, 0.0, 0.0, 0.0, 0.0, 1.0],
                [-1.0, 0.0, -0.0, -0.0, 0.0, 0.0, -1.0, 0.342679, -0.0, -1.0, 0.0, 0.0, 0.0, 0.0, 0.0, 1.0],
                [-1.0, 0.0, -0.0, -0.0, 0.0, 0.0, -1.0, 0.342679, -0.0, -1.0, 0.0, 0.0, 0.0, 0.0, 0.0, 1.0]
            ]
        },
        {
            "name": "Shoulder_L",
            "time": [0.0, 0.2833, 0.4167, 0.6, 0.75, 1.0],
            "transform": [
                [0.484377, -0.871109, -0.080923, -0.0, -0.057046, -0.123751, 0.990672, 0.4, -0.872998, -0.475242, -0.109635, 0.0, 0.0, 0.0, 0.0, 1.0],
                [0.695916, -0.713912, 0.077651, 0.0, -0.131511, -0.020395, 0.991105, 0.4, -0.705978, -0.699938, -0.10808, 0.0, 0.0, 0.0, 0.0, 1.0],
                [0.635742, -0.770678, 0.043449, -0.0, -0.105093, -0.030653, 0.99399, 0.4, -0.764714, -0.636488, -0.100481, 0.0, 0.0, 0.0, 0.0, 1.0],
                [0.535008, -0.84467, -0.017269, 0.0, -0.068063, -0.063466, 0.99566, 0.4, -0.842101, -0.531511, -0.091446, -0.0, 0.0, 0.0, 0.0, 1.0],
                [0.532864, -0.845999, -0.018476, -0.0, -0.067362, -0.064173, 0.995663, 0.4, -0.843515, -0.529308, -0.091183, -0.0, 0.0, 0.0, 0.0, 1.0],
                [0.532864, -0.845999, -0.018476, -0.0, -0.067362, -0.064173, 0.995663, 0.4, -0.843515, -0.529308, -0.091184, -0.0, 0.0, 0.0, 0.0, 1.0]
            ]
        },
        {
            "name": "Arm_L",
            "time": [0.0, 0.2833, 0.4167, 0.6, 0.75, 1.0],
            "transform": [
                [-0.342343, 0.884396, 0.317247, 0.0, -0.845799, -0.143032, -0.513972, 0.39386, -0.409178, -0.444281, 0.796987, 0.0, 0.0, 0.0, 0.0, 1.0],
                [-0.361709, 0.902992, -0.231885, 0.0, -0.768886, -0.429599, -0.47356, 0.39386, -0.527239, 0.007002, 0.849688, 0.0, 0.0, 0.0, 0.0, 1.0],
                [-0.425649, 0.901071, -0.083028, -0.0, -0.85569, -0.430651, -0.286941, 0.39386, -0.29431, -0.05109, 0.954344, -0.0, 0.0, 0.0, 0.0, 1.0],
                [-0.28458, 0.922581, 0.260497, 0.0, -0.957273, -0.258907, -0.128821, 0.39386, -0.051403, -0.286026, 0.956842, -0.0, 0.0, 0.0, 0.0, 1.0],
                [-0.260913, 0.924457, 0.278036, 0.0, -0.964877, -0.240596, -0.105482, 0.39386, -0.030619, -0.295792, 0.954762, -0.0, 0.0, 0.0, 0.0, 1.0],
                [-0.260913, 0.924457, 0.278036, 0.0, -0.964877, -0.240596, -0.105482, 0.39386, -0.030619, -0.295792, 0.954762, -0.0, 0.0, 0.0, 0.0, 1.0]
            ]
        },
        {
            "name": "Hand_L",
            "time": [0.0, 0.2833, 0.4167, 0.6, 0.75, 1.0],
            "transform": [
                [1.020631, -0.01603, -0.000753, 0.0, 0.016378, 0.997561, 0.067937, 0.3, -0.000345, -0.067941, 0.997689, -0.0, 0.0, 0.0, 0.0, 1.0],
                [1.020741, -0.006422, -0.000546, -0.0, 0.006578, 0.995633, 0.093135, 0.3, -5.5e-05, -0.093136, 0.995653, -0.0, 0.0, 0.0, 0.0, 1.0],
                [1.020761, -7.7e-05, -0.001635, -0.0, 0.000102, 0.999906, 0.013747, 0.3, 0.001668, -0.013747, 0.999904, -0.0, 0.0, 0.0, 0.0, 1.0],
                [1.020758, -0.000251, -0.002922, 0.0, 6.9e-05, 0.99803, -0.062742, 0.3, 0.002993, 0.062742, 0.998026, 0.0, 0.0, 0.0, 0.0, 1.0],
                [1.020758, -0.000269, -0.003022, -0.0, 6.2e-05, 0.99764, -0.068655, 0.3, 0.003096, 0.068655, 0.997636, 0.0, 0.0, 0.0, 0.0, 1.0],
                [1.020758, -0.000269, -0.003022, -0.0, 6.2e-05, 0.997641, -0.068655, 0.3, 0.003096, 0.068655, 0.997636, 0.0, 0.0, 0.0, 0.0, 1.0]
            ]
        },
        {
            "name": "Tool_L",
            "time": [0.0, 1.0],
            "transform": [
                [1.0, 0.0, 0.0, 0.0, 0.0, -0.999836, 0.018122, 0.272858, 0.0, -0.018122, -0.999248, -0.0, 0.0, 0.0, 0.0, 1.0],
                [1.0, -0.0, 0.0, -0.0, -0.0, -0.999836, 0.018122, 0.272858, 0.0, -0.018122, -0.999248, -0.0, 0.0, 0.0, 0.0, 1.0]
            ]
        },
        {
            "name": "Elbow_L",
            "time": [0.0, 0.4167, 0.6, 0.75, 1.0],
            "transform": [
                [-1.0, 0.0, -0.0, 0.0, 0.0, -0.0, -1.0, 0.3, -0.0, -1.0, 0.0, -0.0, 0.0, 0.0, 0.0, 1.0],
                [-1.0, 0.0, -0.0, -0.0, 0.0, -0.0, -1.0, 0.3, -0.0, -1.0, -0.0, -0.0, 0.0, 0.0, 0.0, 1.0],
                [-1.0, 0.0, -0.0, 0.0, 0.0, -0.0, -1.0, 0.32371, -0.0, -1.0, 0.0, 0.0, 0.0, 0.0, 0.0, 1.0],
                [-1.0, 0.0, -0.0, -0.0, 0.0, -0.0, -1.0, 0.325509, -0.0, -1.0, 0.0, 0.0, 0.0, 0.0, 0.0, 1.0],
                [-1.0, 0.0, -0.0, -0.0, 0.0, -0.0, -1.0, 0.325509, -0.0, -1.0, -0.0, -0.0, 0.0, 0.0, 0.0, 1.0]
            ]
        }
    ]
}