{
    "animation": [
        {
            "name": "Root",
            "time": [0.0, 0.05],
            "transform": [
                [0.854689, 0.0, -0.51914, -5e-06, -0.51914, 0.0, -0.854689, 0.000946, 0.0, 1.0, 0.0, 0.755725, 0.0, 0.0, 0.0, 1.0],
                [0.583349, 0.0, -0.812222, -5e-06, -0.812222, 0.0, -0.583349, 0.000946, 0.0, 1.0, 0.0, 0.755725, 0.0, 0.0, 0.0, 1.0]
            ]
        },
        {
            "name": "Thigh_R",
            "time": [0.0, 0.05],
            "transform": [
                [0.995075, 0.080178, -0.058278, 0.124994, 0.079273, -0.996694, -0.017684, -0.002831, -0.059504, 0.012977, -0.998144, -1.2e-05, 0.0, 0.0, 0.0, 1.0],
                [0.871408, 0.048433, -0.488162, 0.124994, 0.094946, -0.992947, 0.070971, -0.002831, -0.481282, -0.108193, -0.869863, -1.2e-05, 0.0, 0.0, 0.0, 1.0]
            ]
        },
        {
            "name": "Leg_R",
            "time": [0.0, 0.05],
            "transform": [
                [1.0, -0.0, 1e-06, -0.0, 0.0, 0.987373, 0.158416, 0.37472, -1e-06, -0.158416, 0.987372, -0.0, 0.0, 0.0, 0.0, 1.0],
                [1.0, -0.0, 1e-06, 0.0, 0.0, 0.976678, 0.214711, 0.37472, -1e-06, -0.214711, 0.976677, 0.0, 0.0, 0.0, 0.0, 1.0]
            ]
        },
        {
            "name": "Knee_R",
            "time": [0.0, 0.05],
            "transform": [
                [1.0, 0.0, -0.0, -0.0, -0.0, 1e-06, -1.0, 0.37472, -0.0, 1.0, 1e-06, -0.0, 0.0, 0.0, 0.0, 1.0],
                [1.0, 0.0, -0.0, 0.0, -0.0, 1e-06, -1.0, 0.37472, -0.0, 1.0, 1e-06, -0.0, 0.0, 0.0, 0.0, 1.0]
            ]
        },
        {
            "name": "Thigh_L",
            "time": [0.0, 0.05],
            "transform": [
                [0.866488, -0.135609, -0.480425, -0.125006, -0.027108, -0.973756, 0.225969, -0.002831, -0.49846, -0.182775, -0.847426, -1.2e-05, 0.0, 0.0, 0.0, 1.0],
                [0.58219, -0.18885, -0.790816, -0.125006, -0.070111, -0.980687, 0.182578, -0.002831, -0.810024, -0.05085, -0.584188, -1.2e-05, 0.0, 0.0, 0.0, 1.0]
            ]
        },
        {
            "name": "Leg_L",
            "time": [0.0, 0.05],
            "transform": [
                [1.0, -0.0, 1e-06, -0.0, 0.0, 0.970939, 0.239328, 0.37472, -1e-06, -0.239328, 0.970939, 0.0, 0.0, 0.0, 0.0, 1.0],
                [1.0, -0.0, 1e-06, 0.0, 0.0, 0.97833, 0.20705, 0.37472, -1e-06, -0.20705, 0.978331, 0.0, 0.0, 0.0, 0.0, 1.0]
            ]
        },
        {
            "name": "Knee_L",
            "time": [0.0, 0.05],
            "transform": [
                [1.0, 0.0, -0.0, -0.0, -0.0, 1e-06, -1.0, 0.37472, -0.0, 1.0, 1e-06, -0.0, 0.0, 0.0, 0.0, 1.0],
                [1.0, 0.0, -0.0, -0.0, -0.0, 1e-06, -1.0, 0.37472, -0.0, 1.0, 1e-06, -0.0, 0.0, 0.0, 0.0, 1.0]
            ]
        },
        {
            "name": "Torso",
            "time": [0.0, 0.05],
            "transform": [
                [0.99978, -0.020971, -0.000197, -0.0, 0.020971, 0.999603, 0.018833, 0.05, -0.000198, -0.018833, 0.999823, 0.0, 0.0, 0.0, 0.0, 1.0],
                [0.978689, 0.204835, -0.014495, -0.0, -0.204773, 0.968243, -0.143433, 0.05, -0.015345, 0.143344, 0.989554, -0.0, 0.0, 0.0, 0.0, 1.0]
            ]
        },
        {
            "name": "Chest",
            "time": [0.0, 0.05],
            "transform": [
                [0.999771, -0.021411, -0.000206, 0.0, 0.021411, 0.999586, 0.019222, 0.3, -0.000206, -0.019222, 0.999815, 0.0, 0.0, 0.0, 0.0, 1.0],
                [0.949283, -0.309666, -0.054492, 0.0, 0.31091, 0.898635, 0.309499, 0.3, -0.046873, -0.310745, 0.949337, -0.0, 0.0, 0.0, 0.0, 1.0]
            ]
        },
        {
            "name": "Head",
            "time": [0.0, 0.05],
            "transform": [
                [0.853111, 0.037721, 0.520365, 0.0, -0.006297, 0.998055, -0.062025, 0.4, -0.521693, 0.049637, 0.851688, -0.0, 0.0, 0.0, 0.0, 1.0],
                [0.652905, 0.092531, 0.751767, -0.0, 0.037771, 0.987298, -0.154325, 0.4, -0.756498, 0.129154, 0.641117, -0.0, 0.0, 0.0, 0.0, 1.0]
            ]
        },
        {
            "name": "Shoulder_R",
            "time": [0.0, 0.05],
            "transform": [
                [0.0, 0.952114, 0.305743, 0.0, 0.0, -0.305743, 0.952114, 0.4, 1.0, -0.0, -0.0, -0.0, 0.0, 0.0, 0.0, 1.0],
                [0.0, 0.952114, 0.305743, -0.0, 0.0, -0.305743, 0.952114, 0.4, 1.0, 0.0, -0.0, -0.0, 0.0, 0.0, 0.0, 1.0]
            ]
        },
        {
            "name": "Arm_R",
            "time": [0.0, 0.05],
            "transform": [
                [-0.445828, 0.498426, -0.743511, 0.0, 0.739681, 0.672915, 0.007569, 0.39386, 0.504093, -0.546586, -0.668681, 0.0, 0.0, 0.0, 0.0, 1.0],
                [-0.445828, 0.498426, -0.743511, -0.0, 0.739681, 0.672915, 0.007569, 0.393861, 0.504092, -0.546586, -0.668681, 0.0, 0.0, 0.0, 0.0, 1.0]
            ]
        },
        {
            "name": "Hand_R",
            "time": [0.0, 0.05],
            "transform": [
                [1.0, -0.0, 0.0, -0.0, 0.0, 0.677217, -0.735783, 0.3, -0.0, 0.735783, 0.677217, 0.0, 0.0, 0.0, 0.0, 1.0],
                [1.0, -0.0, 0.0, -0.0, 0.0, 0.677217, -0.735783, 0.3, 0.0, 0.735783, 0.677217, 0.0, 0.0, 0.0, 0.0, 1.0]
            ]
        },
        {
            "name": "Tool_R",
            "time": [0.0, 0.05],
            "transform": [
                [1.0, 0.0, 0.0, 0.0, 0.0, -0.999836, 0.018122, 0.272858, 0.0, -0.018122, -0.999244, -0.0, 0.0, 0.0, 0.0, 1.0],
                [1.0, 0.0, 0.0, -0.0, 0.0, -0.999836, 0.018122, 0.272858, 0.0, -0.018122, -0.999244, 0.0, 0.0, 0.0, 0.0, 1.0]
            ]
        },
        {
            "name": "Elbow_R",
            "time": [0.0, 0.05],
            "transform": [
                [-1.0, 0.0, -0.0, -0.000444, 0.0, -0.0, -1.0, 0.387123, -0.0, -1.0, 0.0, -0.000655, 0.0, 0.0, 0.0, 1.0],
                [-1.0, 0.0, -0.0, -0.000444, 0.0, -0.0, -1.0, 0.387123, -0.0, -1.0, 0.0, -0.000655, 0.0, 0.0, 0.0, 1.0]
            ]
        },
        {
            "name": "Shoulder_L",
            "time": [0.0, 0.05],
            "transform": [
                [0.200888, -0.935274, -0.291386, 0.0, -0.009302, -0.299258, 0.954127, 0.4, -0.97957, -0.188962, -0.068817, -0.0, 0.0, 0.0, 0.0, 1.0],
                [0.200888, -0.935274, -0.291386, -0.0, -0.009302, -0.299258, 0.954127, 0.4, -0.97957, -0.188962, -0.068817, -0.0, 0.0, 0.0, 0.0, 1.0]
            ]
        },
        {
            "name": "Arm_L",
            "time": [0.0, 0.05],
            "transform": [
                [0.792049, 0.479978, 0.377199, -0.0, -0.586219, 0.770415, 0.250616, 0.39386, -0.17031, -0.419621, 0.891579, 0.0, 0.0, 0.0, 0.0, 1.0],
                [0.887295, 0.270081, 0.37385, -0.0, -0.318868, 0.944892, 0.074181, 0.39386, -0.333213, -0.185029, 0.924518, -0.0, 0.0, 0.0, 0.0, 1.0]
            ]
        },
        {
            "name": "Hand_L",
            "time": [0.0, 0.05],
            "transform": [
                [-0.180086, 0.983523, 0.015896, 0.0, -0.712084, -0.119203, -0.691902, 0.3, -0.678606, -0.135921, 0.721817, 0.0, 0.0, 0.0, 0.0, 1.0],
                [-0.180087, 0.983523, 0.015896, 0.0, -0.712084, -0.119203, -0.691902, 0.3, -0.678606, -0.135921, 0.721817, 0.0, 0.0, 0.0, 0.0, 1.0]
            ]
        },
        {
            "name": "Tool_L",
            "time": [0.0, 0.05],
            "transform": [
                [1.0, 0.0, 0.0, 0.0, 0.0, -0.999836, 0.018122, 0.389323, 0.0, -0.018122, -0.999248, -0.000262, 0.0, 0.0, 0.0, 1.0],
                [1.0, 0.0, 0.0, -0.0, 0.0, -0.999836, 0.018122, 0.389323, 0.0, -0.018122, -0.999248, -0.000261, 0.0, 0.0, 0.0, 1.0]
            ]
        },
        {
            "name": "Elbow_L",
            "time": [0.0, 0.05],
            "transform": [
                [-1.0, 0.0, -0.0, 0.0, 0.0, -0.0, -1.0, 0.356945, -0.0, -1.0, -0.0, 0.0, 0.0, 0.0, 0.0, 1.0],
                [-1.0, 0.0, -0.0, -0.0, 0.0, -0.0, -1.0, 0.356945, -0.0, -1.0, 0.0, 0.0, 0.0, 0.0, 0.0, 1.0]
            ]
        }
    ]
}