{
    "animation": [
        {
            "name": "Root",
            "time": [0.0, 0.15, 0.3, 0.45, 0.75],
            "transform": [
                [1.0, 0.0, 0.0, -5e-06, 0.0, -0.093834, -0.995588, -0.251834, 0.0, 0.995588, -0.093834, 0.755725, 0.0, 0.0, 0.0, 1.0],
                [1.0, 0.0, 0.0, -5e-06, 0.0, -0.093834, -0.995588, -0.609853, 0.0, 0.995588, -0.093834, 0.755725, 0.0, 0.0, 0.0, 1.0],
                [1.0, 0.0, 0.0, -5e-06, 0.0, -0.093834, -0.995588, -0.781755, 0.0, 0.995588, -0.093834, 0.755725, 0.0, 0.0, 0.0, 1.0],
                [1.0, 0.0, 0.0, -5e-06, 0.0, -0.093834, -0.995588, -0.930914, 0.0, 0.995588, -0.093834, 0.755725, 0.0, 0.0, 0.0, 1.0],
                [1.0, 0.0, 0.0, -5e-06, 0.0, -0.093834, -0.995588, -0.930914, 0.0, 0.995588, -0.093834, 0.755725, 0.0, 0.0, 0.0, 1.0]
            ]
        },
        {
            "name": "Thigh_R",
            "time": [0.0, 0.15, 0.3, 0.45, 0.6, 0.75],
            "transform": [
                [0.998886, 0.044622, -0.015332, 0.124994, 0.039351, -0.967157, -0.251112, -0.002831, -0.026033, 0.25023, -0.967835, -1.2e-05, 0.0, 0.0, 0.0, 1.0],
                [0.998727, 0.043037, -0.026299, 0.124994, 0.047723, -0.975085, 0.216632, -0.002831, -0.01632, -0.217611, -0.975898, -1.2e-05, 0.0, 0.0, 0.0, 1.0],
                [0.998776, 0.039543, -0.029698, 0.124994, 0.04815, -0.914538, 0.40162, -0.002831, -0.011279, -0.402559, -0.915324, -1.2e-05, 0.0, 0.0, 0.0, 1.0],
                [0.998769, 0.041751, -0.026792, 0.124994, 0.04438, -0.993324, 0.106474, -0.002831, -0.022168, -0.107532, -0.993954, -1.2e-05, 0.0, 0.0, 0.0, 1.0],
                [0.998912, 0.044345, -0.014456, 0.124994, 0.038399, -0.957807, -0.284833, -0.002831, -0.026478, 0.283968, -0.958467, -1.2e-05, 0.0, 0.0, 0.0, 1.0],
                [0.998912, 0.044345, -0.014456, 0.124994, 0.038399, -0.957807, -0.284833, -0.002831, -0.026478, 0.283968, -0.958467, -1.2e-05, 0.0, 0.0, 0.0, 1.0]
            ]
        },
        {
            "name": "Leg_R",
            "time": [0.0, 0.15, 0.3, 0.45, 0.6, 0.75],
            "transform": [
                [1.0, -0.0, 1e-06, 0.0, 0.0, 0.999952, 0.009863, 0.37472, -1e-06, -0.009863, 0.999951, -0.0, 0.0, 0.0, 0.0, 1.0],
                [1.0, -0.0, 1e-06, -0.0, 0.0, 0.999944, 0.010614, 0.37472, -1e-06, -0.010614, 0.999943, 0.0, 0.0, 0.0, 0.0, 1.0],
                [1.0, -0.0, 1e-06, -0.0, 0.0, 0.999947, 0.010358, 0.37472, -1e-06, -0.010358, 0.999946, -0.0, 0.0, 0.0, 0.0, 1.0],
                [1.0, -0.0, 1e-06, -0.0, -0.0, 0.95667, 0.291178, 0.37472, -1e-06, -0.291178, 0.956668, -0.0, 0.0, 0.0, 0.0, 1.0],
                [1.0, -0.0, 1e-06, 0.0, 0.0, 0.999956, 0.009437, 0.37472, -1e-06, -0.009437, 0.999955, -0.0, 0.0, 0.0, 0.0, 1.0],
                [1.0, -0.0, 1e-06, 0.0, 0.0, 0.999956, 0.009437, 0.37472, -1e-06, -0.009437, 0.999955, -0.0, 0.0, 0.0, 0.0, 1.0]
            ]
        },
        {
            "name": "Knee_R",
            "time": [0.0, 0.75],
            "transform": [
                [1.0, 0.0, -0.0, 0.0, -0.0, 1e-06, -1.0, 0.37472, -0.0, 1.0, 1e-06, -0.0, 0.0, 0.0, 0.0, 1.0],
                [1.0, 0.0, -0.0, 0.0, -0.0, 1e-06, -1.0, 0.37472, -0.0, 1.0, 1e-06, -0.0, 0.0, 0.0, 0.0, 1.0]
            ]
        },
        {
            "name": "Thigh_L",
            "time": [0.0, 0.15, 0.3, 0.45, 0.6, 0.75],
            "transform": [
                [1.0, -4.2e-05, 3.1e-05, -0.125006, -4.9e-05, -0.937579, 0.34777, -0.002831, 1.5e-05, -0.34777, -0.93758, -1.2e-05, 0.0, 0.0, 0.0, 1.0],
                [0.999999, 0.000225, 0.001042, -0.125006, -0.000629, -0.664022, 0.747712, -0.002831, 0.00086, -0.747711, -0.664023, -1.2e-05, 0.0, 0.0, 0.0, 1.0],
                [1.0, -4.4e-05, 2.1e-05, -0.125006, -4.1e-05, -0.99287, -0.119195, -0.002831, 2.6e-05, 0.119196, -0.99287, -1.2e-05, 0.0, 0.0, 0.0, 1.0],
                [1.0, -4.3e-05, 2.9e-05, -0.125006, -4.5e-05, -0.993645, 0.112549, -0.002831, 2.4e-05, -0.112549, -0.993646, -1.2e-05, 0.0, 0.0, 0.0, 1.0],
                [1.0, -4.3e-05, 2.8e-05, -0.125006, -4.5e-05, -0.993645, 0.112549, -0.002831, 2.3e-05, -0.112549, -0.993646, -1.2e-05, 0.0, 0.0, 0.0, 1.0],
                [1.0, -4.3e-05, 2.8e-05, -0.125006, -4.5e-05, -0.993645, 0.112549, -0.002831, 2.3e-05, -0.112549, -0.993646, -1.2e-05, 0.0, 0.0, 0.0, 1.0]
            ]
        },
        {
            "name": "Leg_L",
            "time": [0.0, 0.15, 0.3, 0.45, 0.75],
            "transform": [
                [1.0, -0.0, 1e-06, -0.0, 0.0, 0.999944, 0.010524, 0.37472, -1e-06, -0.010524, 0.999945, -0.0, 0.0, 0.0, 0.0, 1.0],
                [1.0, -0.0, 2e-06, -0.0, -1e-06, 0.870695, 0.491822, 0.37472, -2e-06, -0.491822, 0.870696, -0.0, 0.0, 0.0, 0.0, 1.0],
                [1.0, -0.0, 1e-06, -0.0, 0.0, 0.983298, 0.182002, 0.37472, -1e-06, -0.182002, 0.983299, 0.0, 0.0, 0.0, 0.0, 1.0],
                [1.0, -0.0, 1e-06, 0.0, -0.0, 0.969765, 0.244039, 0.37472, -1e-06, -0.244039, 0.969766, 0.0, 0.0, 0.0, 0.0, 1.0],
                [1.0, -0.0, 1e-06, 0.0, 0.0, 0.969765, 0.244039, 0.37472, -1e-06, -0.244039, 0.969766, -0.0, 0.0, 0.0, 0.0, 1.0]
            ]
        },
        {
            "name": "Knee_L",
            "time": [0.0, 0.75],
            "transform": [
                [1.0, 0.0, -0.0, -0.0, -0.0, 1e-06, -1.0, 0.37472, -0.0, 1.0, 1e-06, -0.0, 0.0, 0.0, 0.0, 1.0],
                [1.0, 0.0, -0.0, 0.0, -0.0, 1e-06, -1.0, 0.37472, -0.0, 1.0, 1e-06, -0.0, 0.0, 0.0, 0.0, 1.0]
            ]
        },
        {
            "name": "Torso",
            "time": [0.0, 0.75],
            "transform": [
                [1.0, 0.0, 0.0, -0.0, 0.0, 1.0, -0.0, 0.05, 0.0, 0.0, 1.0, -0.0, 0.0, 0.0, 0.0, 1.0],
                [1.0, 0.0, 0.0, -0.0, 0.0, 1.0, -0.0, 0.05, 0.0, 0.0, 1.0, 0.0, 0.0, 0.0, 0.0, 1.0]
            ]
        },
        {
            "name": "Chest",
            "time": [0.0, 0.15, 0.3, 0.45, 0.6, 0.75],
            "transform": [
                [1.0, 0.0, 0.0, -0.0, 0.0, 0.757165, 0.653223, 0.3, 0.0, -0.653223, 0.757165, 0.0, 0.0, 0.0, 0.0, 1.0],
                [1.0, 0.0, 0.0, -0.0, -0.0, 0.979848, 0.199745, 0.3, -0.0, -0.199745, 0.979848, -0.0, 0.0, 0.0, 0.0, 1.0],
                [1.0, 0.0, 0.0, -0.0, 0.0, 0.952444, -0.304713, 0.3, 0.0, 0.304713, 0.952444, -0.0, 0.0, 0.0, 0.0, 1.0],
                [1.0, -0.0, 0.0, -0.0, 0.0, 0.952444, -0.304712, 0.3, -0.0, 0.304712, 0.952444, 0.0, 0.0, 0.0, 0.0, 1.0],
                [1.0, -0.0, 0.0, -0.0, -0.0, 0.999361, 0.035752, 0.3, -0.0, -0.035752, 0.999361, 0.0, 0.0, 0.0, 0.0, 1.0],
                [1.0, -0.0, 0.0, -0.0, -0.0, 0.999361, 0.035752, 0.3, -0.0, -0.035752, 0.999361, 0.0, 0.0, 0.0, 0.0, 1.0]
            ]
        },
        {
            "name": "Head",
            "time": [0.0, 0.15, 0.3, 0.45, 0.6, 0.75],
            "transform": [
                [1.0, 0.0, 0.0, 0.0, 0.0, 0.934957, 0.354761, 0.4, 0.0, -0.354761, 0.934957, 0.0, 0.0, 0.0, 0.0, 1.0],
                [1.0, 0.0, -0.0, -0.0, 0.0, 1.0, 0.0, 0.4, 0.0, 0.0, 1.0, 0.0, 0.0, 0.0, 0.0, 1.0],
                [1.0, -0.0, -0.0, 0.0, -0.0, 0.948412, -0.31704, 0.4, 0.0, 0.31704, 0.948412, 0.0, 0.0, 0.0, 0.0, 1.0],
                [1.0, -0.0, 0.0, -0.0, 0.0, 0.953525, -0.301315, 0.4, -0.0, 0.301315, 0.953525, 0.0, 0.0, 0.0, 0.0, 1.0],
                [1.0, 0.0, -0.0, -0.0, 0.0, 1.0, 0.0, 0.4, 0.0, 0.0, 1.0, 0.0, 0.0, 0.0, 0.0, 1.0],
                [1.0, 0.0, -0.0, -0.0, 0.0, 1.0, 0.0, 0.4, 0.0, 0.0, 1.0, 0.0, 0.0, 0.0, 0.0, 1.0]
            ]
        },
        {
            "name": "Shoulder_R",
            "time": [0.0, 0.75],
            "transform": [
                [0.0, 0.952114, 0.305743, 0.0, -0.0, -0.305743, 0.952114, 0.4, 1.0, -0.0, -0.0, 0.0, 0.0, 0.0, 0.0, 1.0],
                [0.0, 0.952114, 0.305743, -0.0, 0.0, -0.305743, 0.952114, 0.4, 1.0, -0.0, -0.0, 0.0, 0.0, 0.0, 0.0, 1.0]
            ]
        },
        {
            "name": "Arm_R",
            "time": [0.0, 0.15, 0.3, 0.45, 0.6, 0.75],
            "transform": [
                [0.13395, -0.878842, 0.457925, 0.0, 0.918155, -0.063816, -0.391049, 0.393861, 0.372893, 0.472827, 0.798364, -0.0, 0.0, 0.0, 0.0, 1.0],
                [0.171337, -0.422007, 0.890255, -0.0, 0.927808, -0.234825, -0.289879, 0.393861, 0.331385, 0.875653, 0.351307, 0.0, 0.0, 0.0, 0.0, 1.0],
                [0.101421, -0.990572, 0.09209, -0.0, 0.917542, 0.057363, -0.39348, 0.393861, 0.384488, 0.124403, 0.914709, -0.0, 0.0, 0.0, 0.0, 1.0],
                [-0.071152, 0.002109, -0.997463, 0.0, 0.874076, 0.481903, -0.061331, 0.393861, 0.480551, -0.876222, -0.036132, -0.0, 0.0, 0.0, 0.0, 1.0],
                [0.055854, 0.12106, -0.991072, 0.0, 0.910915, 0.400238, 0.100226, 0.393861, 0.408798, -0.90838, -0.087921, -0.0, 0.0, 0.0, 0.0, 1.0],
                [0.055854, 0.12106, -0.991072, 0.0, 0.910915, 0.400238, 0.100226, 0.393861, 0.408798, -0.90838, -0.087921, -0.0, 0.0, 0.0, 0.0, 1.0]
            ]
        },
        {
            "name": "Hand_R",
            "time": [0.0, 0.15, 0.3, 0.45, 0.6, 0.75],
            "transform": [
                [1.0, 0.0, 0.0, 0.0, -0.0, 0.993937, 0.109947, 0.3, -0.0, -0.109947, 0.993937, -0.0, 0.0, 0.0, 0.0, 1.0],
                [1.0, 0.0, 0.0, -0.0, -0.0, 0.993938, 0.109947, 0.3, -0.0, -0.109947, 0.993938, -0.0, 0.0, 0.0, 0.0, 1.0],
                [0.998736, -0.047747, 0.015671, 0.0, 0.048727, 0.996381, -0.069653, 0.3, -0.012288, 0.070328, 0.997448, 0.0, 0.0, 0.0, 0.0, 1.0],
                [1.0, 0.0, 0.0, 0.0, 0.0, 0.978717, -0.205213, 0.3, -0.0, 0.205213, 0.978717, 0.0, 0.0, 0.0, 0.0, 1.0],
                [1.0, -0.0, 0.0, 0.0, 0.0, 0.985135, -0.171779, 0.3, -0.0, 0.171779, 0.985135, 0.0, 0.0, 0.0, 0.0, 1.0],
                [1.0, -0.0, 0.0, 0.0, 0.0, 0.985135, -0.171779, 0.3, -0.0, 0.171779, 0.985135, 0.0, 0.0, 0.0, 0.0, 1.0]
            ]
        },
        {
            "name": "Tool_R",
            "time": [0.0, 0.15, 0.3, 0.75],
            "transform": [
                [1.0, 0.0, 0.0, -0.0, 0.0, -0.999836, 0.018122, 0.272858, 0.0, -0.018122, -0.999244, 0.0, 0.0, 0.0, 0.0, 1.0],
                [1.0, 0.0, 0.0, -0.0, 0.0, -0.999836, 0.018122, 0.272858, 0.0, -0.018122, -0.999244, 0.0, 0.0, 0.0, 0.0, 1.0],
                [1.0, 0.0, 0.0, -0.0, 0.0, -0.999836, 0.018122, 0.272858, 0.0, -0.018122, -0.999244, -0.0, 0.0, 0.0, 0.0, 1.0],
                [1.0, 0.0, 0.0, -0.0, 0.0, -0.999836, 0.018122, 0.272858, 0.0, -0.018122, -0.999244, 0.0, 0.0, 0.0, 0.0, 1.0]
            ]
        },
        {
            "name": "Elbow_R",
            "time": [0.0, 0.75],
            "transform": [
                [-1.0, 0.0, -0.0, 0.0, 0.0, 0.0, -1.0, 0.3, -0.0, -1.0, 0.0, -0.0, 0.0, 0.0, 0.0, 1.0],
                [-1.0, 0.0, -0.0, 0.0, 0.0, -0.0, -1.0, 0.3, -0.0, -1.0, 0.0, 0.0, 0.0, 0.0, 0.0, 1.0]
            ]
        },
        {
            "name": "Shoulder_L",
            "time": [0.0, 0.15, 0.3, 0.45, 0.6, 0.75],
            "transform": [
                [0.088499, -0.949454, -0.301172, 0.0, -0.003901, -0.302687, 0.953082, 0.4, -0.996069, -0.083172, -0.030491, 0.0, 0.0, 0.0, 0.0, 1.0],
                [0.088499, -0.949454, -0.301172, -0.0, -0.003901, -0.302687, 0.953082, 0.4, -0.996069, -0.083172, -0.030491, 0.0, 0.0, 0.0, 0.0, 1.0],
                [0.088498, -0.949454, -0.301173, 0.0, -0.003899, -0.302687, 0.953082, 0.4, -0.996069, -0.083172, -0.030489, 0.0, 0.0, 0.0, 0.0, 1.0],
                [0.088498, -0.949454, -0.301173, -0.0, -0.003897, -0.302687, 0.953082, 0.4, -0.996069, -0.083172, -0.030487, 0.0, 0.0, 0.0, 0.0, 1.0],
                [0.088499, -0.949454, -0.301172, -0.0, -0.003901, -0.302687, 0.953082, 0.4, -0.996069, -0.083172, -0.030491, 0.0, 0.0, 0.0, 0.0, 1.0],
                [0.088499, -0.949454, -0.301172, -0.0, -0.003901, -0.302687, 0.953082, 0.4, -0.996069, -0.083172, -0.030491, 0.0, 0.0, 0.0, 0.0, 1.0]
            ]
        },
        {
            "name": "Arm_L",
            "time": [0.0, 0.15, 0.3, 0.45, 0.6, 0.75],
            "transform": [
                [0.138563, 0.839123, -0.525996, 0.0, -0.919476, -0.08831, -0.383099, 0.39386, -0.367918, 0.536724, 0.759318, 0.0, 0.0, 0.0, 0.0, 1.0],
                [0.169477, 0.422003, -0.890613, -0.0, -0.928456, -0.23471, -0.287892, 0.39386, -0.330527, 0.875685, 0.352033, 0.0, 0.0, 0.0, 0.0, 1.0],
                [0.100568, 0.99064, -0.092297, -0.0, -0.918158, 0.056675, -0.392141, 0.39386, -0.383239, 0.12418, 0.915263, -0.0, 0.0, 0.0, 0.0, 1.0],
                [-0.01173, 0.111409, 0.993705, 0.0, -0.877121, 0.476023, -0.063723, 0.39386, -0.480126, -0.872348, 0.092135, 0.0, 0.0, 0.0, 0.0, 1.0],
                [0.054484, -0.112768, 0.992126, 0.0, -0.897189, 0.430587, 0.098212, 0.39386, -0.438272, -0.895476, -0.077714, 0.0, 0.0, 0.0, 0.0, 1.0],
                [0.054484, -0.112768, 0.992126, 0.0, -0.897189, 0.430587, 0.098212, 0.39386, -0.438272, -0.895476, -0.077714, 0.0, 0.0, 0.0, 0.0, 1.0]
            ]
        },
        {
            "name": "Hand_L",
            "time": [0.0, 0.15, 0.3, 0.45, 0.6, 0.75],
            "transform": [
                [1.020763, 0.0, 0.0, 0.0, -0.0, 0.993937, 0.109947, 0.3, -0.0, -0.109947, 0.993937, -0.0, 0.0, 0.0, 0.0, 1.0],
                [1.020763, 0.0, 0.0, 0.0, -0.0, 0.993938, 0.109947, 0.3, -0.0, -0.109947, 0.993937, -0.0, 0.0, 0.0, 0.0, 1.0],
                [1.019503, 0.04725, -0.015308, 0.0, -0.049206, 0.996409, -0.069615, 0.3, 0.012212, 0.070267, 0.997456, -0.0, 0.0, 0.0, 0.0, 1.0],
                [1.020763, 0.0, 0.0, 0.0, -0.0, 0.978717, -0.205213, 0.3, -0.0, 0.205213, 0.978717, 0.0, 0.0, 0.0, 0.0, 1.0],
                [1.020763, 0.0, 0.0, -0.0, -0.0, 0.985135, -0.17178, 0.3, -0.0, 0.17178, 0.985135, 0.0, 0.0, 0.0, 0.0, 1.0],
                [1.020763, 0.0, 0.0, -0.0, -0.0, 0.985135, -0.17178, 0.3, -0.0, 0.17178, 0.985135, 0.0, 0.0, 0.0, 0.0, 1.0]
            ]
        },
        {
            "name": "Tool_L",
            "time": [0.0, 0.75],
            "transform": [
                [1.0, 0.0, 0.0, 0.0, 0.0, -0.999836, 0.018122, 0.272858, 0.0, -0.018122, -0.999248, 0.0, 0.0, 0.0, 0.0, 1.0],
                [1.0, 0.0, 0.0, 0.0, 0.0, -0.999836, 0.018122, 0.272858, 0.0, -0.018122, -0.999248, 0.0, 0.0, 0.0, 0.0, 1.0]
            ]
        },
        {
            "name": "Elbow_L",
            "time": [0.0, 0.75],
            "transform": [
                [-1.0, 0.0, -0.0, 0.0, 0.0, -0.0, -1.0, 0.3, -0.0, -1.0, -0.0, -0.0, 0.0, 0.0, 0.0, 1.0],
                [-1.0, 0.0, -0.0, -0.0, 0.0, -0.0, -1.0, 0.3, -0.0, -1.0, -0.0, 0.0, 0.0, 0.0, 0.0, 1.0]
            ]
        }
    ]
}