{
    "animation": [
        {
            "name": "Root",
            "time": [0.0, 0.05],
            "transform": [
                [0.854689, 0.0, -0.51914, -5e-06, -0.51914, 0.0, -0.854689, 0.000946, 0.0, 1.0, 0.0, 0.755725, 0.0, 0.0, 0.0, 1.0],
                [0.971771, 0.043741, -0.231838, -5e-06, -0.225091, -0.122504, -0.966606, 0.000946, -0.070682, 0.991504, -0.1092, 0.744826, 0.0, 0.0, 0.0, 1.0]
            ]
        },
        {
            "name": "Thigh_R",
            "time": [0.0, 0.05],
            "transform": [
                [0.995075, 0.080178, -0.058277, 0.124994, 0.079274, -0.996694, -0.017684, -0.002831, -0.059503, 0.012977, -0.998144, -1.2e-05, 0.0, 0.0, 0.0, 1.0],
                [0.974349, 0.150932, 0.166921, 0.124994, 0.154891, -0.98787, -0.010878, -0.002831, 0.163254, 0.036454, -0.985911, -1.2e-05, 0.0, 0.0, 0.0, 1.0]
            ]
        },
        {
            "name": "Leg_R",
            "time": [0.0, 0.05],
            "transform": [
                [1.0, -0.0, 1e-06, -0.0, 0.0, 0.987373, 0.158416, 0.37472, -1e-06, -0.158416, 0.987372, 0.0, 0.0, 0.0, 0.0, 1.0],
                [1.0, -0.0, 1e-06, 0.0, -0.0, 0.899404, 0.43712, 0.37472, -1e-06, -0.437121, 0.899402, 0.0, 0.0, 0.0, 0.0, 1.0]
            ]
        },
        {
            "name": "Knee_R",
            "time": [0.0, 0.05],
            "transform": [
                [1.0, 0.0, -0.0, -0.0, -0.0, 1e-06, -1.0, 0.37472, -0.0, 1.0, 1e-06, 0.0, 0.0, 0.0, 0.0, 1.0],
                [1.0, 0.0, -0.0, 0.0, -0.0, 1e-06, -1.0, 0.379297, -0.0, 1.0, 1e-06, 0.0, 0.0, 0.0, 0.0, 1.0]
            ]
        },
        {
            "name": "Thigh_L",
            "time": [0.0, 0.05],
            "transform": [
                [0.866589, -0.133702, -0.480778, -0.125006, -0.027838, -0.97489, 0.220935, -0.002831, -0.498245, -0.178075, -0.848552, -1.2e-05, 0.0, 0.0, 0.0, 1.0],
                [0.971075, -0.013902, -0.238369, -0.125006, 0.012181, -0.994118, 0.107599, -0.002831, -0.238463, -0.10739, -0.965196, -1.2e-05, 0.0, 0.0, 0.0, 1.0]
            ]
        },
        {
            "name": "Leg_L",
            "time": [0.0, 0.05],
            "transform": [
                [1.0, -0.0, 1e-06, -0.0, 0.0, 0.984973, 0.172708, 0.37472, -1e-06, -0.172708, 0.984973, -0.0, 0.0, 0.0, 0.0, 1.0],
                [1.0, -0.0, 1e-06, 0.0, 0.0, 0.973265, 0.229686, 0.37472, -1e-06, -0.229686, 0.973265, 0.0, 0.0, 0.0, 0.0, 1.0]
            ]
        },
        {
            "name": "Knee_L",
            "time": [0.0, 0.05],
            "transform": [
                [1.0, 0.0, -0.0, -0.0, -0.0, 1e-06, -1.0, 0.37472, -0.0, 1.0, 1e-06, -0.0, 0.0, 0.0, 0.0, 1.0],
                [1.0, 0.0, -0.0, 0.0, -0.0, 1e-06, -1.0, 0.37472, -0.0, 1.0, 1e-06, 0.0, 0.0, 0.0, 0.0, 1.0]
            ]
        },
        {
            "name": "Torso",
            "time": [0.0, 0.05],
            "transform": [
                [1.0, 0.0, 0.0, -0.0, 0.0, 1.0, 0.0, 0.05, 0.0, 0.0, 1.0, 0.0, 0.0, 0.0, 0.0, 1.0],
                [0.999991, 0.003863, 0.001758, -0.0, -0.003805, 0.999482, -0.031953, 0.05, -0.00188, 0.031946, 0.999488, -0.0, 0.0, 0.0, 0.0, 1.0]
            ]
        },
        {
            "name": "Chest",
            "time": [0.0, 0.05],
            "transform": [
                [0.726651, 0.0, 0.687006, -0.0, 0.0, 1.0, 0.0, 0.3, -0.687006, 0.0, 0.726651, -0.0, 0.0, 0.0, 0.0, 1.0],
                [0.672142, -0.153126, 0.724415, 0.0, -0.140275, 0.934328, 0.327649, 0.3, -0.727013, -0.321844, 0.606522, 0.0, 0.0, 0.0, 0.0, 1.0]
            ]
        },
        {
            "name": "Head",
            "time": [0.0, 0.05],
            "transform": [
                [0.988847, 0.004036, -0.148882, -0.0, -0.003449, 0.999985, 0.004203, 0.4, 0.148897, -0.003642, 0.988846, -0.0, 0.0, 0.0, 0.0, 1.0],
                [0.898146, -0.108805, -0.426022, 0.0, 0.030469, 0.981971, -0.186559, 0.4, 0.43864, 0.154577, 0.885269, 0.0, 0.0, 0.0, 0.0, 1.0]
            ]
        },
        {
            "name": "Shoulder_R",
            "time": [0.0, 0.05],
            "transform": [
                [-0.004295, 0.952105, 0.305741, -0.0, 0.0, -0.305743, 0.952114, 0.4, 0.999991, 0.00409, 0.001313, -0.0, 0.0, 0.0, 0.0, 1.0],
                [-0.004295, 0.952105, 0.30574, 0.0, 0.0, -0.305743, 0.952114, 0.4, 0.999991, 0.00409, 0.001313, 0.0, 0.0, 0.0, 0.0, 1.0]
            ]
        },
        {
            "name": "Arm_R",
            "time": [0.0, 0.05],
            "transform": [
                [-0.622579, -0.782552, 0.002823, 0.0, -0.03688, 0.025737, -0.998988, 0.39386, 0.781687, -0.622054, -0.044884, 0.0, 0.0, 0.0, 0.0, 1.0],
                [-0.556257, -0.830617, 0.025575, -0.0, -0.27139, 0.152488, -0.950313, 0.39386, 0.785446, -0.535558, -0.310244, -0.0, 0.0, 0.0, 0.0, 1.0]
            ]
        },
        {
            "name": "Hand_R",
            "time": [0.0, 0.05],
            "transform": [
                [0.750276, 0.159066, -0.641704, 0.0, -0.608187, 0.546635, -0.575586, 0.3, 0.259221, 0.822124, 0.506869, -0.0, 0.0, 0.0, 0.0, 1.0],
                [0.750276, 0.159066, -0.641704, -0.0, -0.608187, 0.546635, -0.575586, 0.3, 0.259221, 0.822124, 0.506869, -0.0, 0.0, 0.0, 0.0, 1.0]
            ]
        },
        {
            "name": "Tool_R",
            "time": [0.0, 0.05],
            "transform": [
                [0.027629, 0.125464, -0.991714, -0.0, 0.144714, -0.982143, -0.120222, 0.272858, -0.988501, -0.140121, -0.045266, 0.0, 0.0, 0.0, 0.0, 1.0],
                [0.027628, 0.125464, -0.991714, -0.0, 0.144714, -0.982143, -0.120222, 0.272858, -0.988501, -0.140121, -0.045266, -0.0, 0.0, 0.0, 0.0, 1.0]
            ]
        },
        {
            "name": "Elbow_R",
            "time": [0.0, 0.05],
            "transform": [
                [-1.0, 0.0, -0.0, 0.0, 0.0, -0.0, -1.0, 0.3, -0.0, -1.0, 0.0, -0.0, 0.0, 0.0, 0.0, 1.0],
                [-1.0, 0.0, -0.0, -0.0, 0.0, 0.0, -1.0, 0.3, -0.0, -1.0, 0.0, -0.0, 0.0, 0.0, 0.0, 1.0]
            ]
        },
        {
            "name": "Shoulder_L",
            "time": [0.0, 0.05],
            "transform": [
                [0.088499, -0.949454, -0.301172, -0.0, -0.003901, -0.302687, 0.953082, 0.4, -0.996069, -0.083172, -0.030491, -0.0, 0.0, 0.0, 0.0, 1.0],
                [0.088499, -0.949454, -0.301172, 0.0, -0.003901, -0.302687, 0.953082, 0.4, -0.996069, -0.083172, -0.030491, 0.0, 0.0, 0.0, 0.0, 1.0]
            ]
        },
        {
            "name": "Arm_L",
            "time": [0.0, 0.05],
            "transform": [
                [0.103653, -0.565684, 0.818082, -0.0, -0.911798, 0.274544, 0.305368, 0.39386, -0.397341, -0.777578, -0.487332, -0.0, 0.0, 0.0, 0.0, 1.0],
                [0.103653, -0.565684, 0.818082, 0.0, -0.911798, 0.274544, 0.305368, 0.39386, -0.397341, -0.777578, -0.487332, 0.0, 0.0, 0.0, 0.0, 1.0]
            ]
        },
        {
            "name": "Hand_L",
            "time": [0.0, 0.05],
            "transform": [
                [1.0, 0.0, 0.0, -0.0, -0.0, 0.915715, -0.401828, 0.3, 0.0, 0.401828, 0.915715, -0.0, 0.0, 0.0, 0.0, 1.0],
                [1.0, -0.0, 0.0, -0.0, 0.0, 0.915715, -0.401828, 0.3, -0.0, 0.401828, 0.915715, 0.0, 0.0, 0.0, 0.0, 1.0]
            ]
        },
        {
            "name": "Tool_L",
            "time": [0.0, 0.05],
            "transform": [
                [1.0, 0.0, 0.0, 0.0, 0.0, -0.999836, 0.018122, 0.272858, 0.0, -0.018122, -0.999248, -0.0, 0.0, 0.0, 0.0, 1.0],
                [1.0, 0.0, 0.0, 0.0, 0.0, -0.999836, 0.018122, 0.272858, 0.0, -0.018122, -0.999248, -0.0, 0.0, 0.0, 0.0, 1.0]
            ]
        },
        {
            "name": "Elbow_L",
            "time": [0.0, 0.05],
            "transform": [
                [-1.0, 0.0, -0.0, -0.0, 0.0, -0.0, -1.0, 0.349075, -0.0, -1.0, -0.0, -0.0, 0.0, 0.0, 0.0, 1.0],
                [-1.0, 0.0, -0.0, -0.0, 0.0, -0.0, -1.0, 0.349075, -0.0, -1.0, 0.0, 0.0, 0.0, 0.0, 0.0, 1.0]
            ]
        }
    ]
}