{
    "animation": [
        {
            "name": "Root",
            "time": [0.0, 0.05],
            "transform": [
                [0.951031, 0.0, -0.309097, -5e-06, -0.309097, 0.0, -0.951031, 0.000946, 0.0, 1.0, 0.0, 0.747478, 0.0, 0.0, 0.0, 1.0],
                [1.0, 0.0, 0.0, -5e-06, 0.0, 0.0, -1.0, 0.000946, 0.0, 1.0, 0.0, 0.736309, 0.0, 0.0, 0.0, 1.0]
            ]
        },
        {
            "name": "Thigh_R",
            "time": [0.0, 0.05],
            "transform": [
                [0.985954, 0.106047, 0.129026, 0.124512, 0.067547, -0.959737, 0.272654, -0.002831, 0.152746, -0.260109, -0.953421, 0.007123, 0.0, 0.0, 0.0, 1.0],
                [0.906033, 0.189189, 0.378564, 0.12386, 0.041162, -0.929667, 0.366092, -0.002831, 0.4212, -0.316108, -0.850097, 0.016786, 0.0, 0.0, 0.0, 1.0]
            ]
        },
        {
            "name": "Leg_R",
            "time": [0.0, 0.05],
            "transform": [
                [1.0, -0.0, 1e-06, -0.0, -0.0, 0.942431, 0.334402, 0.37472, -1e-06, -0.334402, 0.94243, 0.0, 0.0, 0.0, 0.0, 1.0],
                [1.0, -0.0, 1e-06, 0.0, -0.0, 0.90083, 0.434174, 0.37472, -1e-06, -0.434174, 0.900828, -0.0, 0.0, 0.0, 0.0, 1.0]
            ]
        },
        {
            "name": "Knee_R",
            "time": [0.0, 0.05],
            "transform": [
                [1.0, 0.0, -0.0, -0.0, -0.0, 1e-06, -1.0, 0.37472, -0.0, 1.0, 1e-06, 0.0, 0.0, 0.0, 0.0, 1.0],
                [1.0, 0.0, -0.0, 0.0, -0.0, 1e-06, -1.0, 0.37472, -0.0, 1.0, 1e-06, -0.0, 0.0, 0.0, 0.0, 1.0]
            ]
        },
        {
            "name": "Thigh_L",
            "time": [0.0, 0.05],
            "transform": [
                [0.96587, -0.095638, -0.240721, -0.124524, -0.023266, -0.957615, 0.287106, -0.002831, -0.257977, -0.271706, -0.927159, -0.007147, 0.0, 0.0, 0.0, 1.0],
                [0.994699, -0.007541, 0.102552, -0.123872, -0.045376, -0.927141, 0.371952, -0.002831, 0.092275, -0.374633, -0.92257, -0.01681, 0.0, 0.0, 0.0, 1.0]
            ]
        },
        {
            "name": "Leg_L",
            "time": [0.0, 0.05],
            "transform": [
                [1.0, -0.0, 1e-06, -0.0, 0.0, 0.966892, 0.255184, 0.37472, -1e-06, -0.255184, 0.966893, -0.0, 0.0, 0.0, 0.0, 1.0],
                [1.0, -0.0, 1e-06, -0.0, -0.0, 0.931438, 0.363898, 0.37472, -1e-06, -0.363898, 0.931439, -0.0, 0.0, 0.0, 0.0, 1.0]
            ]
        },
        {
            "name": "Knee_L",
            "time": [0.0, 0.05],
            "transform": [
                [1.0, 0.0, -0.0, -0.0, -0.0, 1e-06, -1.0, 0.37472, -0.0, 1.0, 1e-06, -0.0, 0.0, 0.0, 0.0, 1.0],
                [1.0, 0.0, -0.0, -0.0, -0.0, 1e-06, -1.0, 0.37472, -0.0, 1.0, 1e-06, -0.0, 0.0, 0.0, 0.0, 1.0]
            ]
        },
        {
            "name": "Torso",
            "time": [0.0, 0.05],
            "transform": [
                [0.998042, -0.014702, -0.060792, 0.0, 0.01593, 0.999678, 0.01977, 0.05, 0.060482, -0.020699, 0.997955, -0.0, 0.0, 0.0, 0.0, 1.0],
                [0.989783, -0.006051, -0.142455, 0.0, 0.00921, 0.999726, 0.021521, 0.05, 0.142285, -0.022613, 0.989567, 0.0, 0.0, 0.0, 0.0, 1.0]
            ]
        },
        {
            "name": "Chest",
            "time": [0.0, 0.05],
            "transform": [
                [0.996399, 0.008574, -0.084352, 0.0, 0.009891, 0.976326, 0.216078, 0.3, 0.084208, -0.216134, 0.972726, -0.0, 0.0, 0.0, 0.0, 1.0],
                [0.979984, 0.074276, -0.184701, -0.0, 0.021278, 0.883393, 0.468149, 0.3, 0.197936, -0.462708, 0.864131, 0.0, 0.0, 0.0, 0.0, 1.0]
            ]
        },
        {
            "name": "Head",
            "time": [0.0, 0.05],
            "transform": [
                [0.930411, -0.039302, 0.364405, -0.0, 0.002466, 0.994883, 0.101004, 0.4, -0.36651, -0.093077, 0.925747, -0.0, 0.0, 0.0, 0.0, 1.0],
                [0.98763, -0.100266, 0.120559, 0.0, 0.058505, 0.948953, 0.309945, 0.4, -0.145482, -0.299058, 0.94308, -0.0, 0.0, 0.0, 0.0, 1.0]
            ]
        },
        {
            "name": "Shoulder_R",
            "time": [0.0, 0.05],
            "transform": [
                [0.0, 0.952114, 0.305743, -0.0, -0.0, -0.305743, 0.952114, 0.4, 1.0, -0.0, -0.0, -0.0, 0.0, 0.0, 0.0, 1.0],
                [0.0, 0.952114, 0.305743, 0.0, 0.0, -0.305743, 0.952114, 0.4, 1.0, -0.0, -0.0, -0.0, 0.0, 0.0, 0.0, 1.0]
            ]
        },
        {
            "name": "Arm_R",
            "time": [0.0, 0.05],
            "transform": [
                [0.013737, -0.086944, -0.996118, -0.0, 0.940422, 0.339601, -0.016672, 0.39386, 0.339732, -0.936543, 0.086429, 0.0, 0.0, 0.0, 0.0, 1.0],
                [0.006829, -0.221548, -0.975125, -0.0, 0.931334, 0.356473, -0.074468, 0.39386, 0.364104, -0.907659, 0.208769, -0.0, 0.0, 0.0, 0.0, 1.0]
            ]
        },
        {
            "name": "Hand_R",
            "time": [0.0, 0.05],
            "transform": [
                [0.999976, 0.002708, 0.006398, 0.0, -0.000895, 0.96343, -0.267958, 0.3, -0.006889, 0.267946, 0.963409, 0.0, 0.0, 0.0, 0.0, 1.0],
                [0.999962, 0.004902, 0.007139, 0.0, 0.000164, 0.813495, -0.581572, 0.3, -0.008658, 0.581552, 0.813464, 0.0, 0.0, 0.0, 0.0, 1.0]
            ]
        },
        {
            "name": "Tool_R",
            "time": [0.0, 0.05],
            "transform": [
                [1.0, 0.0, 0.0, -0.0, 0.0, -0.999836, 0.018122, 0.272858, 0.0, -0.018122, -0.999244, -0.0, 0.0, 0.0, 0.0, 1.0],
                [1.0, 0.0, 0.0, -0.0, 0.0, -0.999836, 0.018122, 0.272858, 0.0, -0.018122, -0.999244, 0.0, 0.0, 0.0, 0.0, 1.0]
            ]
        },
        {
            "name": "Elbow_R",
            "time": [0.0, 0.05],
            "transform": [
                [-1.0, 0.0, -0.0, 0.0, 0.0, -0.0, -1.0, 0.349546, -0.0, -1.0, 0.0, 0.0, 0.0, 0.0, 0.0, 1.0],
                [-1.0, 0.0, -0.0, -0.0, 0.0, -0.0, -1.0, 0.373584, -0.0, -1.0, 0.0, 0.0, 0.0, 0.0, 0.0, 1.0]
            ]
        },
        {
            "name": "Shoulder_L",
            "time": [0.0, 0.05],
            "transform": [
                [0.050956, -0.951486, -0.303444, -0.0, -0.00221, -0.303946, 0.952687, 0.4, -0.998698, -0.047874, -0.017591, -0.0, 0.0, 0.0, 0.0, 1.0],
                [-0.0, -0.952114, -0.305743, 0.0, 0.0, -0.305743, 0.952114, 0.4, -1.0, 0.0, 0.0, -0.0, 0.0, 0.0, 0.0, 1.0]
            ]
        },
        {
            "name": "Arm_L",
            "time": [0.0, 0.05],
            "transform": [
                [0.101984, 0.30753, 0.946057, -0.0, -0.923762, 0.382173, -0.024651, 0.39386, -0.369138, -0.871418, 0.32306, 0.0, 0.0, 0.0, 0.0, 1.0],
                [0.027037, 0.670345, 0.741557, 0.0, -0.919287, 0.308065, -0.244965, 0.39386, -0.392658, -0.675081, 0.624568, -0.0, 0.0, 0.0, 0.0, 1.0]
            ]
        },
        {
            "name": "Hand_L",
            "time": [0.0, 0.05],
            "transform": [
                [1.020441, -0.024327, 0.006116, 0.0, 0.025335, 0.924097, -0.381352, 0.3, 0.003701, 0.381383, 0.92441, -0.0, 0.0, 0.0, 0.0, 1.0],
                [1.020733, -0.005698, 0.005116, -0.0, 0.007644, 0.58808, -0.808769, 0.3, 0.001633, 0.808783, 0.588105, 0.0, 0.0, 0.0, 0.0, 1.0]
            ]
        },
        {
            "name": "Tool_L",
            "time": [0.0, 0.05],
            "transform": [
                [1.0, 0.0, 0.0, -0.0, 0.0, -0.999836, 0.018122, 0.272858, 0.0, -0.018122, -0.999248, 0.0, 0.0, 0.0, 0.0, 1.0],
                [1.0, -0.0, 0.0, 0.0, 0.0, -0.999836, 0.018122, 0.272858, 0.0, -0.018122, -0.999248, 0.0, 0.0, 0.0, 0.0, 1.0]
            ]
        },
        {
            "name": "Elbow_L",
            "time": [0.0, 0.05],
            "transform": [
                [-1.0, 0.0, -0.0, 0.0, 0.0, -0.0, -1.0, 0.353961, -0.0, -1.0, -0.0, 0.0, 0.0, 0.0, 0.0, 1.0],
                [-1.0, 0.0, -0.0, 0.0, 0.0, -0.0, -1.0, 0.396149, -0.0, -1.0, -0.0, 0.0, 0.0, 0.0, 0.0, 1.0]
            ]
        }
    ]
}