{
    "animation": [
        {
            "name": "Root",
            "time": [0.0, 0.0833, 0.5833],
            "transform": [
                [0.993918, 0.014697, -0.109138, -5e-06, -0.108582, -0.034465, -0.99349, 0.090628, -0.018363, 0.999298, -0.032659, 0.697578, 0.0, 0.0, 0.0, 1.0],
                [0.767051, 0.0, 0.641586, -5e-06, 0.641586, 0.0, -0.767051, 0.127687, 0.0, 1.0, 0.0, 0.670956, 0.0, 0.0, 0.0, 1.0],
                [0.767051, 0.0, 0.641586, -5e-06, 0.641586, 0.0, -0.767051, 0.127687, 0.0, 1.0, 0.0, 0.670956, 0.0, 0.0, 0.0, 1.0]
            ]
        },
        {
            "name": "Thigh_R",
            "time": [0.0, 0.0833, 0.5833],
            "transform": [
                [0.92806, 0.113602, 0.354682, 0.124994, 0.26852, -0.864019, -0.425869, -0.002831, 0.258072, 0.490471, -0.832368, -1.2e-05, 0.0, 0.0, 0.0, 1.0],
                [0.658742, -0.324525, 0.67878, 0.124994, 0.195141, -0.797617, -0.570722, -0.002831, 0.726621, 0.508416, -0.462097, -1.2e-05, 0.0, 0.0, 0.0, 1.0],
                [0.658742, -0.324525, 0.67878, 0.124994, 0.195141, -0.797617, -0.570722, -0.002831, 0.726621, 0.508416, -0.462097, -1.2e-05, 0.0, 0.0, 0.0, 1.0]
            ]
        },
        {
            "name": "Leg_R",
            "time": [0.0, 0.0833, 0.5833],
            "transform": [
                [1.0, 0.0, 1e-06, 0.0, -0.0, 0.999955, 0.009661, 0.37472, -1e-06, -0.009661, 0.999951, -0.0, 0.0, 0.0, 0.0, 1.0],
                [1.0, 0.0, 1e-06, -0.0, -0.0, 0.999946, 0.010597, 0.37472, -1e-06, -0.010597, 0.999942, 0.0, 0.0, 0.0, 0.0, 1.0],
                [1.0, 0.0, 1e-06, -0.0, -0.0, 0.999946, 0.010597, 0.37472, -1e-06, -0.010597, 0.999942, 0.0, 0.0, 0.0, 0.0, 1.0]
            ]
        },
        {
            "name": "Knee_R",
            "time": [0.0, 0.5833],
            "transform": [
                [1.0, 0.0, -0.0, 0.0, -0.0, 1e-06, -1.0, 0.37472, -0.0, 1.0, 1e-06, -0.0, 0.0, 0.0, 0.0, 1.0],
                [1.0, 0.0, -0.0, -0.0, -0.0, 1e-06, -1.0, 0.37472, -0.0, 1.0, 1e-06, 0.0, 0.0, 0.0, 0.0, 1.0]
            ]
        },
        {
            "name": "Thigh_L",
            "time": [0.0, 0.0833, 0.5833],
            "transform": [
                [0.986712, -0.06359, -0.149513, -0.125006, 0.026783, -0.843977, 0.53571, -0.002831, -0.160251, -0.532596, -0.83106, -1.2e-05, 0.0, 0.0, 0.0, 1.0],
                [0.77491, 0.395671, 0.492907, -0.125006, -0.039539, -0.747958, 0.662567, -0.002831, 0.630832, -0.53292, -0.563956, -1.2e-05, 0.0, 0.0, 0.0, 1.0],
                [0.77491, 0.395671, 0.492907, -0.125006, -0.039539, -0.747958, 0.662567, -0.002831, 0.630832, -0.53292, -0.563956, -1.2e-05, 0.0, 0.0, 0.0, 1.0]
            ]
        },
        {
            "name": "Leg_L",
            "time": [0.0, 0.0833, 0.5833],
            "transform": [
                [1.0, -1e-06, 1e-06, 0.0, -0.0, 0.806849, 0.590758, 0.37472, -1e-06, -0.590756, 0.80685, -0.0, 0.0, 0.0, 0.0, 1.0],
                [1.0, -0.0, 1e-06, 0.0, -0.0, 0.738957, 0.673752, 0.37472, -1e-06, -0.673751, 0.738959, 0.0, 0.0, 0.0, 0.0, 1.0],
                [1.0, -0.0, 1e-06, 0.0, -0.0, 0.738957, 0.673752, 0.37472, -1e-06, -0.673751, 0.738959, 0.0, 0.0, 0.0, 0.0, 1.0]
            ]
        },
        {
            "name": "Knee_L",
            "time": [0.0, 0.0833, 0.5833],
            "transform": [
                [1.0, 0.0, -0.0, 0.0, -0.0, 1e-06, -1.0, 0.396082, -0.0, 1.0, 1e-06, -0.0, 0.0, 0.0, 0.0, 1.0],
                [1.0, 0.0, -0.0, 0.0, -0.0, 1e-06, -1.0, 0.399248, -0.0, 1.0, 1e-06, 0.0, 0.0, 0.0, 0.0, 1.0],
                [1.0, 0.0, -0.0, 0.0, -0.0, 1e-06, -1.0, 0.399248, -0.0, 1.0, 1e-06, 0.0, 0.0, 0.0, 0.0, 1.0]
            ]
        },
        {
            "name": "Torso",
            "time": [0.0, 0.0833, 0.5833],
            "transform": [
                [1.0, -0.0, -0.0, 0.0, 0.0, 1.0, 0.0, 0.05, 0.0, 0.0, 1.0, -0.0, 0.0, 0.0, 0.0, 1.0],
                [0.976366, 0.214269, 0.028256, -0.0, -0.214269, 0.942584, 0.256171, 0.05, 0.028256, -0.256171, 0.966219, 0.0, 0.0, 0.0, 0.0, 1.0],
                [0.976366, 0.214269, 0.028256, -0.0, -0.214269, 0.942584, 0.256171, 0.05, 0.028256, -0.256171, 0.966219, 0.0, 0.0, 0.0, 0.0, 1.0]
            ]
        },
        {
            "name": "Chest",
            "time": [0.0, 0.0833, 0.5833],
            "transform": [
                [1.0, -0.0, -0.0, -0.0, 0.0, 1.0, 0.0, 0.3, 0.0, 0.0, 1.0, -0.0, 0.0, 0.0, 0.0, 1.0],
                [0.989299, 0.14534, 0.012794, -0.0, -0.14534, 0.974004, 0.173762, 0.3, 0.012794, -0.173762, 0.984705, 0.0, 0.0, 0.0, 0.0, 1.0],
                [0.989299, 0.14534, 0.012794, -0.0, -0.14534, 0.974004, 0.173762, 0.3, 0.012794, -0.173762, 0.984705, 0.0, 0.0, 0.0, 0.0, 1.0]
            ]
        },
        {
            "name": "Head",
            "time": [0.0, 0.0833, 0.5833],
            "transform": [
                [0.995076, -0.013941, 0.098131, -0.0, 0.013865, 0.999903, 0.001451, 0.4, -0.098142, -8.3e-05, 0.995172, -0.0, 0.0, 0.0, 0.0, 1.0],
                [0.766974, -0.339094, -0.544762, -0.0, -0.003013, 0.847052, -0.531501, 0.4, 0.641671, 0.409289, 0.648645, 0.0, 0.0, 0.0, 0.0, 1.0],
                [0.766974, -0.339094, -0.544762, -0.0, -0.003013, 0.847052, -0.531501, 0.4, 0.641671, 0.409289, 0.648645, 0.0, 0.0, 0.0, 0.0, 1.0]
            ]
        },
        {
            "name": "Shoulder_R",
            "time": [0.0, 0.0833, 0.5833],
            "transform": [
                [0.089555, 0.949274, 0.301428, -0.0, -0.003658, -0.302329, 0.953197, 0.4, 0.995975, -0.086466, -0.023602, -0.0, 0.0, 0.0, 0.0, 1.0],
                [0.089555, 0.949274, 0.301428, -0.0, -0.003656, -0.302328, 0.953197, 0.4, 0.995975, -0.086466, -0.023605, 0.0, 0.0, 0.0, 0.0, 1.0],
                [0.089555, 0.949274, 0.301428, -0.0, -0.003656, -0.302328, 0.953197, 0.4, 0.995975, -0.086466, -0.023605, 0.0, 0.0, 0.0, 0.0, 1.0]
            ]
        },
        {
            "name": "Arm_R",
            "time": [0.0, 0.0833, 0.5833],
            "transform": [
                [0.028794, -0.249275, 0.968005, -0.0, 0.962357, -0.254918, -0.094271, 0.39386, 0.270261, 0.934281, 0.232551, 0.0, 0.0, 0.0, 0.0, 1.0],
                [0.508332, -0.83734, 0.20115, 0.0, 0.78064, 0.349434, -0.518167, 0.39386, 0.363593, 0.420427, 0.831289, -0.0, 0.0, 0.0, 0.0, 1.0],
                [0.508332, -0.83734, 0.20115, 0.0, 0.78064, 0.349434, -0.518167, 0.39386, 0.363593, 0.420427, 0.831289, -0.0, 0.0, 0.0, 0.0, 1.0]
            ]
        },
        {
            "name": "Hand_R",
            "time": [0.0, 0.0833, 0.5833],
            "transform": [
                [0.999979, -0.001147, 0.006378, 0.0, 0.004042, 0.879696, -0.47552, 0.3, -0.005066, 0.475536, 0.879682, 0.0, 0.0, 0.0, 0.0, 1.0],
                [1.0, 0.0, 0.0, 0.0, -0.0, 0.993938, 0.109947, 0.3, -0.0, -0.109947, 0.993937, 0.0, 0.0, 0.0, 0.0, 1.0],
                [1.0, 0.0, 0.0, 0.0, -0.0, 0.993938, 0.109947, 0.3, -0.0, -0.109947, 0.993937, 0.0, 0.0, 0.0, 0.0, 1.0]
            ]
        },
        {
            "name": "Tool_R",
            "time": [0.0, 0.0833, 0.5833],
            "transform": [
                [0.721354, 0.047112, -0.690962, 0.0, 0.084324, -0.996236, 0.020106, 0.272858, -0.687006, -0.072736, -0.722184, 0.0, 0.0, 0.0, 0.0, 1.0],
                [1.0, -0.0, 0.0, -0.0, 0.0, -0.999836, 0.018122, 0.272858, 0.0, -0.018122, -0.999244, 0.0, 0.0, 0.0, 0.0, 1.0],
                [1.0, -0.0, 0.0, -0.0, 0.0, -0.999836, 0.018122, 0.272858, 0.0, -0.018122, -0.999244, 0.0, 0.0, 0.0, 0.0, 1.0]
            ]
        },
        {
            "name": "Elbow_R",
            "time": [0.0, 0.0833, 0.5833],
            "transform": [
                [-1.0, 0.0, -0.0, 0.0, 0.0, -0.0, -1.0, 0.362001, -0.0, -1.0, 0.0, 0.0, 0.0, 0.0, 0.0, 1.0],
                [-1.0, 0.0, -0.0, 0.0, 0.0, -0.0, -1.0, 0.3, -0.0, -1.0, 0.0, 0.0, 0.0, 0.0, 0.0, 1.0],
                [-1.0, 0.0, -0.0, 0.0, 0.0, -0.0, -1.0, 0.3, -0.0, -1.0, 0.0, 0.0, 0.0, 0.0, 0.0, 1.0]
            ]
        },
        {
            "name": "Shoulder_L",
            "time": [0.0, 0.0833, 0.5833],
            "transform": [
                [0.088499, -0.949454, -0.301172, -0.0, -0.003902, -0.302687, 0.953082, 0.4, -0.996068, -0.083172, -0.030493, -0.0, 0.0, 0.0, 0.0, 1.0],
                [-0.078032, -0.936265, -0.342518, -0.0, -0.033798, -0.340884, 0.939498, 0.4, -0.996378, 0.084887, -0.005043, 0.0, 0.0, 0.0, 0.0, 1.0],
                [-0.078032, -0.936265, -0.342518, -0.0, -0.033798, -0.340884, 0.939498, 0.4, -0.996378, 0.084887, -0.005043, 0.0, 0.0, 0.0, 0.0, 1.0]
            ]
        },
        {
            "name": "Arm_L",
            "time": [0.0, 0.0833, 0.5833],
            "transform": [
                [-0.31497, -0.1175, 0.9418, 0.0, -0.426366, 0.90406, -0.0298, 0.39386, -0.847943, -0.410937, -0.334849, 0.0, 0.0, 0.0, 0.0, 1.0],
                [-0.448286, -0.780535, 0.435667, 0.0, -0.800858, 0.567198, 0.19213, 0.39386, -0.397073, -0.262778, -0.879364, 0.0, 0.0, 0.0, 0.0, 1.0],
                [-0.448286, -0.780535, 0.435667, 0.0, -0.800858, 0.567198, 0.19213, 0.39386, -0.397073, -0.262778, -0.879364, 0.0, 0.0, 0.0, 0.0, 1.0]
            ]
        },
        {
            "name": "Hand_L",
            "time": [0.0, 0.0833, 0.5833],
            "transform": [
                [1.020068, -0.036878, 0.000448, 0.0, 0.037635, 0.999235, 0.013035, 0.3, -0.000948, -0.01301, 0.999915, 0.0, 0.0, 0.0, 0.0, 1.0],
                [1.020068, -0.036878, 0.000448, -0.0, 0.037635, 0.999235, 0.013035, 0.3, -0.000948, -0.013009, 0.999915, 0.0, 0.0, 0.0, 0.0, 1.0],
                [1.020068, -0.036878, 0.000448, -0.0, 0.037635, 0.999235, 0.013035, 0.3, -0.000948, -0.013009, 0.999915, 0.0, 0.0, 0.0, 0.0, 1.0]
            ]
        },
        {
            "name": "Tool_L",
            "time": [0.0, 0.0833, 0.5833],
            "transform": [
                [1.0, -0.0, 0.0, -0.0, 0.0, -0.999836, 0.018122, 0.272858, 0.0, -0.018122, -0.999248, -0.0, 0.0, 0.0, 0.0, 1.0],
                [1.0, 0.0, 0.0, -0.0, 0.0, -0.999836, 0.018122, 0.272858, 0.0, -0.018122, -0.999248, -0.0, 0.0, 0.0, 0.0, 1.0],
                [1.0, 0.0, 0.0, -0.0, 0.0, -0.999836, 0.018122, 0.272858, 0.0, -0.018122, -0.999248, -0.0, 0.0, 0.0, 0.0, 1.0]
            ]
        },
        {
            "name": "Elbow_L",
            "time": [0.0, 0.0833, 0.5833],
            "transform": [
                [-1.0, 0.0, 0.0, -0.0, 0.0, -0.0, -1.0, 0.320781, -0.0, -1.0, -0.0, -0.0, 0.0, 0.0, 0.0, 1.0],
                [-1.0, 0.0, -0.0, -0.0, 0.0, -0.0, -1.0, 0.3, -0.0, -1.0, -0.0, 0.0, 0.0, 0.0, 0.0, 1.0],
                [-1.0, 0.0, -0.0, -0.0, 0.0, -0.0, -1.0, 0.3, -0.0, -1.0, -0.0, 0.0, 0.0, 0.0, 0.0, 1.0]
            ]
        }
    ]
}