{
    "animation": [
        {
            "name": "Root",
            "time": [0.0, 0.2833],
            "transform": [
                [1.0, 0.0, 0.0, -5e-06, 0.0, 1.0, 0.0, 0.000946, 0.0, -0.0, 1.0, 0.367881, 0.0, 0.0, 0.0, 1.0],
                [1.0, 0.0, 0.0, -5e-06, 0.0, 1.0, 0.0, 0.000946, 0.0, -0.0, 1.0, 0.367881, 0.0, 0.0, 0.0, 1.0]
            ]
        },
        {
            "name": "Thigh_R",
            "time": [0.0, 0.2833],
            "transform": [
                [1.0, -0.0, -0.0, 0.124994, 0.0, -0.999998, 1e-06, -0.002831, -0.0, -0.0, -1.0, -1.2e-05, 0.0, 0.0, 0.0, 1.0],
                [1.0, -0.0, -0.0, 0.124994, 0.0, -0.999998, 1e-06, -0.002831, -0.0, -0.0, -1.0, -1.2e-05, 0.0, 0.0, 0.0, 1.0]
            ]
        },
        {
            "name": "Leg_R",
            "time": [0.0, 0.2833],
            "transform": [
                [1.0, 0.0, 1e-06, 0.0, -0.0, 1.000002, 0.0, 0.37472, -1e-06, -0.0, 0.999998, 0.0, 0.0, 0.0, 0.0, 1.0],
                [1.0, 0.0, 1e-06, 0.0, -0.0, 1.000002, 0.0, 0.37472, -1e-06, -0.0, 0.999998, 0.0, 0.0, 0.0, 0.0, 1.0]
            ]
        },
        {
            "name": "Knee_R",
            "time": [0.0, 0.2833],
            "transform": [
                [1.0, 0.0, -0.0, 0.0, -0.0, 1e-06, -1.0, 0.37472, -0.0, 1.0, 1e-06, 0.0, 0.0, 0.0, 0.0, 1.0],
                [1.0, 0.0, -0.0, 0.0, -0.0, 1e-06, -1.0, 0.37472, -0.0, 1.0, 1e-06, 0.0, 0.0, 0.0, 0.0, 1.0]
            ]
        },
        {
            "name": "Thigh_L",
            "time": [0.0, 0.2833],
            "transform": [
                [0.999999, -0.0, -0.0, -0.125006, 0.0, -1.0, 1e-06, -0.002831, -0.0, -0.0, -1.0, -1.2e-05, 0.0, 0.0, 0.0, 1.0],
                [0.999999, -0.0, -0.0, -0.125006, 0.0, -1.0, 1e-06, -0.002831, -0.0, -0.0, -1.0, -1.2e-05, 0.0, 0.0, 0.0, 1.0]
            ]
        },
        {
            "name": "Leg_L",
            "time": [0.0, 0.2833],
            "transform": [
                [1.0, 0.0, 1e-06, -0.0, -0.0, 0.999999, 0.0, 0.37472, -1e-06, -0.0, 1.000001, 0.0, 0.0, 0.0, 0.0, 1.0],
                [1.0, 0.0, 1e-06, -0.0, -0.0, 0.999999, 0.0, 0.37472, -1e-06, -0.0, 1.000001, 0.0, 0.0, 0.0, 0.0, 1.0]
            ]
        },
        {
            "name": "Knee_L",
            "time": [0.0, 0.2833],
            "transform": [
                [1.0, 0.0, -0.0, -0.0, -0.0, 1e-06, -1.0, 0.37472, -0.0, 1.0, 1e-06, 0.0, 0.0, 0.0, 0.0, 1.0],
                [1.0, 0.0, -0.0, -0.0, -0.0, 1e-06, -1.0, 0.37472, -0.0, 1.0, 1e-06, 0.0, 0.0, 0.0, 0.0, 1.0]
            ]
        },
        {
            "name": "Torso",
            "time": [0.0, 0.2833],
            "transform": [
                [0.99978, -0.020971, -0.000197, 0.0, 0.020326, 0.971233, -0.23726, 0.05, 0.005167, 0.237204, 0.971446, 0.0, 0.0, 0.0, 0.0, 1.0],
                [0.99978, -0.020971, -0.000197, 0.0, 0.020326, 0.971233, -0.23726, 0.05, 0.005167, 0.237204, 0.971446, 0.0, 0.0, 0.0, 0.0, 1.0]
            ]
        },
        {
            "name": "Chest",
            "time": [0.0, 0.2833],
            "transform": [
                [0.782886, -0.063689, -0.618897, -0.0, -0.007315, 0.993736, -0.111516, 0.3, 0.622123, 0.091832, 0.777515, -0.0, 0.0, 0.0, 0.0, 1.0],
                [0.782886, -0.063689, -0.618897, -0.0, -0.007315, 0.993736, -0.111516, 0.3, 0.622123, 0.091832, 0.777515, -0.0, 0.0, 0.0, 0.0, 1.0]
            ]
        },
        {
            "name": "Head",
            "time": [0.0, 0.2833],
            "transform": [
                [0.753438, 0.634851, 0.171156, -0.0, -0.066751, 0.332814, -0.940627, 0.4, -0.654122, 0.69728, 0.293132, 0.0, 0.0, 0.0, 0.0, 1.0],
                [0.753438, 0.634851, 0.171156, -0.0, -0.066751, 0.332814, -0.940627, 0.4, -0.654122, 0.69728, 0.293132, 0.0, 0.0, 0.0, 0.0, 1.0]
            ]
        },
        {
            "name": "Shoulder_R",
            "time": [0.0, 0.2833],
            "transform": [
                [0.089555, 0.949274, 0.301428, -0.0, -0.003656, -0.302328, 0.953197, 0.4, 0.995975, -0.086466, -0.023605, 0.0, 0.0, 0.0, 0.0, 1.0],
                [0.089555, 0.949274, 0.301428, -0.0, -0.003656, -0.302328, 0.953197, 0.4, 0.995975, -0.086466, -0.023605, 0.0, 0.0, 0.0, 0.0, 1.0]
            ]
        },
        {
            "name": "Arm_R",
            "time": [0.0, 0.2833],
            "transform": [
                [0.603227, 0.115007, 0.789234, 0.0, -0.440158, 0.873216, 0.209177, 0.39386, -0.665115, -0.473569, 0.577369, 0.0, 0.0, 0.0, 0.0, 1.0],
                [0.603227, 0.115007, 0.789234, 0.0, -0.440158, 0.873216, 0.209177, 0.39386, -0.665115, -0.473569, 0.577369, 0.0, 0.0, 0.0, 0.0, 1.0]
            ]
        },
        {
            "name": "Hand_R",
            "time": [0.0, 0.2833],
            "transform": [
                [1.0, -7.1e-05, -0.000223, 0.0, -0.000167, 0.452378, -0.891827, 0.3, 0.000164, 0.891827, 0.452378, -0.0, 0.0, 0.0, 0.0, 1.0],
                [1.0, -7.1e-05, -0.000223, 0.0, -0.000167, 0.452378, -0.891827, 0.3, 0.000164, 0.891827, 0.452378, -0.0, 0.0, 0.0, 0.0, 1.0]
            ]
        },
        {
            "name": "Tool_R",
            "time": [0.0, 0.2833],
            "transform": [
                [0.041012, 0.043177, -0.998226, 0.0, 0.14626, -0.988564, -0.03675, 0.272858, -0.987809, -0.144418, -0.046831, -0.0, 0.0, 0.0, 0.0, 1.0],
                [0.041012, 0.043177, -0.998226, 0.0, 0.14626, -0.988564, -0.03675, 0.272858, -0.987809, -0.144418, -0.046831, -0.0, 0.0, 0.0, 0.0, 1.0]
            ]
        },
        {
            "name": "Elbow_R",
            "time": [0.0, 0.2833],
            "transform": [
                [-1.0, 0.0, 0.0, 0.0, -0.0, -0.0, -1.0, 0.408872, -0.0, -1.0, 0.0, -0.0, 0.0, 0.0, 0.0, 1.0],
                [-1.0, 0.0, 0.0, 0.0, -0.0, -0.0, -1.0, 0.408872, -0.0, -1.0, 0.0, -0.0, 0.0, 0.0, 0.0, 1.0]
            ]
        },
        {
            "name": "Shoulder_L",
            "time": [0.0, 0.2833],
            "transform": [
                [-0.329853, -0.940703, 0.079216, -0.0, -0.133716, 0.129623, 0.982506, 0.4, -0.934514, 0.31349, -0.168544, 0.0, 0.0, 0.0, 0.0, 1.0],
                [-0.329853, -0.940703, 0.079216, -0.0, -0.133716, 0.129623, 0.982506, 0.4, -0.934514, 0.31349, -0.168544, 0.0, 0.0, 0.0, 0.0, 1.0]
            ]
        },
        {
            "name": "Arm_L",
            "time": [0.0, 0.2833],
            "transform": [
                [0.917844, 0.196603, 0.344833, -0.0, 0.304576, 0.208278, -0.929438, 0.39386, -0.254551, 0.958106, 0.131286, 0.0, 0.0, 0.0, 0.0, 1.0],
                [0.917844, 0.196603, 0.344833, -0.0, 0.304576, 0.208278, -0.929438, 0.39386, -0.254551, 0.958106, 0.131286, 0.0, 0.0, 0.0, 0.0, 1.0]
            ]
        },
        {
            "name": "Hand_L",
            "time": [0.0, 0.2833],
            "transform": [
                [1.020762, -0.000964, -0.00039, 0.0, 0.000989, 0.999913, 0.013134, 0.3, 0.000385, -0.013134, 0.999914, 0.0, 0.0, 0.0, 0.0, 1.0],
                [1.020762, -0.000964, -0.00039, 0.0, 0.000989, 0.999913, 0.013134, 0.3, 0.000385, -0.013134, 0.999914, 0.0, 0.0, 0.0, 0.0, 1.0]
            ]
        },
        {
            "name": "Tool_L",
            "time": [0.0, 0.2833],
            "transform": [
                [1.0, 0.0, 0.0, -0.0, 0.0, -0.999836, 0.018122, 0.272858, 0.0, -0.018122, -0.999247, -0.0, 0.0, 0.0, 0.0, 1.0],
                [1.0, 0.0, 0.0, -0.0, 0.0, -0.999836, 0.018122, 0.272858, 0.0, -0.018122, -0.999247, -0.0, 0.0, 0.0, 0.0, 1.0]
            ]
        },
        {
            "name": "Elbow_L",
            "time": [0.0, 0.2833],
            "transform": [
                [-1.0, 0.0, -0.0, 0.0, 0.0, -0.0, -1.0, 0.3, -0.0, -1.0, -0.0, 0.0, 0.0, 0.0, 0.0, 1.0],
                [-1.0, 0.0, -0.0, 0.0, 0.0, -0.0, -1.0, 0.3, -0.0, -1.0, -0.0, 0.0, 0.0, 0.0, 0.0, 1.0]
            ]
        }
    ]
}