{
    "animation": [
        {
            "name": "Root",
            "time": [0.0, 0.5833],
            "transform": [
                [1.0, 0.0, 0.0, -5e-06, 0.0, 1.0, 0.0, 0.000946, 0.0, -0.0, 1.0, 0.367881, 0.0, 0.0, 0.0, 1.0],
                [1.0, 0.0, 0.0, -5e-06, 0.0, 1.0, 0.0, 0.000946, 0.0, -0.0, 1.0, 0.367881, 0.0, 0.0, 0.0, 1.0]
            ]
        },
        {
            "name": "Thigh_R",
            "time": [0.0, 0.5833],
            "transform": [
                [1.0, -0.0, -0.0, 0.124994, 0.0, -0.999998, 1e-06, -0.002831, -0.0, -0.0, -1.0, -1.2e-05, 0.0, 0.0, 0.0, 1.0],
                [1.0, -0.0, -0.0, 0.124994, 0.0, -0.999998, 1e-06, -0.002831, -0.0, -0.0, -1.0, -1.2e-05, 0.0, 0.0, 0.0, 1.0]
            ]
        },
        {
            "name": "Leg_R",
            "time": [0.0, 0.5833],
            "transform": [
                [1.0, 0.0, 1e-06, 0.0, -0.0, 1.000002, 0.0, 0.37472, -1e-06, -0.0, 0.999998, 0.0, 0.0, 0.0, 0.0, 1.0],
                [1.0, 0.0, 1e-06, 0.0, -0.0, 1.000002, 0.0, 0.37472, -1e-06, -0.0, 0.999998, 0.0, 0.0, 0.0, 0.0, 1.0]
            ]
        },
        {
            "name": "Knee_R",
            "time": [0.0, 0.5833],
            "transform": [
                [1.0, 0.0, -0.0, 0.0, -0.0, 1e-06, -1.0, 0.37472, -0.0, 1.0, 1e-06, 0.0, 0.0, 0.0, 0.0, 1.0],
                [1.0, 0.0, -0.0, 0.0, -0.0, 1e-06, -1.0, 0.37472, -0.0, 1.0, 1e-06, 0.0, 0.0, 0.0, 0.0, 1.0]
            ]
        },
        {
            "name": "Thigh_L",
            "time": [0.0, 0.5833],
            "transform": [
                [0.999999, -0.0, -0.0, -0.125006, 0.0, -1.0, 1e-06, -0.002831, -0.0, -0.0, -1.0, -1.2e-05, 0.0, 0.0, 0.0, 1.0],
                [0.999999, -0.0, -0.0, -0.125006, 0.0, -1.0, 1e-06, -0.002831, -0.0, -0.0, -1.0, -1.2e-05, 0.0, 0.0, 0.0, 1.0]
            ]
        },
        {
            "name": "Leg_L",
            "time": [0.0, 0.5833],
            "transform": [
                [1.0, 0.0, 1e-06, -0.0, -0.0, 0.999999, 0.0, 0.37472, -1e-06, -0.0, 1.000001, 0.0, 0.0, 0.0, 0.0, 1.0],
                [1.0, 0.0, 1e-06, -0.0, -0.0, 0.999999, 0.0, 0.37472, -1e-06, -0.0, 1.000001, 0.0, 0.0, 0.0, 0.0, 1.0]
            ]
        },
        {
            "name": "Knee_L",
            "time": [0.0, 0.5833],
            "transform": [
                [1.0, 0.0, -0.0, -0.0, -0.0, 1e-06, -1.0, 0.37472, -0.0, 1.0, 1e-06, 0.0, 0.0, 0.0, 0.0, 1.0],
                [1.0, 0.0, -0.0, -0.0, -0.0, 1e-06, -1.0, 0.37472, -0.0, 1.0, 1e-06, 0.0, 0.0, 0.0, 0.0, 1.0]
            ]
        },
        {
            "name": "Torso",
            "time": [0.0, 0.0833, 0.5833],
            "transform": [
                [0.99978, -0.020971, -0.000197, 0.0, 0.020822, 0.993699, -0.110131, 0.05, 0.002506, 0.110103, 0.993917, 0.0, 0.0, 0.0, 0.0, 1.0],
                [0.99978, -0.020971, -0.000197, 0.0, 0.020971, 0.999603, 0.018833, 0.05, -0.000198, -0.018833, 0.999823, 0.0, 0.0, 0.0, 0.0, 1.0],
                [0.99978, -0.020971, -0.000197, 0.0, 0.020971, 0.999603, 0.018833, 0.05, -0.000198, -0.018833, 0.999823, 0.0, 0.0, 0.0, 0.0, 1.0]
            ]
        },
        {
            "name": "Chest",
            "time": [0.0, 0.0833, 0.5833],
            "transform": [
                [0.943717, -0.035014, -0.328896, 0.0, -0.005199, 0.992688, -0.120598, 0.3, 0.330714, 0.115521, 0.936634, -0.0, 0.0, 0.0, 0.0, 1.0],
                [0.999996, -0.000148, -0.002697, 0.0, -0.000199, 0.991712, -0.12848, 0.3, 0.002693, 0.12848, 0.991708, 0.0, 0.0, 0.0, 0.0, 1.0],
                [0.999996, -0.000148, -0.002697, 0.0, -0.000199, 0.991712, -0.12848, 0.3, 0.002693, 0.12848, 0.991708, 0.0, 0.0, 0.0, 0.0, 1.0]
            ]
        },
        {
            "name": "Head",
            "time": [0.0, 0.0833, 0.5833],
            "transform": [
                [0.93971, 0.336811, 0.059192, 0.0, -0.022467, 0.233519, -0.972093, 0.4, -0.341234, 0.912155, 0.227007, -0.0, 0.0, 0.0, 0.0, 1.0],
                [0.999614, -0.018216, -0.020989, -0.0, -0.018608, 0.122225, -0.992328, 0.4, 0.020642, 0.992335, 0.121839, -0.0, 0.0, 0.0, 0.0, 1.0],
                [0.999614, -0.018216, -0.020989, -0.0, -0.018608, 0.122225, -0.992328, 0.4, 0.020642, 0.992335, 0.121839, -0.0, 0.0, 0.0, 0.0, 1.0]
            ]
        },
        {
            "name": "Shoulder_R",
            "time": [0.0, 0.5833],
            "transform": [
                [0.089555, 0.949274, 0.301428, 0.0, -0.003656, -0.302328, 0.953197, 0.4, 0.995975, -0.086466, -0.023605, -0.0, 0.0, 0.0, 0.0, 1.0],
                [0.089555, 0.949274, 0.301428, -0.0, -0.003656, -0.302328, 0.953197, 0.4, 0.995975, -0.086466, -0.023605, -0.0, 0.0, 0.0, 0.0, 1.0]
            ]
        },
        {
            "name": "Arm_R",
            "time": [0.0, 0.0833, 0.5833],
            "transform": [
                [-0.377085, 0.130327, 0.916963, 0.0, 0.926174, 0.056359, 0.372862, 0.39386, -0.003084, 0.989868, -0.141957, 0.0, 0.0, 0.0, 0.0, 1.0],
                [0.098844, -0.951141, 0.292508, -0.0, 0.94774, 0.000373, -0.319045, 0.39386, 0.303347, 0.308757, 0.901471, 0.0, 0.0, 0.0, 0.0, 1.0],
                [0.098844, -0.951141, 0.292508, 0.0, 0.94774, 0.000373, -0.319045, 0.393861, 0.303347, 0.308757, 0.901471, 0.0, 0.0, 0.0, 0.0, 1.0]
            ]
        },
        {
            "name": "Hand_R",
            "time": [0.0, 0.0833, 0.5833],
            "transform": [
                [1.0, -0.0, -0.000122, 0.0, -5.8e-05, 0.879685, -0.475558, 0.3, 0.000108, 0.475558, 0.879684, 0.0, 0.0, 0.0, 0.0, 1.0],
                [1.0, 0.0, 0.0, -0.0, -0.0, 0.993938, 0.109947, 0.3, -0.0, -0.109947, 0.993938, 0.0, 0.0, 0.0, 0.0, 1.0],
                [1.0, 0.0, 0.0, -0.0, -0.0, 0.993938, 0.109947, 0.3, -0.0, -0.109947, 0.993938, 0.0, 0.0, 0.0, 0.0, 1.0]
            ]
        },
        {
            "name": "Tool_R",
            "time": [0.0, 0.5833],
            "transform": [
                [1.0, 0.0, 0.0, 0.0, 0.0, -0.999836, 0.018122, 0.272858, 0.0, -0.018122, -0.999244, -0.0, 0.0, 0.0, 0.0, 1.0],
                [1.0, -0.0, 0.0, 0.0, -0.0, -0.999836, 0.018122, 0.272858, 0.0, -0.018122, -0.999244, 0.0, 0.0, 0.0, 0.0, 1.0]
            ]
        },
        {
            "name": "Elbow_R",
            "time": [0.0, 0.0833, 0.5833],
            "transform": [
                [-1.0, 0.0, -0.0, 0.0, 0.0, -0.0, -1.0, 0.354436, -0.0, -1.0, 0.0, 0.0, 0.0, 0.0, 0.0, 1.0],
                [-1.0, 0.0, -0.0, -0.0, 0.0, -0.0, -1.0, 0.3, -0.0, -1.0, 0.0, 0.0, 0.0, 0.0, 0.0, 1.0],
                [-1.0, 0.0, -0.0, -0.0, 0.0, -0.0, -1.0, 0.3, -0.0, -1.0, 0.0, 0.0, 0.0, 0.0, 0.0, 1.0]
            ]
        },
        {
            "name": "Shoulder_L",
            "time": [0.0, 0.0833, 0.5833],
            "transform": [
                [-0.199994, -0.971183, -0.129637, 0.0, -0.09946, -0.111504, 0.988774, 0.4, -0.974736, 0.210643, -0.074294, -0.0, 0.0, 0.0, 0.0, 1.0],
                [-0.078032, -0.936265, -0.342518, -0.0, -0.033798, -0.340884, 0.939498, 0.4, -0.996378, 0.084887, -0.005043, -0.0, 0.0, 0.0, 0.0, 1.0],
                [-0.078032, -0.936265, -0.342518, -0.0, -0.033798, -0.340884, 0.939498, 0.4, -0.996378, 0.084887, -0.005043, -0.0, 0.0, 0.0, 0.0, 1.0]
            ]
        },
        {
            "name": "Arm_L",
            "time": [0.0, 0.0833, 0.5833],
            "transform": [
                [-0.039816, 0.147534, 0.988255, -0.0, 0.176018, 0.974608, -0.138405, 0.39386, -0.983581, 0.16844, -0.064773, 0.0, 0.0, 0.0, 0.0, 1.0],
                [-0.448286, -0.780535, 0.435667, 0.0, -0.800858, 0.567198, 0.19213, 0.39386, -0.397073, -0.262778, -0.879364, -0.0, 0.0, 0.0, 0.0, 1.0],
                [-0.448286, -0.780535, 0.435667, 0.0, -0.800858, 0.567198, 0.19213, 0.39386, -0.397073, -0.262778, -0.879364, -0.0, 0.0, 0.0, 0.0, 1.0]
            ]
        },
        {
            "name": "Hand_L",
            "time": [0.0, 0.0833, 0.5833],
            "transform": [
                [1.02058, -0.018924, 2.9e-05, 0.0, 0.019315, 0.999735, 0.01308, 0.3, -0.000282, -0.013077, 0.999914, 0.0, 0.0, 0.0, 0.0, 1.0],
                [1.020068, -0.036878, 0.000448, 0.0, 0.037635, 0.999235, 0.013035, 0.3, -0.000948, -0.013009, 0.999915, -0.0, 0.0, 0.0, 0.0, 1.0],
                [1.020068, -0.036878, 0.000448, 0.0, 0.037635, 0.999235, 0.013035, 0.3, -0.000948, -0.013009, 0.999915, -0.0, 0.0, 0.0, 0.0, 1.0]
            ]
        },
        {
            "name": "Tool_L",
            "time": [0.0, 0.5833],
            "transform": [
                [1.0, 0.0, 0.0, -0.0, 0.0, -0.999836, 0.018122, 0.272858, 0.0, -0.018122, -0.999248, -0.0, 0.0, 0.0, 0.0, 1.0],
                [1.0, 0.0, 0.0, -0.0, 0.0, -0.999836, 0.018122, 0.272858, 0.0, -0.018122, -0.999247, -0.0, 0.0, 0.0, 0.0, 1.0]
            ]
        },
        {
            "name": "Elbow_L",
            "time": [0.0, 0.5833],
            "transform": [
                [-1.0, 0.0, -0.0, 0.0, 0.0, -0.0, -1.0, 0.3, -0.0, -1.0, -0.0, 0.0, 0.0, 0.0, 0.0, 1.0],
                [-1.0, 0.0, -0.0, 0.0, 0.0, -0.0, -1.0, 0.3, -0.0, -1.0, 0.0, -0.0, 0.0, 0.0, 0.0, 1.0]
            ]
        }
    ]
}