{
    "animation": [
        {
            "name": "Root",
            "time": [0.0, 0.0833, 0.5833],
            "transform": [
                [0.993918, 0.014697, -0.109138, -5e-06, -0.108582, -0.034465, -0.99349, 0.090628, -0.018363, 0.999298, -0.032659, 0.697578, 0.0, 0.0, 0.0, 1.0],
                [0.767051, 0.0, 0.641586, -5e-06, 0.641586, 0.0, -0.767051, 0.127687, 0.0, 1.0, 0.0, 0.670956, 0.0, 0.0, 0.0, 1.0],
                [0.767051, 0.0, 0.641586, -5e-06, 0.641586, 0.0, -0.767051, 0.127687, 0.0, 1.0, 0.0, 0.670956, 0.0, 0.0, 0.0, 1.0]
            ]
        },
        {
            "name": "Thigh_R",
            "time": [0.0, 0.0833, 0.5833],
            "transform": [
                [0.92806, 0.113602, 0.354682, 0.124994, 0.26852, -0.864019, -0.425869, -0.002831, 0.258072, 0.490471, -0.832368, -1.2e-05, 0.0, 0.0, 0.0, 1.0],
                [0.658742, -0.324525, 0.67878, 0.124994, 0.195141, -0.797617, -0.570722, -0.002831, 0.726621, 0.508416, -0.462097, -1.2e-05, 0.0, 0.0, 0.0, 1.0],
                [0.658742, -0.324525, 0.67878, 0.124994, 0.195141, -0.797617, -0.570722, -0.002831, 0.726621, 0.508416, -0.462097, -1.2e-05, 0.0, 0.0, 0.0, 1.0]
            ]
        },
        {
            "name": "Leg_R",
            "time": [0.0, 0.0833, 0.5833],
            "transform": [
                [1.0, 0.0, 1e-06, 0.0, -0.0, 0.999955, 0.009661, 0.37472, -1e-06, -0.009661, 0.999951, -0.0, 0.0, 0.0, 0.0, 1.0],
                [1.0, 0.0, 1e-06, -0.0, -0.0, 0.999946, 0.010597, 0.37472, -1e-06, -0.010597, 0.999942, 0.0, 0.0, 0.0, 0.0, 1.0],
                [1.0, 0.0, 1e-06, -0.0, -0.0, 0.999946, 0.010597, 0.37472, -1e-06, -0.010597, 0.999942, 0.0, 0.0, 0.0, 0.0, 1.0]
            ]
        },
        {
            "name": "Knee_R",
            "time": [0.0, 0.5833],
            "transform": [
                [1.0, 0.0, -0.0, 0.0, -0.0, 1e-06, -1.0, 0.37472, -0.0, 1.0, 1e-06, -0.0, 0.0, 0.0, 0.0, 1.0],
                [1.0, 0.0, -0.0, -0.0, -0.0, 1e-06, -1.0, 0.37472, -0.0, 1.0, 1e-06, 0.0, 0.0, 0.0, 0.0, 1.0]
            ]
        },
        {
            "name": "Thigh_L",
            "time": [0.0, 0.0833, 0.5833],
            "transform": [
                [0.986712, -0.06359, -0.149513, -0.125006, 0.026783, -0.843977, 0.53571, -0.002831, -0.160251, -0.532596, -0.83106, -1.2e-05, 0.0, 0.0, 0.0, 1.0],
                [0.77491, 0.395671, 0.492907, -0.125006, -0.039539, -0.747958, 0.662567, -0.002831, 0.630832, -0.53292, -0.563956, -1.2e-05, 0.0, 0.0, 0.0, 1.0],
                [0.77491, 0.395671, 0.492907, -0.125006, -0.039539, -0.747958, 0.662567, -0.002831, 0.630832, -0.53292, -0.563956, -1.2e-05, 0.0, 0.0, 0.0, 1.0]
            ]
        },
        {
            "name": "Leg_L",
            "time": [0.0, 0.0833, 0.5833],
            "transform": [
                [1.0, -1e-06, 1e-06, 0.0, -0.0, 0.806849, 0.590758, 0.37472, -1e-06, -0.590756, 0.80685, -0.0, 0.0, 0.0, 0.0, 1.0],
                [1.0, -0.0, 1e-06, 0.0, -0.0, 0.738957, 0.673752, 0.37472, -1e-06, -0.673751, 0.738959, 0.0, 0.0, 0.0, 0.0, 1.0],
                [1.0, -0.0, 1e-06, 0.0, -0.0, 0.738957, 0.673752, 0.37472, -1e-06, -0.673751, 0.738959, 0.0, 0.0, 0.0, 0.0, 1.0]
            ]
        },
        {
            "name": "Knee_L",
            "time": [0.0, 0.0833, 0.5833],
            "transform": [
                [1.0, 0.0, -0.0, 0.0, -0.0, 1e-06, -1.0, 0.396082, -0.0, 1.0, 1e-06, -0.0, 0.0, 0.0, 0.0, 1.0],
                [1.0, 0.0, -0.0, 0.0, -0.0, 1e-06, -1.0, 0.399248, -0.0, 1.0, 1e-06, 0.0, 0.0, 0.0, 0.0, 1.0],
                [1.0, 0.0, -0.0, 0.0, -0.0, 1e-06, -1.0, 0.399248, -0.0, 1.0, 1e-06, 0.0, 0.0, 0.0, 0.0, 1.0]
            ]
        },
        {
            "name": "Torso",
            "time": [0.0, 0.0833, 0.5833],
            "transform": [
                [0.998877, 0.044681, -0.015749, 0.0, -0.046475, 0.988667, -0.142746, 0.05, 0.009192, 0.143318, 0.989634, -0.0, 0.0, 0.0, 0.0, 1.0],
                [0.991276, -0.131388, 0.01043, -0.0, 0.131388, 0.978807, -0.157081, 0.05, 0.01043, 0.157081, 0.987531, 0.0, 0.0, 0.0, 0.0, 1.0],
                [0.991276, -0.131388, 0.01043, -0.0, 0.131388, 0.978807, -0.157081, 0.05, 0.01043, 0.157081, 0.987531, 0.0, 0.0, 0.0, 0.0, 1.0]
            ]
        },
        {
            "name": "Chest",
            "time": [0.0, 0.0833, 0.5833],
            "transform": [
                [0.997278, 0.072967, -0.010607, -0.0, -0.064846, 0.799472, -0.597193, 0.3, -0.035095, 0.596255, 0.802028, -0.0, 0.0, 0.0, 0.0, 1.0],
                [0.977211, -0.210515, 0.027246, -0.0, 0.210515, 0.944638, -0.251682, 0.3, 0.027245, 0.251682, 0.967426, 0.0, 0.0, 0.0, 0.0, 1.0],
                [0.977211, -0.210515, 0.027246, -0.0, 0.210515, 0.944638, -0.251682, 0.3, 0.027245, 0.251682, 0.967426, 0.0, 0.0, 0.0, 0.0, 1.0]
            ]
        },
        {
            "name": "Head",
            "time": [0.0, 0.0833, 0.5833],
            "transform": [
                [0.990465, -0.12208, 0.063833, 0.0, 0.036007, 0.676665, 0.73541, 0.4, -0.132972, -0.7261, 0.674609, 0.0, 0.0, 0.0, 0.0, 1.0],
                [0.765291, 0.331648, -0.551669, -0.0, -0.001264, 0.857822, 0.513945, 0.4, 0.643683, -0.392621, 0.656903, 0.0, 0.0, 0.0, 0.0, 1.0],
                [0.765291, 0.331648, -0.551669, -0.0, -0.001264, 0.857822, 0.513945, 0.4, 0.643683, -0.392621, 0.656903, 0.0, 0.0, 0.0, 0.0, 1.0]
            ]
        },
        {
            "name": "Shoulder_R",
            "time": [0.0, 0.0833, 0.5833],
            "transform": [
                [0.089555, 0.949274, 0.301428, 0.0, -0.003658, -0.302329, 0.953197, 0.4, 0.995975, -0.086466, -0.023602, 0.0, 0.0, 0.0, 0.0, 1.0],
                [0.089555, 0.949274, 0.301428, -0.0, -0.003656, -0.302328, 0.953197, 0.4, 0.995975, -0.086466, -0.023605, 0.0, 0.0, 0.0, 0.0, 1.0],
                [0.089555, 0.949274, 0.301428, -0.0, -0.003656, -0.302328, 0.953197, 0.4, 0.995975, -0.086466, -0.023605, 0.0, 0.0, 0.0, 0.0, 1.0]
            ]
        },
        {
            "name": "Arm_R",
            "time": [0.0, 0.0833, 0.5833],
            "transform": [
                [0.028794, -0.249275, 0.968005, -0.0, 0.962357, -0.254918, -0.094271, 0.39386, 0.270261, 0.934281, 0.232551, 0.0, 0.0, 0.0, 0.0, 1.0],
                [0.59534, -0.560374, 0.575805, -0.0, 0.6576, -0.071942, -0.749924, 0.39386, 0.461663, 0.82511, 0.325672, -0.0, 0.0, 0.0, 0.0, 1.0],
                [0.59534, -0.560374, 0.575805, -0.0, 0.6576, -0.071942, -0.749924, 0.39386, 0.461663, 0.82511, 0.325672, -0.0, 0.0, 0.0, 0.0, 1.0]
            ]
        },
        {
            "name": "Hand_R",
            "time": [0.0, 0.0833, 0.5833],
            "transform": [
                [0.999979, -0.001147, 0.006378, 0.0, 0.004042, 0.879696, -0.47552, 0.3, -0.005066, 0.475535, 0.879682, -0.0, 0.0, 0.0, 0.0, 1.0],
                [1.0, 0.0, 0.0, 0.0, -0.0, 0.993938, 0.109947, 0.3, -0.0, -0.109947, 0.993938, 0.0, 0.0, 0.0, 0.0, 1.0],
                [1.0, 0.0, 0.0, 0.0, -0.0, 0.993938, 0.109947, 0.3, -0.0, -0.109947, 0.993938, 0.0, 0.0, 0.0, 0.0, 1.0]
            ]
        },
        {
            "name": "Tool_R",
            "time": [0.0, 0.0833, 0.5833],
            "transform": [
                [0.721354, 0.047112, -0.690962, 0.0, 0.084324, -0.996236, 0.020106, 0.272858, -0.687006, -0.072736, -0.722184, -0.0, 0.0, 0.0, 0.0, 1.0],
                [1.0, -0.0, 0.0, 0.0, -0.0, -0.999836, 0.018122, 0.272858, 0.0, -0.018122, -0.999244, 0.0, 0.0, 0.0, 0.0, 1.0],
                [1.0, -0.0, 0.0, 0.0, -0.0, -0.999836, 0.018122, 0.272858, 0.0, -0.018122, -0.999244, 0.0, 0.0, 0.0, 0.0, 1.0]
            ]
        },
        {
            "name": "Elbow_R",
            "time": [0.0, 0.0833, 0.5833],
            "transform": [
                [-1.0, 0.0, -0.0, 0.0, 0.0, -0.0, -1.0, 0.362001, -0.0, -1.0, 0.0, 0.0, 0.0, 0.0, 0.0, 1.0],
                [-1.0, 0.0, -0.0, 0.0, 0.0, -0.0, -1.0, 0.3, -0.0, -1.0, 0.0, 0.0, 0.0, 0.0, 0.0, 1.0],
                [-1.0, 0.0, -0.0, 0.0, 0.0, -0.0, -1.0, 0.3, -0.0, -1.0, 0.0, 0.0, 0.0, 0.0, 0.0, 1.0]
            ]
        },
        {
            "name": "Shoulder_L",
            "time": [0.0, 0.0833, 0.5833],
            "transform": [
                [0.088499, -0.949454, -0.301172, 0.0, -0.003902, -0.302687, 0.953082, 0.4, -0.996069, -0.083172, -0.030493, 0.0, 0.0, 0.0, 0.0, 1.0],
                [-0.078032, -0.936265, -0.342518, -0.0, -0.033798, -0.340884, 0.939498, 0.4, -0.996378, 0.084887, -0.005044, 0.0, 0.0, 0.0, 0.0, 1.0],
                [-0.078032, -0.936265, -0.342518, -0.0, -0.033798, -0.340884, 0.939498, 0.4, -0.996378, 0.084887, -0.005044, 0.0, 0.0, 0.0, 0.0, 1.0]
            ]
        },
        {
            "name": "Arm_L",
            "time": [0.0, 0.0833, 0.5833],
            "transform": [
                [-0.31497, -0.1175, 0.9418, -0.0, -0.426366, 0.90406, -0.0298, 0.39386, -0.847943, -0.410937, -0.334849, 0.0, 0.0, 0.0, 0.0, 1.0],
                [-0.547214, -0.501096, 0.670417, 0.0, -0.605023, 0.790294, 0.096859, 0.39386, -0.578363, -0.352616, -0.735635, 0.0, 0.0, 0.0, 0.0, 1.0],
                [-0.547214, -0.501096, 0.670417, 0.0, -0.605023, 0.790294, 0.096859, 0.39386, -0.578363, -0.352616, -0.735635, 0.0, 0.0, 0.0, 0.0, 1.0]
            ]
        },
        {
            "name": "Hand_L",
            "time": [0.0, 0.0833, 0.5833],
            "transform": [
                [1.020068, -0.036878, 0.000448, -0.0, 0.037635, 0.999235, 0.013035, 0.3, -0.000948, -0.01301, 0.999915, -0.0, 0.0, 0.0, 0.0, 1.0],
                [1.020068, -0.036878, 0.000448, 0.0, 0.037635, 0.999235, 0.013035, 0.3, -0.000948, -0.013009, 0.999915, 0.0, 0.0, 0.0, 0.0, 1.0],
                [1.020068, -0.036878, 0.000448, 0.0, 0.037635, 0.999235, 0.013035, 0.3, -0.000948, -0.013009, 0.999915, 0.0, 0.0, 0.0, 0.0, 1.0]
            ]
        },
        {
            "name": "Tool_L",
            "time": [0.0, 0.0833, 0.5833],
            "transform": [
                [1.0, 0.0, 0.0, -0.0, -0.0, -0.999836, 0.018122, 0.272858, 0.0, -0.018122, -0.999248, -0.0, 0.0, 0.0, 0.0, 1.0],
                [1.0, -0.0, 0.0, -0.0, -0.0, -0.999835, 0.018122, 0.272858, 0.0, -0.018122, -0.999247, -0.0, 0.0, 0.0, 0.0, 1.0],
                [1.0, -0.0, 0.0, -0.0, -0.0, -0.999835, 0.018122, 0.272858, 0.0, -0.018122, -0.999247, -0.0, 0.0, 0.0, 0.0, 1.0]
            ]
        },
        {
            "name": "Elbow_L",
            "time": [0.0, 0.0833, 0.5833],
            "transform": [
                [-1.0, 0.0, -0.0, -0.0, 0.0, -0.0, -1.0, 0.320781, -0.0, -1.0, 0.0, -0.0, 0.0, 0.0, 0.0, 1.0],
                [-1.0, 0.0, -0.0, 0.0, 0.0, -0.0, -1.0, 0.3, -0.0, -1.0, -0.0, 0.0, 0.0, 0.0, 0.0, 1.0],
                [-1.0, 0.0, -0.0, 0.0, 0.0, -0.0, -1.0, 0.3, -0.0, -1.0, -0.0, 0.0, 0.0, 0.0, 0.0, 1.0]
            ]
        }
    ]
}