{
    "animation": [
        {
            "name": "Root",
            "time": [0.0, 0.0833, 0.5833],
            "transform": [
                [0.993918, 0.014697, -0.109138, -5e-06, -0.108582, -0.034465, -0.99349, 0.090628, -0.018363, 0.999298, -0.032659, 0.697578, 0.0, 0.0, 0.0, 1.0],
                [0.767051, 0.0, 0.641586, -5e-06, 0.641586, 0.0, -0.767051, 0.127687, 0.0, 1.0, 0.0, 0.670956, 0.0, 0.0, 0.0, 1.0],
                [0.767051, 0.0, 0.641586, -5e-06, 0.641586, 0.0, -0.767051, 0.127687, 0.0, 1.0, 0.0, 0.670956, 0.0, 0.0, 0.0, 1.0]
            ]
        },
        {
            "name": "Thigh_R",
            "time": [0.0, 0.0833, 0.5833],
            "transform": [
                [0.92806, 0.113602, 0.354682, 0.124994, 0.26852, -0.864019, -0.425869, -0.002831, 0.258072, 0.490471, -0.832368, -1.2e-05, 0.0, 0.0, 0.0, 1.0],
                [0.658742, -0.324525, 0.67878, 0.124994, 0.195141, -0.797617, -0.570722, -0.002831, 0.726621, 0.508416, -0.462097, -1.2e-05, 0.0, 0.0, 0.0, 1.0],
                [0.658742, -0.324525, 0.67878, 0.124994, 0.195141, -0.797617, -0.570722, -0.002831, 0.726621, 0.508416, -0.462097, -1.2e-05, 0.0, 0.0, 0.0, 1.0]
            ]
        },
        {
            "name": "Leg_R",
            "time": [0.0, 0.0833, 0.5833],
            "transform": [
                [1.0, 0.0, 1e-06, 0.0, -0.0, 0.999955, 0.009661, 0.37472, -1e-06, -0.009661, 0.999951, -0.0, 0.0, 0.0, 0.0, 1.0],
                [1.0, 0.0, 1e-06, -0.0, -0.0, 0.999946, 0.010597, 0.37472, -1e-06, -0.010597, 0.999942, 0.0, 0.0, 0.0, 0.0, 1.0],
                [1.0, 0.0, 1e-06, -0.0, -0.0, 0.999946, 0.010597, 0.37472, -1e-06, -0.010597, 0.999942, 0.0, 0.0, 0.0, 0.0, 1.0]
            ]
        },
        {
            "name": "Knee_R",
            "time": [0.0, 0.5833],
            "transform": [
                [1.0, 0.0, -0.0, 0.0, -0.0, 1e-06, -1.0, 0.37472, -0.0, 1.0, 1e-06, -0.0, 0.0, 0.0, 0.0, 1.0],
                [1.0, 0.0, -0.0, -0.0, -0.0, 1e-06, -1.0, 0.37472, -0.0, 1.0, 1e-06, 0.0, 0.0, 0.0, 0.0, 1.0]
            ]
        },
        {
            "name": "Thigh_L",
            "time": [0.0, 0.0833, 0.5833],
            "transform": [
                [0.986712, -0.06359, -0.149513, -0.125006, 0.026783, -0.843977, 0.53571, -0.002831, -0.160251, -0.532596, -0.83106, -1.2e-05, 0.0, 0.0, 0.0, 1.0],
                [0.77491, 0.395671, 0.492907, -0.125006, -0.039539, -0.747958, 0.662567, -0.002831, 0.630832, -0.53292, -0.563956, -1.2e-05, 0.0, 0.0, 0.0, 1.0],
                [0.77491, 0.395671, 0.492907, -0.125006, -0.039539, -0.747958, 0.662567, -0.002831, 0.630832, -0.53292, -0.563956, -1.2e-05, 0.0, 0.0, 0.0, 1.0]
            ]
        },
        {
            "name": "Leg_L",
            "time": [0.0, 0.0833, 0.5833],
            "transform": [
                [1.0, -1e-06, 1e-06, 0.0, -0.0, 0.806849, 0.590758, 0.37472, -1e-06, -0.590756, 0.80685, -0.0, 0.0, 0.0, 0.0, 1.0],
                [1.0, -0.0, 1e-06, 0.0, -0.0, 0.738957, 0.673752, 0.37472, -1e-06, -0.673751, 0.738959, 0.0, 0.0, 0.0, 0.0, 1.0],
                [1.0, -0.0, 1e-06, 0.0, -0.0, 0.738957, 0.673752, 0.37472, -1e-06, -0.673751, 0.738959, 0.0, 0.0, 0.0, 0.0, 1.0]
            ]
        },
        {
            "name": "Knee_L",
            "time": [0.0, 0.0833, 0.5833],
            "transform": [
                [1.0, 0.0, -0.0, 0.0, -0.0, 1e-06, -1.0, 0.396082, -0.0, 1.0, 1e-06, -0.0, 0.0, 0.0, 0.0, 1.0],
                [1.0, 0.0, -0.0, 0.0, -0.0, 1e-06, -1.0, 0.399248, -0.0, 1.0, 1e-06, 0.0, 0.0, 0.0, 0.0, 1.0],
                [1.0, 0.0, -0.0, 0.0, -0.0, 1e-06, -1.0, 0.399248, -0.0, 1.0, 1e-06, 0.0, 0.0, 0.0, 0.0, 1.0]
            ]
        },
        {
            "name": "Torso",
            "time": [0.0, 0.0833, 0.5833],
            "transform": [
                [0.999711, -0.023321, -0.005769, 0.0, 0.024016, 0.976207, 0.215507, 0.05, 0.000606, -0.215583, 0.976485, -0.0, 0.0, 0.0, 0.0, 1.0],
                [0.939083, 0.335885, 0.07283, -0.0, -0.335885, 0.852011, 0.40157, 0.05, 0.07283, -0.40157, 0.912928, 0.0, 0.0, 0.0, 0.0, 1.0],
                [0.939083, 0.335885, 0.07283, -0.0, -0.335885, 0.852011, 0.40157, 0.05, 0.07283, -0.40157, 0.912928, 0.0, 0.0, 0.0, 0.0, 1.0]
            ]
        },
        {
            "name": "Chest",
            "time": [0.0, 0.0833, 0.5833],
            "transform": [
                [0.998646, -0.048486, -0.018863, 0.0, 0.051748, 0.888353, 0.456236, 0.3, -0.005364, -0.456594, 0.889659, -0.0, 0.0, 0.0, 0.0, 1.0],
                [0.926225, 0.366508, 0.088203, 0.0, -0.366508, 0.820774, 0.438181, 0.3, 0.088203, -0.438181, 0.894549, 0.0, 0.0, 0.0, 0.0, 1.0],
                [0.926225, 0.366508, 0.088203, 0.0, -0.366508, 0.820774, 0.438181, 0.3, 0.088203, -0.438181, 0.894549, 0.0, 0.0, 0.0, 0.0, 1.0]
            ]
        },
        {
            "name": "Head",
            "time": [0.0, 0.0833, 0.5833],
            "transform": [
                [0.994066, 0.056502, 0.09295, -0.0, 0.012731, 0.788205, -0.615281, 0.4, -0.108029, 0.612814, 0.782809, 0.0, 0.0, 0.0, 0.0, 1.0],
                [0.76888, -0.584571, -0.259037, 0.0, -0.002562, 0.402309, -0.9155, 0.4, 0.639388, 0.704574, 0.30783, 0.0, 0.0, 0.0, 0.0, 1.0],
                [0.76888, -0.584571, -0.259037, 0.0, -0.002562, 0.402309, -0.9155, 0.4, 0.639388, 0.704574, 0.30783, 0.0, 0.0, 0.0, 0.0, 1.0]
            ]
        },
        {
            "name": "Shoulder_R",
            "time": [0.0, 0.0833, 0.5833],
            "transform": [
                [0.089555, 0.949274, 0.301428, -0.0, -0.003658, -0.302329, 0.953197, 0.4, 0.995975, -0.086466, -0.023602, 0.0, 0.0, 0.0, 0.0, 1.0],
                [0.089555, 0.949274, 0.301428, 0.0, -0.003656, -0.302328, 0.953197, 0.4, 0.995975, -0.086466, -0.023605, 0.0, 0.0, 0.0, 0.0, 1.0],
                [0.089555, 0.949274, 0.301428, 0.0, -0.003656, -0.302328, 0.953197, 0.4, 0.995975, -0.086466, -0.023605, 0.0, 0.0, 0.0, 0.0, 1.0]
            ]
        },
        {
            "name": "Arm_R",
            "time": [0.0, 0.0833, 0.5833],
            "transform": [
                [0.028794, -0.249275, 0.968005, -0.0, 0.962357, -0.254918, -0.094271, 0.393861, 0.270261, 0.93428, 0.232551, 0.0, 0.0, 0.0, 0.0, 1.0],
                [0.493974, -0.851732, -0.174764, 0.0, 0.837563, 0.520089, -0.167324, 0.39386, 0.233408, -0.063722, 0.970289, 0.0, 0.0, 0.0, 0.0, 1.0],
                [0.493974, -0.851732, -0.174764, 0.0, 0.837563, 0.520089, -0.167324, 0.39386, 0.233408, -0.063722, 0.970289, 0.0, 0.0, 0.0, 0.0, 1.0]
            ]
        },
        {
            "name": "Hand_R",
            "time": [0.0, 0.0833, 0.5833],
            "transform": [
                [0.999979, -0.001147, 0.006378, 0.0, 0.004042, 0.879696, -0.47552, 0.3, -0.005066, 0.475536, 0.879682, -0.0, 0.0, 0.0, 0.0, 1.0],
                [1.0, 0.0, 0.0, -0.0, -0.0, 0.993938, 0.109947, 0.3, -0.0, -0.109947, 0.993938, 0.0, 0.0, 0.0, 0.0, 1.0],
                [1.0, 0.0, 0.0, -0.0, -0.0, 0.993938, 0.109947, 0.3, -0.0, -0.109947, 0.993938, 0.0, 0.0, 0.0, 0.0, 1.0]
            ]
        },
        {
            "name": "Tool_R",
            "time": [0.0, 0.0833, 0.5833],
            "transform": [
                [0.721355, 0.047112, -0.690962, 0.0, 0.084324, -0.996236, 0.020106, 0.272858, -0.687006, -0.072736, -0.722184, 0.0, 0.0, 0.0, 0.0, 1.0],
                [1.0, 0.0, 0.0, -0.0, -0.0, -0.999836, 0.018122, 0.272858, 0.0, -0.018122, -0.999244, -0.0, 0.0, 0.0, 0.0, 1.0],
                [1.0, 0.0, 0.0, -0.0, -0.0, -0.999836, 0.018122, 0.272858, 0.0, -0.018122, -0.999244, -0.0, 0.0, 0.0, 0.0, 1.0]
            ]
        },
        {
            "name": "Elbow_R",
            "time": [0.0, 0.0833, 0.5833],
            "transform": [
                [-1.0, 0.0, -0.0, 0.0, 0.0, 0.0, -1.0, 0.362001, -0.0, -1.0, 0.0, 0.0, 0.0, 0.0, 0.0, 1.0],
                [-1.0, 0.0, -0.0, -0.0, 0.0, -0.0, -1.0, 0.3, -0.0, -1.0, 0.0, 0.0, 0.0, 0.0, 0.0, 1.0],
                [-1.0, 0.0, -0.0, -0.0, 0.0, -0.0, -1.0, 0.3, -0.0, -1.0, 0.0, 0.0, 0.0, 0.0, 0.0, 1.0]
            ]
        },
        {
            "name": "Shoulder_L",
            "time": [0.0, 0.0833, 0.5833],
            "transform": [
                [0.088499, -0.949454, -0.301172, -0.0, -0.003902, -0.302687, 0.953082, 0.4, -0.996069, -0.083172, -0.030493, 0.0, 0.0, 0.0, 0.0, 1.0],
                [-0.078032, -0.936265, -0.342518, 0.0, -0.033797, -0.340884, 0.939498, 0.4, -0.996378, 0.084888, -0.005043, 0.0, 0.0, 0.0, 0.0, 1.0],
                [-0.078032, -0.936265, -0.342518, 0.0, -0.033797, -0.340884, 0.939498, 0.4, -0.996378, 0.084888, -0.005043, 0.0, 0.0, 0.0, 0.0, 1.0]
            ]
        },
        {
            "name": "Arm_L",
            "time": [0.0, 0.0833, 0.5833],
            "transform": [
                [-0.31497, -0.1175, 0.9418, 0.0, -0.426365, 0.90406, -0.0298, 0.39386, -0.847943, -0.410937, -0.334849, 0.0, 0.0, 0.0, 0.0, 1.0],
                [-0.448286, -0.780535, 0.435667, 0.0, -0.800858, 0.567198, 0.19213, 0.39386, -0.397073, -0.262778, -0.879364, -0.0, 0.0, 0.0, 0.0, 1.0],
                [-0.448286, -0.780535, 0.435667, 0.0, -0.800858, 0.567198, 0.19213, 0.39386, -0.397073, -0.262778, -0.879364, -0.0, 0.0, 0.0, 0.0, 1.0]
            ]
        },
        {
            "name": "Hand_L",
            "time": [0.0, 0.0833, 0.5833],
            "transform": [
                [1.020068, -0.036878, 0.000448, 0.0, 0.037635, 0.999235, 0.013035, 0.3, -0.000948, -0.01301, 0.999915, 0.0, 0.0, 0.0, 0.0, 1.0],
                [1.020068, -0.036878, 0.000448, 0.0, 0.037635, 0.999235, 0.013035, 0.3, -0.000948, -0.013009, 0.999915, -0.0, 0.0, 0.0, 0.0, 1.0],
                [1.020068, -0.036878, 0.000448, 0.0, 0.037635, 0.999235, 0.013035, 0.3, -0.000948, -0.013009, 0.999915, -0.0, 0.0, 0.0, 0.0, 1.0]
            ]
        },
        {
            "name": "Tool_L",
            "time": [0.0, 0.0833, 0.5833],
            "transform": [
                [1.0, 0.0, 0.0, -0.0, 0.0, -0.999836, 0.018122, 0.272858, 0.0, -0.018122, -0.999248, -0.0, 0.0, 0.0, 0.0, 1.0],
                [1.0, 0.0, 0.0, 0.0, 0.0, -0.999836, 0.018122, 0.272858, 0.0, -0.018122, -0.999248, -0.0, 0.0, 0.0, 0.0, 1.0],
                [1.0, 0.0, 0.0, 0.0, 0.0, -0.999836, 0.018122, 0.272858, 0.0, -0.018122, -0.999248, -0.0, 0.0, 0.0, 0.0, 1.0]
            ]
        },
        {
            "name": "Elbow_L",
            "time": [0.0, 0.0833, 0.5833],
            "transform": [
                [-1.0, 0.0, -0.0, 0.0, 0.0, -0.0, -1.0, 0.320781, -0.0, -1.0, 0.0, -0.0, 0.0, 0.0, 0.0, 1.0],
                [-1.0, 0.0, -0.0, 0.0, 0.0, -0.0, -1.0, 0.3, -0.0, -1.0, 0.0, -0.0, 0.0, 0.0, 0.0, 1.0],
                [-1.0, 0.0, -0.0, 0.0, 0.0, -0.0, -1.0, 0.3, -0.0, -1.0, 0.0, -0.0, 0.0, 0.0, 0.0, 1.0]
            ]
        }
    ]
}