{
    "animation": [
        {
            "name": "Root",
            "time": [0.0, 0.0667, 0.1333, 0.2667, 0.5],
            "transform": [
                [0.977673, 0.0, 0.210133, -5e-06, 0.210133, 0.0, -0.977673, 0.094875, 0.0, 1.0, 0.0, 0.76354, 0.0, 0.0, 0.0, 1.0],
                [0.78349, 0.0, 0.621405, -5e-06, 0.621405, 0.0, -0.78349, 0.60669, 0.0, 1.0, 0.0, 0.746846, 0.0, 0.0, 0.0, 1.0],
                [0.459911, 0.0, 0.887965, -5e-06, 0.887965, 0.0, -0.459911, 0.997352, 0.0, 1.0, 0.0, 0.730151, 0.0, 0.0, 0.0, 1.0],
                [0.425529, 0.0, 0.904945, -5e-06, 0.904945, 0.0, -0.425529, 1.004386, 0.0, 1.0, 0.0, 0.72948, 0.0, 0.0, 0.0, 1.0],
                [0.425529, 0.0, 0.904945, -5e-06, 0.904945, 0.0, -0.425529, 1.004386, 0.0, 1.0, 0.0, 0.72948, 0.0, 0.0, 0.0, 1.0]
            ]
        },
        {
            "name": "Thigh_R",
            "time": [0.0, 0.0667, 0.1333, 0.2667, 0.5],
            "transform": [
                [0.975681, 0.120049, 0.183396, 0.133605, 0.008298, -0.856312, 0.51639, -0.002831, 0.219037, -0.502308, -0.836486, 0.03025, 0.0, 0.0, 0.0, 1.0],
                [0.784625, 0.330118, 0.524771, 0.138529, -0.00457, -0.843341, 0.537357, -0.002831, 0.619953, -0.424021, -0.6602, 0.047556, 0.0, 0.0, 0.0, 1.0],
                [0.443248, 0.343598, 0.827932, 0.143454, -0.022977, -0.918959, 0.393678, -0.002831, 0.896104, -0.19352, -0.399433, 0.064861, 0.0, 0.0, 0.0, 1.0],
                [0.393231, 0.38567, 0.834643, 0.143938, -0.022574, -0.903447, 0.4281, -0.002831, 0.919162, -0.187183, -0.346558, 0.066564, 0.0, 0.0, 0.0, 1.0],
                [0.393231, 0.38567, 0.834643, 0.143938, -0.022574, -0.903447, 0.4281, -0.002831, 0.919162, -0.187183, -0.346558, 0.066564, 0.0, 0.0, 0.0, 1.0]
            ]
        },
        {
            "name": "Leg_R",
            "time": [0.0, 0.0667, 0.1333, 0.5],
            "transform": [
                [1.0, -1e-06, 7e-06, 0.0, -6e-06, 0.470566, 0.882363, 0.37472, -4e-06, -0.882367, 0.470564, -0.0, 0.0, 0.0, 0.0, 1.0],
                [1.0, -0.0, 7e-06, -0.0, -5e-06, 0.676253, 0.73667, 0.37472, -5e-06, -0.736673, 0.67625, 0.0, 0.0, 0.0, 0.0, 1.0],
                [1.0, 0.0, 2e-06, -0.0, -1e-06, 0.903646, 0.428284, 0.37472, -2e-06, -0.428285, 0.903642, -0.0, 0.0, 0.0, 0.0, 1.0],
                [1.0, 0.0, 2e-06, -0.0, -1e-06, 0.903646, 0.428284, 0.37472, -2e-06, -0.428285, 0.903642, 0.0, 0.0, 0.0, 0.0, 1.0]
            ]
        },
        {
            "name": "Knee_R",
            "time": [0.0, 0.0667, 0.1333, 0.2667, 0.5],
            "transform": [
                [1.0, 0.0, -0.0, 0.0, -0.0, 1e-06, -1.0, 0.427209, -0.0, 1.0, 1e-06, -0.0, 0.0, 0.0, 0.0, 1.0],
                [1.0, 0.0, -0.0, -0.0, -0.0, 1e-06, -1.0, 0.412003, -0.0, 1.0, 1e-06, 0.0, 0.0, 0.0, 0.0, 1.0],
                [1.0, 0.0, -0.0, -0.0, -0.0, 1e-06, -1.0, 0.36589, -0.0, 1.0, 1e-06, -0.0, 0.0, 0.0, 0.0, 1.0],
                [1.0, 0.0, -0.0, -0.0, -0.0, 1e-06, -1.0, 0.382896, -0.0, 1.0, 1e-06, 0.0, 0.0, 0.0, 0.0, 1.0],
                [1.0, 0.0, -0.0, -0.0, -0.0, 1e-06, -1.0, 0.382896, -0.0, 1.0, 1e-06, 0.0, 0.0, 0.0, 0.0, 1.0]
            ]
        },
        {
            "name": "Thigh_L",
            "time": [0.0, 0.0667, 0.1333, 0.2667, 0.5],
            "transform": [
                [0.971625, -0.013823, 0.236118, -0.125006, 0.006956, -0.996189, -0.086943, -0.002831, 0.23642, 0.086119, -0.967827, -1.2e-05, 0.0, 0.0, 0.0, 1.0],
                [0.913151, -0.062501, 0.4028, -0.125006, -0.036285, -0.996716, -0.072398, -0.002831, 0.406001, 0.051495, -0.91242, -1.2e-05, 0.0, 0.0, 0.0, 1.0],
                [0.785179, -0.273224, 0.555735, -0.125006, -0.138265, -0.952099, -0.272744, -0.002831, 0.603635, 0.137315, -0.785346, -1.2e-05, 0.0, 0.0, 0.0, 1.0],
                [0.752724, -0.326197, 0.57184, -0.125006, -0.164999, -0.934368, -0.315803, -0.002831, 0.637323, 0.14336, -0.757143, -1.2e-05, 0.0, 0.0, 0.0, 1.0],
                [0.752724, -0.326197, 0.57184, -0.125006, -0.164999, -0.934368, -0.315803, -0.002831, 0.637323, 0.14336, -0.757143, -1.2e-05, 0.0, 0.0, 0.0, 1.0]
            ]
        },
        {
            "name": "Leg_L",
            "time": [0.0, 0.0667, 0.1333, 0.2667, 0.5],
            "transform": [
                [1.0, 0.0, 1e-06, -0.0, -0.0, 0.999945, 0.010404, 0.37472, -1e-06, -0.010404, 0.999947, -0.0, 0.0, 0.0, 0.0, 1.0],
                [1.0, -0.0, 1e-06, 0.0, -0.0, 0.972899, 0.231226, 0.37472, -1e-06, -0.231225, 0.972901, 0.0, 0.0, 0.0, 0.0, 1.0],
                [1.0, 0.0, 1e-06, 0.0, -0.0, 0.999944, 0.010461, 0.37472, -1e-06, -0.010461, 0.999946, -0.0, 0.0, 0.0, 0.0, 1.0],
                [1.0, 0.0, 1e-06, -0.0, -0.0, 0.999955, 0.009392, 0.37472, -1e-06, -0.009392, 0.999957, -0.0, 0.0, 0.0, 0.0, 1.0],
                [1.0, 0.0, 1e-06, -0.0, -0.0, 0.999955, 0.009392, 0.37472, -1e-06, -0.009392, 0.999957, -0.0, 0.0, 0.0, 0.0, 1.0]
            ]
        },
        {
            "name": "Knee_L",
            "time": [0.0, 0.0667, 0.1333, 0.5],
            "transform": [
                [1.0, 0.0, -0.0, -0.0, -0.0, 1e-06, -1.0, 0.37472, -0.0, 1.0, 1e-06, -0.0, 0.0, 0.0, 0.0, 1.0],
                [1.0, 0.0, -0.0, 0.0, -0.0, 1e-06, -1.0, 0.361966, -0.0, 1.0, 1e-06, 0.0, 0.0, 0.0, 0.0, 1.0],
                [1.0, 0.0, -0.0, 0.0, -0.0, 1e-06, -1.0, 0.37472, -0.0, 1.0, 1e-06, -0.0, 0.0, 0.0, 0.0, 1.0],
                [1.0, 0.0, -0.0, -0.0, -0.0, 1e-06, -1.0, 0.37472, -0.0, 1.0, 1e-06, -0.0, 0.0, 0.0, 0.0, 1.0]
            ]
        },
        {
            "name": "Torso",
            "time": [0.0, 0.0667, 0.1333, 0.2667, 0.5],
            "transform": [
                [0.99978, -0.020971, -0.000197, 0.0, 0.020971, 0.999603, 0.018833, 0.05, -0.000198, -0.018833, 0.999823, 0.0, 0.0, 0.0, 0.0, 1.0],
                [0.99978, -0.020972, -0.000197, -0.0, 0.020972, 0.999603, 0.018827, 0.05, -0.000198, -0.018827, 0.999823, -0.0, 0.0, 0.0, 0.0, 1.0],
                [0.99978, -0.020972, -0.000197, 0.0, 0.020972, 0.999603, 0.018827, 0.05, -0.000198, -0.018827, 0.999823, -0.0, 0.0, 0.0, 0.0, 1.0],
                [0.99978, -0.020971, -0.000197, 0.0, 0.020971, 0.999603, 0.01883, 0.05, -0.000198, -0.01883, 0.999823, 0.0, 0.0, 0.0, 0.0, 1.0],
                [0.99978, -0.020971, -0.000197, 0.0, 0.020971, 0.999603, 0.01883, 0.05, -0.000198, -0.01883, 0.999823, 0.0, 0.0, 0.0, 0.0, 1.0]
            ]
        },
        {
            "name": "Chest",
            "time": [0.0, 0.0667, 0.1333, 0.2667, 0.5],
            "transform": [
                [0.974122, -0.018184, 0.225288, -0.0, 0.017474, 0.999834, 0.005143, 0.3, -0.225344, -0.001073, 0.974279, 0.0, 0.0, 0.0, 0.0, 1.0],
                [0.992889, -0.009488, 0.118662, -0.0, 0.009293, 0.999954, 0.002196, 0.3, -0.118677, -0.001078, 0.992932, 0.0, 0.0, 0.0, 0.0, 1.0],
                [0.999943, -0.000842, 0.010618, -0.0, 0.000841, 1.0, 0.000151, 0.3, -0.010618, -0.000142, 0.999944, 0.0, 0.0, 0.0, 0.0, 1.0],
                [1.0, -0.0, -0.0, 0.0, 0.0, 1.0, 0.0, 0.3, -0.0, 0.0, 1.0, 0.0, 0.0, 0.0, 0.0, 1.0],
                [1.0, -0.0, -0.0, 0.0, 0.0, 1.0, 0.0, 0.3, -0.0, 0.0, 1.0, 0.0, 0.0, 0.0, 0.0, 1.0]
            ]
        },
        {
            "name": "Head",
            "time": [0.0, 0.0667, 0.1333, 0.2667, 0.5],
            "transform": [
                [0.917949, 0.028388, -0.39568, 0.0, -0.041383, 0.998847, -0.024343, 0.4, 0.394533, 0.03872, 0.918066, 0.0, 0.0, 0.0, 0.0, 1.0],
                [0.751594, 0.024432, -0.659173, 0.0, -0.039607, 0.999182, -0.008125, 0.4, 0.658436, 0.032215, 0.751947, -0.0, 0.0, 0.0, 0.0, 1.0],
                [0.512133, 0.022673, -0.858607, -0.0, -0.032918, 0.999435, 0.006757, 0.4, 0.858275, 0.024803, 0.51259, 0.0, 0.0, 0.0, 0.0, 1.0],
                [0.485898, 0.022628, -0.873722, 0.0, -0.032031, 0.999454, 0.008071, 0.4, 0.873428, 0.024065, 0.486358, 0.0, 0.0, 0.0, 0.0, 1.0],
                [0.485898, 0.022628, -0.873722, 0.0, -0.032031, 0.999454, 0.008071, 0.4, 0.873428, 0.024065, 0.486358, 0.0, 0.0, 0.0, 0.0, 1.0]
            ]
        },
        {
            "name": "Shoulder_R",
            "time": [0.0, 0.0667, 0.1333, 0.2667, 0.5],
            "transform": [
                [0.360059, 0.915181, 0.181111, 0.0, -0.169228, -0.126841, 0.977381, 0.4, 0.917453, -0.382563, 0.109204, 0.0, 0.0, 0.0, 0.0, 1.0],
                [0.067899, 0.981191, 0.180705, 0.0, -0.118682, -0.171894, 0.97794, 0.4, 0.990608, -0.087848, 0.104778, -0.0, 0.0, 0.0, 0.0, 1.0],
                [0.616482, 0.755227, 0.222668, -0.0, -0.022339, -0.26591, 0.963739, 0.4, 0.787052, -0.599102, -0.147057, 0.0, 0.0, 0.0, 0.0, 1.0],
                [0.647004, 0.730058, 0.220002, 0.0, -0.018208, -0.273657, 0.961655, 0.4, 0.762269, -0.6262, -0.163765, 0.0, 0.0, 0.0, 0.0, 1.0],
                [0.647004, 0.730058, 0.220002, 0.0, -0.018208, -0.273657, 0.961655, 0.4, 0.762269, -0.6262, -0.163765, 0.0, 0.0, 0.0, 0.0, 1.0]
            ]
        },
        {
            "name": "Arm_R",
            "time": [0.0, 0.0667, 0.1333, 0.2667, 0.5],
            "transform": [
                [0.65608, -0.677355, 0.332791, -0.0, 0.704353, 0.39122, -0.592313, 0.39386, 0.271011, 0.623007, 0.733768, -0.0, 0.0, 0.0, 0.0, 1.0],
                [0.577857, -0.447135, 0.682754, -0.0, 0.69724, 0.705276, -0.128232, 0.393861, -0.424192, 0.550143, 0.719308, 0.0, 0.0, 0.0, 0.0, 1.0],
                [0.730187, -0.472653, -0.493383, -0.0, 0.666835, 0.335664, 0.665328, 0.393861, -0.148858, -0.814819, 0.560279, 0.0, 0.0, 0.0, 0.0, 1.0],
                [0.726282, -0.415338, -0.547731, 0.0, 0.675024, 0.28043, 0.682423, 0.39386, -0.129836, -0.865364, 0.484034, -0.0, 0.0, 0.0, 0.0, 1.0],
                [0.726282, -0.415338, -0.547731, 0.0, 0.675024, 0.28043, 0.682423, 0.39386, -0.129836, -0.865364, 0.484034, -0.0, 0.0, 0.0, 0.0, 1.0]
            ]
        },
        {
            "name": "Hand_R",
            "time": [0.0, 0.0667, 0.1333, 0.2667, 0.5],
            "transform": [
                [0.999997, -0.000479, 0.002167, 0.0, 0.001483, 0.870644, -0.491912, 0.3, -0.001651, 0.491914, 0.870642, -0.0, 0.0, 0.0, 0.0, 1.0],
                [0.999978, 0.000156, 0.006587, 0.0, 0.005806, 0.451683, -0.89216, 0.3, -0.003114, 0.892179, 0.451672, -0.0, 0.0, 0.0, 0.0, 1.0],
                [0.999969, -0.000544, -0.00788, 0.0, -0.00143, 0.968672, -0.248341, 0.3, 0.007768, 0.248345, 0.968641, 0.0, 0.0, 0.0, 0.0, 1.0],
                [0.999961, -0.000164, -0.008768, -0.0, -0.001546, 0.980869, -0.194661, 0.3, 0.008632, 0.194668, 0.980832, -0.0, 0.0, 0.0, 0.0, 1.0],
                [0.999961, -0.000164, -0.008768, -0.0, -0.001546, 0.980869, -0.194661, 0.3, 0.008632, 0.194668, 0.980832, -0.0, 0.0, 0.0, 0.0, 1.0]
            ]
        },
        {
            "name": "Tool_R",
            "time": [0.0, 0.0667, 0.1333, 0.2667, 0.5],
            "transform": [
                [0.221118, -0.230017, 0.947734, 0.000757, -0.102951, -0.971864, -0.211854, 0.269421, 0.969223, -0.050706, -0.238438, 0.023798, 0.0, 0.0, 0.0, 1.0],
                [0.899788, 0.269695, -0.342996, 0.000984, 0.202785, -0.95452, -0.218563, 0.268391, -0.386111, 0.127021, -0.913018, 0.030937, 0.0, 0.0, 0.0, 1.0],
                [0.999164, -0.001133, -0.04087, 0.001623, -0.025773, -0.793451, -0.608089, 0.26549, -0.03172, 0.608265, -0.792354, 0.051017, 0.0, 0.0, 0.0, 1.0],
                [0.999386, -0.024236, -0.02532, 0.001666, -0.034787, -0.77421, -0.631972, 0.265297, -0.004284, 0.632082, -0.774126, 0.052355, 0.0, 0.0, 0.0, 1.0],
                [0.999386, -0.024236, -0.02532, 0.001666, -0.034787, -0.77421, -0.631972, 0.265297, -0.004284, 0.632082, -0.774126, 0.052355, 0.0, 0.0, 0.0, 1.0]
            ]
        },
        {
            "name": "Elbow_R",
            "time": [0.0, 0.0667, 0.1333, 0.2667, 0.5],
            "transform": [
                [-1.0, 0.0, -0.0, 0.0, 0.0, 0.0, -1.0, 0.361457, -0.0, -1.0, 0.0, 0.0, 0.0, 0.0, 0.0, 1.0],
                [-1.0, 0.0, -0.0, 0.0, -0.0, -0.0, -1.0, 0.411136, -0.0, -1.0, 0.0, -0.0, 0.0, 0.0, 0.0, 1.0],
                [-1.0, 0.0, -0.0, -0.0, 0.0, -0.0, -1.0, 0.345775, -0.0, -1.0, -0.0, 0.0, 0.0, 0.0, 0.0, 1.0],
                [-1.0, 0.0, 0.0, -0.0, 0.0, -0.0, -1.0, 0.338852, -0.0, -1.0, 0.0, -0.0, 0.0, 0.0, 0.0, 1.0],
                [-1.0, 0.0, 0.0, -0.0, 0.0, -0.0, -1.0, 0.338852, -0.0, -1.0, 0.0, -0.0, 0.0, 0.0, 0.0, 1.0]
            ]
        },
        {
            "name": "Shoulder_L",
            "time": [0.0, 0.0667, 0.1333, 0.2667, 0.5],
            "transform": [
                [0.011327, -0.924744, -0.38042, 0.0, 0.014012, -0.38026, 0.924773, 0.4, -0.999838, -0.015805, 0.00865, 0.0, 0.0, 0.0, 0.0, 1.0],
                [-0.035875, -0.937463, -0.346231, 0.0, 0.008099, -0.346715, 0.937935, 0.4, -0.999323, 0.030844, 0.020031, -0.0, 0.0, 0.0, 0.0, 1.0],
                [-0.08318, -0.946733, -0.311091, -0.0, 0.003898, -0.31248, 0.949917, 0.4, -0.996527, 0.077802, 0.029682, 0.0, 0.0, 0.0, 0.0, 1.0],
                [-0.087829, -0.947457, -0.30759, 0.0, 0.003577, -0.309081, 0.951029, 0.4, -0.996129, 0.082428, 0.030535, 0.0, 0.0, 0.0, 0.0, 1.0],
                [-0.087829, -0.947457, -0.30759, 0.0, 0.003577, -0.309081, 0.951029, 0.4, -0.996129, 0.082428, 0.030535, 0.0, 0.0, 0.0, 0.0, 1.0]
            ]
        },
        {
            "name": "Arm_L",
            "time": [0.0, 0.0667, 0.1333, 0.2667, 0.5],
            "transform": [
                [0.000775, -0.736917, 0.675983, 0.0, -0.901646, 0.291831, 0.319171, 0.39386, -0.432475, -0.609744, -0.664212, 0.0, 0.0, 0.0, 0.0, 1.0],
                [-0.038722, -0.727138, 0.685399, 0.0, -0.923029, 0.288776, 0.254215, 0.39386, -0.382776, -0.622799, -0.682351, 0.0, 0.0, 0.0, 0.0, 1.0],
                [-0.078829, -0.717557, 0.692024, -0.0, -0.94002, 0.284613, 0.188035, 0.39386, -0.331885, -0.635694, -0.696954, -0.0, 0.0, 0.0, 0.0, 1.0],
                [-0.082797, -0.716628, 0.692524, 0.0, -0.94145, 0.284145, 0.181477, 0.39386, -0.326828, -0.636951, -0.698196, -0.0, 0.0, 0.0, 0.0, 1.0],
                [-0.082797, -0.716628, 0.692524, 0.0, -0.94145, 0.284145, 0.181477, 0.39386, -0.326828, -0.636951, -0.698196, -0.0, 0.0, 0.0, 0.0, 1.0]
            ]
        },
        {
            "name": "Hand_L",
            "time": [0.0, 0.0667, 0.1333, 0.2667, 0.5],
            "transform": [
                [1.019833, -0.018145, 0.038621, -0.0, 0.043095, 0.288754, -0.956472, 0.3, 0.006331, 0.957232, 0.289257, -0.0, 0.0, 0.0, 0.0, 1.0],
                [1.019833, -0.018145, 0.038621, 0.0, 0.043095, 0.288754, -0.956472, 0.3, 0.006331, 0.957232, 0.289257, -0.0, 0.0, 0.0, 0.0, 1.0],
                [1.019833, -0.018145, 0.038621, -0.0, 0.043095, 0.288753, -0.956473, 0.3, 0.006332, 0.957232, 0.289256, -0.0, 0.0, 0.0, 0.0, 1.0],
                [1.019833, -0.018144, 0.038621, -0.0, 0.043095, 0.288754, -0.956472, 0.3, 0.006332, 0.957232, 0.289257, -0.0, 0.0, 0.0, 0.0, 1.0],
                [1.019833, -0.018144, 0.038621, -0.0, 0.043095, 0.288754, -0.956472, 0.3, 0.006332, 0.957232, 0.289257, -0.0, 0.0, 0.0, 0.0, 1.0]
            ]
        },
        {
            "name": "Tool_L",
            "time": [0.0, 0.5],
            "transform": [
                [0.997004, 0.01104, -0.076554, 0.0, -0.036659, -0.804079, -0.593391, 0.272858, -0.068067, 0.594062, -0.800801, -0.0, 0.0, 0.0, 0.0, 1.0],
                [0.997004, 0.01104, -0.076554, 0.0, -0.036659, -0.804079, -0.593392, 0.272858, -0.068067, 0.594062, -0.800801, -0.0, 0.0, 0.0, 0.0, 1.0]
            ]
        },
        {
            "name": "Elbow_L",
            "time": [0.0, 0.5],
            "transform": [
                [-1.0, 0.0, -0.0, -3.7e-05, 0.0, -0.0, -1.0, 0.429944, -0.0, -1.0, 0.0, 0.000195, 0.0, 0.0, 0.0, 1.0],
                [-1.0, 0.0, 0.0, -3.7e-05, 0.0, -0.0, -1.0, 0.429944, -0.0, -1.0, -0.0, 0.000195, 0.0, 0.0, 0.0, 1.0]
            ]
        }
    ]
}