{
    "animation": [
        {
            "name": "Root",
            "time": [0.0, 0.05, 0.1, 0.2, 0.5],
            "transform": [
                [0.773792, 0.0, 0.633439, -5e-06, 0.633439, 0.0, -0.773792, 0.001748, 0.0, 1.0, 0.0, 0.709861, 0.0, 0.0, 0.0, 1.0],
                [0.996942, 0.0, -0.078151, -5e-06, -0.078151, 0.0, -0.996942, 0.526942, 0.0, 1.0, 0.0, 0.758461, 0.0, 0.0, 0.0, 1.0],
                [0.658207, 0.0, -0.752837, -5e-06, -0.752837, 0.0, -0.658207, 0.998931, 0.0, 1.0, 0.0, 0.715809, 0.0, 0.0, 0.0, 1.0],
                [0.61149, 0.0, -0.791252, -5e-06, -0.791252, 0.0, -0.61149, 1.003037, 0.0, 1.0, 0.0, 0.716067, 0.0, 0.0, 0.0, 1.0],
                [0.61149, 0.0, -0.791252, -5e-06, -0.791252, 0.0, -0.61149, 1.003037, 0.0, 1.0, 0.0, 0.716067, 0.0, 0.0, 0.0, 1.0]
            ]
        },
        {
            "name": "Thigh_R",
            "time": [0.0, 0.05, 0.1, 0.2, 0.5],
            "transform": [
                [0.781222, 0.326414, 0.532115, 0.157956, 0.001466, -0.853356, 0.521323, -0.002831, 0.624251, -0.406488, -0.667141, 0.024968, 0.0, 0.0, 0.0, 1.0],
                [0.929303, 0.041811, 0.366942, 0.142377, 0.000487, -0.993706, 0.111997, -0.002831, 0.369316, -0.1039, -0.923478, 0.012145, 0.0, 0.0, 0.0, 1.0],
                [0.962622, 0.251741, -0.099916, 0.126798, 0.247194, -0.967359, -0.055755, -0.002831, -0.110691, 0.028973, -0.993433, -0.000677, 0.0, 0.0, 0.0, 1.0],
                [0.94968, 0.291995, -0.113341, 0.125443, 0.273415, -0.94935, -0.15484, -0.002831, -0.152814, 0.11606, -0.981417, -0.001792, 0.0, 0.0, 0.0, 1.0],
                [0.94968, 0.291995, -0.113341, 0.125443, 0.273415, -0.94935, -0.15484, -0.002831, -0.152814, 0.11606, -0.981417, -0.001792, 0.0, 0.0, 0.0, 1.0]
            ]
        },
        {
            "name": "Leg_R",
            "time": [0.0, 0.05, 0.1, 0.2, 0.5],
            "transform": [
                [1.0, -0.0, 1e-06, 0.0, -0.0, 0.821573, 0.570105, 0.37472, -1e-06, -0.570107, 0.82157, -0.0, 0.0, 0.0, 0.0, 1.0],
                [1.0, -0.0, 1e-06, -0.0, -0.0, 0.962664, 0.270706, 0.37472, -1e-06, -0.270707, 0.96266, 0.0, 0.0, 0.0, 0.0, 1.0],
                [1.0, -0.0, 1e-06, 0.0, 0.0, 0.9482, 0.317678, 0.37472, -1e-06, -0.31768, 0.948197, 0.0, 0.0, 0.0, 0.0, 1.0],
                [1.0, -0.0, 1e-06, -0.0, 0.0, 0.990127, 0.140189, 0.37472, -1e-06, -0.14019, 0.990123, -0.0, 0.0, 0.0, 0.0, 1.0],
                [1.0, -0.0, 1e-06, -0.0, 0.0, 0.990127, 0.140189, 0.37472, -1e-06, -0.14019, 0.990123, -0.0, 0.0, 0.0, 0.0, 1.0]
            ]
        },
        {
            "name": "Knee_R",
            "time": [0.0, 0.05, 0.5],
            "transform": [
                [1.0, 0.0, -0.0, 0.0, -0.0, 1e-06, -1.0, 0.399479, -0.0, 1.0, 1e-06, -0.0, 0.0, 0.0, 0.0, 1.0],
                [1.0, 0.0, -0.0, -0.0, -0.0, 1e-06, -1.0, 0.37472, -0.0, 1.0, 1e-06, 0.0, 0.0, 0.0, 0.0, 1.0],
                [1.0, 0.0, -0.0, -0.0, -0.0, 1e-06, -1.0, 0.37472, -0.0, 1.0, 1e-06, -0.0, 0.0, 0.0, 0.0, 1.0]
            ]
        },
        {
            "name": "Thigh_L",
            "time": [0.0, 0.05, 0.1, 0.2, 0.5],
            "transform": [
                [0.788684, -0.262293, 0.556039, -0.125006, -0.012687, -0.911176, -0.411821, -0.002831, 0.614667, 0.317743, -0.721958, -1.2e-05, 0.0, 0.0, 0.0, 1.0],
                [0.996173, -0.021185, -0.084794, -0.125181, 0.009521, -0.938105, 0.346221, -0.002831, -0.086881, -0.345703, -0.934313, 6e-06, 0.0, 0.0, 0.0, 1.0],
                [0.657025, -0.360841, -0.6619, -0.151776, 0.003793, -0.876411, 0.481548, -0.002831, -0.753858, -0.318899, -0.574456, 0.030243, 0.0, 0.0, 0.0, 1.0],
                [0.609393, -0.382444, -0.694532, -0.157586, -0.001104, -0.876384, 0.481611, -0.002831, -0.792866, -0.292724, -0.534486, 0.041712, 0.0, 0.0, 0.0, 1.0],
                [0.609393, -0.382444, -0.694532, -0.157586, -0.001104, -0.876384, 0.481611, -0.002831, -0.792866, -0.292724, -0.534486, 0.041712, 0.0, 0.0, 0.0, 1.0]
            ]
        },
        {
            "name": "Leg_L",
            "time": [0.0, 0.05, 0.1, 0.2, 0.5],
            "transform": [
                [1.0, 0.0, 2e-06, -0.0, -0.0, 0.999952, 0.009698, 0.37472, -2e-06, -0.009698, 0.999954, -0.0, 0.0, 0.0, 0.0, 1.0],
                [1.0, -1e-06, 1e-06, -0.0, -1e-06, 0.146276, 0.989245, 0.37472, -1e-06, -0.989243, 0.146276, -0.0, 0.0, 0.0, 0.0, 1.0],
                [1.0, -1e-06, 2.4e-05, 0.0, -1.2e-05, 0.84505, 0.534687, 0.37472, -2e-05, -0.534686, 0.845052, 0.0, 0.0, 0.0, 0.0, 1.0],
                [1.0, -1e-06, 8e-06, -0.0, -3e-06, 0.876822, 0.480813, 0.37472, -7e-06, -0.480812, 0.876824, 0.0, 0.0, 0.0, 0.0, 1.0],
                [1.0, -1e-06, 8e-06, -0.0, -3e-06, 0.876822, 0.480813, 0.37472, -7e-06, -0.480812, 0.876824, 0.0, 0.0, 0.0, 0.0, 1.0]
            ]
        },
        {
            "name": "Knee_L",
            "time": [0.0, 0.05, 0.1, 0.5],
            "transform": [
                [1.0, 0.0, -0.0, -0.0, -0.0, 1e-06, -1.0, 0.37472, -0.0, 1.0, 1e-06, -0.0, 0.0, 0.0, 0.0, 1.0],
                [1.0, 0.0, -0.0, -0.000145, -0.0, 1e-06, -1.0, 0.459706, -0.0, 1.0, 1e-06, 0.001765, 0.0, 0.0, 0.0, 1.0],
                [1.0, 0.0, -0.0, 0.0, -0.0, 1e-06, -1.0, 0.389555, -0.0, 1.0, 1e-06, 0.0, 0.0, 0.0, 0.0, 1.0],
                [1.0, 0.0, -0.0, -0.0, -0.0, 1e-06, -1.0, 0.389555, -0.0, 1.0, 1e-06, 0.0, 0.0, 0.0, 0.0, 1.0]
            ]
        },
        {
            "name": "Torso",
            "time": [0.0, 0.05, 0.1, 0.2, 0.5],
            "transform": [
                [1.0, 0.0, 0.0, -0.0, -0.0, 1.0, 0.0, 0.05, 0.0, 0.0, 1.0, 0.0, 0.0, 0.0, 0.0, 1.0],
                [0.999997, 0.002499, 4.4e-05, -0.0, -0.002499, 0.999684, 0.025032, 0.05, 1.9e-05, -0.025032, 0.999687, 0.0, 0.0, 0.0, 0.0, 1.0],
                [0.999988, 0.004996, 0.00015, 0.0, -0.004997, 0.998734, 0.050047, 0.05, 0.0001, -0.050047, 0.998747, 0.0, 0.0, 0.0, 0.0, 1.0],
                [0.999986, 0.005213, 0.000162, -0.0, -0.005214, 0.998622, 0.052221, 0.05, 0.00011, -0.052221, 0.998636, 0.0, 0.0, 0.0, 0.0, 1.0],
                [0.999986, 0.005213, 0.000162, -0.0, -0.005214, 0.998622, 0.052221, 0.05, 0.00011, -0.052221, 0.998636, 0.0, 0.0, 0.0, 0.0, 1.0]
            ]
        },
        {
            "name": "Chest",
            "time": [0.0, 0.05, 0.1, 0.2, 0.5],
            "transform": [
                [0.996764, -0.080373, 0.00167, 0.0, 0.080373, 0.995902, -0.041458, 0.3, 0.001669, 0.041459, 0.999139, -0.0, 0.0, 0.0, 0.0, 1.0],
                [0.999121, -0.041918, -0.000286, 0.0, 0.041918, 0.999028, 0.013642, 0.3, -0.000286, -0.013642, 0.999907, -0.0, 0.0, 0.0, 0.0, 1.0],
                [0.999994, -0.003352, -0.000115, 0.0, 0.003352, 0.997629, 0.068738, 0.3, -0.000115, -0.068738, 0.997635, 0.0, 0.0, 0.0, 0.0, 1.0],
                [1.0, -0.0, 0.0, -0.0, 0.0, 0.997294, 0.07352, 0.3, -0.0, -0.07352, 0.997294, 0.0, 0.0, 0.0, 0.0, 1.0],
                [1.0, -0.0, 0.0, -0.0, 0.0, 0.997294, 0.07352, 0.3, -0.0, -0.07352, 0.997294, 0.0, 0.0, 0.0, 0.0, 1.0]
            ]
        },
        {
            "name": "Head",
            "time": [0.0, 0.05, 0.1, 0.2, 0.5],
            "transform": [
                [0.771475, 0.06811, -0.632604, 0.0, -0.035151, 0.997298, 0.064508, 0.4, 0.635288, -0.02753, 0.771784, -0.0, 0.0, 0.0, 0.0, 1.0],
                [0.996066, 0.038209, 0.079957, -0.0, -0.037325, 0.999225, -0.012518, 0.4, -0.080374, 0.009484, 0.99672, 0.0, 0.0, 0.0, 0.0, 1.0],
                [0.654544, -0.030334, 0.755415, -0.0, 0.091032, 0.995087, -0.038918, 0.4, -0.750523, 0.09424, 0.65409, 0.0, 0.0, 0.0, 0.0, 1.0],
                [0.61939, -0.013268, 0.784971, -0.0, 0.104829, 0.992301, -0.065944, 0.4, -0.778053, 0.123133, 0.616013, -0.0, 0.0, 0.0, 0.0, 1.0],
                [0.61939, -0.013268, 0.784971, -0.0, 0.104829, 0.992301, -0.065944, 0.4, -0.778053, 0.123133, 0.616013, -0.0, 0.0, 0.0, 0.0, 1.0]
            ]
        },
        {
            "name": "Shoulder_R",
            "time": [0.0, 0.05, 0.1, 0.2, 0.5],
            "transform": [
                [0.694749, 0.68481, 0.219905, 0.0, -0.003, -0.302979, 0.952992, 0.4, 0.719246, -0.66275, -0.20844, -0.0, 0.0, 0.0, 0.0, 1.0],
                [0.203844, 0.923934, 0.323716, -0.0, -0.005703, -0.329533, 0.944127, 0.4, 0.978987, -0.194301, -0.061904, 0.0, 0.0, 0.0, 0.0, 1.0],
                [-0.349799, 0.875601, 0.333111, -0.0, 0.006946, -0.35314, 0.935545, 0.4, 0.936799, 0.329566, 0.117446, 0.0, 0.0, 0.0, 0.0, 1.0],
                [-0.393665, 0.858256, 0.329279, -0.0, 0.008615, -0.354742, 0.934924, 0.4, 0.919213, 0.370884, 0.132256, -0.0, 0.0, 0.0, 0.0, 1.0],
                [-0.393665, 0.858256, 0.329279, -0.0, 0.008615, -0.354742, 0.934924, 0.4, 0.919213, 0.370884, 0.132256, -0.0, 0.0, 0.0, 0.0, 1.0]
            ]
        },
        {
            "name": "Arm_R",
            "time": [0.0, 0.05, 0.1, 0.2, 0.5],
            "transform": [
                [0.074391, -0.953831, -0.290986, -0.0, -0.212928, 0.269873, -0.939058, 0.393861, 0.974232, 0.131817, -0.183021, 0.0, 0.0, 0.0, 0.0, 1.0],
                [0.096595, -0.542423, -0.834533, -0.0, -0.014907, 0.837572, -0.546124, 0.39386, 0.995212, 0.065194, 0.072819, 0.0, 0.0, 0.0, 0.0, 1.0],
                [0.239438, 0.111723, -0.964462, 0.0, 0.121908, 0.982037, 0.144024, 0.39386, 0.963228, -0.152061, 0.221517, 0.0, 0.0, 0.0, 0.0, 1.0],
                [0.254474, 0.165585, -0.952798, -0.0, 0.127752, 0.970843, 0.202841, 0.39386, 0.958605, -0.173339, 0.225901, 0.0, 0.0, 0.0, 0.0, 1.0],
                [0.254474, 0.165585, -0.952798, -0.0, 0.127752, 0.970843, 0.202841, 0.39386, 0.958605, -0.173339, 0.225901, 0.0, 0.0, 0.0, 0.0, 1.0]
            ]
        },
        {
            "name": "Hand_R",
            "time": [0.0, 0.05, 0.1, 0.2, 0.5],
            "transform": [
                [0.999991, -0.002355, -0.003486, -0.0, 0.000663, 0.906423, -0.422372, 0.3, 0.004155, 0.422366, 0.906416, 0.0, 0.0, 0.0, 0.0, 1.0],
                [0.999997, -0.000988, -0.001978, -0.0, 0.00063, 0.984858, -0.173363, 0.3, 0.002119, 0.173361, 0.984856, -0.0, 0.0, 0.0, 0.0, 1.0],
                [1.0, -5.7e-05, -0.000167, 0.0, 7.2e-05, 0.996168, 0.087462, 0.3, 0.000161, -0.087462, 0.996168, 0.0, 0.0, 0.0, 0.0, 1.0],
                [1.0, 0.0, 0.0, 0.0, -0.0, 0.993938, 0.109947, 0.3, -0.0, -0.109947, 0.993938, -0.0, 0.0, 0.0, 0.0, 1.0],
                [1.0, 0.0, 0.0, 0.0, -0.0, 0.993938, 0.109947, 0.3, -0.0, -0.109947, 0.993938, -0.0, 0.0, 0.0, 0.0, 1.0]
            ]
        },
        {
            "name": "Tool_R",
            "time": [0.0, 0.05, 0.1, 0.2, 0.5],
            "transform": [
                [0.999706, -0.024177, -0.001751, 0.001666, -0.023213, -0.934034, -0.35643, 0.265297, 0.006977, 0.356145, -0.933771, 0.052355, 0.0, 0.0, 0.0, 1.0],
                [0.999785, -0.008159, -0.019078, 0.001665, -0.017224, -0.839066, -0.543756, 0.265297, -0.011565, 0.543637, -0.838536, 0.052355, 0.0, 0.0, 0.0, 1.0],
                [0.999404, 0.011127, -0.032668, 0.001666, -0.015243, -0.70694, -0.70711, 0.265297, -0.030944, 0.70676, -0.705939, 0.052355, 0.0, 0.0, 0.0, 1.0],
                [0.99935, 0.012922, -0.033647, 0.001666, -0.015264, -0.69394, -0.719871, 0.265297, -0.032632, 0.719483, -0.692889, 0.052355, 0.0, 0.0, 0.0, 1.0],
                [0.99935, 0.012922, -0.033647, 0.001666, -0.015264, -0.69394, -0.719871, 0.265297, -0.032632, 0.719483, -0.692889, 0.052355, 0.0, 0.0, 0.0, 1.0]
            ]
        },
        {
            "name": "Elbow_R",
            "time": [0.0, 0.05, 0.1, 0.5],
            "transform": [
                [-1.0, 0.0, -0.0, -0.0, 0.0, -0.0, -1.0, 0.357914, -0.0, -1.0, 0.0, 0.0, 0.0, 0.0, 0.0, 1.0],
                [-1.0, 0.0, -0.0, -0.0, 0.0, 0.0, -1.0, 0.313989, -0.0, -1.0, 0.0, -0.0, 0.0, 0.0, 0.0, 1.0],
                [-1.0, 0.0, -0.0, 0.0, 0.0, -0.0, -1.0, 0.3, -0.0, -1.0, 0.0, 0.0, 0.0, 0.0, 0.0, 1.0],
                [-1.0, 0.0, -0.0, 0.0, 0.0, -0.0, -1.0, 0.3, -0.0, -1.0, 0.0, -0.0, 0.0, 0.0, 0.0, 1.0]
            ]
        },
        {
            "name": "Shoulder_L",
            "time": [0.0, 0.05, 0.1, 0.2, 0.5],
            "transform": [
                [-0.196368, -0.933576, -0.299791, 0.0, -3e-06, -0.305743, 0.952114, 0.4, -0.98053, 0.186966, 0.060036, -0.0, 0.0, 0.0, 0.0, 1.0],
                [-0.102747, -0.947074, -0.304127, -0.0, -3.8e-05, -0.305742, 0.952115, 0.4, -0.994707, 0.097838, 0.031378, 0.0, 0.0, 0.0, 0.0, 1.0],
                [-0.008205, -0.952082, -0.305733, -0.0, -7.1e-05, -0.305743, 0.952114, 0.4, -0.999966, 0.007834, 0.002441, 0.0, 0.0, 0.0, 0.0, 1.0],
                [0.0, -0.952114, -0.305743, -0.0, 0.0, -0.305743, 0.952114, 0.4, -1.0, -0.0, 0.0, -0.0, 0.0, 0.0, 0.0, 1.0],
                [0.0, -0.952114, -0.305743, -0.0, 0.0, -0.305743, 0.952114, 0.4, -1.0, -0.0, 0.0, -0.0, 0.0, 0.0, 0.0, 1.0]
            ]
        },
        {
            "name": "Arm_L",
            "time": [0.0, 0.5],
            "transform": [
                [-0.082797, -0.716628, 0.692524, 0.0, -0.94145, 0.284145, 0.181477, 0.39386, -0.326828, -0.636951, -0.698196, -0.0, 0.0, 0.0, 0.0, 1.0],
                [-0.082797, -0.716628, 0.692524, 0.0, -0.94145, 0.284144, 0.181477, 0.39386, -0.326828, -0.636951, -0.698196, -0.0, 0.0, 0.0, 0.0, 1.0]
            ]
        },
        {
            "name": "Hand_L",
            "time": [0.0, 0.05, 0.1, 0.2, 0.5],
            "transform": [
                [1.019833, -0.018145, 0.038621, 0.0, 0.043094, 0.288754, -0.956472, 0.3, 0.006332, 0.957231, 0.289257, 0.0, 0.0, 0.0, 0.0, 1.0],
                [1.019833, -0.018145, 0.038621, -0.0, 0.043094, 0.288754, -0.956472, 0.3, 0.006332, 0.957231, 0.289257, 0.0, 0.0, 0.0, 0.0, 1.0],
                [1.019833, -0.018145, 0.038621, 0.0, 0.043094, 0.288753, -0.956472, 0.3, 0.006332, 0.957232, 0.289256, 0.0, 0.0, 0.0, 0.0, 1.0],
                [1.019833, -0.018145, 0.038621, -0.0, 0.043094, 0.288753, -0.956472, 0.3, 0.006332, 0.957232, 0.289257, 0.0, 0.0, 0.0, 0.0, 1.0],
                [1.019833, -0.018145, 0.038621, -0.0, 0.043094, 0.288754, -0.956472, 0.3, 0.006332, 0.957232, 0.289257, 0.0, 0.0, 0.0, 0.0, 1.0]
            ]
        },
        {
            "name": "Tool_L",
            "time": [0.0, 0.5],
            "transform": [
                [0.997004, 0.01104, -0.076554, -0.0, -0.036659, -0.804079, -0.593391, 0.272858, -0.068067, 0.594062, -0.8008, -0.0, 0.0, 0.0, 0.0, 1.0],
                [0.997004, 0.01104, -0.076554, 0.0, -0.036659, -0.804079, -0.593392, 0.272858, -0.068067, 0.594062, -0.8008, -0.0, 0.0, 0.0, 0.0, 1.0]
            ]
        },
        {
            "name": "Elbow_L",
            "time": [0.0, 0.5],
            "transform": [
                [-1.0, 0.0, -0.0, -3.7e-05, 0.0, -0.0, -1.0, 0.429944, -0.0, -1.0, 0.0, 0.000195, 0.0, 0.0, 0.0, 1.0],
                [-1.0, 0.0, -0.0, -3.7e-05, 0.0, -0.0, -1.0, 0.429944, -0.0, -1.0, -0.0, 0.000195, 0.0, 0.0, 0.0, 1.0]
            ]
        }
    ]
}