{
    "animation": [
        {
            "name": "Root",
            "time": [0.0, 0.0833, 0.15, 0.2167, 0.6167],
            "transform": [
                [-0.565484, 0.000332, -0.82476, -5e-06, -0.76989, 0.358438, 0.528007, 0.000946, 0.2958, 0.933554, -0.202435, 0.763972, 0.0, 0.0, 0.0, 1.0],
                [-0.873604, -0.075254, 0.480784, -5e-06, 0.419711, 0.383502, 0.822659, 0.000946, -0.24629, 0.920469, -0.303444, 0.763972, 0.0, 0.0, 0.0, 1.0],
                [0.732721, -0.044947, 0.679043, -5e-06, 0.624706, 0.440206, -0.644951, 0.000946, -0.26993, 0.896771, 0.350627, 0.763972, 0.0, 0.0, 0.0, 1.0],
                [0.821867, -0.038053, 0.568407, -5e-06, 0.523956, 0.442145, -0.727995, 0.000946, -0.223616, 0.896136, 0.383323, 0.763972, 0.0, 0.0, 0.0, 1.0],
                [0.821867, -0.038053, 0.568407, -5e-06, 0.523956, 0.442145, -0.727995, 0.000946, -0.223616, 0.896136, 0.383323, 0.763972, 0.0, 0.0, 0.0, 1.0]
            ]
        },
        {
            "name": "Thigh_R",
            "time": [0.0, 0.0833, 0.15, 0.2167, 0.6167],
            "transform": [
                [0.999939, 0.010332, 0.003779, 0.13149, 0.005945, -0.79648, 0.604634, -0.004, 0.009257, -0.604573, -0.796495, 0.003416, 0.0, 0.0, 0.0, 1.0],
                [0.554522, 0.02116, 0.8319, 0.160724, -0.207671, -0.964527, 0.162963, -0.00918, 0.805839, -0.263127, -0.530459, 0.030297, 0.0, 0.0, 0.0, 1.0],
                [0.810829, 0.084646, 0.57913, 0.160724, -0.049412, -0.976052, 0.211842, -0.00918, 0.583193, -0.200383, -0.787231, 0.030297, 0.0, 0.0, 0.0, 1.0],
                [0.838651, 0.095357, 0.536257, 0.160724, -0.025794, -0.976496, 0.21398, -0.00918, 0.544058, -0.193286, -0.816481, 0.030297, 0.0, 0.0, 0.0, 1.0],
                [0.838651, 0.095357, 0.536257, 0.160724, -0.025794, -0.976496, 0.21398, -0.00918, 0.544058, -0.193286, -0.816481, 0.030297, 0.0, 0.0, 0.0, 1.0]
            ]
        },
        {
            "name": "Leg_R",
            "time": [0.0, 0.0833, 0.6167],
            "transform": [
                [0.999662, -0.013853, -0.021994, 0.0, 0.025875, 0.449888, 0.892709, 0.37472, -0.002472, -0.892978, 0.450094, 0.0, 0.0, 0.0, 0.0, 1.0],
                [0.999998, 0.000558, 0.001763, 0.0, -0.001714, 0.63703, 0.770837, 0.37472, -0.000694, -0.77084, 0.637029, -0.0, 0.0, 0.0, 0.0, 1.0],
                [0.999998, 0.000558, 0.001763, -0.0, -0.001715, 0.63703, 0.770837, 0.37472, -0.000694, -0.77084, 0.637029, -0.0, 0.0, 0.0, 0.0, 1.0]
            ]
        },
        {
            "name": "Knee_R",
            "time": [0.0, 0.0833, 0.6167],
            "transform": [
                [1.0, 0.0, -0.0, 0.0, -0.0, 1e-06, -1.0, 0.432679, -0.0, 1.0, 1e-06, -0.0, 0.0, 0.0, 0.0, 1.0],
                [1.0, 0.0, -0.0, 0.0, -0.0, 1e-06, -1.0, 0.414567, -0.0, 1.0, 1e-06, -0.0, 0.0, 0.0, 0.0, 1.0],
                [1.0, 0.0, -0.0, -0.0, -0.0, 1e-06, -1.0, 0.414567, -0.0, 1.0, 1e-06, -0.0, 0.0, 0.0, 0.0, 1.0]
            ]
        },
        {
            "name": "Thigh_L",
            "time": [0.0, 0.0833, 0.15, 0.2167, 0.6167],
            "transform": [
                [0.99983, -0.01836, -0.001037, -0.137766, -0.018044, -0.990355, 0.137373, -0.001159, -0.003549, -0.137331, -0.990518, -0.004302, 0.0, 0.0, 0.0, 1.0],
                [0.547739, -0.154827, 0.822198, -0.1595, -0.222212, -0.974354, -0.035444, 0.007194, 0.8066, -0.163288, -0.568096, -0.037275, 0.0, 0.0, 0.0, 1.0],
                [0.8102, -0.07661, 0.581124, -0.143064, -0.017722, -0.99417, -0.106353, 0.001105, 0.585884, 0.075869, -0.806835, -0.013452, 0.0, 0.0, 0.0, 1.0],
                [0.838746, -0.058737, 0.541345, -0.140716, 0.009135, -0.992508, -0.121842, 0.000236, 0.544445, 0.107141, -0.831925, -0.010049, 0.0, 0.0, 0.0, 1.0],
                [0.838746, -0.058737, 0.541345, -0.140716, 0.009135, -0.992508, -0.121842, 0.000236, 0.544445, 0.107141, -0.831925, -0.010049, 0.0, 0.0, 0.0, 1.0]
            ]
        },
        {
            "name": "Leg_L",
            "time": [0.0, 0.6167],
            "transform": [
                [1.0, 0.0, 1e-06, -0.0, -0.0, 1.0, 0.0, 0.37472, -1e-06, -0.0, 1.0, 0.0, 0.0, 0.0, 0.0, 1.0],
                [1.0, 0.0, 1e-06, 0.0, -0.0, 1.0, 0.0, 0.37472, -1e-06, -0.0, 1.0, 0.0, 0.0, 0.0, 0.0, 1.0]
            ]
        },
        {
            "name": "Knee_L",
            "time": [0.0, 0.6167],
            "transform": [
                [1.0, 0.0, -0.0, -0.0, -0.0, 1e-06, -1.0, 0.37472, -0.0, 1.0, 1e-06, -0.0, 0.0, 0.0, 0.0, 1.0],
                [1.0, 0.0, -0.0, 0.0, -0.0, 1e-06, -1.0, 0.37472, -0.0, 1.0, 1e-06, 0.0, 0.0, 0.0, 0.0, 1.0]
            ]
        },
        {
            "name": "Torso",
            "time": [0.0, 0.6167],
            "transform": [
                [1.0, 0.0, -0.0, -0.0, -0.0, 1.0, -0.0, 0.05, -0.0, -0.0, 1.0, 0.0, 0.0, 0.0, 0.0, 1.0],
                [1.0, -0.0, 0.0, -0.0, 0.0, 1.0, 0.0, 0.05, 0.0, 0.0, 1.0, 0.0, 0.0, 0.0, 0.0, 1.0]
            ]
        },
        {
            "name": "Chest",
            "time": [0.0, 0.0833, 0.6167],
            "transform": [
                [1.0, -0.0, -0.0, -0.0, -0.0, 1.0, -0.0, 0.3, 0.0, -0.0, 1.0, 0.0, 0.0, 0.0, 0.0, 1.0],
                [0.999808, -0.019613, -0.000173, -0.0, 0.019613, 0.999653, 0.017604, 0.3, -0.000172, -0.017604, 0.999845, 0.0, 0.0, 0.0, 0.0, 1.0],
                [0.999808, -0.019613, -0.000173, -0.0, 0.019613, 0.999653, 0.017604, 0.3, -0.000172, -0.017604, 0.999845, 0.0, 0.0, 0.0, 0.0, 1.0]
            ]
        },
        {
            "name": "Head",
            "time": [0.0, 0.0833, 0.15, 0.2167, 0.6167],
            "transform": [
                [0.863078, 0.001116, -0.50507, 0.0, -0.001502, 0.999999, -0.000356, 0.4, 0.505069, 0.001066, 0.863079, -0.0, 0.0, 0.0, 0.0, 1.0],
                [0.032673, -0.183157, -0.982541, -0.0, -0.020041, 0.982748, -0.183862, 0.4, 0.999265, 0.025698, 0.028439, -0.0, 0.0, 0.0, 0.0, 1.0],
                [0.774207, -0.208568, -0.597581, -0.0, -0.059227, 0.91613, -0.396481, 0.4, 0.630156, 0.342351, 0.696921, 0.0, 0.0, 0.0, 0.0, 1.0],
                [0.84362, -0.189975, -0.502211, 0.0, -0.049275, 0.90398, -0.424727, 0.4, 0.534676, 0.383054, 0.753254, -0.0, 0.0, 0.0, 0.0, 1.0],
                [0.84362, -0.189975, -0.502211, 0.0, -0.049275, 0.90398, -0.424727, 0.4, 0.534676, 0.383054, 0.753254, -0.0, 0.0, 0.0, 0.0, 1.0]
            ]
        },
        {
            "name": "Shoulder_R",
            "time": [0.0, 0.0833, 0.15, 0.2167, 0.6167],
            "transform": [
                [0.576903, 0.807926, 0.120161, 0.0, 0.235328, -0.305272, 0.922729, 0.4, 0.782179, -0.504048, -0.36624, -0.0, 0.0, 0.0, 0.0, 1.0],
                [-0.178881, 0.936079, 0.302915, -0.0, -0.01026, -0.309639, 0.950799, 0.4, 0.983817, 0.166972, 0.064993, -0.0, 0.0, 0.0, 0.0, 1.0],
                [-0.300887, 0.90656, 0.296, -0.0, 0.002168, -0.309732, 0.950821, 0.4, 0.953657, 0.286731, 0.091229, 0.0, 0.0, 0.0, 0.0, 1.0],
                [-0.317958, 0.901125, 0.294746, 0.0, 0.00394, -0.309621, 0.950852, 0.4, 0.948096, 0.303492, 0.094896, -0.0, 0.0, 0.0, 0.0, 1.0],
                [-0.317958, 0.901125, 0.294746, 0.0, 0.00394, -0.309621, 0.950852, 0.4, 0.948096, 0.303492, 0.094896, -0.0, 0.0, 0.0, 0.0, 1.0]
            ]
        },
        {
            "name": "Arm_R",
            "time": [0.0, 0.0833, 0.15, 0.2167, 0.6167],
            "transform": [
                [-0.33846, -0.677483, 0.653041, -0.0, -0.654175, -0.329446, -0.680824, 0.39386, 0.676388, -0.657634, -0.331688, 0.0, 0.0, 0.0, 0.0, 1.0],
                [-0.210011, -0.460175, -0.862632, -0.0, -0.927793, 0.372088, 0.027382, 0.39386, 0.308375, 0.806095, -0.50509, 0.0, 0.0, 0.0, 0.0, 1.0],
                [0.028205, 0.772111, -0.634861, 0.0, -0.699056, 0.469212, 0.539593, 0.39386, 0.71451, 0.428584, 0.552983, -0.0, 0.0, 0.0, 0.0, 1.0],
                [0.098571, 0.863852, -0.494008, 0.0, -0.677944, 0.421697, 0.602133, 0.393861, 0.728475, 0.275556, 0.62721, -0.0, 0.0, 0.0, 0.0, 1.0],
                [0.098571, 0.863852, -0.494008, 0.0, -0.677944, 0.421697, 0.602133, 0.393861, 0.728475, 0.275556, 0.62721, -0.0, 0.0, 0.0, 0.0, 1.0]
            ]
        },
        {
            "name": "Hand_R",
            "time": [0.0, 0.0833, 0.15, 0.2167, 0.6167],
            "transform": [
                [1.0, 0.0, 0.0, 0.0, -0.0, 0.993937, 0.109947, 0.3, -0.0, -0.109947, 0.993937, 0.0, 0.0, 0.0, 0.0, 1.0],
                [0.999835, -0.009074, -0.015734, 0.0, -0.005849, 0.659269, -0.751884, 0.3, 0.017196, 0.751852, 0.659108, -0.0, 0.0, 0.0, 0.0, 1.0],
                [0.999997, -0.000232, -0.002287, -0.0, 0.000216, 0.999976, -0.006925, 0.3, 0.002289, 0.006924, 0.999973, 0.0, 0.0, 0.0, 0.0, 1.0],
                [1.0, 0.0, 0.0, -0.0, 0.0, 0.993937, 0.109947, 0.3, -0.0, -0.109947, 0.993937, 0.0, 0.0, 0.0, 0.0, 1.0],
                [1.0, -0.0, 0.0, 0.0, 0.0, 0.993937, 0.109947, 0.3, -0.0, -0.109947, 0.993937, 0.0, 0.0, 0.0, 0.0, 1.0]
            ]
        },
        {
            "name": "Tool_R",
            "time": [0.0, 0.0833, 0.15, 0.2167, 0.6167],
            "transform": [
                [0.508194, 0.808834, -0.295849, 0.020272, 0.575711, -0.574524, -0.581789, 0.263336, -0.640158, 0.125258, -0.757182, 0.017287, 0.0, 0.0, 0.0, 1.0],
                [0.678052, 0.705841, -0.205025, 0.020272, 0.450992, -0.619787, -0.642239, 0.263336, -0.580042, 0.342797, -0.738145, 0.017287, 0.0, 0.0, 0.0, 1.0],
                [0.994035, 0.107967, -0.015415, 0.020272, 0.044025, -0.526556, -0.849, 0.263336, -0.099721, 0.842752, -0.527864, 0.017287, 0.0, 0.0, 0.0, 1.0],
                [0.999943, 0.008166, -0.006968, 0.020272, -0.002124, -0.485702, -0.874122, 0.263336, -0.010516, 0.873564, -0.485379, 0.017287, 0.0, 0.0, 0.0, 1.0],
                [0.999943, 0.008166, -0.006968, 0.020272, -0.002124, -0.485702, -0.874122, 0.263336, -0.010516, 0.873564, -0.485379, 0.017287, 0.0, 0.0, 0.0, 1.0]
            ]
        },
        {
            "name": "Elbow_R",
            "time": [0.0, 0.0833, 0.15, 0.2167, 0.6167],
            "transform": [
                [-1.0, 0.0, -0.0, 0.0, -0.0, -0.0, -1.0, 0.3, -0.0, -1.0, 0.0, 0.0, 0.0, 0.0, 0.0, 1.0],
                [-1.0, 0.0, 0.0, 0.0, 0.0, -0.0, -1.0, 0.387382, -0.0, -1.0, 0.0, -0.0, 0.0, 0.0, 0.0, 1.0],
                [-1.0, 0.0, 0.0, -0.0, 0.0, 0.0, -1.0, 0.310923, -0.0, -1.0, 0.0, 0.0, 0.0, 0.0, 0.0, 1.0],
                [-1.0, 0.0, -0.0, -0.0, 0.0, -0.0, -1.0, 0.3, -0.0, -1.0, 0.0, 0.0, 0.0, 0.0, 0.0, 1.0],
                [-1.0, 0.0, -0.0, 0.0, -0.0, -0.0, -1.0, 0.3, -0.0, -1.0, 0.0, 0.0, 0.0, 0.0, 0.0, 1.0]
            ]
        },
        {
            "name": "Shoulder_L",
            "time": [0.0, 0.0833, 0.15, 0.2167, 0.6167],
            "transform": [
                [0.36618, -0.889578, -0.273062, 0.0, -0.000379, -0.293586, 0.955933, 0.4, -0.930544, -0.34994, -0.107843, -0.0, 0.0, 0.0, 0.0, 1.0],
                [0.36618, -0.889578, -0.273062, -0.0, -0.000378, -0.293586, 0.955933, 0.4, -0.930544, -0.34994, -0.107842, -0.0, 0.0, 0.0, 0.0, 1.0],
                [-0.085871, -0.928762, -0.360592, -0.0, -0.033054, -0.359074, 0.932724, 0.4, -0.995758, 0.092013, 0.000134, 0.0, 0.0, 0.0, 0.0, 1.0],
                [-0.150412, -0.917373, -0.368513, 0.0, -0.040136, -0.36678, 0.929441, 0.4, -0.987808, 0.15459, 0.018349, -0.0, 0.0, 0.0, 0.0, 1.0],
                [-0.150412, -0.917373, -0.368513, 0.0, -0.040136, -0.36678, 0.929441, 0.4, -0.987808, 0.15459, 0.018349, -0.0, 0.0, 0.0, 0.0, 1.0]
            ]
        },
        {
            "name": "Arm_L",
            "time": [0.0, 0.0833, 0.15, 0.2167, 0.6167],
            "transform": [
                [-0.600386, -0.277462, 0.750035, 0.0, -0.708193, 0.620134, -0.337485, 0.39386, -0.371483, -0.73379, -0.568816, 0.0, 0.0, 0.0, 0.0, 1.0],
                [-0.595611, -0.430279, 0.678312, 0.0, -0.710929, 0.675463, -0.195779, 0.39386, -0.373935, -0.598839, -0.708212, -0.0, 0.0, 0.0, 0.0, 1.0],
                [-0.338273, -0.405883, 0.849017, -0.0, -0.822942, 0.565189, -0.057689, 0.39386, -0.45644, -0.718206, -0.525206, -0.0, 0.0, 0.0, 0.0, 1.0],
                [-0.298659, -0.398352, 0.867248, 0.0, -0.834592, 0.549762, -0.034892, 0.39386, -0.462881, -0.734219, -0.496653, -0.0, 0.0, 0.0, 0.0, 1.0],
                [-0.298659, -0.398351, 0.867248, -0.0, -0.834592, 0.549762, -0.034892, 0.39386, -0.462881, -0.734219, -0.496653, -0.0, 0.0, 0.0, 0.0, 1.0]
            ]
        },
        {
            "name": "Hand_L",
            "time": [0.0, 0.6167],
            "transform": [
                [0.998618, -0.02741, 0.04484, 0.0, 0.052475, 0.566796, -0.822186, 0.3, -0.002879, 0.823402, 0.567451, 0.0, 0.0, 0.0, 0.0, 1.0],
                [0.998618, -0.02741, 0.04484, 0.0, 0.052475, 0.566796, -0.822186, 0.3, -0.002879, 0.823402, 0.567451, -0.0, 0.0, 0.0, 0.0, 1.0]
            ]
        },
        {
            "name": "Tool_L",
            "time": [0.0, 0.0833, 0.6167],
            "transform": [
                [0.981422, -0.179776, 0.067015, 0.088092, -0.130152, -0.880461, -0.455904, 0.141162, 0.14088, 0.438445, -0.886985, -0.088018, 0.0, 0.0, 0.0, 1.0],
                [0.981422, -0.179776, 0.067015, 0.088092, -0.130152, -0.880461, -0.455904, 0.141162, 0.14088, 0.438444, -0.886985, -0.088018, 0.0, 0.0, 0.0, 1.0],
                [0.981422, -0.179776, 0.067015, 0.088092, -0.130152, -0.880461, -0.455904, 0.141162, 0.14088, 0.438444, -0.886985, -0.088018, 0.0, 0.0, 0.0, 1.0]
            ]
        },
        {
            "name": "Elbow_L",
            "time": [0.0, 0.0833, 0.6167],
            "transform": [
                [-1.0, 0.0, -0.0, 0.001992, 0.0, -0.0, -1.0, 0.40422, -0.0, -1.0, -0.0, 0.0072, 0.0, 0.0, 0.0, 1.0],
                [-1.0, 0.0, -0.0, 0.001992, 0.0, -0.0, -1.0, 0.40422, -0.0, -1.0, 0.0, 0.0072, 0.0, 0.0, 0.0, 1.0],
                [-1.0, 0.0, -0.0, 0.001992, 0.0, -0.0, -1.0, 0.40422, -0.0, -1.0, -0.0, 0.0072, 0.0, 0.0, 0.0, 1.0]
            ]
        }
    ]
}