{
    "animation": [
        {
            "name": "Root",
            "time": [0.0, 0.0833, 0.2, 0.3333, 0.5],
            "transform": [
                [0.61149, 0.0, -0.791252, -5e-06, -0.791252, 0.0, -0.61149, 0.000946, 0.0, 1.0, 0.0, 0.716067, 0.0, 0.0, 0.0, 1.0],
                [0.971967, 0.0, -0.235118, -5e-06, -0.235118, 0.0, -0.971967, 0.473061, 0.0, 1.0, 0.0, 0.763029, 0.0, 0.0, 0.0, 1.0],
                [0.758591, 0.0, 0.651567, -5e-06, 0.651567, 0.0, -0.758591, 0.99445, 0.0, 1.0, 0.0, 0.717046, 0.0, 0.0, 0.0, 1.0],
                [0.746846, 0.0, 0.664997, -5e-06, 0.664997, 0.0, -0.746846, 0.999425, 0.0, 1.0, 0.0, 0.716067, 0.0, 0.0, 0.0, 1.0],
                [0.746846, 0.0, 0.664997, -5e-06, 0.664997, 0.0, -0.746846, 0.999425, 0.0, 1.0, 0.0, 0.716067, 0.0, 0.0, 0.0, 1.0]
            ]
        },
        {
            "name": "Thigh_R",
            "time": [0.0, 0.0833, 0.2, 0.3333, 0.5],
            "transform": [
                [0.89904, 0.333699, 0.283498, 0.132936, 0.326728, -0.942291, 0.073024, -0.002414, 0.291506, 0.026976, -0.956189, 0.018536, 0.0, 0.0, 0.0, 1.0],
                [0.968181, -0.124774, -0.216922, 0.134052, 0.005304, -0.856402, 0.51628, -0.002588, -0.250192, -0.501002, -0.828493, 0.008546, 0.0, 0.0, 0.0, 1.0],
                [0.748359, 0.34316, 0.567626, 0.13558, -0.004042, -0.853392, 0.521252, -0.002826, 0.663281, -0.392376, -0.637258, -0.005154, 0.0, 0.0, 0.0, 1.0],
                [0.732148, 0.342332, 0.58887, 0.135613, 0.005595, -0.86752, 0.497368, -0.002831, 0.681122, -0.360851, -0.63707, -0.005445, 0.0, 0.0, 0.0, 1.0],
                [0.732148, 0.342332, 0.58887, 0.135613, 0.005595, -0.86752, 0.497368, -0.002831, 0.681122, -0.360851, -0.63707, -0.005445, 0.0, 0.0, 0.0, 1.0]
            ]
        },
        {
            "name": "Leg_R",
            "time": [0.0, 0.0833, 0.2, 0.3333, 0.5],
            "transform": [
                [1.0, -0.0, 0.0, -0.0, -0.0, 0.961916, 0.273352, 0.37472, -1e-06, -0.273353, 0.961912, -0.0, 0.0, 0.0, 0.0, 1.0],
                [1.0, -1e-06, 3e-06, -0.0, -3e-06, 0.29858, 0.954383, 0.37472, -2e-06, -0.954387, 0.298579, -0.0, 0.0, 0.0, 0.0, 1.0],
                [1.0, -0.0, 1e-06, 0.0, -0.0, 0.83387, 0.551963, 0.37472, -1e-06, -0.551965, 0.833866, -0.0, 0.0, 0.0, 0.0, 1.0],
                [1.0, -0.0, 1e-06, -0.0, -0.0, 0.861253, 0.508178, 0.37472, -1e-06, -0.50818, 0.86125, 0.0, 0.0, 0.0, 0.0, 1.0],
                [1.0, -0.0, 1e-06, -0.0, -0.0, 0.861253, 0.508178, 0.37472, -1e-06, -0.50818, 0.86125, 0.0, 0.0, 0.0, 0.0, 1.0]
            ]
        },
        {
            "name": "Knee_R",
            "time": [0.0, 0.0833, 0.2, 0.3333, 0.5],
            "transform": [
                [1.0, 0.0, -0.0, -0.0, -0.0, 1e-06, -1.0, 0.399479, -0.0, 1.0, 1e-06, -0.0, 0.0, 0.0, 0.0, 1.0],
                [1.0, 0.0, -0.0, 0.0, -0.0, 1e-06, -1.0, 0.446067, -0.0, 1.0, 1e-06, -0.0, 0.0, 0.0, 0.0, 1.0],
                [1.0, 0.0, -0.0, 0.0, -0.0, 1e-06, -1.0, 0.391378, -0.0, 1.0, 1e-06, -0.0, 0.0, 0.0, 0.0, 1.0],
                [1.0, 0.0, -0.0, 0.0, -0.0, 1e-06, -1.0, 0.389555, -0.0, 1.0, 1e-06, 0.0, 0.0, 0.0, 0.0, 1.0],
                [1.0, 0.0, -0.0, 0.0, -0.0, 1e-06, -1.0, 0.389555, -0.0, 1.0, 1e-06, 0.0, 0.0, 0.0, 0.0, 1.0]
            ]
        },
        {
            "name": "Thigh_L",
            "time": [0.0, 0.0833, 0.2, 0.3333, 0.5],
            "transform": [
                [0.571463, -0.393135, -0.720329, -0.125006, 0.016381, -0.872139, 0.488983, -0.002831, -0.820463, -0.291235, -0.491956, -1.2e-05, 0.0, 0.0, 0.0, 1.0],
                [0.825197, -0.024608, -0.564308, -0.128599, -0.004494, -0.999305, 0.037005, -0.002831, -0.564826, -0.028, -0.824734, 0.000359, 0.0, 0.0, 0.0, 1.0],
                [0.969342, -0.229191, 0.088572, -0.133525, -0.215861, -0.966535, -0.138616, -0.002831, 0.117378, 0.115248, -0.986377, 0.000863, 0.0, 0.0, 0.0, 1.0],
                [0.964646, -0.244031, 0.09953, -0.13363, -0.224767, -0.958971, -0.172783, -0.002831, 0.137611, 0.144304, -0.979918, 0.000874, 0.0, 0.0, 0.0, 1.0],
                [0.964646, -0.244031, 0.09953, -0.13363, -0.224767, -0.958971, -0.172783, -0.002831, 0.137611, 0.144304, -0.979918, 0.000874, 0.0, 0.0, 0.0, 1.0]
            ]
        },
        {
            "name": "Leg_L",
            "time": [0.0, 0.0833, 0.2, 0.3333, 0.5],
            "transform": [
                [1.0, -1e-06, 2e-06, 0.0, -0.0, 0.868884, 0.495015, 0.37472, -2e-06, -0.495014, 0.868886, -0.0, 0.0, 0.0, 0.0, 1.0],
                [1.0, -0.0, 1e-06, 0.0, 0.0, 0.995184, 0.098011, 0.37472, -1e-06, -0.098011, 0.995186, 0.0, 0.0, 0.0, 0.0, 1.0],
                [1.0, -0.0, 2e-06, -0.0, -0.0, 0.968806, 0.247815, 0.37472, -2e-06, -0.247815, 0.968808, 0.0, 0.0, 0.0, 0.0, 1.0],
                [1.0, -0.0, 2e-06, -0.0, -0.0, 0.984199, 0.17706, 0.37472, -2e-06, -0.177059, 0.984201, 0.0, 0.0, 0.0, 0.0, 1.0],
                [1.0, -0.0, 2e-06, -0.0, -0.0, 0.984199, 0.17706, 0.37472, -2e-06, -0.177059, 0.984201, 0.0, 0.0, 0.0, 0.0, 1.0]
            ]
        },
        {
            "name": "Knee_L",
            "time": [0.0, 0.0833, 0.2, 0.5],
            "transform": [
                [1.0, 0.0, -0.0, 0.0, -0.0, 1e-06, -1.0, 0.385758, -0.0, 1.0, 1e-06, -0.0, 0.0, 0.0, 0.0, 1.0],
                [1.0, 0.0, -0.0, -0.0, -0.0, 1e-06, -1.0, 0.354941, -0.0, 1.0, 1e-06, 0.0, 0.0, 0.0, 0.0, 1.0],
                [1.0, 0.0, -0.0, -0.0, -0.0, 1e-06, -1.0, 0.364124, -0.0, 1.0, 1e-06, -0.0, 0.0, 0.0, 0.0, 1.0],
                [1.0, 0.0, -0.0, -0.0, -0.0, 1e-06, -1.0, 0.364124, -0.0, 1.0, 1e-06, 0.0, 0.0, 0.0, 0.0, 1.0]
            ]
        },
        {
            "name": "Torso",
            "time": [0.0, 0.0833, 0.2, 0.3333, 0.5],
            "transform": [
                [1.0, 0.0, 0.0, -0.0, 0.0, 1.0, 0.0, 0.05, -0.0, 0.0, 1.0, 0.0, 0.0, 0.0, 0.0, 1.0],
                [0.999921, 0.012567, 0.000563, 0.0, -0.01258, 0.998838, 0.046517, 0.05, 2.3e-05, -0.04652, 0.998917, 0.0, 0.0, 0.0, 0.0, 1.0],
                [0.999556, 0.029723, 0.002282, 0.0, -0.029793, 0.993475, 0.110088, 0.05, 0.001005, -0.110107, 0.993919, -0.0, 0.0, 0.0, 0.0, 1.0],
                [0.999545, 0.030086, 0.002331, 0.0, -0.030159, 0.993314, 0.111437, 0.05, 0.001038, -0.111456, 0.993769, -0.0, 0.0, 0.0, 0.0, 1.0],
                [0.999545, 0.030086, 0.002331, 0.0, -0.030159, 0.993314, 0.111437, 0.05, 0.001038, -0.111456, 0.993769, -0.0, 0.0, 0.0, 0.0, 1.0]
            ]
        },
        {
            "name": "Chest",
            "time": [0.0, 0.0833, 0.2, 0.3333, 0.5],
            "transform": [
                [0.999756, 0.022001, -0.002103, -0.0, -0.0221, 0.995858, -0.0882, 0.3, 0.000154, 0.088225, 0.996101, 0.0, 0.0, 0.0, 0.0, 1.0],
                [0.999917, 0.012879, -0.000794, -0.0, -0.012893, 0.999699, -0.020863, 0.3, 0.000525, 0.020872, 0.999782, -0.0, 0.0, 0.0, 0.0, 1.0],
                [1.0, 0.000269, -4e-06, -0.0, -0.000268, 0.997437, 0.071555, 0.3, 2.3e-05, -0.071555, 0.997437, -0.0, 0.0, 0.0, 0.0, 1.0],
                [1.0, -0.0, 0.0, 0.0, 0.0, 0.997294, 0.07352, 0.3, -0.0, -0.07352, 0.997294, -0.0, 0.0, 0.0, 0.0, 1.0],
                [1.0, -0.0, 0.0, 0.0, 0.0, 0.997294, 0.07352, 0.3, -0.0, -0.07352, 0.997294, -0.0, 0.0, 0.0, 0.0, 1.0]
            ]
        },
        {
            "name": "Head",
            "time": [0.0, 0.0833, 0.2, 0.3333, 0.5],
            "transform": [
                [0.598941, -0.001566, 0.800792, 0.0, -0.07068, 0.995992, 0.054812, 0.4, -0.797668, -0.089429, 0.596429, 0.0, 0.0, 0.0, 0.0, 1.0],
                [0.971674, -0.018726, 0.235581, -0.0, 0.026359, 0.999223, -0.029291, 0.4, -0.23485, 0.034671, 0.971413, 0.0, 0.0, 0.0, 0.0, 1.0],
                [0.793265, -0.015969, -0.608667, -0.0, -0.089723, 0.985677, -0.142795, 0.4, 0.602229, 0.167886, 0.780471, -0.0, 0.0, 0.0, 0.0, 1.0],
                [0.780004, -0.01751, -0.62553, 0.0, -0.093631, 0.98509, -0.144328, 0.4, 0.61873, 0.171145, 0.766735, 0.0, 0.0, 0.0, 0.0, 1.0],
                [0.780004, -0.01751, -0.62553, 0.0, -0.093631, 0.98509, -0.144328, 0.4, 0.61873, 0.171145, 0.766735, 0.0, 0.0, 0.0, 0.0, 1.0]
            ]
        },
        {
            "name": "Shoulder_R",
            "time": [0.0, 0.0833, 0.2, 0.3333, 0.5],
            "transform": [
                [0.177774, 0.932489, 0.314421, 0.0, 3.1e-05, -0.319516, 0.947581, 0.4, 0.984071, -0.168445, -0.056831, 0.0, 0.0, 0.0, 0.0, 1.0],
                [0.378065, 0.906338, 0.188727, -0.0, -0.010149, -0.199787, 0.979787, 0.4, 0.925723, -0.372338, -0.066334, 0.0, 0.0, 0.0, 0.0, 1.0],
                [0.500198, 0.849207, 0.169258, -0.0, 0.039986, -0.217912, 0.975149, 0.4, 0.864987, -0.481, -0.142955, -0.0, 0.0, 0.0, 0.0, 1.0],
                [0.502698, 0.847835, 0.168732, 0.0, 0.041022, -0.218363, 0.975005, 0.4, 0.863488, -0.483211, -0.14455, 0.0, 0.0, 0.0, 0.0, 1.0],
                [0.502698, 0.847835, 0.168732, 0.0, 0.041022, -0.218363, 0.975005, 0.4, 0.863488, -0.483211, -0.14455, 0.0, 0.0, 0.0, 0.0, 1.0]
            ]
        },
        {
            "name": "Arm_R",
            "time": [0.0, 0.0833, 0.2, 0.3333, 0.5],
            "transform": [
                [0.019556, 0.432283, -0.901526, -0.0, -0.272965, 0.869751, 0.411125, 0.393861, 0.961826, 0.238045, 0.135007, 0.0, 0.0, 0.0, 0.0, 1.0],
                [0.966457, 0.127971, -0.222679, 0.0, 0.179744, 0.282285, 0.942342, 0.393861, 0.183451, -0.950757, 0.249814, 0.0, 0.0, 0.0, 0.0, 1.0],
                [-0.176021, -0.778971, 0.601848, 0.0, 0.904934, -0.368685, -0.212525, 0.39386, 0.387444, 0.507224, 0.769813, 0.0, 0.0, 0.0, 0.0, 1.0],
                [-0.188337, -0.733707, 0.652843, -0.0, 0.889225, -0.409578, -0.20378, 0.39386, 0.416905, 0.542145, 0.729568, -0.0, 0.0, 0.0, 0.0, 1.0],
                [-0.188337, -0.733707, 0.652843, -0.0, 0.889225, -0.409578, -0.20378, 0.39386, 0.416905, 0.542145, 0.729568, -0.0, 0.0, 0.0, 0.0, 1.0]
            ]
        },
        {
            "name": "Hand_R",
            "time": [0.0, 0.0833, 0.2, 0.3333, 0.5],
            "transform": [
                [0.999973, 0.006152, 0.004037, 0.0, 0.001349, 0.386038, -0.922482, 0.3, -0.007234, 0.922463, 0.386019, 0.0, 0.0, 0.0, 0.0, 1.0],
                [0.999989, 0.002845, 0.003703, -0.0, 0.000964, 0.650147, -0.759808, 0.3, -0.004569, 0.759803, 0.650137, 0.0, 0.0, 0.0, 0.0, 1.0],
                [1.0, 1.8e-05, 9.7e-05, 0.0, -2.6e-05, 0.995921, 0.090234, 0.3, -9.5e-05, -0.090234, 0.995921, 0.0, 0.0, 0.0, 0.0, 1.0],
                [1.0, -0.0, 0.0, 0.0, 0.0, 0.993938, 0.109947, 0.3, -0.0, -0.109947, 0.993937, 0.0, 0.0, 0.0, 0.0, 1.0],
                [1.0, -0.0, 0.0, 0.0, 0.0, 0.993938, 0.109947, 0.3, -0.0, -0.109947, 0.993937, 0.0, 0.0, 0.0, 0.0, 1.0]
            ]
        },
        {
            "name": "Tool_R",
            "time": [0.0, 0.0833, 0.2, 0.3333, 0.5],
            "transform": [
                [0.999706, -0.024177, -0.001751, 0.001666, -0.023213, -0.934034, -0.35643, 0.265298, 0.006977, 0.356145, -0.933771, 0.052355, 0.0, 0.0, 0.0, 1.0],
                [0.138664, 0.082955, -0.98686, 0.001665, -0.24575, -0.962436, -0.115433, 0.265297, -0.958799, 0.258364, -0.113003, 0.052355, 0.0, 0.0, 0.0, 1.0],
                [0.166746, 0.792517, -0.586611, 0.001666, -0.284831, -0.530859, -0.79816, 0.265297, -0.943408, 0.299992, 0.137125, 0.052355, 0.0, 0.0, 0.0, 1.0],
                [0.170232, 0.803376, -0.570621, 0.001666, -0.284714, -0.514276, -0.808986, 0.265297, -0.942821, 0.299996, 0.141094, 0.052355, 0.0, 0.0, 0.0, 1.0],
                [0.170232, 0.803376, -0.570621, 0.001666, -0.284714, -0.514276, -0.808986, 0.265297, -0.942821, 0.299996, 0.141094, 0.052355, 0.0, 0.0, 0.0, 1.0]
            ]
        },
        {
            "name": "Elbow_R",
            "time": [0.0, 0.0833, 0.2, 0.3333, 0.5],
            "transform": [
                [-1.0, 0.0, -0.0, -0.0, 0.0, 0.0, -1.0, 0.417829, -0.0, -1.0, 0.0, -0.0, 0.0, 0.0, 0.0, 1.0],
                [-1.0, 0.0, -0.0, -0.0, 0.0, -0.0, -1.0, 0.38816, -0.0, -1.0, 0.0, 0.0, 0.0, 0.0, 0.0, 1.0],
                [-1.0, 0.0, -0.0, 0.0, 0.0, -0.0, -1.0, 0.303442, -0.0, -1.0, 0.0, 0.0, 0.0, 0.0, 0.0, 1.0],
                [-1.0, 0.0, -0.0, 0.0, 0.0, -0.0, -1.0, 0.3, -0.0, -1.0, 0.0, 0.0, 0.0, 0.0, 0.0, 1.0],
                [-1.0, 0.0, -0.0, 0.0, 0.0, -0.0, -1.0, 0.3, -0.0, -1.0, 0.0, 0.0, 0.0, 0.0, 0.0, 1.0]
            ]
        },
        {
            "name": "Shoulder_L",
            "time": [0.0, 0.0833, 0.2, 0.3333, 0.5],
            "transform": [
                [-0.228934, -0.932265, -0.280127, 0.0, 0.000444, -0.287869, 0.957669, 0.4, -0.973442, 0.219119, 0.066317, 0.0, 0.0, 0.0, 0.0, 1.0],
                [-0.134355, -0.946728, -0.292669, -0.0, -0.000266, -0.295313, 0.955401, 0.4, -0.990933, 0.128441, 0.039425, 0.0, 0.0, 0.0, 0.0, 1.0],
                [-0.002806, -0.952179, -0.305526, -0.0, -2.1e-05, -0.305527, 0.952183, 0.4, -0.999996, 0.002678, 0.000837, -0.0, 0.0, 0.0, 0.0, 1.0],
                [-0.0, -0.952114, -0.305743, 0.0, 0.0, -0.305743, 0.952114, 0.4, -1.0, 0.0, 0.0, 0.0, 0.0, 0.0, 0.0, 1.0],
                [-0.0, -0.952114, -0.305743, 0.0, 0.0, -0.305743, 0.952114, 0.4, -1.0, 0.0, 0.0, 0.0, 0.0, 0.0, 0.0, 1.0]
            ]
        },
        {
            "name": "Arm_L",
            "time": [0.0, 0.5],
            "transform": [
                [-0.082797, -0.716628, 0.692524, 0.0, -0.94145, 0.284144, 0.181477, 0.39386, -0.326828, -0.636951, -0.698196, 0.0, 0.0, 0.0, 0.0, 1.0],
                [-0.082797, -0.716628, 0.692524, 0.0, -0.94145, 0.284144, 0.181477, 0.39386, -0.326828, -0.636951, -0.698196, 0.0, 0.0, 0.0, 0.0, 1.0]
            ]
        },
        {
            "name": "Hand_L",
            "time": [0.0, 0.5],
            "transform": [
                [1.019833, -0.018145, 0.038621, -0.0, 0.043094, 0.288754, -0.956472, 0.3, 0.006332, 0.957231, 0.289257, 0.0, 0.0, 0.0, 0.0, 1.0],
                [1.019833, -0.018145, 0.038621, 0.0, 0.043094, 0.288754, -0.956472, 0.3, 0.006332, 0.957231, 0.289257, 0.0, 0.0, 0.0, 0.0, 1.0]
            ]
        },
        {
            "name": "Tool_L",
            "time": [0.0, 0.5],
            "transform": [
                [0.997004, 0.01104, -0.076554, 0.0, -0.036659, -0.804079, -0.593391, 0.272858, -0.068067, 0.594062, -0.800801, -0.0, 0.0, 0.0, 0.0, 1.0],
                [0.997004, 0.01104, -0.076554, 0.0, -0.036659, -0.804079, -0.593391, 0.272858, -0.068067, 0.594062, -0.8008, -0.0, 0.0, 0.0, 0.0, 1.0]
            ]
        },
        {
            "name": "Elbow_L",
            "time": [0.0, 0.5],
            "transform": [
                [-1.0, 0.0, 0.0, -3.7e-05, 0.0, -0.0, -1.0, 0.429944, -0.0, -1.0, 0.0, 0.000195, 0.0, 0.0, 0.0, 1.0],
                [-1.0, 0.0, -0.0, -3.7e-05, 0.0, -0.0, -1.0, 0.429944, -0.0, -1.0, 0.0, 0.000195, 0.0, 0.0, 0.0, 1.0]
            ]
        }
    ]
}