{
    "animation": [
        {
            "name": "Root",
            "time": [0.0, 0.0667, 0.1333, 0.5833],
            "transform": [
                [0.817735, -0.0, 0.575595, -5e-06, 0.574941, 0.047664, -0.816805, 0.000946, -0.027435, 0.998863, 0.038976, 0.691115, 0.0, 0.0, 0.0, 1.0],
                [0.920449, -0.019005, 0.3904, -5e-06, 0.384338, 0.225747, -0.895166, 0.363177, -0.071119, 0.974001, 0.215093, 0.754583, 0.0, 0.0, 0.0, 1.0],
                [0.694647, -0.0, -0.719351, -5e-06, -0.652098, 0.422187, -0.629704, 1.059491, 0.3037, 0.906509, 0.293271, 0.595834, 0.0, 0.0, 0.0, 1.0],
                [0.694647, -0.0, -0.719351, -5e-06, -0.652098, 0.422187, -0.629704, 1.059491, 0.3037, 0.906509, 0.293271, 0.595834, 0.0, 0.0, 0.0, 1.0]
            ]
        },
        {
            "name": "Thigh_R",
            "time": [0.0, 0.0667, 0.1333, 0.5833],
            "transform": [
                [0.827945, 0.390639, 0.402376, 0.124994, 0.048715, -0.764876, 0.642331, -0.002831, 0.558688, -0.512212, -0.652308, -1.2e-05, 0.0, 0.0, 0.0, 1.0],
                [0.924874, 0.18593, 0.331719, 0.124994, 0.003387, -0.876308, 0.481736, -0.002831, 0.380258, -0.44442, -0.811107, -1.2e-05, 0.0, 0.0, 0.0, 1.0],
                [0.975998, 0.131409, 0.173663, 0.124994, 0.153828, -0.980457, -0.122622, -0.002831, 0.154156, 0.146393, -0.977141, -1.2e-05, 0.0, 0.0, 0.0, 1.0],
                [0.975998, 0.131409, 0.173663, 0.124994, 0.153828, -0.980457, -0.122622, -0.002831, 0.154156, 0.146393, -0.977141, -1.2e-05, 0.0, 0.0, 0.0, 1.0]
            ]
        },
        {
            "name": "Leg_R",
            "time": [0.0, 0.0667, 0.1333, 0.5833],
            "transform": [
                [1.0, -0.0, 2e-06, 0.0, -1e-06, 0.757686, 0.65262, 0.37472, -2e-06, -0.652623, 0.757683, -0.0, 0.0, 0.0, 0.0, 1.0],
                [1.0, -1e-06, 8e-06, -0.0, -7e-06, 0.498291, 0.867009, 0.37472, -5e-06, -0.867013, 0.498289, -0.0, 0.0, 0.0, 0.0, 1.0],
                [1.0, -0.0, 0.0, 0.0, -0.0, 0.999952, 0.010037, 0.37472, -0.0, -0.010037, 0.999948, 0.0, 0.0, 0.0, 0.0, 1.0],
                [1.0, -0.0, 0.0, 0.0, -0.0, 0.999952, 0.010037, 0.37472, -0.0, -0.010037, 0.999948, 0.0, 0.0, 0.0, 0.0, 1.0]
            ]
        },
        {
            "name": "Knee_R",
            "time": [0.0, 0.0667, 0.1333, 0.5833],
            "transform": [
                [1.0, 0.0, -0.0, 0.0, -0.0, 1e-06, -1.0, 0.399479, -0.0, 1.0, 1e-06, -0.0, 0.0, 0.0, 0.0, 1.0],
                [1.0, 0.0, -0.0, -0.000134, -0.0, 1e-06, -1.0, 0.429071, -0.0, 1.0, 1e-06, 0.000835, 0.0, 0.0, 0.0, 1.0],
                [1.0, 0.0, -0.0, 0.0, -0.0, 1e-06, -1.0, 0.399479, -0.0, 1.0, 1e-06, 0.0, 0.0, 0.0, 0.0, 1.0],
                [1.0, 0.0, -0.0, 0.0, -0.0, 1e-06, -1.0, 0.399479, -0.0, 1.0, 1e-06, 0.0, 0.0, 0.0, 0.0, 1.0]
            ]
        },
        {
            "name": "Thigh_L",
            "time": [0.0, 0.0667, 0.1333, 0.5833],
            "transform": [
                [0.970224, -0.218194, 0.105143, -0.125006, -0.200382, -0.966961, -0.157584, -0.002831, 0.136053, 0.131824, -0.981892, -1.2e-05, 0.0, 0.0, 0.0, 1.0],
                [0.918675, 0.088439, 0.384986, -0.125006, -0.033617, -0.953575, 0.299275, -0.002831, 0.39358, -0.287878, -0.873052, -1.2e-05, 0.0, 0.0, 0.0, 1.0],
                [0.697872, -0.715819, -0.024031, -0.125006, 0.007088, -0.026648, 0.999619, -0.002831, -0.716187, -0.697777, -0.013523, -1.2e-05, 0.0, 0.0, 0.0, 1.0],
                [0.697872, -0.715819, -0.024031, -0.125006, 0.007088, -0.026648, 0.999619, -0.002831, -0.716187, -0.697777, -0.013523, -1.2e-05, 0.0, 0.0, 0.0, 1.0]
            ]
        },
        {
            "name": "Leg_L",
            "time": [0.0, 0.0667, 0.1333, 0.5833],
            "transform": [
                [1.0, -0.0, 2e-06, -0.0, -0.0, 0.956669, 0.291176, 0.37472, -2e-06, -0.291175, 0.956671, 0.0, 0.0, 0.0, 0.0, 1.0],
                [1.0, -0.0, 1e-06, -0.0, -0.0, 0.988747, 0.149589, 0.37472, -1e-06, -0.149589, 0.988749, -0.0, 0.0, 0.0, 0.0, 1.0],
                [1.0, -1e-06, 0.0, -0.0, 0.0, 0.430654, 0.902518, 0.37472, -1e-06, -0.902516, 0.430655, -0.0, 0.0, 0.0, 0.0, 1.0],
                [1.0, -1e-06, 0.0, -0.0, 0.0, 0.430654, 0.902518, 0.37472, -1e-06, -0.902516, 0.430655, -0.0, 0.0, 0.0, 0.0, 1.0]
            ]
        },
        {
            "name": "Knee_L",
            "time": [0.0, 0.0667, 0.1333, 0.5833],
            "transform": [
                [1.0, 0.0, -0.0, -0.0, -0.0, 1e-06, -1.0, 0.385758, -0.0, 1.0, 1e-06, 0.0, 0.0, 0.0, 0.0, 1.0],
                [1.0, 0.0, -0.0, -0.0, -0.0, 1e-06, -1.0, 0.37472, -0.0, 1.0, 1e-06, -0.0, 0.0, 0.0, 0.0, 1.0],
                [1.0, 0.0, -0.0, -0.000218, -0.0, 1e-06, -1.0, 0.432267, -0.0, 1.0, 1e-06, 0.000168, 0.0, 0.0, 0.0, 1.0],
                [1.0, 0.0, -0.0, -0.000218, -0.0, 1e-06, -1.0, 0.432267, -0.0, 1.0, 1e-06, 0.000168, 0.0, 0.0, 0.0, 1.0]
            ]
        },
        {
            "name": "Torso",
            "time": [0.0, 0.0667, 0.1333, 0.5833],
            "transform": [
                [0.99978, -0.020971, -0.000197, 0.0, 0.020971, 0.999603, 0.018821, 0.05, -0.000197, -0.018821, 0.999823, 0.0, 0.0, 0.0, 0.0, 1.0],
                [0.99978, -0.020972, -0.000198, 0.0, 0.020972, 0.999603, 0.018821, 0.05, -0.000197, -0.018821, 0.999823, 0.0, 0.0, 0.0, 0.0, 1.0],
                [1.0, -0.0, 0.0, -0.0, 0.0, 1.0, 0.0, 0.05, 0.0, 0.0, 1.0, -0.0, 0.0, 0.0, 0.0, 1.0],
                [1.0, -0.0, 0.0, -0.0, 0.0, 1.0, 0.0, 0.05, 0.0, 0.0, 1.0, -0.0, 0.0, 0.0, 0.0, 1.0]
            ]
        },
        {
            "name": "Chest",
            "time": [0.0, 0.0667, 0.1333, 0.5833],
            "transform": [
                [0.879796, -0.001361, 0.47535, 0.0, -0.015111, 0.999411, 0.03083, 0.3, -0.475112, -0.034307, 0.879257, -0.0, 0.0, 0.0, 0.0, 1.0],
                [0.879468, -0.05788, 0.472426, -0.0, 0.072689, 0.997268, -0.013135, 0.3, -0.470375, 0.045892, 0.881272, 0.0, 0.0, 0.0, 0.0, 1.0],
                [1.0, -0.0, 0.0, -0.0, 0.0, 1.0, 0.0, 0.3, 0.0, 0.0, 1.0, 0.0, 0.0, 0.0, 0.0, 1.0],
                [1.0, -0.0, 0.0, -0.0, 0.0, 1.0, 0.0, 0.3, 0.0, 0.0, 1.0, 0.0, 0.0, 0.0, 0.0, 1.0]
            ]
        },
        {
            "name": "Head",
            "time": [0.0, 0.0667, 0.1333, 0.5833],
            "transform": [
                [0.447554, -0.017671, -0.894083, 0.0, -0.053338, 0.997497, -0.046415, 0.4, 0.892665, 0.068462, 0.445491, 0.0, 0.0, 0.0, 0.0, 1.0],
                [0.620911, -0.072546, -0.780517, -0.0, -0.092133, 0.982053, -0.164571, 0.4, 0.778448, 0.174096, 0.603083, -0.0, 0.0, 0.0, 0.0, 1.0],
                [0.695735, 0.28522, 0.659243, -0.0, 0.004124, 0.916184, -0.400737, 0.4, -0.718286, 0.281526, 0.636245, -0.0, 0.0, 0.0, 0.0, 1.0],
                [0.695735, 0.28522, 0.659243, -0.0, 0.004124, 0.916184, -0.400737, 0.4, -0.718286, 0.281526, 0.636245, -0.0, 0.0, 0.0, 0.0, 1.0]
            ]
        },
        {
            "name": "Shoulder_R",
            "time": [0.0, 0.0667, 0.5833],
            "transform": [
                [0.576903, 0.807926, 0.120161, 0.0, 0.235328, -0.305272, 0.922729, 0.4, 0.782179, -0.504048, -0.36624, 0.0, 0.0, 0.0, 0.0, 1.0],
                [0.0, 0.952114, 0.305743, -0.0, 0.0, -0.305743, 0.952114, 0.4, 1.0, 0.0, -0.0, -0.0, 0.0, 0.0, 0.0, 1.0],
                [0.0, 0.952114, 0.305743, -0.0, -0.0, -0.305743, 0.952114, 0.4, 1.0, -0.0, -0.0, -0.0, 0.0, 0.0, 0.0, 1.0]
            ]
        },
        {
            "name": "Arm_R",
            "time": [0.0, 0.0667, 0.1333, 0.5833],
            "transform": [
                [-0.33846, -0.677483, 0.653041, 0.0, -0.654176, -0.329446, -0.680824, 0.393861, 0.676388, -0.657635, -0.331688, 0.0, 0.0, 0.0, 0.0, 1.0],
                [0.082199, -0.650315, -0.755205, -0.0, -0.154856, 0.740232, -0.654276, 0.393861, 0.984512, 0.170729, -0.039859, -0.0, 0.0, 0.0, 0.0, 1.0],
                [0.35264, 0.500921, -0.790394, 0.0, -0.076472, 0.857257, 0.509178, 0.39386, 0.932629, -0.119113, 0.34061, 0.0, 0.0, 0.0, 0.0, 1.0],
                [0.35264, 0.500921, -0.790394, 0.0, -0.076472, 0.857257, 0.509178, 0.39386, 0.932629, -0.119113, 0.34061, 0.0, 0.0, 0.0, 0.0, 1.0]
            ]
        },
        {
            "name": "Hand_R",
            "time": [0.0, 0.5833],
            "transform": [
                [1.0, 0.0, 0.0, -0.0, -0.0, 0.993938, 0.109947, 0.3, -0.0, -0.109947, 0.993937, -0.0, 0.0, 0.0, 0.0, 1.0],
                [1.0, -0.0, 0.0, -0.0, -0.0, 0.993938, 0.109947, 0.3, -0.0, -0.109947, 0.993938, -0.0, 0.0, 0.0, 0.0, 1.0]
            ]
        },
        {
            "name": "Tool_R",
            "time": [0.0, 0.0667, 0.1333, 0.5833],
            "transform": [
                [0.508194, 0.808834, -0.29585, 0.020272, 0.575711, -0.574524, -0.581789, 0.263336, -0.640158, 0.125258, -0.757182, 0.017287, 0.0, 0.0, 0.0, 1.0],
                [0.966112, 0.015465, -0.257658, 0.020271, -0.2401, -0.312599, -0.91904, 0.263336, -0.094703, 0.949194, -0.298126, 0.017287, 0.0, 0.0, 0.0, 1.0],
                [0.999328, 0.025252, -0.026572, 0.020272, 0.002257, -0.76589, -0.642968, 0.263336, -0.036566, 0.642087, -0.764986, 0.017287, 0.0, 0.0, 0.0, 1.0],
                [0.999328, 0.025252, -0.026572, 0.020272, 0.002257, -0.76589, -0.642968, 0.263336, -0.036566, 0.642087, -0.764986, 0.017287, 0.0, 0.0, 0.0, 1.0]
            ]
        },
        {
            "name": "Elbow_R",
            "time": [0.0, 0.5833],
            "transform": [
                [-1.0, 0.0, -0.0, -0.0, 0.0, -0.0, -1.0, 0.3, -0.0, -1.0, 0.0, -0.0, 0.0, 0.0, 0.0, 1.0],
                [-1.0, 0.0, -0.0, -0.0, 0.0, -0.0, -1.0, 0.3, -0.0, -1.0, 0.0, -0.0, 0.0, 0.0, 0.0, 1.0]
            ]
        },
        {
            "name": "Shoulder_L",
            "time": [0.0, 0.0667, 0.1333, 0.5833],
            "transform": [
                [0.36618, -0.889578, -0.273062, 0.0, -0.000379, -0.293586, 0.955933, 0.4, -0.930544, -0.34994, -0.107842, 0.0, 0.0, 0.0, 0.0, 1.0],
                [0.020022, -0.940399, -0.339483, -0.0, 0.102457, -0.335833, 0.936333, 0.4, -0.994536, -0.053529, 0.089626, -0.0, 0.0, 0.0, 0.0, 1.0],
                [0.020022, -0.940399, -0.339482, -0.0, 0.102456, -0.335833, 0.936333, 0.4, -0.994536, -0.053529, 0.089626, -0.0, 0.0, 0.0, 0.0, 1.0],
                [0.020022, -0.940399, -0.339482, -0.0, 0.102456, -0.335833, 0.936333, 0.4, -0.994536, -0.053529, 0.089626, -0.0, 0.0, 0.0, 0.0, 1.0]
            ]
        },
        {
            "name": "Arm_L",
            "time": [0.0, 0.0667, 0.1333, 0.5833],
            "transform": [
                [-0.600386, -0.277462, 0.750035, 0.0, -0.708193, 0.620134, -0.337485, 0.39386, -0.371483, -0.73379, -0.568816, -0.0, 0.0, 0.0, 0.0, 1.0],
                [-0.514998, -0.287046, 0.807701, 0.0, -0.482744, 0.875755, 0.00343, 0.39386, -0.708333, -0.388146, -0.589582, 0.0, 0.0, 0.0, 0.0, 1.0],
                [-0.204319, -0.42196, 0.883291, 0.0, -0.902838, 0.429967, -0.00344, 0.39386, -0.378334, -0.798172, -0.468812, 0.0, 0.0, 0.0, 0.0, 1.0],
                [-0.204319, -0.42196, 0.883291, 0.0, -0.902838, 0.429967, -0.00344, 0.39386, -0.378334, -0.798172, -0.468812, 0.0, 0.0, 0.0, 0.0, 1.0]
            ]
        },
        {
            "name": "Hand_L",
            "time": [0.0, 0.0667, 0.1333, 0.5833],
            "transform": [
                [1.019352, -0.02741, 0.04484, 0.0, 0.053565, 0.566796, -0.822186, 0.3, -0.002939, 0.823402, 0.567451, 0.0, 0.0, 0.0, 0.0, 1.0],
                [1.019678, -0.001048, 0.046077, 0.0, 0.046995, -0.02411, -0.998649, 0.3, 0.002202, 0.999709, -0.024036, 0.0, 0.0, 0.0, 0.0, 1.0],
                [1.019352, -0.02741, 0.04484, -0.0, 0.053565, 0.566796, -0.822186, 0.3, -0.002939, 0.823402, 0.567451, 0.0, 0.0, 0.0, 0.0, 1.0],
                [1.019352, -0.02741, 0.04484, -0.0, 0.053565, 0.566796, -0.822186, 0.3, -0.002939, 0.823402, 0.567451, 0.0, 0.0, 0.0, 0.0, 1.0]
            ]
        },
        {
            "name": "Tool_L",
            "time": [0.0, 0.5833],
            "transform": [
                [0.997004, 0.01104, -0.076554, 0.0, -0.036659, -0.804079, -0.593392, 0.272858, -0.068067, 0.594062, -0.800801, -0.0, 0.0, 0.0, 0.0, 1.0],
                [0.997005, 0.01104, -0.076554, 0.0, -0.036659, -0.804079, -0.593391, 0.272858, -0.068067, 0.594062, -0.800801, -0.0, 0.0, 0.0, 0.0, 1.0]
            ]
        },
        {
            "name": "Elbow_L",
            "time": [0.0, 0.0667, 0.1333, 0.5833],
            "transform": [
                [-1.0, 0.0, -0.0, -3.7e-05, 0.0, -0.0, -1.0, 0.429944, -0.0, -1.0, 0.0, 0.000195, 0.0, 0.0, 0.0, 1.0],
                [-1.0, 0.0, -0.0, 0.0, 0.0, -0.0, -1.0, 0.451289, -0.0, -1.0, 0.0, 0.0, 0.0, 0.0, 0.0, 1.0],
                [-1.0, 0.0, -0.0, -0.004936, 0.0, -0.0, -1.0, 0.388617, -0.0, -1.0, -0.0, -0.000187, 0.0, 0.0, 0.0, 1.0],
                [-1.0, 0.0, -0.0, -0.004936, 0.0, -0.0, -1.0, 0.388617, -0.0, -1.0, -0.0, -0.000187, 0.0, 0.0, 0.0, 1.0]
            ]
        }
    ]
}