{
    "animation": [
        {
            "name": "Root",
            "time": [0.0, 0.0833, 0.5833],
            "transform": [
                [0.817735, -0.0, 0.575595, -5e-06, 0.574941, 0.047664, -0.816805, 0.000946, -0.027435, 0.998863, 0.038976, 0.691115, 0.0, 0.0, 0.0, 1.0],
                [0.310171, 0.0, 0.950681, -5e-06, 0.843338, 0.461599, -0.27515, 2.663329, -0.438833, 0.887089, 0.143175, 0.546685, 0.0, 0.0, 0.0, 1.0],
                [0.310171, 0.0, 0.950681, -5e-06, 0.843338, 0.461599, -0.27515, 2.663329, -0.438833, 0.887089, 0.143175, 0.546685, 0.0, 0.0, 0.0, 1.0]
            ]
        },
        {
            "name": "Thigh_R",
            "time": [0.0, 0.0833, 0.5833],
            "transform": [
                [0.827945, 0.390639, 0.402376, 0.124994, 0.048715, -0.764876, 0.642331, -0.002831, 0.558688, -0.512212, -0.652308, -1.2e-05, 0.0, 0.0, 0.0, 1.0],
                [0.336495, 0.925896, -0.17171, 0.124995, 0.068215, 0.157898, 0.985096, -0.002831, 0.939211, -0.343193, -0.010028, -1.3e-05, 0.0, 0.0, 0.0, 1.0],
                [0.336495, 0.925896, -0.17171, 0.124995, 0.068215, 0.157898, 0.985096, -0.002831, 0.939211, -0.343193, -0.010028, -1.3e-05, 0.0, 0.0, 0.0, 1.0]
            ]
        },
        {
            "name": "Leg_R",
            "time": [0.0, 0.0833, 0.5833],
            "transform": [
                [1.0, -0.0, 2e-06, 0.0, -1e-06, 0.757686, 0.65262, 0.37472, -2e-06, -0.652623, 0.757683, -0.0, 0.0, 0.0, 0.0, 1.0],
                [1.0, -1e-06, 0.0, 0.0, -0.0, 0.022299, 0.999749, 0.37472, -1e-06, -0.999753, 0.022299, 0.0, 0.0, 0.0, 0.0, 1.0],
                [1.0, -1e-06, 0.0, 0.0, -0.0, 0.022299, 0.999749, 0.37472, -1e-06, -0.999753, 0.022299, 0.0, 0.0, 0.0, 0.0, 1.0]
            ]
        },
        {
            "name": "Knee_R",
            "time": [0.0, 0.0833, 0.5833],
            "transform": [
                [1.0, 0.0, -0.0, 0.0, -0.0, 1e-06, -1.0, 0.399479, -0.0, 1.0, 1e-06, -0.0, 0.0, 0.0, 0.0, 1.0],
                [1.0, 0.0, -0.0, 0.000109, -0.0, 1e-06, -1.0, 0.475072, -0.0, 1.0, 1e-06, -0.001651, 0.0, 0.0, 0.0, 1.0],
                [1.0, 0.0, -0.0, 0.000109, -0.0, 1e-06, -1.0, 0.475072, -0.0, 1.0, 1e-06, -0.001651, 0.0, 0.0, 0.0, 1.0]
            ]
        },
        {
            "name": "Thigh_L",
            "time": [0.0, 0.0833, 0.5833],
            "transform": [
                [0.970224, -0.218194, 0.105143, -0.125006, -0.200382, -0.966961, -0.157584, -0.002831, 0.136053, 0.131824, -0.981892, -1.2e-05, 0.0, 0.0, 0.0, 1.0],
                [0.967103, -0.207671, 0.146914, -0.125007, -0.203972, -0.97816, -0.039974, -0.002832, 0.152007, 0.008693, -0.988341, -1.2e-05, 0.0, 0.0, 0.0, 1.0],
                [0.967103, -0.207671, 0.146914, -0.125007, -0.203972, -0.97816, -0.039974, -0.002832, 0.152007, 0.008693, -0.988341, -1.2e-05, 0.0, 0.0, 0.0, 1.0]
            ]
        },
        {
            "name": "Leg_L",
            "time": [0.0, 0.0833, 0.5833],
            "transform": [
                [1.0, -0.0, 2e-06, -0.0, -0.0, 0.956669, 0.291176, 0.37472, -2e-06, -0.291175, 0.956671, 0.0, 0.0, 0.0, 0.0, 1.0],
                [1.0, -0.0, 2e-06, 0.0, 0.0, 0.999949, 0.010042, 0.37472, -2e-06, -0.010042, 0.999951, 0.0, 0.0, 0.0, 0.0, 1.0],
                [1.0, -0.0, 2e-06, 0.0, 0.0, 0.999949, 0.010042, 0.37472, -2e-06, -0.010042, 0.999951, 0.0, 0.0, 0.0, 0.0, 1.0]
            ]
        },
        {
            "name": "Knee_L",
            "time": [0.0, 0.0833, 0.5833],
            "transform": [
                [1.0, 0.0, -0.0, -0.0, -0.0, 1e-06, -1.0, 0.385758, -0.0, 1.0, 1e-06, 0.0, 0.0, 0.0, 0.0, 1.0],
                [1.0, 0.0, -0.0, 0.0, -0.0, 1e-06, -1.0, 0.37472, -0.0, 1.0, 1e-06, 0.0, 0.0, 0.0, 0.0, 1.0],
                [1.0, 0.0, -0.0, 0.0, -0.0, 1e-06, -1.0, 0.37472, -0.0, 1.0, 1e-06, 0.0, 0.0, 0.0, 0.0, 1.0]
            ]
        },
        {
            "name": "Torso",
            "time": [0.0, 0.0833, 0.5833],
            "transform": [
                [0.99978, -0.020971, -0.000197, 0.0, 0.020971, 0.999603, 0.018821, 0.05, -0.000197, -0.018821, 0.999823, 0.0, 0.0, 0.0, 0.0, 1.0],
                [1.0, 0.0, 0.0, -0.0, -0.0, 1.0, -0.0, 0.05, 0.0, 0.0, 1.0, -0.0, 0.0, 0.0, 0.0, 1.0],
                [1.0, 0.0, 0.0, -0.0, -0.0, 1.0, -0.0, 0.05, 0.0, 0.0, 1.0, -0.0, 0.0, 0.0, 0.0, 1.0]
            ]
        },
        {
            "name": "Chest",
            "time": [0.0, 0.0833, 0.5833],
            "transform": [
                [0.879796, -0.001361, 0.47535, 0.0, -0.015111, 0.999411, 0.03083, 0.3, -0.475112, -0.034307, 0.879257, -0.0, 0.0, 0.0, 0.0, 1.0],
                [0.88205, 0.011523, 0.471016, -0.0, 0.001773, 0.999613, -0.027775, 0.3, -0.471153, 0.025334, 0.881688, -0.0, 0.0, 0.0, 0.0, 1.0],
                [0.88205, 0.011523, 0.471016, -0.0, 0.001773, 0.999613, -0.027775, 0.3, -0.471153, 0.025334, 0.881688, -0.0, 0.0, 0.0, 0.0, 1.0]
            ]
        },
        {
            "name": "Head",
            "time": [0.0, 0.0833, 0.5833],
            "transform": [
                [0.447554, -0.017671, -0.894083, 0.0, -0.053338, 0.997497, -0.046415, 0.4, 0.892665, 0.068462, 0.445491, 0.0, 0.0, 0.0, 0.0, 1.0],
                [-0.166608, -0.353487, -0.920483, 0.0, 0.026428, 0.931594, -0.362538, 0.4, 0.985669, -0.084728, -0.145869, 0.0, 0.0, 0.0, 0.0, 1.0],
                [-0.166608, -0.353487, -0.920483, 0.0, 0.026428, 0.931594, -0.362538, 0.4, 0.985669, -0.084728, -0.145869, 0.0, 0.0, 0.0, 0.0, 1.0]
            ]
        },
        {
            "name": "Shoulder_R",
            "time": [0.0, 0.0833, 0.5833],
            "transform": [
                [0.576903, 0.807926, 0.120161, 0.0, 0.235328, -0.305272, 0.922729, 0.4, 0.782179, -0.504048, -0.36624, 0.0, 0.0, 0.0, 0.0, 1.0],
                [-0.682985, 0.616546, -0.391666, 0.0, -0.255247, 0.300952, 0.918846, 0.4, 0.684383, 0.727529, -0.048174, 0.0, 0.0, 0.0, 0.0, 1.0],
                [-0.682985, 0.616546, -0.391666, 0.0, -0.255247, 0.300952, 0.918846, 0.4, 0.684383, 0.727529, -0.048174, 0.0, 0.0, 0.0, 0.0, 1.0]
            ]
        },
        {
            "name": "Arm_R",
            "time": [0.0, 0.0833, 0.5833],
            "transform": [
                [-0.33846, -0.677483, 0.653041, 0.0, -0.654176, -0.329446, -0.680824, 0.393861, 0.676388, -0.657635, -0.331688, 0.0, 0.0, 0.0, 0.0, 1.0],
                [-0.737246, -0.202347, -0.644612, 0.0, -0.574203, 0.690437, 0.439987, 0.39386, 0.356034, 0.694516, -0.625209, 0.0, 0.0, 0.0, 0.0, 1.0],
                [-0.737246, -0.202347, -0.644612, 0.0, -0.574203, 0.690437, 0.439987, 0.39386, 0.356034, 0.694516, -0.625209, 0.0, 0.0, 0.0, 0.0, 1.0]
            ]
        },
        {
            "name": "Hand_R",
            "time": [0.0, 0.5833],
            "transform": [
                [1.0, 0.0, 0.0, -0.0, -0.0, 0.993938, 0.109947, 0.3, -0.0, -0.109947, 0.993937, -0.0, 0.0, 0.0, 0.0, 1.0],
                [1.0, 0.0, 0.0, -0.0, -0.0, 0.993938, 0.109947, 0.3, -0.0, -0.109947, 0.993938, -0.0, 0.0, 0.0, 0.0, 1.0]
            ]
        },
        {
            "name": "Tool_R",
            "time": [0.0, 0.0833, 0.5833],
            "transform": [
                [0.508194, 0.808834, -0.29585, 0.020272, 0.575711, -0.574524, -0.581789, 0.263336, -0.640158, 0.125258, -0.757182, 0.017287, 0.0, 0.0, 0.0, 1.0],
                [0.999082, -0.040289, -0.01454, 0.020271, -0.040984, -0.80057, -0.597837, 0.263336, 0.012438, 0.597521, -0.801018, 0.017287, 0.0, 0.0, 0.0, 1.0],
                [0.999082, -0.040289, -0.01454, 0.020271, -0.040984, -0.80057, -0.597837, 0.263336, 0.012438, 0.597521, -0.801018, 0.017287, 0.0, 0.0, 0.0, 1.0]
            ]
        },
        {
            "name": "Elbow_R",
            "time": [0.0, 0.5833],
            "transform": [
                [-1.0, 0.0, -0.0, -0.0, 0.0, -0.0, -1.0, 0.3, -0.0, -1.0, 0.0, -0.0, 0.0, 0.0, 0.0, 1.0],
                [-1.0, 0.0, -0.0, -0.0, 0.0, -0.0, -1.0, 0.3, -0.0, -1.0, 0.0, -0.0, 0.0, 0.0, 0.0, 1.0]
            ]
        },
        {
            "name": "Shoulder_L",
            "time": [0.0, 0.0833, 0.5833],
            "transform": [
                [0.36618, -0.889578, -0.273062, 0.0, -0.000379, -0.293586, 0.955933, 0.4, -0.930544, -0.34994, -0.107842, 0.0, 0.0, 0.0, 0.0, 1.0],
                [0.588705, -0.775575, -0.227837, 0.0, -0.068222, -0.328519, 0.94203, 0.4, -0.805464, -0.539034, -0.246312, 0.0, 0.0, 0.0, 0.0, 1.0],
                [0.588705, -0.775575, -0.227837, 0.0, -0.068222, -0.328519, 0.94203, 0.4, -0.805464, -0.539034, -0.246312, 0.0, 0.0, 0.0, 0.0, 1.0]
            ]
        },
        {
            "name": "Arm_L",
            "time": [0.0, 0.0833, 0.5833],
            "transform": [
                [-0.600386, -0.277462, 0.750035, 0.0, -0.708193, 0.620134, -0.337485, 0.39386, -0.371483, -0.73379, -0.568816, -0.0, 0.0, 0.0, 0.0, 1.0],
                [-0.905138, -0.078609, 0.417787, 0.0, -0.202845, 0.943527, -0.261935, 0.39386, -0.373603, -0.321833, -0.869968, 0.0, 0.0, 0.0, 0.0, 1.0],
                [-0.905138, -0.078609, 0.417787, 0.0, -0.202845, 0.943527, -0.261935, 0.39386, -0.373603, -0.321833, -0.869968, 0.0, 0.0, 0.0, 0.0, 1.0]
            ]
        },
        {
            "name": "Hand_L",
            "time": [0.0, 0.0833, 0.5833],
            "transform": [
                [1.019352, -0.02741, 0.04484, 0.0, 0.053565, 0.566796, -0.822186, 0.3, -0.002939, 0.823402, 0.567451, 0.0, 0.0, 0.0, 0.0, 1.0],
                [1.019678, -0.001048, 0.046077, 0.0, 0.046994, -0.02411, -0.998649, 0.300001, 0.002202, 0.999709, -0.024036, 0.0, 0.0, 0.0, 0.0, 1.0],
                [1.019678, -0.001048, 0.046077, 0.0, 0.046994, -0.02411, -0.998649, 0.300001, 0.002202, 0.999709, -0.024036, 0.0, 0.0, 0.0, 0.0, 1.0]
            ]
        },
        {
            "name": "Tool_L",
            "time": [0.0, 0.5833],
            "transform": [
                [0.997004, 0.01104, -0.076554, 0.0, -0.036659, -0.804079, -0.593392, 0.272858, -0.068067, 0.594062, -0.800801, -0.0, 0.0, 0.0, 0.0, 1.0],
                [0.997004, 0.01104, -0.076554, 0.0, -0.036659, -0.804079, -0.593391, 0.272858, -0.068067, 0.594062, -0.8008, -0.0, 0.0, 0.0, 0.0, 1.0]
            ]
        },
        {
            "name": "Elbow_L",
            "time": [0.0, 0.0833, 0.5833],
            "transform": [
                [-1.0, 0.0, -0.0, -3.7e-05, 0.0, -0.0, -1.0, 0.429944, -0.0, -1.0, 0.0, 0.000195, 0.0, 0.0, 0.0, 1.0],
                [-1.0, 0.0, -0.0, -0.008123, 0.0, -0.0, -1.0, 0.463316, -0.0, -1.0, -0.0, -9.4e-05, 0.0, 0.0, 0.0, 1.0],
                [-1.0, 0.0, -0.0, -0.008123, 0.0, -0.0, -1.0, 0.463316, -0.0, -1.0, -0.0, -9.4e-05, 0.0, 0.0, 0.0, 1.0]
            ]
        }
    ]
}