{
    "animation": [
        {
            "name": "Root",
            "time": [0.0, 0.1333, 0.2833, 0.3833, 0.5, 0.6, 1.1667, 1.4833, 1.75, 1.9333, 2.1667, 2.3333],
            "transform": [
                [1.0, 0.0, 0.0, -5e-06, 0.0, 0.0, -1.0, -0.486282, 0.0, 1.0, 0.0, 0.555806, 0.0, 0.0, 0.0, 1.0],
                [1.0, 0.0, 0.0, -5e-06, 0.0, -0.531242, -0.84722, -0.843249, 0.0, 0.84722, -0.531242, 0.301162, 0.0, 0.0, 0.0, 1.0],
                [1.0, 0.0, 0.0, -5e-06, 0.0, -0.998726, -0.050455, -1.039151, 0.0, 0.050455, -0.998726, 0.12463, 0.0, 0.0, 0.0, 1.0],
                [1.0, 0.0, 0.0, -5e-06, 0.0, -0.995251, 0.097338, -1.039151, 0.0, -0.097338, -0.995251, 0.22108, 0.0, 0.0, 0.0, 1.0],
                [1.0, 0.0, 0.0, -5e-06, 0.0, -0.999303, -0.037324, -1.039151, 0.0, 0.037324, -0.999303, 0.12346, 0.0, 0.0, 0.0, 1.0],
                [1.0, 0.0, 0.0, -5e-06, 0.0, -0.998726, -0.050455, -1.039151, 0.0, 0.050455, -0.998726, 0.113936, 0.0, 0.0, 0.0, 1.0],
                [1.0, 0.0, 0.0, -5e-06, 0.0, -0.998726, -0.050455, -1.039151, 0.0, 0.050455, -0.998726, 0.113936, 0.0, 0.0, 0.0, 1.0],
                [0.997481, 0.000714, 0.070935, -5e-06, 0.015541, -0.97786, -0.208683, -1.039151, 0.069216, 0.20926, -0.975407, 0.113936, 0.0, 0.0, 0.0, 1.0],
                [0.992292, -0.006253, 0.123766, -5e-06, 0.034415, -0.945536, -0.323693, -1.039151, 0.119049, 0.325457, -0.938033, 0.113936, 0.0, 0.0, 0.0, 1.0],
                [0.961916, 0.236628, -0.136838, -5e-06, 0.041355, -0.620826, -0.782857, -1.039151, -0.270199, 0.747383, -0.606968, 0.251132, 0.0, 0.0, 0.0, 1.0],
                [1.0, 0.0, 0.0, -5e-06, 0.0, 0.0, -1.0, -1.039151, 0.0, 1.0, 0.0, 0.541492, 0.0, 0.0, 0.0, 1.0],
                [0.962987, 0.0, -0.269547, -5e-06, -0.269547, 0.0, -0.962987, -0.988615, 0.0, 1.0, 0.0, 0.694655, 0.0, 0.0, 0.0, 1.0]
            ]
        },
        {
            "name": "Thigh_R",
            "time": [0.0, 0.1333, 0.2833, 0.3833, 0.5, 0.6, 1.1667, 1.4833, 1.75, 1.9333, 2.1667, 2.3333],
            "transform": [
                [1.0, -3.5e-05, 5.8e-05, 0.124994, -6.7e-05, -0.563977, 0.82579, -0.002831, 4e-06, -0.825789, -0.563977, -1.2e-05, 0.0, 0.0, 0.0, 1.0],
                [1.0, -4.4e-05, 6.1e-05, 0.124994, -7.3e-05, -0.744013, 0.668163, -0.002831, 1.6e-05, -0.668163, -0.744013, -1.2e-05, 0.0, 0.0, 0.0, 1.0],
                [0.998574, 0.049086, -0.020989, 0.124994, 0.051629, -0.987966, 0.145792, -0.002831, -0.01358, -0.146667, -0.989092, -1.2e-05, 0.0, 0.0, 0.0, 1.0],
                [0.994448, 0.103955, 0.016344, 0.124994, 0.104939, -0.968069, -0.227658, -0.002831, -0.007844, 0.228109, -0.973603, -1.2e-05, 0.0, 0.0, 0.0, 1.0],
                [0.998386, 0.055311, 0.012871, 0.124994, 0.055322, -0.998468, -0.000464, -0.00283, 0.012825, 0.001176, -0.999916, -1.2e-05, 0.0, 0.0, 0.0, 1.0],
                [0.997124, 0.071154, 0.02607, 0.124994, 0.070227, -0.996919, 0.034912, -0.002831, 0.028474, -0.03298, -0.99905, -1.2e-05, 0.0, 0.0, 0.0, 1.0],
                [0.997124, 0.071154, 0.02607, 0.124994, 0.070227, -0.996919, 0.034912, -0.002831, 0.028474, -0.03298, -0.99905, -1.2e-05, 0.0, 0.0, 0.0, 1.0],
                [0.995073, 0.086149, 0.049075, 0.124994, 0.075289, -0.978628, 0.191355, -0.002832, 0.064511, -0.186717, -0.980292, -1.2e-05, 0.0, 0.0, 0.0, 1.0],
                [0.99221, 0.037585, 0.118772, 0.124994, -0.00266, -0.946793, 0.321829, -0.002831, 0.124549, -0.319638, -0.939317, -1.2e-05, 0.0, 0.0, 0.0, 1.0],
                [0.963582, 0.267258, -0.00907, 0.124994, -0.001339, 0.03874, 0.999248, -0.002831, 0.267408, -0.962845, 0.037687, -1.2e-05, 0.0, 0.0, 0.0, 1.0],
                [0.991319, 0.086073, -0.09939, 0.124994, 0.109014, -0.115461, 0.987311, -0.002831, 0.073506, -0.989575, -0.123842, -1.2e-05, 0.0, 0.0, 0.0, 1.0],
                [0.997839, 0.058329, -0.030253, 0.124994, 0.064455, -0.779381, 0.623224, -0.002831, 0.012773, -0.623827, -0.781457, -1.2e-05, 0.0, 0.0, 0.0, 1.0]
            ]
        },
        {
            "name": "Leg_R",
            "time": [0.0, 0.1333, 0.2833, 0.3833, 0.5, 0.6, 1.1667, 1.4833, 1.75, 1.9333, 2.1667, 2.3333],
            "transform": [
                [1.0, -0.0, 1e-06, 0.0, -0.0, 0.888205, 0.459448, 0.37472, -1e-06, -0.459448, 0.888204, 0.0, 0.0, 0.0, 0.0, 1.0],
                [1.0, -0.0, 2e-06, 0.0, 0.0, 0.999958, 0.009252, 0.37472, -2e-06, -0.009252, 0.999956, 0.0, 0.0, 0.0, 0.0, 1.0],
                [1.0, -0.0, 1e-06, 0.0, 0.0, 0.999953, 0.00979, 0.37472, -1e-06, -0.00979, 0.999951, 0.0, 0.0, 0.0, 0.0, 1.0],
                [1.0, -0.0, 1e-06, -0.0, 0.0, 0.999958, 0.0092, 0.37472, -1e-06, -0.0092, 0.999957, -0.0, 0.0, 0.0, 0.0, 1.0],
                [1.0, -0.0, 1e-06, 0.0, 0.0, 0.999944, 0.010687, 0.37472, -1e-06, -0.010687, 0.999942, 0.0, 0.0, 0.0, 0.0, 1.0],
                [1.0, 0.0, 1e-06, 0.0, -0.0, 1.000001, 0.0, 0.37472, -1e-06, -0.0, 0.999999, 0.0, 0.0, 0.0, 0.0, 1.0],
                [1.0, 0.0, 1e-06, 0.0, -0.0, 1.000001, 0.0, 0.37472, -1e-06, -0.0, 0.999999, 0.0, 0.0, 0.0, 0.0, 1.0],
                [0.999999, 0.0, 0.001129, -0.0, -1.1e-05, 0.999955, 0.009577, 0.37472, -0.001129, -0.009577, 0.999953, 0.0, 0.0, 0.0, 0.0, 1.0],
                [1.0, 0.0, 0.000302, 0.0, -3e-06, 0.999955, 0.009564, 0.37472, -0.000302, -0.009564, 0.999953, 0.0, 0.0, 0.0, 0.0, 1.0],
                [1.0, -1e-06, -0.000175, 0.0, 0.000175, -0.042992, 0.999075, 0.37472, -8e-06, -0.999076, -0.042992, -0.0, 0.0, 0.0, 0.0, 1.0],
                [0.999998, -1e-06, 0.002057, -0.0, -0.001894, -0.391302, 0.92026, 0.37472, 0.000804, -0.920263, -0.391301, -0.0, 0.0, 0.0, 0.0, 1.0],
                [1.0, -1e-06, 6.2e-05, -0.0, -5.9e-05, 0.285295, 0.958439, 0.37472, -1.8e-05, -0.958441, 0.285295, -0.0, 0.0, 0.0, 0.0, 1.0]
            ]
        },
        {
            "name": "Knee_R",
            "time": [0.0, 1.75, 1.9333, 2.1667, 2.3333],
            "transform": [
                [1.0, 0.0, -0.0, 0.0, -0.0, 1e-06, -1.0, 0.37472, -0.0, 1.0, 1e-06, 0.0, 0.0, 0.0, 0.0, 1.0],
                [1.0, 0.0, -0.0, 0.0, -0.0, 1e-06, -1.0, 0.37472, -0.0, 1.0, 1e-06, 0.0, 0.0, 0.0, 0.0, 1.0],
                [1.0, 0.0, -0.0, 0.0, -0.0, 1e-06, -1.0, 0.475334, -0.0, 1.0, 1e-06, -0.0, 0.0, 0.0, 0.0, 1.0],
                [1.0, 0.0, -0.0, 0.0, -0.0, 1e-06, -1.0, 0.458815, -0.0, 1.0, 1e-06, -0.0, 0.0, 0.0, 0.0, 1.0],
                [1.0, 0.0, -0.0, -0.0, -0.0, 1e-06, -1.0, 0.447302, -0.0, 1.0, 1e-06, -0.0, 0.0, 0.0, 0.0, 1.0]
            ]
        },
        {
            "name": "Thigh_L",
            "time": [0.0, 0.1333, 0.2833, 0.3833, 0.5, 0.6, 1.1667, 1.4833, 1.75, 1.9333, 2.1667, 2.3333],
            "transform": [
                [1.0, -3.5e-05, 5.8e-05, -0.125006, -6.7e-05, -0.563976, 0.82579, -0.002831, 4e-06, -0.82579, -0.563977, -1.2e-05, 0.0, 0.0, 0.0, 1.0],
                [1.0, -4.4e-05, 6.1e-05, -0.125006, -7.3e-05, -0.745147, 0.666898, -0.002831, 1.6e-05, -0.666898, -0.745148, -1.2e-05, 0.0, 0.0, 0.0, 1.0],
                [0.999499, -0.031544, 0.002438, -0.125006, -0.031571, -0.989415, 0.141632, -0.002831, -0.002056, -0.141638, -0.989916, -1.2e-05, 0.0, 0.0, 0.0, 1.0],
                [0.997815, -0.052863, 0.039608, -0.125006, -0.041071, -0.966125, -0.254782, -0.002831, 0.051734, 0.252599, -0.966187, -1.2e-05, 0.0, 0.0, 0.0, 1.0],
                [0.9988, -0.047507, 0.011884, -0.125006, -0.047585, -0.998846, 0.006406, -0.00283, 0.011566, -0.006963, -0.999909, -1.2e-05, 0.0, 0.0, 0.0, 1.0],
                [0.998898, -0.045632, -0.01097, -0.125006, -0.045242, -0.998414, 0.03349, -0.002831, -0.012481, -0.032957, -0.999379, -1.2e-05, 0.0, 0.0, 0.0, 1.0],
                [0.998898, -0.045632, -0.01097, -0.125006, -0.045242, -0.998414, 0.03349, -0.002831, -0.012481, -0.032957, -0.999379, -1.2e-05, 0.0, 0.0, 0.0, 1.0],
                [0.987249, -0.07563, 0.140069, -0.125006, -0.153666, -0.682429, 0.714616, -0.002831, 0.041541, -0.727027, -0.68535, -1.2e-05, 0.0, 0.0, 0.0, 1.0],
                [0.957148, -0.050265, 0.285203, -0.125006, -0.280213, -0.409436, 0.868241, -0.002832, 0.073131, -0.910952, -0.405976, -1.2e-05, 0.0, 0.0, 0.0, 1.0],
                [0.808295, -0.446676, -0.383586, -0.125006, 0.222824, -0.370965, 0.901517, -0.002831, -0.544984, -0.814164, -0.20032, -1.2e-05, 0.0, 0.0, 0.0, 1.0],
                [0.998417, 0.020701, 0.052292, -0.125006, -0.037388, -0.450249, 0.892119, -0.002831, 0.042013, -0.892662, -0.448763, -1.2e-05, 0.0, 0.0, 0.0, 1.0],
                [0.971189, -0.145829, -0.18848, -0.125006, -0.015994, -0.829012, 0.559, -0.002831, -0.237771, -0.53988, -0.807461, -1.2e-05, 0.0, 0.0, 0.0, 1.0]
            ]
        },
        {
            "name": "Leg_L",
            "time": [0.0, 0.1333, 0.2833, 0.3833, 0.5, 0.6, 1.1667, 1.4833, 1.75, 1.9333, 2.1667, 2.3333],
            "transform": [
                [1.0, -0.0, 1e-06, 0.0, -0.0, 0.888204, 0.459449, 0.37472, -1e-06, -0.459448, 0.888204, -0.0, 0.0, 0.0, 0.0, 1.0],
                [1.0, -0.0, 2e-06, 0.0, 0.0, 0.999957, 0.009239, 0.37472, -2e-06, -0.009239, 0.999958, -0.0, 0.0, 0.0, 0.0, 1.0],
                [1.0, -0.0, 1e-06, -0.0, 0.0, 1.0, 0.0, 0.37472, -1e-06, -0.0, 1.0, 0.0, 0.0, 0.0, 0.0, 1.0],
                [1.0, -0.0, 1e-06, 0.0, 0.0, 0.999951, 0.00982, 0.37472, -1e-06, -0.00982, 0.999952, 0.0, 0.0, 0.0, 0.0, 1.0],
                [1.0, -0.0, 1e-06, -0.0, 0.0, 0.999941, 0.010798, 0.37472, -1e-06, -0.010798, 0.999942, -0.0, 0.0, 0.0, 0.0, 1.0],
                [1.0, -0.0, 1e-06, 0.0, 0.0, 1.0, 0.0, 0.37472, -1e-06, -0.0, 1.0, 0.0, 0.0, 0.0, 0.0, 1.0],
                [1.0, -0.0, 1e-06, 0.0, 0.0, 1.0, 0.0, 0.37472, -1e-06, -0.0, 1.0, 0.0, 0.0, 0.0, 0.0, 1.0],
                [1.0, -1e-06, 1.3e-05, -0.0, -1.1e-05, 0.373742, 0.927533, 0.37472, -5e-06, -0.927532, 0.373742, -0.0, 0.0, 0.0, 0.0, 1.0],
                [1.0, -1e-06, -4e-06, -0.0, 4e-06, 0.003737, 0.999993, 0.37472, -1e-06, -0.999993, 0.003737, 0.0, 0.0, 0.0, 0.0, 1.0],
                [1.0, -1e-06, 0.000647, -0.0, -0.000645, -0.081018, 0.996713, 0.37472, 5.1e-05, -0.996712, -0.081018, 0.0, 0.0, 0.0, 0.0, 1.0],
                [0.999988, -0.004904, 0.000256, -0.0, 0.002653, 0.58336, 0.81221, 0.37472, -0.004133, -0.812199, 0.583366, 0.0, 0.0, 0.0, 0.0, 1.0],
                [1.0, -1e-06, 0.000828, 0.0, -0.000437, 0.849445, 0.527677, 0.37472, -0.000704, -0.527677, 0.849445, -0.0, 0.0, 0.0, 0.0, 1.0]
            ]
        },
        {
            "name": "Knee_L",
            "time": [0.0, 1.1667, 1.4833, 1.75, 1.9333, 2.1667, 2.3333],
            "transform": [
                [1.0, 0.0, -0.0, 0.0, -0.0, 1e-06, -1.0, 0.37472, -0.0, 1.0, 1e-06, -0.0, 0.0, 0.0, 0.0, 1.0],
                [1.0, 0.0, -0.0, 0.0, -0.0, 1e-06, -1.0, 0.37472, -0.0, 1.0, 1e-06, 0.0, 0.0, 0.0, 0.0, 1.0],
                [1.0, 0.0, -0.0, 0.000278, -0.0, 1e-06, -1.0, 0.436892, -0.0, 1.0, 1e-06, 0.000726, 0.0, 0.0, 0.0, 1.0],
                [1.0, 0.0, -0.0, 0.0, -0.0, 1e-06, -1.0, 0.477586, -0.0, 1.0, 1e-06, -0.0, 0.0, 0.0, 0.0, 1.0],
                [1.0, 0.0, -0.0, -0.0, -0.0, 1e-06, -1.0, 0.475334, -0.0, 1.0, 1e-06, 0.0, 0.0, 0.0, 0.0, 1.0],
                [1.0, 0.0, -0.0, 0.0, -0.0, 1e-06, -1.0, 0.422023, -0.0, 1.0, 1e-06, 0.0, 0.0, 0.0, 0.0, 1.0],
                [1.0, 0.0, -0.0, 0.0, -0.0, 1e-06, -1.0, 0.389737, -0.0, 1.0, 1e-06, 0.0, 0.0, 0.0, 0.0, 1.0]
            ]
        },
        {
            "name": "Torso",
            "time": [0.0, 0.1333, 0.2833, 0.3833, 0.5, 0.6, 1.1667, 1.4833, 1.75, 1.9333, 2.1667, 2.3333],
            "transform": [
                [1.0, 0.0, 0.0, 0.0, 0.0, 0.961727, 0.27401, 0.05, 0.0, -0.27401, 0.961727, 0.0, 0.0, 0.0, 0.0, 1.0],
                [1.0, -0.0, 0.0, 0.0, 0.0, 0.915825, -0.401577, 0.05, -0.0, 0.401577, 0.915825, 0.0, 0.0, 0.0, 0.0, 1.0],
                [1.0, -0.0, -0.0, 0.0, 0.0, 0.997484, 0.070886, 0.05, 0.0, -0.070886, 0.997484, -0.0, 0.0, 0.0, 0.0, 1.0],
                [1.0, -0.0, -0.0, -0.0, 0.0, 0.999879, 0.01556, 0.05, 0.0, -0.01556, 0.999879, 0.0, 0.0, 0.0, 0.0, 1.0],
                [1.0, -0.0, -0.0, 0.0, -0.0, 0.999403, -0.034551, 0.05, 0.0, 0.034551, 0.999403, -0.0, 0.0, 0.0, 0.0, 1.0],
                [1.0, -0.0, -0.0, 0.0, -0.0, 0.999222, -0.039439, 0.05, 0.0, 0.039439, 0.999222, 0.0, 0.0, 0.0, 0.0, 1.0],
                [1.0, -0.0, -0.0, 0.0, -0.0, 0.999222, -0.039439, 0.05, 0.0, 0.039439, 0.999222, 0.0, 0.0, 0.0, 0.0, 1.0],
                [0.997877, -0.000901, -0.065126, -0.0, -0.003835, 0.997358, -0.072546, 0.05, 0.06502, 0.072642, 0.995236, 0.0, 0.0, 0.0, 0.0, 1.0],
                [0.940428, 0.17963, -0.288667, 0.0, -0.017154, 0.873025, 0.487373, 0.05, 0.339561, -0.453387, 0.824098, -0.0, 0.0, 0.0, 0.0, 1.0],
                [0.978232, 0.091013, -0.18649, 0.0, -0.031644, 0.953603, 0.299399, 0.05, 0.205087, -0.286981, 0.935725, -0.0, 0.0, 0.0, 0.0, 1.0],
                [1.0, 0.0, 0.0, 0.0, 0.0, 1.0, 0.0, 0.05, 0.0, 0.0, 1.0, 0.0, 0.0, 0.0, 0.0, 1.0],
                [0.999832, -0.018351, -8.6e-05, 0.0, 0.018351, 0.999787, 0.009417, 0.05, -8.6e-05, -0.009417, 0.999956, -0.0, 0.0, 0.0, 0.0, 1.0]
            ]
        },
        {
            "name": "Chest",
            "time": [0.0, 0.1333, 0.2833, 0.3833, 0.5, 0.6, 1.1667, 1.4833, 1.75, 2.1667, 2.3333],
            "transform": [
                [1.0, 0.0, 0.0, 0.0, 0.0, 0.994261, 0.106981, 0.3, 0.0, -0.106981, 0.994261, 0.0, 0.0, 0.0, 0.0, 1.0],
                [1.0, -0.0, 0.0, -0.0, -0.0, 0.815559, 0.578674, 0.3, -0.0, -0.578674, 0.815559, 0.0, 0.0, 0.0, 0.0, 1.0],
                [1.0, -0.0, -0.0, 0.0, 0.0, 0.99591, 0.090352, 0.3, 0.0, -0.090352, 0.99591, -0.0, 0.0, 0.0, 0.0, 1.0],
                [1.0, 0.0, -0.0, -0.0, -0.0, 0.995714, -0.092486, 0.3, 0.0, 0.092486, 0.995714, 0.0, 0.0, 0.0, 0.0, 1.0],
                [1.0, -0.0, 0.0, -0.0, 0.0, 0.988797, 0.149268, 0.3, -0.0, -0.149268, 0.988797, -0.0, 0.0, 0.0, 0.0, 1.0],
                [1.0, -0.0, 0.0, -0.0, -0.0, 0.999912, 0.013296, 0.3, -0.0, -0.013296, 0.999912, -0.0, 0.0, 0.0, 0.0, 1.0],
                [1.0, -0.0, 0.0, -0.0, -0.0, 0.999912, 0.013296, 0.3, -0.0, -0.013296, 0.999912, -0.0, 0.0, 0.0, 0.0, 1.0],
                [1.0, 0.0, -0.0, -0.0, -0.0, 0.970263, 0.242052, 0.3, -0.0, -0.242052, 0.970263, 0.0, 0.0, 0.0, 0.0, 1.0],
                [1.0, -0.0, -0.0, 0.0, 0.0, 0.913622, 0.406565, 0.3, 0.0, -0.406565, 0.913622, 0.0, 0.0, 0.0, 0.0, 1.0],
                [1.0, 0.0, -0.0, 0.0, 0.0, 0.913622, 0.406565, 0.3, 0.0, -0.406565, 0.913622, 0.0, 0.0, 0.0, 0.0, 1.0],
                [0.999942, -0.010696, -0.001176, -0.0, 0.010696, 0.976066, 0.217211, 0.3, -0.001176, -0.217211, 0.976124, 0.0, 0.0, 0.0, 0.0, 1.0]
            ]
        },
        {
            "name": "Head",
            "time": [0.0, 0.1333, 0.2833, 0.3833, 0.5, 0.6, 1.1667, 1.4833, 1.75, 1.9333, 2.1667, 2.3333],
            "transform": [
                [1.0, 0.0, 0.0, 0.0, 0.0, 0.935969, 0.352082, 0.4, 0.0, -0.352082, 0.935969, 0.0, 0.0, 0.0, 0.0, 1.0],
                [1.0, 0.0, 0.0, -0.0, -0.0, 0.935969, 0.352082, 0.4, -0.0, -0.352082, 0.935969, 0.0, 0.0, 0.0, 0.0, 1.0],
                [1.0, -0.0, -0.0, 0.0, 0.0, 0.906311, 0.422611, 0.4, 0.0, -0.422611, 0.906311, -0.0, 0.0, 0.0, 0.0, 1.0],
                [1.0, -0.0, 0.0, 0.0, 0.0, 0.977691, 0.210046, 0.4, -0.0, -0.210046, 0.977692, -0.0, 0.0, 0.0, 0.0, 1.0],
                [1.0, -0.0, -0.0, -0.0, 0.0, 0.998021, 0.062885, 0.4, 0.0, -0.062885, 0.998021, -0.0, 0.0, 0.0, 0.0, 1.0],
                [1.0, -0.0, -0.0, -0.0, 0.0, 0.998827, 0.048414, 0.4, 0.0, -0.048414, 0.998827, 0.0, 0.0, 0.0, 0.0, 1.0],
                [1.0, -0.0, -0.0, -0.0, 0.0, 0.998827, 0.048414, 0.4, 0.0, -0.048414, 0.998827, 0.0, 0.0, 0.0, 0.0, 1.0],
                [0.989287, -0.143101, 0.028856, -0.0, 0.123188, 0.92441, 0.360959, 0.4, -0.078328, -0.353538, 0.932135, 0.0, 0.0, 0.0, 0.0, 1.0],
                [0.96779, -0.250995, 0.0196, 0.0, 0.194584, 0.795129, 0.574374, 0.4, -0.159749, -0.55206, 0.818358, -0.0, 0.0, 0.0, 0.0, 1.0],
                [0.98824, -0.150218, 0.028568, 0.0, 0.128121, 0.915433, 0.381533, 0.4, -0.083465, -0.373386, 0.923914, -0.0, 0.0, 0.0, 0.0, 1.0],
                [1.0, -0.0, 0.0, 0.0, 0.0, 0.997924, 0.064403, 0.4, -0.0, -0.064403, 0.997924, 0.0, 0.0, 0.0, 0.0, 1.0],
                [0.962421, 0.025451, 0.270365, -0.0, -0.014581, 0.999005, -0.042136, 0.4, -0.271168, 0.036611, 0.961835, -0.0, 0.0, 0.0, 0.0, 1.0]
            ]
        },
        {
            "name": "Shoulder_R",
            "time": [0.0, 2.1667, 2.3333],
            "transform": [
                [0.0, 0.952114, 0.305743, 0.0, 0.0, -0.305743, 0.952114, 0.4, 1.0, 0.0, -0.0, 0.0, 0.0, 0.0, 0.0, 1.0],
                [0.0, 0.952114, 0.305743, 0.0, 0.0, -0.305743, 0.952114, 0.4, 1.0, -0.0, -0.0, 0.0, 0.0, 0.0, 0.0, 1.0],
                [0.04482, 0.951664, 0.303851, -0.0, -0.001871, -0.304076, 0.952646, 0.4, 0.998993, -0.043266, -0.011848, -0.0, 0.0, 0.0, 0.0, 1.0]
            ]
        },
        {
            "name": "Arm_R",
            "time": [0.0, 0.1333, 0.2833, 0.3833, 0.5, 0.6, 1.1667, 1.4833, 1.75, 1.9333, 2.1667, 2.3333],
            "transform": [
                [-0.0, -0.868175, 0.496258, 0.0, 0.952114, -0.151728, -0.265438, 0.39386, 0.305743, 0.472494, 0.826602, 0.0, 0.0, 0.0, 0.0, 1.0],
                [0.100688, -0.838752, 0.535123, 0.0, 0.902934, -0.148839, -0.403185, 0.39386, 0.417819, 0.523777, 0.742351, -0.0, 0.0, 0.0, 0.0, 1.0],
                [0.844386, -0.517782, 0.137527, 0.0, 0.52152, 0.735692, -0.432174, 0.39386, 0.122594, 0.436644, 0.891242, 0.0, 0.0, 0.0, 0.0, 1.0],
                [0.998579, 0.012165, 0.051884, 0.0, 0.005325, 0.945948, -0.324275, 0.39386, -0.053024, 0.324091, 0.944538, 0.0, 0.0, 0.0, 0.0, 1.0],
                [0.998579, 0.012165, 0.051884, 0.0, 0.005325, 0.945948, -0.324275, 0.39386, -0.053024, 0.324091, 0.944539, 0.0, 0.0, 0.0, 0.0, 1.0],
                [0.998579, 0.012165, 0.051884, 0.0, 0.005325, 0.945948, -0.324275, 0.393861, -0.053024, 0.324091, 0.944539, -0.0, 0.0, 0.0, 0.0, 1.0],
                [0.998579, 0.012165, 0.051884, 0.0, 0.005325, 0.945948, -0.324275, 0.393861, -0.053024, 0.324091, 0.944539, -0.0, 0.0, 0.0, 0.0, 1.0],
                [0.122463, 0.315021, -0.94115, 0.0, 0.696993, 0.64779, 0.30752, 0.39386, 0.706544, -0.693635, -0.140237, -0.0, 0.0, 0.0, 0.0, 1.0],
                [0.374953, 0.400983, -0.835836, -0.0, 0.704848, 0.462336, 0.537992, 0.39386, 0.602163, -0.790859, -0.109278, 0.0, 0.0, 0.0, 0.0, 1.0],
                [0.029009, -0.039118, -0.998813, -0.0, 0.72803, 0.685521, -0.005703, 0.39386, 0.684931, -0.727001, 0.048365, 0.0, 0.0, 0.0, 0.0, 1.0],
                [0.013948, -0.22161, -0.975035, -0.0, 0.856009, 0.506617, -0.102901, 0.393861, 0.516773, -0.833203, 0.196767, 0.0, 0.0, 0.0, 0.0, 1.0],
                [0.009136, -0.104699, -0.994462, -0.0, 0.921931, 0.386016, -0.032171, 0.39386, 0.387247, -0.916531, 0.100052, -0.0, 0.0, 0.0, 0.0, 1.0]
            ]
        },
        {
            "name": "Hand_R",
            "time": [0.0, 1.1667, 1.4833, 1.75, 1.9333, 2.1667, 2.3333],
            "transform": [
                [1.0, 0.0, 0.0, 0.0, -0.0, 0.993937, 0.109947, 0.3, -0.0, -0.109947, 0.993937, 0.0, 0.0, 0.0, 0.0, 1.0],
                [1.0, 0.0, 0.0, 0.0, -0.0, 0.993937, 0.109947, 0.3, -0.0, -0.109947, 0.993937, 0.0, 0.0, 0.0, 0.0, 1.0],
                [0.999952, -0.009675, -0.001488, -0.0, 0.007319, 0.839875, -0.54273, 0.3, 0.006501, 0.542693, 0.839906, 0.0, 0.0, 0.0, 0.0, 1.0],
                [1.0, 0.000585, 8.9e-05, -0.0, -0.000256, 0.563689, -0.825988, 0.3, -0.000533, 0.825987, 0.563689, 0.0, 0.0, 0.0, 0.0, 1.0],
                [1.0, 0.0, 0.0, 0.0, -0.0, 0.993937, 0.109947, 0.3, -0.0, -0.109947, 0.993937, 0.0, 0.0, 0.0, 0.0, 1.0],
                [1.0, -0.000322, 0.000171, 0.0, 0.000346, 0.985603, -0.169075, 0.3, -0.000114, 0.169075, 0.985603, -0.0, 0.0, 0.0, 0.0, 1.0],
                [1.0, -0.000161, 0.000374, 0.0, 0.000194, 0.995782, -0.091756, 0.3, -0.000358, 0.091756, 0.995781, -0.0, 0.0, 0.0, 0.0, 1.0]
            ]
        },
        {
            "name": "Tool_R",
            "time": [0.0, 0.1333, 0.2833, 0.3833, 0.5, 1.1667, 1.4833, 1.75, 1.9333, 2.1667, 2.3333],
            "transform": [
                [1.0, 0.0, 0.0, 0.0, 0.0, -0.999836, 0.018122, 0.272858, 0.0, -0.018122, -0.999244, 0.0, 0.0, 0.0, 0.0, 1.0],
                [1.0, 0.0, 0.0, -0.0, 0.0, -0.999836, 0.018122, 0.272858, 0.0, -0.018122, -0.999243, 0.0, 0.0, 0.0, 0.0, 1.0],
                [1.0, 0.0, 0.0, -0.0, 0.0, -0.999836, 0.018122, 0.272858, 0.0, -0.018122, -0.999244, 0.0, 0.0, 0.0, 0.0, 1.0],
                [1.0, 0.0, 0.0, 0.0, 0.0, -0.999836, 0.018122, 0.272858, 0.0, -0.018122, -0.999244, 0.0, 0.0, 0.0, 0.0, 1.0],
                [1.0, 0.0, 0.0, 0.0, 0.0, -0.999836, 0.018122, 0.272858, 0.0, -0.018122, -0.999244, 0.0, 0.0, 0.0, 0.0, 1.0],
                [1.0, 0.0, 0.0, -0.0, 0.0, -0.999836, 0.018122, 0.272858, 0.0, -0.018122, -0.999244, 0.0, 0.0, 0.0, 0.0, 1.0],
                [0.562867, -0.048144, -0.825144, 0.0, -0.800133, -0.282098, -0.529346, 0.272858, -0.207173, 0.957606, -0.197194, 0.0, 0.0, 0.0, 0.0, 1.0],
                [0.407966, 0.080311, -0.909458, 0.0, -0.906747, -0.080716, -0.413878, 0.272858, -0.106594, 0.992907, 0.039864, 0.0, 0.0, 0.0, 0.0, 1.0],
                [0.923308, 0.053051, -0.380379, 0.0, 0.056932, -0.998378, -0.00105, 0.272858, -0.379593, -0.020685, -0.924282, -0.0, 0.0, 0.0, 0.0, 1.0],
                [1.0, 0.0, 0.0, -0.0, 0.0, -0.999836, 0.018122, 0.272858, 0.0, -0.018122, -0.999244, -0.0, 0.0, 0.0, 0.0, 1.0],
                [1.0, 0.0, 0.0, -0.0, 0.0, -0.999836, 0.018122, 0.272858, 0.0, -0.018122, -0.999243, -0.0, 0.0, 0.0, 0.0, 1.0]
            ]
        },
        {
            "name": "Elbow_R",
            "time": [0.0, 1.1667, 1.4833, 1.75, 1.9333, 2.3333],
            "transform": [
                [-1.0, 0.0, -0.0, 0.0, 0.0, -0.0, -1.0, 0.3, -0.0, -1.0, 0.0, 0.0, 0.0, 0.0, 0.0, 1.0],
                [-1.0, 0.0, -0.0, 0.0, 0.0, -0.0, -1.0, 0.3, -0.0, -1.0, 0.0, 0.0, 0.0, 0.0, 0.0, 1.0],
                [-1.0, 0.0, -0.0, -0.0, 0.0, -0.0, -1.0, 0.36606, -0.0, -1.0, 0.0, 0.0, 0.0, 0.0, 0.0, 1.0],
                [-1.0, 0.0, -0.0, -0.0, 0.0, -0.0, -1.0, 0.399719, -0.0, -1.0, 0.0, 0.0, 0.0, 0.0, 0.0, 1.0],
                [-1.0, 0.0, -0.0, 0.0, 0.0, -0.0, -1.0, 0.3, -0.0, -1.0, 0.0, 0.0, 0.0, 0.0, 0.0, 1.0],
                [-1.0, 0.0, -0.0, 0.0, 0.0, -0.0, -1.0, 0.3, -0.0, -1.0, 0.0, -0.0, 0.0, 0.0, 0.0, 1.0]
            ]
        },
        {
            "name": "Shoulder_L",
            "time": [0.0, 1.1667, 1.4833, 1.75, 1.9333, 2.1667, 2.3333],
            "transform": [
                [-0.0, -0.952114, -0.305743, 0.0, 0.0, -0.305743, 0.952114, 0.4, -1.0, 0.0, 0.0, 0.0, 0.0, 0.0, 0.0, 1.0],
                [-0.0, -0.952114, -0.305743, -0.0, 0.0, -0.305743, 0.952114, 0.4, -1.0, -0.0, 0.0, 0.0, 0.0, 0.0, 0.0, 1.0],
                [0.172705, -0.931679, -0.319605, -0.0, 0.002013, -0.324146, 0.946005, 0.4, -0.984971, -0.164023, -0.054106, 0.0, 0.0, 0.0, 0.0, 1.0],
                [0.2997, -0.89745, -0.323671, 0.0, 0.00573, -0.337566, 0.941284, 0.4, -0.954016, -0.283957, -0.096026, -0.0, 0.0, 0.0, 0.0, 1.0],
                [0.299699, -0.897451, -0.32367, 0.0, 0.005732, -0.337565, 0.941285, 0.4, -0.954017, -0.283958, -0.096024, -0.0, 0.0, 0.0, 0.0, 1.0],
                [0.214602, -0.924085, -0.316248, 0.0, 0.000841, -0.323617, 0.946188, 0.4, -0.976701, -0.203319, -0.068671, 0.0, 0.0, 0.0, 0.0, 1.0],
                [0.129221, -0.943041, -0.306555, -0.0, -0.002684, -0.309479, 0.950903, 0.4, -0.991612, -0.122054, -0.042523, -0.0, 0.0, 0.0, 0.0, 1.0]
            ]
        },
        {
            "name": "Arm_L",
            "time": [0.0, 0.1333, 0.2833, 0.3833, 0.5, 0.6, 1.1667, 1.4833, 1.75, 1.9333, 2.1667, 2.3333],
            "transform": [
                [0.0, 0.982104, -0.188339, 0.0, -0.952114, -0.057583, -0.300272, 0.39386, -0.305744, 0.17932, 0.935075, 0.0, 0.0, 0.0, 0.0, 1.0],
                [0.237066, 0.947108, -0.216299, 0.0, -0.903162, 0.132835, -0.408231, 0.39386, -0.357907, 0.292131, 0.886883, -0.0, 0.0, 0.0, 0.0, 1.0],
                [0.903243, 0.42439, -0.063599, -0.0, -0.421971, 0.851411, -0.311514, 0.39386, -0.078054, 0.308209, 0.948111, 0.0, 0.0, 0.0, 0.0, 1.0],
                [0.998868, -0.004799, -0.047317, 0.0, -0.008456, 0.961123, -0.275993, 0.39386, 0.046802, 0.276081, 0.959994, -0.0, 0.0, 0.0, 0.0, 1.0],
                [0.998868, -0.004799, -0.047316, -0.0, -0.008456, 0.961123, -0.275993, 0.39386, 0.046801, 0.27608, 0.959994, -0.0, 0.0, 0.0, 0.0, 1.0],
                [0.998868, -0.004799, -0.047316, 0.0, -0.008456, 0.961123, -0.275993, 0.39386, 0.046801, 0.27608, 0.959994, 0.0, 0.0, 0.0, 0.0, 1.0],
                [0.998868, -0.004799, -0.047316, 0.0, -0.008456, 0.961123, -0.275993, 0.39386, 0.046801, 0.27608, 0.959994, 0.0, 0.0, 0.0, 0.0, 1.0],
                [0.383781, 0.747709, 0.541888, -0.0, -0.334773, 0.659562, -0.672982, 0.39386, -0.860604, 0.076869, 0.50344, -0.0, 0.0, 0.0, 0.0, 1.0],
                [-0.453771, 0.810543, 0.370286, 0.0, -0.129103, 0.351349, -0.927301, 0.39386, -0.881717, -0.468587, -0.054789, -0.0, 0.0, 0.0, 0.0, 1.0],
                [-0.453771, 0.810543, 0.370286, 0.0, -0.129102, 0.351349, -0.927301, 0.39386, -0.881717, -0.468587, -0.054789, 0.0, 0.0, 0.0, 0.0, 1.0],
                [-0.345373, 0.491483, 0.799476, -0.0, -0.605902, 0.533773, -0.58989, 0.39386, -0.716659, -0.688136, 0.11344, -0.0, 0.0, 0.0, 0.0, 1.0],
                [-0.027238, 0.146185, 0.988882, 0.0, -0.875121, 0.474633, -0.094269, 0.39386, -0.483137, -0.867959, 0.115001, -0.0, 0.0, 0.0, 0.0, 1.0]
            ]
        },
        {
            "name": "Hand_L",
            "time": [0.0, 1.1667, 1.4833, 1.75, 1.9333, 2.1667, 2.3333],
            "transform": [
                [1.0, 0.0, 0.0, 0.0, -0.0, 0.993938, 0.109947, 0.3, -0.0, -0.109947, 0.993937, 0.0, 0.0, 0.0, 0.0, 1.0],
                [1.0, 0.0, 0.0, 0.0, -0.0, 0.993938, 0.109947, 0.3, -0.0, -0.109947, 0.993937, -0.0, 0.0, 0.0, 0.0, 1.0],
                [1.0, 0.000416, -0.000399, -0.0, -0.000522, 0.94635, -0.323142, 0.3, 0.000243, 0.323143, 0.94635, 0.0, 0.0, 0.0, 0.0, 1.0],
                [0.999997, -0.00221, -0.000661, 0.0, 0.001342, 0.790496, -0.612466, 0.3, 0.001875, 0.612464, 0.790496, 0.0, 0.0, 0.0, 0.0, 1.0],
                [0.999998, -0.000462, -0.002015, -0.0, -0.000869, 0.790499, -0.612463, 0.3, 0.001875, 0.612464, 0.790496, 0.0, 0.0, 0.0, 0.0, 1.0],
                [0.999995, 0.00304, -0.000471, -0.0, -0.002996, 0.927628, -0.373495, 0.3, -0.000699, 0.373494, 0.927632, 0.0, 0.0, 0.0, 0.0, 1.0],
                [0.999999, -0.000701, -0.001468, -0.0, 0.00053, 0.993573, -0.113197, 0.3, 0.001538, 0.113197, 0.993571, 0.0, 0.0, 0.0, 0.0, 1.0]
            ]
        },
        {
            "name": "Tool_L",
            "time": [0.0, 0.1333, 0.2833, 0.3833, 0.5, 0.6, 1.1667, 1.4833, 1.75, 1.9333, 2.1667, 2.3333],
            "transform": [
                [1.0, 0.0, 0.0, 0.0, 0.0, -0.999836, 0.018122, 0.272858, 0.0, -0.018122, -0.999247, 0.0, 0.0, 0.0, 0.0, 1.0],
                [1.0, -0.0, 0.0, 0.0, -0.0, -0.999836, 0.018122, 0.272858, 0.0, -0.018122, -0.999247, -0.0, 0.0, 0.0, 0.0, 1.0],
                [1.0, -0.0, 0.0, 0.0, -0.0, -0.999836, 0.018122, 0.272858, 0.0, -0.018122, -0.999247, -0.0, 0.0, 0.0, 0.0, 1.0],
                [1.0, 0.0, 0.0, 0.0, 0.0, -0.999836, 0.018122, 0.272858, 0.0, -0.018122, -0.999247, -0.0, 0.0, 0.0, 0.0, 1.0],
                [1.0, 0.0, 0.0, 0.0, 0.0, -0.999835, 0.018122, 0.272858, 0.0, -0.018122, -0.999247, 0.0, 0.0, 0.0, 0.0, 1.0],
                [1.0, 0.0, 0.0, 0.0, 0.0, -0.999835, 0.018122, 0.272858, 0.0, -0.018122, -0.999247, 0.0, 0.0, 0.0, 0.0, 1.0],
                [1.0, 0.0, 0.0, 0.0, 0.0, -0.999835, 0.018122, 0.272858, 0.0, -0.018122, -0.999247, 0.0, 0.0, 0.0, 0.0, 1.0],
                [1.0, -0.000719, 7e-05, -0.0, -0.000666, -0.954559, -0.29802, 0.272858, 0.000281, 0.297834, -0.954001, -0.0, 0.0, 0.0, 0.0, 1.0],
                [0.999999, -0.001255, -3e-05, 0.0, -0.001089, -0.855598, -0.517639, 0.272858, 0.000624, 0.517325, -0.855101, -0.0, 0.0, 0.0, 0.0, 1.0],
                [0.999999, -0.001255, -3e-05, 0.0, -0.001089, -0.855599, -0.517638, 0.272858, 0.000624, 0.517324, -0.855102, -0.0, 0.0, 0.0, 0.0, 1.0],
                [0.999999, -0.001255, -3e-05, -0.0, -0.001089, -0.855598, -0.517639, 0.272858, 0.000624, 0.517325, -0.855102, -0.0, 0.0, 0.0, 0.0, 1.0],
                [1.0, -0.00063, 7.4e-05, -0.0, -0.000589, -0.965619, -0.259961, 0.272858, 0.000235, 0.259798, -0.965054, 0.0, 0.0, 0.0, 0.0, 1.0]
            ]
        },
        {
            "name": "Elbow_L",
            "time": [0.0, 1.1667, 1.4833, 1.75, 1.9333, 2.1667, 2.3333],
            "transform": [
                [-1.0, 0.0, -0.0, 0.0, 0.0, -0.0, -1.0, 0.3, -0.0, -1.0, -0.0, 0.0, 0.0, 0.0, 0.0, 1.0],
                [-1.0, 0.0, -0.0, 0.0, 0.0, -0.0, -1.0, 0.3, -0.0, -1.0, -0.0, -0.0, 0.0, 0.0, 0.0, 1.0],
                [-1.0, 0.0, -0.0, -0.0, 0.0, -0.0, -1.0, 0.351621, -0.0, -1.0, 0.0, 0.0, 0.0, 0.0, 0.0, 1.0],
                [-1.0, 0.0, -0.0, 0.0, 0.0, -0.0, -1.0, 0.375135, -0.0, -1.0, -0.0, 0.0, 0.0, 0.0, 0.0, 1.0],
                [-1.0, 0.0, -0.0, 0.0, 0.0, -0.0, -1.0, 0.373833, -0.0, -1.0, -0.0, 0.0, 0.0, 0.0, 0.0, 1.0],
                [-1.0, 0.0, -0.0, -0.0, 0.0, -0.0, -1.0, 0.352866, -0.0, -1.0, -0.0, -0.0, 0.0, 0.0, 0.0, 1.0],
                [-1.0, 0.0, -0.0, -0.0, 0.0, -0.0, -1.0, 0.3, -0.0, -1.0, -0.0, 0.0, 0.0, 0.0, 0.0, 1.0]
            ]
        }
    ]
}