{
    "animation": [
        {
            "name": "Root",
            "time": [0.0, 0.15, 0.3, 0.4, 0.5167, 0.75],
            "transform": [
                [0.434536, 0.0, -0.900654, -5e-06, -0.900654, 0.0, -0.434536, 0.054076, 0.0, 1.0, 0.0, 0.768295, 0.0, 0.0, 0.0, 1.0],
                [0.327522, 0.0, -0.944844, -5e-06, -0.944844, 0.0, -0.327522, 0.040298, 0.0, 1.0, 0.0, 0.688956, 0.0, 0.0, 0.0, 1.0],
                [0.089024, 0.0, -0.996029, -5e-06, -0.996029, 0.0, -0.089024, 0.040298, 0.0, 1.0, 0.0, 0.688956, 0.0, 0.0, 0.0, 1.0],
                [0.996406, 0.019168, -0.082509, -5e-06, -0.082509, 0.440054, -0.894173, 1.583251, 0.019168, 0.897767, 0.440054, 0.608618, 0.0, 0.0, 0.0, 1.0],
                [1.0, 0.0, 0.0, -5e-06, 0.0, 0.460475, -0.887673, 1.684837, 0.0, 0.887673, 0.460475, 0.603329, 0.0, 0.0, 0.0, 1.0],
                [1.0, 0.0, 0.0, -5e-06, 0.0, 0.460475, -0.887673, 1.684837, 0.0, 0.887673, 0.460475, 0.603329, 0.0, 0.0, 0.0, 1.0]
            ]
        },
        {
            "name": "Thigh_R",
            "time": [0.0, 0.15, 0.3, 0.4, 0.5167, 0.75],
            "transform": [
                [0.943046, 0.230038, -0.240305, 0.124994, 0.241094, -0.970346, 0.01725, -0.00283, -0.229211, -0.074203, -0.970544, -1.2e-05, 0.0, 0.0, 0.0, 1.0],
                [0.788163, 0.220815, -0.57449, 0.124994, 0.349476, -0.928912, 0.122415, -0.00283, -0.506621, -0.297253, -0.809306, -1.2e-05, 0.0, 0.0, 0.0, 1.0],
                [0.77618, 0.188455, -0.601689, 0.124994, 0.383564, -0.898526, 0.213369, -0.002831, -0.500423, -0.396398, -0.769704, -1.2e-05, 0.0, 0.0, 0.0, 1.0],
                [0.997626, -0.041869, -0.05466, 0.124994, 0.046121, -0.183093, 0.982013, -0.002831, -0.051124, -0.982201, -0.180729, -1.2e-05, 0.0, 0.0, 0.0, 1.0],
                [0.999287, -0.035197, -0.013653, 0.124994, 0.009138, -0.125382, 0.992067, -0.002831, -0.03663, -0.991482, -0.124971, -1.2e-05, 0.0, 0.0, 0.0, 1.0],
                [0.999287, -0.035197, -0.013653, 0.124994, 0.009138, -0.125382, 0.992067, -0.002831, -0.03663, -0.991482, -0.124971, -1.2e-05, 0.0, 0.0, 0.0, 1.0]
            ]
        },
        {
            "name": "Leg_R",
            "time": [0.0, 0.15, 0.3, 0.4, 0.5167, 0.75],
            "transform": [
                [1.0, -0.0, 1e-06, -0.0, 0.0, 0.999946, 0.010484, 0.37472, -1e-06, -0.010484, 0.999944, -0.0, 0.0, 0.0, 0.0, 1.0],
                [1.0, -0.0, 1e-06, 0.0, -0.0, 0.866945, 0.498405, 0.37472, -1e-06, -0.498406, 0.866944, 0.0, 0.0, 0.0, 0.0, 1.0],
                [1.0, -0.0, 1e-06, 0.0, -0.0, 0.889383, 0.457164, 0.37472, -1e-06, -0.457165, 0.889381, 0.0, 0.0, 0.0, 0.0, 1.0],
                [1.0, -1e-06, 2e-06, 0.0, -1e-06, 0.612485, 0.790482, 0.37472, -2e-06, -0.790483, 0.612484, 0.0, 0.0, 0.0, 0.0, 1.0],
                [1.0, -1e-06, 2e-06, 0.0, -1e-06, 0.589685, 0.807633, 0.37472, -2e-06, -0.807634, 0.589684, 0.0, 0.0, 0.0, 0.0, 1.0],
                [1.0, -1e-06, 2e-06, 0.0, -1e-06, 0.589685, 0.807633, 0.37472, -2e-06, -0.807634, 0.589684, 0.0, 0.0, 0.0, 0.0, 1.0]
            ]
        },
        {
            "name": "Knee_R",
            "time": [0.0, 0.15, 0.3, 0.4, 0.5167, 0.75],
            "transform": [
                [1.0, 0.0, -0.0, -0.0, -0.0, 1e-06, -1.0, 0.409452, -0.0, 1.0, 1e-06, -0.0, 0.0, 0.0, 0.0, 1.0],
                [1.0, 0.0, -0.0, 0.0, -0.0, 1e-06, -1.0, 0.407949, -0.0, 1.0, 1e-06, -0.0, 0.0, 0.0, 0.0, 1.0],
                [1.0, 0.0, -0.0, 0.0, -0.0, 1e-06, -1.0, 0.403493, -0.0, 1.0, 1e-06, 0.0, 0.0, 0.0, 0.0, 1.0],
                [1.0, 0.0, -0.0, 0.0, -0.0, 1e-06, -1.0, 0.399715, -0.0, 1.0, 1e-06, -0.0, 0.0, 0.0, 0.0, 1.0],
                [1.0, 0.0, -0.0, 0.0, -0.0, 1e-06, -1.0, 0.399551, -0.0, 1.0, 1e-06, 0.0, 0.0, 0.0, 0.0, 1.0],
                [1.0, 0.0, -0.0, 0.0, -0.0, 1e-06, -1.0, 0.399551, -0.0, 1.0, 1e-06, 0.0, 0.0, 0.0, 0.0, 1.0]
            ]
        },
        {
            "name": "Thigh_L",
            "time": [0.0, 0.15, 0.3, 0.4, 0.5167, 0.75],
            "transform": [
                [0.418771, -0.089146, -0.903705, -0.125006, 0.001304, -0.99511, 0.098767, -0.002831, -0.90809, -0.042539, -0.416607, -1.2e-05, 0.0, 0.0, 0.0, 1.0],
                [0.304248, -0.570858, -0.762597, -0.125006, 0.021563, -0.796216, 0.604627, -0.002831, -0.952348, -0.200401, -0.229938, -1.2e-05, 0.0, 0.0, 0.0, 1.0],
                [0.089498, -0.603413, -0.792391, -0.125006, 0.003243, -0.795403, 0.606072, -0.002831, -0.995981, -0.056812, -0.069231, -1.2e-05, 0.0, 0.0, 0.0, 1.0],
                [0.969698, -0.055297, -0.237962, -0.125006, -0.032967, -0.994756, 0.096814, -0.002831, -0.242067, -0.086035, -0.966437, -1.2e-05, 0.0, 0.0, 0.0, 1.0],
                [0.985343, -0.024216, -0.168854, -0.125006, -0.012659, -0.997523, 0.069186, -0.002831, -0.170112, -0.066034, -0.983209, -1.2e-05, 0.0, 0.0, 0.0, 1.0],
                [0.985343, -0.024216, -0.168854, -0.125006, -0.012659, -0.997523, 0.069186, -0.002831, -0.170112, -0.066034, -0.983209, -1.2e-05, 0.0, 0.0, 0.0, 1.0]
            ]
        },
        {
            "name": "Leg_L",
            "time": [0.0, 0.15, 0.3, 0.4, 0.5167, 0.75],
            "transform": [
                [1.0, -0.0, 7e-06, -0.0, 0.0, 0.999951, 0.009863, 0.37472, -7e-06, -0.009863, 0.999952, 0.0, 0.0, 0.0, 0.0, 1.0],
                [1.0, -1e-06, 3e-06, -0.0, -1e-06, 0.821685, 0.569942, 0.37472, -3e-06, -0.569941, 0.821685, 0.0, 0.0, 0.0, 0.0, 1.0],
                [1.0, -1e-06, 2e-06, -0.0, -0.0, 0.810535, 0.58569, 0.37472, -2e-06, -0.585689, 0.810536, 0.0, 0.0, 0.0, 0.0, 1.0],
                [1.0, -1e-06, 1e-06, 0.0, 0.0, 0.933891, 0.357557, 0.37472, -1e-06, -0.357557, 0.933892, 0.0, 0.0, 0.0, 0.0, 1.0],
                [1.0, -1e-06, 1e-06, -0.0, 0.0, 0.93986, 0.34156, 0.37472, -1e-06, -0.341559, 0.939861, 0.0, 0.0, 0.0, 0.0, 1.0],
                [1.0, -1e-06, 1e-06, -0.0, 0.0, 0.93986, 0.34156, 0.37472, -1e-06, -0.341559, 0.939861, 0.0, 0.0, 0.0, 0.0, 1.0]
            ]
        },
        {
            "name": "Knee_L",
            "time": [0.0, 0.15, 0.3, 0.4, 0.5167, 0.75],
            "transform": [
                [1.0, 0.0, -0.0, -0.0, -0.0, 1e-06, -1.0, 0.367852, -0.0, 1.0, 1e-06, 0.0, 0.0, 0.0, 0.0, 1.0],
                [1.0, 0.0, -0.0, -0.0, -0.0, 1e-06, -1.0, 0.369893, -0.0, 1.0, 1e-06, -0.0, 0.0, 0.0, 0.0, 1.0],
                [1.0, 0.0, -0.0, -0.0, -0.0, 1e-06, -1.0, 0.375941, -0.0, 1.0, 1e-06, 0.0, 0.0, 0.0, 0.0, 1.0],
                [1.0, 0.0, -0.0, -0.0, -0.0, 1e-06, -1.0, 0.38107, -0.0, 1.0, 1e-06, -0.0, 0.0, 0.0, 0.0, 1.0],
                [1.0, 0.0, -0.0, -0.0, -0.0, 1e-06, -1.0, 0.381294, -0.0, 1.0, 1e-06, -0.0, 0.0, 0.0, 0.0, 1.0],
                [1.0, 0.0, -0.0, -0.0, -0.0, 1e-06, -1.0, 0.381294, -0.0, 1.0, 1e-06, -0.0, 0.0, 0.0, 0.0, 1.0]
            ]
        },
        {
            "name": "Torso",
            "time": [0.0, 0.15, 0.3, 0.4, 0.5167, 0.75],
            "transform": [
                [0.99978, -0.020971, -0.000197, -0.0, 0.020971, 0.999603, 0.018821, 0.05, -0.000197, -0.018821, 0.999823, 0.0, 0.0, 0.0, 0.0, 1.0],
                [0.99978, -0.020971, -0.000197, 0.0, 0.020971, 0.999603, 0.018833, 0.05, -0.000198, -0.018833, 0.999823, 0.0, 0.0, 0.0, 0.0, 1.0],
                [0.99978, -0.020971, -0.000197, -0.0, 0.020971, 0.999603, 0.018833, 0.05, -0.000198, -0.018833, 0.999823, 0.0, 0.0, 0.0, 0.0, 1.0],
                [0.999999, -0.001296, -1e-06, -0.0, 0.001296, 0.999998, 0.001164, 0.05, -1e-06, -0.001164, 0.999999, -0.0, 0.0, 0.0, 0.0, 1.0],
                [1.0, -0.0, 0.0, 0.0, 0.0, 1.0, 0.0, 0.05, 0.0, 0.0, 1.0, 0.0, 0.0, 0.0, 0.0, 1.0],
                [1.0, -0.0, 0.0, 0.0, 0.0, 1.0, 0.0, 0.05, 0.0, 0.0, 1.0, 0.0, 0.0, 0.0, 0.0, 1.0]
            ]
        },
        {
            "name": "Chest",
            "time": [0.0, 0.75],
            "transform": [
                [1.0, -0.0, -0.0, -0.0, 0.0, 1.0, 0.0, 0.3, -0.0, 0.0, 1.0, 0.0, 0.0, 0.0, 0.0, 1.0],
                [1.0, -0.0, 0.0, 0.0, 0.0, 1.0, 0.0, 0.3, 0.0, 0.0, 1.0, 0.0, 0.0, 0.0, 0.0, 1.0]
            ]
        },
        {
            "name": "Head",
            "time": [0.0, 0.15, 0.3, 0.4, 0.5167, 0.75],
            "transform": [
                [0.428186, 0.028384, 0.903245, -0.0, 0.009833, 0.999301, -0.036064, 0.4, -0.903637, 0.024324, 0.427608, 0.0, 0.0, 0.0, 0.0, 1.0],
                [0.327738, 0.028935, 0.944326, 0.0, 0.012714, 0.999305, -0.035033, 0.4, -0.944683, 0.023488, 0.327143, 0.0, 0.0, 0.0, 0.0, 1.0],
                [0.152024, 0.029645, 0.987932, 0.0, 0.017221, 0.999319, -0.032637, 0.4, -0.988227, 0.021975, 0.151409, 0.0, 0.0, 0.0, 0.0, 1.0],
                [0.996665, 0.01781, 0.079631, 0.0, 0.016943, 0.909451, -0.415465, 0.4, -0.07982, 0.415429, 0.906117, -0.0, 0.0, 0.0, 0.0, 1.0],
                [1.0, 0.0, -0.0, 0.0, -0.0, 0.901248, -0.433304, 0.4, 0.0, 0.433304, 0.901248, 0.0, 0.0, 0.0, 0.0, 1.0],
                [1.0, -0.0, 0.0, 0.0, -0.0, 0.901248, -0.433304, 0.4, 0.0, 0.433304, 0.901248, 0.0, 0.0, 0.0, 0.0, 1.0]
            ]
        },
        {
            "name": "Shoulder_R",
            "time": [0.0, 0.15, 0.3, 0.4, 0.5167, 0.75],
            "transform": [
                [0.712028, 0.664307, 0.227402, -0.0, -0.13037, -0.193156, 0.972468, 0.4, 0.689941, -0.722071, -0.050927, 0.0, 0.0, 0.0, 0.0, 1.0],
                [0.587939, 0.787006, 0.186946, 0.0, -0.191987, -0.088742, 0.977377, 0.4, 0.785792, -0.610529, 0.098921, 0.0, 0.0, 0.0, 0.0, 1.0],
                [0.668483, 0.717828, 0.19456, 0.0, -0.192408, -0.085776, 0.977559, 0.4, 0.718408, -0.690916, 0.080776, 0.0, 0.0, 0.0, 0.0, 1.0],
                [0.497717, 0.866925, 0.026807, 0.0, 0.051228, -0.060236, 0.996869, 0.4, 0.865825, -0.494786, -0.074391, -0.0, 0.0, 0.0, 0.0, 1.0],
                [0.483937, 0.874932, 0.017294, 0.0, 0.066086, -0.056244, 0.996228, 0.4, 0.872604, -0.480968, -0.085039, 0.0, 0.0, 0.0, 0.0, 1.0],
                [0.483937, 0.874932, 0.017294, 0.0, 0.066086, -0.056244, 0.996228, 0.4, 0.872604, -0.480968, -0.085039, 0.0, 0.0, 0.0, 0.0, 1.0]
            ]
        },
        {
            "name": "Arm_R",
            "time": [0.0, 0.15, 0.3, 0.4, 0.5167, 0.75],
            "transform": [
                [-0.159269, -0.334013, -0.929015, 0.0, 0.471552, 0.801002, -0.36883, 0.393861, 0.867337, -0.496822, 0.02993, 0.0, 0.0, 0.0, 0.0, 1.0],
                [-0.238577, -0.438644, -0.866414, 0.0, -0.157392, 0.897847, -0.411217, 0.393861, 0.958285, 0.03826, -0.283244, -0.0, 0.0, 0.0, 0.0, 1.0],
                [-0.238577, -0.438644, -0.866414, -0.0, -0.157392, 0.897847, -0.411217, 0.393861, 0.958285, 0.03826, -0.283244, 0.0, 0.0, 0.0, 0.0, 1.0],
                [0.041955, -0.972021, 0.231118, 0.0, 0.926878, -0.048496, -0.372217, 0.39386, 0.373011, 0.229835, 0.89891, 0.0, 0.0, 0.0, 0.0, 1.0],
                [-0.0, -0.954015, 0.299758, -0.0, 0.952114, -0.091649, -0.291683, 0.39386, 0.305743, 0.285404, 0.908331, -0.0, 0.0, 0.0, 0.0, 1.0],
                [-0.0, -0.954015, 0.299758, -0.0, 0.952114, -0.091649, -0.291683, 0.39386, 0.305743, 0.285404, 0.908331, -0.0, 0.0, 0.0, 0.0, 1.0]
            ]
        },
        {
            "name": "Hand_R",
            "time": [0.0, 0.15, 0.3, 0.4, 0.5167, 0.75],
            "transform": [
                [0.999989, 0.004732, 0.000596, -0.0, -0.002206, 0.569565, -0.821943, 0.3, -0.004228, 0.821933, 0.569569, 0.0, 0.0, 0.0, 0.0, 1.0],
                [0.999986, 0.003999, -0.003416, 0.0, -0.003254, -0.039898, -0.999199, 0.3, -0.004132, 0.999196, -0.039885, -0.0, 0.0, 0.0, 0.0, 1.0],
                [0.999986, 0.003999, -0.003416, -0.0, -0.003254, -0.039898, -0.999199, 0.3, -0.004132, 0.999196, -0.039885, -0.0, 0.0, 0.0, 0.0, 1.0],
                [1.0, 0.00033, 3.5e-05, -0.0, -0.00033, 0.999895, 0.014524, 0.3, -3e-05, -0.014524, 0.999895, -0.0, 0.0, 0.0, 0.0, 1.0],
                [1.0, -0.0, 0.0, -0.0, 0.0, 0.993937, 0.109947, 0.3, -0.0, -0.109947, 0.993937, 0.0, 0.0, 0.0, 0.0, 1.0],
                [1.0, -0.0, 0.0, -0.0, 0.0, 0.993937, 0.109947, 0.3, -0.0, -0.109947, 0.993937, 0.0, 0.0, 0.0, 0.0, 1.0]
            ]
        },
        {
            "name": "Tool_R",
            "time": [0.0, 0.15, 0.3, 0.4, 0.5167, 0.75],
            "transform": [
                [0.328398, 0.870798, 0.365876, 0.008072, 0.934288, -0.242557, -0.26129, 0.277246, -0.138693, 0.427385, -0.892706, 0.023747, 0.0, 0.0, 0.0, 1.0],
                [-0.016697, 0.989278, -0.145091, 0.00463, 0.120866, -0.14205, -0.982453, 0.344402, -0.99194, -0.033922, -0.11714, 0.070653, 0.0, 0.0, 0.0, 1.0],
                [0.062876, 0.987389, -0.145293, 0.004631, 0.210026, -0.155411, -0.965265, 0.344402, -0.975092, 0.030158, -0.217031, 0.070653, 0.0, 0.0, 0.0, 1.0],
                [0.851111, 0.088186, -0.517527, -0.031571, -0.474823, -0.291212, -0.830505, 0.291204, -0.223822, 0.952018, -0.205868, 0.030571, 0.0, 0.0, 0.0, 1.0],
                [0.844263, 0.010088, -0.535834, -0.033954, -0.514424, -0.265126, -0.815522, 0.287701, -0.150207, 0.963587, -0.218526, 0.027932, 0.0, 0.0, 0.0, 1.0],
                [0.844263, 0.010088, -0.535834, -0.033954, -0.514424, -0.265126, -0.815522, 0.287701, -0.150207, 0.963587, -0.218526, 0.027932, 0.0, 0.0, 0.0, 1.0]
            ]
        },
        {
            "name": "Elbow_R",
            "time": [0.0, 0.15, 0.3, 0.4, 0.75],
            "transform": [
                [-1.0, 0.0, -0.0, 6.9e-05, 0.0, -0.0, -1.0, 0.396778, -0.0, -1.0, 0.0, 0.000592, 0.0, 0.0, 0.0, 1.0],
                [-1.0, 0.0, -0.0, 0.000118, 0.0, -0.0, -1.0, 0.465385, -0.0, -1.0, 0.0, 0.005262, 0.0, 0.0, 0.0, 1.0],
                [-1.0, 0.0, -0.0, 0.000118, 0.0, -0.0, -1.0, 0.465385, -0.0, -1.0, 0.0, 0.005262, 0.0, 0.0, 0.0, 1.0],
                [-1.0, 0.0, -0.0, -0.0, 0.0, -0.0, -1.0, 0.3, -0.0, -1.0, 0.0, -0.0, 0.0, 0.0, 0.0, 1.0],
                [-1.0, 0.0, 0.0, -0.0, 0.0, -0.0, -1.0, 0.3, -0.0, -1.0, 0.0, 0.0, 0.0, 0.0, 0.0, 1.0]
            ]
        },
        {
            "name": "Shoulder_L",
            "time": [0.0, 0.15, 0.3, 0.4, 0.5167, 0.75],
            "transform": [
                [0.479131, -0.849148, -0.222219, -0.0, 0.100777, -0.198278, 0.974951, 0.4, -0.871939, -0.489524, -0.009427, 0.0, 0.0, 0.0, 0.0, 1.0],
                [0.758346, -0.611019, -0.227084, 0.0, 0.180887, -0.137429, 0.973855, 0.4, -0.626251, -0.779596, 0.006306, 0.0, 0.0, 0.0, 0.0, 1.0],
                [0.687152, -0.690152, -0.226961, 0.0, 0.183823, -0.137069, 0.973355, 0.4, -0.702873, -0.710564, 0.032679, 0.0, 0.0, 0.0, 0.0, 1.0],
                [0.653424, -0.751379, 0.092013, 0.0, -0.111538, 0.02466, 0.993454, 0.4, -0.748729, -0.65941, -0.067694, -0.0, 0.0, 0.0, 0.0, 1.0],
                [0.649249, -0.752259, 0.112166, 0.0, -0.130006, 0.035542, 0.990876, 0.4, -0.749382, -0.657908, -0.074723, 0.0, 0.0, 0.0, 0.0, 1.0],
                [0.649249, -0.752259, 0.112166, 0.0, -0.130006, 0.035542, 0.990876, 0.4, -0.749382, -0.657908, -0.074723, 0.0, 0.0, 0.0, 0.0, 1.0]
            ]
        },
        {
            "name": "Arm_L",
            "time": [0.0, 0.15, 0.3, 0.4, 0.5167, 0.75],
            "transform": [
                [-0.223693, 0.524481, 0.821512, 0.0, -0.917738, 0.170483, -0.358737, 0.39386, -0.328205, -0.834179, 0.4432, 0.0, 0.0, 0.0, 0.0, 1.0],
                [0.055418, 0.603504, 0.795432, -0.0, -0.936737, 0.307188, -0.167804, 0.39386, -0.345618, -0.735811, 0.582349, 0.0, 0.0, 0.0, 0.0, 1.0],
                [0.055418, 0.603504, 0.795432, 0.0, -0.936737, 0.307188, -0.167804, 0.39386, -0.345618, -0.735811, 0.582349, -0.0, 0.0, 0.0, 0.0, 1.0],
                [0.285172, 0.93587, -0.20694, -0.0, -0.876183, 0.167013, -0.452117, 0.39386, -0.388561, 0.310248, 0.867621, 0.0, 0.0, 0.0, 0.0, 1.0],
                [0.299493, 0.914157, -0.27317, -0.0, -0.874325, 0.148355, -0.462112, 0.39386, -0.381916, 0.377238, 0.843701, 0.0, 0.0, 0.0, 0.0, 1.0],
                [0.299493, 0.914157, -0.27317, -0.0, -0.874325, 0.148355, -0.462112, 0.39386, -0.381916, 0.377238, 0.843701, 0.0, 0.0, 0.0, 0.0, 1.0]
            ]
        },
        {
            "name": "Hand_L",
            "time": [0.0, 0.15, 0.3, 0.4, 0.5167, 0.75],
            "transform": [
                [1.020761, -0.00199, 0.000516, 0.0, 0.001885, 0.759182, -0.650875, 0.3, 0.000922, 0.650875, 0.759185, 0.0, 0.0, 0.0, 0.0, 1.0],
                [1.020757, -0.002827, 0.00167, 0.0, 0.002487, 0.298174, -0.954509, 0.3, 0.002246, 0.954507, 0.29818, -0.0, 0.0, 0.0, 0.0, 1.0],
                [1.020757, -0.002827, 0.00167, 0.0, 0.002487, 0.298174, -0.954509, 0.3, 0.002246, 0.954507, 0.29818, -0.0, 0.0, 0.0, 0.0, 1.0],
                [1.020763, -0.000204, -2.4e-05, 0.0, 0.000209, 0.999534, 0.030531, 0.3, 1.8e-05, -0.030531, 0.999534, 0.0, 0.0, 0.0, 0.0, 1.0],
                [1.020763, -0.0, 0.0, -0.0, -0.0, 0.993938, 0.109947, 0.3, -0.0, -0.109947, 0.993937, -0.0, 0.0, 0.0, 0.0, 1.0],
                [1.020763, -0.0, 0.0, -0.0, -0.0, 0.993938, 0.109947, 0.3, -0.0, -0.109947, 0.993937, -0.0, 0.0, 0.0, 0.0, 1.0]
            ]
        },
        {
            "name": "Tool_L",
            "time": [0.0, 0.75],
            "transform": [
                [1.0, -0.0, 0.0, 0.0, -0.0, -0.999836, 0.018122, 0.272858, 0.0, -0.018122, -0.999248, -0.0, 0.0, 0.0, 0.0, 1.0],
                [1.0, -0.0, 0.0, 0.0, -0.0, -0.999836, 0.018122, 0.272858, 0.0, -0.018122, -0.999248, 0.0, 0.0, 0.0, 0.0, 1.0]
            ]
        },
        {
            "name": "Elbow_L",
            "time": [0.0, 0.15, 0.3, 0.4, 0.75],
            "transform": [
                [-1.0, 0.0, -0.0, 0.000268, 0.0, -0.0, -1.0, 0.434308, -0.0, -1.0, -0.0, -0.002544, 0.0, 0.0, 0.0, 1.0],
                [-1.0, 0.0, -0.0, 0.000257, 0.0, -0.0, -1.0, 0.428497, -0.0, -1.0, -0.0, -0.002434, 0.0, 0.0, 0.0, 1.0],
                [-1.0, 0.0, -0.0, 0.000222, 0.0, -0.0, -1.0, 0.411267, -0.0, -1.0, -0.0, -0.002108, 0.0, 0.0, 0.0, 1.0],
                [-1.0, 0.0, -0.0, 0.0, 0.0, -0.0, -1.0, 0.3, -0.0, -1.0, -0.0, 0.0, 0.0, 0.0, 0.0, 1.0],
                [-1.0, 0.0, 0.0, -0.0, 0.0, -0.0, -1.0, 0.3, -0.0, -1.0, -0.0, -0.0, 0.0, 0.0, 0.0, 1.0]
            ]
        }
    ]
}