{
    "animation": [
        {
            "name": "Coord",
            "time": [0.0, 0.1167, 0.2667, 0.85, 1.35],
            "transform": [
                [1.0, 0.0, 0.0, 0.0, 0.0, 0.0, -1.0, -0.000279, 0.0, 1.0, 0.0, 0.0, 0.0, 0.0, 0.0, 1.0],
                [1.0, 0.0, 0.0, 0.0, 0.0, 0.0, -1.0, -0.000279, 0.0, 1.0, 0.0, 0.0, 0.0, 0.0, 0.0, 1.0],
                [1.0, 0.0, 0.0, 0.0, 0.0, 0.0, -1.0, 0.998164, 0.0, 1.0, 0.0, 0.0, 0.0, 0.0, 0.0, 1.0],
                [1.0, 0.0, 0.0, 0.0, 0.0, 0.0, -1.0, 0.998164, 0.0, 1.0, 0.0, 0.0, 0.0, 0.0, 0.0, 1.0],
                [1.0, 0.0, 0.0, 0.0, 0.0, 0.0, -1.0, 1.024309, 0.0, 1.0, 0.0, 0.0, 0.0, 0.0, 0.0, 1.0]
            ]
        },
        {
            "name": "Root",
            "time": [0.0, 0.1167, 0.2, 0.2667, 0.5333, 0.6833, 0.85, 1.1, 1.35],
            "transform": [
                [0.085105, -0.220972, 0.97156, -5e-06, -0.225982, 0.945406, 0.234818, 0.571723, -0.970407, -0.239539, 0.030523, -0.001239, 0.0, 0.0, 0.0, 1.0],
                [-0.272517, -0.23335, 0.933425, -5e-06, -0.33899, 0.931223, 0.13383, 0.571723, -0.900456, -0.279951, -0.332877, -0.001239, 0.0, 0.0, 0.0, 1.0],
                [0.932244, 0.021387, 0.361197, -5e-06, -0.091698, 0.979627, 0.178668, 0.649262, -0.350017, -0.199683, 0.915213, -0.001239, 0.0, 0.0, 0.0, 1.0],
                [0.819025, 0.021095, -0.573371, -5e-06, -0.010068, 0.999698, 0.022399, 0.571723, 0.57367, -0.012572, 0.81899, -0.001239, 0.0, 0.0, 0.0, 1.0],
                [0.63135, 0.023726, -0.775135, -5e-06, -0.010068, 0.999698, 0.022399, 0.571723, 0.775433, -0.006337, 0.631398, -0.001239, 0.0, 0.0, 0.0, 1.0],
                [0.605077, 0.023924, -0.795808, -5e-06, -0.010068, 0.999698, 0.022399, 0.571723, 0.796104, -0.005541, 0.605135, -0.001239, 0.0, 0.0, 0.0, 1.0],
                [0.63135, 0.023726, -0.775135, -5e-06, -0.010068, 0.999698, 0.022399, 0.571723, 0.775433, -0.006337, 0.631398, -0.001239, 0.0, 0.0, 0.0, 1.0],
                [0.671997, 0.020171, -0.740279, -5e-06, -0.007457, 0.999763, 0.020472, 0.598275, 0.740516, -0.008237, 0.671988, 0.184183, 0.0, 0.0, 0.0, 1.0],
                [0.77438, 0.002056, -0.632717, -5e-06, 0.007679, 0.999891, 0.012646, 0.740887, 0.632674, -0.014651, 0.77428, -0.000946, 0.0, 0.0, 0.0, 1.0]
            ]
        },
        {
            "name": "Thigh_R",
            "time": [0.0, 0.1167, 0.1667, 0.2, 0.2667, 0.45, 0.5333, 0.85, 0.9833, 1.1, 1.2333, 1.35],
            "transform": [
                [0.464306, 0.877202, 0.122197, 0.124994, 0.150223, -0.21397, 0.96522, -0.00283, 0.872841, -0.4298, -0.231125, -1.2e-05, 0.0, 0.0, 0.0, 1.0],
                [0.337344, 0.941339, 0.008711, 0.124994, 0.420784, -0.159059, 0.893107, -0.00283, 0.842103, -0.297618, -0.44976, -1.2e-05, 0.0, 0.0, 0.0, 1.0],
                [0.786245, 0.576119, 0.223389, 0.124994, 0.062609, -0.433936, 0.898765, -0.00283, 0.614734, -0.692661, -0.377252, -1.2e-05, 0.0, 0.0, 0.0, 1.0],
                [0.903943, 0.10752, 0.413915, 0.124994, -0.055175, -0.930464, 0.362199, -0.00283, 0.424077, -0.350244, -0.835157, -1.2e-05, 0.0, 0.0, 0.0, 1.0],
                [0.909925, 0.402772, -0.099037, 0.124994, 0.307145, -0.81479, -0.491708, -0.00283, -0.27874, 0.416998, -0.86511, -1.2e-05, 0.0, 0.0, 0.0, 1.0],
                [0.850562, 0.491945, -0.185828, 0.124994, 0.420302, -0.848324, -0.322007, -0.00283, -0.316053, 0.195784, -0.928321, -1.2e-05, 0.0, 0.0, 0.0, 1.0],
                [0.833669, 0.517507, -0.192823, 0.124994, 0.463896, -0.84565, -0.263954, -0.00283, -0.299659, 0.130601, -0.945065, -1.2e-05, 0.0, 0.0, 0.0, 1.0],
                [0.833669, 0.517507, -0.192823, 0.124994, 0.463896, -0.84565, -0.263954, -0.00283, -0.299659, 0.130601, -0.945065, -1.2e-05, 0.0, 0.0, 0.0, 1.0],
                [0.880433, 0.418705, -0.222536, 0.124994, 0.43984, -0.896484, 0.053409, -0.00283, -0.177138, -0.144903, -0.973461, -1.2e-05, 0.0, 0.0, 0.0, 1.0],
                [0.914919, 0.391221, -0.099335, 0.124994, 0.403636, -0.886705, 0.225451, -0.00283, 0.000121, -0.246364, -0.969177, -1.2e-05, 0.0, 0.0, 0.0, 1.0],
                [0.911079, 0.412219, -0.002801, 0.124994, 0.323215, -0.710108, 0.62552, -0.002831, 0.255862, -0.570803, -0.780203, -1.2e-05, 0.0, 0.0, 0.0, 1.0],
                [0.893725, 0.262936, 0.363481, 0.124994, 0.157498, -0.942557, 0.294579, -0.002831, 0.420058, -0.206024, -0.883802, -1.2e-05, 0.0, 0.0, 0.0, 1.0]
            ]
        },
        {
            "name": "Leg_R",
            "time": [0.0, 0.1167, 0.1667, 0.2, 0.2667, 0.45, 0.5333, 0.85, 0.9833, 1.1, 1.2333, 1.35],
            "transform": [
                [1.0, -0.0, 0.0, 0.0, -0.0, 0.147257, 0.989097, 0.37472, -1e-06, -0.989101, 0.147256, 0.0, 0.0, 0.0, 0.0, 1.0],
                [1.0, -1e-06, 0.0, -0.0, -0.0, 0.193881, 0.981024, 0.37472, -1e-06, -0.981027, 0.193881, -0.0, 0.0, 0.0, 0.0, 1.0],
                [1.0, -1e-06, 0.0, 0.0, -0.0, 0.186461, 0.982461, 0.37472, -1e-06, -0.982464, 0.18646, 0.0, 0.0, 0.0, 0.0, 1.0],
                [1.0, -1e-06, 0.0, -0.0, 0.0, 0.531027, 0.847354, 0.37472, -1e-06, -0.847358, 0.531025, -0.0, 0.0, 0.0, 0.0, 1.0],
                [1.0, -0.0, 1e-06, 0.0, 0.0, 0.969496, 0.245114, 0.37472, -1e-06, -0.245115, 0.969493, 0.0, 0.0, 0.0, 0.0, 1.0],
                [1.0, -0.0, 1e-06, -0.0, 0.0, 0.903387, 0.42883, 0.37472, -1e-06, -0.428832, 0.903383, -0.0, 0.0, 0.0, 0.0, 1.0],
                [1.0, -0.0, 1e-06, -0.0, -0.0, 0.886894, 0.461975, 0.37472, -1e-06, -0.461977, 0.886891, 0.0, 0.0, 0.0, 0.0, 1.0],
                [1.0, -0.0, 1e-06, -0.0, -0.0, 0.886894, 0.461975, 0.37472, -1e-06, -0.461977, 0.886891, 0.0, 0.0, 0.0, 0.0, 1.0],
                [1.0, -1e-06, 1e-06, -0.0, -0.0, 0.607857, 0.794046, 0.37472, -1e-06, -0.794049, 0.607855, 0.0, 0.0, 0.0, 0.0, 1.0],
                [1.0, -1e-06, 1e-06, 0.0, -0.0, 0.52601, 0.850478, 0.37472, -1e-06, -0.850481, 0.526008, 0.0, 0.0, 0.0, 0.0, 1.0],
                [1.0, -1e-06, 0.0, 0.0, -0.0, 0.209562, 0.977794, 0.37472, -1e-06, -0.977797, 0.209561, -0.0, 0.0, 0.0, 0.0, 1.0],
                [1.0, -0.0, 1e-06, 0.0, -0.0, 0.932107, 0.362187, 0.37472, -1e-06, -0.362188, 0.932104, 0.0, 0.0, 0.0, 0.0, 1.0]
            ]
        },
        {
            "name": "Knee_R",
            "time": [0.0, 0.1167, 0.1667, 0.2, 0.2667, 0.45, 0.5333, 0.85, 0.9833, 1.1, 1.2333, 1.35],
            "transform": [
                [1.0, 0.0, -0.0, 0.0, -0.0, 1e-06, -1.0, 0.466449, -0.0, 1.0, 1e-06, -0.0, 0.0, 0.0, 0.0, 1.0],
                [1.0, 0.0, -0.0, -0.0, -0.0, 1e-06, -1.0, 0.4622, -0.0, 1.0, 1e-06, -0.0, 0.0, 0.0, 0.0, 1.0],
                [1.0, 0.0, -0.0, 0.0, -0.0, 1e-06, -1.0, 0.462879, -0.0, 1.0, 1e-06, 0.0, 0.0, 0.0, 0.0, 1.0],
                [1.0, 0.0, -0.0, 0.0, -0.0, 1e-06, -1.0, 0.429454, -0.0, 1.0, 1e-06, -0.0, 0.0, 0.0, 0.0, 1.0],
                [1.0, 0.0, -0.0, 0.0, -0.0, 1e-06, -1.0, 0.37472, -0.0, 1.0, 1e-06, 0.0, 0.0, 0.0, 0.0, 1.0],
                [1.0, 0.0, -0.0, -0.0, -0.0, 1e-06, -1.0, 0.378471, -0.0, 1.0, 1e-06, 0.0, 0.0, 0.0, 0.0, 1.0],
                [1.0, 0.0, -0.0, 0.0, -0.0, 1e-06, -1.0, 0.381795, -0.0, 1.0, 1e-06, 0.0, 0.0, 0.0, 0.0, 1.0],
                [1.0, 0.0, -0.0, 0.0, -0.0, 1e-06, -1.0, 0.381795, -0.0, 1.0, 1e-06, 0.0, 0.0, 0.0, 0.0, 1.0],
                [1.0, 0.0, -0.0, 0.0, -0.0, 1e-06, -1.0, 0.421054, -0.0, 1.0, 1e-06, -0.0, 0.0, 0.0, 0.0, 1.0],
                [1.0, 0.0, -0.0, 0.0, -0.0, 1e-06, -1.0, 0.429984, -0.0, 1.0, 1e-06, -0.0, 0.0, 0.0, 0.0, 1.0],
                [1.0, 0.0, -0.0, 0.0, -0.0, 1e-06, -1.0, 0.460763, -0.0, 1.0, 1e-06, -0.0, 0.0, 0.0, 0.0, 1.0],
                [1.0, 0.0, -0.0, 0.0, -0.0, 1e-06, -1.0, 0.37472, -0.0, 1.0, 1e-06, 0.0, 0.0, 0.0, 0.0, 1.0]
            ]
        },
        {
            "name": "Thigh_L",
            "time": [0.0, 0.1167, 0.2, 0.2667, 0.45, 0.5333, 0.6833, 0.85, 0.9833, 1.1, 1.2333, 1.35],
            "transform": [
                [0.926142, -0.185455, 0.328429, -0.16072, -0.359566, -0.697064, 0.620333, -0.001875, 0.113893, -0.692609, -0.712264, 0.033025, 0.0, 0.0, 0.0, 1.0],
                [0.9755, -0.040189, 0.216295, -0.16072, -0.172476, -0.750033, 0.638516, -0.001875, 0.136567, -0.660178, -0.738589, 0.033025, 0.0, 0.0, 0.0, 1.0],
                [0.998025, 0.061904, -0.010617, -0.16072, 0.036864, -0.440478, 0.897006, -0.001875, 0.050851, -0.895627, -0.44189, 0.033025, 0.0, 0.0, 0.0, 1.0],
                [0.816136, -0.481831, -0.318997, -0.16072, 0.045258, -0.49704, 0.866547, -0.001875, -0.576083, -0.721658, -0.383846, 0.033025, 0.0, 0.0, 0.0, 1.0],
                [0.676765, -0.625073, -0.388936, -0.16072, 0.015178, -0.516345, 0.856246, -0.001875, -0.736042, -0.585381, -0.339958, 0.033025, 0.0, 0.0, 0.0, 1.0],
                [0.650657, -0.649129, -0.394051, -0.16072, -0.006022, -0.523313, 0.852119, -0.001875, -0.759347, -0.552065, -0.344407, 0.033025, 0.0, 0.0, 0.0, 1.0],
                [0.65048, -0.653661, -0.386784, -0.160719, -0.02494, -0.527354, 0.849279, -0.001875, -0.759113, -0.542793, -0.359336, 0.033025, 0.0, 0.0, 0.0, 1.0],
                [0.650657, -0.649129, -0.394051, -0.16072, -0.006022, -0.523313, 0.852119, -0.001875, -0.759347, -0.552065, -0.344407, 0.033025, 0.0, 0.0, 0.0, 1.0],
                [0.665422, -0.694323, -0.274096, -0.16072, -0.03873, -0.39881, 0.916215, -0.001875, -0.745462, -0.599054, -0.292268, 0.033025, 0.0, 0.0, 0.0, 1.0],
                [0.687555, -0.619947, -0.378065, -0.16072, -0.050311, -0.560077, 0.826911, -0.001875, -0.724387, -0.549527, -0.416274, 0.033025, 0.0, 0.0, 0.0, 1.0],
                [0.71667, -0.437242, -0.543326, -0.16072, -0.02005, -0.791656, 0.610637, -0.001875, -0.697123, -0.426731, -0.576123, 0.033025, 0.0, 0.0, 0.0, 1.0],
                [0.724979, -0.259939, -0.637837, -0.16072, -0.015883, -0.932115, 0.361813, -0.001875, -0.688587, -0.252176, -0.679893, 0.033025, 0.0, 0.0, 0.0, 1.0]
            ]
        },
        {
            "name": "Leg_L",
            "time": [0.0, 0.1167, 0.2, 0.2667, 0.45, 0.5333, 0.6833, 0.85, 0.9833, 1.1, 1.2333, 1.35],
            "transform": [
                [1.0, -0.0, 1e-06, -0.0, -0.0, 0.781124, 0.624376, 0.37472, -1e-06, -0.624376, 0.781124, -0.0, 0.0, 0.0, 0.0, 1.0],
                [1.0, -0.0, 1e-06, -0.0, 0.0, 0.940774, 0.339033, 0.37472, -1e-06, -0.339032, 0.940775, -0.0, 0.0, 0.0, 0.0, 1.0],
                [1.0, -1e-06, 0.0, -0.0, -0.0, 0.041457, 0.999141, 0.37472, -1e-06, -0.99914, 0.041457, 0.0, 0.0, 0.0, 0.0, 1.0],
                [1.0, -1e-06, 1e-06, 0.0, -0.0, 0.34987, 0.936799, 0.37472, -1e-06, -0.936798, 0.34987, 0.0, 0.0, 0.0, 0.0, 1.0],
                [1.0, -1e-06, 1e-06, -0.0, -0.0, 0.296527, 0.955025, 0.37472, -1e-06, -0.955024, 0.296527, -0.0, 0.0, 0.0, 0.0, 1.0],
                [1.0, -1e-06, 1e-06, 0.0, -0.0, 0.284369, 0.958715, 0.37472, -1e-06, -0.958715, 0.28437, 0.0, 0.0, 0.0, 0.0, 1.0],
                [1.0, -1e-06, 1e-06, 0.0, -0.0, 0.278238, 0.960513, 0.37472, -1e-06, -0.960512, 0.278238, 0.0, 0.0, 0.0, 0.0, 1.0],
                [1.0, -1e-06, 1e-06, 0.0, -0.0, 0.284369, 0.958715, 0.37472, -1e-06, -0.958715, 0.28437, 0.0, 0.0, 0.0, 0.0, 1.0],
                [1.0, -1e-06, 0.0, -0.0, -0.0, 0.185839, 0.982581, 0.37472, -1e-06, -0.98258, 0.185839, -0.0, 0.0, 0.0, 0.0, 1.0],
                [1.0, -1e-06, 1e-06, -0.0, 0.0, 0.514115, 0.857722, 0.37472, -1e-06, -0.857721, 0.514115, -0.0, 0.0, 0.0, 0.0, 1.0],
                [1.0, -1e-06, 1e-06, 0.0, 0.0, 0.733218, 0.679993, 0.37472, -1e-06, -0.679993, 0.733219, -0.0, 0.0, 0.0, 0.0, 1.0],
                [1.0, -1e-06, 1e-06, -0.0, 0.0, 0.916048, 0.401069, 0.37472, -1e-06, -0.401068, 0.916048, 0.0, 0.0, 0.0, 0.0, 1.0]
            ]
        },
        {
            "name": "Knee_L",
            "time": [0.0, 0.1167, 0.2, 0.2667, 0.45, 0.5333, 0.6833, 0.85, 0.9833, 1.1, 1.2333, 1.35],
            "transform": [
                [1.0, 0.0, -0.0, 0.0, -0.0, 1e-06, -1.0, 0.399225, -0.0, 1.0, 1e-06, -0.0, 0.0, 0.0, 0.0, 1.0],
                [1.0, 0.0, -0.0, -0.0, -0.0, 1e-06, -1.0, 0.37472, -0.0, 1.0, 1e-06, 0.0, 0.0, 0.0, 0.0, 1.0],
                [1.0, 0.0, -0.0, -0.0, -0.0, 1e-06, -1.0, 0.475997, -0.0, 1.0, 1e-06, 0.0, 0.0, 0.0, 0.0, 1.0],
                [1.0, 0.0, -0.0, -0.0, -0.0, 1e-06, -1.0, 0.447626, -0.0, 1.0, 1e-06, 0.0, 0.0, 0.0, 0.0, 1.0],
                [1.0, 0.0, -0.0, 0.0, -0.0, 1e-06, -1.0, 0.452688, -0.0, 1.0, 1e-06, -0.0, 0.0, 0.0, 0.0, 1.0],
                [1.0, 0.0, -0.0, 0.0, -0.0, 1e-06, -1.0, 0.453829, -0.0, 1.0, 1e-06, -0.0, 0.0, 0.0, 0.0, 1.0],
                [1.0, 0.0, -0.0, 0.0, -0.0, 1e-06, -1.0, 0.454403, -0.0, 1.0, 1e-06, -0.0, 0.0, 0.0, 0.0, 1.0],
                [1.0, 0.0, -0.0, 0.0, -0.0, 1e-06, -1.0, 0.453829, -0.0, 1.0, 1e-06, -0.0, 0.0, 0.0, 0.0, 1.0],
                [1.0, 0.0, -0.0, 0.0, -0.0, 1e-06, -1.0, 0.462936, -0.0, 1.0, 1e-06, -0.0, 0.0, 0.0, 0.0, 1.0],
                [1.0, 0.0, -0.0, 0.0, -0.0, 1e-06, -1.0, 0.431235, -0.0, 1.0, 1e-06, -0.0, 0.0, 0.0, 0.0, 1.0],
                [1.0, 0.0, -0.0, 0.0, -0.0, 1e-06, -1.0, 0.405817, -0.0, 1.0, 1e-06, -0.0, 0.0, 0.0, 0.0, 1.0],
                [1.0, 0.0, -0.0, 0.0, -0.0, 1e-06, -1.0, 0.375731, -0.0, 1.0, 1e-06, 0.0, 0.0, 0.0, 0.0, 1.0]
            ]
        },
        {
            "name": "Torso",
            "time": [0.0, 0.1167, 0.2667, 0.85, 1.35],
            "transform": [
                [0.999999, 0.001398, 0.000562, 0.0, -0.001397, 0.999999, -0.000844, 0.05, -0.000563, 0.000843, 0.999999, -0.0, 0.0, 0.0, 0.0, 1.0],
                [0.999999, 0.001398, 0.000562, 0.0, -0.001397, 0.999999, -0.000844, 0.05, -0.000563, 0.000843, 1.0, 0.0, 0.0, 0.0, 0.0, 1.0],
                [1.0, 0.0, 0.0, -0.0, -0.0, 1.0, 0.0, 0.05, 0.0, 0.0, 1.0, 0.0, 0.0, 0.0, 0.0, 1.0],
                [1.0, -0.0, 0.0, -0.0, -0.0, 1.0, 0.0, 0.05, 0.0, 0.0, 1.0, -0.0, 0.0, 0.0, 0.0, 1.0],
                [1.0, -0.0, -0.0, 0.0, -0.0, 1.0, 0.0, 0.05, 0.0, 0.0, 1.0, 0.0, 0.0, 0.0, 0.0, 1.0]
            ]
        },
        {
            "name": "Chest",
            "time": [0.0, 0.1167, 0.2667, 0.85, 1.35],
            "transform": [
                [0.998605, 0.052624, 0.00421, 0.0, -0.052792, 0.995801, 0.074782, 0.3, -0.000257, -0.0749, 0.997191, -0.0, 0.0, 0.0, 0.0, 1.0],
                [0.998606, 0.052624, 0.00421, -0.0, -0.052792, 0.995802, 0.074782, 0.3, -0.000257, -0.0749, 0.997191, -0.0, 0.0, 0.0, 0.0, 1.0],
                [0.99982, 0.01899, 0.000441, -0.0, -0.018971, 0.999452, -0.027119, 0.3, -0.000956, 0.027106, 0.999632, 0.0, 0.0, 0.0, 0.0, 1.0],
                [0.99982, 0.01899, 0.000441, -0.0, -0.018971, 0.999452, -0.027119, 0.3, -0.000956, 0.027106, 0.999632, -0.0, 0.0, 0.0, 0.0, 1.0],
                [0.999955, -0.009433, 0.000754, 0.0, 0.009423, 0.999889, 0.011523, 0.3, -0.000863, -0.011516, 0.999933, 0.0, 0.0, 0.0, 0.0, 1.0]
            ]
        },
        {
            "name": "Head",
            "time": [0.0, 0.1167, 0.2, 0.2667, 0.5333, 0.6833, 0.85, 1.1, 1.35],
            "transform": [
                [0.463934, -0.274736, -0.842191, 0.0, -0.057606, 0.939326, -0.338156, 0.4, 0.883995, 0.205397, 0.419959, 0.0, 0.0, 0.0, 0.0, 1.0],
                [0.441227, -0.251483, -0.861438, -0.0, -0.007094, 0.958924, -0.283576, 0.4, 0.897367, 0.131232, 0.421319, 0.0, 0.0, 0.0, 0.0, 1.0],
                [0.99031, -0.135241, -0.03155, -0.0, 0.130214, 0.98325, -0.127531, 0.4, 0.048269, 0.122187, 0.991333, -0.0, 0.0, 0.0, 0.0, 1.0],
                [0.817386, -0.046612, 0.574201, -0.0, 0.045176, 0.998838, 0.016773, 0.4, -0.574316, 0.01223, 0.818542, -0.0, 0.0, 0.0, 0.0, 1.0],
                [0.632368, -0.025273, 0.774255, 0.0, 0.01498, 0.99968, 0.020397, 0.4, -0.774523, -0.0013, 0.632544, 0.0, 0.0, 0.0, 0.0, 1.0],
                [0.606177, -0.023236, 0.79499, 0.0, 0.010082, 0.999717, 0.021533, 0.4, -0.795265, -0.005037, 0.60624, 0.0, 0.0, 0.0, 0.0, 1.0],
                [0.632368, -0.025273, 0.774255, 0.0, 0.01498, 0.99968, 0.020397, 0.4, -0.774523, -0.0013, 0.632544, 0.0, 0.0, 0.0, 0.0, 1.0],
                [0.671691, -0.003137, 0.740825, -0.0, 0.016953, 0.999794, -0.011137, 0.4, -0.740637, 0.02004, 0.671606, 0.0, 0.0, 0.0, 0.0, 1.0],
                [0.777201, 0.020755, 0.62891, -0.0, 0.006332, 0.999147, -0.040798, 0.4, -0.62922, 0.035691, 0.776407, -0.0, 0.0, 0.0, 0.0, 1.0]
            ]
        },
        {
            "name": "Shoulder_R",
            "time": [0.0, 0.1833, 0.3333, 0.85, 1.35],
            "transform": [
                [0.690123, 0.721498, 0.056304, 0.0, -0.038919, -0.040688, 0.998414, 0.4, 0.722644, -0.69122, -0.0, 0.0, 0.0, 0.0, 0.0, 1.0],
                [0.690123, 0.721498, 0.056304, -0.0, -0.038919, -0.040688, 0.998414, 0.4, 0.722644, -0.69122, -0.0, -0.0, 0.0, 0.0, 0.0, 1.0],
                [-0.053492, 0.998158, -0.028625, 0.0, -0.073387, 0.024659, 0.996999, 0.4, 0.995868, 0.055432, 0.071932, -0.0, 0.0, 0.0, 0.0, 1.0],
                [-0.053492, 0.998158, -0.028625, 0.0, -0.073387, 0.024659, 0.996998, 0.4, 0.995868, 0.055432, 0.071932, 0.0, 0.0, 0.0, 0.0, 1.0],
                [0.0, 0.952114, 0.305743, -0.0, 0.0, -0.305743, 0.952114, 0.4, 1.0, 0.0, -0.0, -0.0, 0.0, 0.0, 0.0, 1.0]
            ]
        },
        {
            "name": "Arm_R",
            "time": [0.0, 0.0167, 0.1833, 0.25, 0.3333, 0.5333, 0.85, 1.35],
            "transform": [
                [-0.540189, -0.73851, -0.403484, 0.0, 0.00142, 0.478656, -0.878002, 0.39386, 0.841543, -0.47486, -0.257515, -0.0, 0.0, 0.0, 0.0, 1.0],
                [-0.585459, -0.728497, -0.355711, -0.0, -0.174736, 0.541849, -0.822112, 0.393861, 0.791647, -0.419157, -0.444525, -0.0, 0.0, 0.0, 0.0, 1.0],
                [-0.708891, -0.669149, -0.222962, 0.0, -0.289479, 0.564291, -0.773161, 0.393861, 0.643175, -0.483544, -0.593726, 0.0, 0.0, 0.0, 0.0, 1.0],
                [-0.054128, -0.961383, -0.26984, -0.0, -0.779612, 0.209542, -0.590167, 0.39386, 0.623919, 0.178426, -0.760848, 0.0, 0.0, 0.0, 0.0, 1.0],
                [0.337527, -0.122497, -0.933311, -0.0, -0.477032, 0.832491, -0.28178, 0.393861, 0.81149, 0.540327, 0.222553, -0.0, 0.0, 0.0, 0.0, 1.0],
                [0.469274, -0.02855, -0.882591, 0.0, -0.335164, 0.918928, -0.207932, 0.393861, 0.816975, 0.39339, 0.42166, -0.0, 0.0, 0.0, 0.0, 1.0],
                [0.469274, -0.02855, -0.882591, 0.0, -0.335164, 0.918928, -0.207932, 0.393861, 0.816975, 0.39339, 0.42166, -0.0, 0.0, 0.0, 0.0, 1.0],
                [0.177003, 0.088471, -0.980226, -0.000662, 0.856834, 0.476182, 0.1977, 0.401786, 0.484257, -0.874885, 0.008481, -0.026213, 0.0, 0.0, 0.0, 1.0]
            ]
        },
        {
            "name": "Hand_R",
            "time": [0.0, 0.0167, 0.1833, 0.2, 0.3333, 0.45, 0.85, 1.1, 1.35],
            "transform": [
                [1.0, 0.0, 0.0, 0.0, -0.0, 0.958879, -0.283814, 0.3, -0.0, 0.283814, 0.958879, 0.0, 0.0, 0.0, 0.0, 1.0],
                [1.0, 0.0, 0.0, 0.0, 0.0, 0.941255, -0.337696, 0.3, -0.0, 0.337696, 0.941255, -0.0, 0.0, 0.0, 0.0, 1.0],
                [1.0, -0.0, 0.0, 0.0, 0.0, 0.941255, -0.337696, 0.3, -0.0, 0.337696, 0.941255, -0.0, 0.0, 0.0, 0.0, 1.0],
                [1.0, -0.0, 0.0, -0.0, 0.0, 0.993938, 0.109947, 0.3, -0.0, -0.109947, 0.993937, 0.0, 0.0, 0.0, 0.0, 1.0],
                [1.0, 0.0, 0.0, 0.0, 0.0, 0.999279, -0.037957, 0.3, -0.0, 0.037957, 0.99928, -0.0, 0.0, 0.0, 0.0, 1.0],
                [1.0, 0.0, 0.0, -0.0, 0.0, 0.998054, -0.062361, 0.3, -0.0, 0.062361, 0.998054, -0.0, 0.0, 0.0, 0.0, 1.0],
                [1.0, 0.0, 0.0, -0.0, -0.0, 0.998054, -0.06236, 0.3, -0.0, 0.06236, 0.998054, 0.0, 0.0, 0.0, 0.0, 1.0],
                [1.0, 0.0, 0.0, 0.0, 0.0, 0.385506, -0.922706, 0.3, -0.0, 0.922706, 0.385506, 0.0, 0.0, 0.0, 0.0, 1.0],
                [1.0, 0.0, 0.0, 0.0, -0.0, 0.993559, -0.113314, 0.3, -0.0, 0.113314, 0.993559, 0.0, 0.0, 0.0, 0.0, 1.0]
            ]
        },
        {
            "name": "Tool_R",
            "time": [0.0, 0.0167, 0.1833, 0.2, 0.3333, 0.85, 1.35],
            "transform": [
                [0.937414, -0.111161, -0.329998, 0.0, -0.200742, -0.946867, -0.251287, 0.272858, -0.284364, 0.301616, -0.909385, -0.0, 0.0, 0.0, 0.0, 1.0],
                [0.938816, -0.310261, -0.149542, -0.0, -0.336088, -0.920171, -0.200824, 0.272858, -0.075256, 0.238645, -0.967575, 0.0, 0.0, 0.0, 0.0, 1.0],
                [1.0, -0.0, 0.0, -0.0, -0.0, -0.730969, -0.68241, 0.272858, 0.0, 0.681999, -0.730544, -0.0, 0.0, 0.0, 0.0, 1.0],
                [1.0, -0.0, -0.0, 0.0, 0.0, 0.496295, -0.868154, 0.272858, 0.0, 0.867646, 0.495992, -0.0, 0.0, 0.0, 0.0, 1.0],
                [1.0, -0.0, 0.0, -0.0, -0.0, -0.877483, -0.479608, 0.272858, 0.0, 0.479314, -0.876969, -0.0, 0.0, 0.0, 0.0, 1.0],
                [1.0, -0.0, 0.0, 0.0, 0.0, -0.877483, -0.479608, 0.272858, 0.0, 0.479314, -0.876969, -0.0, 0.0, 0.0, 0.0, 1.0],
                [1.0, 0.0, 0.0, 0.0, 0.0, -0.932089, -0.362229, 0.272858, 0.0, 0.362004, -0.931541, -0.0, 0.0, 0.0, 0.0, 1.0]
            ]
        },
        {
            "name": "Elbow_R",
            "time": [0.0, 0.0167, 0.1833, 0.2, 0.3333, 0.45, 0.85, 1.1, 1.35],
            "transform": [
                [-1.0, 0.0, -0.0, 0.0, -0.0, -0.0, -1.0, 0.337291, -0.0, -1.0, 0.0, 0.0, 0.0, 0.0, 0.0, 1.0],
                [-1.0, 0.0, -0.0, 0.0, -0.0, -0.0, -1.0, 0.342605, -0.0, -1.0, 0.0, -0.0, 0.0, 0.0, 0.0, 1.0],
                [-1.0, 0.0, -0.0, 0.0, 0.0, -0.0, -1.0, 0.342604, -0.0, -1.0, 0.0, -0.0, 0.0, 0.0, 0.0, 1.0],
                [-1.0, 0.0, -0.0, -0.0, -0.0, -0.0, -1.0, 0.3, -0.0, -1.0, 0.0, 0.0, 0.0, 0.0, 0.0, 1.0],
                [-1.0, 0.0, 0.0, 0.0, -0.0, 0.0, -1.0, 0.313882, -0.0, -1.0, -0.0, -0.0, 0.0, 0.0, 0.0, 1.0],
                [-1.0, 0.0, 0.0, -0.0, -0.0, -0.0, -1.0, 0.316172, -0.0, -1.0, 0.0, -0.0, 0.0, 0.0, 0.0, 1.0],
                [-1.0, 0.0, -0.0, 0.0, -0.0, -0.0, -1.0, 0.316172, -0.0, -1.0, 0.0, 0.0, 0.0, 0.0, 0.0, 1.0],
                [-1.0, 0.0, 0.0, -0.0, 0.0, -0.0, -1.0, 0.420438, -0.0, -1.0, 0.0, -0.0, 0.0, 0.0, 0.0, 1.0],
                [-1.0, 0.0, -0.0, -0.0, 0.0, -0.0, -1.0, 0.320966, -0.0, -1.0, 0.0, 0.0, 0.0, 0.0, 0.0, 1.0]
            ]
        },
        {
            "name": "Shoulder_L",
            "time": [0.0, 0.1167, 0.2667, 0.5333, 0.85, 1.35],
            "transform": [
                [-0.22423, -0.897121, -0.38065, 0.0, -0.069407, -0.374903, 0.924462, 0.4, -0.972061, 0.233712, 0.021798, 0.0, 0.0, 0.0, 0.0, 1.0],
                [0.089642, -0.941919, -0.323655, -0.0, 0.071184, -0.318073, 0.94539, 0.4, -0.993427, -0.107785, 0.038537, 0.0, 0.0, 0.0, 0.0, 1.0],
                [0.07908, -0.95346, -0.290963, -0.0, 0.112555, -0.281471, 0.952946, 0.4, -0.990494, -0.108108, 0.085059, -0.0, 0.0, 0.0, 0.0, 1.0],
                [-0.034181, -0.956123, -0.290963, 0.0, 0.078494, -0.292802, 0.952946, 0.4, -0.996328, 0.009734, 0.085059, 0.0, 0.0, 0.0, 0.0, 1.0],
                [-0.034181, -0.956123, -0.290963, 0.0, 0.078494, -0.292802, 0.952946, 0.4, -0.996328, 0.009734, 0.085059, 0.0, 0.0, 0.0, 0.0, 1.0],
                [0.0, -0.952114, -0.305743, -0.0, 0.0, -0.305743, 0.952114, 0.4, -1.0, 0.0, 0.0, -0.0, 0.0, 0.0, 0.0, 1.0]
            ]
        },
        {
            "name": "Arm_L",
            "time": [0.0, 0.1167, 0.2667, 0.6, 0.85, 1.35],
            "transform": [
                [0.190069, 0.735621, 0.650181, -0.0, 0.197574, 0.620045, -0.759282, 0.39386, -0.961685, 0.272774, -0.027488, -0.0, 0.0, 0.0, 0.0, 1.0],
                [0.190069, 0.974591, 0.118518, 0.0, 0.197574, 0.080278, -0.976995, 0.39386, -0.961685, 0.209112, -0.177295, -0.0, 0.0, 0.0, 0.0, 1.0],
                [0.046556, -0.274343, 0.960504, -0.0, -0.230646, 0.932612, 0.277556, 0.39386, -0.971923, -0.234458, -0.019857, 0.0, 0.0, 0.0, 0.0, 1.0],
                [-0.079781, -0.26585, 0.960707, -0.0, -0.392669, 0.894233, 0.214846, 0.39386, -0.916213, -0.3601, -0.175734, 0.0, 0.0, 0.0, 0.0, 1.0],
                [-0.079781, -0.26585, 0.960707, 0.0, -0.392669, 0.894233, 0.214846, 0.39386, -0.916213, -0.3601, -0.175734, -0.0, 0.0, 0.0, 0.0, 1.0],
                [-0.00666, -0.198383, 0.980102, 0.000662, -0.863238, 0.495873, 0.094504, 0.402678, -0.504754, -0.845431, -0.174555, -0.025927, 0.0, 0.0, 0.0, 1.0]
            ]
        },
        {
            "name": "Hand_L",
            "time": [0.0, 0.2667, 0.6, 0.85, 1.35],
            "transform": [
                [1.0, 0.0, 0.0, -0.0, -0.0, 0.72704, -0.686596, 0.3, -0.0, 0.686595, 0.72704, 0.0, 0.0, 0.0, 0.0, 1.0],
                [1.0, 0.0, -0.0, 0.0, -0.0, 0.72704, -0.686596, 0.3, -0.0, 0.686595, 0.72704, 0.0, 0.0, 0.0, 0.0, 1.0],
                [1.0, 0.0, 0.0, -0.0, 0.0, 0.824189, -0.566315, 0.3, -0.0, 0.566315, 0.824189, 0.0, 0.0, 0.0, 0.0, 1.0],
                [1.0, 0.0, 0.0, 0.0, -0.0, 0.824189, -0.566315, 0.3, -0.0, 0.566315, 0.824189, 0.0, 0.0, 0.0, 0.0, 1.0],
                [1.0, 0.0, 0.0, 0.0, -0.0, 0.943065, -0.332608, 0.3, 0.0, 0.332608, 0.943065, -0.0, 0.0, 0.0, 0.0, 1.0]
            ]
        },
        {
            "name": "Tool_L",
            "time": [0.0, 1.35],
            "transform": [
                [1.0, 0.0, 0.0, -0.0, 0.0, -0.999836, 0.018122, 0.272858, 0.0, -0.018122, -0.999248, -0.0, 0.0, 0.0, 0.0, 1.0],
                [1.0, 0.0, 0.0, -0.0, 0.0, -0.999836, 0.018122, 0.272858, 0.0, -0.018122, -0.999247, 0.0, 0.0, 0.0, 0.0, 1.0]
            ]
        },
        {
            "name": "Elbow_L",
            "time": [0.0, 0.2667, 0.6, 0.85, 1.35],
            "transform": [
                [-1.0, 0.0, -0.0, -0.0, 0.0, -0.0, -1.0, 0.381244, -0.0, -1.0, 0.0, -0.0, 0.0, 0.0, 0.0, 1.0],
                [-1.0, 0.0, -0.0, 0.0, 0.0, -0.0, -1.0, 0.381244, -0.0, -1.0, -0.0, -0.0, 0.0, 0.0, 0.0, 1.0],
                [-1.0, 0.0, 0.0, -0.0, -0.0, -0.0, -1.0, 0.36674, -0.0, -1.0, -0.0, 0.0, 0.0, 0.0, 0.0, 1.0],
                [-1.0, 0.0, 0.0, -0.0, -0.0, -0.0, -1.0, 0.36674, -0.0, -1.0, 0.0, 0.0, 0.0, 0.0, 0.0, 1.0],
                [-1.0, 0.0, -0.0, 0.0, 0.0, -0.0, -1.0, 0.342099, -0.0, -1.0, -0.0, -0.0, 0.0, 0.0, 0.0, 1.0]
            ]
        }
    ]
}