{
    "animation": [
        {
            "name": "Coord",
            "time": [0.0, 0.3833, 0.4833, 0.85, 1.35],
            "transform": [
                [1.0, 0.0, 0.0, 0.0, 0.0, 0.0, -1.0, 0.0, 0.0, 1.0, 0.0, 0.0, 0.0, 0.0, 0.0, 1.0],
                [1.0, 0.0, 0.0, 0.0, 0.0, 0.0, -1.0, 0.936286, 0.0, 1.0, 0.0, 0.0, 0.0, 0.0, 0.0, 1.0],
                [1.0, 0.0, 0.0, 0.0, 0.0, 0.0, -1.0, 1.019446, 0.0, 1.0, 0.0, 0.0, 0.0, 0.0, 0.0, 1.0],
                [1.0, 0.0, 0.0, 0.0, 0.0, 0.0, -1.0, 1.019446, 0.0, 1.0, 0.0, 0.0, 0.0, 0.0, 0.0, 1.0],
                [1.0, 0.0, 0.0, 0.0, 0.0, 0.0, -1.0, 1.024309, 0.0, 1.0, 0.0, 0.0, 0.0, 0.0, 0.0, 1.0]
            ]
        },
        {
            "name": "Root",
            "time": [0.0, 0.0833, 0.3833, 0.4833, 0.85, 1.1, 1.35],
            "transform": [
                [0.742804, 0.002056, -0.669506, -5e-06, 0.207132, 0.950229, 0.232726, 0.662256, 0.636662, -0.311545, 0.705408, -0.183704, 0.0, 0.0, 0.0, 1.0],
                [0.621616, 0.00047, -0.783322, -5e-06, 0.238372, 0.95246, 0.189735, 0.662256, 0.746172, -0.304664, 0.591952, -0.183704, 0.0, 0.0, 0.0, 1.0],
                [0.352981, -0.045471, 0.934525, -5e-06, -0.261335, 0.954274, 0.145141, 0.662256, -0.898392, -0.295456, 0.324957, 0.001911, 0.0, 0.0, 0.0, 1.0],
                [-0.058403, -0.060202, 0.996476, -5e-06, -0.218455, 0.974758, 0.046087, 0.571723, -0.974098, -0.214994, -0.07008, -0.001239, 0.0, 0.0, 0.0, 1.0],
                [-0.058403, -0.060202, 0.996476, -5e-06, -0.218455, 0.974758, 0.046087, 0.571723, -0.974098, -0.214994, -0.07008, -0.001239, 0.0, 0.0, 0.0, 1.0],
                [0.984416, 0.026395, 0.173864, -5e-06, -0.058076, 0.981998, 0.179743, 0.664927, -0.165989, -0.187039, 0.968227, 0.149795, 0.0, 0.0, 0.0, 1.0],
                [0.77438, 0.002056, -0.632717, -5e-06, 0.007679, 0.999891, 0.012646, 0.740887, 0.632674, -0.014651, 0.77428, -0.000946, 0.0, 0.0, 0.0, 1.0]
            ]
        },
        {
            "name": "Thigh_R",
            "time": [0.0, 0.0833, 0.3333, 0.3833, 0.4833, 0.85, 0.9833, 1.1, 1.2333, 1.35],
            "transform": [
                [0.900945, 0.258675, 0.348402, 0.124994, 0.119714, -0.919901, 0.373424, -0.00283, 0.417092, -0.294725, -0.85975, -1.2e-05, 0.0, 0.0, 0.0, 1.0],
                [0.884616, 0.310038, 0.348323, 0.124994, 0.0197, -0.771142, 0.636356, -0.00283, 0.465902, -0.556067, -0.688275, -1.2e-05, 0.0, 0.0, 0.0, 1.0],
                [0.70656, 0.702251, 0.087248, 0.124994, 0.179485, -0.2971, 0.937825, -0.00283, 0.684511, -0.646969, -0.335965, -1.2e-05, 0.0, 0.0, 0.0, 1.0],
                [0.439569, 0.834059, 0.333348, 0.124994, -0.012815, -0.365262, 0.930816, -0.002831, 0.898117, -0.413428, -0.149871, -1.2e-05, 0.0, 0.0, 0.0, 1.0],
                [0.104182, 0.959271, 0.262566, 0.124994, 0.096155, -0.272479, 0.957345, -0.00283, 0.989898, -0.07449, -0.120627, -1.2e-05, 0.0, 0.0, 0.0, 1.0],
                [0.104182, 0.959271, 0.262566, 0.124994, 0.096155, -0.272479, 0.957345, -0.00283, 0.989898, -0.07449, -0.120627, -1.2e-05, 0.0, 0.0, 0.0, 1.0],
                [0.557719, 0.824278, 0.097525, 0.124994, 0.224612, -0.262988, 0.938289, -0.00283, 0.79906, -0.501395, -0.331818, -1.2e-05, 0.0, 0.0, 0.0, 1.0],
                [0.694731, 0.525609, 0.491, 0.124994, 0.060384, -0.722846, 0.688363, -0.00283, 0.716729, -0.448578, -0.533924, -1.2e-05, 0.0, 0.0, 0.0, 1.0],
                [0.830151, 0.323817, 0.453861, 0.124994, 0.084875, -0.877954, 0.471157, -0.00283, 0.551039, -0.352609, -0.756321, -1.2e-05, 0.0, 0.0, 0.0, 1.0],
                [0.893725, 0.262936, 0.363481, 0.124994, 0.157498, -0.942556, 0.294579, -0.00283, 0.420057, -0.206025, -0.883802, -1.2e-05, 0.0, 0.0, 0.0, 1.0]
            ]
        },
        {
            "name": "Leg_R",
            "time": [0.0, 0.0833, 0.3333, 0.3833, 0.4833, 0.85, 0.9833, 1.1, 1.2333, 1.35],
            "transform": [
                [1.0, -0.0, 1e-06, -0.0, -0.0, 0.887719, 0.460388, 0.37472, -1e-06, -0.460389, 0.887716, 0.0, 0.0, 0.0, 0.0, 1.0],
                [1.0, -1e-06, 1e-06, -0.0, -0.0, 0.510558, 0.859842, 0.37472, -1e-06, -0.859846, 0.510556, -0.0, 0.0, 0.0, 0.0, 1.0],
                [1.0, -1e-06, 0.0, 0.0, -0.0, -0.293295, 0.95602, 0.37472, -1e-06, -0.956024, -0.293294, -0.0, 0.0, 0.0, 0.0, 1.0],
                [1.0, -0.0, 1e-06, -0.0, -0.0, 0.628893, 0.777491, 0.37472, -1e-06, -0.777494, 0.628891, 0.0, 0.0, 0.0, 0.0, 1.0],
                [1.0, -0.0, 0.0, -0.0, -0.0, 0.117726, 0.993045, 0.37472, -0.0, -0.993048, 0.117725, -0.0, 0.0, 0.0, 0.0, 1.0],
                [1.0, -0.0, 0.0, -0.0, -0.0, 0.117726, 0.993045, 0.37472, -0.0, -0.993048, 0.117725, -0.0, 0.0, 0.0, 0.0, 1.0],
                [1.0, -1e-06, 0.0, 0.0, -0.0, -0.327431, 0.944874, 0.37472, -1e-06, -0.944877, -0.327429, 0.0, 0.0, 0.0, 0.0, 1.0],
                [1.0, -0.0, 1e-06, -0.0, -0.0, 0.484787, 0.874631, 0.37472, -1e-06, -0.874634, 0.484785, -0.0, 0.0, 0.0, 0.0, 1.0],
                [1.0, -0.0, 1e-06, -0.0, -0.0, 0.786088, 0.618116, 0.37472, -1e-06, -0.618118, 0.786085, 0.0, 0.0, 0.0, 0.0, 1.0],
                [1.0, -0.0, 1e-06, 0.0, -0.0, 0.932107, 0.362187, 0.37472, -1e-06, -0.362189, 0.932103, 0.0, 0.0, 0.0, 0.0, 1.0]
            ]
        },
        {
            "name": "Knee_R",
            "time": [0.0, 0.0833, 0.3333, 0.3833, 0.4833, 0.85, 0.9833, 1.1, 1.2333, 1.35],
            "transform": [
                [1.0, 0.0, -0.0, -0.0, -0.0, 1e-06, -1.0, 0.381635, -0.0, 1.0, 1e-06, -0.0, 0.0, 0.0, 0.0, 1.0],
                [1.0, 0.0, -0.0, -0.0, -0.0, 1e-06, -1.0, 0.431607, -0.0, 1.0, 1e-06, -0.0, 0.0, 0.0, 0.0, 1.0],
                [1.0, 0.0, -0.0, 0.0, -0.0, 1e-06, -1.0, 0.47972, -0.0, 1.0, 1e-06, -0.0, 0.0, 0.0, 0.0, 1.0],
                [1.0, 0.0, -0.0, 0.0, -0.0, 1e-06, -1.0, 0.41865, -0.0, 1.0, 1e-06, 0.0, 0.0, 0.0, 0.0, 1.0],
                [1.0, 0.0, -0.0, 0.0, -0.0, 1e-06, -1.0, 0.469125, -0.0, 1.0, 1e-06, -0.0, 0.0, 0.0, 0.0, 1.0],
                [1.0, 0.0, -0.0, 0.0, -0.0, 1e-06, -1.0, 0.469125, -0.0, 1.0, 1e-06, -0.0, 0.0, 0.0, 0.0, 1.0],
                [1.0, 0.0, -0.0, -0.0, -0.0, 1e-06, -1.0, 0.47972, -0.0, 1.0, 1e-06, -0.0, 0.0, 0.0, 0.0, 1.0],
                [1.0, -0.0, -0.0, -0.0, -0.0, 1e-06, -1.0, 0.434275, -0.0, 1.0, 1e-06, -0.0, 0.0, 0.0, 0.0, 1.0],
                [1.0, 0.0, -0.0, -0.0, -0.0, 1e-06, -1.0, 0.398508, -0.0, 1.0, 1e-06, 0.0, 0.0, 0.0, 0.0, 1.0],
                [1.0, 0.0, -0.0, 0.0, -0.0, 1e-06, -1.0, 0.37472, -0.0, 1.0, 1e-06, 0.0, 0.0, 0.0, 0.0, 1.0]
            ]
        },
        {
            "name": "Thigh_L",
            "time": [0.0, 0.0833, 0.2333, 0.3333, 0.3833, 0.4833, 0.85, 0.9833, 1.1, 1.2333, 1.35],
            "transform": [
                [0.721504, -0.632416, -0.281924, -0.16072, -0.024893, -0.430593, 0.902203, -0.001875, -0.691961, -0.643925, -0.326418, 0.033025, 0.0, 0.0, 0.0, 1.0],
                [0.591178, -0.709509, -0.383543, -0.144283, -0.097301, -0.534807, 0.839353, -0.001794, -0.80065, -0.458888, -0.385203, 0.016673, 0.0, 0.0, 0.0, 1.0],
                [0.720761, -0.368513, -0.587112, -0.136295, 0.060278, -0.810452, 0.582695, -0.001755, -0.690557, -0.455375, -0.561929, 0.008727, 0.0, 0.0, 0.0, 1.0],
                [0.91926, -0.180241, -0.34996, -0.135787, -0.018495, -0.907812, 0.41897, -0.001753, -0.393214, -0.37867, -0.837849, 0.008221, 0.0, 0.0, 0.0, 1.0],
                [0.99914, -0.033836, 0.023951, -0.160719, -0.037135, -0.987321, 0.154329, -0.001875, 0.018426, -0.155085, -0.987729, 0.033025, 0.0, 0.0, 0.0, 1.0],
                [0.947708, -0.200146, 0.248577, -0.16072, -0.298403, -0.831906, 0.467854, -0.001875, 0.113154, -0.517565, -0.848129, 0.033025, 0.0, 0.0, 0.0, 1.0],
                [0.947708, -0.200146, 0.248577, -0.16072, -0.298403, -0.831906, 0.467854, -0.001875, 0.113154, -0.517565, -0.848129, 0.033025, 0.0, 0.0, 0.0, 1.0],
                [0.991508, -0.12533, -0.034681, -0.16072, -0.110102, -0.950994, 0.288942, -0.001875, -0.069195, -0.28267, -0.956718, 0.033025, 0.0, 0.0, 0.0, 1.0],
                [0.948778, -0.107625, -0.297046, -0.16072, -0.089324, -0.993208, 0.074552, -0.001875, -0.303052, -0.044199, -0.951948, 0.033025, 0.0, 0.0, 0.0, 1.0],
                [0.794131, -0.382937, -0.471925, -0.160719, 0.007189, -0.770545, 0.637345, -0.001875, -0.607703, -0.509528, -0.609162, 0.033025, 0.0, 0.0, 0.0, 1.0],
                [0.724978, -0.25994, -0.637838, -0.16072, -0.015883, -0.932115, 0.361814, -0.001875, -0.688588, -0.252176, -0.679892, 0.033025, 0.0, 0.0, 0.0, 1.0]
            ]
        },
        {
            "name": "Leg_L",
            "time": [0.0, 0.0833, 0.2333, 0.3333, 0.3833, 0.4833, 0.85, 0.9833, 1.1, 1.2333, 1.35],
            "transform": [
                [1.0, -1e-06, 0.0, -0.0, 0.0, 0.495031, 0.868875, 0.37472, -1e-06, -0.868875, 0.495032, 0.0, 0.0, 0.0, 0.0, 1.0],
                [1.0, -1e-06, 1e-06, 0.0, -0.0, 0.382342, 0.924021, 0.37472, -1e-06, -0.92402, 0.382342, 0.0, 0.0, 0.0, 0.0, 1.0],
                [1.0, -1e-06, 1e-06, -0.0, -0.0, 0.547935, 0.836521, 0.37472, -1e-06, -0.83652, 0.547935, 0.0, 0.0, 0.0, 0.0, 1.0],
                [1.0, -1e-06, 1e-06, -0.0, 0.0, 0.835361, 0.549702, 0.37472, -1e-06, -0.549702, 0.835361, -0.0, 0.0, 0.0, 0.0, 1.0],
                [1.0, -0.0, 1e-06, 0.0, 0.0, 0.939475, 0.342616, 0.37472, -1e-06, -0.342616, 0.939476, 0.0, 0.0, 0.0, 0.0, 1.0],
                [1.0, -1e-06, 1e-06, -0.0, -0.0, 0.657172, 0.753741, 0.37472, -1e-06, -0.75374, 0.657172, 0.0, 0.0, 0.0, 0.0, 1.0],
                [1.0, -1e-06, 1e-06, -0.0, -0.0, 0.657172, 0.753741, 0.37472, -1e-06, -0.75374, 0.657172, 0.0, 0.0, 0.0, 0.0, 1.0],
                [1.0, -1e-06, 1e-06, 0.0, -0.0, 0.653746, 0.756714, 0.37472, -1e-06, -0.756714, 0.653746, 0.0, 0.0, 0.0, 0.0, 1.0],
                [1.0, -1e-06, 1e-06, 0.0, -0.0, 0.859825, 0.510588, 0.37472, -1e-06, -0.510588, 0.859826, 0.0, 0.0, 0.0, 0.0, 1.0],
                [1.0, -1e-06, 1e-06, -0.0, -1e-06, 0.153048, 0.988219, 0.37472, -1e-06, -0.988219, 0.153048, -0.0, 0.0, 0.0, 0.0, 1.0],
                [1.0, -1e-06, 1e-06, 0.0, 0.0, 0.916048, 0.401069, 0.37472, -1e-06, -0.401069, 0.916048, 0.0, 0.0, 0.0, 0.0, 1.0]
            ]
        },
        {
            "name": "Knee_L",
            "time": [0.0, 0.0833, 0.2333, 0.3333, 0.3833, 0.4833, 0.85, 0.9833, 1.1, 1.2333, 1.35],
            "transform": [
                [1.0, 0.0, -0.0, 0.0, -0.0, 1e-06, -1.0, 0.433219, -0.0, 1.0, 1e-06, 0.0, 0.0, 0.0, 0.0, 1.0],
                [1.0, 0.0, -0.0, 0.0, -0.0, 1e-06, -1.0, 0.444492, -0.0, 1.0, 1e-06, 0.0, 0.0, 0.0, 0.0, 1.0],
                [1.0, 0.0, -0.0, 0.0, -0.0, 1e-06, -1.0, 0.42765, -0.0, 1.0, 1e-06, 0.0, 0.0, 0.0, 0.0, 1.0],
                [1.0, 0.0, -0.0, 0.0, -0.0, 1e-06, -1.0, 0.390935, -0.0, 1.0, 1e-06, -0.0, 0.0, 0.0, 0.0, 1.0],
                [1.0, 0.0, -0.0, 0.0, -0.0, 1e-06, -1.0, 0.37472, -0.0, 1.0, 1e-06, 0.0, 0.0, 0.0, 0.0, 1.0],
                [1.0, 0.0, -0.0, 0.0, -0.0, 1e-06, -1.0, 0.415334, 0.0, 1.0, 1e-06, -0.0, 0.0, 0.0, 0.0, 1.0],
                [1.0, 0.0, -0.0, 0.0, -0.0, 1e-06, -1.0, 0.415334, 0.0, 1.0, 1e-06, -0.0, 0.0, 0.0, 0.0, 1.0],
                [1.0, 0.0, -0.0, 0.0, -0.0, 1e-06, -1.0, 0.415741, -0.0, 1.0, 1e-06, 0.0, 0.0, 0.0, 0.0, 1.0],
                [1.0, 0.0, -0.0, -0.0, -0.0, 1e-06, -1.0, 0.386792, -0.0, 1.0, 1e-06, 0.0, 0.0, 0.0, 0.0, 1.0],
                [1.0, 0.0, -0.0, 0.0, -0.0, 1e-06, -1.0, 0.465923, -0.0, 1.0, 1e-06, -0.0, 0.0, 0.0, 0.0, 1.0],
                [1.0, 0.0, -0.0, -0.0, -0.0, 1e-06, -1.0, 0.375731, -0.0, 1.0, 1e-06, 0.0, 0.0, 0.0, 0.0, 1.0]
            ]
        },
        {
            "name": "Torso",
            "time": [0.0, 0.3833, 0.4833, 0.85, 1.35],
            "transform": [
                [1.0, 0.0, -0.0, 0.0, 0.0, 1.0, -0.0, 0.05, 0.0, 0.0, 1.0, 0.0, 0.0, 0.0, 0.0, 1.0],
                [0.999999, 0.001398, 0.000562, 0.0, -0.001397, 0.999999, -0.000844, 0.05, -0.000563, 0.000843, 1.0, -0.0, 0.0, 0.0, 0.0, 1.0],
                [0.999999, 0.001398, 0.000562, -0.0, -0.001397, 0.999999, -0.000844, 0.05, -0.000563, 0.000843, 0.999999, -0.0, 0.0, 0.0, 0.0, 1.0],
                [0.999999, 0.001398, 0.000562, -0.0, -0.001397, 0.999999, -0.000844, 0.05, -0.000563, 0.000843, 0.999999, -0.0, 0.0, 0.0, 0.0, 1.0],
                [1.0, -0.0, -0.0, 0.0, -0.0, 1.0, 0.0, 0.05, 0.0, 0.0, 1.0, 0.0, 0.0, 0.0, 0.0, 1.0]
            ]
        },
        {
            "name": "Chest",
            "time": [0.0, 0.0833, 0.15, 0.3, 0.3833, 0.4833, 0.85, 1.35],
            "transform": [
                [0.99865, -0.051933, -0.000983, -0.0, 0.051891, 0.996627, 0.063577, 0.3, -0.002322, -0.063543, 0.997977, -0.0, 0.0, 0.0, 0.0, 1.0],
                [0.959763, -0.051933, -0.275968, -0.0, 0.067393, 0.996627, 0.046829, 0.3, 0.272605, -0.063543, 0.960025, -0.0, 0.0, 0.0, 0.0, 1.0],
                [0.934669, -0.206324, -0.289525, 0.0, 0.175448, 0.975985, -0.129119, 0.3, 0.309213, 0.069887, 0.948422, -0.0, 0.0, 0.0, 0.0, 1.0],
                [0.950009, -0.237098, -0.203143, 0.0, 0.23662, 0.971227, -0.027, 0.3, 0.203699, -0.022417, 0.978777, -0.0, 0.0, 0.0, 0.0, 1.0],
                [0.998606, 0.052624, 0.00421, -0.0, -0.052792, 0.995801, 0.074782, 0.3, -0.000257, -0.0749, 0.997191, 0.0, 0.0, 0.0, 0.0, 1.0],
                [0.998606, 0.052624, 0.00421, 0.0, -0.052792, 0.995801, 0.074782, 0.3, -0.000257, -0.0749, 0.997191, 0.0, 0.0, 0.0, 0.0, 1.0],
                [0.998606, 0.052624, 0.00421, 0.0, -0.052792, 0.995801, 0.074782, 0.3, -0.000257, -0.0749, 0.997191, 0.0, 0.0, 0.0, 0.0, 1.0],
                [0.999955, -0.009433, 0.000754, 0.0, 0.009423, 0.999889, 0.011523, 0.3, -0.000863, -0.011516, 0.999933, 0.0, 0.0, 0.0, 0.0, 1.0]
            ]
        },
        {
            "name": "Head",
            "time": [0.0, 0.0833, 0.15, 0.3, 0.3833, 0.4833, 0.85, 0.9833, 1.1, 1.2333, 1.35],
            "transform": [
                [0.741104, 0.246847, 0.624365, 0.0, 0.009562, 0.925983, -0.377443, 0.4, -0.671322, 0.285694, 0.68389, 0.0, 0.0, 0.0, 0.0, 1.0],
                [0.378295, 0.348762, 0.857472, 0.0, 0.017935, 0.923375, -0.38348, 0.4, -0.925511, 0.160448, 0.343053, 0.0, 0.0, 0.0, 0.0, 1.0],
                [0.591155, 0.380074, 0.711393, -0.0, -0.140448, 0.917044, -0.373236, 0.4, -0.794236, 0.120726, 0.595495, -0.0, 0.0, 0.0, 0.0, 1.0],
                [0.965936, 0.122118, -0.228154, 0.0, -0.172595, 0.960932, -0.216381, 0.4, 0.192816, 0.248389, 0.949276, 0.0, 0.0, 0.0, 0.0, 1.0],
                [0.511898, -0.303613, -0.803604, 0.0, -0.021678, 0.930597, -0.365402, 0.4, 0.858773, 0.204469, 0.469788, 0.0, 0.0, 0.0, 0.0, 1.0],
                [0.155832, -0.258715, -0.953301, -0.0, -0.069313, 0.959848, -0.271822, 0.4, 0.985349, 0.108435, 0.131642, -0.0, 0.0, 0.0, 0.0, 1.0],
                [0.155832, -0.258715, -0.953301, -0.0, -0.069313, 0.959848, -0.271822, 0.4, 0.985349, 0.108435, 0.131642, -0.0, 0.0, 0.0, 0.0, 1.0],
                [0.597327, -0.259702, -0.758786, 0.0, -0.042969, 0.934397, -0.353632, 0.4, 0.800846, 0.243838, 0.546982, 0.0, 0.0, 0.0, 0.0, 1.0],
                [0.983418, -0.077523, -0.163948, -0.0, 0.037736, 0.971716, -0.233119, 0.4, 0.177383, 0.223067, 0.958528, 0.0, 0.0, 0.0, 0.0, 1.0],
                [0.90417, 0.008919, 0.427079, 0.0, 0.030851, 0.995808, -0.086112, 0.4, -0.426057, 0.091036, 0.900104, -0.0, 0.0, 0.0, 0.0, 1.0],
                [0.777201, 0.020755, 0.62891, -0.0, 0.006332, 0.999147, -0.040798, 0.4, -0.62922, 0.035691, 0.776407, -0.0, 0.0, 0.0, 0.0, 1.0]
            ]
        },
        {
            "name": "Shoulder_R",
            "time": [0.0, 0.05, 0.15, 0.2667, 0.3, 0.3833, 0.4833, 0.85, 1.35],
            "transform": [
                [0.0, 0.925696, 0.378268, 0.0, -0.0, -0.378268, 0.925696, 0.4, 1.0, -0.0, 0.0, 0.0, 0.0, 0.0, 0.0, 1.0],
                [0.0, 0.925696, 0.378268, 0.0, 0.0, -0.378268, 0.925696, 0.4, 1.0, -0.0, -0.0, -0.0, 0.0, 0.0, 0.0, 1.0],
                [0.0, 0.925696, 0.378268, -0.0, -0.0, -0.378268, 0.925696, 0.4, 1.0, 0.0, -0.0, -0.0, 0.0, 0.0, 0.0, 1.0],
                [0.509206, 0.852409, -0.118776, -0.0, 0.052424, 0.107031, 0.992873, 0.4, 0.859046, -0.511803, 0.009814, -0.0, 0.0, 0.0, 0.0, 1.0],
                [0.726199, 0.687362, -0.01295, 0.0, 0.119379, -0.107528, 0.987009, 0.4, 0.67704, -0.718311, -0.160143, 0.0, 0.0, 0.0, 0.0, 1.0],
                [0.694102, 0.710261, -0.117268, 0.0, -0.044687, 0.205097, 0.977721, 0.4, 0.718488, -0.673397, 0.174098, 0.0, 0.0, 0.0, 0.0, 1.0],
                [0.654803, 0.696346, 0.293826, -0.0, -0.328988, -0.087394, 0.940282, 0.4, 0.680441, -0.712365, 0.171863, -0.0, 0.0, 0.0, 0.0, 1.0],
                [0.654803, 0.696346, 0.293826, -0.0, -0.328988, -0.087394, 0.940282, 0.4, 0.680441, -0.712365, 0.171863, -0.0, 0.0, 0.0, 0.0, 1.0],
                [0.0, 0.952114, 0.305743, -0.0, 0.0, -0.305743, 0.952114, 0.4, 1.0, 0.0, -0.0, -0.0, 0.0, 0.0, 0.0, 1.0]
            ]
        },
        {
            "name": "Arm_R",
            "time": [0.0, 0.05, 0.15, 0.1833, 0.2667, 0.3, 0.3833, 0.85, 1.1, 1.35],
            "transform": [
                [0.809911, -0.017266, -0.586299, 0.0, -0.181648, 0.943043, -0.278699, 0.39386, 0.557717, 0.332221, 0.760645, 0.0, 0.0, 0.0, 0.0, 1.0],
                [0.808968, 0.463778, -0.361221, -0.0, -0.576235, 0.747171, -0.331193, 0.39386, 0.116294, 0.476073, 0.871682, -0.0, 0.0, 0.0, 0.0, 1.0],
                [0.978008, -0.170218, -0.120525, 0.0, -0.000559, 0.575731, -0.817639, 0.393861, 0.208567, 0.799725, 0.562975, 0.0, 0.0, 0.0, 0.0, 1.0],
                [0.416028, 0.373552, 0.829084, -0.0, 0.656179, 0.50789, -0.558101, 0.39386, -0.629563, 0.776213, -0.03382, 0.0, 0.0, 0.0, 0.0, 1.0],
                [0.614732, 0.277498, 0.738308, -0.0, 0.58939, 0.460429, -0.663795, 0.393861, -0.52414, 0.843208, 0.119486, 0.0, 0.0, 0.0, 0.0, 1.0],
                [0.530692, -0.844431, 0.072816, -0.0, 0.416667, 0.33474, 0.845185, 0.39386, -0.738074, -0.418193, 0.529491, -0.0, 0.0, 0.0, 0.0, 1.0],
                [-0.582344, 0.006382, -0.812917, 0.0, 0.807584, -0.110084, -0.579387, 0.39386, -0.093187, -0.993902, 0.058953, 0.0, 0.0, 0.0, 0.0, 1.0],
                [-0.582344, 0.006382, -0.812917, 0.0, 0.807584, -0.110084, -0.579387, 0.393861, -0.093187, -0.993902, 0.058953, 0.0, 0.0, 0.0, 0.0, 1.0],
                [-0.136427, -0.924126, -0.356902, -0.000331, 0.900308, 0.034653, -0.433872, 0.397823, 0.41332, -0.380514, 0.82727, -0.013106, 0.0, 0.0, 0.0, 1.0],
                [0.177003, 0.088471, -0.980226, -0.000662, 0.856834, 0.476182, 0.1977, 0.401786, 0.484257, -0.874885, 0.008481, -0.026213, 0.0, 0.0, 0.0, 1.0]
            ]
        },
        {
            "name": "Hand_R",
            "time": [0.0, 0.05, 0.15, 0.3, 0.3833, 0.85, 1.1, 1.35],
            "transform": [
                [1.0, 0.0, -0.0, -0.0, -0.0, 0.639277, -0.768977, 0.3, -0.0, 0.768977, 0.639277, -0.0, 0.0, 0.0, 0.0, 1.0],
                [1.0, 0.0, 0.0, 0.0, 0.0, 0.534148, -0.845391, 0.3, -0.0, 0.845391, 0.534148, -0.0, 0.0, 0.0, 0.0, 1.0],
                [1.0, 0.0, -0.0, -0.0, -0.0, 0.534148, -0.845391, 0.3, -0.0, 0.845391, 0.534148, 0.0, 0.0, 0.0, 0.0, 1.0],
                [1.0, 0.0, 0.0, -0.0, -0.0, 0.991297, -0.131642, 0.3, -0.0, 0.131642, 0.991297, 0.0, 0.0, 0.0, 0.0, 1.0],
                [1.0, 0.0, 0.0, -0.0, -0.0, 0.924506, -0.381167, 0.3, -0.0, 0.381167, 0.924506, 0.0, 0.0, 0.0, 0.0, 1.0],
                [1.0, 0.0, 0.0, 0.0, -0.0, 0.924506, -0.381167, 0.3, -0.0, 0.381167, 0.924506, 0.0, 0.0, 0.0, 0.0, 1.0],
                [1.0, 0.0, 0.0, -0.0, -0.0, 0.317808, -0.948155, 0.3, -0.0, 0.948155, 0.317808, 0.0, 0.0, 0.0, 0.0, 1.0],
                [1.0, 0.0, 0.0, 0.0, -0.0, 0.993559, -0.113314, 0.3, -0.0, 0.113314, 0.993559, 0.0, 0.0, 0.0, 0.0, 1.0]
            ]
        },
        {
            "name": "Tool_R",
            "time": [0.0, 0.05, 0.15, 0.2667, 0.2833, 0.3833, 0.4833, 0.85, 1.1, 1.35],
            "transform": [
                [0.77373, 0.035739, -0.632506, -0.0, -0.024277, -0.996002, -0.085975, 0.272858, -0.632676, 0.081817, -0.769314, 0.0, 0.0, 0.0, 0.0, 1.0],
                [0.23098, 0.009643, -0.972911, -0.0, 0.007979, -0.999936, -0.008017, 0.272858, -0.97235, -0.005919, -0.230905, -0.0, 0.0, 0.0, 0.0, 1.0],
                [0.0, -1.1e-05, -1.0, 0.0, 0.018122, -0.999836, 1.1e-05, 0.272858, -0.999244, -0.018122, 0.0, 0.0, 0.0, 0.0, 0.0, 1.0],
                [1.0, 0.0, 0.0, 0.0, 0.0, -0.999836, 0.018122, 0.272858, 0.0, -0.018122, -0.999244, 0.0, 0.0, 0.0, 0.0, 1.0],
                [0.999472, 0.031276, 0.008814, 0.0, 0.021209, -0.422412, -0.906156, 0.272858, -0.024603, 0.905324, -0.422612, 0.0, 0.0, 0.0, 0.0, 1.0],
                [-0.091197, 0.721376, -0.686513, 0.0, 0.373924, -0.614135, -0.694996, 0.272858, -0.922415, -0.319902, -0.213614, -0.0, 0.0, 0.0, 0.0, 1.0],
                [-0.229137, 0.515891, -0.825441, -0.0, 0.073094, -0.836489, -0.543087, 0.272858, -0.970071, -0.184676, 0.153865, -0.0, 0.0, 0.0, 0.0, 1.0],
                [-0.229137, 0.515891, -0.825441, -0.0, 0.073094, -0.836489, -0.543087, 0.272858, -0.970071, -0.184676, 0.153865, -0.0, 0.0, 0.0, 0.0, 1.0],
                [0.610223, 0.64206, -0.464098, 0.0, 0.287288, -0.725279, -0.625649, 0.272858, -0.737865, 0.248301, -0.626673, 0.0, 0.0, 0.0, 0.0, 1.0],
                [1.0, 0.0, 0.0, 0.0, 0.0, -0.932089, -0.362229, 0.272858, 0.0, 0.362004, -0.931541, -0.0, 0.0, 0.0, 0.0, 1.0]
            ]
        },
        {
            "name": "Elbow_R",
            "time": [0.0, 0.05, 0.15, 0.3, 0.3833, 0.4833, 0.85, 1.1, 1.35],
            "transform": [
                [-1.0, 0.0, -0.0, -0.0, 0.0, 0.0, -1.0, 0.392531, -0.0, -1.0, -0.0, -0.0, 0.0, 0.0, 0.0, 1.0],
                [-1.0, 0.0, -0.0, 0.0, -0.0, -0.0, -1.0, 0.404719, -0.0, -1.0, 0.0, 0.0, 0.0, 0.0, 0.0, 1.0],
                [-1.0, 0.0, -0.0, -0.0, 0.0, -0.0, -1.0, 0.404718, -0.0, -1.0, 0.0, -0.0, 0.0, 0.0, 0.0, 1.0],
                [-1.0, 0.0, 0.0, -0.0, 0.0, -0.0, -1.0, 0.322696, -0.0, -1.0, 0.0, 0.0, 0.0, 0.0, 0.0, 1.0],
                [-1.0, 0.0, -0.0, -0.0, 0.0, -0.0, -1.0, 0.34697, -0.0, -1.0, 0.0, -0.0, 0.0, 0.0, 0.0, 1.0],
                [-1.0, 0.0, -0.0, 0.0, 0.0, -0.0, -1.0, 0.34697, -0.0, -1.0, 0.0, 0.0, 0.0, 0.0, 0.0, 1.0],
                [-1.0, 0.0, -0.0, 0.0, 0.0, -0.0, -1.0, 0.34697, -0.0, -1.0, 0.0, 0.0, 0.0, 0.0, 0.0, 1.0],
                [-1.0, 0.0, 0.0, -0.0, -0.0, -0.0, -1.0, 0.427217, -0.0, -1.0, 0.0, 0.0, 0.0, 0.0, 0.0, 1.0],
                [-1.0, 0.0, -0.0, -0.0, 0.0, -0.0, -1.0, 0.320966, -0.0, -1.0, 0.0, 0.0, 0.0, 0.0, 0.0, 1.0]
            ]
        },
        {
            "name": "Shoulder_L",
            "time": [0.0, 0.3833, 0.4833, 0.85, 1.1, 1.35],
            "transform": [
                [0.021564, -0.958654, -0.283757, 0.0, -0.050712, -0.284506, 0.957332, 0.4, -0.99848, -0.006254, -0.05475, 0.0, 0.0, 0.0, 0.0, 1.0],
                [-0.124272, -0.928305, -0.350438, 0.0, -0.032502, -0.349178, 0.936493, 0.4, -0.991716, 0.12777, 0.013221, 0.0, 0.0, 0.0, 0.0, 1.0],
                [-0.124272, -0.928305, -0.350438, -0.0, -0.032502, -0.349178, 0.936493, 0.4, -0.991716, 0.12777, 0.013221, -0.0, 0.0, 0.0, 0.0, 1.0],
                [-0.124272, -0.928305, -0.350438, -0.0, -0.032502, -0.349178, 0.936493, 0.4, -0.991716, 0.12777, 0.013221, -0.0, 0.0, 0.0, 0.0, 1.0],
                [-0.0, -0.952114, -0.305743, -0.0, 0.0, -0.305743, 0.952114, 0.4, -1.0, 0.0, 0.0, 0.0, 0.0, 0.0, 0.0, 1.0],
                [0.0, -0.952114, -0.305743, -0.0, 0.0, -0.305743, 0.952114, 0.4, -1.0, 0.0, 0.0, -0.0, 0.0, 0.0, 0.0, 1.0]
            ]
        },
        {
            "name": "Arm_L",
            "time": [0.0, 0.3833, 0.4833, 0.85, 1.1, 1.35],
            "transform": [
                [0.07368, 0.884177, 0.461304, 0.0, 0.105911, 0.453008, -0.885193, 0.39386, -0.991642, 0.114079, -0.060266, 0.0, 0.0, 0.0, 0.0, 1.0],
                [-0.240505, -0.455478, 0.857145, -0.0, -0.367964, 0.859935, 0.353715, 0.39386, -0.898198, -0.230328, -0.374418, 0.0, 0.0, 0.0, 0.0, 1.0],
                [-0.240505, -0.455478, 0.857145, 0.0, -0.367964, 0.859935, 0.353714, 0.39386, -0.898198, -0.230328, -0.374418, -0.0, 0.0, 0.0, 0.0, 1.0],
                [-0.240505, -0.455478, 0.857145, 0.0, -0.367964, 0.859935, 0.353714, 0.39386, -0.898198, -0.230328, -0.374418, -0.0, 0.0, 0.0, 0.0, 1.0],
                [-0.00666, -0.420228, 0.907394, 0.000662, -0.863238, 0.460447, 0.206904, 0.402678, -0.504754, -0.781918, -0.365823, -0.025927, 0.0, 0.0, 0.0, 1.0],
                [-0.00666, -0.198383, 0.980102, 0.000662, -0.863238, 0.495873, 0.094504, 0.402678, -0.504754, -0.845431, -0.174555, -0.025927, 0.0, 0.0, 0.0, 1.0]
            ]
        },
        {
            "name": "Hand_L",
            "time": [0.0, 0.3833, 0.4833, 0.85, 1.1, 1.35],
            "transform": [
                [1.0, 0.0, 0.0, -0.0, -0.0, 0.72704, -0.686595, 0.3, -0.0, 0.686595, 0.72704, -0.0, 0.0, 0.0, 0.0, 1.0],
                [1.0, 0.0, -0.0, -0.0, 0.0, 0.72704, -0.686596, 0.3, 0.0, 0.686595, 0.72704, -0.0, 0.0, 0.0, 0.0, 1.0],
                [1.0, -0.0, -0.0, 0.0, -0.0, 0.72704, -0.686596, 0.3, -0.0, 0.686595, 0.72704, 0.0, 0.0, 0.0, 0.0, 1.0],
                [1.0, -0.0, -0.0, 0.0, -0.0, 0.72704, -0.686596, 0.3, -0.0, 0.686595, 0.72704, 0.0, 0.0, 0.0, 0.0, 1.0],
                [1.0, 0.0, 0.0, -0.0, -0.0, 0.617938, -0.786227, 0.3, -0.0, 0.786227, 0.617938, -0.0, 0.0, 0.0, 0.0, 1.0],
                [1.0, 0.0, 0.0, 0.0, -0.0, 0.943065, -0.332608, 0.3, 0.0, 0.332608, 0.943065, -0.0, 0.0, 0.0, 0.0, 1.0]
            ]
        },
        {
            "name": "Tool_L",
            "time": [0.0, 1.35],
            "transform": [
                [1.0, 0.0, 0.0, 0.0, 0.0, -0.999836, 0.018122, 0.272858, 0.0, -0.018122, -0.999247, -0.0, 0.0, 0.0, 0.0, 1.0],
                [1.0, 0.0, 0.0, -0.0, 0.0, -0.999836, 0.018122, 0.272858, 0.0, -0.018122, -0.999247, 0.0, 0.0, 0.0, 0.0, 1.0]
            ]
        },
        {
            "name": "Elbow_L",
            "time": [0.0, 0.3833, 0.4833, 0.85, 1.1, 1.35],
            "transform": [
                [-1.0, 0.0, -0.0, 0.0, 0.0, -0.0, -1.0, 0.381244, -0.0, -1.0, -0.0, -0.0, 0.0, 0.0, 0.0, 1.0],
                [-1.0, 0.0, -0.0, 0.0, 0.0, -0.0, -1.0, 0.381244, -0.0, -1.0, -0.0, 0.0, 0.0, 0.0, 0.0, 1.0],
                [-1.0, 0.0, -0.0, 0.0, 0.0, -0.0, -1.0, 0.381244, -0.0, -1.0, 0.0, 0.0, 0.0, 0.0, 0.0, 1.0],
                [-1.0, 0.0, -0.0, 0.0, 0.0, -0.0, -1.0, 0.381244, -0.0, -1.0, 0.0, 0.0, 0.0, 0.0, 0.0, 1.0],
                [-1.0, 0.0, -0.0, -0.0, 0.0, -0.0, -1.0, 0.395102, -0.0, -1.0, -0.0, -0.0, 0.0, 0.0, 0.0, 1.0],
                [-1.0, 0.0, -0.0, 0.0, 0.0, -0.0, -1.0, 0.342099, -0.0, -1.0, -0.0, -0.0, 0.0, 0.0, 0.0, 1.0]
            ]
        }
    ]
}