{
    "animation": [
        {
            "name": "Root",
            "time": [0.0, 0.0333, 0.1, 0.2333, 0.8333],
            "transform": [
                [0.995149, -0.036188, -0.091482, -5e-06, -0.089556, 0.051663, -0.994641, 0.001114, 0.040721, 0.998009, 0.048172, 0.737271, 0.0, 0.0, 0.0, 1.0],
                [0.963792, -0.042759, -0.263203, -5e-06, -0.259665, 0.074009, -0.962859, 0.049944, 0.06065, 0.996341, 0.060226, 0.74908, 0.0, 0.0, 0.0, 1.0],
                [0.529478, -0.025634, -0.847937, -5e-06, -0.83383, 0.168254, -0.525755, 0.675596, 0.156146, 0.98541, 0.067712, 0.717013, 0.0, 0.0, 0.0, 1.0],
                [0.255131, 0.0, -0.966906, -5e-06, -0.94776, 0.198017, -0.250079, 1.0008, 0.191464, 0.980199, 0.05052, 0.661193, 0.0, 0.0, 0.0, 1.0],
                [0.255131, 0.0, -0.966906, -5e-06, -0.94776, 0.198017, -0.250079, 1.0008, 0.191464, 0.980199, 0.05052, 0.661193, 0.0, 0.0, 0.0, 1.0]
            ]
        },
        {
            "name": "Thigh_R",
            "time": [0.0, 0.0333, 0.1, 0.2333, 0.8333],
            "transform": [
                [0.993612, -0.045249, -0.103381, 0.134304, -0.003237, -0.927143, 0.37469, -0.003304, -0.112804, -0.37196, -0.921369, -0.004777, 0.0, 0.0, 0.0, 1.0],
                [0.97265, -0.104957, -0.207209, 0.135749, -0.045225, -0.960586, 0.274273, -0.003377, -0.227829, -0.257399, -0.939063, -0.005517, 0.0, 0.0, 0.0, 1.0],
                [0.991342, 0.059047, -0.117278, 0.128643, 0.068308, -0.994719, 0.076578, -0.003016, -0.112137, -0.083926, -0.990143, -0.001879, 0.0, 0.0, 0.0, 1.0],
                [0.953575, 0.287558, -0.089471, 0.124994, 0.278815, -0.955265, -0.098624, -0.002831, -0.113829, 0.069099, -0.991095, -1.2e-05, 0.0, 0.0, 0.0, 1.0],
                [0.953575, 0.287558, -0.089471, 0.124994, 0.278815, -0.955265, -0.098624, -0.002831, -0.113829, 0.069099, -0.991095, -1.2e-05, 0.0, 0.0, 0.0, 1.0]
            ]
        },
        {
            "name": "Leg_R",
            "time": [0.0, 0.0333, 0.1, 0.2333, 0.8333],
            "transform": [
                [0.999999, -0.000901, 0.001126, 0.0, 0.000546, 0.959356, 0.2822, 0.37472, -0.001335, -0.282199, 0.959354, 0.0, 0.0, 0.0, 0.0, 1.0],
                [0.999999, -0.000954, 0.001357, 0.0, 0.000722, 0.986911, 0.161265, 0.37472, -0.001493, -0.161264, 0.986909, 0.0, 0.0, 0.0, 0.0, 1.0],
                [1.0, -0.000305, 0.000464, -0.0, 0.000256, 0.994672, 0.103092, 0.37472, -0.000493, -0.103092, 0.994671, -0.0, 0.0, 0.0, 0.0, 1.0],
                [1.0, 0.0, 1e-06, 0.0, -0.0, 0.999943, 0.010748, 0.37472, -1e-06, -0.010748, 0.999942, 0.0, 0.0, 0.0, 0.0, 1.0],
                [1.0, 0.0, 1e-06, 0.0, -0.0, 0.999943, 0.010748, 0.37472, -1e-06, -0.010748, 0.999942, 0.0, 0.0, 0.0, 0.0, 1.0]
            ]
        },
        {
            "name": "Knee_R",
            "time": [0.0, 0.0333, 0.1, 0.2333, 0.8333],
            "transform": [
                [1.0, 0.0, -0.0, 0.0, -0.0, 1e-06, -1.0, 0.379523, -0.0, 1.0, 1e-06, 0.0, 0.0, 0.0, 0.0, 1.0],
                [1.0, 0.0, -0.0, 0.0, -0.0, 1e-06, -1.0, 0.374877, -0.0, 1.0, 1e-06, 0.0, 0.0, 0.0, 0.0, 1.0],
                [1.0, 0.0, -0.0, -0.0, -0.0, 1e-06, -1.0, 0.376869, -0.0, 1.0, 1e-06, 0.0, 0.0, 0.0, 0.0, 1.0],
                [1.0, 0.0, -0.0, 0.0, -0.0, 1e-06, -1.0, 0.37472, -0.0, 1.0, 1e-06, 0.0, 0.0, 0.0, 0.0, 1.0],
                [1.0, 0.0, -0.0, 0.0, -0.0, 1e-06, -1.0, 0.37472, -0.0, 1.0, 1e-06, 0.0, 0.0, 0.0, 0.0, 1.0]
            ]
        },
        {
            "name": "Thigh_L",
            "time": [0.0, 0.0333, 0.1, 0.2333, 0.8333],
            "transform": [
                [0.990282, -0.109193, -0.086129, -0.1418, -0.090595, -0.976371, 0.19619, -0.002032, -0.105516, -0.18648, -0.976776, 0.017345, 0.0, 0.0, 0.0, 1.0],
                [0.963174, -0.157458, -0.217947, -0.144407, -0.068314, -0.927297, 0.368036, -0.001908, -0.260052, -0.339593, -0.903908, 0.022208, 0.0, 0.0, 0.0, 1.0],
                [0.547499, -0.677507, -0.491149, -0.143802, -0.05784, -0.616168, 0.785488, -0.001965, -0.834804, -0.401645, -0.376539, 0.03036, 0.0, 0.0, 0.0, 1.0],
                [0.251778, -0.854135, -0.455038, -0.143491, 0.006693, -0.468636, 0.883366, -0.001994, -0.967761, -0.225457, -0.112276, 0.033142, 0.0, 0.0, 0.0, 1.0],
                [0.251778, -0.854135, -0.455038, -0.143491, 0.006693, -0.468636, 0.883366, -0.001994, -0.967761, -0.225457, -0.112276, 0.033142, 0.0, 0.0, 0.0, 1.0]
            ]
        },
        {
            "name": "Leg_L",
            "time": [0.0, 0.0333, 0.1, 0.2333, 0.8333],
            "transform": [
                [1.0, -0.000925, 0.000423, -0.0, 0.00026, 0.634553, 0.772879, 0.37472, -0.000983, -0.772878, 0.634554, -0.0, 0.0, 0.0, 0.0, 1.0],
                [0.999999, -0.001105, 0.000398, 0.0, 0.000206, 0.499266, 0.866449, 0.37472, -0.001156, -0.866448, 0.499266, 0.0, 0.0, 0.0, 0.0, 1.0],
                [0.999999, -0.00109, 0.000276, -0.0, 8.8e-05, 0.321114, 0.947041, 0.37472, -0.001121, -0.94704, 0.321114, -0.0, 0.0, 0.0, 0.0, 1.0],
                [1.0, -1e-06, 3e-06, 0.0, -2e-06, 0.622369, 0.782724, 0.37472, -3e-06, -0.782723, 0.62237, 0.0, 0.0, 0.0, 0.0, 1.0],
                [1.0, -1e-06, 3e-06, 0.0, -2e-06, 0.622369, 0.782724, 0.37472, -3e-06, -0.782723, 0.62237, 0.0, 0.0, 0.0, 0.0, 1.0]
            ]
        },
        {
            "name": "Knee_L",
            "time": [0.0, 0.0333, 0.1, 0.2333, 0.8333],
            "transform": [
                [1.0, 0.0, -0.0, 8.5e-05, -0.0, 1e-06, -1.0, 0.417794, -0.0, 1.0, 1e-06, 0.000834, 0.0, 0.0, 0.0, 1.0],
                [1.0, 0.0, -0.0, 9.9e-05, -0.0, 1e-06, -1.0, 0.431155, -0.0, 1.0, 1e-06, 0.000963, 0.0, 0.0, 0.0, 1.0],
                [1.0, 0.0, -0.0, 9.7e-05, -0.0, 1e-06, -1.0, 0.446595, -0.0, 1.0, 1e-06, 0.000949, 0.0, 0.0, 0.0, 1.0],
                [1.0, 0.0, -0.0, 0.0, -0.0, 1e-06, -1.0, 0.415002, -0.0, 1.0, 1e-06, 0.0, 0.0, 0.0, 0.0, 1.0],
                [1.0, 0.0, -0.0, 0.0, -0.0, 1e-06, -1.0, 0.415002, -0.0, 1.0, 1e-06, 0.0, 0.0, 0.0, 0.0, 1.0]
            ]
        },
        {
            "name": "Torso",
            "time": [0.0, 0.0333, 0.8333],
            "transform": [
                [1.0, -0.000465, -0.0, 0.0, 0.000465, 1.0, 0.000418, 0.05, -0.0, -0.000418, 1.0, -0.0, 0.0, 0.0, 0.0, 1.0],
                [1.0, 0.0, 0.0, -0.0, -0.0, 1.0, 0.0, 0.05, -0.0, -0.0, 1.0, -0.0, 0.0, 0.0, 0.0, 1.0],
                [1.0, -0.0, -0.0, 0.0, 0.0, 1.0, 0.0, 0.05, -0.0, -0.0, 1.0, -0.0, 0.0, 0.0, 0.0, 1.0]
            ]
        },
        {
            "name": "Chest",
            "time": [0.0, 0.0333, 0.8333],
            "transform": [
                [0.999717, -0.023773, 0.000672, 0.0, 0.023773, 0.998119, -0.056501, 0.3, 0.000672, 0.056501, 0.998402, 0.0, 0.0, 0.0, 0.0, 1.0],
                [0.999716, -0.023825, 0.000694, -0.0, 0.023825, 0.99802, -0.058215, 0.3, 0.000694, 0.058215, 0.998304, -0.0, 0.0, 0.0, 0.0, 1.0],
                [0.999716, -0.023825, 0.000694, -0.0, 0.023825, 0.99802, -0.058215, 0.3, 0.000694, 0.058215, 0.998304, -0.0, 0.0, 0.0, 0.0, 1.0]
            ]
        },
        {
            "name": "Head",
            "time": [0.0, 0.0333, 0.1, 0.15, 0.2333, 0.8333],
            "transform": [
                [0.993047, 0.065774, 0.097632, 0.0, -0.065929, 0.997823, -0.001642, 0.4, -0.097528, -0.004806, 0.995221, 0.0, 0.0, 0.0, 0.0, 1.0],
                [0.962923, 0.086308, 0.2556, -0.0, -0.085106, 0.996247, -0.015779, 0.4, -0.256002, -0.006559, 0.966654, 0.0, 0.0, 0.0, 0.0, 1.0],
                [0.530211, 0.185304, 0.827369, 0.0, -0.090883, 0.982624, -0.161834, 0.4, -0.842981, 0.010613, 0.537839, 0.0, 0.0, 0.0, 0.0, 1.0],
                [0.248904, 0.207988, 0.945932, 0.0, -0.058739, 0.978114, -0.199608, 0.4, -0.966746, -0.00588, 0.255673, -0.0, 0.0, 0.0, 0.0, 1.0],
                [0.250323, 0.212277, 0.944604, 0.0, -0.063244, 0.977168, -0.202835, 0.4, -0.966095, -0.008966, 0.258033, -0.0, 0.0, 0.0, 0.0, 1.0],
                [0.250323, 0.212277, 0.944604, 0.0, -0.063244, 0.977168, -0.202835, 0.4, -0.966095, -0.008966, 0.258033, 0.0, 0.0, 0.0, 0.0, 1.0]
            ]
        },
        {
            "name": "Shoulder_R",
            "time": [0.0, 0.0333, 0.1, 0.15, 0.2333, 0.8333],
            "transform": [
                [0.820749, 0.517923, 0.241095, 0.0, 0.034502, -0.466186, 0.884014, 0.4, 0.570246, -0.717235, -0.400491, 0.0, 0.0, 0.0, 0.0, 1.0],
                [0.831567, 0.502748, 0.236094, -0.0, 0.033538, -0.469745, 0.882165, 0.4, 0.554411, -0.725661, -0.407486, 0.0, 0.0, 0.0, 0.0, 1.0],
                [0.670781, 0.670339, 0.317329, 0.0, -0.025965, -0.406378, 0.913336, 0.4, 0.741201, -0.620888, -0.255186, 0.0, 0.0, 0.0, 0.0, 1.0],
                [0.148031, 0.927051, 0.344473, 0.0, -0.164473, -0.320383, 0.9329, 0.4, 0.97521, -0.194755, 0.105048, -0.0, 0.0, 0.0, 0.0, 1.0],
                [0.004787, 0.947424, 0.319945, 0.0, -0.179195, -0.313957, 0.932373, 0.4, 0.983802, -0.061796, 0.168271, -0.0, 0.0, 0.0, 0.0, 1.0],
                [0.004787, 0.947424, 0.319945, 0.0, -0.179195, -0.313957, 0.932373, 0.4, 0.983802, -0.061796, 0.168271, 0.0, 0.0, 0.0, 0.0, 1.0]
            ]
        },
        {
            "name": "Arm_R",
            "time": [0.0, 0.0333, 0.1, 0.15, 0.2333, 0.8333],
            "transform": [
                [0.242772, -0.962196, 0.123453, -0.0, -0.213353, -0.177103, -0.960788, 0.39386, 0.946331, 0.206914, -0.248283, 0.0, 0.0, 0.0, 0.0, 1.0],
                [0.267292, -0.952623, 0.145135, 0.0, -0.227987, -0.208857, -0.951, 0.393861, 0.936257, 0.221106, -0.273011, 0.0, 0.0, 0.0, 0.0, 1.0],
                [0.097714, -0.994143, 0.046178, -0.0, -0.186021, -0.063827, -0.98047, 0.39386, 0.977675, 0.087216, -0.191168, 0.0, 0.0, 0.0, 0.0, 1.0],
                [-0.22256, -0.956804, -0.187067, -0.0, -0.030552, 0.198631, -0.979598, 0.39386, 0.97444, -0.212304, -0.073439, -0.0, 0.0, 0.0, 0.0, 1.0],
                [-0.269626, -0.93568, -0.227606, -0.0, 0.002591, 0.235654, -0.971834, 0.39386, 0.962962, -0.262621, -0.061114, 0.0, 0.0, 0.0, 0.0, 1.0],
                [-0.269626, -0.93568, -0.227606, -0.0, 0.002591, 0.235654, -0.971834, 0.39386, 0.962962, -0.262621, -0.061114, 0.0, 0.0, 0.0, 0.0, 1.0]
            ]
        },
        {
            "name": "Hand_R",
            "time": [0.0, 0.0333, 0.1, 0.15, 0.2333, 0.8333],
            "transform": [
                [0.999999, 0.001238, -0.000889, 0.0, -0.00125, 0.999903, -0.013884, 0.3, 0.000871, 0.013885, 0.999903, -0.0, 0.0, 0.0, 0.0, 1.0],
                [0.999999, 0.001236, -0.001031, 0.0, -0.00125, 0.999903, -0.013884, 0.3, 0.001014, 0.013886, 0.999903, -0.0, 0.0, 0.0, 0.0, 1.0],
                [0.999999, 0.001263, 0.000914, 0.0, -0.00125, 0.999903, -0.013884, 0.3, -0.000932, 0.013883, 0.999903, 0.0, 0.0, 0.0, 0.0, 1.0],
                [0.999988, 0.001316, 0.00475, -0.0, -0.00125, 0.999903, -0.013884, 0.3, -0.004768, 0.013878, 0.999892, 0.0, 0.0, 0.0, 0.0, 1.0],
                [0.999985, 0.001325, 0.005391, -0.0, -0.00125, 0.999903, -0.013884, 0.3, -0.005409, 0.013877, 0.999889, 0.0, 0.0, 0.0, 0.0, 1.0],
                [0.999985, 0.001325, 0.005391, -0.0, -0.00125, 0.999903, -0.013884, 0.3, -0.005409, 0.013877, 0.999889, 0.0, 0.0, 0.0, 0.0, 1.0]
            ]
        },
        {
            "name": "Tool_R",
            "time": [0.0, 0.0333, 0.1, 0.15, 0.2333, 0.8333],
            "transform": [
                [0.99999, -0.002318, 0.00379, 0.0, -0.001414, -0.974778, -0.223172, 0.272858, 0.00421, 0.223022, -0.974197, -0.0, 0.0, 0.0, 0.0, 1.0],
                [0.99999, -0.002318, 0.00379, -0.0, -0.001414, -0.974778, -0.223172, 0.272858, 0.00421, 0.223022, -0.974197, 0.0, 0.0, 0.0, 0.0, 1.0],
                [0.999983, 0.002857, 0.005123, 0.000473, 0.005275, -0.819968, -0.572385, 0.275327, 0.002564, 0.572055, -0.81949, 0.018228, 0.0, 0.0, 0.0, 1.0],
                [0.999864, 0.010039, 0.013102, 0.001405, 0.01464, -0.172807, -0.984847, 0.280197, -0.007618, 0.98432, -0.172838, 0.054173, 0.0, 0.0, 0.0, 1.0],
                [0.999836, 0.010509, 0.014751, 0.00156, 0.015268, -0.050962, -0.998584, 0.28101, -0.009737, 0.998053, -0.051095, 0.060179, 0.0, 0.0, 0.0, 1.0],
                [0.999836, 0.010509, 0.014751, 0.00156, 0.015268, -0.050962, -0.998584, 0.28101, -0.009737, 0.998053, -0.051095, 0.060179, 0.0, 0.0, 0.0, 1.0]
            ]
        },
        {
            "name": "Elbow_R",
            "time": [0.0, 0.0333, 0.1, 0.15, 0.2333, 0.8333],
            "transform": [
                [-1.0, 0.0, -0.0, 0.0, 0.0, 0.0, -1.0, 0.317505, -0.0, -1.0, 0.0, -0.0, 0.0, 0.0, 0.0, 1.0],
                [-1.0, 0.0, -0.0, -0.0, 0.0, 0.0, -1.0, 0.317987, -0.0, -1.0, 0.0, -0.0, 0.0, 0.0, 0.0, 1.0],
                [-1.0, 0.0, -0.0, 0.0, 0.0, -0.0, -1.0, 0.318249, -0.0, -1.0, 0.0, 0.0, 0.0, 0.0, 0.0, 1.0],
                [-1.0, 0.0, -0.0, 0.0, 0.0, 0.0, -1.0, 0.318352, -0.0, -1.0, 0.0, -0.0, 0.0, 0.0, 0.0, 1.0],
                [-1.0, 0.0, -0.0, -0.0, 0.0, -0.0, -1.0, 0.318367, -0.0, -1.0, 0.0, 0.0, 0.0, 0.0, 0.0, 1.0],
                [-1.0, 0.0, -0.0, -0.0, 0.0, -0.0, -1.0, 0.318367, -0.0, -1.0, 0.0, 0.0, 0.0, 0.0, 0.0, 1.0]
            ]
        },
        {
            "name": "Shoulder_L",
            "time": [0.0, 0.0333, 0.1, 0.15, 0.2333, 0.8333],
            "transform": [
                [-0.087586, -0.950089, -0.299433, 0.0, 0.002287, -0.30078, 0.953691, 0.4, -0.996154, 0.082845, 0.028517, 0.0, 0.0, 0.0, 0.0, 1.0],
                [-0.091563, -0.949764, -0.299274, -0.0, 0.002431, -0.300748, 0.9537, 0.4, -0.995796, 0.086596, 0.029846, 0.0, 0.0, 0.0, 0.0, 1.0],
                [0.198734, -0.945279, -0.258753, 0.0, 0.043004, -0.255354, 0.965891, 0.4, -0.97911, -0.203083, -0.010097, 0.0, 0.0, 0.0, 0.0, 1.0],
                [0.776222, -0.6125, -0.149413, 0.0, 0.065087, -0.157872, 0.985312, 0.4, -0.627092, -0.774545, -0.082678, -0.0, 0.0, 0.0, 0.0, 1.0],
                [0.867332, -0.482794, -0.12102, 0.0, 0.054974, -0.148734, 0.987348, 0.4, -0.494686, -0.863011, -0.102461, -0.0, 0.0, 0.0, 0.0, 1.0],
                [0.867332, -0.482794, -0.12102, 0.0, 0.054974, -0.148734, 0.987348, 0.4, -0.494686, -0.863011, -0.102461, 0.0, 0.0, 0.0, 0.0, 1.0]
            ]
        },
        {
            "name": "Arm_L",
            "time": [0.0, 0.0333, 0.1, 0.15, 0.2333, 0.8333],
            "transform": [
                [-0.160077, 0.883168, 0.440897, 0.0, -0.98682, -0.13245, -0.092973, 0.39386, -0.023714, -0.449969, 0.89273, 0.0, 0.0, 0.0, 0.0, 1.0],
                [-0.198217, 0.891898, 0.406482, 0.0, -0.97998, -0.188239, -0.064846, 0.39386, 0.018679, -0.411197, 0.911355, -0.0, 0.0, 0.0, 0.0, 1.0],
                [-0.075577, 0.934475, 0.347914, 0.0, -0.910271, -0.207091, 0.358496, 0.39386, 0.407056, -0.289602, 0.866277, 0.0, 0.0, 0.0, 0.0, 1.0],
                [0.16436, 0.981508, 0.098126, -0.0, -0.413367, -0.021786, 0.910304, 0.39386, 0.895608, -0.190179, 0.402142, 0.0, 0.0, 0.0, 0.0, 1.0],
                [0.184653, 0.981736, 0.0458, 0.0, -0.307712, 0.013493, 0.951384, 0.39386, 0.93339, -0.189769, 0.304583, 0.0, 0.0, 0.0, 0.0, 1.0],
                [0.184653, 0.981736, 0.0458, 0.0, -0.307712, 0.013493, 0.951384, 0.39386, 0.93339, -0.189769, 0.304583, -0.0, 0.0, 0.0, 0.0, 1.0]
            ]
        },
        {
            "name": "Hand_L",
            "time": [0.0, 0.0333, 0.1, 0.15, 0.2333, 0.8333],
            "transform": [
                [0.999997, 0.002436, -0.00018, 0.0, -0.000792, 0.253743, -0.967272, 0.3, -0.002311, 0.967269, 0.253744, 0.0, 0.0, 0.0, 0.0, 1.0],
                [0.999995, 0.003122, -0.00075, -0.0, -0.001438, 0.226633, -0.97398, 0.3, -0.002871, 0.973975, 0.226636, -0.0, 0.0, 0.0, 0.0, 1.0],
                [0.999997, 0.002367, -5.1e-05, -0.0, -0.001487, 0.611108, -0.791547, 0.3, -0.001843, 0.791544, 0.611109, -0.0, 0.0, 0.0, 0.0, 1.0],
                [1.0, 0.000299, 0.000135, 0.0, -0.000296, 0.999674, -0.025563, 0.3, -0.000142, 0.025563, 0.999674, 0.0, 0.0, 0.0, 0.0, 1.0],
                [1.0, 0.0, 0.0, 0.0, -0.0, 0.993938, 0.109947, 0.3, -0.0, -0.109947, 0.993938, -0.0, 0.0, 0.0, 0.0, 1.0],
                [1.0, 0.0, 0.0, -0.0, -0.0, 0.993938, 0.109947, 0.3, -0.0, -0.109947, 0.993938, -0.0, 0.0, 0.0, 0.0, 1.0]
            ]
        },
        {
            "name": "Tool_L",
            "time": [0.0, 0.8333],
            "transform": [
                [1.0, 0.0, 0.0, -0.0, 0.0, -0.999836, 0.018122, 0.272858, 0.0, -0.018122, -0.999247, 0.0, 0.0, 0.0, 0.0, 1.0],
                [1.0, -0.0, 0.0, -0.0, -0.0, -0.999836, 0.018122, 0.272858, 0.0, -0.018122, -0.999247, -0.0, 0.0, 0.0, 0.0, 1.0]
            ]
        },
        {
            "name": "Elbow_L",
            "time": [0.0, 0.0333, 0.1, 0.15, 0.2333, 0.8333],
            "transform": [
                [-1.0, 0.0, -0.0, 0.000262, 0.0, 0.0, -1.0, 0.431331, -0.0, -1.0, -0.0, -0.002488, 0.0, 0.0, 0.0, 1.0],
                [-1.0, 0.0, -0.0, 0.000268, -0.0, -0.0, -1.0, 0.434308, -0.0, -1.0, -0.0, -0.002544, 0.0, 0.0, 0.0, 1.0],
                [-1.0, 0.0, -0.0, 0.000187, 0.0, -0.0, -1.0, 0.393627, -0.0, -1.0, -0.0, -0.001774, 0.0, 0.0, 0.0, 1.0],
                [-1.0, 0.0, -0.0, 2.7e-05, 0.0, -0.0, -1.0, 0.313403, -0.0, -1.0, 0.0, -0.000254, 0.0, 0.0, 0.0, 1.0],
                [-1.0, 0.0, -0.0, 0.0, 0.0, -0.0, -1.0, 0.3, -0.0, -1.0, 0.0, -0.0, 0.0, 0.0, 0.0, 1.0],
                [-1.0, 0.0, -0.0, -0.0, 0.0, -0.0, -1.0, 0.3, -0.0, -1.0, -0.0, -0.0, 0.0, 0.0, 0.0, 1.0]
            ]
        }
    ]
}