{
    "animation": [
        {
            "name": "Coord",
            "time": [0.0, 0.1167, 0.3333, 0.75, 1.25],
            "transform": [
                [1.0, 0.0, 0.0, 0.0, 0.0, 0.0, -1.0, 4.2e-05, 0.0, 1.0, 0.0, 0.0, 0.0, 0.0, 0.0, 1.0],
                [1.0, 0.0, 0.0, 0.0, 0.0, 0.0, -1.0, 4.2e-05, 0.0, 1.0, 0.0, 0.0, 0.0, 0.0, 0.0, 1.0],
                [1.0, 0.0, 0.0, 0.0, 0.0, 0.0, -1.0, 0.998488, 0.0, 1.0, 0.0, 0.0, 0.0, 0.0, 0.0, 1.0],
                [1.0, 0.0, 0.0, 0.0, 0.0, 0.0, -1.0, 0.998488, 0.0, 1.0, 0.0, 0.0, 0.0, 0.0, 0.0, 1.0],
                [1.0, 0.0, 0.0, 0.0, 0.0, 0.0, -1.0, 1.024309, 0.0, 1.0, 0.0, 0.0, 0.0, 0.0, 0.0, 1.0]
            ]
        },
        {
            "name": "Root",
            "time": [0.0, 0.1167, 0.2, 0.3333, 0.55, 0.75, 1.0, 1.25],
            "transform": [
                [0.631329, -0.002691, -0.775511, -5e-06, 0.059254, 0.997238, 0.044778, 0.614086, 0.773248, -0.074222, 0.629745, -0.001239, 0.0, 0.0, 0.0, 1.0],
                [0.630961, -0.040793, -0.774741, -5e-06, -0.00554, 0.998354, -0.057079, 0.675189, 0.775795, 0.040307, 0.629697, -0.001239, 0.0, 0.0, 0.0, 1.0],
                [0.982711, -0.016282, -0.184427, -5.7e-05, 0.077718, 0.940391, 0.331097, 0.670697, 0.168043, -0.339706, 0.925398, -0.001365, 0.0, 0.0, 0.0, 1.0],
                [0.452808, 0.011583, 0.891533, -0.000132, 0.019849, 0.999537, -0.023067, 0.664218, -0.891387, 0.028141, 0.452368, -0.001548, 0.0, 0.0, 0.0, 1.0],
                [0.134383, -0.035714, 0.990286, -5e-06, 0.0274, 0.999102, 0.032314, 0.675189, -0.99055, 0.022792, 0.135241, -0.001239, 0.0, 0.0, 0.0, 1.0],
                [0.134383, -0.035714, 0.990286, -5e-06, 0.0274, 0.999102, 0.032314, 0.675189, -0.99055, 0.022792, 0.135241, -0.001239, 0.0, 0.0, 0.0, 1.0],
                [0.930144, -0.027805, 0.36614, -5e-06, 0.023307, 0.999589, 0.0167, 0.708038, -0.366454, -0.007, 0.93041, 0.218776, 0.0, 0.0, 0.0, 1.0],
                [0.77438, 0.002056, -0.632717, -5e-06, 0.007679, 0.999891, 0.012646, 0.740887, 0.632674, -0.014651, 0.77428, -0.000946, 0.0, 0.0, 0.0, 1.0]
            ]
        },
        {
            "name": "Thigh_R",
            "time": [0.0, 0.1167, 0.2, 0.3333, 0.55, 0.75, 0.8833, 1.0, 1.1333, 1.25],
            "transform": [
                [0.893405, 0.413485, -0.175653, 0.124994, 0.370902, -0.899497, -0.230936, -0.00283, -0.253489, 0.141169, -0.956983, -1.2e-05, 0.0, 0.0, 0.0, 1.0],
                [0.906107, 0.396911, -0.146388, 0.124994, 0.342639, -0.891501, -0.296343, -0.00283, -0.248127, 0.218359, -0.943797, -1.2e-05, 0.0, 0.0, 0.0, 1.0],
                [0.980458, -0.141413, -0.136753, 0.124994, 0.013447, -0.645356, 0.763762, -0.00283, -0.19626, -0.750674, -0.630847, -1.2e-05, 0.0, 0.0, 0.0, 1.0],
                [0.441886, 0.607848, 0.659739, 0.124994, 0.027129, -0.744152, 0.667456, -0.00283, 0.89666, -0.27704, -0.345323, -1.2e-05, 0.0, 0.0, 0.0, 1.0],
                [0.248242, 0.620187, 0.744139, 0.124994, 0.029108, -0.77261, 0.63421, -0.00283, 0.96826, -0.135776, -0.209848, -1.2e-05, 0.0, 0.0, 0.0, 1.0],
                [0.248242, 0.620187, 0.744139, 0.124994, 0.029108, -0.77261, 0.63421, -0.00283, 0.96826, -0.135776, -0.209848, -1.2e-05, 0.0, 0.0, 0.0, 1.0],
                [0.372594, 0.680115, 0.631359, 0.124994, 0.09552, -0.704839, 0.702905, -0.00283, 0.923064, -0.20159, -0.327585, -1.2e-05, 0.0, 0.0, 0.0, 1.0],
                [0.570408, 0.416275, 0.70806, 0.124994, 0.076438, -0.885216, 0.458852, -0.00283, 0.817796, -0.207609, -0.536756, -1.2e-05, 0.0, 0.0, 0.0, 1.0],
                [0.807062, 0.284174, 0.517585, 0.124994, 0.070504, -0.916674, 0.393359, -0.002831, 0.586241, -0.280972, -0.759853, -1.2e-05, 0.0, 0.0, 0.0, 1.0],
                [0.893725, 0.262936, 0.363482, 0.124994, 0.157498, -0.942556, 0.294579, -0.002831, 0.420058, -0.206024, -0.883802, -1.2e-05, 0.0, 0.0, 0.0, 1.0]
            ]
        },
        {
            "name": "Leg_R",
            "time": [0.0, 0.1167, 0.2, 0.3333, 0.55, 0.75, 0.8833, 1.0, 1.1333, 1.25],
            "transform": [
                [1.0, -0.0, 1e-06, 0.0, 0.0, 0.952479, 0.304611, 0.37472, -1e-06, -0.304613, 0.952474, 0.0, 0.0, 0.0, 0.0, 1.0],
                [1.0, -0.0, 1e-06, -0.0, 0.0, 0.981384, 0.192072, 0.37472, -1e-06, -0.192073, 0.981378, -0.0, 0.0, 0.0, 0.0, 1.0],
                [1.0, -1e-06, 0.0, 0.0, -0.0, 0.050897, 0.998701, 0.37472, -1e-06, -0.998707, 0.050896, 0.0, 0.0, 0.0, 0.0, 1.0],
                [1.0, -0.0, 1e-06, -0.0, -0.0, 0.720236, 0.69373, 0.37472, -1e-06, -0.693734, 0.720231, 0.0, 0.0, 0.0, 0.0, 1.0],
                [1.0, 0.0, 1e-06, 0.0, -0.0, 0.754589, 0.656199, 0.37472, -0.0, -0.656202, 0.754585, -0.0, 0.0, 0.0, 0.0, 1.0],
                [1.0, 0.0, 1e-06, 0.0, -0.0, 0.754589, 0.656199, 0.37472, -0.0, -0.656202, 0.754585, -0.0, 0.0, 0.0, 0.0, 1.0],
                [1.0, -0.0, 0.0, 0.0, -0.0, 0.331746, 0.943367, 0.37472, -1e-06, -0.943372, 0.331744, 0.0, 0.0, 0.0, 0.0, 1.0],
                [1.0, -0.0, 1e-06, -0.0, -0.0, 0.742684, 0.669643, 0.37472, -0.0, -0.669647, 0.74268, 0.0, 0.0, 0.0, 0.0, 1.0],
                [1.0, -0.0, 1e-06, -0.0, -0.0, 0.846464, 0.532449, 0.37472, -1e-06, -0.532452, 0.846459, -0.0, 0.0, 0.0, 0.0, 1.0],
                [1.0, -0.0, 1e-06, -0.0, -0.0, 0.932108, 0.362186, 0.37472, -1e-06, -0.362188, 0.932103, 0.0, 0.0, 0.0, 0.0, 1.0]
            ]
        },
        {
            "name": "Knee_R",
            "time": [0.0, 0.1167, 0.2, 0.3333, 0.55, 0.75, 0.8833, 1.0, 1.1333, 1.25],
            "transform": [
                [1.0, 0.0, -0.0, 0.0, -0.0, 1e-06, -1.0, 0.37472, -0.0, 1.0, 1e-06, 0.0, 0.0, 0.0, 0.0, 1.0],
                [1.0, 0.0, -0.0, -0.0, -0.0, 1e-06, -1.0, 0.37472, -0.0, 1.0, 1e-06, -0.0, 0.0, 0.0, 0.0, 1.0],
                [1.0, 0.0, -0.0, 0.0, -0.0, 1e-06, -1.0, 0.475148, -0.0, 1.0, 1e-06, -0.0, 0.0, 0.0, 0.0, 1.0],
                [1.0, 0.0, -0.0, 0.0, -0.0, 1e-06, -1.0, 0.407515, -0.0, 1.0, 1e-06, -0.0, 0.0, 0.0, 0.0, 1.0],
                [1.0, 0.0, -0.0, -0.0, -0.0, 1e-06, -1.0, 0.402946, -0.0, 1.0, 1e-06, -0.0, 0.0, 0.0, 0.0, 1.0],
                [1.0, 0.0, -0.0, -0.0, -0.0, 1e-06, -1.0, 0.402946, -0.0, 1.0, 1e-06, -0.0, 0.0, 0.0, 0.0, 1.0],
                [1.0, 0.0, -0.0, 0.0, -0.0, 1e-06, -1.0, 0.449357, -0.0, 1.0, 0.0, -0.0, 0.0, 0.0, 0.0, 1.0],
                [1.0, 0.0, -0.0, -0.0, -0.0, 1e-06, -1.0, 0.404558, -0.0, 1.0, 1e-06, -0.0, 0.0, 0.0, 0.0, 1.0],
                [1.0, 0.0, -0.0, -0.0, -0.0, 1e-06, -1.0, 0.389093, -0.0, 1.0, 1e-06, -0.0, 0.0, 0.0, 0.0, 1.0],
                [1.0, 0.0, -0.0, -0.0, -0.0, 1e-06, -1.0, 0.37472, -0.0, 1.0, 1e-06, 0.0, 0.0, 0.0, 0.0, 1.0]
            ]
        },
        {
            "name": "Thigh_L",
            "time": [0.0, 0.1167, 0.2, 0.3333, 0.55, 0.75, 0.8833, 1.0, 1.1333, 1.25],
            "transform": [
                [0.621827, -0.666094, -0.411885, -0.16072, -0.007635, -0.531062, 0.847298, -0.001875, -0.783117, -0.523728, -0.335315, 0.033025, 0.0, 0.0, 0.0, 1.0],
                [0.599219, -0.499482, -0.625663, -0.16072, -0.018076, -0.789749, 0.613163, -0.001875, -0.80038, -0.356109, -0.482262, 0.033025, 0.0, 0.0, 0.0, 1.0],
                [0.971439, -0.122942, -0.20295, -0.16072, 0.065627, -0.682733, 0.727714, -0.001875, -0.228027, -0.72025, -0.655167, 0.033025, 0.0, 0.0, 0.0, 1.0],
                [0.881343, -0.402618, 0.247247, -0.16072, -0.413227, -0.910575, -0.009778, -0.001875, 0.229074, -0.093551, -0.968903, 0.033025, 0.0, 0.0, 0.0, 1.0],
                [0.856201, -0.430952, 0.284954, -0.16072, -0.486735, -0.857781, 0.165227, -0.001875, 0.173224, -0.280164, -0.944193, 0.033025, 0.0, 0.0, 0.0, 1.0],
                [0.856201, -0.430952, 0.284954, -0.16072, -0.486735, -0.857781, 0.165227, -0.001875, 0.173224, -0.280164, -0.944193, 0.033025, 0.0, 0.0, 0.0, 1.0],
                [0.947104, -0.311905, 0.075554, -0.16072, -0.320442, -0.9062, 0.275894, -0.001875, -0.017585, -0.285511, -0.958214, 0.033025, 0.0, 0.0, 0.0, 1.0],
                [0.940419, -0.163551, -0.298097, -0.16072, -0.144314, -0.985822, 0.085599, -0.001875, -0.307871, -0.037479, -0.950689, 0.033025, 0.0, 0.0, 0.0, 1.0],
                [0.791911, -0.311055, -0.525471, -0.16072, -0.014693, -0.869989, 0.492851, -0.001875, -0.610458, -0.382574, -0.693525, 0.033025, 0.0, 0.0, 0.0, 1.0],
                [0.72498, -0.259939, -0.637836, -0.16072, -0.015884, -0.932115, 0.361814, -0.001875, -0.688585, -0.252176, -0.679894, 0.033025, 0.0, 0.0, 0.0, 1.0]
            ]
        },
        {
            "name": "Leg_L",
            "time": [0.0, 0.1167, 0.2, 0.3333, 0.55, 0.75, 0.8833, 1.0, 1.1333, 1.25],
            "transform": [
                [1.0, -1e-06, 1e-06, 0.0, -0.0, 0.446203, 0.894932, 0.37472, -1e-06, -0.894931, 0.446203, 0.0, 0.0, 0.0, 0.0, 1.0],
                [1.0, -1e-06, 1e-06, -0.0, 0.0, 0.828773, 0.559585, 0.37472, -1e-06, -0.559585, 0.828773, 0.0, 0.0, 0.0, 0.0, 1.0],
                [1.0, -1e-06, 1e-06, -0.0, -0.0, 0.532944, 0.846151, 0.37472, -1e-06, -0.846151, 0.532944, -0.0, 0.0, 0.0, 0.0, 1.0],
                [1.0, -0.0, 1e-06, -0.0, -0.0, 0.871262, 0.490818, 0.37472, -1e-06, -0.490818, 0.871262, 0.0, 0.0, 0.0, 0.0, 1.0],
                [1.0, -0.0, 1e-06, -0.0, -0.0, 0.943825, 0.330445, 0.37472, -1e-06, -0.330445, 0.943825, -0.0, 0.0, 0.0, 0.0, 1.0],
                [1.0, -0.0, 1e-06, -0.0, -0.0, 0.943825, 0.330445, 0.37472, -1e-06, -0.330445, 0.943825, -0.0, 0.0, 0.0, 0.0, 1.0],
                [1.0, -1e-06, 1e-06, 0.0, -0.0, 0.761968, 0.647615, 0.37472, -1e-06, -0.647615, 0.761968, -0.0, 0.0, 0.0, 0.0, 1.0],
                [1.0, -1e-06, 1e-06, 0.0, -0.0, 0.824574, 0.565754, 0.37472, -1e-06, -0.565754, 0.824574, -0.0, 0.0, 0.0, 0.0, 1.0],
                [1.0, -1e-06, 1e-06, -0.0, -1e-06, 0.389145, 0.921177, 0.37472, -1e-06, -0.921176, 0.389146, -0.0, 0.0, 0.0, 0.0, 1.0],
                [1.0, -1e-06, 1e-06, 0.0, 0.0, 0.916048, 0.40107, 0.37472, -1e-06, -0.40107, 0.916048, 0.0, 0.0, 0.0, 0.0, 1.0]
            ]
        },
        {
            "name": "Knee_L",
            "time": [0.0, 0.1167, 0.2, 0.3333, 0.55, 0.75, 0.8833, 1.0, 1.1333, 1.25],
            "transform": [
                [1.0, 0.0, -0.0, 0.0, -0.0, 1e-06, -1.0, 0.43819, -0.0, 1.0, 1e-06, 0.0, 0.0, 0.0, 0.0, 1.0],
                [1.0, 0.0, -0.0, -0.0, -0.0, 1e-06, -1.0, 0.392001, -0.0, 1.0, 1e-06, 0.0, 0.0, 0.0, 0.0, 1.0],
                [1.0, 0.0, -0.0, 0.0, -0.0, 1e-06, -1.0, 0.42925, -0.0, 1.0, 1e-06, 0.0, 0.0, 0.0, 0.0, 1.0],
                [1.0, 0.0, -0.0, 0.0, -0.0, 1e-06, -1.0, 0.384741, -0.0, 1.0, 1e-06, 0.0, 0.0, 0.0, 0.0, 1.0],
                [1.0, 0.0, -0.0, -0.0, -0.0, 1e-06, -1.0, 0.37472, -0.0, 1.0, 1e-06, -0.0, 0.0, 0.0, 0.0, 1.0],
                [1.0, 0.0, -0.0, -0.0, -0.0, 1e-06, -1.0, 0.37472, -0.0, 1.0, 1e-06, -0.0, 0.0, 0.0, 0.0, 1.0],
                [1.0, 0.0, -0.0, 0.0, -0.0, 1e-06, -1.0, 0.401929, -0.0, 1.0, 1e-06, 0.0, 0.0, 0.0, 0.0, 1.0],
                [1.0, 0.0, -0.0, -0.0, -0.0, 1e-06, -1.0, 0.392671, -0.0, 1.0, 1e-06, -0.0, 0.0, 0.0, 0.0, 1.0],
                [1.0, 0.0, -0.0, 0.0, -0.0, 1e-06, -1.0, 0.44383, -0.0, 1.0, 1e-06, -0.0, 0.0, 0.0, 0.0, 1.0],
                [1.0, 0.0, -0.0, 0.0, -0.0, 1e-06, -1.0, 0.375731, -0.0, 1.0, 1e-06, 0.0, 0.0, 0.0, 0.0, 1.0]
            ]
        },
        {
            "name": "Torso",
            "time": [0.0, 0.75, 1.25],
            "transform": [
                [1.0, 0.0, -0.0, -0.0, -0.0, 1.0, -0.0, 0.05, -0.0, 0.0, 1.0, 0.0, 0.0, 0.0, 0.0, 1.0],
                [1.0, 0.0, 0.0, -0.0, 0.0, 1.0, -0.0, 0.05, -0.0, -0.0, 1.0, -0.0, 0.0, 0.0, 0.0, 1.0],
                [1.0, -0.0, -0.0, 0.0, -0.0, 1.0, 0.0, 0.05, 0.0, 0.0, 1.0, 0.0, 0.0, 0.0, 0.0, 1.0]
            ]
        },
        {
            "name": "Chest",
            "time": [0.0, 0.1167, 0.3333, 0.75, 1.25],
            "transform": [
                [0.998909, -0.04669, 0.000693, -0.0, 0.046655, 0.998562, 0.026406, 0.3, -0.001925, -0.026345, 0.999651, 0.0, 0.0, 0.0, 0.0, 1.0],
                [0.99982, 0.01899, 0.000441, 0.0, -0.018971, 0.999452, -0.027119, 0.3, -0.000956, 0.027106, 0.999632, -0.0, 0.0, 0.0, 0.0, 1.0],
                [1.0, 0.0, -0.0, 0.0, 0.0, 1.0, 0.0, 0.3, -0.0, 0.0, 1.0, 0.0, 0.0, 0.0, 0.0, 1.0],
                [1.0, 0.0, 0.0, 0.0, -0.0, 1.0, -0.0, 0.3, -0.0, 0.0, 1.0, -0.0, 0.0, 0.0, 0.0, 1.0],
                [0.999955, -0.009433, 0.000754, 0.0, 0.009423, 0.999889, 0.011523, 0.3, -0.000863, -0.011516, 0.999933, 0.0, 0.0, 0.0, 0.0, 1.0]
            ]
        },
        {
            "name": "Head",
            "time": [0.0, 0.1167, 0.2, 0.3333, 0.55, 0.75, 1.0, 1.25],
            "transform": [
                [0.631422, 0.100398, 0.768912, 0.0, -0.011612, 0.992696, -0.120082, 0.4, -0.775352, 0.066894, 0.627976, 0.0, 0.0, 0.0, 0.0, 1.0],
                [0.62969, -0.007404, 0.776811, 0.0, -0.050235, 0.997474, 0.050228, 0.4, -0.77522, -0.070651, 0.627728, 0.0, 0.0, 0.0, 0.0, 1.0],
                [0.976743, 0.060324, 0.205752, 0.0, -0.002168, 0.962337, -0.271852, 0.4, -0.214402, 0.265083, 0.940086, -0.0, 0.0, 0.0, 0.0, 1.0],
                [0.51321, -0.0, -0.858263, 0.0, 0.0, 1.0, 0.0, 0.4, 0.858263, 0.0, 0.51321, 0.0, 0.0, 0.0, 0.0, 1.0],
                [0.196132, 0.026127, -0.980229, -0.0, -0.038657, 0.999074, 0.018895, 0.4, 0.979815, 0.034187, 0.19696, -0.0, 0.0, 0.0, 0.0, 1.0],
                [0.196132, 0.026127, -0.980229, -0.0, -0.038657, 0.999074, 0.018895, 0.4, 0.979815, 0.034187, 0.19696, -0.0, 0.0, 0.0, 0.0, 1.0],
                [0.92912, 0.023804, -0.369011, -0.0, -0.034556, 0.999148, -0.022554, 0.4, 0.368159, 0.033707, 0.929152, -0.0, 0.0, 0.0, 0.0, 1.0],
                [0.777201, 0.020755, 0.62891, -0.0, 0.006332, 0.999147, -0.040798, 0.4, -0.62922, 0.035691, 0.776407, -0.0, 0.0, 0.0, 0.0, 1.0]
            ]
        },
        {
            "name": "Shoulder_R",
            "time": [0.0, 0.05, 0.3333, 0.4833, 0.75, 1.0333, 1.25],
            "transform": [
                [-0.023206, 0.999613, 0.015353, 0.0, -0.168345, -0.019045, 0.985544, 0.4, 0.985455, 0.020286, 0.168721, 0.0, 0.0, 0.0, 0.0, 1.0],
                [0.044891, 0.9951, 0.088094, 0.0, -0.2718, -0.07269, 0.959605, 0.4, 0.961306, -0.067021, 0.267205, -0.0, 0.0, 0.0, 0.0, 1.0],
                [0.354093, 0.917955, 0.17882, 0.0, -0.279528, -0.078585, 0.956916, 0.4, 0.892458, -0.388822, 0.228768, 0.0, 0.0, 0.0, 0.0, 1.0],
                [0.505954, 0.83635, 0.211018, 0.0, -0.281202, -0.071343, 0.956993, 0.4, 0.815436, -0.543533, 0.199087, -0.0, 0.0, 0.0, 0.0, 1.0],
                [0.505954, 0.83635, 0.211018, -0.0, -0.281202, -0.071343, 0.956993, 0.4, 0.815436, -0.543533, 0.199087, -0.0, 0.0, 0.0, 0.0, 1.0],
                [-0.273279, 0.913699, 0.300787, 0.0, 0.008197, -0.310466, 0.950549, 0.4, 0.9619, 0.262231, 0.077355, -0.0, 0.0, 0.0, 0.0, 1.0],
                [0.0, 0.952114, 0.305743, -0.0, 0.0, -0.305743, 0.952114, 0.4, 1.0, 0.0, -0.0, -0.0, 0.0, 0.0, 0.0, 1.0]
            ]
        },
        {
            "name": "Arm_R",
            "time": [0.0, 0.1167, 0.2, 0.3333, 0.4333, 0.75, 1.0333, 1.25],
            "transform": [
                [-0.06048, 0.278621, -0.958495, 0.0, 0.426849, 0.875243, 0.227486, 0.39386, 0.902298, -0.395374, -0.171864, 0.0, 0.0, 0.0, 0.0, 1.0],
                [0.712327, -0.516209, 0.475519, 0.0, 0.482567, 0.852193, 0.202229, 0.393861, -0.509626, 0.085417, 0.856145, -0.0, 0.0, 0.0, 0.0, 1.0],
                [0.853319, 0.070981, 0.516536, 0.0, -0.471216, 0.529025, 0.705754, 0.39386, -0.223165, -0.845633, 0.484874, 0.0, 0.0, 0.0, 0.0, 1.0],
                [0.075625, -0.924674, 0.373173, -0.0, 0.918417, -0.08115, -0.387202, 0.39386, 0.388319, 0.372011, 0.843099, 0.0, 0.0, 0.0, 0.0, 1.0],
                [-0.440985, -0.885259, 0.147815, -0.0, 0.377508, -0.332368, -0.864303, 0.393861, 0.81426, -0.325343, 0.480762, 0.0, 0.0, 0.0, 0.0, 1.0],
                [-0.440985, -0.885259, 0.147815, 0.0, 0.377508, -0.332368, -0.864303, 0.393861, 0.81426, -0.325343, 0.480762, -0.0, 0.0, 0.0, 0.0, 1.0],
                [0.610392, 0.113515, -0.783924, -0.000403, 0.633441, 0.52425, 0.569134, 0.398682, 0.475578, -0.843964, 0.248093, -0.015947, 0.0, 0.0, 0.0, 1.0],
                [0.177003, 0.088471, -0.980226, -0.000662, 0.856834, 0.476182, 0.1977, 0.401786, 0.484257, -0.874885, 0.008481, -0.026213, 0.0, 0.0, 0.0, 1.0]
            ]
        },
        {
            "name": "Hand_R",
            "time": [0.0, 0.05, 0.3333, 0.4833, 0.75, 0.8833, 1.0333, 1.25],
            "transform": [
                [1.0, 0.0, 0.0, -0.0, -0.0, 0.481946, -0.876201, 0.3, -0.0, 0.876201, 0.481946, -0.0, 0.0, 0.0, 0.0, 1.0],
                [1.0, 0.0, -0.0, -0.0, 0.0, 0.991574, -0.129539, 0.3, -0.0, 0.129539, 0.991574, 0.0, 0.0, 0.0, 0.0, 1.0],
                [1.0, 0.0, 0.0, -0.0, -0.0, 0.991574, -0.129539, 0.3, -0.0, 0.129539, 0.991574, -0.0, 0.0, 0.0, 0.0, 1.0],
                [1.0, 0.0, 0.0, -0.0, -0.0, 0.644857, -0.764303, 0.3, -0.0, 0.764303, 0.644857, -0.0, 0.0, 0.0, 0.0, 1.0],
                [1.0, 0.0, -0.0, 0.0, -0.0, 0.644857, -0.764303, 0.3, -0.0, 0.764303, 0.644857, 0.0, 0.0, 0.0, 0.0, 1.0],
                [1.0, 0.0, 0.0, 0.0, 0.0, 0.26084, -0.965382, 0.3, -0.0, 0.965382, 0.26084, 0.0, 0.0, 0.0, 0.0, 1.0],
                [1.0, 0.0, 0.0, -0.0, 0.0, 0.993559, -0.113314, 0.3, -0.0, 0.113314, 0.993559, -0.0, 0.0, 0.0, 0.0, 1.0],
                [1.0, 0.0, 0.0, 0.0, -0.0, 0.993559, -0.113314, 0.3, -0.0, 0.113314, 0.993559, 0.0, 0.0, 0.0, 0.0, 1.0]
            ]
        },
        {
            "name": "Tool_R",
            "time": [0.0, 0.1167, 0.2, 0.2667, 0.3333, 0.4833, 0.75, 0.8833, 1.0333, 1.25],
            "transform": [
                [1.0, -0.0, 0.0, 0.0, -0.0, -0.915181, -0.403044, 0.272858, 0.0, 0.402796, -0.914643, -0.0, 0.0, 0.0, 0.0, 1.0],
                [1.0, -0.0, 0.0, 0.0, 0.0, -0.980246, -0.197785, 0.272858, 0.0, 0.197657, -0.979668, 0.0, 0.0, 0.0, 0.0, 1.0],
                [-0.020786, -1.1e-05, -0.999784, -0.0, 0.018119, -0.999836, -0.000366, 0.272858, -0.999028, -0.018122, 0.020771, 0.0, 0.0, 0.0, 0.0, 1.0],
                [-0.139581, 0.966274, 0.216405, -0.0, 0.116109, 0.233008, -0.965519, 0.272858, -0.982797, -0.109574, -0.144641, -0.0, 0.0, 0.0, 0.0, 1.0],
                [-0.173205, 0.581805, -0.794672, 0.0, 0.185709, -0.7731, -0.606489, 0.272858, -0.966644, -0.252484, 0.025836, -0.0, 0.0, 0.0, 0.0, 1.0],
                [0.114721, 0.212985, -0.970297, -0.0, -0.050981, -0.974197, -0.219868, 0.272858, -0.991502, 0.074635, -0.100845, -0.0, 0.0, 0.0, 0.0, 1.0],
                [0.114721, 0.212985, -0.970297, -0.0, -0.050981, -0.974197, -0.219868, 0.272858, -0.991502, 0.074635, -0.100845, -0.0, 0.0, 0.0, 0.0, 1.0],
                [0.720187, -0.266303, 0.640636, -0.0, -0.012447, -0.92821, -0.37185, 0.272858, 0.693258, 0.259663, -0.671405, -0.0, 0.0, 0.0, 0.0, 1.0],
                [1.0, -0.0, 0.0, -0.0, 0.0, -0.852837, -0.522178, 0.272858, 0.0, 0.52186, -0.852338, 0.0, 0.0, 0.0, 0.0, 1.0],
                [1.0, 0.0, 0.0, 0.0, 0.0, -0.932089, -0.362229, 0.272858, 0.0, 0.362004, -0.931541, -0.0, 0.0, 0.0, 0.0, 1.0]
            ]
        },
        {
            "name": "Elbow_R",
            "time": [0.0, 0.05, 0.75, 0.8833, 1.0333, 1.25],
            "transform": [
                [-1.0, 0.0, -0.0, -0.0, 0.0, -0.0, -1.0, 0.4104, -0.0, -1.0, 0.0, -0.0, 0.0, 0.0, 0.0, 1.0],
                [-1.0, 0.0, -0.0, -0.0, -0.0, -0.0, -1.0, 0.322498, -0.0, -1.0, 0.0, 0.0, 0.0, 0.0, 0.0, 1.0],
                [-1.0, 0.0, -0.0, 0.0, 0.0, -0.0, -1.0, 0.391849, -0.0, -1.0, 0.0, 0.0, 0.0, 0.0, 0.0, 1.0],
                [-1.0, 0.0, -0.0, -0.0, -0.0, 0.0, -1.0, 0.432795, -0.0, -1.0, 0.0, 0.0, 0.0, 0.0, 0.0, 1.0],
                [-1.0, 0.0, -0.0, 0.0, -0.0, -0.0, -1.0, 0.320966, -0.0, -1.0, 0.0, 0.0, 0.0, 0.0, 0.0, 1.0],
                [-1.0, 0.0, -0.0, -0.0, 0.0, -0.0, -1.0, 0.320966, -0.0, -1.0, 0.0, 0.0, 0.0, 0.0, 0.0, 1.0]
            ]
        },
        {
            "name": "Shoulder_L",
            "time": [0.0, 0.1167, 0.3333, 0.75, 1.25],
            "transform": [
                [0.015956, -0.954121, -0.298997, 0.0, 0.079693, -0.29687, 0.951587, 0.4, -0.996692, -0.039011, 0.0713, 0.0, 0.0, 0.0, 0.0, 1.0],
                [0.131828, -0.93994, -0.314856, 0.0, 0.083288, -0.306002, 0.948381, 0.4, -0.987767, -0.151247, 0.037946, 0.0, 0.0, 0.0, 0.0, 1.0],
                [-0.034181, -0.956123, -0.290963, 0.0, 0.078494, -0.292802, 0.952946, 0.4, -0.996328, 0.009734, 0.085058, 0.0, 0.0, 0.0, 0.0, 1.0],
                [-0.034181, -0.956123, -0.290963, -0.0, 0.078494, -0.292802, 0.952946, 0.4, -0.996328, 0.009734, 0.085058, -0.0, 0.0, 0.0, 0.0, 1.0],
                [0.0, -0.952114, -0.305743, -0.0, 0.0, -0.305743, 0.952114, 0.4, -1.0, 0.0, 0.0, -0.0, 0.0, 0.0, 0.0, 1.0]
            ]
        },
        {
            "name": "Arm_L",
            "time": [0.0, 0.1167, 0.2, 0.3333, 0.55, 0.75, 1.25],
            "transform": [
                [-0.080343, -0.050548, 0.995485, 0.0, -0.274533, 0.961208, 0.02665, 0.39386, -0.958215, -0.271152, -0.091104, 0.0, 0.0, 0.0, 0.0, 1.0],
                [0.021811, 0.435349, 0.899998, -0.0, -0.005584, 0.900251, -0.435336, 0.39386, -0.999746, 0.00447, 0.022066, 0.0, 0.0, 0.0, 0.0, 1.0],
                [-0.045349, -0.190659, 0.980608, 0.0, -0.152767, 0.971396, 0.181803, 0.39386, -0.987221, -0.14156, -0.073178, -0.0, 0.0, 0.0, 0.0, 1.0],
                [-0.079781, -0.26585, 0.960708, -0.0, -0.392669, 0.894233, 0.214846, 0.39386, -0.916213, -0.3601, -0.175734, -0.0, 0.0, 0.0, 0.0, 1.0],
                [-0.079781, -0.540653, 0.837454, -0.0, -0.392669, 0.789247, 0.472123, 0.39386, -0.916213, -0.291176, -0.275264, 0.0, 0.0, 0.0, 0.0, 1.0],
                [-0.079781, -0.540653, 0.837454, -0.0, -0.392669, 0.789247, 0.472123, 0.39386, -0.916213, -0.291176, -0.275264, 0.0, 0.0, 0.0, 0.0, 1.0],
                [-0.00666, -0.198383, 0.980102, 0.000662, -0.863238, 0.495873, 0.094504, 0.402678, -0.504754, -0.845431, -0.174555, -0.025927, 0.0, 0.0, 0.0, 1.0]
            ]
        },
        {
            "name": "Hand_L",
            "time": [0.0, 0.1167, 0.2, 0.3333, 0.55, 0.75, 1.25],
            "transform": [
                [1.0, 0.0, 0.0, -0.0, 0.0, 0.824189, -0.566315, 0.3, -0.0, 0.566315, 0.824189, -0.0, 0.0, 0.0, 0.0, 1.0],
                [1.0, 0.0, 0.0, -0.0, -0.0, 0.824189, -0.566315, 0.3, -0.0, 0.566315, 0.824189, 0.0, 0.0, 0.0, 0.0, 1.0],
                [1.0, 0.0, -0.0, -0.0, -0.0, 0.289447, -0.957194, 0.3, -0.0, 0.957194, 0.289447, 0.0, 0.0, 0.0, 0.0, 1.0],
                [1.0, 0.0, 0.0, -0.0, -0.0, 0.824189, -0.566315, 0.3, -0.0, 0.566315, 0.824189, 0.0, 0.0, 0.0, 0.0, 1.0],
                [1.0, 0.0, 0.0, -0.0, 0.0, 0.389323, -0.921101, 0.3, -0.0, 0.921101, 0.389323, 0.0, 0.0, 0.0, 0.0, 1.0],
                [1.0, 0.0, 0.0, -0.0, 0.0, 0.389323, -0.921101, 0.3, -0.0, 0.921101, 0.389323, 0.0, 0.0, 0.0, 0.0, 1.0],
                [1.0, 0.0, 0.0, 0.0, -0.0, 0.943065, -0.332608, 0.3, 0.0, 0.332608, 0.943065, -0.0, 0.0, 0.0, 0.0, 1.0]
            ]
        },
        {
            "name": "Tool_L",
            "time": [0.0, 1.25],
            "transform": [
                [1.0, -0.0, 0.0, -0.0, 0.0, -0.999836, 0.018122, 0.272858, 0.0, -0.018122, -0.999247, -0.0, 0.0, 0.0, 0.0, 1.0],
                [1.0, 0.0, 0.0, -0.0, 0.0, -0.999836, 0.018122, 0.272858, 0.0, -0.018122, -0.999247, 0.0, 0.0, 0.0, 0.0, 1.0]
            ]
        },
        {
            "name": "Elbow_L",
            "time": [0.0, 0.1167, 0.2, 0.3333, 0.55, 0.75, 1.25],
            "transform": [
                [-1.0, 0.0, -0.0, -0.0, 0.0, -0.0, -1.0, 0.366741, -0.0, -1.0, -0.0, 0.0, 0.0, 0.0, 0.0, 1.0],
                [-1.0, 0.0, -0.0, -0.0, 0.0, -0.0, -1.0, 0.366741, -0.0, -1.0, -0.0, 0.0, 0.0, 0.0, 0.0, 1.0],
                [-1.0, 0.0, 0.0, 0.0, 0.0, -0.0, -1.0, 0.430006, -0.0, -1.0, -0.0, -0.0, 0.0, 0.0, 0.0, 1.0],
                [-1.0, 0.0, -0.0, -0.0, 0.0, -0.0, -1.0, 0.366741, -0.0, -1.0, -0.0, 0.0, 0.0, 0.0, 0.0, 1.0],
                [-1.0, 0.0, -0.0, -0.0, 0.0, -0.0, -1.0, 0.42005, -0.0, -1.0, -0.0, 0.0, 0.0, 0.0, 0.0, 1.0],
                [-1.0, 0.0, -0.0, -0.0, 0.0, -0.0, -1.0, 0.42005, -0.0, -1.0, -0.0, 0.0, 0.0, 0.0, 0.0, 1.0],
                [-1.0, 0.0, -0.0, 0.0, 0.0, -0.0, -1.0, 0.342099, -0.0, -1.0, -0.0, -0.0, 0.0, 0.0, 0.0, 1.0]
            ]
        }
    ]
}