{
    "animation": [
        {
            "name": "Coord",
            "time": [0.0, 0.1333, 0.2833, 0.75, 1.25],
            "transform": [
                [1.0, 0.0, 0.0, 0.0, 0.0, 0.0, -1.0, 4.2e-05, 0.0, 1.0, 0.0, 0.0, 0.0, 0.0, 0.0, 1.0],
                [1.0, 0.0, 0.0, 0.0, 0.0, 0.0, -1.0, 4.2e-05, 0.0, 1.0, 0.0, 0.0, 0.0, 0.0, 0.0, 1.0],
                [1.0, 0.0, 0.0, 0.0, 0.0, 0.0, -1.0, 1.001243, 0.0, 1.0, 0.0, 0.0, 0.0, 0.0, 0.0, 1.0],
                [1.0, 0.0, 0.0, 0.0, 0.0, 0.0, -1.0, 1.001243, 0.0, 1.0, 0.0, 0.0, 0.0, 0.0, 0.0, 1.0],
                [1.0, 0.0, 0.0, 0.0, 0.0, 0.0, -1.0, 1.001243, 0.0, 1.0, 0.0, 0.0, 0.0, 0.0, 0.0, 1.0]
            ]
        },
        {
            "name": "Root",
            "time": [0.0, 0.1333, 0.2833, 0.3333, 0.45, 0.75, 1.0, 1.25],
            "transform": [
                [0.568791, 0.031158, -0.821892, -5e-06, 0.101492, 0.988986, 0.10773, 0.596414, 0.816196, -0.144691, 0.559364, -0.019535, 0.0, 0.0, 0.0, 1.0],
                [0.820094, 0.006984, -0.572187, -5e-06, 0.039099, 0.996905, 0.068206, 0.553005, 0.570892, -0.078307, 0.817282, -0.019535, 0.0, 0.0, 0.0, 1.0],
                [0.824957, -9.6e-05, 0.565195, -5e-06, 0.018398, 0.999475, -0.026684, 0.65956, -0.564896, 0.032412, 0.824525, -0.000298, 0.0, 0.0, 0.0, 1.0],
                [0.648761, 0.004938, 0.760976, -5e-06, -0.040788, 0.998767, 0.028292, 0.664565, -0.759898, -0.049393, 0.648163, -0.000298, 0.0, 0.0, 0.0, 1.0],
                [0.460183, -0.016269, 0.887675, -5e-06, -0.055644, 0.997338, 0.047126, 0.667448, -0.886078, -0.07108, 0.458053, -0.000298, 0.0, 0.0, 0.0, 1.0],
                [0.460183, -0.016269, 0.887675, -5e-06, -0.055644, 0.997338, 0.047126, 0.667448, -0.886078, -0.07108, 0.458053, -0.000298, 0.0, 0.0, 0.0, 1.0],
                [0.999626, 0.009975, 0.025446, -5e-06, -0.011939, 0.996862, 0.078253, 0.658136, -0.024586, -0.078528, 0.996609, 0.277364, 0.0, 0.0, 0.0, 1.0],
                [0.499047, 0.039654, -0.865667, -5e-06, 0.128515, 0.984519, 0.119186, 0.623479, 0.856993, -0.170731, 0.486225, -0.019535, 0.0, 0.0, 0.0, 1.0]
            ]
        },
        {
            "name": "Thigh_R",
            "time": [0.0, 0.1333, 0.2333, 0.2833, 0.3333, 0.45, 0.75, 0.8833, 1.0, 1.1333, 1.25],
            "transform": [
                [0.87315, 0.470609, 0.127025, 0.124994, 0.286645, -0.706484, 0.64708, -0.002831, 0.394263, -0.528585, -0.751767, -1.2e-05, 0.0, 0.0, 0.0, 1.0],
                [0.827547, 0.561036, 0.020086, 0.124994, 0.449842, -0.684084, 0.574169, -0.002831, 0.33587, -0.466115, -0.818491, -1.2e-05, 0.0, 0.0, 0.0, 1.0],
                [0.866456, 0.365065, 0.340558, 0.124994, 0.035406, -0.725348, 0.687469, -0.002831, 0.497995, -0.583603, -0.64141, -1.2e-05, 0.0, 0.0, 0.0, 1.0],
                [0.820087, 0.384564, 0.423753, 0.124994, -0.002669, -0.737938, 0.674862, -0.002831, 0.572232, -0.554575, -0.604149, -1.2e-05, 0.0, 0.0, 0.0, 1.0],
                [0.745002, 0.528387, 0.407158, 0.124994, 0.092078, -0.685988, 0.721762, -0.002831, 0.660676, -0.500223, -0.559717, -1.2e-05, 0.0, 0.0, 0.0, 1.0],
                [0.596799, 0.628219, 0.49917, 0.124994, 0.117613, -0.683871, 0.72006, -0.002831, 0.793724, -0.371021, -0.482022, -1.2e-05, 0.0, 0.0, 0.0, 1.0],
                [0.596799, 0.628219, 0.49917, 0.124994, 0.117613, -0.683871, 0.72006, -0.002831, 0.793724, -0.371021, -0.482022, -1.2e-05, 0.0, 0.0, 0.0, 1.0],
                [0.892221, 0.450946, 0.024244, 0.124994, 0.277732, -0.590254, 0.757934, -0.002831, 0.356098, -0.66951, -0.651881, -1.2e-05, 0.0, 0.0, 0.0, 1.0],
                [0.893281, 0.415305, 0.171957, 0.124994, 0.250912, -0.778108, 0.575837, -0.002831, 0.37295, -0.471237, -0.799277, -1.2e-05, 0.0, 0.0, 0.0, 1.0],
                [0.89754, 0.391968, 0.201947, 0.124994, 0.147112, -0.697954, 0.700868, -0.002831, 0.415668, -0.599347, -0.684107, -1.2e-05, 0.0, 0.0, 0.0, 1.0],
                [0.88862, 0.413903, 0.197577, 0.124994, 0.179522, -0.710308, 0.680612, -0.002831, 0.422049, -0.569335, -0.705501, -1.2e-05, 0.0, 0.0, 0.0, 1.0]
            ]
        },
        {
            "name": "Leg_R",
            "time": [0.0, 0.1333, 0.2333, 0.2833, 0.3333, 0.45, 0.75, 0.8833, 1.0, 1.1333, 1.25],
            "transform": [
                [1.0, -1e-06, 1e-06, 0.0, 0.0, 0.636613, 0.771183, 0.37472, -1e-06, -0.771184, 0.636613, 0.0, 0.0, 0.0, 0.0, 1.0],
                [1.0, -1e-06, 0.0, 0.0, 0.0, 0.383783, 0.923423, 0.37472, -1e-06, -0.923424, 0.383782, -0.0, 0.0, 0.0, 0.0, 1.0],
                [1.0, -1e-06, 0.0, 0.0, -0.0, 0.28457, 0.958655, 0.37472, -1e-06, -0.958656, 0.28457, -0.0, 0.0, 0.0, 0.0, 1.0],
                [1.0, -0.0, 1e-06, -0.0, -0.0, 0.656046, 0.754721, 0.37472, -1e-06, -0.754722, 0.656045, -0.0, 0.0, 0.0, 0.0, 1.0],
                [1.0, -0.0, 1e-06, -0.0, -0.0, 0.60928, 0.792955, 0.37472, -1e-06, -0.792956, 0.609279, -0.0, 0.0, 0.0, 0.0, 1.0],
                [1.0, -0.0, 1e-06, 0.0, -0.0, 0.597404, 0.80194, 0.37472, -1e-06, -0.801941, 0.597403, -0.0, 0.0, 0.0, 0.0, 1.0],
                [1.0, -0.0, 1e-06, 0.0, -0.0, 0.597404, 0.80194, 0.37472, -1e-06, -0.801941, 0.597403, -0.0, 0.0, 0.0, 0.0, 1.0],
                [1.0, -1e-06, 0.0, -0.0, -0.0, -0.087163, 0.996193, 0.37472, -1e-06, -0.996195, -0.087163, 0.0, 0.0, 0.0, 0.0, 1.0],
                [1.0, -1e-06, 0.0, 0.0, -0.0, 0.562407, 0.826861, 0.37472, -1e-06, -0.826862, 0.562406, -0.0, 0.0, 0.0, 0.0, 1.0],
                [1.0, -1e-06, 1e-06, 0.0, -0.0, 0.591444, 0.806346, 0.37472, -1e-06, -0.806347, 0.591443, 0.0, 0.0, 0.0, 0.0, 1.0],
                [1.0, -0.0, 0.0, -0.0, 0.0, 0.727923, 0.685659, 0.37472, -1e-06, -0.68566, 0.727922, -0.0, 0.0, 0.0, 0.0, 1.0]
            ]
        },
        {
            "name": "Knee_R",
            "time": [0.0, 0.1333, 0.2333, 0.2833, 0.3333, 0.45, 0.75, 0.8833, 1.0, 1.1333, 1.25],
            "transform": [
                [1.0, 0.0, -0.0, -0.0, -0.0, 1e-06, -1.0, 0.417755, -0.0, 1.0, 1e-06, -0.0, 0.0, 0.0, 0.0, 1.0],
                [1.0, 0.0, -0.0, 0.0, -0.0, 1e-06, -1.0, 0.444352, -0.0, 1.0, 1e-06, -0.0, 0.0, 0.0, 0.0, 1.0],
                [1.0, 0.0, -0.0, -0.0, -0.0, 1e-06, -1.0, 0.45381, -0.0, 1.0, 1e-06, -0.0, 0.0, 0.0, 0.0, 1.0],
                [1.0, 0.0, -0.0, -0.0, -0.0, 1e-06, -1.0, 0.415468, -0.0, 1.0, 1e-06, -0.0, 0.0, 0.0, 0.0, 1.0],
                [1.0, 0.0, -0.0, -0.0, -0.0, 1e-06, -1.0, 0.420893, -0.0, 1.0, 1e-06, -0.0, 0.0, 0.0, 0.0, 1.0],
                [1.0, 0.0, -0.0, 0.0, -0.0, 1e-06, -1.0, 0.42223, -0.0, 1.0, 1e-06, -0.0, 0.0, 0.0, 0.0, 1.0],
                [1.0, 0.0, -0.0, 0.0, -0.0, 1e-06, -1.0, 0.42223, -0.0, 1.0, 1e-06, -0.0, 0.0, 0.0, 0.0, 1.0],
                [1.0, 0.0, -0.0, -0.0, -0.0, 1e-06, -1.0, 0.47972, -0.0, 1.0, 1e-06, -0.0, 0.0, 0.0, 0.0, 1.0],
                [1.0, 0.0, -0.0, 0.0, -0.0, 1e-06, -1.0, 0.426088, -0.0, 1.0, 1e-06, -0.0, 0.0, 0.0, 0.0, 1.0],
                [1.0, 0.0, -0.0, 0.0, -0.0, 1e-06, -1.0, 0.422896, -0.0, 1.0, 1e-06, -0.0, 0.0, 0.0, 0.0, 1.0],
                [1.0, 0.0, -0.0, 0.0, -0.0, 1e-06, -1.0, 0.406514, -0.0, 1.0, 1e-06, -0.0, 0.0, 0.0, 0.0, 1.0]
            ]
        },
        {
            "name": "Thigh_L",
            "time": [0.0, 0.1333, 0.1833, 0.2333, 0.2833, 0.3333, 0.45, 0.75, 0.8833, 1.0, 1.1333, 1.25],
            "transform": [
                [0.640315, -0.708134, -0.297561, -0.143216, 0.002364, -0.385575, 0.922673, -0.002831, -0.768108, -0.591506, -0.245215, 0.011049, 0.0, 0.0, 0.0, 1.0],
                [0.853183, -0.475955, -0.213414, -0.143216, 0.036543, -0.353599, 0.934683, -0.002831, -0.52033, -0.805255, -0.284292, 0.011049, 0.0, 0.0, 0.0, 1.0],
                [0.776387, -0.429654, -0.461107, -0.143216, 0.199554, -0.526397, 0.826489, -0.002831, -0.597829, -0.733692, -0.322949, 0.011049, 0.0, 0.0, 0.0, 1.0],
                [0.719587, -0.38681, -0.576691, -0.143216, -0.106548, -0.882155, 0.458747, -0.002831, -0.686179, -0.268663, -0.676001, 0.011049, 0.0, 0.0, 0.0, 1.0],
                [0.678723, -0.437828, -0.589611, -0.143216, -0.496425, -0.865171, 0.070997, -0.002831, -0.541199, 0.244511, -0.80456, 0.011049, 0.0, 0.0, 0.0, 1.0],
                [0.687397, -0.4627, -0.559815, -0.143216, -0.40058, -0.884493, 0.23918, -0.002831, -0.605821, 0.05984, -0.793347, 0.011049, 0.0, 0.0, 0.0, 1.0],
                [0.70584, -0.486569, -0.51482, -0.143216, -0.32784, -0.868632, 0.371482, -0.002831, -0.62794, -0.093428, -0.772633, 0.011049, 0.0, 0.0, 0.0, 1.0],
                [0.70584, -0.486569, -0.51482, -0.143216, -0.32784, -0.868632, 0.371482, -0.002831, -0.62794, -0.093428, -0.772633, 0.011049, 0.0, 0.0, 0.0, 1.0],
                [0.653348, -0.444224, -0.613026, -0.143216, -0.198498, -0.881938, 0.427533, -0.002831, -0.73057, -0.157644, -0.66439, 0.011049, 0.0, 0.0, 0.0, 1.0],
                [0.5739, -0.348622, -0.741013, -0.143216, -0.101736, -0.928203, 0.357895, -0.002831, -0.812581, -0.130008, -0.568163, 0.011049, 0.0, 0.0, 0.0, 1.0],
                [0.506751, -0.731211, -0.456654, -0.143216, 0.10178, -0.475255, 0.873941, -0.002831, -0.856062, -0.489349, -0.166414, 0.011049, 0.0, 0.0, 0.0, 1.0],
                [0.50942, -0.769587, -0.385003, -0.143216, 0.019852, -0.436779, 0.899349, -0.002831, -0.860288, -0.46579, -0.207227, 0.011049, 0.0, 0.0, 0.0, 1.0]
            ]
        },
        {
            "name": "Leg_L",
            "time": [0.0, 0.1333, 0.1833, 0.2333, 0.2833, 0.3333, 0.45, 0.75, 0.8833, 1.0, 1.1333, 1.25],
            "transform": [
                [1.0, -1e-06, 1e-06, 0.0, 0.0, 0.455072, 0.890455, 0.37472, -1e-06, -0.890454, 0.455072, 0.0, 0.0, 0.0, 0.0, 1.0],
                [1.0, -1e-06, 0.0, -0.0, -0.0, 0.336997, 0.941506, 0.37472, -1e-06, -0.941505, 0.336997, -0.0, 0.0, 0.0, 0.0, 1.0],
                [1.0, -1e-06, 1e-06, 0.0, -0.0, 0.224668, 0.974436, 0.37472, -1e-06, -0.974435, 0.224669, -0.0, 0.0, 0.0, 0.0, 1.0],
                [1.0, -1e-06, 1e-06, -0.0, -1e-06, 0.308913, 0.951091, 0.37472, -1e-06, -0.95109, 0.308913, -0.0, 0.0, 0.0, 0.0, 1.0],
                [1.0, -0.0, 1e-06, -0.0, 0.0, 0.905855, 0.423588, 0.37472, -1e-06, -0.423587, 0.905855, 0.0, 0.0, 0.0, 0.0, 1.0],
                [1.0, -0.0, 1e-06, 0.0, 0.0, 0.912048, 0.410083, 0.37472, -1e-06, -0.410083, 0.912048, -0.0, 0.0, 0.0, 0.0, 1.0],
                [1.0, -0.0, 1e-06, -0.0, 0.0, 0.910536, 0.413429, 0.37472, -1e-06, -0.413429, 0.910537, -0.0, 0.0, 0.0, 0.0, 1.0],
                [1.0, -0.0, 1e-06, -0.0, 0.0, 0.910536, 0.413429, 0.37472, -1e-06, -0.413429, 0.910537, -0.0, 0.0, 0.0, 0.0, 1.0],
                [1.0, -1e-06, 1e-06, -0.0, -0.0, 0.665286, 0.746589, 0.37472, -1e-06, -0.746589, 0.665286, -0.0, 0.0, 0.0, 0.0, 1.0],
                [1.0, -1e-06, 1e-06, 0.0, -0.0, 0.563352, 0.826217, 0.37472, -1e-06, -0.826217, 0.563352, 0.0, 0.0, 0.0, 0.0, 1.0],
                [1.0, -1e-06, 0.0, 0.0, -1e-06, -0.158882, 0.987298, 0.37472, -1e-06, -0.987297, -0.158882, 0.0, 0.0, 0.0, 0.0, 1.0],
                [1.0, -1e-06, 1e-06, 0.0, 0.0, 0.477368, 0.878704, 0.37472, -1e-06, -0.878703, 0.477368, -0.0, 0.0, 0.0, 0.0, 1.0]
            ]
        },
        {
            "name": "Knee_L",
            "time": [0.0, 0.1333, 0.1833, 0.2333, 0.2833, 0.3333, 0.45, 0.75, 0.8833, 1.0, 1.1333, 1.25],
            "transform": [
                [1.0, 0.0, -0.0, 0.0, -0.0, 1e-06, -1.0, 0.437298, -0.0, 1.0, 1e-06, 0.0, 0.0, 0.0, 0.0, 1.0],
                [1.0, 0.0, -0.0, 0.0, -0.0, 1e-06, -1.0, 0.448856, -0.0, 1.0, 1e-06, -0.0, 0.0, 0.0, 0.0, 1.0],
                [1.0, 0.0, -0.0, 0.0, -0.0, 1e-06, -1.0, 0.459373, -0.0, 1.0, 1e-06, -0.0, 0.0, 0.0, 0.0, 1.0],
                [1.0, 0.0, -0.0, -0.0, -0.0, 1e-06, -1.0, 0.451521, -0.0, 1.0, 1e-06, 0.0, 0.0, 0.0, 0.0, 1.0],
                [1.0, 0.0, -0.0, -0.0, -0.0, 1e-06, -1.0, 0.37795, -0.0, 1.0, 1e-06, -0.0, 0.0, 0.0, 0.0, 1.0],
                [1.0, 0.0, -0.0, 0.0, -0.0, 1e-06, -1.0, 0.376617, -0.0, 1.0, 1e-06, -0.0, 0.0, 0.0, 0.0, 1.0],
                [1.0, 0.0, -0.0, 0.0, -0.0, 1e-06, -1.0, 0.376946, -0.0, 1.0, 1e-06, -0.0, 0.0, 0.0, 0.0, 1.0],
                [1.0, 0.0, -0.0, 0.0, -0.0, 1e-06, -1.0, 0.376946, -0.0, 1.0, 1e-06, -0.0, 0.0, 0.0, 0.0, 1.0],
                [1.0, 0.0, -0.0, -0.0, -0.0, 1e-06, -1.0, 0.414363, -0.0, 1.0, 1e-06, 0.0, 0.0, 0.0, 0.0, 1.0],
                [1.0, 0.0, -0.0, 0.0, -0.0, 1e-06, -1.0, 0.425985, -0.0, 1.0, 1e-06, -0.0, 0.0, 0.0, 0.0, 1.0],
                [1.0, 0.0, -0.0, 0.0, -0.0, 1e-06, -1.0, 0.47972, -0.0, 1.0, 1e-06, 0.0, 0.0, 0.0, 0.0, 1.0],
                [1.0, 0.0, -0.0, 0.0, -0.0, 1e-06, -1.0, 0.435035, -0.0, 1.0, 1e-06, 0.0, 0.0, 0.0, 0.0, 1.0]
            ]
        },
        {
            "name": "Torso",
            "time": [0.0, 0.75, 1.25],
            "transform": [
                [1.0, -0.0, 0.0, -0.0, 0.0, 1.0, 0.0, 0.05, 0.0, 0.0, 1.0, -0.0, 0.0, 0.0, 0.0, 1.0],
                [1.0, 0.0, -0.0, -0.0, 0.0, 1.0, -0.0, 0.05, -0.0, 0.0, 1.0, 0.0, 0.0, 0.0, 0.0, 1.0],
                [1.0, -0.0, -0.0, -0.0, -0.0, 1.0, 0.0, 0.05, -0.0, 0.0, 1.0, -0.0, 0.0, 0.0, 0.0, 1.0]
            ]
        },
        {
            "name": "Chest",
            "time": [0.0, 0.1333, 0.2833, 0.75, 1.25],
            "transform": [
                [0.997792, -0.066277, -0.004309, 0.0, 0.066393, 0.997064, 0.03814, 0.3, 0.001768, -0.038342, 0.999263, 0.0, 0.0, 0.0, 0.0, 1.0],
                [0.997792, -0.066277, -0.004309, -0.0, 0.066393, 0.997064, 0.03814, 0.3, 0.001768, -0.038342, 0.999263, -0.0, 0.0, 0.0, 0.0, 1.0],
                [1.0, -0.0, -0.0, 0.0, -0.0, 1.0, 0.0, 0.3, 0.0, -0.0, 1.0, -0.0, 0.0, 0.0, 0.0, 1.0],
                [1.0, -0.0, 0.0, 0.0, -0.0, 1.0, 0.0, 0.3, 0.0, 0.0, 1.0, -0.0, 0.0, 0.0, 0.0, 1.0],
                [0.997792, -0.066277, -0.004309, 0.0, 0.066393, 0.997064, 0.038141, 0.3, 0.001768, -0.038342, 0.999263, -0.0, 0.0, 0.0, 0.0, 1.0]
            ]
        },
        {
            "name": "Head",
            "time": [0.0, 0.1333, 0.2833, 0.3333, 0.45, 0.75, 1.0, 1.25],
            "transform": [
                [0.561199, 0.171191, 0.809784, -0.0, 0.023589, 0.974671, -0.222396, 0.4, -0.827345, 0.14391, 0.542946, -0.0, 0.0, 0.0, 0.0, 1.0],
                [0.808389, 0.102882, 0.579589, 0.0, -0.019612, 0.988769, -0.148162, 0.4, -0.588322, 0.108406, 0.801327, -0.0, 0.0, 0.0, 0.0, 1.0],
                [0.828404, 0.010424, -0.560034, 0.0, 0.009855, 0.999401, 0.033179, 0.4, 0.560044, -0.033005, 0.827805, -0.0, 0.0, 0.0, 0.0, 1.0],
                [0.650434, -0.04927, -0.757963, -0.0, 0.019385, 0.998646, -0.048279, 0.4, 0.759315, 0.016709, 0.650509, 0.0, 0.0, 0.0, 0.0, 1.0],
                [0.460044, -0.061856, -0.885739, -0.0, -0.013538, 0.996966, -0.076655, 0.4, 0.887793, 0.047255, 0.457811, 0.0, 0.0, 0.0, 0.0, 1.0],
                [0.460044, -0.061856, -0.885739, -0.0, -0.013538, 0.996966, -0.076655, 0.4, 0.887793, 0.047255, 0.457811, 0.0, 0.0, 0.0, 0.0, 1.0],
                [0.999483, 0.018152, -0.026527, 0.0, -0.020882, 0.994086, -0.10657, 0.4, 0.024435, 0.107069, 0.993951, 0.0, 0.0, 0.0, 0.0, 1.0],
                [0.497989, 0.193235, 0.84538, 0.0, 0.039621, 0.968769, -0.244779, 0.4, -0.866278, 0.155392, 0.47478, 0.0, 0.0, 0.0, 0.0, 1.0]
            ]
        },
        {
            "name": "Shoulder_R",
            "time": [0.0, 0.1333, 0.3333, 0.45, 0.75, 1.25],
            "transform": [
                [0.624408, 0.769655, 0.13321, -0.0, 0.146034, -0.282564, 0.948067, 0.4, 0.767325, -0.572528, -0.288831, -0.0, 0.0, 0.0, 0.0, 1.0],
                [0.952416, 0.26967, -0.142061, 0.0, 0.230539, -0.332453, 0.914509, 0.4, 0.199387, -0.903744, -0.378803, -0.0, 0.0, 0.0, 0.0, 1.0],
                [0.489749, 0.83191, 0.260905, -0.0, -0.268487, -0.140803, 0.952937, 0.4, 0.829494, -0.536749, 0.154399, 0.0, 0.0, 0.0, 0.0, 1.0],
                [0.459352, 0.791872, 0.402409, -0.0, -0.520625, -0.127036, 0.844281, 0.4, 0.719684, -0.597327, 0.353914, 0.0, 0.0, 0.0, 0.0, 1.0],
                [0.459352, 0.791872, 0.402409, -0.0, -0.520625, -0.127036, 0.844281, 0.4, 0.719684, -0.597327, 0.353914, 0.0, 0.0, 0.0, 0.0, 1.0],
                [0.265885, 0.930599, 0.251577, 0.0, 0.081861, -0.281823, 0.955968, 0.4, 0.960523, -0.233583, -0.151112, 0.0, 0.0, 0.0, 0.0, 1.0]
            ]
        },
        {
            "name": "Arm_R",
            "time": [0.0, 0.1333, 0.3333, 0.75, 1.25],
            "transform": [
                [0.342443, -0.684524, -0.643552, 0.021167, -0.134807, 0.64208, -0.754692, 0.278425, 0.929817, 0.345195, 0.127598, 0.037688, 0.0, 0.0, 0.0, 1.0],
                [0.412138, -0.787602, -0.458066, 0.018874, 0.895865, 0.441919, 0.046203, 0.221428, 0.166038, -0.429407, 0.887717, 0.025004, 0.0, 0.0, 0.0, 1.0],
                [-0.326228, -0.936544, 0.128298, -0.071058, 0.908041, -0.348198, -0.232849, 0.362862, 0.262747, 0.040538, 0.964013, -0.019184, 0.0, 0.0, 0.0, 1.0],
                [-0.326228, -0.936544, 0.128298, -0.071057, 0.908042, -0.348198, -0.232849, 0.362862, 0.262747, 0.040538, 0.964013, -0.019184, 0.0, 0.0, 0.0, 1.0],
                [0.253933, -0.754405, -0.605303, 0.021353, -0.736483, 0.254864, -0.626608, 0.313961, 0.626986, 0.604911, -0.490888, 0.045596, 0.0, 0.0, 0.0, 1.0]
            ]
        },
        {
            "name": "Hand_R",
            "time": [0.0, 0.1333, 0.3333, 0.75, 1.25],
            "transform": [
                [1.0, 0.0, -0.0, 0.0, -0.0, 0.337969, -0.941157, 0.3, -0.0, 0.941157, 0.337969, 0.0, 0.0, 0.0, 0.0, 1.0],
                [1.0, 0.0, 0.0, -0.0, -0.0, 0.337969, -0.941157, 0.3, -0.0, 0.941157, 0.337969, -0.0, 0.0, 0.0, 0.0, 1.0],
                [1.0, 0.0, 0.0, 0.0, -0.0, 0.90741, -0.420248, 0.3, -0.0, 0.420248, 0.907409, -0.0, 0.0, 0.0, 0.0, 1.0],
                [1.0, 0.0, 0.0, -0.0, -0.0, 0.907409, -0.420248, 0.3, -0.0, 0.420247, 0.907409, -0.0, 0.0, 0.0, 0.0, 1.0],
                [1.0, 0.0, 0.0, 0.0, -0.0, 0.337969, -0.941157, 0.3, -0.0, 0.941157, 0.337969, 0.0, 0.0, 0.0, 0.0, 1.0]
            ]
        },
        {
            "name": "Tool_R",
            "time": [0.0, 0.1333, 0.2167, 0.3333, 0.45, 0.75, 1.25],
            "transform": [
                [-0.211146, 0.124098, -0.969545, -0.0, 0.159624, 0.98297, 0.091054, 0.272858, 0.963764, -0.135446, -0.227223, 0.0, 0.0, 0.0, 0.0, 1.0],
                [-0.265755, -0.504407, -0.821553, 0.0, 0.165124, -0.86342, 0.476698, 0.272858, -0.94923, -0.008977, 0.312568, -0.0, 0.0, 0.0, 0.0, 1.0],
                [0.011056, 0.739271, -0.673317, 0.0, 0.1696, -0.664989, -0.727342, 0.272858, -0.984866, -0.106098, -0.132661, -0.0, 0.0, 0.0, 0.0, 1.0],
                [0.011008, 0.352802, -0.935634, 0.0, 0.169603, -0.922792, -0.345964, 0.272858, -0.984866, -0.154796, -0.069957, -0.0, 0.0, 0.0, 0.0, 1.0],
                [0.010991, 0.182585, -0.983129, 0.0, 0.169605, -0.969283, -0.178118, 0.272858, -0.984866, -0.164698, -0.041598, 0.0, 0.0, 0.0, 0.0, 1.0],
                [0.010991, 0.182585, -0.983129, 0.0, 0.169605, -0.969283, -0.178118, 0.272858, -0.984866, -0.164698, -0.041598, 0.0, 0.0, 0.0, 0.0, 1.0],
                [0.297632, -0.877082, -0.37702, 0.0, -0.307089, 0.285972, -0.907699, 0.272858, 0.903404, 0.385713, -0.184128, -0.0, 0.0, 0.0, 0.0, 1.0]
            ]
        },
        {
            "name": "Elbow_R",
            "time": [0.0, 0.1333, 0.3333, 0.75, 1.25],
            "transform": [
                [-1.0, 0.0, -0.0, 0.0, 0.0, 0.0, -1.0, 0.425217, -0.0, -1.0, 0.0, -0.0, 0.0, 0.0, 0.0, 1.0],
                [-1.0, 0.0, -0.0, -0.0, 0.0, 0.0, -1.0, 0.425217, -0.0, -1.0, 0.0, -0.0, 0.0, 0.0, 0.0, 1.0],
                [-1.0, 0.0, -0.0, 0.0, 0.0, -0.0, -1.0, 0.350968, -0.0, -1.0, 0.0, 0.0, 0.0, 0.0, 0.0, 1.0],
                [-1.0, 0.0, 0.0, -0.0, 0.0, -0.0, -1.0, 0.350968, -0.0, -1.0, 0.0, -0.0, 0.0, 0.0, 0.0, 1.0],
                [-1.0, 0.0, -0.0, 0.0, 0.0, -0.0, -1.0, 0.425217, -0.0, -1.0, 0.0, -0.0, 0.0, 0.0, 0.0, 1.0]
            ]
        },
        {
            "name": "Shoulder_L",
            "time": [0.0, 0.1333, 0.3333, 0.45, 0.75, 1.25],
            "transform": [
                [0.360716, -0.914754, -0.181959, -0.0, 0.072655, -0.166941, 0.983286, 0.4, -0.929841, -0.367907, 0.006243, -0.0, 0.0, 0.0, 0.0, 1.0],
                [-0.272285, -0.868251, -0.41473, 0.0, -0.152205, -0.386724, 0.909548, 0.4, -0.950102, 0.310781, -0.026853, -0.0, 0.0, 0.0, 0.0, 1.0],
                [0.173727, -0.984203, -0.034121, -0.0, 0.309018, 0.021583, 0.950811, 0.4, -0.935054, -0.175725, 0.307886, 0.0, 0.0, 0.0, 0.0, 1.0],
                [0.036485, -0.959864, 0.278081, -0.0, 0.487945, 0.259952, 0.833267, 0.4, -0.872111, 0.105287, 0.477846, 0.0, 0.0, 0.0, 0.0, 1.0],
                [0.036485, -0.959864, 0.278081, -0.0, 0.487945, 0.259952, 0.833267, 0.4, -0.872111, 0.105287, 0.477846, 0.0, 0.0, 0.0, 0.0, 1.0],
                [0.400377, -0.878465, -0.260762, 0.0, 0.004374, -0.282731, 0.959189, 0.4, -0.91634, -0.385178, -0.109356, 0.0, 0.0, 0.0, 0.0, 1.0]
            ]
        },
        {
            "name": "Arm_L",
            "time": [0.0, 0.1333, 0.3333, 0.75, 1.25],
            "transform": [
                [-0.358877, 0.932798, 0.033081, 0.091257, -0.393948, -0.119243, -0.911365, 0.375862, -0.846175, -0.3401, 0.410267, 0.06483, 0.0, 0.0, 0.0, 1.0],
                [0.206992, 0.975154, -0.07893, 0.046511, 0.495709, -0.174091, -0.850861, 0.416652, -0.843461, 0.136995, -0.519428, 0.079975, 0.0, 0.0, 0.0, 1.0],
                [0.016794, 0.946434, 0.322459, 0.0, -0.133935, 0.321727, -0.937312, 0.39386, -0.990848, -0.027447, 0.132164, 0.0, 0.0, 0.0, 0.0, 1.0],
                [0.016794, 0.946434, 0.322459, -0.0, -0.133935, 0.321727, -0.937311, 0.39386, -0.990848, -0.027447, 0.132164, -0.0, 0.0, 0.0, 0.0, 1.0],
                [-0.523832, 0.788124, 0.323205, 0.109776, -0.780728, -0.29246, -0.552205, 0.35043, -0.340681, -0.541598, 0.768511, 0.055387, 0.0, 0.0, 0.0, 1.0]
            ]
        },
        {
            "name": "Hand_L",
            "time": [0.0, 0.1333, 0.3333, 0.75, 1.25],
            "transform": [
                [1.0, 0.0, 0.0, 0.0, -0.0, 0.9583, -0.285766, 0.3, -0.0, 0.285766, 0.9583, 0.0, 0.0, 0.0, 0.0, 1.0],
                [1.0, 0.0, 0.0, -0.0, -0.0, 0.969384, -0.245549, 0.3, -0.0, 0.245549, 0.969384, 0.0, 0.0, 0.0, 0.0, 1.0],
                [1.0, 0.0, -0.0, -0.0, -0.0, 0.27203, -0.962289, 0.3, -0.0, 0.962289, 0.27203, 0.0, 0.0, 0.0, 0.0, 1.0],
                [1.0, 0.0, 0.0, -0.0, -0.0, 0.27203, -0.962289, 0.3, -0.0, 0.962289, 0.27203, -0.0, 0.0, 0.0, 0.0, 1.0],
                [1.0, 0.0, 0.0, 0.0, -0.0, 0.504285, -0.863538, 0.3, -0.0, 0.863537, 0.504285, 0.0, 0.0, 0.0, 0.0, 1.0]
            ]
        },
        {
            "name": "Tool_L",
            "time": [0.0, 1.25],
            "transform": [
                [1.0, 0.0, 0.0, 0.0, 0.0, -0.999835, 0.018122, 0.272858, 0.0, -0.018122, -0.999247, -0.0, 0.0, 0.0, 0.0, 1.0],
                [1.0, 0.0, 0.0, -0.0, 0.0, -0.999836, 0.018122, 0.272858, 0.0, -0.018122, -0.999247, 0.0, 0.0, 0.0, 0.0, 1.0]
            ]
        },
        {
            "name": "Elbow_L",
            "time": [0.0, 0.1333, 0.3333, 0.75, 1.25],
            "transform": [
                [-1.0, 0.0, -0.0, -0.0, 0.0, -0.0, -1.0, 0.337482, -0.0, -1.0, -0.0, 0.0, 0.0, 0.0, 0.0, 1.0],
                [-1.0, 0.0, -0.0, 0.0, 0.0, -0.0, -1.0, 0.333573, -0.0, -1.0, -0.0, 0.0, 0.0, 0.0, 0.0, 1.0],
                [-1.0, 0.0, 0.0, -0.0, 0.0, -0.0, -1.0, 0.431707, -0.0, -1.0, 0.0, 0.0, 0.0, 0.0, 0.0, 1.0],
                [-1.0, 0.0, -0.0, -0.0, 0.0, -0.0, -1.0, 0.431707, -0.0, -1.0, -0.0, -0.0, 0.0, 0.0, 0.0, 1.0],
                [-1.0, 0.0, -0.0, 0.0, 0.0, -0.0, -1.0, 0.407993, -0.0, -1.0, -0.0, -0.0, 0.0, 0.0, 0.0, 1.0]
            ]
        }
    ]
}