{
    "animation": [
        {
            "name": "Coord",
            "time": [0.0, 0.0333, 0.0833, 0.1333, 0.3333, 0.7, 1.0833],
            "transform": [
                [1.0, 0.0, 0.0, 0.0, 0.0, 0.0, -1.0, 0.0, 0.0, 1.0, 0.0, 0.0, 0.0, 0.0, 0.0, 1.0],
                [1.0, 0.0, 0.0, 0.0, 0.0, 0.0, -1.0, 0.000805, 0.0, 1.0, 0.0, 0.0, 0.0, 0.0, 0.0, 1.0],
                [1.0, 0.0, 0.0, 0.0, 0.0, 0.0, -1.0, 0.000805, 0.0, 1.0, 0.0, 0.0, 0.0, 0.0, 0.0, 1.0],
                [1.0, 0.0, 0.0, 0.0, 0.0, 0.0, -1.0, 1.003577, 0.0, 1.0, 0.0, 0.0, 0.0, 0.0, 0.0, 1.0],
                [1.0, 0.0, 0.0, 0.0, 0.0, 0.0, -1.0, 1.003577, 0.0, 1.0, 0.0, 0.0, 0.0, 0.0, 0.0, 1.0],
                [1.0, 0.0, 0.0, 0.0, 0.0, 0.0, -1.0, 1.003577, 0.0, 1.0, 0.0, 0.0, 0.0, 0.0, 0.0, 1.0],
                [1.0, 0.0, 0.0, 0.0, 0.0, 0.0, -1.0, 1.001243, 0.0, 1.0, 0.0, 0.0, 0.0, 0.0, 0.0, 1.0]
            ]
        },
        {
            "name": "Root",
            "time": [0.0, 0.0333, 0.1333, 0.1667, 0.3333, 0.7, 1.0833],
            "transform": [
                [0.921131, 0.005123, -0.38922, -5e-06, 0.045044, 0.991793, 0.119656, 0.664236, 0.386639, -0.127751, 0.91334, -0.059766, 0.0, 0.0, 0.0, 1.0],
                [0.921285, 0.00512, -0.388854, -5e-06, -0.148107, 0.929176, -0.338667, 0.594386, 0.35958, 0.369601, 0.856795, -0.00893, 0.0, 0.0, 0.0, 1.0],
                [0.9884, -0.0, -0.151873, -5e-06, 0.073619, 0.874656, 0.479121, 0.481432, 0.132836, -0.484744, 0.86451, -0.218826, 0.0, 0.0, 0.0, 1.0],
                [0.999281, 0.0, -0.037905, -5e-06, 0.018374, 0.874656, 0.484396, 0.422072, 0.033154, -0.484744, 0.874027, -0.264995, 0.0, 0.0, 0.0, 1.0],
                [0.968845, 0.0, -0.247668, -5e-06, 0.111507, 0.892914, 0.436201, 0.545739, 0.221146, -0.450228, 0.865095, -0.152321, 0.0, 0.0, 0.0, 1.0],
                [0.968845, 0.0, -0.247668, -5e-06, 0.111507, 0.892914, 0.436201, 0.545739, 0.221146, -0.450228, 0.865095, -0.152321, 0.0, 0.0, 0.0, 1.0],
                [0.499047, 0.039654, -0.865667, -5e-06, 0.128515, 0.984519, 0.119186, 0.623479, 0.856993, -0.170731, 0.486225, -0.019535, 0.0, 0.0, 0.0, 1.0]
            ]
        },
        {
            "name": "Thigh_R",
            "time": [0.0, 0.0333, 0.0833, 0.1333, 0.1667, 0.3333, 0.7, 0.9, 1.0, 1.0833],
            "transform": [
                [0.985385, 0.13712, -0.101066, 0.124994, 0.139303, -0.990136, 0.014832, -0.002831, -0.098035, -0.028693, -0.99477, -1.2e-05, 0.0, 0.0, 0.0, 1.0],
                [0.944023, 0.266146, -0.194898, 0.124994, 0.235267, -0.957341, -0.167763, -0.002831, -0.231234, 0.11252, -0.96637, -1.2e-05, 0.0, 0.0, 0.0, 1.0],
                [0.971655, 0.128811, -0.198226, 0.124994, 0.148724, -0.984861, 0.089023, -0.002831, -0.183758, -0.11598, -0.976106, -1.2e-05, 0.0, 0.0, 0.0, 1.0],
                [0.989243, 0.051521, -0.136907, 0.124994, 0.011238, -0.95992, -0.28004, -0.002831, -0.145848, 0.275489, -0.950176, -1.2e-05, 0.0, 0.0, 0.0, 1.0],
                [0.991966, 0.024053, -0.124195, 0.124994, -0.03808, -0.879437, -0.474486, -0.002831, -0.120634, 0.475403, -0.871458, -1.2e-05, 0.0, 0.0, 0.0, 1.0],
                [0.986654, 0.052351, -0.154185, 0.124994, 0.038286, -0.994944, -0.092826, -0.002831, -0.158265, 0.085685, -0.983672, -1.2e-05, 0.0, 0.0, 0.0, 1.0],
                [0.986654, 0.052351, -0.154185, 0.124994, 0.038286, -0.994944, -0.092826, -0.002831, -0.158265, 0.085685, -0.983672, -1.2e-05, 0.0, 0.0, 0.0, 1.0],
                [0.940613, 0.339441, 0.005068, 0.124994, 0.307914, -0.859342, 0.408311, -0.002831, 0.142953, -0.382501, -0.912829, -1.2e-05, 0.0, 0.0, 0.0, 1.0],
                [0.903346, 0.409887, 0.126322, 0.124994, 0.241507, -0.729477, 0.639949, -0.002831, 0.354456, -0.547587, -0.757963, -1.2e-05, 0.0, 0.0, 0.0, 1.0],
                [0.88862, 0.413903, 0.197577, 0.124994, 0.179522, -0.710308, 0.680612, -0.002831, 0.422049, -0.569335, -0.705501, -1.2e-05, 0.0, 0.0, 0.0, 1.0]
            ]
        },
        {
            "name": "Leg_R",
            "time": [0.0, 0.0333, 0.0833, 0.1333, 0.1667, 0.3333, 0.7, 0.9, 1.0, 1.0833],
            "transform": [
                [1.0, -1e-06, 1e-06, 0.0, -0.0, 0.832262, 0.554384, 0.37472, -1e-06, -0.554385, 0.83226, -0.0, 0.0, 0.0, 0.0, 1.0],
                [1.0, -1e-06, 1e-06, 0.0, -0.0, 0.339497, 0.940606, 0.37472, -1e-06, -0.940608, 0.339496, 0.0, 0.0, 0.0, 0.0, 1.0],
                [1.0, -1e-06, 1e-06, -0.0, -1e-06, 0.360767, 0.932655, 0.37472, -1e-06, -0.932657, 0.360767, -0.0, 0.0, 0.0, 0.0, 1.0],
                [1.0, -0.0, 1e-06, -0.0, 0.0, 0.981068, 0.193667, 0.37472, -1e-06, -0.193668, 0.981066, -0.0, 0.0, 0.0, 0.0, 1.0],
                [1.0, -0.0, 1e-06, 0.0, 0.0, 0.999987, 0.005327, 0.37472, -1e-06, -0.005327, 0.999985, 0.0, 0.0, 0.0, 0.0, 1.0],
                [1.0, -0.0, 1e-06, 0.0, 0.0, 0.931829, 0.3629, 0.37472, -1e-06, -0.3629, 0.931827, 0.0, 0.0, 0.0, 0.0, 1.0],
                [1.0, -0.0, 1e-06, 0.0, 0.0, 0.931829, 0.3629, 0.37472, -1e-06, -0.3629, 0.931827, 0.0, 0.0, 0.0, 0.0, 1.0],
                [1.0, -1e-06, 1e-06, 0.0, 0.0, 0.685389, 0.728177, 0.37472, -1e-06, -0.728178, 0.685388, -0.0, 0.0, 0.0, 0.0, 1.0],
                [1.0, -0.0, 1e-06, -0.0, -0.0, 0.69751, 0.716575, 0.37472, -1e-06, -0.716576, 0.697509, -0.0, 0.0, 0.0, 0.0, 1.0],
                [1.0, -0.0, 1e-06, -0.0, -0.0, 0.727924, 0.685658, 0.37472, -1e-06, -0.685659, 0.727922, -0.0, 0.0, 0.0, 0.0, 1.0]
            ]
        },
        {
            "name": "Knee_R",
            "time": [0.0, 0.0333, 0.0833, 0.1333, 0.1667, 0.3333, 0.7, 0.9, 1.0, 1.0833],
            "transform": [
                [1.0, 0.0, -0.0, 0.0, -0.0, 1e-06, -1.0, 0.391439, -0.0, 1.0, 1e-06, -0.0, 0.0, 0.0, 0.0, 1.0],
                [1.0, 0.0, -0.0, 0.0, -0.0, 1e-06, -1.0, 0.448618, -0.0, 1.0, 1e-06, -0.0, 0.0, 0.0, 0.0, 1.0],
                [1.0, 0.0, -0.0, -0.0, -0.0, 1e-06, -1.0, 0.446579, -0.0, 1.0, 1e-06, -0.0, 0.0, 0.0, 0.0, 1.0],
                [1.0, 0.0, -0.0, -0.0, -0.0, 1e-06, -1.0, 0.37472, -0.0, 1.0, 1e-06, -0.0, 0.0, 0.0, 0.0, 1.0],
                [1.0, 0.0, -0.0, 0.0, -0.0, 1e-06, -1.0, 0.37472, -0.0, 1.0, 1e-06, 0.0, 0.0, 0.0, 0.0, 1.0],
                [1.0, 0.0, -0.0, 0.0, -0.0, 1e-06, -1.0, 0.37472, -0.0, 1.0, 1e-06, 0.0, 0.0, 0.0, 0.0, 1.0],
                [1.0, 0.0, -0.0, 0.0, -0.0, 1e-06, -1.0, 0.37472, -0.0, 1.0, 1e-06, 0.0, 0.0, 0.0, 0.0, 1.0],
                [1.0, 0.0, -0.0, 0.0, -0.0, 1e-06, -1.0, 0.411915, -0.0, 1.0, 1e-06, 0.0, 0.0, 0.0, 0.0, 1.0],
                [1.0, 0.0, -0.0, -0.0, -0.0, 1e-06, -1.0, 0.410408, -0.0, 1.0, 1e-06, -0.0, 0.0, 0.0, 0.0, 1.0],
                [1.0, 0.0, -0.0, 0.0, -0.0, 1e-06, -1.0, 0.406514, -0.0, 1.0, 1e-06, -0.0, 0.0, 0.0, 0.0, 1.0]
            ]
        },
        {
            "name": "Thigh_L",
            "time": [0.0, 0.0333, 0.0833, 0.1333, 0.1667, 0.3333, 0.7, 0.9, 1.0, 1.0833],
            "transform": [
                [0.935123, -0.288094, -0.206266, -0.143216, -0.020561, -0.625284, 0.780126, -0.002831, -0.353724, -0.725273, -0.590642, 0.011048, 0.0, 0.0, 0.0, 1.0],
                [0.946392, -0.176054, -0.270826, -0.142317, -0.008233, -0.851294, 0.524624, -0.002831, -0.322915, -0.49427, -0.807108, 0.01091, 0.0, 0.0, 0.0, 1.0],
                [0.967064, -0.239276, -0.086794, -0.139555, -0.003302, -0.352763, 0.935706, -0.002831, -0.25451, -0.904602, -0.341935, 0.010486, 0.0, 0.0, 0.0, 1.0],
                [0.988715, -0.143859, 0.041788, -0.137976, -0.002946, 0.260221, 0.965544, -0.002831, -0.149776, -0.954772, 0.25686, 0.010243, 0.0, 0.0, 0.0, 1.0],
                [0.993915, -0.100603, -0.044847, -0.137976, 0.079162, 0.36933, 0.92592, -0.002831, -0.076587, -0.923837, 0.375046, 0.010243, 0.0, 0.0, 0.0, 1.0],
                [0.975113, -0.199852, 0.095983, -0.137976, -0.084051, 0.067376, 0.99418, -0.002831, -0.205156, -0.977507, 0.048901, 0.010243, 0.0, 0.0, 0.0, 1.0],
                [0.975113, -0.199852, 0.095983, -0.137976, -0.084051, 0.067376, 0.99418, -0.002831, -0.205156, -0.977507, 0.048901, 0.010243, 0.0, 0.0, 0.0, 1.0],
                [0.793369, -0.601217, -0.095407, -0.140955, -0.029185, -0.194116, 0.980544, -0.002831, -0.608039, -0.77515, -0.171553, 0.010702, 0.0, 0.0, 0.0, 1.0],
                [0.576463, -0.802666, -0.153029, -0.142666, -0.004245, -0.190218, 0.981732, -0.002831, -0.817111, -0.565283, -0.113062, 0.010964, 0.0, 0.0, 0.0, 1.0],
                [0.509421, -0.769587, -0.385002, -0.143216, 0.019851, -0.436779, 0.899349, -0.002831, -0.860288, -0.465791, -0.207228, 0.011049, 0.0, 0.0, 0.0, 1.0]
            ]
        },
        {
            "name": "Leg_L",
            "time": [0.0, 0.0333, 0.0833, 0.1333, 0.1667, 0.3333, 0.7, 0.9, 1.0, 1.0833],
            "transform": [
                [1.0, -1e-06, 1e-06, 0.0, 0.0, 0.770257, 0.637733, 0.37472, -1e-06, -0.637733, 0.770258, 0.0, 0.0, 0.0, 0.0, 1.0],
                [1.0, -1e-06, 1e-06, 0.0, 0.0, 0.680699, 0.732563, 0.37472, -1e-06, -0.732563, 0.680699, -0.0, 0.0, 0.0, 0.0, 1.0],
                [1.0, -1e-06, 0.0, -0.0, -0.0, 0.234631, 0.972085, 0.37472, -1e-06, -0.972084, 0.234632, 0.0, 0.0, 0.0, 0.0, 1.0],
                [1.0, -1e-06, 0.0, 0.0, -0.0, 0.095523, 0.995428, 0.37472, -1e-06, -0.995427, 0.095523, 0.0, 0.0, 0.0, 0.0, 1.0],
                [1.0, -1e-06, 0.0, -0.0, -0.0, -0.131834, 0.991272, 0.37472, -1e-06, -0.991272, -0.131834, -0.0, 0.0, 0.0, 0.0, 1.0],
                [1.0, -1e-06, 0.0, 0.0, 0.0, 0.429582, 0.903028, 0.37472, -1e-06, -0.903028, 0.429582, -0.0, 0.0, 0.0, 0.0, 1.0],
                [1.0, -1e-06, 0.0, 0.0, 0.0, 0.429582, 0.903028, 0.37472, -1e-06, -0.903028, 0.429582, -0.0, 0.0, 0.0, 0.0, 1.0],
                [1.0, -1e-06, 0.0, -0.0, 0.0, 0.600633, 0.799525, 0.37472, -1e-06, -0.799524, 0.600634, 0.0, 0.0, 0.0, 0.0, 1.0],
                [1.0, -1e-06, 1e-06, 0.0, -0.0, 0.298088, 0.954539, 0.37472, -1e-06, -0.954538, 0.298089, -0.0, 0.0, 0.0, 0.0, 1.0],
                [1.0, -1e-06, 0.0, -0.0, 0.0, 0.477368, 0.878704, 0.37472, -1e-06, -0.878703, 0.477368, 0.0, 0.0, 0.0, 0.0, 1.0]
            ]
        },
        {
            "name": "Knee_L",
            "time": [0.0, 0.0333, 0.0833, 0.1333, 0.1667, 0.3333, 0.7, 0.9, 1.0, 1.0833],
            "transform": [
                [1.0, 0.0, -0.0, 0.0, -0.0, 1e-06, -1.0, 0.400771, -0.0, 1.0, 0.0, 0.0, 0.0, 0.0, 0.0, 1.0],
                [1.0, 0.0, -0.0, 0.0, -0.0, 1e-06, -1.0, 0.412491, -0.0, 1.0, 1e-06, -0.0, 0.0, 0.0, 0.0, 1.0],
                [1.0, 0.0, -0.0, -0.0, -0.0, 1e-06, -1.0, 0.458454, -0.0, 1.0, 1e-06, 0.0, 0.0, 0.0, 0.0, 1.0],
                [1.0, 0.0, -0.0, 0.0, -0.0, 1e-06, -1.0, 0.47113, -0.0, 1.0, 1e-06, 0.0, 0.0, 0.0, 0.0, 1.0],
                [1.0, 0.0, -0.0, 0.0, -0.0, 1e-06, -1.0, 0.47972, -0.0, 1.0, 1e-06, -0.0, 0.0, 0.0, 0.0, 1.0],
                [1.0, 0.0, -0.0, 0.0, -0.0, 1e-06, -1.0, 0.43985, -0.0, 1.0, 1e-06, -0.0, 0.0, 0.0, 0.0, 1.0],
                [1.0, 0.0, -0.0, 0.0, -0.0, 1e-06, -1.0, 0.43985, -0.0, 1.0, 1e-06, -0.0, 0.0, 0.0, 0.0, 1.0],
                [1.0, 0.0, -0.0, -0.0, -0.0, 1e-06, -1.0, 0.421868, -0.0, 1.0, 1e-06, 0.0, 0.0, 0.0, 0.0, 1.0],
                [1.0, 0.0, -0.0, 0.0, -0.0, 1e-06, -1.0, 0.452541, -0.0, 1.0, 1e-06, -0.0, 0.0, 0.0, 0.0, 1.0],
                [1.0, 0.0, -0.0, 0.0, -0.0, 1e-06, -1.0, 0.435035, -0.0, 1.0, 1e-06, 0.0, 0.0, 0.0, 0.0, 1.0]
            ]
        },
        {
            "name": "Torso",
            "time": [0.0, 1.0833],
            "transform": [
                [1.0, -0.0, 0.0, 0.0, -0.0, 1.0, -0.0, 0.05, 0.0, -0.0, 1.0, 0.0, 0.0, 0.0, 0.0, 1.0],
                [1.0, -0.0, -0.0, -0.0, -0.0, 1.0, 0.0, 0.05, -0.0, 0.0, 1.0, -0.0, 0.0, 0.0, 0.0, 1.0]
            ]
        },
        {
            "name": "Chest",
            "time": [0.0, 0.0333, 0.1333, 0.3333, 0.7, 1.0833],
            "transform": [
                [0.921294, -0.092917, 0.377603, 0.0, 0.007701, 0.975203, 0.221178, 0.3, -0.388791, -0.200862, 0.899164, -0.0, 0.0, 0.0, 0.0, 1.0],
                [0.939936, -0.294285, 0.172965, -0.0, 0.062202, 0.645885, 0.760896, 0.3, -0.335636, -0.704435, 0.625396, -0.0, 0.0, 0.0, 0.0, 1.0],
                [1.0, 0.0, 0.0, -0.0, -0.0, 1.0, -0.0, 0.3, -0.0, 0.0, 1.0, -0.0, 0.0, 0.0, 0.0, 1.0],
                [0.999202, -0.039819, -0.003122, 0.0, 0.039819, 0.986991, 0.155768, 0.3, -0.003122, -0.155768, 0.987789, -0.0, 0.0, 0.0, 0.0, 1.0],
                [0.999202, -0.039819, -0.003122, 0.0, 0.039819, 0.986991, 0.155768, 0.3, -0.003122, -0.155768, 0.987789, -0.0, 0.0, 0.0, 0.0, 1.0],
                [0.997792, -0.066277, -0.004309, 0.0, 0.066393, 0.997064, 0.038141, 0.3, 0.001768, -0.038342, 0.999263, -0.0, 0.0, 0.0, 0.0, 1.0]
            ]
        },
        {
            "name": "Head",
            "time": [0.0, 0.0333, 0.0833, 0.1333, 0.1667, 0.3333, 0.7, 1.0833],
            "transform": [
                [0.999999, 0.001122, -0.000394, 0.0, -0.001189, 0.948495, -0.31679, 0.4, 1.8e-05, 0.31679, 0.948496, 0.0, 0.0, 0.0, 0.0, 1.0],
                [0.996778, 0.030465, 0.074204, -0.0, 0.007111, 0.887872, -0.460036, 0.4, -0.079899, 0.459081, 0.884794, 0.0, 0.0, 0.0, 0.0, 1.0],
                [0.982144, 0.059374, 0.178515, 0.0, 0.028821, 0.890206, -0.454647, 0.4, -0.185909, 0.451673, 0.872599, 0.0, 0.0, 0.0, 0.0, 1.0],
                [0.988514, 0.070635, 0.133605, 0.0, -0.002897, 0.892749, -0.450546, 0.4, -0.1511, 0.444984, 0.882699, -0.0, 0.0, 0.0, 0.0, 1.0],
                [0.999327, 0.017477, 0.032236, -0.0, -0.001288, 0.895287, -0.445487, 0.4, -0.036646, 0.445146, 0.894708, 0.0, 0.0, 0.0, 0.0, 1.0],
                [0.969021, 0.141973, 0.202093, 0.0, -0.002547, 0.823964, -0.566637, 0.4, -0.246965, 0.548568, 0.7988, 0.0, 0.0, 0.0, 0.0, 1.0],
                [0.969021, 0.141973, 0.202093, 0.0, -0.002547, 0.823964, -0.566637, 0.4, -0.246965, 0.548568, 0.7988, 0.0, 0.0, 0.0, 0.0, 1.0],
                [0.497989, 0.193235, 0.84538, 0.0, 0.039621, 0.968769, -0.244779, 0.4, -0.866278, 0.155392, 0.47478, 0.0, 0.0, 0.0, 0.0, 1.0]
            ]
        },
        {
            "name": "Shoulder_R",
            "time": [0.0, 0.0333, 0.0833, 0.1333, 0.1667, 0.3333, 0.7, 0.9, 1.0833],
            "transform": [
                [0.662109, 0.732165, 0.159829, 0.0, 0.457139, -0.563593, 0.688031, 0.4, 0.593831, -0.382488, -0.707862, 0.0, 0.0, 0.0, 0.0, 1.0],
                [0.671111, 0.74124, -0.013116, -0.0, 0.740757, -0.669751, 0.05208, 0.4, 0.02982, -0.044667, -0.998557, 0.0, 0.0, 0.0, 0.0, 1.0],
                [0.644869, 0.750227, -0.145953, 0.0, 0.76406, -0.637518, 0.098909, 0.4, -0.018844, -0.175301, -0.984334, 0.0, 0.0, 0.0, 0.0, 1.0],
                [0.741103, 0.643333, -0.192066, 0.0, 0.506472, -0.347901, 0.788956, 0.4, 0.440742, -0.681973, -0.58366, -0.0, 0.0, 0.0, 0.0, 1.0],
                [0.724416, 0.68116, -0.106033, -0.0, 0.473374, -0.379709, 0.794819, 0.4, 0.501137, -0.625973, -0.597511, 0.0, 0.0, 0.0, 0.0, 1.0],
                [0.704068, 0.708883, -0.042101, 0.0, 0.443735, -0.392884, 0.805445, 0.4, 0.554425, -0.58577, -0.591173, 0.0, 0.0, 0.0, 0.0, 1.0],
                [0.704068, 0.708883, -0.042101, 0.0, 0.443735, -0.392884, 0.805445, 0.4, 0.554425, -0.58577, -0.591173, 0.0, 0.0, 0.0, 0.0, 1.0],
                [0.435071, 0.900014, 0.026237, 0.0, 0.479188, -0.256114, 0.839514, 0.4, 0.762294, -0.352676, -0.542704, -0.0, 0.0, 0.0, 0.0, 1.0],
                [0.265885, 0.930599, 0.251577, 0.0, 0.081861, -0.281823, 0.955968, 0.4, 0.960523, -0.233583, -0.151112, 0.0, 0.0, 0.0, 0.0, 1.0]
            ]
        },
        {
            "name": "Arm_R",
            "time": [0.0, 0.1333, 0.1667, 0.3333, 0.7, 0.9, 1.0833],
            "transform": [
                [0.281056, -0.936065, -0.211638, 0.060179, 0.613306, 0.34481, -0.710606, 0.321679, 0.738148, 0.069921, 0.671005, 0.083345, 0.0, 0.0, 0.0, 1.0],
                [0.81104, -0.580528, 0.072123, 0.060179, 0.142368, 0.076293, -0.986869, 0.321679, 0.567403, 0.810658, 0.144525, 0.083345, 0.0, 0.0, 0.0, 1.0],
                [0.81104, -0.580528, 0.072123, 0.045297, 0.142368, 0.076293, -0.986869, 0.337075, 0.567403, 0.810658, 0.144525, 0.097962, 0.0, 0.0, 0.0, 1.0],
                [0.616406, -0.782554, 0.087484, 0.045297, 0.114154, -0.02112, -0.993239, 0.337075, 0.77911, 0.622225, 0.076314, 0.097962, 0.0, 0.0, 0.0, 1.0],
                [0.616406, -0.782554, 0.087484, 0.045297, 0.114154, -0.02112, -0.993239, 0.337075, 0.77911, 0.622225, 0.076314, 0.097962, 0.0, 0.0, 0.0, 1.0],
                [-0.05754, -0.936727, -0.3453, 0.032472, -0.502019, 0.326111, -0.801017, 0.324694, 0.86294, 0.127257, -0.489019, 0.069913, 0.0, 0.0, 0.0, 1.0],
                [0.253933, -0.754405, -0.605303, 0.021353, -0.736483, 0.254864, -0.626608, 0.313961, 0.626986, 0.604911, -0.490888, 0.045596, 0.0, 0.0, 0.0, 1.0]
            ]
        },
        {
            "name": "Hand_R",
            "time": [0.0, 0.0333, 0.1333, 0.3333, 0.7, 0.9, 1.0833],
            "transform": [
                [1.0, 0.0, 0.0, 0.0, -0.0, 0.91556, -0.402182, 0.3, -0.0, 0.402182, 0.91556, -0.0, 0.0, 0.0, 0.0, 1.0],
                [1.0, 0.0, 0.0, -0.0, -0.0, 0.500553, -0.865706, 0.3, -0.0, 0.865706, 0.500553, 0.0, 0.0, 0.0, 0.0, 1.0],
                [1.0, 0.0, 0.0, -0.0, -0.0, 0.999167, 0.040815, 0.3, -0.0, -0.040815, 0.999167, 0.0, 0.0, 0.0, 0.0, 1.0],
                [1.0, 0.0, 0.0, -0.0, -0.0, 0.976985, -0.213307, 0.3, -0.0, 0.213307, 0.976985, 0.0, 0.0, 0.0, 0.0, 1.0],
                [1.0, 0.0, 0.0, -0.0, -0.0, 0.976985, -0.213307, 0.3, -0.0, 0.213307, 0.976985, 0.0, 0.0, 0.0, 0.0, 1.0],
                [1.0, 0.0, 0.0, 0.0, 0.0, 0.789872, -0.613272, 0.3, -0.0, 0.613272, 0.789872, 0.0, 0.0, 0.0, 0.0, 1.0],
                [1.0, 0.0, 0.0, 0.0, -0.0, 0.337969, -0.941157, 0.3, -0.0, 0.941157, 0.337969, 0.0, 0.0, 0.0, 0.0, 1.0]
            ]
        },
        {
            "name": "Tool_R",
            "time": [0.0, 0.0333, 0.0833, 0.1333, 0.1667, 0.3333, 0.7, 0.9, 1.0833],
            "transform": [
                [0.773459, -0.32101, -0.546547, -0.0, -0.52306, -0.810277, -0.264311, 0.272858, -0.357801, 0.490011, -0.794156, -0.0, 0.0, 0.0, 0.0, 1.0],
                [0.71609, -0.287727, -0.635947, 0.013434, -0.697997, -0.300242, -0.650119, 0.272096, -0.003886, 0.908891, -0.415594, 0.00063, 0.0, 0.0, 0.0, 1.0],
                [0.658778, 0.47325, -0.584847, -0.044532, -0.509229, -0.291742, -0.809674, 0.31091, -0.55348, 0.830722, 0.048762, 0.040833, 0.0, 0.0, 0.0, 1.0],
                [0.579341, 0.707784, -0.404234, -0.0, -0.377961, -0.206118, -0.902586, 0.272858, -0.721732, 0.675288, 0.148004, -0.0, 0.0, 0.0, 0.0, 1.0],
                [0.583284, 0.71359, -0.388034, -0.0, -0.371242, -0.190703, -0.908742, 0.272858, -0.722044, 0.673708, 0.15358, 0.0, 0.0, 0.0, 0.0, 1.0],
                [0.566968, 0.654824, -0.499753, 0.0, -0.530644, -0.173696, -0.829607, 0.272858, -0.629684, 0.735114, 0.248842, -0.0, 0.0, 0.0, 0.0, 1.0],
                [0.566968, 0.654824, -0.499753, 0.0, -0.530644, -0.173696, -0.829607, 0.272858, -0.629684, 0.735114, 0.248842, -0.0, 0.0, 0.0, 0.0, 1.0],
                [0.237432, -0.806933, -0.540819, -0.0, -0.179302, 0.510768, -0.840813, 0.272858, 0.954146, 0.296436, -0.023407, -0.0, 0.0, 0.0, 0.0, 1.0],
                [0.297632, -0.877082, -0.37702, 0.0, -0.307089, 0.285972, -0.907699, 0.272858, 0.903404, 0.385713, -0.184128, -0.0, 0.0, 0.0, 0.0, 1.0]
            ]
        },
        {
            "name": "Elbow_R",
            "time": [0.0, 0.0333, 0.1333, 0.3333, 0.7, 0.9, 1.0833],
            "transform": [
                [-1.0, 0.0, -0.0, 0.0, 0.0, -0.0, -1.0, 0.349111, -0.0, -1.0, 0.0, -0.0, 0.0, 0.0, 0.0, 1.0],
                [-1.0, 0.0, -0.0, -0.0, 0.0, 0.0, -1.0, 0.408398, -0.0, -1.0, 0.0, 0.0, 0.0, 0.0, 0.0, 1.0],
                [-1.0, 0.0, -0.0, 0.0, 0.0, -0.0, -1.0, 0.306498, -0.0, -1.0, 0.0, 0.0, 0.0, 0.0, 0.0, 1.0],
                [-1.0, 0.0, -0.0, -0.0, 0.0, -0.0, -1.0, 0.330468, -0.0, -1.0, 0.0, 0.0, 0.0, 0.0, 0.0, 1.0],
                [-1.0, 0.0, -0.0, -0.0, 0.0, -0.0, -1.0, 0.330468, -0.0, -1.0, 0.0, 0.0, 0.0, 0.0, 0.0, 1.0],
                [-1.0, 0.0, -0.0, 0.0, 0.0, 0.0, -1.0, 0.372191, -0.0, -1.0, 0.0, -0.0, 0.0, 0.0, 0.0, 1.0],
                [-1.0, 0.0, -0.0, 0.0, 0.0, -0.0, -1.0, 0.425217, -0.0, -1.0, 0.0, -0.0, 0.0, 0.0, 0.0, 1.0]
            ]
        },
        {
            "name": "Shoulder_L",
            "time": [0.0, 0.0333, 0.0833, 0.1333, 0.1667, 0.3333, 0.7, 0.9, 1.0833],
            "transform": [
                [0.391721, -0.881769, -0.262751, 0.0, -0.478516, -0.439155, 0.760371, 0.4, -0.78586, -0.172123, -0.593967, 0.0, 0.0, 0.0, 0.0, 1.0],
                [0.269875, -0.898848, -0.34531, -0.0, -0.826339, -0.400291, 0.396145, 0.4, -0.494298, 0.178433, -0.850782, 0.0, 0.0, 0.0, 0.0, 1.0],
                [0.151019, -0.891852, -0.426371, 0.0, -0.699055, -0.401313, 0.591835, 0.4, -0.698938, 0.208678, -0.68406, 0.0, 0.0, 0.0, 0.0, 1.0],
                [0.001271, -0.957959, -0.286903, 0.0, 0.128373, -0.284373, 0.95008, 0.4, -0.991725, -0.038038, 0.122614, -0.0, 0.0, 0.0, 0.0, 1.0],
                [0.08988, -0.96358, -0.251863, -0.0, 0.124524, -0.240029, 0.962746, 0.4, -0.988137, -0.117895, 0.098415, 0.0, 0.0, 0.0, 0.0, 1.0],
                [-0.098544, -0.950073, -0.296058, 0.0, 0.142265, -0.3079, 0.940722, 0.4, -0.984911, 0.050584, 0.165504, 0.0, 0.0, 0.0, 0.0, 1.0],
                [-0.098544, -0.950073, -0.296058, 0.0, 0.142265, -0.3079, 0.940722, 0.4, -0.984911, 0.050584, 0.165504, 0.0, 0.0, 0.0, 0.0, 1.0],
                [0.190384, -0.883598, -0.427795, 0.0, -0.082378, -0.448608, 0.889924, 0.4, -0.978247, -0.134186, -0.158197, -0.0, 0.0, 0.0, 0.0, 1.0],
                [0.400377, -0.878465, -0.260762, 0.0, 0.004374, -0.282731, 0.959189, 0.4, -0.91634, -0.385178, -0.109356, 0.0, 0.0, 0.0, 0.0, 1.0]
            ]
        },
        {
            "name": "Arm_L",
            "time": [0.0, 0.1333, 0.1667, 0.3333, 0.7, 0.9, 1.0833],
            "transform": [
                [-0.235855, 0.905875, 0.351799, 0.068219, -0.82613, 0.003732, -0.563467, 0.248197, -0.511744, -0.423528, 0.747491, 0.176637, 0.0, 0.0, 0.0, 1.0],
                [0.246594, 0.912276, -0.327022, 0.0, 0.507592, -0.409036, -0.758314, 0.39386, -0.825555, 0.021002, -0.56393, -0.0, 0.0, 0.0, 0.0, 1.0],
                [0.246594, 0.912276, -0.327022, 0.025198, 0.507592, -0.409036, -0.758314, 0.398988, -0.825555, 0.021002, -0.56393, -0.003303, 0.0, 0.0, 0.0, 1.0],
                [0.246594, 0.912276, -0.327022, 0.025198, 0.507592, -0.409036, -0.758314, 0.398988, -0.825555, 0.021002, -0.56393, -0.003303, 0.0, 0.0, 0.0, 1.0],
                [0.246594, 0.912276, -0.327022, 0.025198, 0.507592, -0.409036, -0.758314, 0.398988, -0.825555, 0.021002, -0.56393, -0.003303, 0.0, 0.0, 0.0, 1.0],
                [-0.600653, 0.79936, 0.015509, 0.070501, 0.035014, 0.045679, -0.998342, 0.372979, -0.798743, -0.599114, -0.055426, 0.028133, 0.0, 0.0, 0.0, 1.0],
                [-0.523832, 0.788124, 0.323205, 0.109776, -0.780728, -0.29246, -0.552205, 0.35043, -0.340681, -0.541598, 0.768511, 0.055387, 0.0, 0.0, 0.0, 1.0]
            ]
        },
        {
            "name": "Hand_L",
            "time": [0.0, 0.0333, 0.1333, 0.3333, 0.7, 0.9, 1.0833],
            "transform": [
                [1.0, 0.0, -0.0, 0.0, -0.0, 0.955203, -0.295951, 0.3, -0.0, 0.295951, 0.955203, 0.0, 0.0, 0.0, 0.0, 1.0],
                [1.0, 0.0, -0.0, 0.0, 0.0, 0.82775, -0.561097, 0.3, -0.0, 0.561097, 0.82775, -0.0, 0.0, 0.0, 0.0, 1.0],
                [1.0, 0.0, 0.0, 0.0, -0.0, 0.958938, -0.283615, 0.3, -0.0, 0.283615, 0.958939, -0.0, 0.0, 0.0, 0.0, 1.0],
                [1.0, 0.0, -0.0, -0.0, -0.0, 0.776051, -0.630671, 0.3, -0.0, 0.630671, 0.776051, 0.0, 0.0, 0.0, 0.0, 1.0],
                [1.0, 0.0, -0.0, -0.0, -0.0, 0.776051, -0.630671, 0.3, -0.0, 0.630671, 0.776051, 0.0, 0.0, 0.0, 0.0, 1.0],
                [1.0, 0.0, 0.0, 0.0, -0.0, 0.654306, -0.756231, 0.3, -0.0, 0.75623, 0.654306, -0.0, 0.0, 0.0, 0.0, 1.0],
                [1.0, 0.0, 0.0, 0.0, -0.0, 0.504285, -0.863538, 0.3, -0.0, 0.863537, 0.504285, 0.0, 0.0, 0.0, 0.0, 1.0]
            ]
        },
        {
            "name": "Tool_L",
            "time": [0.0, 1.0833],
            "transform": [
                [1.0, -0.0, 0.0, -0.0, 0.0, -0.999836, 0.018122, 0.272858, 0.0, -0.018122, -0.999248, -0.0, 0.0, 0.0, 0.0, 1.0],
                [1.0, 0.0, 0.0, -0.0, 0.0, -0.999836, 0.018122, 0.272858, 0.0, -0.018122, -0.999247, 0.0, 0.0, 0.0, 0.0, 1.0]
            ]
        },
        {
            "name": "Elbow_L",
            "time": [0.0, 0.0333, 0.1333, 0.3333, 0.7, 0.9, 1.0833],
            "transform": [
                [-1.0, 0.0, 0.0, -0.0, 0.0, -0.0, -1.0, 0.33848, -0.0, -1.0, 0.0, 0.0, 0.0, 0.0, 0.0, 1.0],
                [-1.0, 0.0, -0.0, -0.0, 0.0, -0.0, -1.0, 0.366149, -0.0, -1.0, -0.0, 0.0, 0.0, 0.0, 0.0, 1.0],
                [-1.0, 0.0, -0.0, 0.0, 0.0, -0.0, -1.0, 0.337272, -0.0, -1.0, 0.0, -0.0, 0.0, 0.0, 0.0, 1.0],
                [-1.0, 0.0, 0.0, -0.0, -0.0, 0.0, -1.0, 0.374274, -0.0, -1.0, 0.0, 0.0, 0.0, 0.0, 0.0, 1.0],
                [-1.0, 0.0, 0.0, -0.0, -0.0, 0.0, -1.0, 0.374274, -0.0, -1.0, 0.0, 0.0, 0.0, 0.0, 0.0, 1.0],
                [-1.0, 0.0, -0.0, -0.0, 0.0, -0.0, -1.0, 0.390684, -0.0, -1.0, 0.0, -0.0, 0.0, 0.0, 0.0, 1.0],
                [-1.0, 0.0, -0.0, 0.0, 0.0, -0.0, -1.0, 0.407993, -0.0, -1.0, -0.0, -0.0, 0.0, 0.0, 0.0, 1.0]
            ]
        }
    ]
}