{
    "animation": [
        {
            "name": "Root",
            "time": [0.0, 0.0833, 0.2833, 0.3667, 0.45, 0.7],
            "transform": [
                [0.998193, -0.002207, -0.060051, -5e-06, -0.059356, 0.119609, -0.991045, 0.000946, 0.00937, 0.992819, 0.119262, 0.677217, 0.0, 0.0, 0.0, 1.0],
                [0.99983, 0.015249, -0.010409, -5e-06, -0.00738, -0.186696, -0.98239, 0.000946, -0.016924, 0.982299, -0.186552, 0.763972, 0.0, 0.0, 0.0, 1.0],
                [0.999816, 0.018661, -0.004335, -5e-06, 0.0, -0.226292, -0.97406, 0.000946, -0.019158, 0.973881, -0.22625, 0.825338, 0.0, 0.0, 0.0, 1.0],
                [1.0, 0.0, 0.0, -5e-06, 0.0, 0.379534, -0.925178, 0.000946, 0.0, 0.925178, 0.379534, 0.582409, 0.0, 0.0, 0.0, 1.0],
                [1.0, 0.0, 0.0, -5e-06, 0.0, 0.427436, -0.904046, 0.000946, 0.0, 0.904046, 0.427436, 0.569829, 0.0, 0.0, 0.0, 1.0],
                [1.0, 0.0, 0.0, -5e-06, 0.0, 0.427436, -0.904046, 0.000946, 0.0, 0.904046, 0.427436, 0.569829, 0.0, 0.0, 0.0, 1.0]
            ]
        },
        {
            "name": "Thigh_R",
            "time": [0.0, 0.0833, 0.2833, 0.3667, 0.45, 0.7],
            "transform": [
                [0.98573, 0.081901, 0.147065, 0.124994, 0.106846, -0.979519, -0.170652, -0.002831, 0.130076, 0.18393, -0.974295, -1.2e-05, 0.0, 0.0, 0.0, 1.0],
                [0.992339, 0.030785, 0.119647, 0.124994, 0.098433, -0.782272, -0.615109, -0.002831, 0.074661, 0.622173, -0.779311, -1.2e-05, 0.0, 0.0, 0.0, 1.0],
                [0.993123, 0.025296, 0.11431, 0.124994, 0.095349, -0.741319, -0.664344, -0.002831, 0.067935, 0.670674, -0.738634, -1.2e-05, 0.0, 0.0, 0.0, 1.0],
                [0.992226, 0.11295, -0.052239, 0.127022, 0.113271, -0.645843, 0.75502, -0.003915, 0.051542, -0.755066, -0.653619, 0.001446, 0.0, 0.0, 0.0, 1.0],
                [0.9929, 0.098101, -0.067268, 0.127225, 0.109812, -0.538619, 0.835362, -0.004023, 0.045718, -0.836816, -0.54557, 0.001592, 0.0, 0.0, 0.0, 1.0],
                [0.9929, 0.098101, -0.067268, 0.127225, 0.109812, -0.538619, 0.835362, -0.004023, 0.045718, -0.836816, -0.54557, 0.001592, 0.0, 0.0, 0.0, 1.0]
            ]
        },
        {
            "name": "Leg_R",
            "time": [0.0, 0.2833, 0.3667, 0.45, 0.7],
            "transform": [
                [1.0, -0.0, 3e-06, 0.0, 0.0, 0.999952, 0.010037, 0.37472, -3e-06, -0.010037, 0.999948, -0.0, 0.0, 0.0, 0.0, 1.0],
                [1.0, -0.0, 3e-06, -0.0, 0.0, 0.999952, 0.010037, 0.37472, -3e-06, -0.010037, 0.999948, 0.0, 0.0, 0.0, 0.0, 1.0],
                [0.999999, 0.00101, -0.00094, -0.0, -0.000266, 0.809709, 0.586832, 0.37472, 0.001354, -0.586834, 0.809706, 0.0, 0.0, 0.0, 0.0, 1.0],
                [0.999999, 0.001137, -0.000995, 0.0, -0.000246, 0.772564, 0.634938, 0.37472, 0.00149, -0.63494, 0.77256, 0.0, 0.0, 0.0, 0.0, 1.0],
                [0.999999, 0.001137, -0.000995, 0.0, -0.000246, 0.772564, 0.634938, 0.37472, 0.00149, -0.63494, 0.77256, 0.0, 0.0, 0.0, 0.0, 1.0]
            ]
        },
        {
            "name": "Knee_R",
            "time": [0.0, 0.2833, 0.3667, 0.45, 0.7],
            "transform": [
                [1.0, 0.0, -0.0, 0.0, -0.0, 1e-06, -1.0, 0.37472, -0.0, 1.0, 1e-06, -0.0, 0.0, 0.0, 0.0, 1.0],
                [1.0, 0.0, -0.0, -0.0, -0.0, 1e-06, -1.0, 0.37472, -0.0, 1.0, 1e-06, 0.0, 0.0, 0.0, 0.0, 1.0],
                [1.0, 0.0, -0.0, -4.3e-05, -0.0, 1e-06, -1.0, 0.397406, -0.0, 1.0, 1e-06, -0.002063, 0.0, 0.0, 0.0, 1.0],
                [1.0, 0.0, -0.0, -4.8e-05, -0.0, 1e-06, -1.0, 0.399675, -0.0, 1.0, 1e-06, -0.00227, 0.0, 0.0, 0.0, 1.0],
                [1.0, 0.0, -0.0, -4.8e-05, -0.0, 1e-06, -1.0, 0.399675, -0.0, 1.0, 1e-06, -0.00227, 0.0, 0.0, 0.0, 1.0]
            ]
        },
        {
            "name": "Thigh_L",
            "time": [0.0, 0.0833, 0.2833, 0.3667, 0.45, 0.7],
            "transform": [
                [0.996498, -0.012931, -0.082607, -0.125006, -0.017623, -0.998257, -0.056333, -0.002831, -0.081735, 0.057592, -0.994988, -1.2e-05, 0.0, 0.0, 0.0, 1.0],
                [0.997024, 0.007195, -0.076746, -0.125006, -0.029962, -0.881159, -0.471869, -0.002831, -0.07102, 0.472765, -0.878322, -1.2e-05, 0.0, 0.0, 0.0, 1.0],
                [0.99711, 0.009572, -0.075355, -0.125006, -0.031191, -0.852938, -0.52108, -0.002831, -0.069261, 0.521925, -0.850174, -1.2e-05, 0.0, 0.0, 0.0, 1.0],
                [0.989327, -0.112037, 0.093163, -0.124975, -0.134495, -0.456162, 0.879674, -0.001919, -0.056058, -0.882816, -0.466362, 0.000319, 0.0, 0.0, 0.0, 1.0],
                [0.987713, -0.107623, 0.113312, -0.124971, -0.142948, -0.329208, 0.933374, -0.001828, -0.06315, -0.938104, -0.340548, 0.000352, 0.0, 0.0, 0.0, 1.0],
                [0.987713, -0.107623, 0.113312, -0.124971, -0.142948, -0.329208, 0.933374, -0.001828, -0.06315, -0.938104, -0.340548, 0.000352, 0.0, 0.0, 0.0, 1.0]
            ]
        },
        {
            "name": "Leg_L",
            "time": [0.0, 0.2833, 0.3667, 0.45, 0.7],
            "transform": [
                [1.0, -0.0, 1e-06, 0.0, 0.0, 0.999941, 0.01082, 0.37472, -1e-06, -0.01082, 0.999943, -0.0, 0.0, 0.0, 0.0, 1.0],
                [1.0, -0.0, 1e-06, -0.0, 0.0, 0.999941, 0.01082, 0.37472, -1e-06, -0.01082, 0.999943, 0.0, 0.0, 0.0, 0.0, 1.0],
                [0.999993, 0.003672, -0.001232, -0.0, -0.001219, 0.600356, 0.799732, 0.37472, 0.003676, -0.799723, 0.600357, -0.0, 0.0, 0.0, 0.0, 1.0],
                [0.999991, 0.004053, -0.001163, 0.0, -0.001149, 0.527355, 0.849645, 0.37472, 0.004057, -0.849634, 0.527356, -0.0, 0.0, 0.0, 0.0, 1.0],
                [0.999991, 0.004053, -0.001163, 0.0, -0.001149, 0.527355, 0.849645, 0.37472, 0.004057, -0.849634, 0.527356, -0.0, 0.0, 0.0, 0.0, 1.0]
            ]
        },
        {
            "name": "Knee_L",
            "time": [0.0, 0.2833, 0.3667, 0.45, 0.7],
            "transform": [
                [1.0, 0.0, -0.0, 0.0, -0.0, 1e-06, -1.0, 0.37472, -0.0, 1.0, 1e-06, -0.0, 0.0, 0.0, 0.0, 1.0],
                [1.0, 0.0, -0.0, -0.0, -0.0, 1e-06, -1.0, 0.37472, -0.0, 1.0, 1e-06, 0.0, 0.0, 0.0, 0.0, 1.0],
                [1.0, 0.0, -0.0, -0.0, -0.0, 1e-06, -1.0, 0.419505, -0.0, 1.0, 1e-06, 0.0, 0.0, 0.0, 0.0, 1.0],
                [1.0, 0.0, -0.0, 0.0, -0.0, 1e-06, -1.0, 0.423983, -0.0, 1.0, 1e-06, -0.0, 0.0, 0.0, 0.0, 1.0],
                [1.0, 0.0, -0.0, 0.0, -0.0, 1e-06, -1.0, 0.423983, -0.0, 1.0, 1e-06, -0.0, 0.0, 0.0, 0.0, 1.0]
            ]
        },
        {
            "name": "Torso",
            "time": [0.0, 0.0833, 0.2833, 0.3667, 0.45, 0.7],
            "transform": [
                [0.999949, 0.010047, -0.001221, -0.0, -0.010109, 0.985817, -0.167518, 0.05, -0.00048, 0.167522, 0.985868, 0.0, 0.0, 0.0, 0.0, 1.0],
                [0.999925, -0.012227, -0.00012, -0.0, 0.012227, 0.999731, 0.01969, 0.05, -0.00012, -0.01969, 0.999806, 0.0, 0.0, 0.0, 0.0, 1.0],
                [0.999904, -0.013857, -0.000155, -0.0, 0.013857, 0.999655, 0.022315, 0.05, -0.000155, -0.022315, 0.999751, -0.0, 0.0, 0.0, 0.0, 1.0],
                [0.999999, -0.00126, -1e-06, 0.0, 0.00126, 0.999997, 0.002029, 0.05, -1e-06, -0.002029, 0.999998, 0.0, 0.0, 0.0, 0.0, 1.0],
                [1.0, 0.0, 0.0, 0.0, 0.0, 1.0, 0.0, 0.05, 0.0, 0.0, 1.0, -0.0, 0.0, 0.0, 0.0, 1.0],
                [1.0, 0.0, 0.0, 0.0, 0.0, 1.0, 0.0, 0.05, 0.0, 0.0, 1.0, -0.0, 0.0, 0.0, 0.0, 1.0]
            ]
        },
        {
            "name": "Chest",
            "time": [0.0, 0.0833, 0.2833, 0.3667, 0.45, 0.7],
            "transform": [
                [0.999581, -0.028339, -0.005927, -0.0, 0.027828, 0.883909, 0.46683, 0.3, -0.007991, -0.466799, 0.884327, -0.0, 0.0, 0.0, 0.0, 1.0],
                [0.999929, -0.011897, -0.000778, -0.0, 0.011817, 0.997607, -0.068127, 0.3, 0.001587, 0.068113, 0.997676, -0.0, 0.0, 0.0, 0.0, 1.0],
                [0.99993, -0.011811, -0.000782, 0.0, 0.011664, 0.994418, -0.104868, 0.3, 0.002016, 0.104851, 0.994486, -0.0, 0.0, 0.0, 0.0, 1.0],
                [0.999999, -0.001062, -0.000173, 0.0, 0.001073, 0.996411, 0.084643, 0.3, 8.2e-05, -0.084644, 0.996411, 0.0, 0.0, 0.0, 0.0, 1.0],
                [1.0, 0.0, 0.0, 0.0, 0.0, 0.994629, 0.103504, 0.3, 0.0, -0.103504, 0.994629, 0.0, 0.0, 0.0, 0.0, 1.0],
                [1.0, 0.0, 0.0, 0.0, 0.0, 0.994629, 0.103504, 0.3, 0.0, -0.103504, 0.994629, 0.0, 0.0, 0.0, 0.0, 1.0]
            ]
        },
        {
            "name": "Head",
            "time": [0.0, 0.0833, 0.2833, 0.3667, 0.45, 0.7],
            "transform": [
                [0.997169, 0.050683, 0.055549, 0.0, -0.026126, 0.926211, -0.3761, 0.4, -0.070512, 0.373584, 0.924912, 0.0, 0.0, 0.0, 0.0, 1.0],
                [0.999746, 0.007479, 0.021277, 0.0, -0.007756, 0.999886, 0.012927, 0.4, -0.021178, -0.013088, 0.99969, 0.0, 0.0, 0.0, 0.0, 1.0],
                [0.999975, 0.005826, 0.003938, -0.0, -0.005976, 0.999217, 0.039115, 0.4, -0.003707, -0.039138, 0.999227, -0.0, 0.0, 0.0, 0.0, 1.0],
                [0.999992, 0.000218, 0.004087, 0.0, 0.001518, 0.907565, -0.419909, 0.4, -0.003801, 0.419912, 0.907557, -0.0, 0.0, 0.0, 0.0, 1.0],
                [0.999999, -0.000558, -0.00114, 0.0, -1.1e-05, 0.894336, -0.447396, 0.4, 0.001269, 0.447395, 0.894335, 0.0, 0.0, 0.0, 0.0, 1.0],
                [0.999999, -0.000558, -0.00114, 0.0, -1.1e-05, 0.894336, -0.447396, 0.4, 0.001269, 0.447395, 0.894335, 0.0, 0.0, 0.0, 0.0, 1.0]
            ]
        },
        {
            "name": "Shoulder_R",
            "time": [0.0, 0.0833, 0.2833, 0.3667, 0.45, 0.7],
            "transform": [
                [0.71553, 0.697082, -0.045761, 0.0, 0.306739, -0.254653, 0.917095, 0.4, 0.627637, -0.670245, -0.396034, 0.0, 0.0, 0.0, 0.0, 1.0],
                [0.71843, 0.695467, -0.013516, 0.0, -0.08585, 0.107934, 0.990444, 0.4, 0.690281, -0.710405, 0.137249, 0.0, 0.0, 0.0, 0.0, 1.0],
                [0.717837, 0.696149, -0.00929, -0.0, -0.138258, 0.155618, 0.978094, 0.4, 0.682345, -0.700828, 0.207956, -0.0, 0.0, 0.0, 0.0, 1.0],
                [0.751396, 0.658736, 0.038336, 0.0, 0.079319, -0.147848, 0.985824, 0.4, 0.655066, -0.737704, -0.163343, -0.0, 0.0, 0.0, 0.0, 1.0],
                [0.755579, 0.653686, 0.042359, 0.0, 0.102242, -0.181556, 0.978051, 0.4, 0.647029, -0.734664, -0.204014, 0.0, 0.0, 0.0, 0.0, 1.0],
                [0.755579, 0.653686, 0.042359, 0.0, 0.102242, -0.181556, 0.978051, 0.4, 0.647029, -0.734664, -0.204014, 0.0, 0.0, 0.0, 0.0, 1.0]
            ]
        },
        {
            "name": "Arm_R",
            "time": [0.0, 0.0833, 0.2833, 0.3667, 0.45, 0.7],
            "transform": [
                [0.133901, -0.974171, 0.181833, -0.0, 0.924902, 0.056963, -0.375915, 0.393861, 0.355848, 0.218513, 0.908639, 0.0, 0.0, 0.0, 0.0, 1.0],
                [0.187003, -0.939085, 0.288355, -0.0, 0.878876, 0.028797, -0.476181, 0.393861, 0.438871, 0.342476, 0.830724, 0.0, 0.0, 0.0, 0.0, 1.0],
                [0.194815, -0.933276, 0.301733, 0.0, 0.872037, 0.023983, -0.488852, 0.39386, 0.448997, 0.358358, 0.818524, 0.0, 0.0, 0.0, 0.0, 1.0],
                [0.34169, -0.787403, -0.513073, 0.0, 0.937685, 0.248915, 0.242463, 0.39386, -0.063204, -0.563949, 0.823388, -0.0, 0.0, 0.0, 0.0, 1.0],
                [0.376316, -0.732847, -0.566853, 0.0, 0.921004, 0.229408, 0.31484, 0.39386, -0.100689, -0.640553, 0.761284, 0.0, 0.0, 0.0, 0.0, 1.0],
                [0.376316, -0.732847, -0.566853, 0.0, 0.921004, 0.229408, 0.31484, 0.39386, -0.100689, -0.640553, 0.761284, 0.0, 0.0, 0.0, 0.0, 1.0]
            ]
        },
        {
            "name": "Hand_R",
            "time": [0.0, 0.2833, 0.3667, 0.45, 0.7],
            "transform": [
                [0.99999, -0.001473, -0.004166, 0.0, 5e-05, 0.946486, -0.322745, 0.3, 0.004418, 0.322742, 0.946477, 0.0, 0.0, 0.0, 0.0, 1.0],
                [0.99999, -0.001473, -0.004166, -0.0, 5e-05, 0.946486, -0.322745, 0.3, 0.004418, 0.322742, 0.946477, 0.0, 0.0, 0.0, 0.0, 1.0],
                [1.0, -5.6e-05, -0.000398, 0.0, 8.4e-05, 0.997515, 0.070459, 0.3, 0.000393, -0.070459, 0.997515, -0.0, 0.0, 0.0, 0.0, 1.0],
                [1.0, 0.0, 0.0, -0.0, -0.0, 0.993938, 0.109947, 0.3, -0.0, -0.109947, 0.993938, 0.0, 0.0, 0.0, 0.0, 1.0],
                [1.0, 0.0, 0.0, -0.0, -0.0, 0.993938, 0.109947, 0.3, -0.0, -0.109947, 0.993938, 0.0, 0.0, 0.0, 0.0, 1.0]
            ]
        },
        {
            "name": "Tool_R",
            "time": [0.0, 0.0833, 0.2833, 0.3667, 0.45, 0.7],
            "transform": [
                [1.0, 0.0, 0.0, -0.0, -0.0, -0.999836, 0.018122, 0.272858, 0.0, -0.018122, -0.999244, -0.0, 0.0, 0.0, 0.0, 1.0],
                [0.768477, -0.633665, 0.088952, 0.030124, -0.63482, -0.772444, -0.01828, 0.262556, 0.080239, -0.042404, -0.995279, 0.004803, 0.0, 0.0, 0.0, 1.0],
                [0.740575, -0.665464, 0.093314, 0.032007, -0.66665, -0.745035, -0.022389, 0.261913, 0.084364, -0.045608, -0.994796, 0.005104, 0.0, 0.0, 0.0, 1.0],
                [0.900546, -0.234084, -0.366362, -0.0, -0.369072, -0.856999, -0.359637, 0.272858, -0.229655, 0.458803, -0.857657, 0.0, 0.0, 0.0, 0.0, 1.0],
                [0.880888, -0.24533, -0.404783, -0.0, -0.407622, -0.827878, -0.385309, 0.272858, -0.240445, 0.504105, -0.828783, 0.0, 0.0, 0.0, 0.0, 1.0],
                [0.880888, -0.24533, -0.404783, -0.0, -0.407622, -0.827878, -0.385309, 0.272858, -0.240445, 0.504105, -0.828783, 0.0, 0.0, 0.0, 0.0, 1.0]
            ]
        },
        {
            "name": "Elbow_R",
            "time": [0.0, 0.2833, 0.3667, 0.45, 0.7],
            "transform": [
                [-1.0, 0.0, 0.0, 0.0, 0.0, -0.0, -1.0, 0.318004, -0.0, -1.0, 0.0, 0.0, 0.0, 0.0, 0.0, 1.0],
                [-1.0, 0.0, 0.0, -0.0, 0.0, -0.0, -1.0, 0.318004, -0.0, -1.0, 0.0, 0.0, 0.0, 0.0, 0.0, 1.0],
                [-1.0, 0.0, 0.0, 0.0, 0.0, -0.0, -1.0, 0.301637, -0.0, -1.0, 0.0, -0.0, 0.0, 0.0, 0.0, 1.0],
                [-1.0, 0.0, -0.0, -0.0, 0.0, -0.0, -1.0, 0.3, -0.0, -1.0, 0.0, 0.0, 0.0, 0.0, 0.0, 1.0],
                [-1.0, 0.0, -0.0, -0.0, 0.0, -0.0, -1.0, 0.3, -0.0, -1.0, 0.0, 0.0, 0.0, 0.0, 0.0, 1.0]
            ]
        },
        {
            "name": "Shoulder_L",
            "time": [0.0, 0.0833, 0.2833, 0.3667, 0.45, 0.7],
            "transform": [
                [0.704584, -0.628287, -0.329874, 0.0, -0.068448, -0.522864, 0.849663, 0.4, -0.706312, -0.57608, -0.411407, 0.0, 0.0, 0.0, 0.0, 1.0],
                [0.70907, -0.638414, -0.29941, 0.0, 0.285511, -0.128312, 0.949747, 0.4, -0.64475, -0.758922, 0.091292, 0.0, 0.0, 0.0, 0.0, 1.0],
                [0.710497, -0.638723, -0.295342, -0.0, 0.327967, -0.070771, 0.942035, 0.4, -0.622601, -0.766175, 0.159198, -0.0, 0.0, 0.0, 0.0, 1.0],
                [0.64513, -0.754941, -0.117776, 0.0, 0.124141, -0.048531, 0.991077, 0.4, -0.753921, -0.653994, 0.06241, -0.0, 0.0, 0.0, 0.0, 1.0],
                [0.634663, -0.766468, -0.098636, 0.0, 0.101332, -0.043995, 0.993879, 0.4, -0.766116, -0.640774, 0.049745, 0.0, 0.0, 0.0, 0.0, 1.0],
                [0.634663, -0.766468, -0.098636, 0.0, 0.101332, -0.043995, 0.993879, 0.4, -0.766116, -0.640774, 0.049745, 0.0, 0.0, 0.0, 0.0, 1.0]
            ]
        },
        {
            "name": "Arm_L",
            "time": [0.0, 0.0833, 0.2833, 0.3667, 0.45, 0.7],
            "transform": [
                [0.690346, 0.722437, -0.038826, -0.0, -0.101796, 0.043862, -0.993838, 0.39386, -0.716282, 0.690044, 0.103821, 0.0, 0.0, 0.0, 0.0, 1.0],
                [0.768443, 0.631333, -0.104471, 0.0, -0.043642, -0.111174, -0.992842, 0.39386, -0.638428, 0.767502, -0.057878, 0.0, 0.0, 0.0, 0.0, 1.0],
                [0.778348, 0.617821, -0.111678, -0.0, -0.037212, -0.132168, -0.990529, 0.39386, -0.62673, 0.775131, -0.079882, -0.0, 0.0, 0.0, 0.0, 1.0],
                [0.242705, 0.771262, 0.588429, -0.0, -0.969293, 0.168059, 0.179521, 0.39386, 0.039567, -0.61393, 0.788368, -0.0, 0.0, 0.0, 0.0, 1.0],
                [0.254259, 0.712033, 0.654493, 0.0, -0.95305, 0.069386, 0.294756, 0.39386, 0.164463, -0.698709, 0.696245, -0.0, 0.0, 0.0, 0.0, 1.0],
                [0.254259, 0.712033, 0.654493, 0.0, -0.95305, 0.069386, 0.294756, 0.39386, 0.164463, -0.698709, 0.696245, -0.0, 0.0, 0.0, 0.0, 1.0]
            ]
        },
        {
            "name": "Hand_L",
            "time": [0.0, 0.7],
            "transform": [
                [1.020763, 0.0, 0.0, 0.0, 0.0, 0.993938, 0.109947, 0.3, -0.0, -0.109947, 0.993937, 0.0, 0.0, 0.0, 0.0, 1.0],
                [1.020763, 0.0, 0.0, 0.0, -0.0, 0.993937, 0.109947, 0.3, -0.0, -0.109947, 0.993937, -0.0, 0.0, 0.0, 0.0, 1.0]
            ]
        },
        {
            "name": "Tool_L",
            "time": [0.0, 0.7],
            "transform": [
                [1.0, -0.0, 0.0, 0.0, -0.0, -0.999836, 0.018122, 0.272858, 0.0, -0.018122, -0.999247, -0.0, 0.0, 0.0, 0.0, 1.0],
                [1.0, 0.0, 0.0, 0.0, -0.0, -0.999836, 0.018122, 0.272858, 0.0, -0.018122, -0.999247, 0.0, 0.0, 0.0, 0.0, 1.0]
            ]
        },
        {
            "name": "Elbow_L",
            "time": [0.0, 0.7],
            "transform": [
                [-1.0, 0.0, -0.0, 0.0, 0.0, -0.0, -1.0, 0.3, -0.0, -1.0, -0.0, 0.0, 0.0, 0.0, 0.0, 1.0],
                [-1.0, 0.0, 0.0, 0.0, 0.0, -0.0, -1.0, 0.3, -0.0, -1.0, -0.0, -0.0, 0.0, 0.0, 0.0, 1.0]
            ]
        }
    ]
}