{
    "animation": [
        {
            "name": "Root",
            "time": [0.0, 0.1, 0.3, 0.4667, 0.8333],
            "transform": [
                [0.626413, -0.004619, -0.779477, -5e-06, -0.779474, -0.01033, -0.626349, 0.196278, -0.005159, 0.999936, -0.010071, 0.73842, 0.0, 0.0, 0.0, 1.0],
                [0.950598, -0.0003, -0.310424, -5e-06, -0.310254, -0.033958, -0.950047, 0.036117, -0.010257, 0.999423, -0.032373, 0.764142, 0.0, 0.0, 0.0, 1.0],
                [0.314499, -0.045383, 0.948172, -5e-06, 0.917519, 0.270664, -0.291377, 1.007925, -0.243413, 0.961604, 0.126763, 0.671237, 0.0, 0.0, 0.0, 1.0],
                [0.237571, -0.057877, 0.969644, -5e-06, 0.933919, 0.288117, -0.211621, 1.008512, -0.267123, 0.955845, 0.122501, 0.661193, 0.0, 0.0, 0.0, 1.0],
                [0.237571, -0.057877, 0.969644, -5e-06, 0.933919, 0.288117, -0.211621, 1.008512, -0.267123, 0.955845, 0.122501, 0.661193, 0.0, 0.0, 0.0, 1.0]
            ]
        },
        {
            "name": "Thigh_R",
            "time": [0.0, 0.1, 0.3, 0.4667, 0.8333],
            "transform": [
                [0.986488, 0.162901, -0.017456, 0.124994, 0.156929, -0.908925, 0.386297, -0.002831, 0.047062, -0.383815, -0.92221, -1.2e-05, 0.0, 0.0, 0.0, 1.0],
                [0.990857, 0.006585, -0.134749, 0.124994, 0.085196, -0.80499, 0.587137, -0.002831, -0.104606, -0.593248, -0.798194, -1.2e-05, 0.0, 0.0, 0.0, 1.0],
                [0.318649, 0.859137, 0.400429, 0.124994, -0.053747, -0.405392, 0.912561, -0.002831, 0.946347, -0.312308, -0.083002, -1.2e-05, 0.0, 0.0, 0.0, 1.0],
                [0.225486, 0.893777, 0.387706, 0.124994, -0.062385, -0.383891, 0.921269, -0.00283, 0.972247, -0.23192, -0.030804, -1.2e-05, 0.0, 0.0, 0.0, 1.0],
                [0.225486, 0.893777, 0.387706, 0.124994, -0.062385, -0.383891, 0.921269, -0.00283, 0.972247, -0.23192, -0.030804, -1.2e-05, 0.0, 0.0, 0.0, 1.0]
            ]
        },
        {
            "name": "Leg_R",
            "time": [0.0, 0.1, 0.3, 0.4667, 0.8333],
            "transform": [
                [1.0, -0.0, 1e-06, 0.0, -0.0, 0.700672, 0.713484, 0.37472, -1e-06, -0.713485, 0.700671, -0.0, 0.0, 0.0, 0.0, 1.0],
                [1.0, -0.0, 1e-06, 0.0, -1e-06, 0.155556, 0.987826, 0.37472, -0.0, -0.987828, 0.155556, 0.0, 0.0, 0.0, 0.0, 1.0],
                [1.0, 0.0, 1e-06, -0.0, -1e-06, 0.546382, 0.837535, 0.37472, -0.0, -0.837537, 0.546382, -0.0, 0.0, 0.0, 0.0, 1.0],
                [1.0, 0.0, 1e-06, -0.0, -1e-06, 0.586229, 0.810145, 0.37472, -0.0, -0.810146, 0.586228, -0.0, 0.0, 0.0, 0.0, 1.0],
                [1.0, 0.0, 1e-06, -0.0, -1e-06, 0.586229, 0.810145, 0.37472, -0.0, -0.810146, 0.586228, -0.0, 0.0, 0.0, 0.0, 1.0]
            ]
        },
        {
            "name": "Knee_R",
            "time": [0.0, 0.1, 0.3, 0.4667, 0.8333],
            "transform": [
                [1.0, 0.0, -0.0, 0.0, -0.0, 1e-06, -1.0, 0.466807, -0.0, 1.0, 1e-06, 0.001628, 0.0, 0.0, 0.0, 1.0],
                [1.0, 0.0, -0.0, 0.0, -0.0, 1e-06, -1.0, 0.466807, -0.0, 1.0, 1e-06, 0.001628, 0.0, 0.0, 0.0, 1.0],
                [1.0, 0.0, -0.0, 0.0, -0.0, 1e-06, -1.0, 0.420618, -0.0, 1.0, 1e-06, 0.000159, 0.0, 0.0, 0.0, 1.0],
                [1.0, 0.0, -0.0, 0.0, -0.0, 1e-06, -1.0, 0.415409, -0.0, 1.0, 1e-06, -0.0, 0.0, 0.0, 0.0, 1.0],
                [1.0, 0.0, -0.0, 0.0, -0.0, 1e-06, -1.0, 0.415409, -0.0, 1.0, 1e-06, -0.0, 0.0, 0.0, 0.0, 1.0]
            ]
        },
        {
            "name": "Thigh_L",
            "time": [0.0, 0.1, 0.3, 0.4667, 0.8333],
            "transform": [
                [0.707098, -0.280145, -0.649254, -0.125006, -0.050044, -0.935696, 0.349239, -0.002831, -0.705342, -0.214455, -0.675649, -1.2e-05, 0.0, 0.0, 0.0, 1.0],
                [0.99186, -0.043312, -0.119737, -0.125006, -0.02853, -0.992056, 0.122521, -0.002831, -0.124093, -0.118108, -0.985216, -1.2e-05, 0.0, 0.0, 0.0, 1.0],
                [0.993271, -0.106412, 0.045693, -0.125006, -0.114022, -0.967626, 0.225166, -0.002831, 0.020254, -0.22886, -0.973248, -1.2e-05, 0.0, 0.0, 0.0, 1.0],
                [0.992007, -0.116719, 0.047938, -0.125006, -0.124843, -0.963057, 0.23861, -0.002831, 0.018317, -0.242687, -0.969931, -1.2e-05, 0.0, 0.0, 0.0, 1.0],
                [0.992007, -0.116719, 0.047938, -0.125006, -0.124843, -0.963057, 0.23861, -0.002831, 0.018317, -0.242687, -0.969931, -1.2e-05, 0.0, 0.0, 0.0, 1.0]
            ]
        },
        {
            "name": "Leg_L",
            "time": [0.0, 0.1, 0.3, 0.4667, 0.8333],
            "transform": [
                [1.0, -0.0, 1e-06, -0.0, -0.0, 0.93493, 0.354831, 0.37472, -1e-06, -0.354831, 0.934931, -0.0, 0.0, 0.0, 0.0, 1.0],
                [1.0, 0.0, 1e-06, -0.0, -0.0, 0.983627, 0.180214, 0.37472, -1e-06, -0.180214, 0.983628, 0.0, 0.0, 0.0, 0.0, 1.0],
                [1.0, -0.0, 1e-06, 0.0, -0.0, 0.939375, 0.342892, 0.37472, -1e-06, -0.342892, 0.939375, -0.0, 0.0, 0.0, 0.0, 1.0],
                [1.0, -0.0, 1e-06, 0.0, 0.0, 0.931917, 0.362671, 0.37472, -1e-06, -0.362671, 0.931917, -0.0, 0.0, 0.0, 0.0, 1.0],
                [1.0, -0.0, 1e-06, 0.0, 0.0, 0.931917, 0.362671, 0.37472, -1e-06, -0.362671, 0.931917, -0.0, 0.0, 0.0, 0.0, 1.0]
            ]
        },
        {
            "name": "Knee_L",
            "time": [0.0, 0.1, 0.3, 0.4667, 0.8333],
            "transform": [
                [1.0, 0.0, -0.0, -0.0, -0.0, 1e-06, -1.0, 0.390262, -0.0, 1.0, 1e-06, 0.0, 0.0, 0.0, 0.0, 1.0],
                [1.0, 0.0, -0.0, -0.0, -0.0, 1e-06, -1.0, 0.390262, -0.0, 1.0, 1e-06, 0.0, 0.0, 0.0, 0.0, 1.0],
                [1.0, 0.0, -0.0, 0.0, -0.0, 1e-06, -1.0, 0.37542, -0.0, 1.0, 1e-06, -0.0, 0.0, 0.0, 0.0, 1.0],
                [1.0, 0.0, -0.0, 0.0, -0.0, 1e-06, -1.0, 0.37472, -0.0, 1.0, 1e-06, -0.0, 0.0, 0.0, 0.0, 1.0],
                [1.0, 0.0, -0.0, 0.0, -0.0, 1e-06, -1.0, 0.37472, -0.0, 1.0, 1e-06, -0.0, 0.0, 0.0, 0.0, 1.0]
            ]
        },
        {
            "name": "Torso",
            "time": [0.0, 0.1, 0.8333],
            "transform": [
                [0.999904, -0.013858, -8.6e-05, 0.0, 0.013858, 0.999827, 0.012445, 0.05, -8.6e-05, -0.012445, 0.999923, 0.0, 0.0, 0.0, 0.0, 1.0],
                [1.0, -0.0, 0.0, 0.0, 0.0, 1.0, 0.0, 0.05, -0.0, -0.0, 1.0, 0.0, 0.0, 0.0, 0.0, 1.0],
                [1.0, 0.0, -0.0, 0.0, -0.0, 1.0, 0.0, 0.05, 0.0, -0.0, 1.0, -0.0, 0.0, 0.0, 0.0, 1.0]
            ]
        },
        {
            "name": "Chest",
            "time": [0.0, 0.25, 0.3, 0.4667, 0.8333],
            "transform": [
                [1.0, -0.0, -0.0, -0.0, 0.0, 1.0, 0.0, 0.3, 0.0, 0.0, 1.0, -0.0, 0.0, 0.0, 0.0, 1.0],
                [1.0, -0.0, -0.0, 0.0, -0.0, 1.0, 0.0, 0.3, 0.0, 0.0, 1.0, -0.0, 0.0, 0.0, 0.0, 1.0],
                [0.999764, -0.02171, 0.000576, 0.0, 0.02171, 0.998356, -0.053046, 0.3, 0.000576, 0.053046, 0.998592, 0.0, 0.0, 0.0, 0.0, 1.0],
                [0.999716, -0.023825, 0.000694, 0.0, 0.023825, 0.99802, -0.058214, 0.3, 0.000694, 0.058214, 0.998304, -0.0, 0.0, 0.0, 0.0, 1.0],
                [0.999716, -0.023825, 0.000694, -0.0, 0.023825, 0.99802, -0.058214, 0.3, 0.000694, 0.058214, 0.998304, -0.0, 0.0, 0.0, 0.0, 1.0]
            ]
        },
        {
            "name": "Head",
            "time": [0.0, 0.1, 0.25, 0.3, 0.8333],
            "transform": [
                [0.638393, 0.029381, 0.76915, -0.0, 0.007801, 0.998973, -0.044635, 0.4, -0.769671, 0.034495, 0.637508, -0.0, 0.0, 0.0, 0.0, 1.0],
                [0.966776, 0.020666, 0.254789, 0.0, -0.004312, 0.997903, -0.064579, 0.4, -0.25559, 0.061335, 0.964838, 0.0, 0.0, 0.0, 0.0, 1.0],
                [0.659829, -0.04815, -0.749871, -0.0, -0.007871, 0.997447, -0.070972, 0.4, 0.751375, 0.052731, 0.657766, 0.0, 0.0, 0.0, 0.0, 1.0],
                [0.479552, -0.103394, -0.871401, -0.0, 0.017343, 0.993957, -0.108391, 0.4, 0.877342, 0.036866, 0.478447, 0.0, 0.0, 0.0, 0.0, 1.0],
                [0.479552, -0.103394, -0.871401, -0.0, 0.017343, 0.993957, -0.108391, 0.4, 0.877342, 0.036866, 0.478447, 0.0, 0.0, 0.0, 0.0, 1.0]
            ]
        },
        {
            "name": "Shoulder_R",
            "time": [0.0, 0.1, 0.2, 0.3, 0.4667, 0.8333],
            "transform": [
                [0.512274, 0.84152, 0.171521, -0.0, -0.075193, -0.155001, 0.985048, 0.4, 0.855524, -0.517512, -0.016126, -0.0, 0.0, 0.0, 0.0, 1.0],
                [0.730679, 0.678797, 0.07309, 0.0, -0.269399, 0.188297, 0.944441, 0.4, 0.627321, -0.709773, 0.320452, 0.0, 0.0, 0.0, 0.0, 1.0],
                [0.381837, 0.899178, 0.213729, -0.0, -0.643452, 0.092628, 0.759862, 0.4, 0.663454, -0.427668, 0.613946, 0.0, 0.0, 0.0, 0.0, 1.0],
                [0.584711, 0.700834, 0.408588, -0.0, 0.042098, -0.529192, 0.847457, 0.4, 0.810149, -0.478316, -0.338928, 0.0, 0.0, 0.0, 0.0, 1.0],
                [0.589243, 0.695626, 0.410971, -0.0, 0.04219, -0.534453, 0.844145, 0.4, 0.806854, -0.480067, -0.344271, -0.0, 0.0, 0.0, 0.0, 1.0],
                [0.589243, 0.695626, 0.410971, -0.0, 0.04219, -0.534453, 0.844145, 0.4, 0.806854, -0.480067, -0.344271, 0.0, 0.0, 0.0, 0.0, 1.0]
            ]
        },
        {
            "name": "Arm_R",
            "time": [0.0, 0.1, 0.2, 0.3, 0.4667, 0.8333],
            "transform": [
                [0.034147, -0.633113, -0.773306, -0.0, 0.708829, 0.560813, -0.427843, 0.39386, 0.704553, -0.533532, 0.467919, 0.0, 0.0, 0.0, 0.0, 1.0],
                [0.609089, -0.722385, -0.327371, -0.0, -0.3942, 0.082431, -0.915321, 0.39386, 0.688199, 0.686561, -0.234557, -0.0, 0.0, 0.0, 0.0, 1.0],
                [0.578059, -0.787033, -0.215471, -0.0, 0.814001, 0.537727, 0.219663, 0.393861, -0.057017, -0.302372, 0.951483, 0.0, 0.0, 0.0, 0.0, 1.0],
                [0.394106, -0.796521, -0.458515, -0.0, 0.647424, -0.113491, 0.753632, 0.393861, -0.652322, -0.593864, 0.470959, 0.0, 0.0, 0.0, 0.0, 1.0],
                [0.394752, -0.790697, -0.467941, -0.0, 0.643976, -0.125159, 0.754739, 0.393861, -0.655337, -0.599277, 0.459783, -0.0, 0.0, 0.0, 0.0, 1.0],
                [0.394752, -0.790697, -0.467941, 0.0, 0.643976, -0.125159, 0.754739, 0.393861, -0.655337, -0.599277, 0.459783, -0.0, 0.0, 0.0, 0.0, 1.0]
            ]
        },
        {
            "name": "Hand_R",
            "time": [0.0, 0.1, 0.2, 0.3, 0.4667, 0.8333],
            "transform": [
                [0.999991, 0.003767, 0.00217, -0.0, -0.003126, 0.969951, -0.243283, 0.3, -0.003021, 0.243273, 0.969953, -0.0, 0.0, 0.0, 0.0, 1.0],
                [0.999967, 0.005576, -0.005969, 0.0, -0.008148, 0.630001, -0.776552, 0.3, -0.000569, 0.776575, 0.630025, 0.0, 0.0, 0.0, 0.0, 1.0],
                [0.999962, 0.008439, 0.002209, -0.0, -0.002361, 0.505571, -0.862782, 0.3, -0.008398, 0.862744, 0.505572, 0.0, 0.0, 0.0, 0.0, 1.0],
                [1.0, 0.000531, 0.000101, 0.0, -0.000537, 0.996675, 0.081475, 0.3, -5.8e-05, -0.081475, 0.996675, 0.0, 0.0, 0.0, 0.0, 1.0],
                [1.0, 0.0, 0.0, 0.0, -0.0, 0.993938, 0.109947, 0.3, -0.0, -0.109947, 0.993937, -0.0, 0.0, 0.0, 0.0, 1.0],
                [1.0, 0.0, 0.0, 0.0, -0.0, 0.993938, 0.109947, 0.3, -0.0, -0.109947, 0.993937, -0.0, 0.0, 0.0, 0.0, 1.0]
            ]
        },
        {
            "name": "Tool_R",
            "time": [0.0, 0.1, 0.2, 0.8333],
            "transform": [
                [-0.085491, 0.746957, 0.659354, -0.0, 0.045579, 0.664016, -0.746328, 0.272858, -0.994706, -0.033725, -0.090767, 0.0, 0.0, 0.0, 0.0, 1.0],
                [0.999999, -0.001127, -0.001249, 0.0, -0.001571, -0.89148, -0.453059, 0.272858, -0.000603, 0.452782, -0.890957, 0.0, 0.0, 0.0, 0.0, 1.0],
                [1.0, 0.0, 0.0, -0.0, 0.0, -0.999836, 0.018122, 0.272858, 0.0, -0.018122, -0.999244, -0.0, 0.0, 0.0, 0.0, 1.0],
                [1.0, 0.0, 0.0, 0.0, 0.0, -0.999836, 0.018122, 0.272858, 0.0, -0.018122, -0.999244, 0.0, 0.0, 0.0, 0.0, 1.0]
            ]
        },
        {
            "name": "Elbow_R",
            "time": [0.0, 0.1, 0.2, 0.3, 0.4667, 0.8333],
            "transform": [
                [-1.0, 0.0, 0.0, 0.000299, 0.0, -0.0, -1.0, 0.331034, -0.0, -1.0, 0.0, 8.7e-05, 0.0, 0.0, 0.0, 1.0],
                [-1.0, 0.0, -0.0, 0.00088, 0.0, -0.0, -1.0, 0.386894, -0.0, -1.0, 0.0, 0.001025, 0.0, 0.0, 0.0, 1.0],
                [-1.0, 0.0, -0.0, -0.000289, 0.0, -0.0, -1.0, 0.405662, -0.0, -1.0, 0.0, 0.003271, 0.0, 0.0, 0.0, 1.0],
                [-1.0, 0.0, -0.0, 0.0, -0.0, 0.0, -1.0, 0.321375, -0.0, -1.0, 0.0, 0.0, 0.0, 0.0, 0.0, 1.0],
                [-1.0, 0.0, -0.0, -0.0, -0.0, -0.0, -1.0, 0.32237, -0.0, -1.0, 0.0, 0.0, 0.0, 0.0, 0.0, 1.0],
                [-1.0, 0.0, -0.0, 0.0, 0.0, -0.0, -1.0, 0.32237, -0.0, -1.0, 0.0, -0.0, 0.0, 0.0, 0.0, 1.0]
            ]
        },
        {
            "name": "Shoulder_L",
            "time": [0.0, 0.1, 0.2, 0.3, 0.4667, 0.8333],
            "transform": [
                [0.532772, -0.791817, -0.298629, -0.0, 0.167171, -0.247454, 0.954369, 0.4, -0.829582, -0.558384, 0.000533, -0.0, 0.0, 0.0, 0.0, 1.0],
                [0.491491, -0.758438, -0.428029, 0.0, 0.544399, -0.116056, 0.830759, 0.4, -0.679755, -0.641329, 0.355852, 0.0, 0.0, 0.0, 0.0, 1.0],
                [0.961718, -0.204219, 0.182736, -0.0, -0.152666, 0.154499, 0.976127, 0.4, -0.227576, -0.966656, 0.117408, 0.0, 0.0, 0.0, 0.0, 1.0],
                [0.567431, -0.771871, -0.286771, -0.0, -0.093116, -0.406184, 0.909035, 0.4, -0.818139, -0.489111, -0.302355, 0.0, 0.0, 0.0, 0.0, 1.0],
                [0.557792, -0.778421, -0.287974, -0.0, -0.100752, -0.407903, 0.907449, 0.4, -0.823843, -0.477154, -0.305952, -0.0, 0.0, 0.0, 0.0, 1.0],
                [0.557792, -0.778421, -0.287974, -0.0, -0.100752, -0.407903, 0.907449, 0.4, -0.823843, -0.477154, -0.305952, 0.0, 0.0, 0.0, 0.0, 1.0]
            ]
        },
        {
            "name": "Arm_L",
            "time": [0.0, 0.1, 0.2, 0.3, 0.4667, 0.8333],
            "transform": [
                [-0.50606, 0.595338, 0.62408, -0.0, -0.822776, -0.116164, -0.556367, 0.39386, -0.258731, -0.795034, 0.548616, -0.0, 0.0, 0.0, 0.0, 1.0],
                [-0.223302, 0.968631, -0.109043, 0.0, -0.964644, -0.235666, -0.117994, 0.39386, -0.139991, 0.07884, 0.987009, 0.0, 0.0, 0.0, 0.0, 1.0],
                [0.031867, 0.828219, -0.559498, 0.0, -0.958423, 0.184137, 0.217989, 0.39386, 0.283567, 0.529289, 0.799651, 0.0, 0.0, 0.0, 0.0, 1.0],
                [-0.197428, 0.913526, 0.355658, 0.0, -0.555378, 0.194733, -0.808476, 0.393861, -0.807823, -0.35714, 0.468907, -0.0, 0.0, 0.0, 0.0, 1.0],
                [-0.205091, 0.90243, 0.378889, 0.0, -0.555004, 0.21163, -0.804477, 0.39386, -0.806169, -0.375276, 0.457449, -0.0, 0.0, 0.0, 0.0, 1.0],
                [-0.205091, 0.90243, 0.378889, -0.0, -0.555004, 0.21163, -0.804477, 0.39386, -0.806169, -0.375276, 0.457449, 0.0, 0.0, 0.0, 0.0, 1.0]
            ]
        },
        {
            "name": "Hand_L",
            "time": [0.0, 0.1, 0.2, 0.8333],
            "transform": [
                [1.02076, 0.000597, -0.002287, 0.0, -0.00132, 0.948198, -0.317677, 0.3, 0.002019, 0.317679, 0.948196, -0.0, 0.0, 0.0, 0.0, 1.0],
                [1.02074, -0.001167, -0.006538, 0.0, -0.005744, 0.373967, -0.927425, 0.3, 0.0036, 0.927442, 0.373952, 0.0, 0.0, 0.0, 0.0, 1.0],
                [1.020763, 0.0, 0.0, 0.0, -0.0, 0.993937, 0.109947, 0.3, -0.0, -0.109947, 0.993937, 0.0, 0.0, 0.0, 0.0, 1.0],
                [1.020763, -0.0, 0.0, -0.0, -0.0, 0.993937, 0.109947, 0.3, -0.0, -0.109947, 0.993937, 0.0, 0.0, 0.0, 0.0, 1.0]
            ]
        },
        {
            "name": "Tool_L",
            "time": [0.0, 0.8333],
            "transform": [
                [1.0, -0.0, 0.0, 0.0, -0.0, -0.999836, 0.018122, 0.272858, 0.0, -0.018122, -0.999247, -0.0, 0.0, 0.0, 0.0, 1.0],
                [1.0, -0.0, 0.0, -0.0, -0.0, -0.999836, 0.018122, 0.272858, 0.0, -0.018122, -0.999248, -0.0, 0.0, 0.0, 0.0, 1.0]
            ]
        },
        {
            "name": "Elbow_L",
            "time": [0.0, 0.1, 0.2, 0.25, 0.3, 0.4667, 0.8333],
            "transform": [
                [-1.0, 0.0, -0.0, 0.000305, -0.0, 0.0, -1.0, 0.379749, -0.0, -1.0, -0.0, 0.000378, 0.0, 0.0, 0.0, 1.0],
                [-1.0, 0.0, -0.0, 0.0009, 0.0, -0.0, -1.0, 0.41927, -0.0, -1.0, -0.0, 0.001114, 0.0, 0.0, 0.0, 1.0],
                [-1.0, 0.0, -0.0, 0.0, 0.0, -0.0, -1.0, 0.359456, -0.0, -1.0, -0.0, 0.0, 0.0, 0.0, 0.0, 1.0],
                [-1.0, 0.0, -0.0, 0.0, 0.0, -0.0, -1.0, 0.359456, -0.0, -1.0, -0.0, -0.0, 0.0, 0.0, 0.0, 1.0],
                [-1.0, 0.0, -0.0, 0.0, 0.0, -0.0, -1.0, 0.305285, -0.0, -1.0, 0.0, -0.0, 0.0, 0.0, 0.0, 1.0],
                [-1.0, 0.0, -0.0, -0.0, -0.0, -0.0, -1.0, 0.3, -0.0, -1.0, -0.0, 0.0, 0.0, 0.0, 0.0, 1.0],
                [-1.0, 0.0, -0.0, -0.0, -0.0, -0.0, -1.0, 0.3, -0.0, -1.0, -0.0, 0.0, 0.0, 0.0, 0.0, 1.0]
            ]
        }
    ]
}