{
    "animation": [
        {
            "name": "Coord",
            "time": [0.0, 0.05, 0.35, 0.5833, 0.9833, 1.2],
            "transform": [
                [1.0, 0.0, 0.0, 0.0, 0.0, 0.0, -1.0, -1e-06, 0.0, 1.0, 0.0, 0.0, 0.0, 0.0, 0.0, 1.0],
                [1.0, 0.0, 0.0, 0.0, 0.0, 0.0, -1.0, -9.3e-05, 0.0, 1.0, 0.0, 0.0, 0.0, 0.0, 0.0, 1.0],
                [1.0, 0.0, 0.0, 0.0, 0.0, 0.0, -1.0, 0.999814, 0.0, 1.0, 0.0, 0.0, 0.0, 0.0, 0.0, 1.0],
                [1.0, 0.0, 0.0, 0.0, 0.0, 0.0, -1.0, 0.999814, 0.0, 1.0, 0.0, 0.0, 0.0, 0.0, 0.0, 1.0],
                [1.0, 0.0, 0.0, 0.0, 0.0, 0.0, -1.0, 1.001243, 0.0, 1.0, 0.0, 0.0, 0.0, 0.0, 0.0, 1.0],
                [1.0, 0.0, 0.0, 0.0, 0.0, 0.0, -1.0, 1.001243, 0.0, 1.0, 0.0, 0.0, 0.0, 0.0, 0.0, 1.0]
            ]
        },
        {
            "name": "Root",
            "time": [0.0, 0.05, 0.25, 0.35, 0.5, 0.5833, 0.9833, 1.2],
            "transform": [
                [0.252443, -0.007598, 0.967582, -5e-06, 0.051889, 0.998637, -0.005696, 0.692793, -0.966219, 0.051645, 0.252493, -0.000298, 0.0, 0.0, 0.0, 1.0],
                [0.032299, 0.005832, 0.999461, -5e-06, 0.049645, 0.998739, -0.007432, 0.692793, -0.998245, 0.049858, 0.031969, -0.000298, 0.0, 0.0, 0.0, 1.0],
                [0.992783, 0.000946, 0.119925, -5e-06, -0.023466, 0.982172, 0.186512, 0.704248, -0.11761, -0.18798, 0.975106, -0.000298, 0.0, 0.0, 0.0, 1.0],
                [-0.204673, 0.002225, -0.978828, -5e-06, 0.295057, 0.953623, -0.059529, 0.59386, 0.933301, -0.300994, -0.195838, -0.000298, 0.0, 0.0, 0.0, 1.0],
                [-0.344049, 0.046771, -0.937786, -5e-06, 0.28335, 0.957368, -0.056206, 0.59386, 0.895178, -0.285059, -0.342635, -0.000298, 0.0, 0.0, 0.0, 1.0],
                [-0.344049, 0.046771, -0.937786, -5e-06, 0.28335, 0.957368, -0.056206, 0.59386, 0.895178, -0.285059, -0.342635, -0.000298, 0.0, 0.0, 0.0, 1.0],
                [0.921285, 0.00512, -0.388854, -5e-06, 0.010335, 0.999238, 0.037642, 0.663052, 0.38875, -0.038698, 0.92053, -0.059108, 0.0, 0.0, 0.0, 1.0],
                [0.921285, 0.00512, -0.388854, -5e-06, 0.010335, 0.999238, 0.037642, 0.663052, 0.38875, -0.038698, 0.92053, -0.059108, 0.0, 0.0, 0.0, 1.0]
            ]
        },
        {
            "name": "Thigh_R",
            "time": [0.0, 0.05, 0.1167, 0.25, 0.35, 0.5, 0.5833, 0.6667, 0.75, 0.8333, 0.9167, 0.9833, 1.2],
            "transform": [
                [0.333639, 0.517535, 0.787935, 0.124995, 0.117187, -0.852111, 0.510069, -0.002831, 0.935388, -0.077843, -0.344947, -1.2e-05, 0.0, 0.0, 0.0, 1.0],
                [0.042203, 0.513885, 0.85682, 0.124995, 0.150796, -0.851034, 0.50299, -0.002831, 0.987663, 0.107977, -0.113408, -1.2e-05, 0.0, 0.0, 0.0, 1.0],
                [0.584489, 0.444653, 0.678716, 0.124995, 0.069144, -0.860724, 0.504352, -0.002831, 0.808449, -0.247858, -0.533831, -1.2e-05, 0.0, 0.0, 0.0, 1.0],
                [0.986217, 0.020671, 0.164158, 0.124994, -0.025699, -0.960984, 0.275399, -0.002831, 0.163446, -0.275821, -0.947211, -1.2e-05, 0.0, 0.0, 0.0, 1.0],
                [0.983357, 0.11392, -0.141528, 0.124994, 0.1707, -0.846047, 0.505038, -0.002831, -0.062206, -0.520791, -0.851415, -1.2e-05, 0.0, 0.0, 0.0, 1.0],
                [0.988304, 0.082343, -0.128355, 0.124994, 0.14151, -0.808904, 0.570655, -0.002831, -0.056837, -0.582142, -0.811097, -1.2e-05, 0.0, 0.0, 0.0, 1.0],
                [0.988129, 0.081812, -0.130028, 0.124994, 0.14204, -0.808991, 0.570399, -0.002831, -0.058526, -0.582096, -0.811011, -1.2e-05, 0.0, 0.0, 0.0, 1.0],
                [0.975295, 0.13409, -0.175555, 0.124994, 0.206162, -0.837964, 0.505283, -0.002831, -0.079356, -0.528991, -0.844909, -1.2e-05, 0.0, 0.0, 0.0, 1.0],
                [0.93756, 0.265686, -0.224478, 0.124994, 0.316603, -0.919117, 0.234483, -0.002831, -0.144023, -0.290912, -0.945848, -1.2e-05, 0.0, 0.0, 0.0, 1.0],
                [0.927685, 0.233507, -0.291332, 0.124994, 0.332939, -0.870506, 0.362446, -0.002831, -0.168973, -0.433231, -0.885302, -1.2e-05, 0.0, 0.0, 0.0, 1.0],
                [0.9762, 0.176917, -0.125434, 0.124994, 0.180771, -0.983321, 0.019947, -0.002831, -0.119813, -0.042147, -0.991902, -1.2e-05, 0.0, 0.0, 0.0, 1.0],
                [0.979822, 0.169247, -0.106319, 0.124994, 0.164713, -0.985064, -0.050134, -0.002831, -0.113217, 0.031611, -0.993068, -1.2e-05, 0.0, 0.0, 0.0, 1.0],
                [0.979822, 0.169247, -0.106319, 0.124994, 0.164713, -0.985064, -0.050134, -0.002831, -0.113217, 0.031611, -0.993068, -1.2e-05, 0.0, 0.0, 0.0, 1.0]
            ]
        },
        {
            "name": "Leg_R",
            "time": [0.0, 0.05, 0.1167, 0.25, 0.35, 0.5, 0.5833, 0.6667, 0.75, 0.8333, 0.9167, 0.9833, 1.2],
            "transform": [
                [1.0, -0.0, 1e-06, -0.0, -0.0, 0.782351, 0.622838, 0.37472, -1e-06, -0.622838, 0.78235, -0.0, 0.0, 0.0, 0.0, 1.0],
                [1.0, 0.0, 1e-06, 0.0, -1e-06, 0.786993, 0.616962, 0.37472, -0.0, -0.616963, 0.786992, 0.0, 0.0, 0.0, 0.0, 1.0],
                [1.0, -0.0, 0.0, 0.0, -0.0, 0.647003, 0.762488, 0.37472, -1e-06, -0.762489, 0.647002, -0.0, 0.0, 0.0, 0.0, 1.0],
                [1.0, -1e-06, 1e-06, 0.0, -0.0, 0.76766, 0.640858, 0.37472, -1e-06, -0.640859, 0.767659, -0.0, 0.0, 0.0, 0.0, 1.0],
                [1.0, -1e-06, 1e-06, -0.0, 0.0, 0.793715, 0.60829, 0.37472, -1e-06, -0.608291, 0.793714, -0.0, 0.0, 0.0, 0.0, 1.0],
                [1.0, -1e-06, 1e-06, 0.0, 0.0, 0.816126, 0.577874, 0.37472, -1e-06, -0.577875, 0.816125, 0.0, 0.0, 0.0, 0.0, 1.0],
                [1.0, -1e-06, 1e-06, 0.0, -0.0, 0.816132, 0.577866, 0.37472, -1e-06, -0.577867, 0.816131, -0.0, 0.0, 0.0, 0.0, 1.0],
                [1.0, -0.0, 1e-06, 0.0, -0.0, 0.822321, 0.569024, 0.37472, -1e-06, -0.569024, 0.82232, 0.0, 0.0, 0.0, 0.0, 1.0],
                [1.0, -0.0, 1e-06, -0.0, 0.0, 0.866834, 0.498598, 0.37472, -1e-06, -0.498599, 0.866832, -0.0, 0.0, 0.0, 0.0, 1.0],
                [1.0, -1e-06, 1e-06, 0.0, -0.0, 0.505893, 0.862596, 0.37472, -1e-06, -0.862597, 0.505893, 0.0, 0.0, 0.0, 0.0, 1.0],
                [1.0, -1e-06, 1e-06, 0.0, -0.0, 0.768244, 0.640157, 0.37472, -1e-06, -0.640158, 0.768243, -0.0, 0.0, 0.0, 0.0, 1.0],
                [1.0, -1e-06, 1e-06, -0.0, -0.0, 0.805277, 0.592898, 0.37472, -1e-06, -0.592899, 0.805276, -0.0, 0.0, 0.0, 0.0, 1.0],
                [1.0, -1e-06, 1e-06, -0.0, -0.0, 0.805277, 0.592898, 0.37472, -1e-06, -0.592899, 0.805276, -0.0, 0.0, 0.0, 0.0, 1.0]
            ]
        },
        {
            "name": "Knee_R",
            "time": [0.0, 0.05, 0.1167, 0.25, 0.35, 0.5, 0.5833, 0.6667, 0.75, 0.8333, 0.9167, 0.9833, 1.2],
            "transform": [
                [1.0, 0.0, -0.0, 0.0, -0.0, 1e-06, -1.0, 0.399048, -0.0, 1.0, 1e-06, -0.0, 0.0, 0.0, 0.0, 1.0],
                [1.0, 0.0, -0.0, 0.0, -0.0, 1e-06, -1.0, 0.398376, -0.0, 1.0, 1e-06, -0.0, 0.0, 0.0, 0.0, 1.0],
                [1.0, 0.0, -0.0, 0.0, -0.0, 1e-06, -1.0, 0.416538, -0.0, 1.0, 1e-06, -0.0, 0.0, 0.0, 0.0, 1.0],
                [1.0, 0.0, -0.0, 0.0, -0.0, 1e-06, -1.0, 0.401136, -0.0, 1.0, 1e-06, -0.0, 0.0, 0.0, 0.0, 1.0],
                [1.0, 0.0, -0.0, 0.0, -0.0, 1e-06, -1.0, 0.397391, -0.0, 1.0, 1e-06, 0.0, 0.0, 0.0, 0.0, 1.0],
                [1.0, 0.0, -0.0, 0.0, -0.0, 1e-06, -1.0, 0.393998, -0.0, 1.0, 1e-06, 0.0, 0.0, 0.0, 0.0, 1.0],
                [1.0, 0.0, -0.0, -0.0, -0.0, 1e-06, -1.0, 0.393997, -0.0, 1.0, 1e-06, -0.0, 0.0, 0.0, 0.0, 1.0],
                [1.0, 0.0, -0.0, 0.0, -0.0, 1e-06, -1.0, 0.393028, -0.0, 1.0, 1e-06, 0.0, 0.0, 0.0, 0.0, 1.0],
                [1.0, 0.0, -0.0, -0.0, -0.0, 1e-06, -1.0, 0.385545, -0.0, 1.0, 1e-06, -0.0, 0.0, 0.0, 0.0, 1.0],
                [1.0, 0.0, -0.0, 0.0, -0.0, 1e-06, -1.0, 0.432093, -0.0, 1.0, 1e-06, 0.0, 0.0, 0.0, 0.0, 1.0],
                [1.0, 0.0, -0.0, 0.0, -0.0, 1e-06, -1.0, 0.401054, -0.0, 1.0, 1e-06, -0.0, 0.0, 0.0, 0.0, 1.0],
                [1.0, 0.0, -0.0, -0.0, -0.0, 1e-06, -1.0, 0.395662, 0.0, 1.0, 1e-06, -0.0, 0.0, 0.0, 0.0, 1.0],
                [1.0, 0.0, -0.0, -0.0, -0.0, 1e-06, -1.0, 0.395662, 0.0, 1.0, 1e-06, -0.0, 0.0, 0.0, 0.0, 1.0]
            ]
        },
        {
            "name": "Thigh_L",
            "time": [0.0, 0.05, 0.1167, 0.25, 0.35, 0.5, 0.5833, 0.6667, 0.75, 0.8333, 0.9167, 0.9833, 1.2],
            "transform": [
                [0.698448, -0.524249, -0.487168, -0.143215, -0.392916, -0.849858, 0.351223, -0.002831, -0.598152, -0.053894, -0.799568, 0.011049, 0.0, 0.0, 0.0, 1.0],
                [0.726928, -0.506238, -0.464003, -0.143215, -0.263575, -0.829618, 0.492201, -0.002831, -0.634116, -0.235495, -0.736504, 0.011049, 0.0, 0.0, 0.0, 1.0],
                [0.810667, -0.464853, -0.355991, -0.143216, -0.017483, -0.626953, 0.778861, -0.002831, -0.585245, -0.625173, -0.516378, 0.011049, 0.0, 0.0, 0.0, 1.0],
                [0.845778, -0.446284, -0.292386, -0.143216, 0.180228, -0.276821, 0.943868, -0.002831, -0.502172, -0.850999, -0.153697, 0.011049, 0.0, 0.0, 0.0, 1.0],
                [-0.138584, -0.978961, -0.149768, -0.143216, -0.079748, -0.139705, 0.986976, -0.002831, -0.987134, 0.148722, -0.05871, 0.011049, 0.0, 0.0, 0.0, 1.0],
                [-0.196397, -0.959156, -0.20359, -0.143216, -0.171928, -0.170731, 0.970201, -0.002831, -0.965333, 0.225548, -0.131376, 0.011049, 0.0, 0.0, 0.0, 1.0],
                [-0.18309, -0.961129, -0.206659, -0.143216, -0.185808, -0.172593, 0.967309, -0.002831, -0.965377, 0.215504, -0.146986, 0.011049, 0.0, 0.0, 0.0, 1.0],
                [-0.009828, -0.994635, -0.102983, -0.143215, -0.319222, -0.094479, 0.942958, -0.002831, -0.947628, 0.042142, -0.316581, 0.011049, 0.0, 0.0, 0.0, 1.0],
                [0.382747, -0.878475, -0.285984, -0.143216, -0.336622, -0.420886, 0.842342, -0.002831, -0.860342, -0.226136, -0.456807, 0.011049, 0.0, 0.0, 0.0, 1.0],
                [0.740712, -0.61098, -0.279374, -0.143215, -0.149215, -0.555075, 0.818307, -0.002831, -0.655042, -0.564443, -0.502318, 0.011049, 0.0, 0.0, 0.0, 1.0],
                [0.906401, -0.335446, -0.256733, -0.143216, -0.038274, -0.67049, 0.74093, -0.002831, -0.420679, -0.661754, -0.620573, 0.011049, 0.0, 0.0, 0.0, 1.0],
                [0.935332, -0.262416, -0.237258, -0.143216, -0.015874, -0.701113, 0.712873, -0.002831, -0.353414, -0.663007, -0.65994, 0.011049, 0.0, 0.0, 0.0, 1.0],
                [0.935332, -0.262416, -0.237258, -0.143216, -0.015874, -0.701113, 0.712873, -0.002831, -0.353414, -0.663007, -0.65994, 0.011049, 0.0, 0.0, 0.0, 1.0]
            ]
        },
        {
            "name": "Leg_L",
            "time": [0.0, 0.05, 0.1167, 0.25, 0.35, 0.5, 0.5833, 0.6667, 0.75, 0.8333, 0.9167, 0.9833, 1.2],
            "transform": [
                [1.0, -0.0, 1e-06, -0.0, 0.0, 0.966746, 0.255738, 0.37472, -1e-06, -0.255737, 0.966747, 0.0, 0.0, 0.0, 0.0, 1.0],
                [1.0, -1e-06, 1e-06, 0.0, 0.0, 0.975375, 0.220553, 0.37472, -1e-06, -0.220553, 0.975375, -0.0, 0.0, 0.0, 0.0, 1.0],
                [1.0, -1e-06, 1e-06, 0.0, -0.0, 0.264065, 0.964505, 0.37472, -1e-06, -0.964505, 0.264065, 0.0, 0.0, 0.0, 0.0, 1.0],
                [1.0, -1e-06, 0.0, -0.0, -0.0, -0.075269, 0.997164, 0.37472, -1e-06, -0.997163, -0.075269, -0.0, 0.0, 0.0, 0.0, 1.0],
                [1.0, -1e-06, 0.0, 0.0, 0.0, 0.397758, 0.917491, 0.37472, -1e-06, -0.91749, 0.397758, -0.0, 0.0, 0.0, 0.0, 1.0],
                [1.0, -1e-06, 0.0, 0.0, 0.0, 0.414926, 0.909855, 0.37472, -1e-06, -0.909855, 0.414926, 0.0, 0.0, 0.0, 0.0, 1.0],
                [1.0, -1e-06, 0.0, -0.0, 0.0, 0.414926, 0.909855, 0.37472, -1e-06, -0.909855, 0.414927, 0.0, 0.0, 0.0, 0.0, 1.0],
                [1.0, -1e-06, 0.0, -0.0, -0.0, 0.126333, 0.991988, 0.37472, -1e-06, -0.991988, 0.126333, -0.0, 0.0, 0.0, 0.0, 1.0],
                [1.0, -1e-06, 1e-06, -0.0, 0.0, 0.409532, 0.912296, 0.37472, -1e-06, -0.912295, 0.409532, 0.0, 0.0, 0.0, 0.0, 1.0],
                [1.0, -1e-06, 1e-06, -0.0, 0.0, 0.569412, 0.822052, 0.37472, -1e-06, -0.822052, 0.569413, 0.0, 0.0, 0.0, 0.0, 1.0],
                [1.0, -1e-06, 1e-06, -0.0, 0.0, 0.737943, 0.674863, 0.37472, -1e-06, -0.674863, 0.737944, -0.0, 0.0, 0.0, 0.0, 1.0],
                [1.0, -1e-06, 1e-06, 0.0, 0.0, 0.783759, 0.621065, 0.37472, -1e-06, -0.621065, 0.783759, 0.0, 0.0, 0.0, 0.0, 1.0],
                [1.0, -1e-06, 1e-06, 0.0, 0.0, 0.783759, 0.621065, 0.37472, -1e-06, -0.621065, 0.783759, 0.0, 0.0, 0.0, 0.0, 1.0]
            ]
        },
        {
            "name": "Knee_L",
            "time": [0.0, 0.05, 0.1167, 0.25, 0.35, 0.5, 0.5833, 0.6667, 0.75, 0.8333, 0.9167, 0.9833, 1.2],
            "transform": [
                [1.0, 0.0, -0.0, -0.0, -0.0, 1e-06, -1.0, 0.37472, -0.0, 1.0, 1e-06, 0.0, 0.0, 0.0, 0.0, 1.0],
                [1.0, 0.0, -0.0, 0.0, -0.0, 1e-06, -1.0, 0.37472, -0.0, 1.0, 1e-06, -0.0, 0.0, 0.0, 0.0, 1.0],
                [1.0, 0.0, -0.0, 0.0, -0.0, 1e-06, -1.0, 0.455725, 0.0, 1.0, 1e-06, -0.0, 0.0, 0.0, 0.0, 1.0],
                [1.0, 0.0, -0.0, 0.0, -0.0, 1e-06, -1.0, 0.47972, -0.0, 1.0, 0.0, -0.0, 0.0, 0.0, 0.0, 1.0],
                [1.0, 0.0, -0.0, 0.0, -0.0, 1e-06, -1.0, 0.442989, -0.0, 1.0, 1e-06, -0.0, 0.0, 0.0, 0.0, 1.0],
                [1.0, 0.0, -0.0, 0.0, -0.0, 1e-06, -1.0, 0.441302, -0.0, 1.0, 1e-06, 0.0, 0.0, 0.0, 0.0, 1.0],
                [1.0, 0.0, -0.0, -0.0, -0.0, 1e-06, -1.0, 0.441302, -0.0, 1.0, 1e-06, 0.0, 0.0, 0.0, 0.0, 1.0],
                [1.0, 0.0, -0.0, -0.0, -0.0, 1e-06, -1.0, 0.468346, -0.0, 1.0, 1e-06, -0.0, 0.0, 0.0, 0.0, 1.0],
                [1.0, 0.0, -0.0, 0.0, -0.0, 1e-06, -1.0, 0.441833, -0.0, 1.0, 1e-06, 0.0, 0.0, 0.0, 0.0, 1.0],
                [1.0, 0.0, -0.0, 0.0, -0.0, 1e-06, -1.0, 0.425325, -0.0, 1.0, 1e-06, 0.0, 0.0, 0.0, 0.0, 1.0],
                [1.0, 0.0, -0.0, 0.0, -0.0, 1e-06, -1.0, 0.405191, -0.0, 1.0, 1e-06, -0.0, 0.0, 0.0, 0.0, 1.0],
                [1.0, 0.0, -0.0, 0.0, -0.0, 1e-06, -1.0, 0.398845, -0.0, 1.0, 1e-06, 0.0, 0.0, 0.0, 0.0, 1.0],
                [1.0, 0.0, -0.0, 0.0, -0.0, 1e-06, -1.0, 0.398845, -0.0, 1.0, 1e-06, 0.0, 0.0, 0.0, 0.0, 1.0]
            ]
        },
        {
            "name": "Torso",
            "time": [0.0, 1.2],
            "transform": [
                [1.0, -0.0, -0.0, -0.0, 0.0, 1.0, 0.0, 0.05, 0.0, -0.0, 1.0, 0.0, 0.0, 0.0, 0.0, 1.0],
                [1.0, 0.0, -0.0, 0.0, -0.0, 1.0, 0.0, 0.05, -0.0, 0.0, 1.0, 0.0, 0.0, 0.0, 0.0, 1.0]
            ]
        },
        {
            "name": "Chest",
            "time": [0.0, 0.05, 0.35, 0.5833, 0.9833, 1.2],
            "transform": [
                [0.999984, 0.002381, -0.005146, -0.0, -0.003146, 0.988024, -0.154265, 0.3, 0.004718, 0.154279, 0.988016, 0.0, 0.0, 0.0, 0.0, 1.0],
                [0.999936, 0.003938, -0.010598, 0.0, -0.006982, 0.952385, -0.304818, 0.3, 0.008893, 0.304872, 0.952352, -0.0, 0.0, 0.0, 0.0, 1.0],
                [1.0, -0.0, -0.0, -0.0, -0.0, 1.0, 0.0, 0.3, 0.0, -0.0, 1.0, -0.0, 0.0, 0.0, 0.0, 1.0],
                [1.0, 0.0, -0.0, 0.0, -0.0, 1.0, 0.0, 0.3, -0.0, -0.0, 1.0, -0.0, 0.0, 0.0, 0.0, 1.0],
                [0.921516, -0.006704, 0.388281, 0.0, 0.007623, 0.999971, -0.000828, 0.3, -0.388264, 0.003723, 0.921541, 0.0, 0.0, 0.0, 0.0, 1.0],
                [0.921516, -0.006704, 0.388281, 0.0, 0.007623, 0.999971, -0.000828, 0.3, -0.388264, 0.003723, 0.921541, 0.0, 0.0, 0.0, 0.0, 1.0]
            ]
        },
        {
            "name": "Head",
            "time": [0.0, 0.05, 0.25, 0.35, 0.5, 0.5833, 0.9833, 1.2],
            "transform": [
                [0.260016, 0.015573, -0.965479, 0.0, 0.012667, 0.999729, 0.019537, 0.4, 0.965521, -0.017309, 0.259748, -0.0, 0.0, 0.0, 0.0, 1.0],
                [0.046993, -0.015449, -0.998776, 0.0, 0.026308, 0.999553, -0.014223, 0.4, 0.998549, -0.025607, 0.047378, 0.0, 0.0, 0.0, 0.0, 1.0],
                [0.99272, -0.036147, -0.11489, -0.0, 0.026932, 0.996369, -0.080774, 0.4, 0.117392, 0.077091, 0.990089, -0.0, 0.0, 0.0, 0.0, 1.0],
                [-0.125024, 0.246442, 0.961059, 0.0, -0.03555, 0.966925, -0.252571, 0.4, -0.991517, -0.065743, -0.112128, 0.0, 0.0, 0.0, 0.0, 1.0],
                [-0.303989, 0.245712, 0.920444, -0.0, 0.016721, 0.967394, -0.252723, 0.4, -0.952529, -0.061434, -0.298186, -0.0, 0.0, 0.0, 0.0, 1.0],
                [-0.303989, 0.245712, 0.920444, -0.0, 0.016721, 0.967394, -0.252723, 0.4, -0.952529, -0.061434, -0.298186, -0.0, 0.0, 0.0, 0.0, 1.0],
                [0.99998, 0.005878, 0.002175, -0.0, -0.005795, 0.999318, -0.03648, 0.4, -0.002388, 0.036467, 0.999332, -0.0, 0.0, 0.0, 0.0, 1.0],
                [0.99998, 0.005878, 0.002175, -0.0, -0.005795, 0.999318, -0.03648, 0.4, -0.002388, 0.036467, 0.999332, -0.0, 0.0, 0.0, 0.0, 1.0]
            ]
        },
        {
            "name": "Shoulder_R",
            "time": [0.0, 0.0833, 0.25, 0.3167, 0.5, 0.5833, 0.9833, 1.2],
            "transform": [
                [0.445723, 0.878585, 0.171521, 0.0, -0.136806, -0.1225, 0.982994, 0.4, 0.884655, -0.461608, 0.065594, -0.0, 0.0, 0.0, 0.0, 1.0],
                [0.317969, 0.947937, -0.01764, -0.0, 0.076399, -0.007072, 0.997052, 0.4, 0.945018, -0.318379, -0.07467, 0.0, 0.0, 0.0, 0.0, 1.0],
                [0.501751, 0.859524, -0.097287, -0.0, 0.418391, -0.14271, 0.896985, 0.4, 0.757096, -0.490767, -0.431222, -0.0, 0.0, 0.0, 0.0, 1.0],
                [0.519069, 0.836597, -0.175134, -0.0, 0.356995, -0.026027, 0.933744, 0.4, 0.776609, -0.5472, -0.312171, 0.0, 0.0, 0.0, 0.0, 1.0],
                [0.345212, 0.908421, -0.235797, -0.0, 0.463247, 0.053577, 0.884608, 0.4, 0.81623, -0.41461, -0.402328, -0.0, 0.0, 0.0, 0.0, 1.0],
                [0.345212, 0.908421, -0.235797, -0.0, 0.463247, 0.053577, 0.884608, 0.4, 0.81623, -0.41461, -0.402328, -0.0, 0.0, 0.0, 0.0, 1.0],
                [0.49453, 0.846365, 0.197752, -0.0, 0.083087, -0.272513, 0.958558, 0.4, 0.86518, -0.457604, -0.205088, -0.0, 0.0, 0.0, 0.0, 1.0],
                [0.49453, 0.846365, 0.197752, -0.0, 0.083087, -0.272513, 0.958558, 0.4, 0.86518, -0.457604, -0.205088, -0.0, 0.0, 0.0, 0.0, 1.0]
            ]
        },
        {
            "name": "Arm_R",
            "time": [0.0, 0.0833, 0.25, 0.3167, 0.5833, 0.9833, 1.2],
            "transform": [
                [0.240129, -0.712217, 0.65961, -0.071057, 0.719233, -0.325815, -0.613635, 0.362862, 0.651952, 0.621765, 0.434012, -0.019184, 0.0, 0.0, 0.0, 1.0],
                [0.767217, -0.591576, 0.247821, -0.071057, 0.243153, -0.089273, -0.965871, 0.362862, 0.59351, 0.801291, 0.075351, -0.019184, 0.0, 0.0, 0.0, 1.0],
                [0.60229, -0.796664, -0.050722, -0.038236, 0.783756, 0.602203, -0.151915, 0.350536, 0.15157, 0.051743, 0.987091, 0.001677, 0.0, 0.0, 0.0, 1.0],
                [-0.072075, 0.485869, -0.871055, -0.012751, 0.912994, 0.383743, 0.138504, 0.340965, 0.401556, -0.785285, -0.471253, 0.017877, 0.0, 0.0, 0.0, 1.0],
                [-0.072074, 0.485869, -0.871055, -0.012751, 0.912994, 0.383743, 0.138504, 0.340965, 0.401556, -0.785285, -0.471253, 0.017877, 0.0, 0.0, 0.0, 1.0],
                [-0.00669, -0.779433, -0.62645, -0.037388, 0.671447, 0.460733, -0.580418, 0.298682, 0.741023, -0.42451, 0.520265, 0.048537, 0.0, 0.0, 0.0, 1.0],
                [-0.00669, -0.779433, -0.62645, -0.037388, 0.671447, 0.460733, -0.580418, 0.298682, 0.741023, -0.42451, 0.520265, 0.048537, 0.0, 0.0, 0.0, 1.0]
            ]
        },
        {
            "name": "Hand_R",
            "time": [0.0, 0.0833, 0.25, 0.3167, 0.5833, 0.9833, 1.2],
            "transform": [
                [1.0, 0.0, 0.0, 0.0, 0.0, 0.997861, 0.065378, 0.3, -0.0, -0.065378, 0.997861, -0.0, 0.0, 0.0, 0.0, 1.0],
                [1.0, -0.0, 0.0, -0.0, -0.0, 0.907409, -0.420248, 0.3, -0.0, 0.420248, 0.907409, 0.0, 0.0, 0.0, 0.0, 1.0],
                [1.0, 0.0, 0.0, 0.0, -0.0, 0.746473, -0.665416, 0.3, -0.0, 0.665416, 0.746473, 0.0, 0.0, 0.0, 0.0, 1.0],
                [1.0, 0.0, -0.0, 0.0, -0.0, 0.007249, -0.999974, 0.3, -0.0, 0.999974, 0.007249, -0.0, 0.0, 0.0, 0.0, 1.0],
                [1.0, 0.0, -0.0, 0.0, -0.0, 0.007248, -0.999974, 0.3, -0.0, 0.999974, 0.007249, -0.0, 0.0, 0.0, 0.0, 1.0],
                [1.0, 0.0, -0.0, 0.0, -0.0, 0.337969, -0.941157, 0.3, -0.0, 0.941157, 0.337969, -0.0, 0.0, 0.0, 0.0, 1.0],
                [1.0, 0.0, -0.0, 0.0, -0.0, 0.337969, -0.941157, 0.3, -0.0, 0.941157, 0.337969, -0.0, 0.0, 0.0, 0.0, 1.0]
            ]
        },
        {
            "name": "Tool_R",
            "time": [0.0, 0.0833, 0.25, 0.2833, 0.3, 0.3167, 0.5833, 0.9833, 1.2],
            "transform": [
                [0.551792, 0.269514, -0.789233, -0.001614, 0.201696, -0.961376, -0.187283, 0.267997, -0.808743, -0.055821, -0.584495, 0.029334, 0.0, 0.0, 0.0, 1.0],
                [0.850678, -0.00015, 0.525688, -0.005357, 0.236472, -0.893003, -0.382919, 0.256648, 0.469222, 0.449776, -0.759176, 0.10179, 0.0, 0.0, 0.0, 1.0],
                [0.899607, -0.426234, -0.095039, -0.005357, -0.160123, -0.119476, -0.97984, 0.286111, 0.406044, 0.896156, -0.175638, 0.1063, 0.0, 0.0, 0.0, 1.0],
                [0.910014, -0.360098, -0.205438, -0.005357, -0.29668, -0.21952, -0.929404, 0.300041, 0.289405, 0.906181, -0.306429, 0.107036, 0.0, 0.0, 0.0, 1.0],
                [0.959073, -0.256701, -0.11952, -0.005357, -0.209686, -0.360183, -0.909011, 0.313117, 0.19018, 0.896334, -0.399041, 0.107369, 0.0, 0.0, 0.0, 1.0],
                [0.853511, -0.521075, 0.000408, -0.005357, -0.227919, -0.37403, -0.898975, 0.318612, 0.468306, 0.766733, -0.437751, 0.107488, 0.0, 0.0, 0.0, 1.0],
                [0.853511, -0.521075, 0.000408, -0.005357, -0.227919, -0.37403, -0.898975, 0.318612, 0.468306, 0.766733, -0.437751, 0.107488, 0.0, 0.0, 0.0, 1.0],
                [0.700919, -0.599277, -0.386755, 0.0, -0.69608, -0.692988, -0.187725, 0.272858, -0.155433, 0.400548, -0.902341, -0.0, 0.0, 0.0, 0.0, 1.0],
                [0.700919, -0.599277, -0.386755, 0.0, -0.69608, -0.692988, -0.187725, 0.272858, -0.155433, 0.400548, -0.902341, -0.0, 0.0, 0.0, 0.0, 1.0]
            ]
        },
        {
            "name": "Elbow_R",
            "time": [0.0, 0.0833, 0.25, 0.3167, 0.5833, 0.9833, 1.2],
            "transform": [
                [-1.0, 0.0, -0.0, -0.0, -0.0, -0.0, -1.0, 0.304194, -0.0, -1.0, 0.0, -0.0, 0.0, 0.0, 0.0, 1.0],
                [-1.0, 0.0, 0.0, -0.0, 0.0, -0.0, -1.0, 0.350968, -0.0, -1.0, 0.0, 0.0, 0.0, 0.0, 0.0, 1.0],
                [-1.0, 0.0, -0.0, -0.0, 0.0, -0.0, -1.0, 0.37855, -0.0, -1.0, 0.0, 0.0, 0.0, 0.0, 0.0, 1.0],
                [-1.0, 0.0, -0.0, -0.0, 0.0, -0.0, -1.0, 0.4472, -0.0, -1.0, 0.0, -0.0, 0.0, 0.0, 0.0, 1.0],
                [-1.0, 0.0, -0.0, 0.0, 0.0, -0.0, -1.0, 0.4472, -0.0, -1.0, 0.0, 0.0, 0.0, 0.0, 0.0, 1.0],
                [-1.0, 0.0, -0.0, 0.0, 0.0, -0.0, -1.0, 0.425217, -0.0, -1.0, 0.0, -0.0, 0.0, 0.0, 0.0, 1.0],
                [-1.0, 0.0, -0.0, 0.0, 0.0, -0.0, -1.0, 0.425217, -0.0, -1.0, 0.0, -0.0, 0.0, 0.0, 0.0, 1.0]
            ]
        },
        {
            "name": "Shoulder_L",
            "time": [0.0, 0.0833, 0.25, 0.3167, 0.5, 0.5833, 0.9833, 1.2],
            "transform": [
                [0.183738, -0.982827, 0.017068, 0.0, 0.191428, 0.052808, 0.980085, 0.4, -0.964155, -0.176812, 0.197844, -0.0, 0.0, 0.0, 0.0, 1.0],
                [0.576071, -0.771953, -0.268758, -0.0, 0.184944, -0.197175, 0.962765, 0.4, -0.796202, -0.604326, 0.029181, 0.0, 0.0, 0.0, 0.0, 1.0],
                [0.40861, -0.848064, -0.33738, -0.0, -0.122669, -0.417321, 0.900442, 0.4, -0.904428, -0.326544, -0.274553, -0.0, 0.0, 0.0, 0.0, 1.0],
                [0.342238, -0.855924, -0.387643, -0.0, 0.000329, -0.412446, 0.910982, 0.4, -0.939613, -0.3119, -0.140873, 0.0, 0.0, 0.0, 0.0, 1.0],
                [0.481514, -0.741009, -0.468027, -0.0, -0.006079, -0.536821, 0.843674, 0.4, -0.876417, -0.403395, -0.262992, -0.0, 0.0, 0.0, 0.0, 1.0],
                [0.481514, -0.741009, -0.468027, -0.0, -0.006079, -0.536821, 0.843674, 0.4, -0.876417, -0.403395, -0.262992, -0.0, 0.0, 0.0, 0.0, 1.0],
                [0.392846, -0.881508, -0.261946, -0.0, 0.004574, -0.28297, 0.959118, 0.4, -0.919593, -0.377984, -0.107132, -0.0, 0.0, 0.0, 0.0, 1.0],
                [0.392846, -0.881508, -0.261946, -0.0, 0.004574, -0.28297, 0.959118, 0.4, -0.919593, -0.377984, -0.107132, -0.0, 0.0, 0.0, 0.0, 1.0]
            ]
        },
        {
            "name": "Arm_L",
            "time": [0.0, 0.0833, 0.25, 0.3167, 0.5833, 0.9833, 1.2],
            "transform": [
                [-0.209256, 0.971661, -0.109941, 0.045185, -0.832674, -0.236005, -0.500955, 0.338023, -0.512705, -0.013283, 0.858462, -0.006689, 0.0, 0.0, 0.0, 1.0],
                [-0.632333, 0.757527, -0.162195, 0.09037, -0.733814, -0.518574, 0.438861, 0.282186, 0.248339, 0.396527, 0.883795, -0.013378, 0.0, 0.0, 0.0, 1.0],
                [-0.108187, 0.980788, -0.162326, 0.09037, -0.65515, -0.193151, -0.730391, 0.282186, -0.747713, 0.027329, 0.66346, -0.013378, 0.0, 0.0, 0.0, 1.0],
                [-0.530002, 0.540067, 0.653777, 0.09037, -0.847897, -0.349302, -0.398821, 0.282186, 0.012976, -0.765712, 0.643053, -0.013378, 0.0, 0.0, 0.0, 1.0],
                [-0.530002, 0.540067, 0.653777, 0.09037, -0.847897, -0.349302, -0.398821, 0.282186, 0.012976, -0.765712, 0.643053, -0.013378, 0.0, 0.0, 0.0, 1.0],
                [-0.553706, 0.653173, 0.516502, 0.195272, -0.584523, 0.136896, -0.799745, 0.387056, -0.593079, -0.744731, 0.305994, 0.029867, 0.0, 0.0, 0.0, 1.0],
                [-0.553706, 0.653173, 0.516502, 0.195272, -0.584523, 0.136896, -0.799745, 0.387056, -0.593079, -0.744731, 0.305994, 0.029867, 0.0, 0.0, 0.0, 1.0]
            ]
        },
        {
            "name": "Hand_L",
            "time": [0.0, 0.0833, 0.3167, 0.5833, 0.9833, 1.2],
            "transform": [
                [1.0, 0.0, 0.0, 0.0, -0.0, 0.871824, -0.489819, 0.3, -0.0, 0.489819, 0.871824, -0.0, 0.0, 0.0, 0.0, 1.0],
                [1.0, 0.0, 0.0, -0.0, -0.0, 0.711692, -0.702492, 0.3, -0.0, 0.702492, 0.711692, -0.0, 0.0, 0.0, 0.0, 1.0],
                [1.0, -0.0, 0.0, 0.0, 0.0, 0.998431, -0.055998, 0.3, -0.0, 0.055998, 0.998431, -0.0, 0.0, 0.0, 0.0, 1.0],
                [1.0, 0.0, 0.0, -0.0, 0.0, 0.998431, -0.055998, 0.3, -0.0, 0.055998, 0.998431, 0.0, 0.0, 0.0, 0.0, 1.0],
                [1.0, 0.0, 0.0, 0.0, -0.0, 0.622494, -0.782625, 0.3, -0.0, 0.782624, 0.622494, 0.0, 0.0, 0.0, 0.0, 1.0],
                [1.0, 0.0, 0.0, 0.0, -0.0, 0.622494, -0.782625, 0.3, -0.0, 0.782624, 0.622494, 0.0, 0.0, 0.0, 0.0, 1.0]
            ]
        },
        {
            "name": "Tool_L",
            "time": [0.0, 1.2],
            "transform": [
                [1.0, -0.0, 0.0, -0.0, 0.0, -0.999836, 0.018122, 0.272858, 0.0, -0.018122, -0.999248, 0.0, 0.0, 0.0, 0.0, 1.0],
                [1.0, 0.0, 0.0, -0.0, -0.0, -0.999836, 0.018122, 0.272858, 0.0, -0.018122, -0.999248, 0.0, 0.0, 0.0, 0.0, 1.0]
            ]
        },
        {
            "name": "Elbow_L",
            "time": [0.0, 0.0833, 0.3167, 0.5833, 0.9833, 1.2],
            "transform": [
                [-1.0, 0.0, -0.0, 0.0, 0.0, 0.0, -1.0, 0.358293, -0.0, -1.0, -0.0, -0.0, 0.0, 0.0, 0.0, 1.0],
                [-1.0, 0.0, -0.0, 0.0, 0.0, 0.0, -1.0, 0.383315, -0.0, -1.0, -0.0, -0.0, 0.0, 0.0, 0.0, 1.0],
                [-1.0, 0.0, -0.0, 0.0, 0.0, -0.0, -1.0, 0.315575, -0.0, -1.0, -0.0, 0.0, 0.0, 0.0, 0.0, 1.0],
                [-1.0, 0.0, -0.0, 0.0, 0.0, 0.0, -1.0, 0.315574, -0.0, -1.0, -0.0, 0.0, 0.0, 0.0, 0.0, 1.0],
                [-1.0, 0.0, -0.0, 0.0, 0.0, 0.0, -1.0, 0.394558, -0.0, -1.0, 0.0, 0.0, 0.0, 0.0, 0.0, 1.0],
                [-1.0, 0.0, -0.0, 0.0, 0.0, 0.0, -1.0, 0.394558, -0.0, -1.0, 0.0, 0.0, 0.0, 0.0, 0.0, 1.0]
            ]
        }
    ]
}