{
    "animation": [
        {
            "name": "Root",
            "time": [0.0, 0.05, 0.1167, 0.1667, 0.3333, 0.8333],
            "transform": [
                [0.583271, -0.032598, -0.811623, -5e-06, -0.806391, 0.096839, -0.5834, -0.002914, 0.097615, 0.994766, 0.030197, 0.742611, 0.0, 0.0, 0.0, 1.0],
                [0.995232, -0.095578, -0.019469, -5e-06, -0.015945, 0.037499, -0.999169, 0.126606, 0.096229, 0.994715, 0.035797, 0.775895, 0.0, 0.0, 0.0, 1.0],
                [0.663865, -0.091045, 0.742289, -5e-06, 0.742063, -0.043067, -0.668945, 0.686706, 0.092872, 0.994915, 0.038971, 0.773255, 0.0, 0.0, 0.0, 1.0],
                [0.440027, -0.075266, 0.894825, -5e-06, 0.893374, -0.064156, -0.44471, 1.006954, 0.09088, 0.995098, 0.039011, 0.694622, 0.0, 0.0, 0.0, 1.0],
                [0.264918, -0.060029, 0.962401, -5e-06, 0.960219, -0.074982, -0.268994, 0.998998, 0.08831, 0.995376, 0.037776, 0.694498, 0.0, 0.0, 0.0, 1.0],
                [0.264918, -0.060029, 0.962401, -5e-06, 0.960219, -0.074982, -0.268994, 0.998998, 0.08831, 0.995376, 0.037776, 0.694498, 0.0, 0.0, 0.0, 1.0]
            ]
        },
        {
            "name": "Thigh_R",
            "time": [0.0, 0.05, 0.1167, 0.1667, 0.3333, 0.8333],
            "transform": [
                [0.990267, 0.100434, -0.096356, 0.124994, 0.131226, -0.904448, 0.405893, -0.002831, -0.046383, -0.414586, -0.908827, -1.2e-05, 0.0, 0.0, 0.0, 1.0],
                [0.987903, 0.055614, 0.144757, 0.124994, -0.039915, -0.810829, 0.583917, -0.002831, 0.149848, -0.58263, -0.798803, -1.2e-05, 0.0, 0.0, 0.0, 1.0],
                [0.673769, 0.331186, 0.660569, 0.156501, -0.092094, -0.849332, 0.519761, -0.007152, 0.733181, -0.411032, -0.541755, 0.035217, 0.0, 0.0, 0.0, 1.0],
                [0.459643, 0.400446, 0.792699, 0.140449, -0.075482, -0.871727, 0.484139, -0.005474, 0.88489, -0.282365, -0.370458, 0.031417, 0.0, 0.0, 0.0, 1.0],
                [0.261368, 0.443175, 0.857486, 0.132268, -0.054161, -0.88023, 0.471442, -0.004479, 0.963718, -0.169662, -0.206062, 0.026413, 0.0, 0.0, 0.0, 1.0],
                [0.261368, 0.443175, 0.857486, 0.132268, -0.054161, -0.88023, 0.471442, -0.004479, 0.963718, -0.169662, -0.206062, 0.026413, 0.0, 0.0, 0.0, 1.0]
            ]
        },
        {
            "name": "Leg_R",
            "time": [0.0, 0.05, 0.1167, 0.1667, 0.3333, 0.8333],
            "transform": [
                [0.999983, 0.000215, -0.005798, -0.0, 0.003904, 0.714295, 0.699834, 0.37472, 0.004292, -0.699845, 0.714281, -0.0, 0.0, 0.0, 0.0, 1.0],
                [0.999941, 0.003178, -0.010401, -0.0, 0.009137, 0.273152, 0.961927, 0.37472, 0.005898, -0.961966, 0.273106, -0.0, 0.0, 0.0, 0.0, 1.0],
                [0.999991, 0.000415, -0.004183, 0.0, 0.003015, 0.622608, 0.782528, 0.37472, 0.002929, -0.782535, 0.6226, 0.0, 0.0, 0.0, 0.0, 1.0],
                [1.0, 0.0, 1e-06, 0.0, -0.0, 0.792828, 0.609446, 0.37472, -0.0, -0.609447, 0.792826, 0.0, 0.0, 0.0, 0.0, 1.0],
                [1.0, -0.000387, 0.000469, -0.0, 7.4e-05, 0.842826, 0.538187, 0.37472, -0.000604, -0.538188, 0.842824, -0.0, 0.0, 0.0, 0.0, 1.0],
                [1.0, -0.000387, 0.000469, -0.0, 7.4e-05, 0.842826, 0.538187, 0.37472, -0.000604, -0.538188, 0.842824, -0.0, 0.0, 0.0, 0.0, 1.0]
            ]
        },
        {
            "name": "Knee_R",
            "time": [0.0, 0.05, 0.1167, 0.1667, 0.3333, 0.8333],
            "transform": [
                [1.0, 0.0, -0.0, -0.000255, -0.0, 1e-06, -1.0, 0.417855, -0.0, 1.0, 1e-06, -0.000624, 0.0, 0.0, 0.0, 1.0],
                [1.0, 0.0, -0.0, -0.000493, -0.0, 1e-06, -1.0, 0.449874, -0.0, 1.0, 1e-06, -0.001208, 0.0, 0.0, 0.0, 1.0],
                [1.0, 0.0, -0.0, -0.000103, -0.0, 1e-06, -1.0, 0.417488, -0.0, 1.0, 1e-06, 0.000845, 0.0, 0.0, 0.0, 1.0],
                [1.0, 0.0, -0.0, -0.000131, -0.0, 1e-06, -1.0, 0.396224, -0.0, 1.0, 1e-06, 0.001027, 0.0, 0.0, 0.0, 1.0],
                [1.0, 0.0, -0.0, -0.000135, -0.0, 1e-06, -1.0, 0.394267, -0.0, 1.0, 1e-06, -0.00203, 0.0, 0.0, 0.0, 1.0],
                [1.0, 0.0, -0.0, -0.000135, -0.0, 1e-06, -1.0, 0.394267, -0.0, 1.0, 1e-06, -0.00203, 0.0, 0.0, 0.0, 1.0]
            ]
        },
        {
            "name": "Thigh_L",
            "time": [0.0, 0.05, 0.1167, 0.1667, 0.8333],
            "transform": [
                [0.577271, -0.383802, -0.720731, -0.125006, -0.04997, -0.897602, 0.437965, -0.002831, -0.815021, -0.21681, -0.537339, -1.2e-05, 0.0, 0.0, 0.0, 1.0],
                [0.994789, -0.101906, -0.003086, -0.125006, -0.100151, -0.982428, 0.157497, -0.002831, -0.019081, -0.156367, -0.987514, -1.2e-05, 0.0, 0.0, 0.0, 1.0],
                [0.657662, -0.134118, 0.741277, -0.156513, -0.096705, -0.990913, -0.093487, 0.00149, 0.747079, -0.010202, -0.664656, -0.035241, 0.0, 0.0, 0.0, 1.0],
                [0.760081, -0.385707, 0.522978, -0.125006, -0.388007, -0.914962, -0.110883, -0.002831, 0.521273, -0.118639, -0.845102, -1.2e-05, 0.0, 0.0, 0.0, 1.0],
                [0.760081, -0.385707, 0.522978, -0.125006, -0.388007, -0.914962, -0.110883, -0.002831, 0.521273, -0.118639, -0.845102, -1.2e-05, 0.0, 0.0, 0.0, 1.0]
            ]
        },
        {
            "name": "Leg_L",
            "time": [0.0, 0.05, 0.1167, 0.1667, 0.8333],
            "transform": [
                [0.999998, 0.000254, -0.002073, 0.0, 0.000554, 0.924829, 0.380383, 0.37472, 0.002013, -0.380384, 0.924827, 0.0, 0.0, 0.0, 0.0, 1.0],
                [0.999992, 1.1e-05, -0.004012, 0.0, 0.000596, 0.988481, 0.151341, 0.37472, 0.003968, -0.151342, 0.988474, -0.0, 0.0, 0.0, 0.0, 1.0],
                [0.999994, -0.001118, -0.003196, 0.0, 0.001422, 0.995283, 0.096997, 0.37472, 0.003073, -0.097001, 0.99528, -0.0, 0.0, 0.0, 0.0, 1.0],
                [1.0, -0.0, 2e-06, -0.0, -1e-06, 0.916329, 0.400425, 0.37472, -2e-06, -0.400425, 0.91633, 0.0, 0.0, 0.0, 0.0, 1.0],
                [1.0, -0.0, 2e-06, -0.0, -1e-06, 0.916329, 0.400425, 0.37472, -2e-06, -0.400425, 0.91633, 0.0, 0.0, 0.0, 0.0, 1.0]
            ]
        },
        {
            "name": "Knee_L",
            "time": [0.0, 0.05, 0.1167, 0.1667, 0.8333],
            "transform": [
                [1.0, 0.0, -0.0, 0.000135, -0.0, 1e-06, -1.0, 0.382453, -0.0, 1.0, 1e-06, -0.000354, 0.0, 0.0, 0.0, 1.0],
                [1.0, 0.0, -0.0, 0.00026, -0.0, 1e-06, -1.0, 0.366918, -0.0, 1.0, 1e-06, -0.000685, 0.0, 0.0, 0.0, 1.0],
                [1.0, 0.0, -0.0, 0.0001, -0.0, 1e-06, -1.0, 0.372155, -0.0, 1.0, 1e-06, -0.000263, 0.0, 0.0, 0.0, 1.0],
                [1.0, 0.0, -0.0, 0.0, -0.0, 1e-06, -1.0, 0.37542, -0.0, 1.0, 1e-06, 0.0, 0.0, 0.0, 0.0, 1.0],
                [1.0, 0.0, -0.0, -0.0, -0.0, 1e-06, -1.0, 0.37542, -0.0, 1.0, 1e-06, 0.0, 0.0, 0.0, 0.0, 1.0]
            ]
        },
        {
            "name": "Torso",
            "time": [0.0, 0.05, 0.1167, 0.1667, 0.3333, 0.8333],
            "transform": [
                [1.0, -0.000322, 0.0, -0.0, 0.000322, 1.0, -0.0, 0.05, -0.0, 0.0, 1.0, -0.0, 0.0, 0.0, 0.0, 1.0],
                [1.0, -0.000322, 0.0, -0.0, 0.000322, 1.0, -0.0, 0.05, -0.0, 0.0, 1.0, -0.0, 0.0, 0.0, 0.0, 1.0],
                [1.0, -0.000124, -0.0, 0.0, 0.000124, 1.0, -0.0, 0.05, 0.0, -0.0, 1.0, -0.0, 0.0, 0.0, 0.0, 1.0],
                [1.0, -2e-06, -0.0, -0.0, 2e-06, 1.0, -0.0, 0.05, 0.0, 0.0, 1.0, 0.0, 0.0, 0.0, 0.0, 1.0],
                [1.0, -0.0, 0.0, 0.0, 0.0, 1.0, 0.0, 0.05, 0.0, 0.0, 1.0, -0.0, 0.0, 0.0, 0.0, 1.0],
                [1.0, -0.0, 0.0, 0.0, 0.0, 1.0, 0.0, 0.05, 0.0, 0.0, 1.0, -0.0, 0.0, 0.0, 0.0, 1.0]
            ]
        },
        {
            "name": "Chest",
            "time": [0.0, 0.05, 0.1167, 0.1667, 0.3333, 0.8333],
            "transform": [
                [0.999717, -0.023789, 0.000679, 0.0, 0.023789, 0.998089, -0.057025, 0.3, 0.000679, 0.057025, 0.998372, 0.0, 0.0, 0.0, 0.0, 1.0],
                [0.999717, -0.023789, 0.000679, 0.0, 0.023789, 0.998089, -0.057025, 0.3, 0.000679, 0.057025, 0.998373, 0.0, 0.0, 0.0, 0.0, 1.0],
                [0.999716, -0.023811, 0.000688, 0.0, 0.023811, 0.998047, -0.057758, 0.3, 0.000688, 0.057758, 0.99833, 0.0, 0.0, 0.0, 0.0, 1.0],
                [0.999716, -0.023825, 0.000694, -0.0, 0.023825, 0.99802, -0.058207, 0.3, 0.000694, 0.058207, 0.998304, 0.0, 0.0, 0.0, 0.0, 1.0],
                [0.999716, -0.023825, 0.000694, 0.0, 0.023825, 0.99802, -0.058214, 0.3, 0.000694, 0.058214, 0.998304, 0.0, 0.0, 0.0, 0.0, 1.0],
                [0.999716, -0.023825, 0.000694, 0.0, 0.023825, 0.99802, -0.058214, 0.3, 0.000694, 0.058214, 0.998304, 0.0, 0.0, 0.0, 0.0, 1.0]
            ]
        },
        {
            "name": "Head",
            "time": [0.0, 0.05, 0.1167, 0.1667, 0.3333, 0.8333],
            "transform": [
                [0.581477, 0.116895, 0.805121, -0.0, -0.097994, 0.992482, -0.073325, 0.4, -0.807639, -0.036261, 0.588561, 0.0, 0.0, 0.0, 0.0, 1.0],
                [0.992434, 0.1214, 0.018357, 0.0, -0.121891, 0.992133, 0.028536, 0.4, -0.014748, -0.030557, 0.999424, -0.0, 0.0, 0.0, 0.0, 1.0],
                [0.66428, 0.126446, -0.736712, -0.0, -0.064681, 0.991615, 0.111874, 0.4, 0.74468, -0.026664, 0.666889, -0.0, 0.0, 0.0, 0.0, 1.0],
                [0.556582, 0.118882, -0.822243, -0.0, -0.046444, 0.992614, 0.112077, 0.4, 0.829494, -0.024192, 0.557992, -0.0, 0.0, 0.0, 0.0, 1.0],
                [0.414502, 0.117345, -0.902451, -0.0, -0.028596, 0.992842, 0.115965, 0.4, 0.909599, -0.022261, 0.414891, -0.0, 0.0, 0.0, 0.0, 1.0],
                [0.414502, 0.117345, -0.902451, -0.0, -0.028596, 0.992842, 0.115965, 0.4, 0.909599, -0.022261, 0.414891, -0.0, 0.0, 0.0, 0.0, 1.0]
            ]
        },
        {
            "name": "Shoulder_R",
            "time": [0.0, 0.05, 0.1167, 0.1667, 0.3333, 0.8333],
            "transform": [
                [-0.031748, 0.791377, 0.610503, -0.0, 0.171286, -0.597467, 0.783386, 0.4, 0.984709, 0.129442, -0.116584, 0.0, 0.0, 0.0, 0.0, 1.0],
                [-0.031748, 0.791377, 0.610503, 0.0, 0.171286, -0.597467, 0.783386, 0.4, 0.98471, 0.129442, -0.116583, -0.0, 0.0, 0.0, 0.0, 1.0],
                [0.338783, 0.845754, 0.41222, -0.0, -0.001915, -0.437508, 0.899212, 0.4, 0.940862, -0.305427, -0.146601, -0.0, 0.0, 0.0, 0.0, 1.0],
                [0.512364, 0.80019, 0.311733, -0.0, -0.055371, -0.331463, 0.941842, 0.4, 0.856981, -0.499827, -0.125522, -0.0, 0.0, 0.0, 0.0, 1.0],
                [0.560317, 0.778651, 0.282394, -0.0, -0.066723, -0.297401, 0.952418, 0.4, 0.825586, -0.552498, -0.114685, -0.0, 0.0, 0.0, 0.0, 1.0],
                [0.560317, 0.778651, 0.282394, -0.0, -0.066723, -0.297401, 0.952418, 0.4, 0.825586, -0.552498, -0.114685, -0.0, 0.0, 0.0, 0.0, 1.0]
            ]
        },
        {
            "name": "Arm_R",
            "time": [0.0, 0.05, 0.1167, 0.1667, 0.3333, 0.8333],
            "transform": [
                [-0.252967, -0.675006, -0.693091, -0.0, 0.951067, -0.042121, -0.306103, 0.39386, 0.177428, -0.73661, 0.65263, -0.0, 0.0, 0.0, 0.0, 1.0],
                [-0.252968, -0.675006, -0.693091, -0.0, 0.951066, -0.042121, -0.306103, 0.393861, 0.177428, -0.73661, 0.65263, 0.0, 0.0, 0.0, 0.0, 1.0],
                [-0.058652, -0.996163, -0.064956, 0.0, 0.875745, -0.02011, -0.482355, 0.39386, 0.479198, -0.085176, 0.873564, -0.0, 0.0, 0.0, 0.0, 1.0],
                [0.148866, -0.949891, 0.274857, 0.0, 0.858949, -0.013504, -0.511884, 0.39386, 0.489946, 0.31229, 0.813897, 0.0, 0.0, 0.0, 0.0, 1.0],
                [0.196279, -0.922511, 0.332339, 0.0, 0.84676, -0.01144, -0.531852, 0.393861, 0.494441, 0.385803, 0.7789, 0.0, 0.0, 0.0, 0.0, 1.0],
                [0.196279, -0.922511, 0.332339, 0.0, 0.84676, -0.01144, -0.531852, 0.393861, 0.494441, 0.385803, 0.7789, 0.0, 0.0, 0.0, 0.0, 1.0]
            ]
        },
        {
            "name": "Hand_R",
            "time": [0.0, 0.05, 0.1167, 0.1667, 0.3333, 0.8333],
            "transform": [
                [0.999869, 0.01403, -0.008069, 0.0, -0.016092, 0.808696, -0.588007, 0.3, -0.001724, 0.588059, 0.808816, 0.0, 0.0, 0.0, 0.0, 1.0],
                [0.999869, 0.01403, -0.008069, -0.0, -0.016092, 0.808696, -0.588007, 0.3, -0.001724, 0.588059, 0.808816, -0.0, 0.0, 0.0, 0.0, 1.0],
                [0.999984, 0.004525, -0.003544, 0.0, -0.005746, 0.800143, -0.599782, 0.3, 0.000121, 0.599793, 0.800156, -0.0, 0.0, 0.0, 0.0, 1.0],
                [0.999999, 9.3e-05, -0.001075, 0.0, -0.000727, 0.794764, -0.606918, 0.3, 0.000798, 0.606919, 0.794764, 0.0, 0.0, 0.0, 0.0, 1.0],
                [0.999999, -0.001257, -0.000377, -0.0, 0.00077, 0.794675, -0.607036, 0.3, 0.001063, 0.607035, 0.794675, -0.0, 0.0, 0.0, 0.0, 1.0],
                [0.999999, -0.001257, -0.000377, -0.0, 0.00077, 0.794675, -0.607036, 0.3, 0.001063, 0.607035, 0.794675, -0.0, 0.0, 0.0, 0.0, 1.0]
            ]
        },
        {
            "name": "Tool_R",
            "time": [0.0, 0.05, 0.1167, 0.1667, 0.3333, 0.8333],
            "transform": [
                [-0.01181, -0.006191, -0.999912, -0.001581, 0.01201, -0.99991, 0.006049, 0.272487, -0.999266, -0.011941, 0.011876, 0.031005, 0.0, 0.0, 0.0, 1.0],
                [-0.01181, -0.006191, -0.999912, -0.00158, 0.01201, -0.99991, 0.006049, 0.272487, -0.999266, -0.011941, 0.011876, 0.031005, 0.0, 0.0, 0.0, 1.0],
                [-0.025141, 0.21703, -0.975841, 0.003584, 0.028925, -0.975583, -0.217718, 0.231139, -0.998674, -0.03369, 0.018236, 0.030261, 0.0, 0.0, 0.0, 1.0],
                [-0.028579, 0.321638, -0.946432, 0.006058, 0.036611, -0.945846, -0.322544, 0.211326, -0.998329, -0.043852, 0.015243, 0.029905, 0.0, 0.0, 0.0, 1.0],
                [-0.028578, 0.351828, -0.935629, 0.006803, 0.039026, -0.934904, -0.352748, 0.205359, -0.998238, -0.046577, 0.012975, 0.029796, 0.0, 0.0, 0.0, 1.0],
                [-0.028578, 0.351828, -0.935629, 0.006803, 0.039026, -0.934904, -0.352748, 0.205359, -0.998238, -0.046577, 0.012975, 0.029796, 0.0, 0.0, 0.0, 1.0]
            ]
        },
        {
            "name": "Elbow_R",
            "time": [0.0, 0.05, 0.1167, 0.1667, 0.8333],
            "transform": [
                [-1.0, 0.0, -0.0, 0.0, 0.0, 0.0, -1.0, 0.374424, -0.0, -1.0, 0.0, 0.0, 0.0, 0.0, 0.0, 1.0],
                [-1.0, 0.0, -0.0, -0.0, 0.0, 0.0, -1.0, 0.374424, -0.0, -1.0, 0.0, -0.0, 0.0, 0.0, 0.0, 1.0],
                [-1.0, 0.0, -0.0, 0.0, 0.0, -0.0, -1.0, 0.341748, -0.0, -1.0, 0.0, -0.0, 0.0, 0.0, 0.0, 1.0],
                [-1.0, 0.0, -0.0, 0.0, 0.0, -0.0, -1.0, 0.321375, -0.0, -1.0, 0.0, 0.0, 0.0, 0.0, 0.0, 1.0],
                [-1.0, 0.0, -0.0, -0.0, 0.0, 0.0, -1.0, 0.321376, -0.0, -1.0, 0.0, 0.0, 0.0, 0.0, 0.0, 1.0]
            ]
        },
        {
            "name": "Shoulder_L",
            "time": [0.0, 0.05, 0.1167, 0.1667, 0.3333, 0.8333],
            "transform": [
                [0.724479, -0.661046, -0.195312, -0.0, 0.031323, -0.251485, 0.967354, 0.4, -0.688584, -0.706946, -0.16149, 0.0, 0.0, 0.0, 0.0, 1.0],
                [0.72448, -0.661046, -0.195312, 0.0, 0.031323, -0.251485, 0.967354, 0.4, -0.688584, -0.706946, -0.16149, -0.0, 0.0, 0.0, 0.0, 1.0],
                [0.660595, -0.725814, -0.191856, -0.0, 0.10314, -0.16539, 0.98082, 0.4, -0.743624, -0.667713, -0.034395, -0.0, 0.0, 0.0, 0.0, 1.0],
                [0.60851, -0.771982, -0.183735, -0.0, 0.134167, -0.128117, 0.982642, 0.4, -0.782122, -0.622599, 0.025614, -0.0, 0.0, 0.0, 0.0, 1.0],
                [0.596478, -0.781455, -0.183145, -0.0, 0.145797, -0.118894, 0.982144, 0.4, -0.789277, -0.612529, 0.043016, -0.0, 0.0, 0.0, 0.0, 1.0],
                [0.596478, -0.781455, -0.183145, -0.0, 0.145797, -0.118894, 0.982144, 0.4, -0.789277, -0.612529, 0.043016, -0.0, 0.0, 0.0, 0.0, 1.0]
            ]
        },
        {
            "name": "Arm_L",
            "time": [0.0, 0.05, 0.1167, 0.1667, 0.3333, 0.8333],
            "transform": [
                [-0.449302, 0.379418, 0.808807, 0.0, -0.876409, -0.011569, -0.481428, 0.39386, -0.173306, -0.925153, 0.337724, -0.0, 0.0, 0.0, 0.0, 1.0],
                [-0.449302, 0.379418, 0.808808, 0.0, -0.876409, -0.011569, -0.481428, 0.39386, -0.173306, -0.925153, 0.337724, 0.0, 0.0, 0.0, 0.0, 1.0],
                [-0.374825, 0.882738, 0.283337, -0.0, -0.921599, -0.388005, -0.010349, 0.39386, 0.100801, -0.265002, 0.958965, -0.0, 0.0, 0.0, 0.0, 1.0],
                [-0.426776, 0.899829, -0.090382, -0.0, -0.875015, -0.385611, 0.292664, 0.39386, 0.228495, 0.203988, 0.951934, -0.0, 0.0, 0.0, 0.0, 1.0],
                [-0.435203, 0.88439, -0.168678, -0.0, -0.862305, -0.355566, 0.36056, 0.39386, 0.258899, 0.302368, 0.917357, 0.0, 0.0, 0.0, 0.0, 1.0],
                [-0.435203, 0.88439, -0.168678, -0.0, -0.862305, -0.355566, 0.36056, 0.39386, 0.258899, 0.302368, 0.917357, 0.0, 0.0, 0.0, 0.0, 1.0]
            ]
        },
        {
            "name": "Hand_L",
            "time": [0.0, 0.05, 0.1167, 0.1667, 0.3333, 0.8333],
            "transform": [
                [1.020754, -0.003112, 0.002651, 0.0, 0.004173, 0.760372, -0.649475, 0.3, 5e-06, 0.649481, 0.760378, 0.0, 0.0, 0.0, 0.0, 1.0],
                [1.020754, -0.003112, 0.002651, -0.0, 0.004173, 0.760372, -0.649475, 0.3, 5e-06, 0.649481, 0.760378, 0.0, 0.0, 0.0, 0.0, 1.0],
                [1.020761, -0.00144, 0.000701, 0.0, 0.001583, 0.979596, -0.200971, 0.3, -0.000406, 0.200972, 0.979597, -0.0, 0.0, 0.0, 0.0, 1.0],
                [1.020762, -2.1e-05, 0.000108, -0.0, 1.7e-05, 0.999237, 0.039045, 0.3, -0.000111, -0.039045, 0.999237, -0.0, 0.0, 0.0, 0.0, 1.0],
                [1.020763, 0.0, 0.0, -0.0, -0.0, 0.993937, 0.109947, 0.3, -0.0, -0.109947, 0.993937, 0.0, 0.0, 0.0, 0.0, 1.0],
                [1.020763, 0.0, 0.0, -0.0, -0.0, 0.993937, 0.109947, 0.3, -0.0, -0.109947, 0.993937, 0.0, 0.0, 0.0, 0.0, 1.0]
            ]
        },
        {
            "name": "Tool_L",
            "time": [0.0, 0.8333],
            "transform": [
                [1.0, 0.0, 0.0, 0.0, 0.0, -0.999836, 0.018122, 0.272858, 0.0, -0.018122, -0.999248, -0.0, 0.0, 0.0, 0.0, 1.0],
                [1.0, -0.0, 0.0, -0.0, 0.0, -0.999836, 0.018122, 0.272858, 0.0, -0.018122, -0.999248, 0.0, 0.0, 0.0, 0.0, 1.0]
            ]
        },
        {
            "name": "Elbow_L",
            "time": [0.0, 0.05, 0.1167, 0.1667, 0.8333],
            "transform": [
                [-1.0, 0.0, -0.0, 0.0, 0.0, -0.0, -1.0, 0.3, -0.0, -1.0, 0.0, 0.0, 0.0, 0.0, 0.0, 1.0],
                [-1.0, 0.0, -0.0, -0.0, 0.0, -0.0, -1.0, 0.3, -0.0, -1.0, 0.0, 0.0, 0.0, 0.0, 0.0, 1.0],
                [-1.0, 0.0, -0.0, 0.0, 0.0, -0.0, -1.0, 0.303256, -0.0, -1.0, -0.0, -0.0, 0.0, 0.0, 0.0, 1.0],
                [-1.0, 0.0, -0.0, -0.0, 0.0, -0.0, -1.0, 0.305285, -0.0, -1.0, 0.0, -0.0, 0.0, 0.0, 0.0, 1.0],
                [-1.0, 0.0, -0.0, 0.0, 0.0, -0.0, -1.0, 0.305285, -0.0, -1.0, -0.0, 0.0, 0.0, 0.0, 0.0, 1.0]
            ]
        }
    ]
}