{
    "animation": [
        {
            "name": "Coord",
            "time": [0.0, 0.1333, 0.2167, 0.2833, 0.85, 1.35],
            "transform": [
                [1.0, 0.0, 0.0, 0.0, 0.0, 0.0, -1.0, -0.000101, 0.0, 1.0, 0.0, 0.0, 0.0, 0.0, 0.0, 1.0],
                [1.0, 0.0, 0.0, 0.0, 0.0, 0.0, -1.0, -0.000101, 0.0, 1.0, 0.0, 0.0, 0.0, 0.0, 0.0, 1.0],
                [1.0, 0.0, 0.0, 0.0, 0.0, 0.0, -1.0, 1.630959, 0.0, 1.0, 0.0, 0.0, 0.0, 0.0, 0.0, 1.0],
                [1.0, 0.0, 0.0, 0.0, 0.0, 0.0, -1.0, 1.999348, 0.0, 1.0, 0.0, 0.0, 0.0, 0.0, 0.0, 1.0],
                [1.0, 0.0, 0.0, 0.0, 0.0, 0.0, -1.0, 1.999348, 0.0, 1.0, 0.0, 0.0, 0.0, 0.0, 0.0, 1.0],
                [1.0, 0.0, 0.0, 0.0, 0.0, 0.0, -1.0, 1.999342, 0.0, 1.0, 0.0, 0.0, 0.0, 0.0, 0.0, 1.0]
            ]
        },
        {
            "name": "Root",
            "time": [0.0, 0.1333, 0.2833, 0.5, 0.85, 1.1, 1.35],
            "transform": [
                [0.110467, 0.211321, -0.971154, -5e-06, 0.092773, 0.970676, 0.22177, 0.553052, 0.989541, -0.114595, 0.087623, -0.000946, 0.0, 0.0, 0.0, 1.0],
                [-0.123169, 0.139333, -0.982556, -5e-06, 0.142754, 0.982285, 0.1214, 0.553052, 0.982065, -0.125311, -0.140878, -0.000946, 0.0, 0.0, 0.0, 1.0],
                [0.380767, 0.0, 0.924671, -5e-06, 0.116342, 0.992053, -0.047908, 0.525692, -0.917323, 0.12582, 0.377741, -0.091173, 0.0, 0.0, 0.0, 1.0],
                [0.679336, 0.0, 0.733827, -5e-06, -0.008571, 0.999932, 0.007934, 0.577929, -0.733777, -0.01168, 0.67929, 0.07738, 0.0, 0.0, 0.0, 1.0],
                [0.679336, 0.0, 0.733827, -5e-06, -0.008571, 0.999932, 0.007934, 0.577929, -0.733777, -0.01168, 0.67929, 0.07738, 0.0, 0.0, 0.0, 1.0],
                [0.99759, 0.000439, 0.069387, -5e-06, -0.014494, 0.979238, 0.202196, 0.695683, -0.067857, -0.202715, 0.976884, 0.3084, 0.0, 0.0, 0.0, 1.0],
                [0.77438, 0.002056, -0.632717, -5e-06, 0.007679, 0.999891, 0.012646, 0.740887, 0.632674, -0.014651, 0.77428, -0.000946, 0.0, 0.0, 0.0, 1.0]
            ]
        },
        {
            "name": "Thigh_R",
            "time": [0.0, 0.0667, 0.1333, 0.1667, 0.2167, 0.2833, 0.5, 0.85, 0.9833, 1.1, 1.2333, 1.35],
            "transform": [
                [0.799951, 0.594165, 0.083918, 0.124994, 0.516453, -0.752928, 0.407886, -0.002831, 0.305536, -0.282948, -0.909169, -1.2e-05, 0.0, 0.0, 0.0, 1.0],
                [0.813644, 0.577453, 0.067286, 0.124994, 0.487985, -0.741276, 0.460843, -0.002831, 0.315993, -0.342126, -0.884928, -1.2e-05, 0.0, 0.0, 0.0, 1.0],
                [0.822439, 0.565415, 0.062415, 0.124994, 0.468442, -0.735426, 0.489597, -0.002831, 0.322727, -0.373425, -0.869713, -1.2e-05, 0.0, 0.0, 0.0, 1.0],
                [0.988972, 0.110259, 0.098871, 0.124994, -0.035284, -0.472963, 0.880375, -0.002831, 0.143832, -0.874152, -0.463859, -1.2e-05, 0.0, 0.0, 0.0, 1.0],
                [0.956153, -0.125689, -0.26452, 0.124994, 0.245271, -0.149887, 0.957798, -0.002831, -0.160033, -0.980678, -0.112488, -1.2e-05, 0.0, 0.0, 0.0, 1.0],
                [0.689058, 0.595117, 0.413559, 0.124995, -0.01705, -0.557185, 0.830212, -0.00283, 0.724503, -0.579114, -0.373789, -1.2e-05, 0.0, 0.0, 0.0, 1.0],
                [0.748407, 0.589331, 0.304255, 0.124994, 0.029068, -0.487444, 0.87267, -0.00283, 0.6626, -0.644267, -0.38194, -1.2e-05, 0.0, 0.0, 0.0, 1.0],
                [0.750331, 0.588148, 0.301796, 0.124995, 0.031162, -0.487492, 0.872571, -0.00283, 0.660325, -0.645311, -0.384111, -1.3e-05, 0.0, 0.0, 0.0, 1.0],
                [0.792168, 0.575738, 0.202461, 0.124994, -0.049376, -0.270189, 0.961541, -0.002831, 0.608299, -0.771697, -0.185608, -1.2e-05, 0.0, 0.0, 0.0, 1.0],
                [0.824409, 0.340467, 0.452139, 0.124994, -0.07901, -0.721788, 0.687588, -0.002831, 0.56045, -0.602575, -0.568151, -1.2e-05, 0.0, 0.0, 0.0, 1.0],
                [0.863753, 0.230687, 0.448009, 0.124994, 0.024197, -0.907017, 0.420391, -0.00283, 0.503331, -0.352272, -0.789026, -1.2e-05, 0.0, 0.0, 0.0, 1.0],
                [0.892335, 0.268539, 0.3628, 0.124994, 0.212639, -0.959086, 0.186902, -0.002831, 0.398147, -0.089633, -0.912932, -1.1e-05, 0.0, 0.0, 0.0, 1.0]
            ]
        },
        {
            "name": "Leg_R",
            "time": [0.0, 0.0667, 0.1333, 0.1667, 0.2167, 0.2833, 0.5, 0.85, 0.9833, 1.1, 1.2333, 1.35],
            "transform": [
                [1.0, -0.0, 0.0, -0.0, -0.0, 0.80601, 0.591905, 0.37472, -0.0, -0.59191, 0.806003, -0.0, 0.0, 0.0, 0.0, 1.0],
                [1.0, -0.0, 0.0, -0.0, -0.0, 0.81148, 0.584383, 0.37472, -0.0, -0.584388, 0.811473, -0.0, 0.0, 0.0, 0.0, 1.0],
                [1.0, -0.0, 0.0, -0.0, -0.0, 0.816625, 0.577171, 0.37472, -0.0, -0.577176, 0.816618, 0.0, 0.0, 0.0, 0.0, 1.0],
                [1.0, -1e-06, 0.0, -0.0, -0.0, -0.118636, 0.992934, 0.37472, -1e-06, -0.992943, -0.118635, -0.0, 0.0, 0.0, 0.0, 1.0],
                [1.0, -1e-06, 0.0, 0.0, -0.0, 0.069403, 0.997585, 0.37472, -1e-06, -0.997593, 0.069402, -0.0, 0.0, 0.0, 0.0, 1.0],
                [1.0, -1e-06, 0.0, 0.0, -0.0, 0.103592, 0.994616, 0.37472, -1e-06, -0.994625, 0.103591, 0.0, 0.0, 0.0, 0.0, 1.0],
                [1.0, -0.0, 1e-06, -0.0, -0.0, 0.624398, 0.781105, 0.37472, -1e-06, -0.781112, 0.624393, -0.0, 0.0, 0.0, 0.0, 1.0],
                [1.0, -1e-06, 1e-06, 0.0, -0.0, 0.624398, 0.781105, 0.37472, -1e-06, -0.781112, 0.624393, -0.0, 0.0, 0.0, 0.0, 1.0],
                [1.0, -1e-06, 1e-06, -0.0, -0.0, 0.295746, 0.955263, 0.37472, -1e-06, -0.955272, 0.295743, 0.0, 0.0, 0.0, 0.0, 1.0],
                [1.0, -0.0, 1e-06, 0.0, -0.0, 0.658757, 0.752356, 0.37472, -1e-06, -0.75236, 0.658754, 0.0, 0.0, 0.0, 0.0, 1.0],
                [1.0, -0.0, 1e-06, 0.0, -0.0, 0.841596, 0.54011, 0.37472, -1e-06, -0.540113, 0.841591, 0.0, 0.0, 0.0, 0.0, 1.0],
                [1.0, 0.0, 0.0, 0.0, -0.0, 0.954827, 0.29717, 0.37472, -1e-06, -0.297172, 0.954822, 0.0, 0.0, 0.0, 0.0, 1.0]
            ]
        },
        {
            "name": "Knee_R",
            "time": [0.0, 0.0667, 0.1333, 0.1667, 0.2167, 0.2833, 0.5, 0.85, 0.9833, 1.1, 1.2333, 1.35],
            "transform": [
                [1.0, 0.0, -0.0, 0.0, -0.0, 1e-06, -1.0, 0.395552, -0.0, 1.0, 1e-06, -0.0, 0.0, 0.0, 0.0, 1.0],
                [1.0, 0.0, -0.0, 0.0, -0.0, 1e-06, -1.0, 0.394716, -0.0, 1.0, 1e-06, -0.0, 0.0, 0.0, 0.0, 1.0],
                [1.0, -0.0, -0.0, -0.0, -0.0, 1e-06, -1.0, 0.393921, -0.0, 1.0, 1e-06, -0.0, 0.0, 0.0, 0.0, 1.0],
                [1.0, 0.0, -0.0, 0.0, -0.0, 1e-06, -1.0, 0.47972, -0.0, 1.0, 1e-06, -0.0, 0.0, 0.0, 0.0, 1.0],
                [1.0, 0.0, -0.0, 0.0, -0.0, 1e-06, -1.0, 0.473483, -0.0, 1.0, 1e-06, -0.0, 0.0, 0.0, 0.0, 1.0],
                [1.0, 0.0, -0.0, 0.0, -0.0, 1e-06, -1.0, 0.470402, -0.0, 1.0, 1e-06, 0.0, 0.0, 0.0, 0.0, 1.0],
                [1.0, 0.0, -0.0, -0.0, -0.0, 1e-06, -1.0, 0.419168, -0.0, 1.0, 1e-06, -0.0, 0.0, 0.0, 0.0, 1.0],
                [1.0, 0.0, -0.0, 0.0, -0.0, 1e-06, -1.0, 0.419169, -0.0, 1.0, 1e-06, 0.0, 0.0, 0.0, 0.0, 1.0],
                [1.0, 0.0, -0.0, 0.0, -0.0, 1e-06, -1.0, 0.452761, -0.0, 1.0, 1e-06, 0.0, 0.0, 0.0, 0.0, 1.0],
                [1.0, 0.0, -0.0, 0.0, -0.0, 1e-06, -1.0, 0.415145, -0.0, 1.0, 1e-06, -0.0, 0.0, 0.0, 0.0, 1.0],
                [1.0, 0.0, -0.0, 0.0, -0.0, 1e-06, -1.0, 0.389908, -0.0, 1.0, 1e-06, 0.0, 0.0, 0.0, 0.0, 1.0],
                [1.0, -0.0, -0.0, 0.0, -0.0, 1e-06, -1.0, 0.37472, 0.0, 1.0, 1e-06, 0.0, 0.0, 0.0, 0.0, 1.0]
            ]
        },
        {
            "name": "Thigh_L",
            "time": [0.0, 0.1333, 0.2167, 0.25, 0.2833, 0.5, 0.85, 0.9833, 1.1, 1.2333, 1.35],
            "transform": [
                [0.591793, -0.79217, -0.149154, -0.125006, -0.063294, -0.230128, 0.971099, -0.002831, -0.803599, -0.56525, -0.186328, -1.2e-05, 0.0, 0.0, 0.0, 1.0],
                [0.506225, -0.858536, -0.081553, -0.125006, -0.329194, -0.279775, 0.901862, -0.002831, -0.797097, -0.429699, -0.424255, -1.2e-05, 0.0, 0.0, 0.0, 1.0],
                [0.891252, -0.17305, -0.419192, -0.125006, -0.177726, -0.983675, 0.028209, -0.002831, -0.41723, 0.049361, -0.907459, -1.2e-05, 0.0, 0.0, 0.0, 1.0],
                [0.546092, -0.794409, -0.265889, -0.125006, -0.793765, -0.592146, 0.138916, -0.002831, -0.267801, 0.135193, -0.953942, -1.2e-05, 0.0, 0.0, 0.0, 1.0],
                [0.349071, -0.842699, -0.409886, -0.125006, -0.676232, -0.529329, 0.512366, -0.002831, -0.648735, 0.098327, -0.754635, -1.2e-05, 0.0, 0.0, 0.0, 1.0],
                [0.420821, -0.744285, -0.518601, -0.125005, -0.522816, -0.666183, 0.531848, -0.002831, -0.741329, 0.047321, -0.669469, -1.3e-05, 0.0, 0.0, 0.0, 1.0],
                [0.420822, -0.744285, -0.518602, -0.125005, -0.522816, -0.666184, 0.531847, -0.002831, -0.741329, 0.047321, -0.66947, -1.3e-05, 0.0, 0.0, 0.0, 1.0],
                [0.488395, -0.569485, -0.661178, -0.130611, -0.322696, -0.821847, 0.469503, -0.00268, -0.810762, -0.015943, -0.585157, 0.005173, 0.0, 0.0, 0.0, 1.0],
                [0.576778, -0.254649, -0.776196, -0.141192, -0.130765, -0.9667, 0.219978, -0.002397, -0.806366, -0.025379, -0.590872, 0.01496, 0.0, 0.0, 0.0, 1.0],
                [0.658437, -0.519015, -0.545053, -0.15487, 0.004711, -0.721337, 0.692568, -0.002031, -0.75262, -0.45858, -0.472511, 0.027613, 0.0, 0.0, 0.0, 1.0],
                [0.724982, -0.25994, -0.637833, -0.16072, -0.015884, -0.932114, 0.361815, -0.001876, -0.688583, -0.252178, -0.679896, 0.033025, 0.0, 0.0, 0.0, 1.0]
            ]
        },
        {
            "name": "Leg_L",
            "time": [0.0, 0.1333, 0.2167, 0.25, 0.2833, 0.5, 0.85, 0.9833, 1.1, 1.2333, 1.35],
            "transform": [
                [1.0, -1e-06, 0.0, -0.0, 0.0, 0.485239, 0.874382, 0.37472, -1e-06, -0.874381, 0.48524, 0.0, 0.0, 0.0, 0.0, 1.0],
                [1.0, -1e-06, 1e-06, 0.0, -0.0, 0.444698, 0.895681, 0.37472, -1e-06, -0.895679, 0.444699, 0.0, 0.0, 0.0, 0.0, 1.0],
                [1.0, -1e-06, 1e-06, 0.0, -1e-06, 0.399931, 0.916546, 0.37472, -1e-06, -0.916544, 0.399932, 0.0, 0.0, 0.0, 0.0, 1.0],
                [1.0, -1e-06, 1e-06, 0.0, -0.0, 0.864592, 0.502474, 0.37472, -1e-06, -0.502473, 0.864594, -0.0, 0.0, 0.0, 0.0, 1.0],
                [1.0, -0.0, 0.0, -0.0, 0.0, 0.989048, 0.147589, 0.37472, -1e-06, -0.147589, 0.989049, -0.0, 0.0, 0.0, 0.0, 1.0],
                [1.0, -1e-06, 1e-06, 0.0, -0.0, 0.72545, 0.688274, 0.37472, -1e-06, -0.688273, 0.725451, 0.0, 0.0, 0.0, 0.0, 1.0],
                [1.0, -0.0, 1e-06, -0.0, -0.0, 0.725452, 0.688273, 0.37472, -1e-06, -0.688272, 0.725453, 0.0, 0.0, 0.0, 0.0, 1.0],
                [1.0, -1e-06, 1e-06, -0.0, 0.0, 0.687204, 0.726465, 0.37472, -1e-06, -0.726464, 0.687205, -0.0, 0.0, 0.0, 0.0, 1.0],
                [1.0, -1e-06, 1e-06, 0.0, 0.0, 0.874788, 0.484506, 0.37472, -1e-06, -0.484506, 0.874788, -0.0, 0.0, 0.0, 0.0, 1.0],
                [1.0, -1e-06, 1e-06, -0.0, -1e-06, 0.113471, 0.993541, 0.37472, -1e-06, -0.993541, 0.113471, 0.0, 0.0, 0.0, 0.0, 1.0],
                [1.0, -1e-06, 1e-06, 0.0, 0.0, 0.916047, 0.401072, 0.37472, -1e-06, -0.401072, 0.916047, -0.0, 0.0, 0.0, 0.0, 1.0]
            ]
        },
        {
            "name": "Knee_L",
            "time": [0.0, 0.1333, 0.2167, 0.25, 0.2833, 0.5, 0.85, 0.9833, 1.1, 1.2333, 1.35],
            "transform": [
                [1.0, 0.0, -0.0, -0.0, -0.0, 1e-06, -1.0, 0.434228, -0.0, 1.0, 1e-06, 0.0, 0.0, 0.0, 0.0, 1.0],
                [1.0, 0.0, -0.0, 0.0, -0.0, 1e-06, -1.0, 0.438341, -0.0, 1.0, 1e-06, 0.0, 0.0, 0.0, 0.0, 1.0],
                [1.0, 0.0, -0.0, 0.0, -0.0, 1e-06, -1.0, 0.442776, -0.0, 1.0, 1e-06, 0.0, 0.0, 0.0, 0.0, 1.0],
                [1.0, 0.0, -0.0, 0.0, -0.0, 1e-06, -1.0, 0.385947, -0.0, 1.0, 1e-06, 0.0, 0.0, 0.0, 0.0, 1.0],
                [1.0, 0.0, -0.0, -0.0, -0.0, 1e-06, -1.0, 0.37472, -0.0, 1.0, 1e-06, -0.0, 0.0, 0.0, 0.0, 1.0],
                [1.0, 0.0, -0.0, 0.0, -0.0, 1e-06, -1.0, 0.406837, 0.0, 1.0, 1e-06, 0.0, 0.0, 0.0, 0.0, 1.0],
                [1.0, 0.0, -0.0, -0.0, -0.0, 1e-06, -1.0, 0.406837, -0.0, 1.0, 1e-06, 0.0, 0.0, 0.0, 0.0, 1.0],
                [1.0, -0.0, -0.0, 0.0, -0.0, 1e-06, -1.0, 0.411691, 0.0, 1.0, 1e-06, 0.0, 0.0, 0.0, 0.0, 1.0],
                [1.0, 0.0, -0.0, 0.0, -0.0, 1e-06, -1.0, 0.384092, -0.0, 1.0, 1e-06, 0.0, 0.0, 0.0, 0.0, 1.0],
                [1.0, 0.0, -0.0, -0.0, -0.0, 0.0, -1.0, 0.469509, -0.0, 1.0, 0.0, -0.0, 0.0, 0.0, 0.0, 1.0],
                [1.0, 0.0, -0.0, 0.0, -0.0, 1e-06, -1.0, 0.375731, -0.0, 1.0, 1e-06, 0.0, 0.0, 0.0, 0.0, 1.0]
            ]
        },
        {
            "name": "Torso",
            "time": [0.0, 0.2833, 0.85, 1.35],
            "transform": [
                [1.0, -0.0, 0.0, -0.0, -0.0, 1.0, -0.0, 0.05, 0.0, -0.0, 1.0, -0.0, 0.0, 0.0, 0.0, 1.0],
                [1.0, 0.0, 0.0, 0.0, -0.0, 1.0, 0.0, 0.05, 0.0, 0.0, 1.0, -0.0, 0.0, 0.0, 0.0, 1.0],
                [1.0, -0.0, -0.0, 0.0, 0.0, 1.0, 0.0, 0.05, 0.0, -0.0, 1.0, -0.0, 0.0, 0.0, 0.0, 1.0],
                [1.0, -0.0, -0.0, -0.0, -0.0, 1.0, 0.0, 0.05, 0.0, 0.0, 1.0, 0.0, 0.0, 0.0, 0.0, 1.0]
            ]
        },
        {
            "name": "Chest",
            "time": [0.0, 0.1333, 0.2833, 0.5, 0.85, 1.35],
            "transform": [
                [0.99745, -0.071321, -0.00279, -0.0, 0.071374, 0.996335, 0.047151, 0.3, -0.000583, -0.04723, 0.998884, -0.0, 0.0, 0.0, 0.0, 1.0],
                [0.997449, -0.070041, -0.013739, 0.0, 0.071374, 0.977192, 0.200005, 0.3, -0.000583, -0.200476, 0.979699, 0.0, 0.0, 0.0, 0.0, 1.0],
                [0.998232, -0.059431, 0.000728, -0.0, 0.059431, 0.997932, -0.024473, 0.3, 0.000728, 0.024473, 0.9997, 0.0, 0.0, 0.0, 0.0, 1.0],
                [1.0, 0.0, 0.0, 0.0, 0.0, 1.0, 0.0, 0.3, 0.0, 0.0, 1.0, 0.0, 0.0, 0.0, 0.0, 1.0],
                [1.0, 0.0, 0.0, 0.0, 0.0, 1.0, 0.0, 0.3, 0.0, 0.0, 1.0, 0.0, 0.0, 0.0, 0.0, 1.0],
                [0.999955, -0.009433, 0.000754, -0.0, 0.009423, 0.999889, 0.011523, 0.3, -0.000863, -0.011516, 0.999933, -0.0, 0.0, 0.0, 0.0, 1.0]
            ]
        },
        {
            "name": "Head",
            "time": [0.0, 0.1333, 0.2833, 0.5, 0.85, 1.1, 1.35],
            "transform": [
                [0.550014, 0.184013, 0.814631, 0.0, 0.009215, 0.974028, -0.22624, 0.4, -0.835105, 0.131942, 0.534033, 0.0, 0.0, 0.0, 0.0, 1.0],
                [0.337446, 0.208929, 0.917866, 0.0, 0.217831, 0.931262, -0.292062, 0.4, -0.915794, 0.298495, 0.26874, -0.0, 0.0, 0.0, 0.0, 1.0],
                [0.378985, 0.170304, -0.909597, -0.0, -0.000652, 0.982969, 0.18377, 0.4, 0.925403, -0.069053, 0.372641, 0.0, 0.0, 0.0, 0.0, 1.0],
                [0.695235, -0.013304, -0.718659, 0.0, 0.004539, 0.99989, -0.014119, 0.4, 0.718768, 0.006554, 0.695219, -0.0, 0.0, 0.0, 0.0, 1.0],
                [0.695235, -0.013304, -0.718659, 0.0, 0.004539, 0.99989, -0.014119, 0.4, 0.718768, 0.006554, 0.695219, -0.0, 0.0, 0.0, 0.0, 1.0],
                [0.998094, -0.014046, -0.060083, 0.0, 0.001747, 0.979788, -0.200032, 0.4, 0.061678, 0.199546, 0.977945, -0.0, 0.0, 0.0, 0.0, 1.0],
                [0.777201, 0.020755, 0.62891, 0.0, 0.006332, 0.999147, -0.040798, 0.4, -0.62922, 0.035691, 0.776407, -0.0, 0.0, 0.0, 0.0, 1.0]
            ]
        },
        {
            "name": "Shoulder_R",
            "time": [0.0, 0.1333, 0.2833, 0.85, 1.35],
            "transform": [
                [-0.223065, 0.948677, 0.224172, 0.0, -0.035719, -0.237766, 0.970665, 0.4, 0.974149, 0.208514, 0.086923, 0.0, 0.0, 0.0, 0.0, 1.0],
                [-0.223065, 0.973353, 0.053155, 0.0, -0.035719, -0.062654, 0.997396, 0.4, 0.974149, 0.220586, 0.048743, -0.0, 0.0, 0.0, 0.0, 1.0],
                [0.0, 0.952114, 0.305743, -0.0, 0.0, -0.305743, 0.952114, 0.4, 1.0, -0.0, -0.0, 0.0, 0.0, 0.0, 0.0, 1.0],
                [0.0, 0.952114, 0.305743, 0.0, 0.0, -0.305743, 0.952114, 0.4, 1.0, -0.0, -0.0, -0.0, 0.0, 0.0, 0.0, 1.0],
                [0.0, 0.952114, 0.305743, 0.0, 0.0, -0.305743, 0.952114, 0.4, 1.0, 0.0, -0.0, -0.0, 0.0, 0.0, 0.0, 1.0]
            ]
        },
        {
            "name": "Arm_R",
            "time": [0.0, 0.1333, 0.2, 0.25, 0.2833, 0.4167, 0.85, 0.9833, 1.35],
            "transform": [
                [0.038879, 0.745126, -0.665789, 0.0, 0.476541, 0.571817, 0.667783, 0.39386, 0.878292, -0.343239, -0.332851, 0.0, 0.0, 0.0, 0.0, 1.0],
                [-0.0833, 0.778064, -0.622638, -0.0, 0.387698, 0.600888, 0.699016, 0.393861, 0.918015, -0.183167, -0.351708, 0.0, 0.0, 0.0, 0.0, 1.0],
                [0.346401, 0.70691, -0.616672, 0.0, 0.468328, 0.439271, 0.766622, 0.393861, 0.812819, -0.554364, -0.178902, -0.0, 0.0, 0.0, 0.0, 1.0],
                [0.387429, 0.414469, -0.823477, 0.0, 0.294831, 0.790624, 0.536645, 0.39386, 0.873484, -0.450698, 0.184112, -0.0, 0.0, 0.0, 0.0, 1.0],
                [0.703777, -0.253584, -0.663621, 0.0, 0.157858, 0.966591, -0.201945, 0.39386, 0.69266, 0.037367, 0.720295, 0.0, 0.0, 0.0, 0.0, 1.0],
                [0.62422, -0.254307, -0.738699, -0.0, 0.239146, 0.962347, -0.129217, 0.393861, 0.743746, -0.095997, 0.661533, 0.0, 0.0, 0.0, 0.0, 1.0],
                [0.62422, -0.254307, -0.738699, 0.0, 0.239146, 0.962347, -0.129217, 0.39386, 0.743746, -0.095997, 0.661533, -0.0, 0.0, 0.0, 0.0, 1.0],
                [0.546503, 0.211907, -0.810204, -0.000104, 0.34023, 0.827838, 0.446012, 0.395104, 0.765231, -0.519402, 0.380319, -0.004114, 0.0, 0.0, 0.0, 1.0],
                [0.177003, 0.088471, -0.980226, -0.000662, 0.856834, 0.476182, 0.1977, 0.401786, 0.484257, -0.874885, 0.008481, -0.026212, 0.0, 0.0, 0.0, 1.0]
            ]
        },
        {
            "name": "Hand_R",
            "time": [0.0, 0.1333, 0.2, 0.2833, 0.4167, 0.85, 1.35],
            "transform": [
                [1.0, 0.0, 0.0, -0.0, -0.0, 0.600602, -0.799548, 0.3, -0.0, 0.799549, 0.600602, 0.0, 0.0, 0.0, 0.0, 1.0],
                [1.0, 0.0, -0.0, 0.0, -0.0, 0.312488, -0.949922, 0.3, -0.0, 0.949922, 0.312488, 0.0, 0.0, 0.0, 0.0, 1.0],
                [1.0, 0.0, -0.0, -0.0, -0.0, 0.558684, -0.82938, 0.3, -0.0, 0.82938, 0.558684, -0.0, 0.0, 0.0, 0.0, 1.0],
                [1.0, 0.0, 0.0, 0.0, -0.0, 0.993938, 0.109947, 0.3, -0.0, -0.109947, 0.993937, 0.0, 0.0, 0.0, 0.0, 1.0],
                [1.0, 0.0, 0.0, -0.0, -0.0, 0.814996, -0.579467, 0.3, -0.0, 0.579467, 0.814995, 0.0, 0.0, 0.0, 0.0, 1.0],
                [1.0, 0.0, 0.0, 0.0, -0.0, 0.814996, -0.579467, 0.3, -0.0, 0.579467, 0.814995, 0.0, 0.0, 0.0, 0.0, 1.0],
                [1.0, 0.0, 0.0, 0.0, -0.0, 0.993559, -0.113314, 0.3, -0.0, 0.113314, 0.993559, 0.0, 0.0, 0.0, 0.0, 1.0]
            ]
        },
        {
            "name": "Tool_R",
            "time": [0.0, 0.1333, 0.2, 0.25, 0.2833, 0.4167, 0.85, 0.9833, 1.35],
            "transform": [
                [1.0, -0.0, 0.0, -0.0, -0.0, -0.964766, -0.263109, 0.272858, 0.0, 0.262943, -0.964198, -0.0, 0.0, 0.0, 0.0, 1.0],
                [1.0, -0.0, 0.0, -0.0, 0.0, -0.964766, -0.263109, 0.272858, 0.0, 0.262943, -0.964198, -0.0, 0.0, 0.0, 0.0, 1.0],
                [1.0, 0.0, 0.0, 0.0, 0.0, -0.910713, 0.413041, 0.272858, 0.0, -0.412806, -0.910169, -0.0, 0.0, 0.0, 0.0, 1.0],
                [1.0, -0.0, 0.0, -0.0, -0.0, -0.918238, -0.396029, 0.272858, 0.0, 0.395785, -0.917699, -0.0, 0.0, 0.0, 0.0, 1.0],
                [1.0, -0.0, 0.0, 0.0, 0.0, -0.521286, -0.853382, 0.272858, 0.0, 0.852871, -0.520986, -0.0, 0.0, 0.0, 0.0, 1.0],
                [1.0, -0.0, 0.0, 0.0, 0.0, -0.027164, -0.999631, 0.272858, 0.0, 0.999039, -0.027159, -0.0, 0.0, 0.0, 0.0, 1.0],
                [1.0, -0.0, 0.0, -0.0, 0.0, -0.027164, -0.999631, 0.272858, 0.0, 0.999039, -0.027159, 0.0, 0.0, 0.0, 0.0, 1.0],
                [1.0, 0.0, 0.0, -0.0, 0.0, -0.93209, -0.362229, 0.272858, 0.0, 0.362004, -0.931542, 0.0, 0.0, 0.0, 0.0, 1.0],
                [1.0, 0.0, 0.0, -0.0, 0.0, -0.93209, -0.362229, 0.272858, 0.0, 0.362004, -0.931541, -0.0, 0.0, 0.0, 0.0, 1.0]
            ]
        },
        {
            "name": "Elbow_R",
            "time": [0.0, 0.1333, 0.2, 0.2833, 0.85, 1.35],
            "transform": [
                [-1.0, 0.0, -0.0, -0.0, 0.0, 0.0, -1.0, 0.397151, -0.0, -1.0, 0.0, 0.0, 0.0, 0.0, 0.0, 1.0],
                [-1.0, 0.0, -0.0, 0.0, 0.0, -0.0, -1.0, 0.427742, -0.0, -1.0, 0.0, -0.0, 0.0, 0.0, 0.0, 1.0],
                [-1.0, 0.0, -0.0, -0.0, 0.0, -0.0, -1.0, 0.401973, -0.0, -1.0, 0.0, -0.0, 0.0, 0.0, 0.0, 1.0],
                [-1.0, 0.0, -0.0, 0.0, 0.0, -0.0, -1.0, 0.3, -0.0, -1.0, 0.0, 0.0, 0.0, 0.0, 0.0, 1.0],
                [-1.0, 0.0, -0.0, 0.0, 0.0, -0.0, -1.0, 0.368245, -0.0, -1.0, 0.0, 0.0, 0.0, 0.0, 0.0, 1.0],
                [-1.0, 0.0, -0.0, -0.0, 0.0, 0.0, -1.0, 0.320966, -0.0, -1.0, 0.0, 0.0, 0.0, 0.0, 0.0, 1.0]
            ]
        },
        {
            "name": "Shoulder_L",
            "time": [0.0, 0.2833, 0.5, 0.85, 1.35],
            "transform": [
                [-0.114747, -0.941228, -0.317684, 0.0, 0.020485, -0.32197, 0.946528, 0.4, -0.993183, 0.102103, 0.056226, 0.0, 0.0, 0.0, 0.0, 1.0],
                [-0.114747, -0.941228, -0.317684, -0.0, 0.020485, -0.32197, 0.946528, 0.4, -0.993183, 0.102103, 0.056226, 0.0, 0.0, 0.0, 0.0, 1.0],
                [-0.469776, -0.766357, -0.438186, 0.0, -0.065846, -0.464566, 0.883087, 0.4, -0.880326, 0.443706, 0.167781, -0.0, 0.0, 0.0, 0.0, 1.0],
                [-0.469776, -0.766357, -0.438186, 0.0, -0.065846, -0.464566, 0.883087, 0.4, -0.880326, 0.443706, 0.167781, -0.0, 0.0, 0.0, 0.0, 1.0],
                [0.0, -0.952114, -0.305743, 0.0, 0.0, -0.305743, 0.952114, 0.4, -1.0, 0.0, 0.0, -0.0, 0.0, 0.0, 0.0, 1.0]
            ]
        },
        {
            "name": "Arm_L",
            "time": [0.0, 0.1333, 0.2833, 0.5, 0.85, 1.35],
            "transform": [
                [0.202978, -0.213138, 0.955705, -0.0, -0.334764, 0.902106, 0.272284, 0.39386, -0.920181, -0.375203, 0.111757, -0.0, 0.0, 0.0, 0.0, 1.0],
                [0.253904, 0.166498, 0.952791, -0.0, -0.08611, 0.985052, -0.149189, 0.39386, -0.963388, -0.044165, 0.264446, -0.0, 0.0, 0.0, 0.0, 1.0],
                [0.253904, 0.166498, 0.952791, 0.0, -0.08611, 0.985052, -0.149189, 0.39386, -0.963388, -0.044165, 0.264446, -0.0, 0.0, 0.0, 0.0, 1.0],
                [0.253905, 0.026247, 0.966873, -0.0, -0.08611, 0.996276, -0.004432, 0.39386, -0.963389, -0.082132, 0.255219, 0.0, 0.0, 0.0, 0.0, 1.0],
                [0.253905, 0.026247, 0.966873, -0.0, -0.08611, 0.996276, -0.004432, 0.39386, -0.963389, -0.082132, 0.255219, 0.0, 0.0, 0.0, 0.0, 1.0],
                [-0.00666, -0.198383, 0.980102, 0.000662, -0.863238, 0.495873, 0.094504, 0.402678, -0.504754, -0.845431, -0.174555, -0.025926, 0.0, 0.0, 0.0, 1.0]
            ]
        },
        {
            "name": "Hand_L",
            "time": [0.0, 0.2833, 0.85, 1.35],
            "transform": [
                [1.0, 0.0, 0.0, 0.0, -0.0, 0.607809, -0.794083, 0.3, 0.0, 0.794083, 0.607809, -0.0, 0.0, 0.0, 0.0, 1.0],
                [1.0, 0.0, 0.0, -0.0, -0.0, 0.607809, -0.794083, 0.3, -0.0, 0.794083, 0.607809, 0.0, 0.0, 0.0, 0.0, 1.0],
                [1.0, 0.0, 0.0, -0.0, -0.0, 0.607809, -0.794083, 0.3, -0.0, 0.794083, 0.607809, 0.0, 0.0, 0.0, 0.0, 1.0],
                [1.0, 0.0, 0.0, 0.0, -0.0, 0.943065, -0.332608, 0.3, -0.0, 0.332608, 0.943065, -0.0, 0.0, 0.0, 0.0, 1.0]
            ]
        },
        {
            "name": "Tool_L",
            "time": [0.0, 1.35],
            "transform": [
                [1.0, -0.0, 0.0, 0.0, 0.0, -0.999836, 0.018122, 0.272858, 0.0, -0.018122, -0.999247, -0.0, 0.0, 0.0, 0.0, 1.0],
                [1.0, 0.0, 0.0, -0.0, 0.0, -0.999836, 0.018122, 0.272858, 0.0, -0.018122, -0.999247, -0.0, 0.0, 0.0, 0.0, 1.0]
            ]
        },
        {
            "name": "Elbow_L",
            "time": [0.0, 0.2833, 0.85, 1.35],
            "transform": [
                [-1.0, 0.0, -0.0, 0.0, 0.0, -0.0, -1.0, 0.396303, -0.0, -1.0, 0.0, -0.0, 0.0, 0.0, 0.0, 1.0],
                [-1.0, 0.0, -0.0, -0.0, 0.0, -0.0, -1.0, 0.396303, -0.0, -1.0, -0.0, 0.0, 0.0, 0.0, 0.0, 1.0],
                [-1.0, 0.0, -0.0, 0.0, 0.0, -0.0, -1.0, 0.396304, -0.0, -1.0, -0.0, -0.0, 0.0, 0.0, 0.0, 1.0],
                [-1.0, 0.0, -0.0, 0.0, 0.0, 0.0, -1.0, 0.342098, -0.0, -1.0, -0.0, -0.0, 0.0, 0.0, 0.0, 1.0]
            ]
        }
    ]
}