{
    "animation": [
        {
            "name": "Root",
            "time": [0.0, 0.1667, 0.4333, 0.4833, 0.6833, 1.0],
            "transform": [
                [0.417484, -0.257058, 0.871567, -5e-06, 0.861234, 0.417828, -0.289301, -0.000502, -0.289798, 0.871402, 0.395823, 0.515979, 0.0, 0.0, 0.0, 1.0],
                [0.34365, -0.258793, 0.902735, -5e-06, 0.887161, 0.404717, -0.221698, -0.000205, -0.307979, 0.877058, 0.368672, 0.515979, 0.0, 0.0, 0.0, 1.0],
                [0.929829, -0.071497, 0.360981, -5e-06, 0.362507, 0.346712, -0.865089, 0.486547, -0.063305, 0.935243, 0.348301, 0.649923, 0.0, 0.0, 0.0, 1.0],
                [0.94292, 0.000166, -0.333018, -5e-06, -0.326239, 0.201209, -0.923625, 0.888602, 0.066853, 0.979548, 0.189778, 0.548333, 0.0, 0.0, 0.0, 1.0],
                [0.89046, 0.000805, -0.455061, -5e-06, -0.448556, 0.170037, -0.877431, 0.973063, 0.07667, 0.985437, 0.151772, 0.515979, 0.0, 0.0, 0.0, 1.0],
                [0.89046, 0.000805, -0.455061, -5e-06, -0.448556, 0.170037, -0.877431, 0.973063, 0.07667, 0.985437, 0.151772, 0.515979, 0.0, 0.0, 0.0, 1.0]
            ]
        },
        {
            "name": "Thigh_R",
            "time": [0.0, 0.1667, 0.4333, 0.4833, 0.6833, 1.0],
            "transform": [
                [0.771291, 0.608687, -0.186031, 0.124994, 0.022619, 0.265883, 0.96374, -0.00283, 0.636079, -0.747531, 0.191305, -1.2e-05, 0.0, 0.0, 0.0, 1.0],
                [0.748193, 0.600368, -0.282424, 0.124994, 0.160836, 0.248854, 0.955093, -0.00283, 0.643691, -0.760017, 0.08963, -1.2e-05, 0.0, 0.0, 0.0, 1.0],
                [0.882537, 0.242147, 0.403103, 0.124994, -0.09406, -0.748996, 0.655862, -0.00283, 0.460738, -0.616737, -0.638243, -1.2e-05, 0.0, 0.0, 0.0, 1.0],
                [0.935858, 0.28025, 0.213608, 0.124995, 0.284018, -0.958722, 0.013495, -0.00283, 0.208573, 0.048039, -0.976826, -1.1e-05, 0.0, 0.0, 0.0, 1.0],
                [0.924804, 0.351742, 0.144963, 0.124995, 0.373186, -0.912796, -0.16593, -0.00283, 0.073957, 0.207551, -0.975425, -1.2e-05, 0.0, 0.0, 0.0, 1.0],
                [0.924804, 0.351742, 0.144963, 0.124995, 0.373186, -0.912796, -0.16593, -0.00283, 0.073957, 0.207551, -0.975425, -1.2e-05, 0.0, 0.0, 0.0, 1.0]
            ]
        },
        {
            "name": "Leg_R",
            "time": [0.0, 0.1667, 0.4333, 0.4833, 0.6833, 1.0],
            "transform": [
                [1.0, -1e-06, -2e-06, -0.0, 2e-06, 0.185081, 0.982722, 0.37472, -0.0, -0.982724, 0.185081, -0.0, 0.0, 0.0, 0.0, 1.0],
                [1.0, -1e-06, 0.000652, -0.0, -0.000644, 0.160281, 0.987071, 0.37472, -0.000105, -0.987072, 0.160281, 0.0, 0.0, 0.0, 0.0, 1.0],
                [1.0, -1e-06, -0.000891, 0.0, 0.000799, 0.442841, 0.8966, 0.37472, 0.000394, -0.896601, 0.44284, 0.0, 0.0, 0.0, 0.0, 1.0],
                [0.999999, -1e-06, -0.001512, 0.0, 0.001072, 0.705869, 0.708341, 0.37472, 0.001067, -0.708343, 0.705868, -0.0, 0.0, 0.0, 0.0, 1.0],
                [0.999999, -0.0, -0.001193, 0.0, 0.000682, 0.820658, 0.571419, 0.37472, 0.000979, -0.57142, 0.820656, -0.0, 0.0, 0.0, 0.0, 1.0],
                [0.999999, -0.0, -0.001193, 0.0, 0.000682, 0.820658, 0.571419, 0.37472, 0.000979, -0.57142, 0.820656, -0.0, 0.0, 0.0, 0.0, 1.0]
            ]
        },
        {
            "name": "Knee_R",
            "time": [0.0, 0.1667, 0.4333, 0.4833, 0.6833, 1.0],
            "transform": [
                [1.0, 0.0, -0.0, 0.0, -0.0, 1e-06, -1.0, 0.456714, -0.0, 1.0, 1e-06, -0.0, 0.0, 0.0, 0.0, 1.0],
                [1.0, 0.0, -0.0, 0.0, -0.0, 1e-06, -1.0, 0.459567, -0.0, 1.0, 1e-06, 0.0, 0.0, 0.0, 0.0, 1.0],
                [1.0, 0.0, -0.0, 0.0, -0.0, 1e-06, -1.0, 0.431034, -0.0, 1.0, 1e-06, 0.0, 0.0, 0.0, 0.0, 1.0],
                [1.0, 0.0, -0.0, 0.0, -0.0, 1e-06, -1.0, 0.407157, -0.0, 1.0, 1e-06, -0.0, 0.0, 0.0, 0.0, 1.0],
                [1.0, 0.0, -0.0, 0.0, -0.0, 1e-06, -1.0, 0.393491, -0.0, 1.0, 1e-06, -0.0, 0.0, 0.0, 0.0, 1.0],
                [1.0, 0.0, -0.0, 0.0, -0.0, 1e-06, -1.0, 0.393491, -0.0, 1.0, 1e-06, -0.0, 0.0, 0.0, 0.0, 1.0]
            ]
        },
        {
            "name": "Thigh_L",
            "time": [0.0, 0.1667, 0.4333, 0.4833, 0.6833, 1.0],
            "transform": [
                [0.932003, -0.361406, -0.027486, -0.125006, -0.344871, -0.907579, 0.239507, -0.002831, -0.111505, -0.213741, -0.970505, -1.2e-05, 0.0, 0.0, 0.0, 1.0],
                [0.929089, -0.369478, -0.016666, -0.125006, -0.349925, -0.892728, 0.283882, -0.002831, -0.119766, -0.25792, -0.958714, -1.2e-05, 0.0, 0.0, 0.0, 1.0],
                [0.950384, -0.309894, -0.027106, -0.125005, -0.052239, -0.24489, 0.968142, -0.002831, -0.30666, -0.918692, -0.248929, -1.2e-05, 0.0, 0.0, 0.0, 1.0],
                [0.926194, -0.374715, -0.041852, -0.125005, 0.018065, -0.066771, 0.997604, -0.002831, -0.376612, -0.924732, -0.055074, -1.2e-05, 0.0, 0.0, 0.0, 1.0],
                [0.909809, -0.41429, -0.024709, -0.125005, -0.038497, -0.143523, 0.988897, -0.002831, -0.413237, -0.898757, -0.146528, -1.2e-05, 0.0, 0.0, 0.0, 1.0],
                [0.909809, -0.41429, -0.024709, -0.125005, -0.038497, -0.143523, 0.988897, -0.002831, -0.413237, -0.898757, -0.146528, -1.2e-05, 0.0, 0.0, 0.0, 1.0]
            ]
        },
        {
            "name": "Leg_L",
            "time": [0.0, 0.1667, 0.4333, 0.4833, 0.6833, 1.0],
            "transform": [
                [1.0, -0.0, 1.7e-05, 0.0, -6e-06, 0.934549, 0.355834, 0.37472, -1.6e-05, -0.355834, 0.93455, 0.0, 0.0, 0.0, 0.0, 1.0],
                [1.0, -1e-06, 1.1e-05, -0.0, -3e-06, 0.92893, 0.370255, 0.37472, -1e-05, -0.370255, 0.928931, -0.0, 0.0, 0.0, 0.0, 1.0],
                [1.0, -1e-06, 0.000344, 0.0, -0.000322, -0.353152, 0.935566, 0.37472, 0.00012, -0.935566, -0.353152, -0.0, 0.0, 0.0, 0.0, 1.0],
                [1.0, -1e-06, 0.000906, 0.0, -0.000901, 0.102593, 0.994723, 0.37472, -9.4e-05, -0.994723, 0.102593, 0.0, 0.0, 0.0, 0.0, 1.0],
                [1.0, -1e-06, 0.000101, -0.0, -9.4e-05, 0.353613, 0.935392, 0.37472, -3.7e-05, -0.935392, 0.353613, -0.0, 0.0, 0.0, 0.0, 1.0],
                [1.0, -1e-06, 0.000101, -0.0, -9.4e-05, 0.353613, 0.935392, 0.37472, -3.7e-05, -0.935392, 0.353613, -0.0, 0.0, 0.0, 0.0, 1.0]
            ]
        },
        {
            "name": "Knee_L",
            "time": [0.0, 0.1667, 0.4333, 0.4833, 0.6833, 1.0],
            "transform": [
                [1.0, 0.0, -0.0, 0.0, -0.0, 1e-06, -1.0, 0.372918, -0.0, 1.0, 1e-06, 0.0, 0.0, 0.0, 0.0, 1.0],
                [1.0, 0.0, -0.0, -0.0, -0.0, 1e-06, -1.0, 0.378474, -0.0, 1.0, 1e-06, -0.0, 0.0, 0.0, 0.0, 1.0],
                [1.0, 0.0, -0.0, 0.0, -0.0, 1e-06, -1.0, 0.461069, -0.0, 1.0, 1e-06, -0.0, 0.0, 0.0, 0.0, 1.0],
                [1.0, 0.0, -0.0, 0.0, -0.0, 1e-06, -1.0, 0.464463, -0.0, 1.0, 1e-06, -0.0, 0.0, 0.0, 0.0, 1.0],
                [1.0, 0.0, -0.0, 0.0, -0.0, 1e-06, -1.0, 0.440795, -0.0, 1.0, 1e-06, -0.0, 0.0, 0.0, 0.0, 1.0],
                [1.0, 0.0, -0.0, 0.0, -0.0, 1e-06, -1.0, 0.440795, -0.0, 1.0, 1e-06, -0.0, 0.0, 0.0, 0.0, 1.0]
            ]
        },
        {
            "name": "Torso",
            "time": [0.0, 0.1667, 0.4333, 0.4833, 0.6833, 1.0],
            "transform": [
                [0.897999, -0.221503, 0.380177, 0.0, 0.181069, 0.973525, 0.139511, 0.05, -0.401014, -0.056443, 0.914331, 0.0, 0.0, 0.0, 0.0, 1.0],
                [0.897999, -0.221503, 0.380177, -0.0, 0.181069, 0.973525, 0.139511, 0.05, -0.401014, -0.056443, 0.914331, 0.0, 0.0, 0.0, 0.0, 1.0],
                [0.974149, -0.108574, 0.198105, -0.0, 0.098327, 0.99329, 0.060881, 0.05, -0.203386, -0.039828, 0.978288, -0.0, 0.0, 0.0, 0.0, 1.0],
                [0.999216, -0.018285, 0.035099, 0.0, 0.017975, 0.999797, 0.009143, 0.05, -0.035259, -0.008505, 0.999342, -0.0, 0.0, 0.0, 0.0, 1.0],
                [1.0, 0.0, -0.0, 0.0, -0.0, 1.0, -0.0, 0.05, 0.0, 0.0, 1.0, -0.0, 0.0, 0.0, 0.0, 1.0],
                [1.0, 0.0, -0.0, 0.0, -0.0, 1.0, -0.0, 0.05, 0.0, 0.0, 1.0, -0.0, 0.0, 0.0, 0.0, 1.0]
            ]
        },
        {
            "name": "Chest",
            "time": [0.0, 1.0],
            "transform": [
                [1.0, -0.0, 0.0, 0.0, 0.0, 1.0, -0.0, 0.3, 0.0, -0.0, 1.0, -0.0, 0.0, 0.0, 0.0, 1.0],
                [1.0, -0.0, -0.0, -0.0, 0.0, 1.0, -0.0, 0.3, 0.0, 0.0, 1.0, -0.0, 0.0, 0.0, 0.0, 1.0]
            ]
        },
        {
            "name": "Head",
            "time": [0.0, 0.1667, 0.4333, 0.4833, 0.6833, 1.0],
            "transform": [
                [0.570149, -0.075089, -0.818103, -0.0, -0.220491, 0.945293, -0.240427, 0.4, 0.7914, 0.317463, 0.522401, 0.0, 0.0, 0.0, 0.0, 1.0],
                [0.570149, -0.075089, -0.818103, -0.0, -0.220491, 0.945293, -0.240426, 0.4, 0.7914, 0.317463, 0.522401, 0.0, 0.0, 0.0, 0.0, 1.0],
                [0.878981, 0.054996, -0.473675, 0.0, -0.12518, 0.985102, -0.117917, 0.4, 0.460133, 0.162941, 0.87277, 0.0, 0.0, 0.0, 0.0, 1.0],
                [0.956976, 0.008202, 0.290051, 0.0, -0.001747, 0.999745, -0.022506, 0.4, -0.290161, 0.021031, 0.956747, 0.0, 0.0, 0.0, 0.0, 1.0],
                [0.896634, -0.015145, 0.442513, 0.0, 0.01269, 0.999883, 0.008508, 0.4, -0.44259, -0.002013, 0.896722, 0.0, 0.0, 0.0, 0.0, 1.0],
                [0.896634, -0.015145, 0.442513, 0.0, 0.01269, 0.999883, 0.008508, 0.4, -0.44259, -0.002013, 0.896722, 0.0, 0.0, 0.0, 0.0, 1.0]
            ]
        },
        {
            "name": "Shoulder_R",
            "time": [0.0, 0.1667, 0.4333, 0.4833, 0.6833, 1.0],
            "transform": [
                [0.878774, 0.321527, -0.352671, -0.0, 0.453749, -0.333924, 0.8262, 0.4, 0.14788, -0.886067, -0.439337, 0.0, 0.0, 0.0, 0.0, 1.0],
                [0.933323, 0.160429, -0.321202, -0.0, 0.358994, -0.403024, 0.84184, 0.4, 0.005604, -0.901018, -0.433745, 0.0, 0.0, 0.0, 0.0, 1.0],
                [0.975953, 0.108283, -0.189186, 0.0, 0.210774, -0.247418, 0.945705, 0.4, 0.055596, -0.962839, -0.264291, 0.0, 0.0, 0.0, 0.0, 1.0],
                [0.992199, 0.097739, -0.077376, 0.0, 0.088461, -0.114698, 0.989454, 0.4, 0.087833, -0.98858, -0.122449, 0.0, 0.0, 0.0, 0.0, 1.0],
                [0.993724, 0.098062, -0.053824, 0.0, 0.062401, -0.086604, 0.994286, 0.4, 0.09284, -0.991405, -0.09218, 0.0, 0.0, 0.0, 0.0, 1.0],
                [0.993724, 0.098062, -0.053824, 0.0, 0.062401, -0.086604, 0.994286, 0.4, 0.09284, -0.991405, -0.09218, 0.0, 0.0, 0.0, 0.0, 1.0]
            ]
        },
        {
            "name": "Arm_R",
            "time": [0.0, 0.2167, 0.3333, 0.3833, 0.4833, 1.0],
            "transform": [
                [0.423146, -0.894473, 0.144448, -0.0, 0.893211, 0.385053, -0.232182, 0.39386, 0.152061, 0.227269, 0.961887, 0.0, 0.0, 0.0, 0.0, 1.0],
                [0.423146, -0.894473, 0.144448, -0.0, 0.893211, 0.385053, -0.232182, 0.393861, 0.152061, 0.227269, 0.961887, -0.0, 0.0, 0.0, 0.0, 1.0],
                [0.306177, -0.909549, -0.281026, -0.0, 0.70652, 0.414957, -0.573271, 0.39386, 0.638032, -0.023029, 0.769665, -0.0, 0.0, 0.0, 0.0, 1.0],
                [0.058053, -0.83895, -0.541104, 0.0, 0.444119, 0.507132, -0.738631, 0.393861, 0.894085, -0.197435, 0.402035, 0.0, 0.0, 0.0, 0.0, 1.0],
                [-0.006442, -0.815754, -0.578363, 0.0, 0.382224, 0.532449, -0.755251, 0.393861, 0.924047, -0.225929, 0.308371, -0.0, 0.0, 0.0, 0.0, 1.0],
                [-0.006442, -0.815754, -0.578363, 0.0, 0.382224, 0.532448, -0.755251, 0.39386, 0.924047, -0.225929, 0.308371, -0.0, 0.0, 0.0, 0.0, 1.0]
            ]
        },
        {
            "name": "Hand_R",
            "time": [0.0, 0.2167, 0.3333, 0.3833, 0.4833, 1.0],
            "transform": [
                [0.999999, 0.000965, 0.000532, -0.0, -0.000607, 0.885199, -0.465212, 0.3, -0.00092, 0.465211, 0.885199, -0.0, 0.0, 0.0, 0.0, 1.0],
                [0.999995, -0.003074, -0.001204, -0.0, 0.002161, 0.885205, -0.465197, 0.3, 0.002496, 0.465192, 0.885206, 0.0, 0.0, 0.0, 0.0, 1.0],
                [1.0, 0.000229, -0.000431, 0.0, -0.000305, 0.982594, -0.185768, 0.3, 0.000381, 0.185768, 0.982594, 0.0, 0.0, 0.0, 0.0, 1.0],
                [1.0, 1e-05, -0.000674, 0.0, 2.9e-05, 0.998286, 0.058525, 0.3, 0.000674, -0.058525, 0.998286, 0.0, 0.0, 0.0, 0.0, 1.0],
                [1.0, 0.0, 0.0, -0.0, -0.0, 0.993937, 0.109947, 0.3, -0.0, -0.109947, 0.993937, 0.0, 0.0, 0.0, 0.0, 1.0],
                [1.0, 0.0, 0.0, 0.0, -0.0, 0.993937, 0.109947, 0.3, -0.0, -0.109947, 0.993937, 0.0, 0.0, 0.0, 0.0, 1.0]
            ]
        },
        {
            "name": "Tool_R",
            "time": [0.0, 0.2167, 0.3333, 0.3833, 0.4833, 1.0],
            "transform": [
                [0.015357, 0.509089, -0.860577, -0.720604, -0.202874, -0.84119, -0.50124, -0.07292, -0.978507, 0.182169, 0.090304, 0.071997, 0.0, 0.0, 0.0, 1.0],
                [0.015357, 0.509089, -0.860577, -0.720604, -0.202874, -0.84119, -0.50124, -0.07292, -0.978507, 0.182169, 0.090304, 0.071997, 0.0, 0.0, 0.0, 1.0],
                [0.083029, 0.514814, -0.853272, 0.0, -0.978678, 0.203544, 0.027575, 0.272858, 0.187753, 0.832298, 0.520429, 0.0, 0.0, 0.0, 0.0, 1.0],
                [0.263319, 0.75145, -0.604968, 0.166407, -0.600563, -0.363077, -0.71239, 0.490062, -0.754535, 0.550577, 0.35547, -0.046603, 0.0, 0.0, 0.0, 1.0],
                [0.235998, 0.826581, -0.510949, 0.183713, -0.316937, -0.431577, -0.844567, 0.532876, -0.918076, 0.361036, 0.160019, -0.055863, 0.0, 0.0, 0.0, 1.0],
                [0.235998, 0.826581, -0.510949, 0.183713, -0.316937, -0.431577, -0.844566, 0.532876, -0.918076, 0.361035, 0.160019, -0.055863, 0.0, 0.0, 0.0, 1.0]
            ]
        },
        {
            "name": "Elbow_R",
            "time": [0.0, 0.2167, 0.3333, 0.3833, 0.4833, 1.0],
            "transform": [
                [-1.0, 0.0, 0.0, -0.0, 0.0, -0.0, -1.0, 0.359964, -0.0, -1.0, 0.0, -0.0, 0.0, 0.0, 0.0, 1.0],
                [-1.0, 0.0, -0.0, -0.0, 0.0, -0.0, -1.0, 0.359964, -0.0, -1.0, 0.0, -0.0, 0.0, 0.0, 0.0, 1.0],
                [-1.0, 0.0, -0.0, 0.0, -0.0, -0.0, -1.0, 0.338238, -0.0, -1.0, 0.0, 0.0, 0.0, 0.0, 0.0, 1.0],
                [-1.0, 0.0, 0.0, 0.0, -0.0, -0.0, -1.0, 0.306007, -0.0, -1.0, 0.0, 0.0, 0.0, 0.0, 0.0, 1.0],
                [-1.0, 0.0, -0.0, -0.0, 0.0, -0.0, -1.0, 0.3, -0.0, -1.0, 0.0, 0.0, 0.0, 0.0, 0.0, 1.0],
                [-1.0, 0.0, -0.0, 0.0, 0.0, -0.0, -1.0, 0.3, -0.0, -1.0, 0.0, 0.0, 0.0, 0.0, 0.0, 1.0]
            ]
        },
        {
            "name": "Shoulder_L",
            "time": [0.0, 0.2167, 0.3333, 0.3833, 0.4833, 1.0],
            "transform": [
                [-0.673903, -0.505665, -0.538664, -0.0, -0.304257, -0.47445, 0.826029, 0.4, -0.673263, 0.720556, 0.165881, 0.0, 0.0, 0.0, 0.0, 1.0],
                [-0.772811, -0.488247, -0.405437, -0.0, -0.25155, -0.350861, 0.902008, 0.4, -0.582654, 0.799069, 0.148331, 0.0, 0.0, 0.0, 0.0, 1.0],
                [-0.394576, -0.847298, -0.355521, 0.0, -0.117613, -0.33716, 0.934072, 0.4, -0.911305, 0.410376, 0.033382, 0.0, 0.0, 0.0, 0.0, 1.0],
                [0.016516, -0.953338, -0.301453, 0.0, -0.02594, -0.301801, 0.953018, 0.4, -0.999527, -0.00792, -0.029714, -0.0, 0.0, 0.0, 0.0, 1.0],
                [0.106249, -0.95173, -0.28796, 0.0, -0.009144, -0.290522, 0.956825, 0.4, -0.994297, -0.099029, -0.03957, 0.0, 0.0, 0.0, 0.0, 1.0],
                [0.106249, -0.95173, -0.287959, 0.0, -0.009144, -0.290522, 0.956825, 0.4, -0.994297, -0.099029, -0.03957, 0.0, 0.0, 0.0, 0.0, 1.0]
            ]
        },
        {
            "name": "Arm_L",
            "time": [0.0, 0.2167, 0.3333, 0.3833, 0.4833, 1.0],
            "transform": [
                [0.359874, -0.465345, 0.808668, 0.0, 0.436231, 0.850087, 0.295048, 0.39386, -0.824738, 0.246586, 0.508922, -0.0, 0.0, 0.0, 0.0, 1.0],
                [0.359874, -0.465346, 0.808668, -0.0, 0.436232, 0.850087, 0.295048, 0.39386, -0.824738, 0.246587, 0.508922, 0.0, 0.0, 0.0, 0.0, 1.0],
                [0.011316, 0.445065, 0.895427, 0.0, 0.121552, 0.888231, -0.443024, 0.39386, -0.992521, 0.113854, -0.044048, 0.0, 0.0, 0.0, 0.0, 1.0],
                [-0.396002, 0.860249, 0.321177, 0.0, 0.140034, 0.402256, -0.904755, 0.39386, -0.907509, -0.313309, -0.279758, 0.0, 0.0, 0.0, 0.0, 1.0],
                [-0.46736, 0.870331, 0.155235, -0.0, 0.17999, 0.265587, -0.947136, 0.39386, -0.865551, -0.414713, -0.280776, 0.0, 0.0, 0.0, 0.0, 1.0],
                [-0.46736, 0.870331, 0.155235, -0.0, 0.179991, 0.265587, -0.947136, 0.39386, -0.865551, -0.414713, -0.280776, -0.0, 0.0, 0.0, 0.0, 1.0]
            ]
        },
        {
            "name": "Hand_L",
            "time": [0.0, 0.2167, 0.3333, 0.3833, 0.4833, 1.0],
            "transform": [
                [0.999998, -0.001759, 0.001153, -0.0, 0.001507, 0.217022, -0.976166, 0.3, 0.001467, 0.976165, 0.217024, 0.0, 0.0, 0.0, 0.0, 1.0],
                [0.999999, -0.00033, -0.001196, -0.0, -0.001096, 0.217054, -0.976159, 0.3, 0.000582, 0.97616, 0.217054, -0.0, 0.0, 0.0, 0.0, 1.0],
                [0.999996, -0.002774, 0.001172, -0.0, 0.002565, 0.580379, -0.814343, 0.3, 0.001579, 0.814342, 0.580383, 0.0, 0.0, 0.0, 0.0, 1.0],
                [0.999992, -0.001253, -0.003856, -0.0, -0.001224, 0.813425, -0.581669, 0.3, 0.003865, 0.581669, 0.813417, 0.0, 0.0, 0.0, 0.0, 1.0],
                [0.999999, 0.001433, 0.000181, 0.0, -0.001125, 0.851922, -0.523667, 0.3, -0.000905, 0.523666, 0.851923, 0.0, 0.0, 0.0, 0.0, 1.0],
                [0.999993, -0.000915, -0.003639, 0.0, -0.001125, 0.851923, -0.523667, 0.3, 0.003579, 0.523668, 0.851916, -0.0, 0.0, 0.0, 0.0, 1.0]
            ]
        },
        {
            "name": "Tool_L",
            "time": [0.0, 1.0],
            "transform": [
                [1.0, -0.0, 0.0, 0.0, -0.0, -0.999835, 0.018122, 0.272858, 0.0, -0.018122, -0.999247, 0.0, 0.0, 0.0, 0.0, 1.0],
                [1.0, -0.0, 0.0, 0.0, -0.0, -0.999836, 0.018122, 0.272858, 0.0, -0.018122, -0.999248, -0.0, 0.0, 0.0, 0.0, 1.0]
            ]
        },
        {
            "name": "Elbow_L",
            "time": [0.0, 0.2167, 0.3333, 0.3833, 0.4833, 1.0],
            "transform": [
                [-1.0, 0.0, 0.0, -0.0, 0.0, -0.0, -1.0, 0.433399, -0.0, -1.0, -0.0, 0.0, 0.0, 0.0, 0.0, 1.0],
                [-1.0, 0.0, -0.0, -0.0, 0.0, -0.0, -1.0, 0.435571, -0.0, -1.0, -0.0, -0.0, 0.0, 0.0, 0.0, 1.0],
                [-1.0, 0.0, -0.0, 0.0, 0.0, -0.0, -1.0, 0.394048, -0.0, -1.0, -0.0, 0.0, 0.0, 0.0, 0.0, 1.0],
                [-1.0, 0.0, -0.0, -0.0, 0.0, -0.0, -1.0, 0.368829, -0.0, -1.0, -0.0, 0.0, 0.0, 0.0, 0.0, 1.0],
                [-1.0, 0.0, -0.0, 0.0, 0.0, -0.0, -1.0, 0.364574, -0.0, -1.0, -0.0, 0.0, 0.0, 0.0, 0.0, 1.0],
                [-1.0, 0.0, -0.0, 0.0, 0.0, -0.0, -1.0, 0.364574, -0.0, -1.0, -0.0, -0.0, 0.0, 0.0, 0.0, 1.0]
            ]
        }
    ]
}