{
    "animation": [
        {
            "name": "Root",
            "time": [0.0, 0.3, 0.5833, 0.7333, 0.95, 1.05, 1.4],
            "transform": [
                [0.962671, 0.020169, -0.269921, -5e-06, -0.269921, 0.14584, -0.951774, 0.000946, 0.020169, 0.989103, 0.14584, 0.700358, 0.0, 0.0, 0.0, 1.0],
                [1.0, 0.0, 0.0, -5e-06, 0.0, 0.380245, -0.924886, 0.000946, 0.0, 0.924886, 0.380245, 0.479246, 0.0, 0.0, 0.0, 1.0],
                [1.0, 0.0, 0.0, -5e-06, 0.0, -0.184064, -0.982914, 1.034388, 0.0, 0.982914, -0.184064, 1.237434, 0.0, 0.0, 0.0, 1.0],
                [1.0, 0.0, 0.0, -5e-06, 0.0, -0.214943, -0.976627, 1.287236, 0.0, 0.976627, -0.214943, 1.279551, 0.0, 0.0, 0.0, 1.0],
                [1.0, 0.0, 0.0, -5e-06, 0.0, 0.515613, -0.856822, 2.177902, 0.0, 0.856822, 0.515613, 0.692237, 0.0, 0.0, 0.0, 1.0],
                [1.0, 0.0, 0.0, -5e-06, 0.0, 0.515613, -0.856822, 2.257631, 0.0, 0.856822, 0.515613, 0.563785, 0.0, 0.0, 0.0, 1.0],
                [1.0, 0.0, 0.0, -5e-06, 0.0, 0.515613, -0.856822, 2.257631, 0.0, 0.856822, 0.515613, 0.563785, 0.0, 0.0, 0.0, 1.0]
            ]
        },
        {
            "name": "Thigh_R",
            "time": [0.0, 0.3, 0.5833, 0.7333, 0.95, 1.05, 1.4],
            "transform": [
                [0.910237, 0.198129, 0.363612, 0.124994, 0.134762, -0.972037, 0.192304, -0.002831, 0.391546, -0.126041, -0.911484, -1.2e-05, 0.0, 0.0, 0.0, 1.0],
                [0.618066, 0.480158, 0.622448, 0.124994, 0.217558, -0.865341, 0.4515, -0.002831, 0.755422, -0.143638, -0.6393, -1.2e-05, 0.0, 0.0, 0.0, 1.0],
                [0.998314, 0.057644, 0.006827, 0.124994, 0.04789, -0.751455, -0.658042, -0.002831, -0.032802, 0.65726, -0.752949, -1.2e-05, 0.0, 0.0, 0.0, 1.0],
                [0.997971, 0.056033, -0.030217, 0.124994, 0.039583, -0.917898, -0.394836, -0.002831, -0.04986, 0.392839, -0.918254, -1.2e-05, 0.0, 0.0, 0.0, 1.0],
                [0.996668, 0.057381, -0.057969, 0.124994, 0.079183, -0.510136, 0.85644, -0.002831, 0.019571, -0.858176, -0.51298, -1.2e-05, 0.0, 0.0, 0.0, 1.0],
                [0.997003, 0.07716, -0.005634, 0.124994, 0.000671, 0.064193, 0.997936, -0.002831, 0.077362, -0.994949, 0.063949, -1.2e-05, 0.0, 0.0, 0.0, 1.0],
                [0.997003, 0.07716, -0.005634, 0.124994, 0.000671, 0.064193, 0.997936, -0.002831, 0.077362, -0.994949, 0.063949, -1.2e-05, 0.0, 0.0, 0.0, 1.0]
            ]
        },
        {
            "name": "Leg_R",
            "time": [0.0, 0.3, 0.5833, 0.7333, 0.95, 1.05, 1.4],
            "transform": [
                [1.0, -0.0, 1e-06, 0.0, -1e-06, 0.8448, 0.535082, 0.37472, -1e-06, -0.535082, 0.8448, 0.0, 0.0, 0.0, 0.0, 1.0],
                [1.0, -1e-06, 0.0, -0.0, 0.0, 0.254285, 0.967129, 0.37472, -0.0, -0.967129, 0.254285, -0.0, 0.0, 0.0, 0.0, 1.0],
                [1.0, -0.0, 1e-06, -0.0, -0.0, 0.965579, 0.260108, 0.37472, -1e-06, -0.260108, 0.965579, 0.0, 0.0, 0.0, 0.0, 1.0],
                [1.0, -1e-06, 1e-06, -0.0, -0.0, 0.735589, 0.677428, 0.37472, -1e-06, -0.677428, 0.735589, -0.0, 0.0, 0.0, 0.0, 1.0],
                [1.0, -0.0, 1e-06, -0.0, 0.0, 0.999952, 0.009814, 0.37472, -1e-06, -0.009814, 0.999952, 0.0, 0.0, 0.0, 0.0, 1.0],
                [1.0, -1e-06, 1e-06, -0.0, -1e-06, 0.461103, 0.887346, 0.37472, -1e-06, -0.887346, 0.461103, 0.0, 0.0, 0.0, 0.0, 1.0],
                [1.0, -1e-06, 1e-06, -0.0, -1e-06, 0.461103, 0.887346, 0.37472, -1e-06, -0.887346, 0.461103, 0.0, 0.0, 0.0, 0.0, 1.0]
            ]
        },
        {
            "name": "Knee_R",
            "time": [0.0, 0.3, 0.5833, 0.7333, 0.95, 1.05, 1.4],
            "transform": [
                [1.0, 0.0, -0.0, 0.0, -0.0, 1e-06, -1.0, 0.393492, -0.0, 1.0, 1e-06, -0.0, 0.0, 0.0, 0.0, 1.0],
                [1.0, 0.0, -0.0, -0.0, -0.0, 1e-06, -1.0, 0.448677, -0.0, 1.0, 1e-06, -0.0, 0.0, 0.0, 0.0, 1.0],
                [1.0, 0.0, -0.0, -0.0, -0.0, 1e-06, -1.0, 0.37472, -0.0, 1.0, 1e-06, 0.0, 0.0, 0.0, 0.0, 1.0],
                [1.0, 0.0, -0.0, -0.0, -0.0, 1e-06, -1.0, 0.401154, -0.0, 1.0, 1e-06, -0.0, 0.0, 0.0, 0.0, 1.0],
                [1.0, 0.0, -0.0, -0.0, -0.0, 1e-06, -1.0, 0.37472, -0.0, 1.0, 1e-06, 0.0, 0.0, 0.0, 0.0, 1.0],
                [1.0, 0.0, -0.0, 0.0, -0.0, 1e-06, -1.0, 0.429683, -0.0, 1.0, 1e-06, 0.0, 0.0, 0.0, 0.0, 1.0],
                [1.0, 0.0, -0.0, 0.0, -0.0, 1e-06, -1.0, 0.429683, -0.0, 1.0, 1e-06, 0.0, 0.0, 0.0, 0.0, 1.0]
            ]
        },
        {
            "name": "Thigh_L",
            "time": [0.0, 0.3, 0.5833, 0.7333, 0.95, 1.05, 1.4],
            "transform": [
                [0.964794, -0.172422, -0.198602, -0.125006, 0.009703, -0.731274, 0.682014, -0.002831, -0.262827, -0.659929, -0.703857, -1.2e-05, 0.0, 0.0, 0.0, 1.0],
                [1.0, -3e-06, 9e-05, -0.125006, -8.8e-05, 0.133961, 0.990986, -0.002831, -1.5e-05, -0.990986, 0.133961, -1.2e-05, 0.0, 0.0, 0.0, 1.0],
                [0.996765, -0.066916, 0.044512, -0.125006, -0.05237, -0.960915, -0.27184, -0.002831, 0.060963, 0.26863, -0.961312, -1.2e-05, 0.0, 0.0, 0.0, 1.0],
                [0.996645, -0.072417, 0.038119, -0.125006, -0.050826, -0.912806, -0.405217, -0.002831, 0.06414, 0.40192, -0.913425, -1.2e-05, 0.0, 0.0, 0.0, 1.0],
                [0.994468, -0.074035, 0.074511, -0.125006, -0.102017, -0.511869, 0.852984, -0.002831, -0.025011, -0.855866, -0.516591, -1.2e-05, 0.0, 0.0, 0.0, 1.0],
                [0.984424, -0.154753, -0.083429, -0.125006, 0.093632, 0.059839, 0.993807, -0.002831, -0.148802, -0.986139, 0.073396, -1.2e-05, 0.0, 0.0, 0.0, 1.0],
                [0.984424, -0.154753, -0.083429, -0.125006, 0.093632, 0.059839, 0.993807, -0.002831, -0.148802, -0.986139, 0.073396, -1.2e-05, 0.0, 0.0, 0.0, 1.0]
            ]
        },
        {
            "name": "Leg_L",
            "time": [0.0, 0.3, 0.5833, 0.7333, 0.95, 1.05, 1.4],
            "transform": [
                [1.0, -1e-06, 1e-06, -0.0, -0.0, 0.787706, 0.616052, 0.37472, -2e-06, -0.616051, 0.787706, -0.0, 0.0, 0.0, 0.0, 1.0],
                [1.0, -1e-06, 1e-06, -0.0, -1e-06, 0.098337, 0.995154, 0.37472, -1e-06, -0.995153, 0.098337, 0.0, 0.0, 0.0, 0.0, 1.0],
                [1.0, -1e-06, 1e-06, 0.0, -1e-06, 0.636776, 0.771049, 0.37472, -1e-06, -0.771049, 0.636776, 0.0, 0.0, 0.0, 0.0, 1.0],
                [1.0, -1e-06, 1e-06, 0.0, -0.0, 0.746285, 0.665627, 0.37472, -1e-06, -0.665626, 0.746285, -0.0, 0.0, 0.0, 0.0, 1.0],
                [1.0, -0.0, 1e-06, 0.0, 0.0, 0.999952, 0.009796, 0.37472, -1e-06, -0.009796, 0.999953, -0.0, 0.0, 0.0, 0.0, 1.0],
                [1.0, -1e-06, 1e-06, -0.0, -1e-06, 0.460276, 0.887776, 0.37472, -1e-06, -0.887776, 0.460276, -0.0, 0.0, 0.0, 0.0, 1.0],
                [1.0, -1e-06, 1e-06, -0.0, -1e-06, 0.460276, 0.887776, 0.37472, -1e-06, -0.887776, 0.460276, -0.0, 0.0, 0.0, 0.0, 1.0]
            ]
        },
        {
            "name": "Knee_L",
            "time": [0.0, 0.3, 0.5833, 0.7333, 0.95, 1.05, 1.4],
            "transform": [
                [1.0, 0.0, -0.0, 0.0, -0.0, 1e-06, -1.0, 0.395994, -0.0, 1.0, 1e-06, -0.0, 0.0, 0.0, 0.0, 1.0],
                [1.0, 0.0, -0.0, 0.0, -0.0, 1e-06, -1.0, 0.464823, -0.0, 1.0, 1e-06, 0.0, 0.0, 0.0, 0.0, 1.0],
                [1.0, 0.0, -0.0, 0.0, -0.0, 1e-06, -1.0, 0.413765, -0.0, 1.0, 1e-06, -0.0, 0.0, 0.0, 0.0, 1.0],
                [1.0, 0.0, -0.0, 0.0, -0.0, 1e-06, -1.0, 0.401299, -0.0, 1.0, 1e-06, -0.0, 0.0, 0.0, 0.0, 1.0],
                [1.0, 0.0, -0.0, 0.0, -0.0, 1e-06, -1.0, 0.37472, -0.0, 1.0, 1e-06, -0.0, 0.0, 0.0, 0.0, 1.0],
                [1.0, 0.0, -0.0, -0.0, -0.0, 1e-06, -1.0, 0.429683, -0.0, 1.0, 1e-06, -0.0, 0.0, 0.0, 0.0, 1.0],
                [1.0, 0.0, -0.0, -0.0, -0.0, 1e-06, -1.0, 0.429683, -0.0, 1.0, 1e-06, -0.0, 0.0, 0.0, 0.0, 1.0]
            ]
        },
        {
            "name": "Torso",
            "time": [0.0, 1.4],
            "transform": [
                [0.999945, -0.010487, -4.9e-05, 0.0, 0.010487, 0.999901, 0.009417, 0.05, -4.9e-05, -0.009417, 0.999956, 0.0, 0.0, 0.0, 0.0, 1.0],
                [0.999945, -0.010487, -4.9e-05, 0.0, 0.010487, 0.999901, 0.009417, 0.05, -4.9e-05, -0.009417, 0.999956, 0.0, 0.0, 0.0, 0.0, 1.0]
            ]
        },
        {
            "name": "Chest",
            "time": [0.0, 0.3, 0.4833, 0.5833, 0.7333, 0.95, 1.4],
            "transform": [
                [0.999942, -0.01069, -0.001408, 0.0, 0.01069, 0.965852, 0.258873, 0.3, -0.001408, -0.258873, 0.96591, 0.0, 0.0, 0.0, 0.0, 1.0],
                [1.0, 0.0, 0.0, 0.0, -0.0, 0.819225, 0.573473, 0.3, -0.0, -0.573473, 0.819225, -0.0, 0.0, 0.0, 0.0, 1.0],
                [1.0, -0.0, 0.0, 0.0, -0.0, 0.774273, 0.632851, 0.3, 0.0, -0.632851, 0.774273, -0.0, 0.0, 0.0, 0.0, 1.0],
                [1.0, 0.0, -0.0, -0.0, -0.0, 0.994908, -0.100789, 0.3, -0.0, 0.100789, 0.994908, -0.0, 0.0, 0.0, 0.0, 1.0],
                [1.0, 0.0, 0.0, -0.0, -0.0, 0.971222, -0.238175, 0.3, -0.0, 0.238175, 0.971222, 0.0, 0.0, 0.0, 0.0, 1.0],
                [1.0, -0.0, -0.0, -0.0, -0.0, 0.841766, 0.539842, 0.3, 0.0, -0.539842, 0.841767, 0.0, 0.0, 0.0, 0.0, 1.0],
                [1.0, -0.0, -0.0, -0.0, -0.0, 0.841766, 0.539842, 0.3, 0.0, -0.539842, 0.841767, 0.0, 0.0, 0.0, 0.0, 1.0]
            ]
        },
        {
            "name": "Head",
            "time": [0.0, 0.7333, 0.95, 1.4],
            "transform": [
                [0.962329, -0.003089, 0.271872, 0.0, -0.026005, 0.994305, 0.103346, 0.4, -0.270643, -0.106523, 0.956768, -0.0, 0.0, 0.0, 0.0, 1.0],
                [1.0, -0.0, 0.0, -0.0, -0.0, 0.986363, 0.164585, 0.4, -0.0, -0.164585, 0.986363, 0.0, 0.0, 0.0, 0.0, 1.0],
                [1.0, -0.0, 0.0, 0.0, -0.0, 0.963824, -0.266539, 0.4, 0.0, 0.266539, 0.963824, 0.0, 0.0, 0.0, 0.0, 1.0],
                [1.0, -0.0, 0.0, -0.0, -0.0, 0.963824, -0.266539, 0.4, 0.0, 0.266539, 0.963824, 0.0, 0.0, 0.0, 0.0, 1.0]
            ]
        },
        {
            "name": "Shoulder_R",
            "time": [0.0, 0.3, 0.5833, 0.7333, 0.95, 1.05, 1.4],
            "transform": [
                [0.07139, 0.95018, 0.303414, 0.0, -0.002166, -0.304042, 0.952656, 0.4, 0.997446, -0.068668, -0.019647, -0.0, 0.0, 0.0, 0.0, 1.0],
                [-0.27148, 0.916974, 0.29233, -0.0, 0.000299, -0.303657, 0.952781, 0.4, 0.962444, 0.258749, 0.082162, 0.0, 0.0, 0.0, 0.0, 1.0],
                [-0.250543, 0.949716, 0.187797, 0.0, -0.014038, -0.197527, 0.980197, 0.4, 0.968004, 0.242945, 0.062821, 0.0, 0.0, 0.0, 0.0, 1.0],
                [-0.23899, 0.953664, 0.182778, -0.0, -0.014305, -0.19167, 0.981355, 0.4, 0.970917, 0.231919, 0.059449, 0.0, 0.0, 0.0, 0.0, 1.0],
                [0.318656, 0.9287, 0.18967, 0.0, 0.01729, -0.205763, 0.978449, 0.4, 0.947713, -0.308509, -0.081625, 0.0, 0.0, 0.0, 0.0, 1.0],
                [0.347054, 0.918848, 0.187808, -0.0, 0.018704, -0.206996, 0.978163, 0.4, 0.937658, -0.335963, -0.089025, 0.0, 0.0, 0.0, 0.0, 1.0],
                [0.347054, 0.918848, 0.187808, -0.0, 0.018704, -0.206996, 0.978163, 0.4, 0.937658, -0.335963, -0.089025, 0.0, 0.0, 0.0, 0.0, 1.0]
            ]
        },
        {
            "name": "Arm_R",
            "time": [0.0, 0.3, 0.4833, 0.5833, 0.7333, 0.95, 1.05, 1.4],
            "transform": [
                [0.008321, 0.501267, -0.865253, 0.0, 0.948474, 0.270129, 0.165615, 0.393861, 0.316747, -0.822048, -0.47319, 0.0, 0.0, 0.0, 0.0, 1.0],
                [-0.084373, 0.925438, -0.369386, -0.0, 0.956693, 0.178886, 0.229648, 0.393861, 0.278604, -0.334013, -0.900453, 0.0, 0.0, 0.0, 0.0, 1.0],
                [-0.225891, -0.791774, -0.567509, 0.0, 0.971397, -0.139297, -0.19231, 0.39386, 0.073214, -0.594718, 0.800593, 0.0, 0.0, 0.0, 0.0, 1.0],
                [0.214048, 0.359805, 0.908143, 0.0, 0.976735, -0.091287, -0.194048, 0.39386, 0.013082, 0.928551, -0.370974, -0.0, 0.0, 0.0, 0.0, 1.0],
                [0.234074, 0.627696, 0.742433, -0.0, 0.967845, -0.078088, -0.239122, 0.39386, -0.092121, 0.774532, -0.62579, -0.0, 0.0, 0.0, 0.0, 1.0],
                [0.171624, -0.921667, 0.347957, -0.0, 0.90012, 0.003148, -0.435631, 0.393861, 0.400412, 0.387968, 0.830151, 0.0, 0.0, 0.0, 0.0, 1.0],
                [0.146861, -0.952101, 0.268207, -0.0, 0.898789, 0.015219, -0.438118, 0.39386, 0.413051, 0.305404, 0.857973, 0.0, 0.0, 0.0, 0.0, 1.0],
                [0.146861, -0.952101, 0.268207, -0.0, 0.898789, 0.015219, -0.438118, 0.39386, 0.413051, 0.305404, 0.857973, 0.0, 0.0, 0.0, 0.0, 1.0]
            ]
        },
        {
            "name": "Hand_R",
            "time": [0.0, 0.7333, 0.95, 1.05, 1.4],
            "transform": [
                [0.999996, 0.001282, 0.002543, 0.0, -4e-06, 0.893592, -0.448881, 0.3, -0.002848, 0.448879, 0.893588, 0.0, 0.0, 0.0, 0.0, 1.0],
                [1.0, 0.0, 0.0, -0.0, -0.0, 0.608092, -0.793867, 0.3, -0.0, 0.793867, 0.608092, 0.0, 0.0, 0.0, 0.0, 1.0],
                [1.0, 0.0, 0.0, 0.0, -0.0, 0.998312, 0.058078, 0.3, -0.0, -0.058078, 0.998312, -0.0, 0.0, 0.0, 0.0, 1.0],
                [1.0, 0.0, 0.0, 0.0, 0.0, 0.993937, 0.109947, 0.3, -0.0, -0.109947, 0.993937, 0.0, 0.0, 0.0, 0.0, 1.0],
                [1.0, 0.0, 0.0, 0.0, 0.0, 0.993937, 0.109947, 0.3, -0.0, -0.109947, 0.993937, 0.0, 0.0, 0.0, 0.0, 1.0]
            ]
        },
        {
            "name": "Tool_R",
            "time": [0.0, 0.7333, 0.95, 1.4],
            "transform": [
                [1.0, 0.0, 0.0, -0.0, 0.0, -0.999836, 0.018122, 0.272858, 0.0, -0.018122, -0.999243, -0.0, 0.0, 0.0, 0.0, 1.0],
                [1.0, 0.0, 0.0, -0.0, 0.0, -0.999836, 0.018122, 0.272858, 0.0, -0.018122, -0.999243, 0.0, 0.0, 0.0, 0.0, 1.0],
                [1.0, -0.0, 0.0, -0.0, -0.0, -0.449289, -0.893387, 0.272858, 0.0, 0.892853, -0.449032, -0.0, 0.0, 0.0, 0.0, 1.0],
                [1.0, -0.0, -0.0, 0.0, -0.0, -0.449289, -0.893387, 0.272858, 0.0, 0.892853, -0.449032, 0.0, 0.0, 0.0, 0.0, 1.0]
            ]
        },
        {
            "name": "Elbow_R",
            "time": [0.0, 0.7333, 0.95, 1.4],
            "transform": [
                [-1.0, 0.0, -0.0, 0.0, 0.0, -0.0, -1.0, 0.357357, -0.0, -1.0, 0.0, -0.0, 0.0, 0.0, 0.0, 1.0],
                [-1.0, 0.0, -0.0, -0.0, 0.0, -0.0, -1.0, 0.39035, -0.0, -1.0, 0.0, 0.0, 0.0, 0.0, 0.0, 1.0],
                [-1.0, 0.0, -0.0, 0.0, 0.0, -0.0, -1.0, 0.3, -0.0, -1.0, 0.0, -0.0, 0.0, 0.0, 0.0, 1.0],
                [-1.0, 0.0, -0.0, 0.0, 0.0, -0.0, -1.0, 0.3, -0.0, -1.0, -0.0, 0.0, 0.0, 0.0, 0.0, 1.0]
            ]
        },
        {
            "name": "Shoulder_L",
            "time": [0.0, 0.3, 0.5833, 0.7333, 0.95, 1.05, 1.4],
            "transform": [
                [0.073812, -0.950056, -0.303226, 0.0, -0.002264, -0.304214, 0.952601, 0.4, -0.99727, -0.069627, -0.024606, -0.0, 0.0, 0.0, 0.0, 1.0],
                [-0.311572, -0.90549, -0.288116, -0.0, 0.001065, -0.303541, 0.952818, 0.4, -0.950222, 0.296565, 0.095539, 0.0, 0.0, 0.0, 0.0, 1.0],
                [-0.275862, -0.944607, -0.177813, 0.0, 0.017116, -0.18979, 0.981676, 0.4, -0.961045, 0.267763, 0.068523, 0.0, 0.0, 0.0, 0.0, 1.0],
                [-0.255978, -0.951047, -0.173161, -0.0, 0.016457, -0.183391, 0.982902, 0.4, -0.966543, 0.248751, 0.062595, 0.0, 0.0, 0.0, 0.0, 1.0],
                [0.253304, -0.943405, -0.214064, 0.0, -0.010652, -0.223987, 0.974534, 0.4, -0.967328, -0.244573, -0.066786, 0.0, 0.0, 0.0, 0.0, 1.0],
                [0.279102, -0.936013, -0.214431, -0.0, -0.011403, -0.226519, 0.97394, 0.4, -0.960194, -0.269384, -0.073896, 0.0, 0.0, 0.0, 0.0, 1.0],
                [0.279102, -0.936013, -0.214431, -0.0, -0.011403, -0.226519, 0.97394, 0.4, -0.960194, -0.269384, -0.073896, 0.0, 0.0, 0.0, 0.0, 1.0]
            ]
        },
        {
            "name": "Arm_L",
            "time": [0.0, 0.3, 0.4833, 0.5833, 0.7333, 0.95, 1.05, 1.4],
            "transform": [
                [0.082716, -0.491728, 0.866811, 0.0, -0.928357, 0.27825, 0.246435, 0.39386, -0.362369, -0.825094, -0.433483, -0.0, 0.0, 0.0, 0.0, 1.0],
                [-0.146324, -0.918202, 0.368096, 0.0, -0.946759, 0.237853, 0.216964, 0.39386, -0.28677, -0.31675, -0.904119, -0.0, 0.0, 0.0, 0.0, 1.0],
                [-0.247827, 0.775537, 0.580624, -0.0, -0.966673, -0.158216, -0.201275, 0.39386, -0.064232, -0.611154, 0.788901, 0.0, 0.0, 0.0, 0.0, 1.0],
                [0.139537, -0.344757, -0.928263, -0.0, -0.990032, -0.066684, -0.124055, 0.39386, -0.019132, 0.93632, -0.350626, -0.0, 0.0, 0.0, 0.0, 1.0],
                [0.157276, -0.614089, -0.773407, -0.0, -0.984705, -0.038061, -0.170024, 0.39386, 0.074973, 0.788319, -0.610682, 0.0, 0.0, 0.0, 0.0, 1.0],
                [0.155475, 0.922377, -0.353621, 0.0, -0.908447, -0.007103, -0.417939, 0.39386, -0.388009, 0.386226, 0.836827, -0.0, 0.0, 0.0, 0.0, 1.0],
                [0.133984, 0.952559, -0.273276, 0.0, -0.905573, 0.005692, -0.424152, 0.39386, -0.402474, 0.304301, 0.863374, 0.0, 0.0, 0.0, 0.0, 1.0],
                [0.133984, 0.952559, -0.273276, 0.0, -0.905573, 0.005692, -0.424152, 0.39386, -0.402474, 0.304301, 0.863374, 0.0, 0.0, 0.0, 0.0, 1.0]
            ]
        },
        {
            "name": "Hand_L",
            "time": [0.0, 0.7333, 0.95, 1.05, 1.4],
            "transform": [
                [0.99982, -0.018389, 0.004592, -0.0, 0.018548, 0.899362, -0.436811, 0.3, 0.003903, 0.436818, 0.899542, 0.0, 0.0, 0.0, 0.0, 1.0],
                [1.0, 0.0, 0.0, -0.0, -0.0, 0.608092, -0.793867, 0.3, -0.0, 0.793867, 0.608092, -0.0, 0.0, 0.0, 0.0, 1.0],
                [1.0, 0.0, 0.0, 0.0, -0.0, 0.998312, 0.058078, 0.3, -0.0, -0.058079, 0.998312, 0.0, 0.0, 0.0, 0.0, 1.0],
                [1.0, 0.0, 0.0, 0.0, 0.0, 0.993938, 0.109947, 0.3, -0.0, -0.109947, 0.993937, -0.0, 0.0, 0.0, 0.0, 1.0],
                [1.0, 0.0, 0.0, 0.0, 0.0, 0.993938, 0.109947, 0.3, -0.0, -0.109947, 0.993937, -0.0, 0.0, 0.0, 0.0, 1.0]
            ]
        },
        {
            "name": "Tool_L",
            "time": [0.0, 0.7333, 0.95, 1.4],
            "transform": [
                [1.0, 0.0, 0.0, -0.0, -0.0, -0.999835, 0.018122, 0.272858, 0.0, -0.018122, -0.999247, -0.0, 0.0, 0.0, 0.0, 1.0],
                [1.0, 0.0, 0.0, -0.0, 0.0, -0.999836, 0.018122, 0.272858, 0.0, -0.018122, -0.999247, 0.0, 0.0, 0.0, 0.0, 1.0],
                [1.0, -0.0, 0.0, -0.0, 0.0, -0.449288, -0.893387, 0.272858, 0.0, 0.892856, -0.449034, -0.0, 0.0, 0.0, 0.0, 1.0],
                [1.0, -0.0, 0.0, -0.0, 0.0, -0.449288, -0.893387, 0.272858, 0.0, 0.892856, -0.449034, -0.0, 0.0, 0.0, 0.0, 1.0]
            ]
        },
        {
            "name": "Elbow_L",
            "time": [0.0, 0.7333, 0.95, 1.4],
            "transform": [
                [-1.0, 0.0, -0.0, -0.0, 0.0, -0.0, -1.0, 0.357357, -0.0, -1.0, -0.0, 0.0, 0.0, 0.0, 0.0, 1.0],
                [-1.0, 0.0, -0.0, -0.0, 0.0, -0.0, -1.0, 0.39035, -0.0, -1.0, -0.0, -0.0, 0.0, 0.0, 0.0, 1.0],
                [-1.0, 0.0, -0.0, 0.0, 0.0, -0.0, -1.0, 0.3, -0.0, -1.0, -0.0, 0.0, 0.0, 0.0, 0.0, 1.0],
                [-1.0, 0.0, -0.0, 0.0, 0.0, 0.0, -1.0, 0.3, -0.0, -1.0, 0.0, -0.0, 0.0, 0.0, 0.0, 1.0]
            ]
        }
    ]
}