{
    "animation": [
        {
            "name": "Root",
            "time": [0.0, 0.35, 0.5667, 0.7667, 0.8333, 0.9833, 1.4667, 1.7667, 2.0167, 2.2],
            "transform": [
                [0.335691, -0.018537, -0.94179, -5e-06, -0.937206, 0.09387, -0.335905, -0.004566, 0.094633, 0.995412, 0.014138, 0.577917, 0.0, 0.0, 0.0, 1.0],
                [-0.632346, 0.032312, -0.774012, -5e-06, -0.768286, -0.154318, 0.621226, -0.007368, -0.09937, 0.987493, 0.122407, 0.563231, 0.0, 0.0, 0.0, 1.0],
                [-0.67919, 0.026907, -0.733469, -5e-06, -0.72624, -0.169227, 0.666287, -0.007555, -0.106195, 0.98521, 0.134478, 0.562254, 0.0, 0.0, 0.0, 1.0],
                [0.843193, 0.160793, -0.513002, -5e-06, -0.536488, 0.190033, -0.822234, 0.29988, -0.034722, 0.968521, 0.246497, 0.737374, 0.0, 0.0, 0.0, 1.0],
                [0.999557, 0.029373, -0.004891, -5e-06, -0.013945, 0.316599, -0.948457, 0.463218, -0.026311, 0.948105, 0.316868, 0.706233, 0.0, 0.0, 0.0, 1.0],
                [0.43321, -0.001292, 0.901292, -5e-06, 0.765048, 0.529187, -0.366965, 0.987501, -0.476478, 0.848504, 0.230237, 0.504969, 0.0, 0.0, 0.0, 1.0],
                [0.410831, 0.0, 0.911711, -5e-06, 0.77109, 0.533562, -0.347465, 1.037777, -0.486455, 0.845761, 0.219204, 0.485786, 0.0, 0.0, 0.0, 1.0],
                [0.988459, 0.094652, -0.118283, -5e-06, -0.140517, 0.281079, -0.949342, 1.054116, -0.05661, 0.955006, 0.291135, 0.73388, 0.0, 0.0, 0.0, 1.0],
                [0.513361, -0.05467, -0.85643, -5e-06, -0.846922, 0.128794, -0.515883, 1.057485, 0.138507, 0.990163, 0.019816, 0.580651, 0.0, 0.0, 0.0, 1.0],
                [0.513361, -0.05467, -0.85643, -5e-06, -0.846922, 0.128794, -0.515883, 1.057485, 0.138507, 0.990163, 0.019816, 0.580651, 0.0, 0.0, 0.0, 1.0]
            ]
        },
        {
            "name": "Thigh_R",
            "time": [0.0, 0.15, 0.3, 0.4167, 0.5667, 0.7667, 0.8333, 0.9833, 1.4667, 1.7667, 2.0167, 2.2],
            "transform": [
                [0.704116, 0.61477, 0.355353, 0.153967, 0.271817, -0.695674, 0.664945, -0.002832, 0.655999, -0.371606, -0.656942, -0.029428, 0.0, 0.0, 0.0, 1.0],
                [0.917501, 0.39653, -0.030896, 0.153967, 0.246003, -0.504731, 0.827483, -0.002832, 0.312528, -0.766815, -0.560641, -0.029428, 0.0, 0.0, 0.0, 1.0],
                [0.60865, -0.034011, -0.792709, 0.153967, 0.790862, -0.05444, 0.609568, -0.002832, -0.063887, -0.997935, -0.006237, -0.029428, 0.0, 0.0, 0.0, 1.0],
                [0.584895, 0.50923, -0.631334, 0.153967, 0.789814, -0.534749, 0.300392, -0.002832, -0.184637, -0.674332, -0.714971, -0.029428, 0.0, 0.0, 0.0, 1.0],
                [0.597806, 0.588448, -0.544385, 0.153967, 0.772681, -0.603849, 0.195777, -0.002832, -0.213522, -0.537672, -0.815669, -0.029428, 0.0, 0.0, 0.0, 1.0],
                [0.906374, 0.325138, -0.26976, 0.153967, 0.348623, -0.214936, 0.912285, -0.002832, 0.238638, -0.920915, -0.308164, -0.029428, 0.0, 0.0, 0.0, 1.0],
                [0.907141, 0.397437, -0.138339, 0.153967, 0.231938, -0.197886, 0.95239, -0.002831, 0.35114, -0.896036, -0.271693, -0.029428, 0.0, 0.0, 0.0, 1.0],
                [0.43752, 0.711012, -0.550487, 0.153967, 0.292177, 0.466563, 0.834836, -0.002831, 0.850416, -0.526096, -0.003611, -0.029428, 0.0, 0.0, 0.0, 1.0],
                [0.407634, 0.784119, -0.467963, 0.153967, 0.046029, 0.494177, 0.868141, -0.002831, 0.911984, -0.375423, 0.165351, -0.029428, 0.0, 0.0, 0.0, 1.0],
                [0.484344, 0.329642, 0.810399, 0.153967, -0.163532, -0.87586, 0.454008, -0.002832, 0.859457, -0.352422, -0.370312, -0.029428, 0.0, 0.0, 0.0, 1.0],
                [0.591454, 0.612394, 0.524551, 0.153967, 0.293786, -0.76948, 0.567088, -0.002831, 0.750914, -0.1813, -0.635027, -0.029428, 0.0, 0.0, 0.0, 1.0],
                [0.591454, 0.612394, 0.524551, 0.153967, 0.293786, -0.76948, 0.567088, -0.002831, 0.750914, -0.1813, -0.635027, -0.029428, 0.0, 0.0, 0.0, 1.0]
            ]
        },
        {
            "name": "Leg_R",
            "time": [0.0, 0.15, 0.3, 0.4167, 0.5667, 0.7667, 0.8333, 0.9833, 1.4667, 1.7667, 2.0167, 2.2],
            "transform": [
                [1.0, -0.0, 0.000109, 0.0, -7.9e-05, 0.691962, 0.721934, 0.37472, -7.6e-05, -0.721935, 0.69196, -0.0, 0.0, 0.0, 0.0, 1.0],
                [1.0, -0.0, 1e-05, 0.0, -7e-06, 0.648979, 0.760806, 0.37472, -7e-06, -0.760807, 0.648978, 0.0, 0.0, 0.0, 0.0, 1.0],
                [1.0, -1e-06, -9.4e-05, 0.0, 9.3e-05, -0.171102, 0.985252, 0.37472, -1.7e-05, -0.985254, -0.171102, 0.0, 0.0, 0.0, 0.0, 1.0],
                [1.0, -3e-06, -6.5e-05, -0.0, 4.3e-05, 0.785533, 0.61882, 0.37472, 4.9e-05, -0.618821, 0.785532, 0.0, 0.0, 0.0, 0.0, 1.0],
                [1.0, 0.0, -6e-05, -0.0, 2.6e-05, 0.90366, 0.428252, 0.37472, 5.4e-05, -0.428253, 0.903658, -0.0, 0.0, 0.0, 0.0, 1.0],
                [1.0, -1e-06, -0.000103, 0.0, 0.000102, -0.091057, 0.995845, 0.37472, -1e-05, -0.995847, -0.091056, -0.0, 0.0, 0.0, 0.0, 1.0],
                [0.999995, -1e-06, -0.003164, 0.0, 0.003124, -0.157932, 0.987444, 0.37472, -0.0005, -0.987451, -0.157931, 0.0, 0.0, 0.0, 0.0, 1.0],
                [0.999992, -1e-06, -0.003983, -0.0, 0.003983, 0.014582, 0.999885, 0.37472, 5.7e-05, -0.999895, 0.014582, 0.0, 0.0, 0.0, 0.0, 1.0],
                [1.0, -0.0, 0.000745, 0.0, -0.000744, 0.070753, 0.997493, 0.37472, -5.3e-05, -0.997495, 0.070753, -0.0, 0.0, 0.0, 0.0, 1.0],
                [0.999999, -0.0, 0.001398, -0.0, -0.000801, 0.81942, 0.573194, 0.37472, -0.001145, -0.573196, 0.819418, 0.0, 0.0, 0.0, 0.0, 1.0],
                [1.0, -0.0, 8.9e-05, 0.0, -5.9e-05, 0.745395, 0.666624, 0.37472, -6.6e-05, -0.666625, 0.745394, 0.0, 0.0, 0.0, 0.0, 1.0],
                [1.0, -0.0, 8.9e-05, 0.0, -5.9e-05, 0.745395, 0.666624, 0.37472, -6.6e-05, -0.666625, 0.745394, 0.0, 0.0, 0.0, 0.0, 1.0]
            ]
        },
        {
            "name": "Knee_R",
            "time": [0.0, 0.15, 0.3, 0.4167, 0.5667, 0.7667, 0.9833, 1.4667, 1.7667, 2.0167, 2.2],
            "transform": [
                [1.0, 0.0, -0.0, 0.0, -0.0, 1e-06, -1.0, 0.412563, -0.0, 1.0, 1e-06, -0.0, 0.0, 0.0, 0.0, 1.0],
                [1.0, 0.0, -0.0, 0.0, -0.0, 1e-06, -1.0, 0.41001, -0.0, 1.0, 1e-06, -0.0, 0.0, 0.0, 0.0, 1.0],
                [1.0, 0.0, -0.0, 0.0, -0.0, 1e-06, -1.0, 0.476088, -0.0, 1.0, 1e-06, 0.0, 0.0, 0.0, 0.0, 1.0],
                [1.0, 0.0, -0.0, -0.0, -0.0, 1e-06, -1.0, 0.396119, -0.0, 1.0, 1e-06, 0.0, 0.0, 0.0, 0.0, 1.0],
                [1.0, 0.0, -0.0, 0.0, -0.0, 1e-06, -1.0, 0.38373, -0.0, 1.0, 1e-06, -0.0, 0.0, 0.0, 0.0, 1.0],
                [1.0, 0.0, -0.0, 0.0, -0.0, 1e-06, -1.0, 0.472031, -0.0, 1.0, 1e-06, -0.0, 0.0, 0.0, 0.0, 1.0],
                [1.0, 0.0, -0.0, 0.0, -0.0, 1e-06, -1.0, 0.477437, -0.0, 1.0, 1e-06, 0.0, 0.0, 0.0, 0.0, 1.0],
                [1.0, 0.0, -0.0, 0.0, -0.0, 1e-06, -1.0, 0.470229, -0.0, 1.0, 1e-06, -0.0, 0.0, 0.0, 0.0, 1.0],
                [1.0, 0.0, -0.0, -0.0, -0.0, 1e-06, -1.0, 0.386609, -0.0, 1.0, 1e-06, 0.0, 0.0, 0.0, 0.0, 1.0],
                [1.0, 0.0, -0.0, 0.0, -0.0, 1e-06, -1.0, 0.402502, -0.0, 1.0, 1e-06, 0.0, 0.0, 0.0, 0.0, 1.0],
                [1.0, 0.0, -0.0, 0.0, -0.0, 1e-06, -1.0, 0.385758, -0.0, 1.0, 1e-06, 0.0, 0.0, 0.0, 0.0, 1.0]
            ]
        },
        {
            "name": "Thigh_L",
            "time": [0.0, 0.15, 0.35, 0.5667, 0.7667, 0.8333, 0.9833, 1.4667, 1.7667, 2.0167, 2.2],
            "transform": [
                [0.422453, -0.903807, -0.068308, -0.156612, 0.179584, 0.009594, 0.983696, -0.00283, -0.888416, -0.427832, 0.166362, 0.032079, 0.0, 0.0, 0.0, 1.0],
                [0.4639, -0.773676, -0.431535, -0.156611, -0.021698, -0.496899, 0.867537, -0.00283, -0.885621, -0.393087, -0.247299, 0.032079, 0.0, 0.0, 0.0, 1.0],
                [0.329678, -0.751202, -0.571846, -0.156611, -0.221854, -0.650391, 0.726478, -0.002831, -0.917655, -0.112638, -0.381078, 0.032079, 0.0, 0.0, 0.0, 1.0],
                [0.340808, -0.736383, -0.584457, -0.156611, -0.23799, -0.669003, 0.704127, -0.002831, -0.909511, -0.100877, -0.403254, 0.032079, 0.0, 0.0, 0.0, 1.0],
                [0.865814, -0.10709, -0.48877, -0.156611, 0.150823, -0.87554, 0.459001, -0.002831, -0.477092, -0.471128, -0.741904, 0.032079, 0.0, 0.0, 0.0, 1.0],
                [0.922448, -0.087101, -0.376167, -0.156612, 0.171907, -0.779699, 0.602094, -0.002831, -0.34574, -0.620067, -0.704259, 0.032078, 0.0, 0.0, 0.0, 1.0],
                [0.993328, -0.063413, 0.096317, -0.156612, -0.099125, -0.89633, 0.432165, -0.00283, 0.058927, -0.438829, -0.896636, 0.032078, 0.0, 0.0, 0.0, 1.0],
                [0.988958, -0.110679, 0.098548, -0.156612, -0.14074, -0.909696, 0.3907, -0.00283, 0.046406, -0.400255, -0.915228, 0.032078, 0.0, 0.0, 0.0, 1.0],
                [0.767055, -0.009781, -0.641506, -0.156612, 0.294373, -0.883058, 0.365448, -0.00283, -0.570062, -0.469161, -0.674475, 0.032078, 0.0, 0.0, 0.0, 1.0],
                [0.481182, -0.834614, -0.268109, -0.156612, -0.046332, -0.32963, 0.942972, -0.00283, -0.875394, -0.44132, -0.197281, 0.032079, 0.0, 0.0, 0.0, 1.0],
                [0.481182, -0.834614, -0.268109, -0.156612, -0.046332, -0.32963, 0.942972, -0.00283, -0.875394, -0.44132, -0.197281, 0.032079, 0.0, 0.0, 0.0, 1.0]
            ]
        },
        {
            "name": "Leg_L",
            "time": [0.0, 0.15, 0.35, 0.5667, 0.7667, 0.8333, 0.9833, 1.4667, 1.7667, 2.0167, 2.2],
            "transform": [
                [0.999997, -1e-06, 0.002573, -0.0, -0.002573, -0.000818, 0.999997, 0.37472, 1e-06, -1.0, -0.000818, -0.0, 0.0, 0.0, 0.0, 1.0],
                [1.0, -1e-06, 0.000624, -0.0, -0.000501, 0.595545, 0.803322, 0.37472, -0.000372, -0.803321, 0.595546, 0.0, 0.0, 0.0, 0.0, 1.0],
                [1.0, -1e-06, 6.4e-05, -0.0, -5.2e-05, 0.588173, 0.808735, 0.37472, -3.9e-05, -0.808734, 0.588174, 0.0, 0.0, 0.0, 0.0, 1.0],
                [1.0, -1e-06, 2.8e-05, -0.0, -2.1e-05, 0.610782, 0.791799, 0.37472, -1.7e-05, -0.791798, 0.610783, -0.0, 0.0, 0.0, 0.0, 1.0],
                [0.999998, -0.0, 0.002051, -0.0, -0.000612, 0.954435, 0.298416, 0.37472, -0.001958, -0.298417, 0.954434, 0.0, 0.0, 0.0, 0.0, 1.0],
                [0.999994, -1e-06, 0.003419, 0.0, -0.002185, 0.768964, 0.639289, 0.37472, -0.00263, -0.639292, 0.76896, 0.0, 0.0, 0.0, 0.0, 1.0],
                [0.999994, -1e-06, 0.003496, -0.0, -0.002346, 0.741246, 0.67123, 0.37472, -0.002592, -0.671233, 0.741242, -0.0, 0.0, 0.0, 0.0, 1.0],
                [0.999994, -1e-06, 0.003441, -0.0, -0.002181, 0.773385, 0.633933, 0.37472, -0.002662, -0.633936, 0.773381, -0.0, 0.0, 0.0, 0.0, 1.0],
                [0.999995, -1e-06, 0.003235, 0.0, -0.001113, 0.938917, 0.344141, 0.37472, -0.003037, -0.344143, 0.938913, 0.0, 0.0, 0.0, 0.0, 1.0],
                [1.0, -1e-06, 5.2e-05, 0.0, -4.5e-05, 0.484751, 0.874653, 0.37472, -2.6e-05, -0.874652, 0.484751, 0.0, 0.0, 0.0, 0.0, 1.0],
                [1.0, -1e-06, 5.2e-05, 0.0, -4.5e-05, 0.484751, 0.874653, 0.37472, -2.6e-05, -0.874652, 0.484751, 0.0, 0.0, 0.0, 0.0, 1.0]
            ]
        },
        {
            "name": "Knee_L",
            "time": [0.0, 0.15, 0.4167, 0.5667, 0.7667, 0.9833, 1.4667, 1.7667, 2.0167, 2.2],
            "transform": [
                [1.0, 0.0, -0.0, 0.0, -0.0, 1e-06, -1.0, 0.476836, -0.0, 1.0, 1e-06, -0.0, 0.0, 0.0, 0.0, 1.0],
                [1.0, 0.0, -0.0, 0.0, -0.0, 1e-06, -1.0, 0.415722, -0.0, 1.0, 1e-06, 0.0, 0.0, 0.0, 0.0, 1.0],
                [1.0, 0.0, -0.0, 0.0, -0.0, 1e-06, -1.0, 0.415266, -0.0, 1.0, 1e-06, 0.0, 0.0, 0.0, 0.0, 1.0],
                [1.0, 0.0, -0.0, -0.0, -0.0, 1e-06, -1.0, 0.411662, -0.0, 1.0, 1e-06, -0.0, 0.0, 0.0, 0.0, 1.0],
                [1.0, 0.0, -0.0, -0.0, -0.0, 1e-06, -1.0, 0.37472, -0.0, 1.0, 1e-06, 0.0, 0.0, 0.0, 0.0, 1.0],
                [1.0, 0.0, -0.0, 0.0, -0.0, 1e-06, -1.0, 0.401751, -0.0, 1.0, 1e-06, -0.0, 0.0, 0.0, 0.0, 1.0],
                [1.0, 0.0, -0.0, -0.0, -0.0, 1e-06, -1.0, 0.395444, -0.0, 1.0, 1e-06, -0.0, 0.0, 0.0, 0.0, 1.0],
                [1.0, 0.0, -0.0, -0.0, -0.0, 1e-06, -1.0, 0.371592, -0.0, 1.0, 1e-06, 0.0, 0.0, 0.0, 0.0, 1.0],
                [1.0, 0.0, -0.0, 0.0, -0.0, 1e-06, -1.0, 0.425027, -0.0, 1.0, 1e-06, 0.0, 0.0, 0.0, 0.0, 1.0],
                [1.0, 0.0, -0.0, 0.0, -0.0, 1e-06, -1.0, 0.383714, -0.0, 1.0, 1e-06, 0.0, 0.0, 0.0, 0.0, 1.0]
            ]
        },
        {
            "name": "Torso",
            "time": [0.0, 0.35, 0.5667, 0.7667, 0.9833, 1.4667, 2.2],
            "transform": [
                [0.998148, -0.059648, 0.011979, -0.0, 0.058471, 0.994921, 0.081941, 0.05, -0.016805, -0.081089, 0.996565, 0.0, 0.0, 0.0, 0.0, 1.0],
                [0.999981, 0.002479, 0.005635, 0.0, -0.002744, 0.998867, 0.047504, 0.05, -0.005511, -0.047518, 0.998855, -0.0, 0.0, 0.0, 0.0, 1.0],
                [0.999965, 0.006605, 0.005137, -0.0, -0.006831, 0.998954, 0.045226, 0.05, -0.004833, -0.045259, 0.998964, 0.0, 0.0, 0.0, 0.0, 1.0],
                [0.999533, -0.029171, 0.009136, 0.0, 0.028516, 0.997477, 0.065017, 0.05, -0.01101, -0.064726, 0.997842, -0.0, 0.0, 0.0, 0.0, 1.0],
                [0.99742, -0.07062, 0.012876, -0.0, 0.06922, 0.993708, 0.088053, 0.05, -0.019013, -0.086934, 0.996033, 0.0, 0.0, 0.0, 0.0, 1.0],
                [0.997325, -0.071938, 0.012978, 0.0, 0.07051, 0.993552, 0.088786, 0.05, -0.019282, -0.087633, 0.995966, -0.0, 0.0, 0.0, 0.0, 1.0],
                [0.997325, -0.071937, 0.012978, 0.0, 0.07051, 0.993552, 0.088786, 0.05, -0.019282, -0.087633, 0.995966, -0.0, 0.0, 0.0, 0.0, 1.0]
            ]
        },
        {
            "name": "Chest",
            "time": [0.0, 0.35, 0.5667, 0.7667, 0.9833, 1.4667, 2.0167, 2.2],
            "transform": [
                [0.999539, -0.02899, 0.008962, 0.0, 0.02904, 0.999563, -0.005538, 0.3, -0.008797, 0.005796, 0.999945, -0.0, 0.0, 0.0, 0.0, 1.0],
                [0.983159, -0.173811, 0.056469, 0.0, 0.175651, 0.984013, -0.029407, 0.3, -0.050455, 0.038831, 0.997971, -0.0, 0.0, 0.0, 0.0, 1.0],
                [0.981245, -0.183276, 0.059738, -0.0, 0.185325, 0.982196, -0.030741, 0.3, -0.053041, 0.041235, 0.997741, -0.0, 0.0, 0.0, 0.0, 1.0],
                [1.0, -0.0, 0.0, 0.0, 0.0, 1.0, -0.0, 0.3, -0.0, 0.0, 1.0, 0.0, 0.0, 0.0, 0.0, 1.0],
                [0.812447, -0.001114, -0.583034, 0.0, 0.002889, 0.999994, 0.002114, 0.3, 0.583028, -0.003402, 0.812445, 0.0, 0.0, 0.0, 0.0, 1.0],
                [0.788913, -0.001204, -0.614503, 0.0, 0.003092, 0.999993, 0.00201, 0.3, 0.614497, -0.003485, 0.788912, -0.0, 0.0, 0.0, 0.0, 1.0],
                [0.999999, -4e-06, -0.001092, 0.0, 4e-06, 1.0, 5e-06, 0.3, 0.001092, -5e-06, 0.999999, 0.0, 0.0, 0.0, 0.0, 1.0],
                [0.999999, -4e-06, -0.001092, -0.0, 4e-06, 1.0, 5e-06, 0.3, 0.001092, -5e-06, 1.0, -0.0, 0.0, 0.0, 0.0, 1.0]
            ]
        },
        {
            "name": "Head",
            "time": [0.0, 0.35, 0.5667, 0.7667, 0.8333, 0.9833, 1.4667, 2.0167, 2.2],
            "transform": [
                [0.435726, 0.158162, 0.886074, 0.0, -0.022713, 0.986059, -0.16484, 0.4, -0.899793, 0.0517, 0.433244, 0.0, 0.0, 0.0, 0.0, 1.0],
                [0.01967, 0.018444, 0.999636, 0.0, -0.052459, 0.998472, -0.01739, 0.4, -0.998429, -0.052098, 0.020608, -0.0, 0.0, 0.0, 0.0, 1.0],
                [-0.00795, -0.014771, 0.999859, 0.0, -0.034028, 0.999316, 0.014492, 0.4, -0.999389, -0.033908, -0.008447, -0.0, 0.0, 0.0, 0.0, 1.0],
                [0.845033, -0.11213, 0.522825, -0.0, 0.176546, 0.981442, -0.074858, 0.4, -0.504728, 0.15556, 0.849147, -0.0, 0.0, 0.0, 0.0, 1.0],
                [0.996051, 0.043826, 0.077209, -0.0, -0.013999, 0.936315, -0.350882, 0.4, -0.08767, 0.348416, 0.933231, -0.0, 0.0, 0.0, 0.0, 1.0],
                [0.891287, 0.070483, -0.447928, -0.0, -0.085417, 0.996258, -0.013199, 0.4, 0.445321, 0.050025, 0.893972, -0.0, 0.0, 0.0, 0.0, 1.0],
                [0.874638, 0.09347, -0.475679, 0.0, -0.105781, 0.994389, 0.000896, 0.4, 0.473094, 0.049534, 0.879618, -0.0, 0.0, 0.0, 0.0, 1.0],
                [0.513374, 0.175029, 0.840126, 0.0, -0.020607, 0.981212, -0.19183, 0.4, -0.857918, 0.081168, 0.507335, 0.0, 0.0, 0.0, 0.0, 1.0],
                [0.513374, 0.175029, 0.840126, 0.0, -0.020607, 0.981212, -0.19183, 0.4, -0.857918, 0.081168, 0.507336, 0.0, 0.0, 0.0, 0.0, 1.0]
            ]
        },
        {
            "name": "Shoulder_R",
            "time": [0.0, 0.35, 0.5667, 0.65, 0.7333, 0.8333, 0.9333, 1.4667, 2.0167, 2.2],
            "transform": [
                [0.300557, 0.899748, 0.316417, 0.0, -0.081072, -0.306454, 0.948427, 0.4, 0.950312, -0.310708, -0.019163, 0.0, 0.0, 0.0, 0.0, 1.0],
                [0.314942, 0.869835, 0.379735, 0.0, -0.374181, -0.253897, 0.891922, 0.4, 0.872239, -0.422993, 0.245512, -0.0, 0.0, 0.0, 0.0, 1.0],
                [0.314942, 0.869835, 0.379735, 0.0, -0.374181, -0.253897, 0.891922, 0.4, 0.872239, -0.422993, 0.245512, -0.0, 0.0, 0.0, 0.0, 1.0],
                [0.315135, 0.86783, 0.384136, 0.0, -0.392956, -0.249117, 0.88517, 0.4, 0.863872, -0.429896, 0.262514, 0.0, 0.0, 0.0, 0.0, 1.0],
                [0.31262, 0.948504, 0.051068, 0.0, 0.012427, -0.057842, 0.998248, 0.4, 0.949797, -0.311437, -0.029869, -0.0, 0.0, 0.0, 0.0, 1.0],
                [0.643449, 0.760652, -0.085916, -0.0, -0.697618, 0.628896, 0.343247, 0.4, 0.315124, -0.160926, 0.935307, -0.0, 0.0, 0.0, 0.0, 1.0],
                [0.306838, 0.945937, 0.105134, -0.0, 0.087438, -0.138011, 0.986563, 0.4, 0.947737, -0.293523, -0.125058, -0.0, 0.0, 0.0, 0.0, 1.0],
                [0.306838, 0.945937, 0.105134, 0.0, 0.087438, -0.138011, 0.986563, 0.4, 0.947737, -0.293523, -0.125058, -0.0, 0.0, 0.0, 0.0, 1.0],
                [0.294589, 0.906329, 0.302959, 0.0, -0.01404, -0.312889, 0.949686, 0.4, 0.955521, -0.284021, -0.079449, 0.0, 0.0, 0.0, 0.0, 1.0],
                [0.294589, 0.906329, 0.302959, 0.0, -0.01404, -0.312889, 0.949686, 0.4, 0.955521, -0.284021, -0.079449, 0.0, 0.0, 0.0, 0.0, 1.0]
            ]
        },
        {
            "name": "Arm_R",
            "time": [0.0, 0.35, 0.5667, 0.65, 0.7333, 0.8333, 0.9333, 1.4667, 2.0167, 2.2],
            "transform": [
                [0.12665, -0.360456, -0.924138, 0.0, 0.990674, 0.093146, 0.099437, 0.393861, 0.050237, -0.928114, 0.368891, -0.0, 0.0, 0.0, 0.0, 1.0],
                [0.360724, -0.720504, -0.592243, -0.0, 0.842627, -0.020452, 0.538109, 0.39386, -0.399823, -0.693149, 0.599739, -0.0, 0.0, 0.0, 0.0, 1.0],
                [0.360724, -0.720504, -0.592243, 0.0, 0.842627, -0.020452, 0.538109, 0.393861, -0.399823, -0.693149, 0.599739, 0.0, 0.0, 0.0, 0.0, 1.0],
                [0.287927, -0.867357, -0.405943, 0.0, 0.830076, 0.014648, 0.557458, 0.39386, -0.477568, -0.497471, 0.72419, -0.0, 0.0, 0.0, 0.0, 1.0],
                [-0.1951, -0.765128, 0.613609, 0.0, 0.957161, -0.285017, -0.051063, 0.393861, 0.213959, 0.57736, 0.787957, 0.0, 0.0, 0.0, 0.0, 1.0],
                [0.181999, -0.936538, 0.299622, 0.0, 0.97782, 0.140258, -0.155547, 0.393861, 0.103652, 0.321286, 0.941293, -0.0, 0.0, 0.0, 0.0, 1.0],
                [0.467529, -0.882961, -0.04239, -0.0, 0.883435, 0.468385, -0.0126, 0.39386, 0.030981, -0.031558, 0.999022, 0.0, 0.0, 0.0, 0.0, 1.0],
                [0.467529, -0.882961, -0.04239, 0.0, 0.883435, 0.468385, -0.0126, 0.39386, 0.030981, -0.031558, 0.999022, -0.0, 0.0, 0.0, 0.0, 1.0],
                [0.04756, -0.303682, -0.951586, -0.0, 0.990159, 0.13986, 0.004854, 0.39386, 0.131615, -0.942452, 0.307345, 0.0, 0.0, 0.0, 0.0, 1.0],
                [0.04756, -0.303682, -0.951586, -0.0, 0.990159, 0.13986, 0.004854, 0.393861, 0.131615, -0.942452, 0.307345, 0.0, 0.0, 0.0, 0.0, 1.0]
            ]
        },
        {
            "name": "Hand_R",
            "time": [0.0, 0.35, 0.5667, 0.65, 0.7333, 0.8333, 0.9333, 1.4667, 2.0167, 2.2],
            "transform": [
                [0.999977, 0.003857, 0.005527, -0.0, -0.00305, 0.990263, -0.139174, 0.3, -0.00601, 0.139154, 0.990252, -0.0, 0.0, 0.0, 0.0, 1.0],
                [0.99989, 0.014811, 0.000993, 0.0, -0.008774, 0.643639, -0.765279, 0.3, -0.011973, 0.765186, 0.643698, -0.0, 0.0, 0.0, 0.0, 1.0],
                [0.99989, 0.014811, 0.000993, 0.0, -0.008774, 0.643639, -0.765279, 0.3, -0.011973, 0.765186, 0.643698, -0.0, 0.0, 0.0, 0.0, 1.0],
                [0.999881, 0.015372, -0.000952, 0.0, -0.007829, 0.454087, -0.890923, 0.3, -0.013263, 0.890825, 0.454153, -0.0, 0.0, 0.0, 0.0, 1.0],
                [0.999999, -0.000589, 0.001482, -0.0, 0.001509, 0.048443, -0.998825, 0.3, 0.000517, 0.998826, 0.048444, -0.0, 0.0, 0.0, 0.0, 1.0],
                [0.999974, 0.007072, -0.00149, 0.0, -0.006348, 0.760885, -0.648856, 0.3, -0.003455, 0.648849, 0.76091, 0.0, 0.0, 0.0, 0.0, 1.0],
                [1.0, 0.0, 0.0, -0.0, -0.0, 0.993937, 0.109947, 0.3, -0.0, -0.109947, 0.993937, -0.0, 0.0, 0.0, 0.0, 1.0],
                [1.0, 0.0, 0.0, -0.0, -0.0, 0.993937, 0.109947, 0.3, -0.0, -0.109947, 0.993937, -0.0, 0.0, 0.0, 0.0, 1.0],
                [0.999985, 0.001322, 0.005381, 0.0, -0.001249, 0.999906, -0.013659, 0.3, -0.005399, 0.013652, 0.999892, -0.0, 0.0, 0.0, 0.0, 1.0],
                [0.999985, 0.001322, 0.005381, -0.0, -0.001249, 0.999906, -0.013659, 0.3, -0.005399, 0.013652, 0.999892, 0.0, 0.0, 0.0, 0.0, 1.0]
            ]
        },
        {
            "name": "Tool_R",
            "time": [0.0, 0.35, 0.5667, 0.65, 0.7667, 0.8333, 0.9333, 1.4667, 2.0167, 2.2],
            "transform": [
                [0.08344, -0.100457, -0.991437, 0.0, 0.115811, -0.987187, 0.109773, 0.272858, -0.989173, -0.123915, -0.070693, -0.0, 0.0, 0.0, 0.0, 1.0],
                [0.985693, 0.067467, -0.154464, -0.0, 0.108675, -0.95487, 0.276429, 0.272858, -0.128765, -0.2891, -0.947976, 0.0, 0.0, 0.0, 0.0, 1.0],
                [0.985693, 0.067467, -0.154464, -0.0, 0.108675, -0.95487, 0.276429, 0.272858, -0.128765, -0.2891, -0.947976, 0.0, 0.0, 0.0, 0.0, 1.0],
                [0.993683, 0.082798, -0.075752, -0.0, 0.101114, -0.953385, 0.284313, 0.272858, -0.048651, -0.290015, -0.955165, 0.0, 0.0, 0.0, 0.0, 1.0],
                [0.951093, 0.146849, 0.271767, -0.0, 0.058655, -0.949624, 0.307854, 0.272858, 0.303105, -0.276704, -0.911251, 0.0, 0.0, 0.0, 0.0, 1.0],
                [0.856469, -0.399688, 0.326666, -0.0, -0.44211, -0.894637, 0.064524, 0.272858, 0.266296, -0.199576, -0.942376, -0.0, 0.0, 0.0, 0.0, 1.0],
                [0.986768, -0.044458, -0.155927, -0.0, -0.155306, -0.535424, -0.830182, 0.272857, -0.046553, 0.842908, -0.534935, -0.0, 0.0, 0.0, 0.0, 1.0],
                [0.986768, -0.044458, -0.155927, -0.0, -0.155306, -0.535424, -0.830182, 0.272858, -0.046553, 0.842908, -0.534935, -1e-06, 0.0, 0.0, 0.0, 1.0],
                [-0.197254, -0.097633, -0.975479, 0.0, 0.087101, -0.992839, 0.081758, 0.272858, -0.975897, -0.068808, 0.204225, -0.0, 0.0, 0.0, 0.0, 1.0],
                [-0.197254, -0.097633, -0.975479, 0.0, 0.087101, -0.992839, 0.081758, 0.272858, -0.975897, -0.068808, 0.204225, -0.0, 0.0, 0.0, 0.0, 1.0]
            ]
        },
        {
            "name": "Elbow_R",
            "time": [0.0, 0.5667, 0.7333, 0.9333, 1.4667, 2.2],
            "transform": [
                [-1.0, 0.0, -0.0, -0.0, 0.0, -0.0, -1.0, 0.3, -0.0, -1.0, 0.0, -0.0, 0.0, 0.0, 0.0, 1.0],
                [-1.0, 0.0, -0.0, 0.0, 0.0, -0.0, -1.0, 0.387148, -0.0, -1.0, 0.0, -0.0, 0.0, 0.0, 0.0, 1.0],
                [-1.0, 0.0, -0.0, -0.0, 0.0, -0.0, -1.0, 0.448085, -0.0, -1.0, 0.0, -0.0, 0.0, 0.0, 0.0, 1.0],
                [-1.0, 0.0, 0.0, -0.0, 0.0, -0.0, -1.0, 0.3, -0.0, -1.0, 0.0, -0.0, 0.0, 0.0, 0.0, 1.0],
                [-1.0, 0.0, 0.0, -0.0, 0.0, -0.0, -1.0, 0.318627, -0.0, -1.0, 0.0, -0.0, 0.0, 0.0, 0.0, 1.0],
                [-1.0, 0.0, -0.0, 0.0, 0.0, -0.0, -1.0, 0.318627, -0.0, -1.0, 0.0, 0.0, 0.0, 0.0, 0.0, 1.0]
            ]
        },
        {
            "name": "Shoulder_L",
            "time": [0.0, 0.35, 0.5667, 0.65, 0.7333, 0.8333, 0.9333, 1.4667, 2.0167, 2.2],
            "transform": [
                [0.686411, -0.707796, -0.166928, 0.0, 0.012018, -0.218473, 0.975769, 0.4, -0.727115, -0.671784, -0.141455, 0.0, 0.0, 0.0, 0.0, 1.0],
                [0.8508, -0.515012, -0.104414, 0.0, 0.207256, 0.146278, 0.967289, 0.4, -0.482892, -0.844609, 0.231193, -0.0, 0.0, 0.0, 0.0, 1.0],
                [0.8508, -0.515012, -0.104414, 0.0, 0.207256, 0.146278, 0.967289, 0.4, -0.482892, -0.844609, 0.231193, -0.0, 0.0, 0.0, 0.0, 1.0],
                [0.864076, -0.500698, -0.051717, 0.0, 0.185629, 0.221464, 0.957338, 0.4, -0.467884, -0.836813, 0.284306, 0.0, 0.0, 0.0, 0.0, 1.0],
                [0.776613, -0.593297, 0.211829, 0.0, -0.105982, 0.208412, 0.972282, 0.4, -0.620999, -0.777537, 0.098977, -0.0, 0.0, 0.0, 0.0, 1.0],
                [0.724978, -0.682692, -0.091314, -0.0, 0.687659, 0.709887, 0.152269, 0.4, -0.03913, -0.173185, 0.984112, -0.0, 0.0, 0.0, 0.0, 1.0],
                [0.97782, -0.016168, -0.208823, -0.0, 0.208203, -0.033535, 0.977511, 0.4, -0.022807, -0.999307, -0.029425, -0.0, 0.0, 0.0, 0.0, 1.0],
                [0.97782, -0.016168, -0.208823, 0.0, 0.208203, -0.033535, 0.977511, 0.4, -0.022807, -0.999307, -0.029425, -0.0, 0.0, 0.0, 0.0, 1.0],
                [0.645598, -0.741446, -0.182922, 0.0, -0.048234, -0.278639, 0.959184, 0.4, -0.762152, -0.610424, -0.215651, 0.0, 0.0, 0.0, 0.0, 1.0],
                [0.645598, -0.741446, -0.182922, 0.0, -0.048234, -0.278639, 0.959184, 0.4, -0.762153, -0.610424, -0.215651, 0.0, 0.0, 0.0, 0.0, 1.0]
            ]
        },
        {
            "name": "Arm_L",
            "time": [0.0, 0.35, 0.5667, 0.65, 0.7333, 0.8333, 0.9333, 1.4667, 2.0167, 2.2],
            "transform": [
                [-0.582222, 0.39329, 0.711576, -0.0, -0.757277, 0.056193, -0.650672, 0.39386, -0.295888, -0.917695, 0.265113, 0.0, 0.0, 0.0, 0.0, 1.0],
                [-0.499122, 0.73622, 0.45701, -0.0, -0.514803, 0.172305, -0.839815, 0.39386, -0.697034, -0.654439, 0.293006, -0.0, 0.0, 0.0, 0.0, 1.0],
                [-0.499122, 0.73622, 0.45701, 0.0, -0.514802, 0.172305, -0.839815, 0.39386, -0.697034, -0.654439, 0.293006, -0.0, 0.0, 0.0, 0.0, 1.0],
                [-0.307304, 0.898482, 0.31352, -0.0, -0.360646, 0.194924, -0.912107, 0.39386, -0.880624, -0.393364, 0.264133, 0.0, 0.0, 0.0, 0.0, 1.0],
                [0.828957, 0.557815, -0.040899, -0.0, -0.006116, -0.064079, -0.997926, 0.39386, -0.559279, 0.827487, -0.049707, -0.0, 0.0, 0.0, 0.0, 1.0],
                [0.329951, 0.908496, 0.25645, 0.0, -0.491031, 0.397192, -0.775324, 0.39386, -0.806239, 0.129894, 0.577153, 0.0, 0.0, 0.0, 0.0, 1.0],
                [0.538889, 0.711973, 0.450214, -0.0, -0.796424, 0.604731, -0.003041, 0.39386, -0.274424, -0.356922, 0.892915, 0.0, 0.0, 0.0, 0.0, 1.0],
                [0.538889, 0.711973, 0.450214, 0.0, -0.796424, 0.604731, -0.003041, 0.39386, -0.274424, -0.356922, 0.892915, -0.0, 0.0, 0.0, 0.0, 1.0],
                [-0.567864, 0.338766, 0.750179, -0.0, -0.790632, 0.029046, -0.611602, 0.39386, -0.228979, -0.940422, 0.251345, -0.0, 0.0, 0.0, 0.0, 1.0],
                [-0.567864, 0.338766, 0.750179, -0.0, -0.790632, 0.029046, -0.611602, 0.39386, -0.228979, -0.940422, 0.251345, 0.0, 0.0, 0.0, 0.0, 1.0]
            ]
        },
        {
            "name": "Hand_L",
            "time": [0.0, 0.5667, 0.65, 0.7333, 0.8333, 0.9333, 2.2],
            "transform": [
                [1.0, -0.0, 0.0, 0.0, 0.0, 0.993938, 0.109947, 0.3, -0.0, -0.109947, 0.993938, 0.0, 0.0, 0.0, 0.0, 1.0],
                [1.0, -0.0, 0.0, 0.0, 0.0, 0.993938, 0.109947, 0.3, -0.0, -0.109947, 0.993938, -0.0, 0.0, 0.0, 0.0, 1.0],
                [1.0, 0.0, 0.0, -0.0, -0.0, 0.993938, 0.109947, 0.3, -0.0, -0.109947, 0.993938, -0.0, 0.0, 0.0, 0.0, 1.0],
                [0.999992, -0.003935, 0.000549, 0.0, 0.003694, 0.869832, -0.493335, 0.3, 0.001463, 0.493333, 0.869839, 0.0, 0.0, 0.0, 0.0, 1.0],
                [0.999994, -0.003389, 0.000482, -0.0, 0.003417, 0.979486, -0.201486, 0.3, 0.000211, 0.201487, 0.979492, 0.0, 0.0, 0.0, 0.0, 1.0],
                [1.0, 0.0, 0.0, 0.0, 0.0, 0.993938, 0.109947, 0.3, -0.0, -0.109947, 0.993938, 0.0, 0.0, 0.0, 0.0, 1.0],
                [1.0, -0.0, 0.0, -0.0, 0.0, 0.993938, 0.109947, 0.3, -0.0, -0.109947, 0.993938, -0.0, 0.0, 0.0, 0.0, 1.0]
            ]
        },
        {
            "name": "Tool_L",
            "time": [0.0, 2.2],
            "transform": [
                [1.0, -0.0, 0.0, -0.0, -0.0, -0.999836, 0.018122, 0.272858, 0.0, -0.018122, -0.999247, 0.0, 0.0, 0.0, 0.0, 1.0],
                [1.0, -0.0, 0.0, -0.0, -0.0, -0.999835, 0.018122, 0.272858, 0.0, -0.018122, -0.999247, 0.0, 0.0, 0.0, 0.0, 1.0]
            ]
        },
        {
            "name": "Elbow_L",
            "time": [0.0, 0.5667, 0.7333, 0.9333, 1.4667, 2.2],
            "transform": [
                [-1.0, 0.0, -0.0, 0.0, 0.0, -0.0, -1.0, 0.3, -0.0, -1.0, -0.0, 0.0, 0.0, 0.0, 0.0, 1.0],
                [-1.0, 0.0, -0.0, 0.0, -0.0, -0.0, -1.0, 0.3, -0.0, -1.0, -0.0, -0.0, 0.0, 0.0, 0.0, 1.0],
                [-1.0, 0.0, -0.0, 0.0, 0.0, -0.0, -1.0, 0.363093, -0.0, -1.0, -0.0, 0.0, 0.0, 0.0, 0.0, 1.0],
                [-1.0, 0.0, -0.0, 0.0, 0.0, -0.0, -1.0, 0.3, -0.0, -1.0, -0.0, 0.0, 0.0, 0.0, 0.0, 1.0],
                [-1.0, 0.0, -0.0, 0.0, 0.0, 0.0, -1.0, 0.328897, -0.0, -1.0, 0.0, 0.0, 0.0, 0.0, 0.0, 1.0],
                [-1.0, 0.0, -0.0, -0.0, 0.0, -0.0, -1.0, 0.328897, -0.0, -1.0, -0.0, -0.0, 0.0, 0.0, 0.0, 1.0]
            ]
        }
    ]
}