{
    "animation": [
        {
            "name": "Root",
            "time": [0.0, 0.3, 0.4333, 0.6167, 0.8667, 0.95],
            "transform": [
                [0.839439, 0.017108, -0.543184, -5e-06, -0.521626, -0.255059, -0.814157, 0.000946, -0.152473, 0.966774, -0.205182, 0.726967, 0.0, 0.0, 0.0, 1.0],
                [0.299955, -0.069231, -0.951438, -5e-06, -0.933409, -0.227175, -0.27774, 0.000946, -0.196915, 0.97139, -0.132763, 0.692354, 0.0, 0.0, 0.0, 1.0],
                [0.211674, -0.089081, -0.973272, -5e-06, -0.954185, -0.23432, -0.186077, 0.000946, -0.211481, 0.96807, -0.134599, 0.688624, 0.0, 0.0, 0.0, 1.0],
                [0.864647, -0.377264, 0.331749, -5e-06, 0.46092, 0.333035, -0.822581, 1.035788, 0.199846, 0.864152, 0.461847, 0.6946, 0.0, 0.0, 0.0, 1.0],
                [0.795029, -0.428105, 0.429716, -5e-06, 0.581185, 0.33482, -0.741701, 1.126575, 0.173648, 0.839417, 0.515, 0.695124, 0.0, 0.0, 0.0, 1.0],
                [0.973694, -0.214038, 0.07815, -5e-06, 0.135739, 0.269384, -0.953419, 1.135881, 0.183016, 0.938946, 0.291351, 0.720197, 0.0, 0.0, 0.0, 1.0]
            ]
        },
        {
            "name": "Thigh_R",
            "time": [0.0, 0.3, 0.4333, 0.6167, 0.8667, 0.95],
            "transform": [
                [0.951433, 0.251017, -0.178228, 0.124994, 0.256778, -0.96642, 0.009638, -0.002831, -0.169825, -0.054934, -0.983942, -1.2e-05, 0.0, 0.0, 0.0, 1.0],
                [0.778364, 0.494036, -0.387397, 0.124994, 0.537519, -0.843237, 0.004631, -0.002831, -0.32438, -0.211837, -0.921902, -1.2e-05, 0.0, 0.0, 0.0, 1.0],
                [0.7351, 0.541278, -0.408221, 0.124994, 0.580615, -0.813502, -0.033125, -0.002831, -0.35002, -0.212668, -0.912282, -1.2e-05, 0.0, 0.0, 0.0, 1.0],
                [0.943699, 0.028137, 0.329607, 0.124994, -0.246276, -0.605471, 0.756804, -0.002831, 0.220862, -0.795367, -0.564454, -1.2e-05, 0.0, 0.0, 0.0, 1.0],
                [0.939678, 0.105529, 0.325373, 0.124994, -0.211843, -0.567298, 0.795798, -0.002831, 0.268564, -0.816721, -0.510724, -1.2e-05, 0.0, 0.0, 0.0, 1.0],
                [0.96036, -0.079173, 0.267282, 0.124994, -0.217572, -0.812302, 0.541134, -0.002831, 0.174271, -0.577835, -0.79733, -1.2e-05, 0.0, 0.0, 0.0, 1.0]
            ]
        },
        {
            "name": "Leg_R",
            "time": [0.0, 0.3, 0.4333, 0.6167, 0.8667, 0.95],
            "transform": [
                [1.0, -1e-06, 1e-06, 0.0, -0.0, 0.758856, 0.651258, 0.37472, -1e-06, -0.651259, 0.758855, -0.0, 0.0, 0.0, 0.0, 1.0],
                [1.0, -0.0, 1e-06, 0.0, -0.0, 0.829978, 0.557796, 0.37472, -1e-06, -0.557797, 0.829977, -0.0, 0.0, 0.0, 0.0, 1.0],
                [1.0, -0.0, 1e-06, -0.0, 0.0, 0.876392, 0.481599, 0.37472, -1e-06, -0.481599, 0.876391, 0.0, 0.0, 0.0, 0.0, 1.0],
                [1.0, -0.0, 1e-06, 0.0, -0.0, 0.842428, 0.53881, 0.37472, -1e-06, -0.538811, 0.842426, 0.0, 0.0, 0.0, 0.0, 1.0],
                [1.0, -0.0, 1e-06, -0.0, -0.0, 0.877704, 0.479204, 0.37472, -1e-06, -0.479204, 0.877703, -0.0, 0.0, 0.0, 0.0, 1.0],
                [1.0, -0.0, 1e-06, 0.0, -0.0, 0.907278, 0.420533, 0.37472, -1e-06, -0.420533, 0.907276, 0.0, 0.0, 0.0, 0.0, 1.0]
            ]
        },
        {
            "name": "Knee_R",
            "time": [0.0, 0.3, 0.4333, 0.6167, 0.8667, 0.95],
            "transform": [
                [1.0, 0.0, -0.0, 0.0, -0.0, 1e-06, -1.0, 0.399479, -0.0, 1.0, 1e-06, -0.0, 0.0, 0.0, 0.0, 1.0],
                [1.0, 0.0, -0.0, 0.0, -0.0, 1e-06, -1.0, 0.392877, -0.0, 1.0, 1e-06, -0.0, 0.0, 0.0, 0.0, 1.0],
                [1.0, 0.0, -0.0, -0.0, -0.0, 1e-06, -1.0, 0.385227, -0.0, 1.0, 1e-06, -0.0, 0.0, 0.0, 0.0, 1.0],
                [1.0, 0.0, -0.0, 0.0, -0.0, 1e-06, -1.0, 0.386412, -0.0, 1.0, 1e-06, 0.0, 0.0, 0.0, 0.0, 1.0],
                [1.0, 0.0, -0.0, -0.0, -0.0, 1e-06, -1.0, 0.388571, -0.0, 1.0, 1e-06, -0.0, 0.0, 0.0, 0.0, 1.0],
                [1.0, 0.0, -0.0, 0.0, -0.0, 1e-06, -1.0, 0.384272, -0.0, 1.0, 1e-06, 0.0, 0.0, 0.0, 0.0, 1.0]
            ]
        },
        {
            "name": "Thigh_L",
            "time": [0.0, 0.3, 0.4333, 0.6167, 0.8667, 0.95],
            "transform": [
                [0.778631, -0.055204, -0.625049, -0.125006, -0.017461, -0.997643, 0.066359, -0.002831, -0.627239, -0.040754, -0.77776, -1.2e-05, 0.0, 0.0, 0.0, 1.0],
                [0.351899, -0.282765, -0.892307, -0.125006, -0.178344, -0.956071, 0.232638, -0.002831, -0.918891, 0.077273, -0.38687, -1.2e-05, 0.0, 0.0, 0.0, 1.0],
                [0.197822, -0.285834, -0.937638, -0.125006, -0.085086, -0.957938, 0.27407, -0.002831, -0.976538, 0.025563, -0.213822, -1.2e-05, 0.0, 0.0, 0.0, 1.0],
                [0.765547, -0.524639, -0.372413, -0.125006, -0.210437, -0.751184, 0.625651, -0.002831, -0.607992, -0.400595, -0.68547, -1.2e-05, 0.0, 0.0, 0.0, 1.0],
                [0.789204, -0.519845, -0.326983, -0.125006, -0.259604, -0.764914, 0.589501, -0.002831, -0.556563, -0.380351, -0.738627, -1.2e-05, 0.0, 0.0, 0.0, 1.0],
                [0.837353, -0.377903, -0.395005, -0.125006, -0.115183, -0.828321, 0.548285, -0.002831, -0.53439, -0.41361, -0.737126, -1.2e-05, 0.0, 0.0, 0.0, 1.0]
            ]
        },
        {
            "name": "Leg_L",
            "time": [0.0, 0.3, 0.4333, 0.6167, 0.8667, 0.95],
            "transform": [
                [1.0, -1e-06, 1e-06, -0.0, 0.0, 0.949956, 0.312382, 0.37472, -1e-06, -0.312381, 0.949957, 0.0, 0.0, 0.0, 0.0, 1.0],
                [1.0, -1e-06, 1e-06, 0.0, 0.0, 0.934492, 0.355982, 0.37472, -1e-06, -0.355982, 0.934493, -0.0, 0.0, 0.0, 0.0, 1.0],
                [1.0, -1e-06, 1e-06, 0.0, 0.0, 0.916462, 0.400121, 0.37472, -1e-06, -0.400121, 0.916463, -0.0, 0.0, 0.0, 0.0, 1.0],
                [1.0, -1e-06, 1e-06, -0.0, -0.0, 0.753196, 0.657796, 0.37472, -1e-06, -0.657796, 0.753196, 0.0, 0.0, 0.0, 0.0, 1.0],
                [1.0, -0.0, 1e-06, 0.0, 0.0, 0.858872, 0.51219, 0.37472, -1e-06, -0.51219, 0.858872, -0.0, 0.0, 0.0, 0.0, 1.0],
                [1.0, -1e-06, 1e-06, 0.0, -0.0, 0.714548, 0.699587, 0.37472, -1e-06, -0.699586, 0.714548, -0.0, 0.0, 0.0, 0.0, 1.0]
            ]
        },
        {
            "name": "Knee_L",
            "time": [0.0, 0.3, 0.4333, 0.6167, 0.8667, 0.95],
            "transform": [
                [1.0, 0.0, -0.0, -0.0, -0.0, 1e-06, -1.0, 0.37472, -0.0, 1.0, 1e-06, 0.0, 0.0, 0.0, 0.0, 1.0],
                [1.0, 0.0, -0.0, 0.0, -0.0, 1e-06, -1.0, 0.378021, -0.0, 1.0, 1e-06, -0.0, 0.0, 0.0, 0.0, 1.0],
                [1.0, 0.0, -0.0, 0.0, -0.0, 1e-06, -1.0, 0.380451, -0.0, 1.0, 1e-06, 0.0, 0.0, 0.0, 0.0, 1.0],
                [1.0, 0.0, -0.0, -0.0, -0.0, 1e-06, -1.0, 0.399479, -0.0, 1.0, 1e-06, 0.0, 0.0, 0.0, 0.0, 1.0],
                [1.0, 0.0, -0.0, -0.0, -0.0, 1e-06, -1.0, 0.385705, -0.0, 1.0, 1e-06, 0.0, 0.0, 0.0, 0.0, 1.0],
                [1.0, 0.0, -0.0, 0.0, -0.0, 1e-06, -1.0, 0.401943, -0.0, 1.0, 1e-06, -0.0, 0.0, 0.0, 0.0, 1.0]
            ]
        },
        {
            "name": "Torso",
            "time": [0.0, 0.3, 0.4333, 0.8667, 0.95],
            "transform": [
                [0.999863, -0.016538, -0.000123, -0.0, 0.016538, 0.999752, 0.01489, 0.05, -0.000123, -0.01489, 0.999889, 0.0, 0.0, 0.0, 0.0, 1.0],
                [0.999999, -0.001166, -0.0, -0.0, 0.001166, 0.999999, 0.001092, 0.05, -1e-06, -0.001092, 0.999999, -0.0, 0.0, 0.0, 0.0, 1.0],
                [1.0, -0.0, 0.0, -0.0, 0.0, 1.0, -0.0, 0.05, 0.0, -0.0, 1.0, -0.0, 0.0, 0.0, 0.0, 1.0],
                [1.0, 0.0, -0.0, -0.0, 0.0, 1.0, 0.0, 0.05, 0.0, -0.0, 1.0, -0.0, 0.0, 0.0, 0.0, 1.0],
                [0.999963, -0.008587, -3.3e-05, -0.0, 0.008587, 0.999933, 0.007705, 0.05, -3.3e-05, -0.007705, 0.99997, 0.0, 0.0, 0.0, 0.0, 1.0]
            ]
        },
        {
            "name": "Chest",
            "time": [0.0, 0.3, 0.4333, 0.6167, 0.8667, 0.95],
            "transform": [
                [0.918204, -0.359671, -0.165944, 0.0, 0.39591, 0.82012, 0.413107, 0.3, -0.012489, -0.445016, 0.895436, 0.0, 0.0, 0.0, 0.0, 1.0],
                [0.9328, -0.111735, -0.342637, -0.0, 0.11064, 0.993599, -0.022808, 0.3, 0.342992, -0.016634, 0.939191, 0.0, 0.0, 0.0, 0.0, 1.0],
                [0.926491, -0.09242, -0.364791, 0.0, 0.073606, 0.995155, -0.06518, 0.3, 0.369047, 0.033538, 0.928805, 0.0, 0.0, 0.0, 0.0, 1.0],
                [0.999465, 0.003778, -0.032496, -0.0, 0.009311, 0.919369, 0.393287, 0.3, 0.031362, -0.393379, 0.918841, 0.0, 0.0, 0.0, 0.0, 1.0],
                [0.999994, 0.002676, -0.001976, -0.0, -0.00157, 0.903379, 0.42884, 0.3, 0.002933, -0.428835, 0.903378, 0.0, 0.0, 0.0, 0.0, 1.0],
                [0.999972, -0.007395, -0.001454, -0.0, 0.007515, 0.963807, 0.266494, 0.3, -0.00057, -0.266498, 0.963835, 0.0, 0.0, 0.0, 0.0, 1.0]
            ]
        },
        {
            "name": "Head",
            "time": [0.0, 0.3, 0.4333, 0.6167, 0.8667, 0.95],
            "transform": [
                [0.831653, -0.075236, 0.550176, -0.0, 0.004549, 0.991669, 0.128733, 0.4, -0.555277, -0.104559, 0.825066, -0.0, 0.0, 0.0, 0.0, 1.0],
                [0.750953, 0.082969, 0.655123, -0.0, -0.039401, 0.995938, -0.080967, 0.4, -0.659179, 0.03499, 0.751172, -0.0, 0.0, 0.0, 0.0, 1.0],
                [0.744185, 0.085544, 0.662473, 0.0, -0.041241, 0.995758, -0.082252, 0.4, -0.666699, 0.033889, 0.744556, 0.0, 0.0, 0.0, 0.0, 1.0],
                [0.998319, 0.005649, 0.057677, 0.0, -0.005357, 0.999972, -0.0052, 0.4, -0.057704, 0.004882, 0.998322, -0.0, 0.0, 0.0, 0.0, 1.0],
                [1.0, -0.0, -0.0, -0.0, 0.0, 1.0, -0.0, 0.4, 0.0, 0.0, 1.0, 0.0, 0.0, 0.0, 0.0, 1.0],
                [0.970432, 0.013349, 0.241005, 0.0, -0.007023, 0.999608, -0.027086, 0.4, -0.241272, 0.024592, 0.970146, -0.0, 0.0, 0.0, 0.0, 1.0]
            ]
        },
        {
            "name": "Shoulder_R",
            "time": [0.0, 0.3, 0.4333, 0.6167, 0.95],
            "transform": [
                [0.089554, 0.949274, 0.301429, -0.0, -0.003661, -0.302329, 0.953197, 0.4, 0.995975, -0.086466, -0.0236, -0.0, 0.0, 0.0, 0.0, 1.0],
                [0.089554, 0.949274, 0.301429, -0.0, -0.003661, -0.302329, 0.953197, 0.4, 0.995975, -0.086466, -0.0236, -0.0, 0.0, 0.0, 0.0, 1.0],
                [0.089555, 0.949274, 0.301428, 0.0, -0.003658, -0.302329, 0.953197, 0.4, 0.995975, -0.086466, -0.023602, 0.0, 0.0, 0.0, 0.0, 1.0],
                [0.089554, 0.949274, 0.301429, 0.0, -0.003661, -0.302329, 0.953197, 0.4, 0.995975, -0.086466, -0.0236, -0.0, 0.0, 0.0, 0.0, 1.0],
                [0.089554, 0.949274, 0.301429, 0.0, -0.003661, -0.302329, 0.953197, 0.4, 0.995975, -0.086466, -0.0236, -0.0, 0.0, 0.0, 0.0, 1.0]
            ]
        },
        {
            "name": "Arm_R",
            "time": [0.0, 0.3, 0.4333, 0.6167, 0.8667, 0.95],
            "transform": [
                [0.11034, -0.5324, -0.839271, 0.0, 0.964147, 0.262384, -0.039688, 0.39386, 0.241342, -0.804801, 0.542263, 0.0, 0.0, 0.0, 0.0, 1.0],
                [-0.089671, -0.333712, 0.938401, -0.0, 0.991784, 0.056387, 0.114824, 0.393861, -0.091232, 0.940988, 0.325914, 0.0, 0.0, 0.0, 0.0, 1.0],
                [-0.067077, -0.096089, 0.99311, -0.0, 0.994126, 0.078294, 0.074721, 0.39386, -0.084935, 0.992289, 0.090273, 0.0, 0.0, 0.0, 0.0, 1.0],
                [0.036939, -0.974584, 0.220958, -0.0, 0.951461, -0.033305, -0.305962, 0.39386, 0.305545, 0.221535, 0.926048, 0.0, 0.0, 0.0, 0.0, 1.0],
                [0.019421, -0.992506, 0.120648, -0.0, 0.942347, -0.022149, -0.333905, 0.39386, 0.334074, 0.120177, 0.934854, -0.0, 0.0, 0.0, 0.0, 1.0],
                [0.016535, -0.81461, -0.579773, -0.0, 0.944079, 0.203694, -0.259276, 0.39386, 0.329305, -0.543064, 0.772424, -0.0, 0.0, 0.0, 0.0, 1.0]
            ]
        },
        {
            "name": "Hand_R",
            "time": [0.0, 0.3, 0.4333, 0.6167, 0.8667, 0.95],
            "transform": [
                [0.999985, 0.001325, 0.005391, -0.0, -0.00125, 0.999903, -0.013885, 0.3, -0.005409, 0.013878, 0.999889, 0.0, 0.0, 0.0, 0.0, 1.0],
                [0.999985, 0.001325, 0.005391, 0.0, -0.00125, 0.999903, -0.013884, 0.3, -0.005409, 0.013877, 0.999889, -0.0, 0.0, 0.0, 0.0, 1.0],
                [0.999985, 0.001325, 0.005391, -0.0, -0.00125, 0.999903, -0.013884, 0.3, -0.005409, 0.013877, 0.999889, 0.0, 0.0, 0.0, 0.0, 1.0],
                [1.0, 8.2e-05, 0.00044, -0.0, -0.000126, 0.994987, 0.100011, 0.3, -0.000429, -0.100011, 0.994986, 0.0, 0.0, 0.0, 0.0, 1.0],
                [1.0, 0.0, 0.0, -0.0, -0.0, 0.993938, 0.109947, 0.3, -0.0, -0.109947, 0.993937, -0.0, 0.0, 0.0, 0.0, 1.0],
                [0.999997, 0.000462, 0.002227, 0.0, -0.000593, 0.998237, 0.059347, 0.3, -0.002195, -0.059348, 0.998235, -0.0, 0.0, 0.0, 0.0, 1.0]
            ]
        },
        {
            "name": "Tool_R",
            "time": [0.0, 0.3, 0.4333, 0.6167, 0.8667, 0.95],
            "transform": [
                [1.0, 0.0, 0.0, 0.0, 0.0, -0.999836, 0.018122, 0.272858, 0.0, -0.018122, -0.999244, 0.0, 0.0, 0.0, 0.0, 1.0],
                [1.0, -0.0, 0.0, 0.0, 0.0, -0.999836, 0.018122, 0.272858, 0.0, -0.018122, -0.999244, 0.0, 0.0, 0.0, 0.0, 1.0],
                [1.0, -0.0, 0.0, 0.0, -0.0, -0.999836, 0.018122, 0.272858, 0.0, -0.018122, -0.999244, 0.0, 0.0, 0.0, 0.0, 1.0],
                [0.999197, -0.032975, -0.022749, 0.0, -0.039848, -0.759616, -0.649151, 0.272858, 0.004122, 0.649143, -0.759877, -0.0, 0.0, 0.0, 0.0, 1.0],
                [0.999061, -0.034879, -0.025701, 0.0, -0.042935, -0.717632, -0.695098, 0.272858, 0.005796, 0.695129, -0.718038, 0.0, 0.0, 0.0, 0.0, 1.0],
                [0.99966, -0.0232, -0.01191, 0.0, -0.026069, -0.901111, -0.432805, 0.272858, -0.000691, 0.432702, -0.90088, -0.0, 0.0, 0.0, 0.0, 1.0]
            ]
        },
        {
            "name": "Elbow_R",
            "time": [0.0, 0.95],
            "transform": [
                [-1.0, 0.0, -0.0, -0.0, 0.0, -0.0, -1.0, 0.3, -0.0, -1.0, 0.0, 0.0, 0.0, 0.0, 0.0, 1.0],
                [-1.0, 0.0, -0.0, 0.0, 0.0, -0.0, -1.0, 0.3, -0.0, -1.0, 0.0, -0.0, 0.0, 0.0, 0.0, 1.0]
            ]
        },
        {
            "name": "Shoulder_L",
            "time": [0.0, 0.3, 0.4333, 0.8667, 0.95],
            "transform": [
                [1e-05, -0.955872, -0.293784, -0.0, -0.020104, -0.293725, 0.955678, 0.4, -0.999798, 0.005896, -0.01922, -0.0, 0.0, 0.0, 0.0, 1.0],
                [-0.303729, -0.916345, -0.260884, -0.0, -0.068605, -0.252074, 0.965273, 0.4, -0.950285, 0.311079, 0.013697, -0.0, 0.0, 0.0, 0.0, 1.0],
                [-0.32601, -0.909485, -0.257981, 0.0, -0.071708, -0.248314, 0.966022, 0.4, -0.942643, 0.333432, 0.015735, 0.0, 0.0, 0.0, 0.0, 1.0],
                [-0.32601, -0.909485, -0.257981, -0.0, -0.071708, -0.248314, 0.966022, 0.4, -0.942643, 0.333432, 0.015735, 0.0, 0.0, 0.0, 0.0, 1.0],
                [-0.159041, -0.94731, -0.278047, 0.0, -0.046889, -0.274066, 0.960567, 0.4, -0.986158, 0.165807, -0.000831, -0.0, 0.0, 0.0, 0.0, 1.0]
            ]
        },
        {
            "name": "Arm_L",
            "time": [0.0, 0.3, 0.4333, 0.6167, 0.8667, 0.95],
            "transform": [
                [0.217288, 0.177518, 0.95983, 0.0, -0.809153, 0.58274, 0.075401, 0.39386, -0.545947, -0.793033, 0.270262, -0.0, 0.0, 0.0, 0.0, 1.0],
                [0.616075, 0.503464, 0.605786, 0.0, -0.246783, 0.853719, -0.458544, 0.39386, -0.748031, 0.132999, 0.650201, -0.0, 0.0, 0.0, 0.0, 1.0],
                [0.650697, 0.502109, 0.569631, 0.0, -0.203878, 0.838149, -0.505905, 0.39386, -0.731455, 0.213056, 0.64775, -0.0, 0.0, 0.0, 0.0, 1.0],
                [-0.424658, -0.27928, 0.861202, -0.0, -0.488209, 0.871718, 0.041954, 0.39386, -0.762442, -0.40263, -0.506529, -0.0, 0.0, 0.0, 0.0, 1.0],
                [-0.482665, -0.361944, 0.797516, -0.0, -0.530904, 0.845143, 0.06225, 0.39386, -0.696546, -0.393358, -0.600078, 0.0, 0.0, 0.0, 0.0, 1.0],
                [-0.202589, -0.282173, 0.937729, -0.0, -0.746636, 0.664116, 0.038535, 0.39386, -0.633634, -0.692335, -0.345223, 0.0, 0.0, 0.0, 0.0, 1.0]
            ]
        },
        {
            "name": "Hand_L",
            "time": [0.0, 0.3, 0.4333, 0.6167, 0.95],
            "transform": [
                [0.99932, -0.036878, 0.000448, 0.0, 0.03687, 0.999235, 0.013035, 0.3, -0.000928, -0.01301, 0.999915, 0.0, 0.0, 0.0, 0.0, 1.0],
                [0.99932, -0.036878, 0.000448, 0.0, 0.036869, 0.999235, 0.013036, 0.3, -0.000929, -0.01301, 0.999915, 0.0, 0.0, 0.0, 0.0, 1.0],
                [0.99932, -0.036878, 0.000448, -0.0, 0.03687, 0.999235, 0.013035, 0.3, -0.000928, -0.01301, 0.999915, -0.0, 0.0, 0.0, 0.0, 1.0],
                [0.99932, -0.036878, 0.000448, -0.0, 0.036869, 0.999235, 0.013036, 0.3, -0.000928, -0.01301, 0.999915, -0.0, 0.0, 0.0, 0.0, 1.0],
                [0.99932, -0.036879, 0.000448, -0.0, 0.03687, 0.999235, 0.013036, 0.3, -0.000928, -0.01301, 0.999915, 0.0, 0.0, 0.0, 0.0, 1.0]
            ]
        },
        {
            "name": "Tool_L",
            "time": [0.0, 0.95],
            "transform": [
                [0.997004, 0.01104, -0.076554, 0.0, -0.036659, -0.804079, -0.593391, 0.272858, -0.068067, 0.594062, -0.8008, -0.0, 0.0, 0.0, 0.0, 1.0],
                [0.997004, 0.01104, -0.076554, -0.0, -0.036659, -0.804079, -0.593391, 0.272858, -0.068067, 0.594062, -0.800801, -0.0, 0.0, 0.0, 0.0, 1.0]
            ]
        },
        {
            "name": "Elbow_L",
            "time": [0.0, 0.95],
            "transform": [
                [-1.0, 0.0, -0.0, 0.0, 0.0, -0.0, -1.0, 0.3, -0.0, -1.0, -0.0, 0.0, 0.0, 0.0, 0.0, 1.0],
                [-1.0, 0.0, -0.0, -0.0, 0.0, -0.0, -1.0, 0.3, -0.0, -1.0, 0.0, 0.0, 0.0, 0.0, 0.0, 1.0]
            ]
        }
    ]
}