{
    "animation": [
        {
            "name": "Root",
            "time": [0.0, 0.3, 0.4167, 0.5, 0.5833, 0.9167],
            "transform": [
                [0.889706, 0.067798, -0.451472, -5e-06, -0.456408, 0.15528, -0.876116, -0.009607, 0.010705, 0.985541, 0.169097, 0.532868, 0.0, 0.0, 0.0, 1.0],
                [0.720107, 0.069087, -0.690415, -5e-06, -0.692212, 0.002938, -0.721688, -0.005288, -0.04783, 0.997606, 0.049939, 0.683447, 0.0, 0.0, 0.0, 1.0],
                [0.7173, 0.064091, -0.693811, -5e-06, -0.694701, -0.010791, -0.719217, -0.002437, -0.053582, 0.997886, 0.036784, 0.706281, 0.0, 0.0, 0.0, 1.0],
                [1.0, 0.0, 0.0, -5e-06, 0.0, 0.0, -1.0, 0.375085, 0.0, 1.0, 0.0, 0.73986, 0.0, 0.0, 0.0, 1.0],
                [0.801806, 0.021039, 0.597214, -5e-06, 0.567416, 0.286718, -0.771902, 0.997792, -0.187472, 0.957784, 0.217954, 0.631946, 0.0, 0.0, 0.0, 1.0],
                [0.801806, 0.021039, 0.597214, -5e-06, 0.567416, 0.286718, -0.771902, 0.997792, -0.187472, 0.957784, 0.217954, 0.631946, 0.0, 0.0, 0.0, 1.0]
            ]
        },
        {
            "name": "Thigh_R",
            "time": [0.0, 0.3, 0.4167, 0.5, 0.55, 0.5833, 0.6333, 0.7667, 0.9167],
            "transform": [
                [0.839814, 0.396367, 0.370952, 0.154142, 0.479429, -0.862068, -0.164266, -0.004528, 0.254676, 0.315798, -0.914008, 0.027879, 0.0, 0.0, 0.0, 1.0],
                [0.843984, 0.44501, 0.299424, 0.154142, 0.433484, -0.894683, 0.107843, -0.004528, 0.315881, 0.038778, -0.948006, 0.027879, 0.0, 0.0, 0.0, 1.0],
                [0.869062, 0.394437, 0.298579, 0.154142, 0.315194, -0.906674, 0.28034, -0.004528, 0.381291, -0.149522, -0.912283, 0.027879, 0.0, 0.0, 0.0, 1.0],
                [0.851343, 0.414122, 0.322052, 0.154142, -0.021377, -0.585993, 0.810033, -0.004528, 0.524174, -0.696499, -0.49003, 0.027879, 0.0, 0.0, 0.0, 1.0],
                [0.824554, 0.444451, 0.350105, 0.154142, -0.027254, -0.586874, 0.809218, -0.004528, 0.565127, -0.676785, -0.471797, 0.027879, 0.0, 0.0, 0.0, 1.0],
                [0.805315, 0.567369, 0.171925, 0.154142, 0.02739, -0.325295, 0.945215, -0.004528, 0.592213, -0.756486, -0.277507, 0.027879, 0.0, 0.0, 0.0, 1.0],
                [0.796427, 0.575045, 0.187151, 0.154142, 0.012532, -0.325103, 0.945595, -0.004528, 0.604604, -0.750751, -0.266129, 0.027879, 0.0, 0.0, 0.0, 1.0],
                [0.795133, 0.57613, 0.189305, 0.154142, 0.010417, -0.325088, 0.945626, -0.004528, 0.606346, -0.749925, -0.26449, 0.027879, 0.0, 0.0, 0.0, 1.0],
                [0.795133, 0.57613, 0.189305, 0.154142, 0.010417, -0.325088, 0.945626, -0.004528, 0.606346, -0.749925, -0.26449, 0.027879, 0.0, 0.0, 0.0, 1.0]
            ]
        },
        {
            "name": "Leg_R",
            "time": [0.0, 0.3, 0.4167, 0.5, 0.55, 0.5833, 0.6333, 0.7667, 0.9167],
            "transform": [
                [1.0, -0.0, -2e-06, -0.0, 1e-06, 0.918708, 0.394936, 0.37472, 2e-06, -0.394934, 0.918711, 0.0, 0.0, 0.0, 0.0, 1.0],
                [1.0, -0.0, -7e-06, -0.0, 3e-06, 0.914897, 0.403684, 0.37472, 6e-06, -0.403683, 0.914901, -0.0, 0.0, 0.0, 0.0, 1.0],
                [1.0, -0.0, -3e-06, 0.0, 2e-06, 0.812364, 0.58315, 0.37472, 3e-06, -0.583148, 0.812368, 0.0, 0.0, 0.0, 0.0, 1.0],
                [1.0, -1e-06, -1.6e-05, 0.0, 1.6e-05, -0.077107, 0.997025, 0.37472, -2e-06, -0.997021, -0.077108, 0.0, 0.0, 0.0, 0.0, 1.0],
                [1.0, -1e-06, -1e-05, -0.0, 1e-05, -0.077107, 0.997025, 0.37472, -2e-06, -0.997021, -0.077107, 0.0, 0.0, 0.0, 0.0, 1.0],
                [1.0, -1e-06, -4.8e-05, -0.0, 3.9e-05, 0.595058, 0.803684, 0.37472, 2.8e-05, -0.803681, 0.59506, -0.0, 0.0, 0.0, 0.0, 1.0],
                [1.0, -0.0, -3.7e-05, -0.0, 3e-05, 0.595059, 0.803683, 0.37472, 2.1e-05, -0.80368, 0.595061, 0.0, 0.0, 0.0, 0.0, 1.0],
                [1.0, -1e-06, -1.1e-05, 0.0, 1e-05, 0.595059, 0.803684, 0.37472, 6e-06, -0.80368, 0.595061, 0.0, 0.0, 0.0, 0.0, 1.0],
                [1.0, -1e-06, -1.1e-05, 0.0, 1e-05, 0.595059, 0.803684, 0.37472, 6e-06, -0.80368, 0.595061, 0.0, 0.0, 0.0, 0.0, 1.0]
            ]
        },
        {
            "name": "Knee_R",
            "time": [0.0, 0.9167],
            "transform": [
                [1.0, 0.0, -0.0, -0.0, -0.0, 1e-06, -1.0, 0.37472, -0.0, 1.0, 1e-06, 0.0, 0.0, 0.0, 0.0, 1.0],
                [1.0, 0.0, -0.0, 0.0, -0.0, 1e-06, -1.0, 0.37472, -0.0, 1.0, 1e-06, 0.0, 0.0, 0.0, 0.0, 1.0]
            ]
        },
        {
            "name": "Thigh_L",
            "time": [0.0, 0.3, 0.4167, 0.4667, 0.6333, 0.7667, 0.9167],
            "transform": [
                [0.923254, -0.372253, -0.095022, -0.146013, 0.010712, -0.222292, 0.974921, -0.001608, -0.38404, -0.901117, -0.201245, -0.020112, 0.0, 0.0, 0.0, 1.0],
                [0.712517, -0.39177, -0.582095, -0.146013, 0.04029, -0.805389, 0.591374, -0.001608, -0.700496, -0.444816, -0.558071, -0.020112, 0.0, 0.0, 0.0, 1.0],
                [0.717867, -0.317112, -0.619763, -0.146013, 0.032344, -0.87408, 0.484702, -0.001608, -0.695427, -0.367997, -0.617218, -0.020112, 0.0, 0.0, 0.0, 1.0],
                [0.921538, -0.078145, -0.380343, -0.146013, 0.043545, -0.952559, 0.301219, -0.001608, -0.385838, -0.294146, -0.874418, -0.020112, 0.0, 0.0, 0.0, 1.0],
                [0.985136, -0.123444, 0.119448, -0.146013, -0.09126, -0.965249, -0.244874, -0.001607, 0.145525, 0.230334, -0.962169, -0.020112, 0.0, 0.0, 0.0, 1.0],
                [0.989852, -0.123702, 0.069928, -0.146013, -0.103679, -0.965244, -0.239903, -0.001607, 0.097174, 0.230219, -0.968275, -0.020112, 0.0, 0.0, 0.0, 1.0],
                [0.989852, -0.123702, 0.069928, -0.146013, -0.103679, -0.965244, -0.239903, -0.001607, 0.097174, 0.230219, -0.968275, -0.020112, 0.0, 0.0, 0.0, 1.0]
            ]
        },
        {
            "name": "Leg_L",
            "time": [0.0, 0.3, 0.4167, 0.4667, 0.6333, 0.9167],
            "transform": [
                [1.0, -1e-06, 4.2e-05, -0.0, -3.7e-05, 0.420162, 0.907449, 0.37472, -1.8e-05, -0.907449, 0.420162, 0.0, 0.0, 0.0, 0.0, 1.0],
                [1.0, -1e-06, 4e-06, -0.0, -2e-06, 0.765802, 0.643077, 0.37472, -3e-06, -0.643077, 0.765801, 0.0, 0.0, 0.0, 0.0, 1.0],
                [1.0, -1e-06, 2e-06, -0.0, -0.0, 0.858652, 0.512559, 0.37472, -2e-06, -0.51256, 0.858651, -0.0, 0.0, 0.0, 0.0, 1.0],
                [1.0, -1e-06, 1e-06, 0.0, -0.0, 0.855786, 0.517329, 0.37472, -2e-06, -0.51733, 0.855786, 0.0, 0.0, 0.0, 0.0, 1.0],
                [1.0, 0.0, 1e-06, 0.0, -0.0, 1.0, 0.0, 0.37472, -1e-06, -0.0, 1.0, 0.0, 0.0, 0.0, 0.0, 1.0],
                [1.0, 0.0, 1e-06, -0.0, -0.0, 1.0, 0.0, 0.37472, -1e-06, -0.0, 1.0, -0.0, 0.0, 0.0, 0.0, 1.0]
            ]
        },
        {
            "name": "Knee_L",
            "time": [0.0, 0.9167],
            "transform": [
                [1.0, 0.0, -0.0, 0.0, -0.0, 1e-06, -1.0, 0.417519, -0.0, 1.0, 1e-06, 0.0, 0.0, 0.0, 0.0, 1.0],
                [1.0, 0.0, -0.0, -0.0, -0.0, 1e-06, -1.0, 0.417519, -0.0, 1.0, 1e-06, -0.0, 0.0, 0.0, 0.0, 1.0]
            ]
        },
        {
            "name": "Torso",
            "time": [0.0, 0.1, 0.3, 0.9167],
            "transform": [
                [0.99988, -0.015295, -0.002367, -0.0, 0.01535, 0.999562, 0.025318, 0.05, 0.001979, -0.025351, 0.999677, 0.0, 0.0, 0.0, 0.0, 1.0],
                [0.999339, -0.035815, -0.006172, -0.0, 0.036119, 0.997582, 0.059382, 0.05, 0.004031, -0.059565, 0.998216, -0.0, 0.0, 0.0, 0.0, 1.0],
                [1.0, 0.0, -0.0, -0.0, 0.0, 1.0, -0.0, 0.05, 0.0, -0.0, 1.0, -0.0, 0.0, 0.0, 0.0, 1.0],
                [1.0, -0.0, -0.0, 0.0, -0.0, 1.0, 0.0, 0.05, -0.0, 0.0, 1.0, 0.0, 0.0, 0.0, 0.0, 1.0]
            ]
        },
        {
            "name": "Chest",
            "time": [0.0, 0.1, 0.3, 0.4167, 0.4667, 0.55, 0.6333, 0.7667, 0.9167],
            "transform": [
                [0.999517, 0.030868, 0.003498, 0.0, -0.030633, 0.998048, -0.054416, 0.3, -0.005171, 0.054283, 0.998512, 0.0, 0.0, 0.0, 0.0, 1.0],
                [0.997341, 0.072669, 0.005544, 0.0, -0.07137, 0.989247, -0.127658, 0.3, -0.014761, 0.126922, 0.991803, 0.0, 0.0, 0.0, 0.0, 1.0],
                [0.998405, 0.056222, 0.005122, -0.0, -0.055208, 0.991294, -0.119536, 0.3, -0.011798, 0.119063, 0.992817, -0.0, 0.0, 0.0, 0.0, 1.0],
                [0.997825, 0.065704, 0.005319, -0.0, -0.064322, 0.988126, -0.139531, 0.3, -0.014424, 0.138886, 0.990204, 0.0, 0.0, 0.0, 0.0, 1.0],
                [0.997591, 0.069169, 0.005344, 0.0, -0.067638, 0.986847, -0.146826, 0.3, -0.015429, 0.146111, 0.989148, 0.0, 0.0, 0.0, 0.0, 1.0],
                [1.0, -0.0, -0.0, -0.0, 0.0, 1.0, -0.0, 0.3, -0.0, -0.0, 1.0, 0.0, 0.0, 0.0, 0.0, 1.0],
                [0.997913, 0.064566, 0.000447, -0.0, -0.064342, 0.993814, 0.090515, 0.3, 0.0054, -0.090354, 0.995895, -0.0, 0.0, 0.0, 0.0, 1.0],
                [0.997487, 0.070842, 0.000878, -0.0, -0.070605, 0.992966, 0.095039, 0.3, 0.005861, -0.094862, 0.995473, -0.0, 0.0, 0.0, 0.0, 1.0],
                [0.997487, 0.070842, 0.000878, -0.0, -0.070605, 0.992966, 0.095039, 0.3, 0.005861, -0.094862, 0.995473, -0.0, 0.0, 0.0, 0.0, 1.0]
            ]
        },
        {
            "name": "Head",
            "time": [0.0, 0.3, 0.4167, 0.5, 0.6333, 0.9167],
            "transform": [
                [0.913827, 0.002812, 0.406095, 0.0, 0.058721, 0.988552, -0.138984, 0.4, -0.401837, 0.150854, 0.9032, 0.0, 0.0, 0.0, 0.0, 1.0],
                [0.743579, -0.090978, 0.662429, -0.0, 0.018312, 0.9931, 0.115837, 0.4, -0.668397, -0.074003, 0.740114, -0.0, 0.0, 0.0, 0.0, 1.0],
                [0.740445, -0.092794, 0.66568, -0.0, 0.017188, 0.992714, 0.119263, 0.4, -0.671897, -0.076866, 0.736645, -0.0, 0.0, 0.0, 0.0, 1.0],
                [0.997582, -0.03023, 0.062576, 0.0, 0.031997, 0.999111, -0.027433, 0.4, -0.061691, 0.029369, 0.997663, -0.0, 0.0, 0.0, 0.0, 1.0],
                [0.895663, -0.098871, -0.433603, 0.0, 0.029967, 0.986176, -0.162968, 0.4, 0.443722, 0.132971, 0.886245, -0.0, 0.0, 0.0, 0.0, 1.0],
                [0.895663, -0.098871, -0.433603, 0.0, 0.029967, 0.986176, -0.162968, 0.4, 0.443722, 0.132971, 0.886245, -0.0, 0.0, 0.0, 0.0, 1.0]
            ]
        },
        {
            "name": "Shoulder_R",
            "time": [0.0, 0.3, 0.4167, 0.4667, 0.55, 0.6333, 0.7667, 0.9167],
            "transform": [
                [-0.344135, 0.878242, 0.332057, 0.0, 0.00873, -0.35065, 0.936466, 0.4, 0.938879, 0.32517, 0.113004, 0.0, 0.0, 0.0, 0.0, 1.0],
                [-0.218101, 0.967369, 0.128952, -0.0, -0.086781, -0.150833, 0.984743, 0.4, 0.97206, 0.203583, 0.116847, -0.0, 0.0, 0.0, 0.0, 1.0],
                [-0.151116, 0.984984, 0.083491, -0.0, -0.108804, -0.100521, 0.988968, 0.4, 0.98251, 0.140365, 0.122361, -0.0, 0.0, 0.0, 0.0, 1.0],
                [-0.033122, 0.998756, 0.037277, -0.0, -0.134975, -0.041426, 0.989983, 0.4, 0.990295, 0.027759, 0.136179, 0.0, 0.0, 0.0, 0.0, 1.0],
                [0.439816, 0.89731, -0.037375, -0.0, -0.000131, 0.04168, 0.999131, 0.4, 0.898088, -0.439429, 0.018449, 0.0, 0.0, 0.0, 0.0, 1.0],
                [0.708886, 0.69452, -0.122974, 0.0, 0.148446, 0.023535, 0.98864, 0.4, 0.689525, -0.719088, -0.086415, -0.0, 0.0, 0.0, 0.0, 1.0],
                [0.720981, 0.680901, -0.128689, 0.0, 0.15712, 0.020243, 0.987372, 0.4, 0.674908, -0.732096, -0.092388, -0.0, 0.0, 0.0, 0.0, 1.0],
                [0.720981, 0.680901, -0.128689, 0.0, 0.15712, 0.020243, 0.987372, 0.4, 0.674908, -0.732096, -0.092388, -0.0, 0.0, 0.0, 0.0, 1.0]
            ]
        },
        {
            "name": "Arm_R",
            "time": [0.0, 0.1, 0.2, 0.3, 0.4167, 0.4667, 0.55, 0.6333, 0.7667, 0.9167],
            "transform": [
                [0.58676, -0.434851, -0.683094, -0.0, 0.165183, 0.890113, -0.42475, 0.39386, 0.792734, 0.136391, 0.594113, -0.0, 0.0, 0.0, 0.0, 1.0],
                [0.685927, -0.695922, 0.212596, 0.0, 0.715453, 0.698297, -0.022526, 0.39386, -0.132779, 0.167554, 0.97688, -0.0, 0.0, 0.0, 0.0, 1.0],
                [0.686275, -0.72734, 0.001962, 0.0, 0.715172, 0.675281, 0.180345, 0.39386, -0.132497, -0.122363, 0.983602, 0.0, 0.0, 0.0, 0.0, 1.0],
                [0.837122, -0.545204, 0.044481, -0.0, 0.475325, 0.684758, -0.552425, 0.39386, 0.270726, 0.48359, 0.832375, -0.0, 0.0, 0.0, 0.0, 1.0],
                [0.850038, -0.493837, 0.183192, 0.0, 0.48834, 0.608567, -0.625436, 0.39386, 0.197379, 0.621105, 0.758465, -0.0, 0.0, 0.0, 0.0, 1.0],
                [0.767781, -0.491516, 0.411004, 0.0, 0.636818, 0.51479, -0.573981, 0.393861, 0.07054, 0.702427, 0.708252, 0.0, 0.0, 0.0, 0.0, 1.0],
                [0.578982, -0.513266, 0.633513, -0.0, 0.815153, 0.347726, -0.463263, 0.39386, 0.017488, 0.784631, 0.619717, 0.0, 0.0, 0.0, 0.0, 1.0],
                [0.966358, -0.248852, 0.064993, -0.0, 0.216319, 0.923079, 0.318011, 0.393861, -0.139132, -0.293253, 0.945857, 0.0, 0.0, 0.0, 0.0, 1.0],
                [0.982441, -0.183067, 0.036008, -0.0, 0.153021, 0.90103, 0.405869, 0.39386, -0.106746, -0.393232, 0.913222, 0.0, 0.0, 0.0, 0.0, 1.0],
                [0.982441, -0.183067, 0.036008, -0.0, 0.153021, 0.90103, 0.405869, 0.39386, -0.106746, -0.393232, 0.913222, 0.0, 0.0, 0.0, 0.0, 1.0]
            ]
        },
        {
            "name": "Hand_R",
            "time": [0.0, 0.1, 0.3, 0.4167, 0.4667, 0.9167],
            "transform": [
                [0.99999, -0.004563, 7.9e-05, 0.0, 0.003874, 0.839509, -0.543332, 0.3, 0.002413, 0.543326, 0.839518, 0.0, 0.0, 0.0, 0.0, 1.0],
                [0.99999, -0.003525, 0.002806, -0.0, 0.004126, 0.466679, -0.884417, 0.3, 0.001808, 0.88442, 0.466689, 0.0, 0.0, 0.0, 0.0, 1.0],
                [0.99999, -0.003167, 0.003242, 0.0, 0.004199, 0.378627, -0.92554, 0.3, 0.001703, 0.925544, 0.378636, -0.0, 0.0, 0.0, 0.0, 1.0],
                [0.999989, -0.002533, 0.003848, 0.0, 0.004335, 0.234737, -0.972049, 0.3, 0.001559, 0.972055, 0.234746, -0.0, 0.0, 0.0, 0.0, 1.0],
                [0.999989, -0.002288, 0.004044, 0.0, 0.004392, 0.181529, -0.983376, 0.3, 0.001516, 0.983383, 0.181537, 0.0, 0.0, 0.0, 0.0, 1.0],
                [0.999989, -0.002288, 0.004044, -0.0, 0.004392, 0.181529, -0.983376, 0.3, 0.001516, 0.983383, 0.181537, -0.0, 0.0, 0.0, 0.0, 1.0]
            ]
        },
        {
            "name": "Tool_R",
            "time": [0.0, 0.1, 0.2, 0.3, 0.6333, 0.7667, 0.9167],
            "transform": [
                [0.989911, -0.016071, 0.14078, 0.0, 0.063825, -0.836472, -0.544281, 0.272858, 0.126432, 0.547441, -0.826523, -0.0, 0.0, 0.0, 0.0, 1.0],
                [0.228779, 0.934677, 0.272101, -0.187791, 0.138901, 0.245312, -0.959442, 0.612221, -0.962946, 0.257146, -0.073672, 0.128119, 0.0, 0.0, 0.0, 1.0],
                [-0.756939, -0.119508, -0.642466, -0.203191, 0.499728, -0.739363, -0.451236, 0.667479, -0.420835, -0.662232, 0.619002, 0.524364, 0.0, 0.0, 0.0, 1.0],
                [-0.999999, 0.001195, -0.001108, -0.0, -0.000884, -0.968911, -0.247408, 0.272858, -0.001368, -0.24727, 0.968335, -0.0, 0.0, 0.0, 0.0, 1.0],
                [-0.999999, 0.001195, -0.001108, -0.0, -0.000884, -0.968911, -0.247408, 0.272858, -0.001368, -0.24727, 0.968335, -0.0, 0.0, 0.0, 0.0, 1.0],
                [-0.999999, 0.001196, -0.001108, -0.0, -0.000884, -0.968911, -0.247408, 0.272858, -0.001368, -0.24727, 0.968335, -0.0, 0.0, 0.0, 0.0, 1.0],
                [-0.999999, 0.001196, -0.001108, -0.0, -0.000884, -0.968911, -0.247408, 0.272858, -0.001368, -0.24727, 0.968335, -0.0, 0.0, 0.0, 0.0, 1.0]
            ]
        },
        {
            "name": "Elbow_R",
            "time": [0.0, 0.9167],
            "transform": [
                [-1.0, 0.0, -0.0, 0.0, 0.0, 0.0, -1.0, 0.3, -0.0, -1.0, 0.0, 0.0, 0.0, 0.0, 0.0, 1.0],
                [-1.0, 0.0, -0.0, -0.0, 0.0, -0.0, -1.0, 0.3, -0.0, -1.0, 0.0, -0.0, 0.0, 0.0, 0.0, 1.0]
            ]
        },
        {
            "name": "Shoulder_L",
            "time": [0.0, 0.3, 0.4167, 0.4667, 0.55, 0.6333, 0.7667, 0.9167],
            "transform": [
                [-0.390774, -0.852369, -0.347509, 0.0, -0.008888, -0.374016, 0.92738, 0.4, -0.920444, 0.365485, 0.13858, 0.0, 0.0, 0.0, 0.0, 1.0],
                [-0.05989, -0.947008, -0.315577, -0.0, 0.000539, -0.316175, 0.948701, 0.4, -0.998205, 0.056648, 0.019446, -0.0, 0.0, 0.0, 0.0, 1.0],
                [-0.021422, -0.950691, -0.309398, -0.0, 0.00027, -0.309474, 0.950908, 0.4, -0.99977, 0.020287, 0.006886, -0.0, 0.0, 0.0, 0.0, 1.0],
                [-0.0, -0.952114, -0.305743, -0.0, 0.0, -0.305743, 0.952114, 0.4, -1.0, -0.0, 0.0, 0.0, 0.0, 0.0, 0.0, 1.0],
                [-0.176939, -0.915418, -0.361526, -0.0, -0.054686, -0.357611, 0.932268, 0.4, -0.982701, 0.184725, 0.013215, 0.0, 0.0, 0.0, 0.0, 1.0],
                [-0.335032, -0.848346, -0.409955, 0.0, -0.114287, -0.395298, 0.911415, 0.4, -0.93525, 0.352206, 0.035483, -0.0, 0.0, 0.0, 0.0, 1.0],
                [-0.344135, -0.843358, -0.412697, 0.0, -0.118071, -0.397184, 0.910112, 0.4, -0.931467, 0.361929, 0.037108, -0.0, 0.0, 0.0, 0.0, 1.0],
                [-0.344135, -0.843358, -0.412697, 0.0, -0.118071, -0.397184, 0.910112, 0.4, -0.931467, 0.361929, 0.037108, -0.0, 0.0, 0.0, 0.0, 1.0]
            ]
        },
        {
            "name": "Arm_L",
            "time": [0.0, 0.1, 0.3, 0.4167, 0.4667, 0.55, 0.6333, 0.7667, 0.9167],
            "transform": [
                [0.084536, 0.244837, 0.965872, -0.0, -0.182022, 0.956825, -0.226613, 0.39386, -0.979654, -0.156653, 0.125452, 0.0, 0.0, 0.0, 0.0, 1.0],
                [0.215707, 0.343652, 0.913988, -0.0, -0.143073, 0.937045, -0.318555, 0.39386, -0.96592, -0.062052, 0.251295, -0.0, 0.0, 0.0, 0.0, 1.0],
                [-0.158078, 0.35895, 0.919873, 0.0, -0.141325, 0.91377, -0.380856, 0.39386, -0.977261, -0.190206, -0.093718, -0.0, 0.0, 0.0, 0.0, 1.0],
                [-0.159166, 0.383752, 0.909616, -0.0, -0.115453, 0.907804, -0.40319, 0.39386, -0.980478, -0.169192, -0.100186, 0.0, 0.0, 0.0, 0.0, 1.0],
                [-0.161683, 0.400259, 0.902026, 0.0, -0.081621, 0.905497, -0.416429, 0.39386, -0.983462, -0.140954, -0.113734, -0.0, 0.0, 0.0, 0.0, 1.0],
                [-0.409617, -0.441466, 0.798325, 0.0, -0.123089, 0.893852, 0.431135, 0.39386, -0.903916, 0.078335, -0.420476, 0.0, 0.0, 0.0, 0.0, 1.0],
                [-0.491946, -0.865872, 0.090853, 0.0, -0.336291, 0.285239, 0.897523, 0.39386, -0.803055, 0.410979, -0.431507, 0.0, 0.0, 0.0, 0.0, 1.0],
                [-0.488691, -0.871671, 0.037034, 0.0, -0.353388, 0.236575, 0.905069, 0.39386, -0.797683, 0.429212, -0.42365, -0.0, 0.0, 0.0, 0.0, 1.0],
                [-0.488691, -0.871671, 0.037034, 0.0, -0.353388, 0.236575, 0.905069, 0.39386, -0.797683, 0.429212, -0.42365, -0.0, 0.0, 0.0, 0.0, 1.0]
            ]
        },
        {
            "name": "Hand_L",
            "time": [0.0, 0.9167],
            "transform": [
                [0.999998, 0.001425, -0.001248, -0.0, -0.001656, 0.33835, -0.941019, 0.3, -0.000919, 0.94102, 0.338352, -0.0, 0.0, 0.0, 0.0, 1.0],
                [0.999998, 0.001425, -0.001248, 0.0, -0.001656, 0.33835, -0.941019, 0.3, -0.000919, 0.941019, 0.338352, -0.0, 0.0, 0.0, 0.0, 1.0]
            ]
        },
        {
            "name": "Tool_L",
            "time": [0.0, 0.9167],
            "transform": [
                [1.0, 0.0, 0.0, -0.0, 0.0, -0.999836, 0.018122, 0.272858, 0.0, -0.018122, -0.999247, -0.0, 0.0, 0.0, 0.0, 1.0],
                [1.0, 0.0, 0.0, 0.0, 0.0, -0.999836, 0.018122, 0.272858, 0.0, -0.018122, -0.999248, -0.0, 0.0, 0.0, 0.0, 1.0]
            ]
        },
        {
            "name": "Elbow_L",
            "time": [0.0, 0.9167],
            "transform": [
                [-1.0, 0.0, -0.0, -0.0, 0.0, -0.0, -1.0, 0.422536, -0.0, -1.0, -0.0, -0.0, 0.0, 0.0, 0.0, 1.0],
                [-1.0, 0.0, -0.0, -0.0, 0.0, -0.0, -1.0, 0.422536, -0.0, -1.0, 0.0, -0.0, 0.0, 0.0, 0.0, 1.0]
            ]
        }
    ]
}