{
    "animation": [
        {
            "name": "Root",
            "time": [0.0, 0.1333, 0.2333, 0.4167],
            "transform": [
                [0.943585, 0.006504, -0.331066, -5e-06, -0.330166, -0.057728, -0.942156, 0.034375, -0.025239, 0.998311, -0.052324, 0.713784, 0.0, 0.0, 0.0, 1.0],
                [0.950056, 0.031749, 0.310459, -5e-06, 0.308372, 0.057363, -0.949535, 0.378449, -0.047956, 0.997848, 0.044707, 0.585882, 0.0, 0.0, 0.0, 1.0],
                [0.904344, 0.0, 0.426804, -5e-06, 0.415025, 0.233314, -0.879385, 0.48627, -0.099579, 0.972402, 0.210996, 0.560112, 0.0, 0.0, 0.0, 1.0],
                [0.904344, 0.0, 0.426805, -5e-06, 0.412057, 0.260597, -0.873097, 0.48627, -0.111224, 0.965448, 0.23567, 0.560112, 0.0, 0.0, 0.0, 1.0]
            ]
        },
        {
            "name": "Thigh_R",
            "time": [0.0, 0.0667, 0.1333, 0.1833, 0.2333, 0.4167],
            "transform": [
                [0.9906, 0.122414, -0.061033, 0.124994, 0.127661, -0.987621, 0.091125, -0.002831, -0.049122, -0.098059, -0.993967, -1.2e-05, 0.0, 0.0, 0.0, 1.0],
                [0.994557, 0.0982, 0.034817, 0.124994, 0.102263, -0.984022, -0.145736, -0.002831, 0.019949, 0.148504, -0.988711, -1.2e-05, 0.0, 0.0, 0.0, 1.0],
                [0.936203, -0.143042, 0.321032, 0.124994, -0.027395, -0.940349, -0.339101, -0.002831, 0.350389, 0.308673, -0.884278, -1.2e-05, 0.0, 0.0, 0.0, 1.0],
                [0.869479, -0.157535, 0.468175, 0.124994, 0.065078, -0.902988, -0.424704, -0.002831, 0.489663, 0.399739, -0.774879, -1.2e-05, 0.0, 0.0, 0.0, 1.0],
                [0.82206, -0.122042, 0.556168, 0.124994, 0.109348, -0.924741, -0.364545, -0.00283, 0.558802, 0.360494, -0.746849, -1.2e-05, 0.0, 0.0, 0.0, 1.0],
                [0.807365, -0.101434, 0.581268, 0.124994, 0.116694, -0.938205, -0.325806, -0.002831, 0.578397, 0.330875, -0.745639, -1.2e-05, 0.0, 0.0, 0.0, 1.0]
            ]
        },
        {
            "name": "Leg_R",
            "time": [0.0, 0.0667, 0.1333, 0.1833, 0.2333, 0.4167],
            "transform": [
                [1.0, -0.0, 3e-06, 0.0, -1e-06, 0.795362, 0.606135, 0.37472, -3e-06, -0.606133, 0.795365, -0.0, 0.0, 0.0, 0.0, 1.0],
                [1.0, -1e-06, 4e-06, 0.0, -2e-06, 0.743279, 0.668981, 0.37472, -3e-06, -0.668979, 0.743282, -0.0, 0.0, 0.0, 0.0, 1.0],
                [1.0, -0.0, 3e-06, -0.0, -1e-06, 0.950157, 0.311769, 0.37472, -2e-06, -0.311768, 0.95016, 0.0, 0.0, 0.0, 0.0, 1.0],
                [1.0, -0.0, 1e-06, 0.0, -0.0, 0.967211, 0.253967, 0.37472, -1e-06, -0.253966, 0.967215, -0.0, 0.0, 0.0, 0.0, 1.0],
                [1.0, 0.0, 0.0, -0.0, -0.0, 0.95725, 0.289257, 0.37472, -0.0, -0.289255, 0.957254, 0.0, 0.0, 0.0, 0.0, 1.0],
                [1.0, -0.0, 0.0, 0.0, 0.0, 0.950163, 0.311751, 0.37472, -0.0, -0.31175, 0.950166, -0.0, 0.0, 0.0, 0.0, 1.0]
            ]
        },
        {
            "name": "Knee_R",
            "time": [0.0, 0.4167],
            "transform": [
                [1.0, 0.0, -0.0, 0.0, -0.0, 1e-06, -1.0, 0.37472, -0.0, 1.0, 1e-06, -0.0, 0.0, 0.0, 0.0, 1.0],
                [1.0, 0.0, -0.0, 0.0, -0.0, 1e-06, -1.0, 0.37472, -0.0, 1.0, 1e-06, -0.0, 0.0, 0.0, 0.0, 1.0]
            ]
        },
        {
            "name": "Thigh_L",
            "time": [0.0, 0.0667, 0.1333, 0.1833, 0.2333, 0.4167],
            "transform": [
                [0.938254, -0.215521, -0.270607, -0.125006, 0.001711, -0.779325, 0.626617, -0.002831, -0.34594, -0.588389, -0.730838, -1.2e-05, 0.0, 0.0, 0.0, 1.0],
                [0.996518, -0.029785, -0.077867, -0.125006, 0.047919, -0.559669, 0.827329, -0.002831, -0.068222, -0.828179, -0.556295, -1.2e-05, 0.0, 0.0, 0.0, 1.0],
                [0.955735, 0.283736, 0.077866, -0.125006, 0.016092, -0.314657, 0.949069, -0.002831, 0.293786, -0.905805, -0.305295, -1.2e-05, 0.0, 0.0, 0.0, 1.0],
                [0.913509, 0.392493, 0.107004, -0.125006, 0.019412, -0.304782, 0.952225, -0.002831, 0.406354, -0.867788, -0.286041, -1.2e-05, 0.0, 0.0, 0.0, 1.0],
                [0.907945, 0.405077, 0.107457, -0.125006, 0.00765, -0.272381, 0.962159, -0.002831, 0.419018, -0.872765, -0.250407, -1.2e-05, 0.0, 0.0, 0.0, 1.0],
                [0.907385, 0.408476, 0.098983, -0.125006, 0.006716, -0.249566, 0.968335, -0.002831, 0.420245, -0.877987, -0.229197, -1.2e-05, 0.0, 0.0, 0.0, 1.0]
            ]
        },
        {
            "name": "Leg_L",
            "time": [0.0, 0.0667, 0.1333, 0.1833, 0.2333, 0.4167],
            "transform": [
                [1.0, -1e-06, 7.3e-05, -0.0, -6.3e-05, 0.488853, 0.872366, 0.37472, -3.7e-05, -0.872366, 0.488853, 0.0, 0.0, 0.0, 0.0, 1.0],
                [0.999999, -1e-06, 0.001031, 0.0, -0.001019, 0.155974, 0.98776, 0.37472, -0.000162, -0.987761, 0.155974, -0.0, 0.0, 0.0, 0.0, 1.0],
                [1.0, -1e-06, 0.000402, -0.0, -0.00038, 0.325331, 0.9456, 0.37472, -0.000132, -0.9456, 0.325331, -0.0, 0.0, 0.0, 0.0, 1.0],
                [0.999996, -1e-06, 0.002743, -0.0, -0.002398, 0.485385, 0.874297, 0.37472, -0.001332, -0.8743, 0.485383, 0.0, 0.0, 0.0, 0.0, 1.0],
                [1.0, -1e-06, 0.000937, 0.0, -0.000815, 0.492975, 0.870043, 0.37472, -0.000462, -0.870043, 0.492975, -0.0, 0.0, 0.0, 0.0, 1.0],
                [1.0, -1e-06, 4.6e-05, 0.0, -4e-05, 0.498158, 0.867086, 0.37472, -2.4e-05, -0.867086, 0.498158, 0.0, 0.0, 0.0, 0.0, 1.0]
            ]
        },
        {
            "name": "Knee_L",
            "time": [0.0, 0.4167],
            "transform": [
                [1.0, 0.0, -0.0, 0.0, -0.0, 1e-06, -1.0, 0.417519, -0.0, 1.0, 1e-06, 0.0, 0.0, 0.0, 0.0, 1.0],
                [1.0, 0.0, -0.0, 0.0, -0.0, 1e-06, -1.0, 0.417519, -0.0, 1.0, 1e-06, 0.0, 0.0, 0.0, 0.0, 1.0]
            ]
        },
        {
            "name": "Torso",
            "time": [0.0, 0.1333, 0.2333, 0.4167],
            "transform": [
                [0.999812, -0.019404, -0.000169, 0.0, 0.019404, 0.99966, 0.017423, 0.05, -0.000169, -0.017423, 0.999848, 0.0, 0.0, 0.0, 0.0, 1.0],
                [0.999945, -0.010487, -4.9e-05, 0.0, 0.010487, 0.999901, 0.009411, 0.05, -4.9e-05, -0.009411, 0.999956, -0.0, 0.0, 0.0, 0.0, 1.0],
                [1.0, -0.000999, -0.0, 0.0, 0.000999, 0.999999, 0.000846, 0.05, -1e-06, -0.000846, 1.0, 0.0, 0.0, 0.0, 0.0, 1.0],
                [1.0, 0.0, 0.0, -0.0, 0.0, 1.0, -0.0, 0.05, -0.0, 0.0, 1.0, -0.0, 0.0, 0.0, 0.0, 1.0]
            ]
        },
        {
            "name": "Chest",
            "time": [0.0, 0.1333, 0.4167],
            "transform": [
                [0.999879, -0.015521, -0.000108, -0.0, 0.015521, 0.999782, 0.013935, 0.3, -0.000108, -0.013935, 0.999903, -0.0, 0.0, 0.0, 0.0, 1.0],
                [1.0, -0.0, -0.0, 0.0, 0.0, 1.0, -0.0, 0.3, 0.0, -0.0, 1.0, 0.0, 0.0, 0.0, 0.0, 1.0],
                [1.0, 0.0, 0.0, 0.0, -0.0, 1.0, -0.0, 0.3, 0.0, -0.0, 1.0, -0.0, 0.0, 0.0, 0.0, 1.0]
            ]
        },
        {
            "name": "Head",
            "time": [0.0, 0.0667, 0.1333, 0.1833, 0.2333, 0.4167],
            "transform": [
                [0.940911, 0.007534, 0.33857, 0.0, -0.018483, 0.999405, 0.029129, 0.4, -0.338149, -0.033665, 0.94049, -0.0, 0.0, 0.0, 0.0, 1.0],
                [0.996954, -0.004591, 0.077863, -0.0, -0.002755, 0.99557, 0.093978, 0.4, -0.077949, -0.093906, 0.992525, 0.0, 0.0, 0.0, 0.0, 1.0],
                [0.96433, -0.031256, -0.262852, 0.0, 0.005986, 0.995325, -0.096396, 0.4, 0.264637, 0.091384, 0.960009, 0.0, 0.0, 0.0, 0.0, 1.0],
                [0.924407, -0.071333, -0.374678, 0.0, -0.010736, 0.9771, -0.212511, 0.4, 0.381257, 0.200469, 0.902472, -0.0, 0.0, 0.0, 0.0, 1.0],
                [0.924488, -0.07587, -0.373584, -0.0, 0.001119, 0.980531, -0.196363, 0.4, 0.381209, 0.181117, 0.906574, 0.0, 0.0, 0.0, 0.0, 1.0],
                [0.924684, -0.076672, -0.372935, 0.0, 0.009212, 0.983732, -0.179406, 0.4, 0.380623, 0.162459, 0.910348, -0.0, 0.0, 0.0, 0.0, 1.0]
            ]
        },
        {
            "name": "Shoulder_R",
            "time": [0.0, 0.1333, 0.1833, 0.2333, 0.4167],
            "transform": [
                [-0.259634, 0.905885, 0.334607, 0.0, 0.003378, -0.345635, 0.938363, 0.4, 0.965701, 0.244761, 0.086679, -0.0, 0.0, 0.0, 0.0, 1.0],
                [-0.342536, 0.877138, 0.336596, 0.0, 0.007552, -0.355687, 0.934574, 0.4, 0.939474, 0.322667, 0.115211, 0.0, 0.0, 0.0, 0.0, 1.0],
                [0.085341, 0.974422, 0.207889, 0.0, -0.261416, -0.179442, 0.9484, 0.4, 0.961446, -0.135283, 0.239416, -0.0, 0.0, 0.0, 0.0, 1.0],
                [0.332481, 0.906432, 0.260454, -0.0, -0.140463, -0.225492, 0.964066, 0.4, 0.932591, -0.357118, 0.052348, 0.0, 0.0, 0.0, 0.0, 1.0],
                [0.469924, 0.840437, 0.269882, 0.0, -1e-06, -0.305743, 0.952114, 0.4, 0.882707, -0.447421, -0.143675, -0.0, 0.0, 0.0, 0.0, 1.0]
            ]
        },
        {
            "name": "Arm_R",
            "time": [0.0, 0.1333, 0.2333, 0.4167],
            "transform": [
                [0.773131, -0.543326, -0.327207, 0.0, 0.629385, 0.720975, 0.289947, 0.39386, 0.078373, -0.430106, 0.89937, 0.0, 0.0, 0.0, 0.0, 1.0],
                [0.844358, -0.533139, -0.053134, -0.0, 0.528071, 0.811344, 0.250724, 0.393861, -0.090561, -0.239759, 0.966599, 0.0, 0.0, 0.0, 0.0, 1.0],
                [-0.396558, -0.497432, -0.771559, -0.0, 0.865793, 0.07676, -0.494479, 0.39386, 0.305195, -0.8641, 0.400234, -0.0, 0.0, 0.0, 0.0, 1.0],
                [-0.582849, -0.371363, -0.722756, 0.0, 0.774825, 0.013977, -0.632021, 0.39386, 0.244811, -0.928383, 0.279594, 0.0, 0.0, 0.0, 0.0, 1.0]
            ]
        },
        {
            "name": "Hand_R",
            "time": [0.0, 0.1333, 0.2333, 0.4167],
            "transform": [
                [0.999992, 0.001601, 0.003585, 0.0, -0.00019, 0.931777, -0.36303, 0.3, -0.003922, 0.363027, 0.93177, -0.0, 0.0, 0.0, 0.0, 1.0],
                [0.999996, 0.001454, 0.002501, -0.0, 0.000169, 0.833702, -0.552215, 0.3, -0.002888, 0.552213, 0.833698, -0.0, 0.0, 0.0, 0.0, 1.0],
                [1.0, 0.000217, 0.000218, 0.0, 9.5e-05, 0.457473, -0.889224, 0.3, -0.000293, 0.889224, 0.457473, -0.0, 0.0, 0.0, 0.0, 1.0],
                [1.0, 0.0, 0.0, 0.0, 0.0, 0.402863, -0.915261, 0.3, -0.0, 0.915261, 0.402863, -0.0, 0.0, 0.0, 0.0, 1.0]
            ]
        },
        {
            "name": "Tool_R",
            "time": [0.0, 0.1333, 0.2333, 0.4167],
            "transform": [
                [0.284021, 0.421678, -0.861116, -0.0, 0.169331, -0.906044, -0.387829, 0.272858, -0.943187, -0.035651, -0.328548, -0.0, 0.0, 0.0, 0.0, 1.0],
                [-0.002972, 0.485325, -0.874329, -0.0, 0.125828, -0.867202, -0.481796, 0.272858, -0.991459, -0.11139, -0.058461, -0.0, 0.0, 0.0, 0.0, 1.0],
                [-0.002972, 0.485324, -0.874329, -0.0, 0.125828, -0.867202, -0.481796, 0.272858, -0.991459, -0.11139, -0.058461, -0.0, 0.0, 0.0, 0.0, 1.0],
                [-0.002972, 0.485324, -0.874329, 0.0, 0.125828, -0.867202, -0.481796, 0.272858, -0.991459, -0.11139, -0.058461, -0.0, 0.0, 0.0, 0.0, 1.0]
            ]
        },
        {
            "name": "Elbow_R",
            "time": [0.0, 0.4167],
            "transform": [
                [-1.0, 0.0, -0.0, 0.0, 0.0, -0.0, -1.0, 0.3, -0.0, -1.0, 0.0, -0.0, 0.0, 0.0, 0.0, 1.0],
                [-1.0, 0.0, -0.0, 0.0, 0.0, 0.0, -1.0, 0.3, -0.0, -1.0, 0.0, -0.0, 0.0, 0.0, 0.0, 1.0]
            ]
        },
        {
            "name": "Shoulder_L",
            "time": [0.0, 0.1333, 0.2333, 0.4167],
            "transform": [
                [-0.195197, -0.92346, -0.330333, 0.0, -0.004977, -0.335875, 0.941893, 0.4, -0.980751, 0.185499, 0.060966, -0.0, 0.0, 0.0, 0.0, 1.0],
                [-0.264014, -0.905057, -0.333419, 0.0, -0.0068, -0.34393, 0.938971, 0.4, -0.964495, 0.250169, 0.084648, 0.0, 0.0, 0.0, 0.0, 1.0],
                [0.645875, -0.74394, 0.17146, -0.0, -0.253379, 0.002974, 0.967363, 0.4, -0.720169, -0.66824, -0.186578, 0.0, 0.0, 0.0, 0.0, 1.0],
                [0.731678, -0.629744, 0.260903, 0.0, -0.314008, 0.028335, 0.948997, 0.4, -0.605018, -0.776286, -0.177013, -0.0, 0.0, 0.0, 0.0, 1.0]
            ]
        },
        {
            "name": "Arm_L",
            "time": [0.0, 0.0833, 0.1333, 0.1833, 0.2333, 0.4167],
            "transform": [
                [0.021619, 0.43854, 0.898452, 0.0, -0.545392, 0.75834, -0.357027, 0.39386, -0.837902, -0.48229, 0.255571, -0.0, 0.0, 0.0, 0.0, 1.0],
                [0.021352, 0.665072, 0.746474, -0.0, -0.388896, 0.693367, -0.606632, 0.39386, -0.921034, -0.277347, 0.273449, -0.0, 0.0, 0.0, 0.0, 1.0],
                [0.14807, 0.906404, 0.39561, -0.0, 0.094875, 0.385156, -0.917962, 0.39386, -0.984416, 0.173456, -0.028965, -0.0, 0.0, 0.0, 0.0, 1.0],
                [0.396268, 0.913977, 0.087282, -0.0, 0.320697, -0.048709, -0.945929, 0.39386, -0.860306, 0.402832, -0.312411, 0.0, 0.0, 0.0, 0.0, 1.0],
                [0.394991, 0.916805, -0.05874, 0.0, 0.00866, -0.067653, -0.997671, 0.39386, -0.918644, 0.393563, -0.034662, 0.0, 0.0, 0.0, 0.0, 1.0],
                [0.337445, 0.929806, -0.146939, 0.0, -0.2635, -0.056556, -0.963, 0.39386, -0.903714, 0.363678, 0.225919, -0.0, 0.0, 0.0, 0.0, 1.0]
            ]
        },
        {
            "name": "Hand_L",
            "time": [0.0, 0.1333, 0.2333, 0.4167],
            "transform": [
                [0.999694, -0.024576, 0.002934, 0.0, 0.024656, 0.978507, -0.204735, 0.3, 0.002161, 0.204744, 0.978813, -0.0, 0.0, 0.0, 0.0, 1.0],
                [0.999851, -0.017001, 0.003112, -0.0, 0.01707, 0.943148, -0.331936, 0.3, 0.002708, 0.331939, 0.943297, 0.0, 0.0, 0.0, 0.0, 1.0],
                [1.0, 0.000608, -0.000452, -0.0, -0.000758, 0.794518, -0.60724, 0.3, -1e-05, 0.60724, 0.794519, 0.0, 0.0, 0.0, 0.0, 1.0],
                [0.999996, 0.002584, -0.001231, 0.0, -0.002777, 0.771413, -0.63633, 0.3, -0.000695, 0.63633, 0.771417, -0.0, 0.0, 0.0, 0.0, 1.0]
            ]
        },
        {
            "name": "Tool_L",
            "time": [0.0, 0.4167],
            "transform": [
                [1.0, 0.0, 0.0, -0.0, 0.0, -0.999836, 0.018122, 0.272858, 0.0, -0.018122, -0.999247, -0.0, 0.0, 0.0, 0.0, 1.0],
                [1.0, 0.0, 0.0, -0.0, 0.0, -0.999835, 0.018122, 0.272858, 0.0, -0.018122, -0.999247, -0.0, 0.0, 0.0, 0.0, 1.0]
            ]
        },
        {
            "name": "Elbow_L",
            "time": [0.0, 0.4167],
            "transform": [
                [-1.0, 0.0, 0.0, -0.0, 0.0, -0.0, -1.0, 0.422536, -0.0, -1.0, 0.0, -0.0, 0.0, 0.0, 0.0, 1.0],
                [-1.0, 0.0, -0.0, 0.0, 0.0, -0.0, -1.0, 0.422536, -0.0, -1.0, -0.0, -0.0, 0.0, 0.0, 0.0, 1.0]
            ]
        }
    ]
}