{
    "animation": [
        {
            "name": "Root",
            "time": [0.0, 0.1667, 0.3333, 0.8333, 1.0],
            "transform": [
                [0.561519, 0.118885, -0.818879, -5e-06, -0.822154, -0.031773, -0.568378, 0.008734, -0.093589, 0.9924, 0.079901, 0.616013, 0.0, 0.0, 0.0, 1.0],
                [0.453312, 0.157061, -0.877405, -5e-06, -0.886639, -0.021631, -0.461955, 0.018251, -0.091535, 0.987352, 0.12945, 0.595725, 0.0, 0.0, 0.0, 1.0],
                [0.02073, -0.202338, 0.979096, -5e-06, 0.975454, 0.218829, 0.02457, 2.445137, -0.219226, 0.954554, 0.201907, 0.595725, 0.0, 0.0, 0.0, 1.0],
                [-0.158796, -0.22702, 0.960857, -5e-06, 0.961437, 0.185788, 0.202787, 2.999596, -0.224552, 0.956005, 0.188763, 0.595725, 0.0, 0.0, 0.0, 1.0],
                [-0.158796, -0.22702, 0.960857, -5e-06, 0.961437, 0.185788, 0.202787, 2.988028, -0.224552, 0.956005, 0.188763, 0.595725, 0.0, 0.0, 0.0, 1.0]
            ]
        },
        {
            "name": "Thigh_R",
            "time": [0.0, 0.1667, 0.2667, 0.3333, 0.6667, 1.0],
            "transform": [
                [0.789852, 0.613231, -0.00888, 0.14996, 0.552883, -0.705704, 0.443058, -0.002832, 0.26543, -0.35486, -0.896449, -0.02536, 0.0, 0.0, 0.0, 1.0],
                [0.682399, 0.717083, 0.141849, 0.153967, 0.473919, -0.581755, 0.661029, -0.002832, 0.556535, -0.38386, -0.736831, -0.029428, 0.0, 0.0, 0.0, 1.0],
                [0.798075, 0.507221, 0.32527, 0.153967, 0.021518, -0.563461, 0.825862, -0.002832, 0.602173, -0.6521, -0.4606, -0.029428, 0.0, 0.0, 0.0, 1.0],
                [0.185036, 0.948988, 0.255305, 0.153967, -0.087028, -0.242946, 0.966128, -0.002832, 0.97887, -0.200986, 0.037634, -0.029428, 0.0, 0.0, 0.0, 1.0],
                [0.098725, 0.96758, 0.232462, 0.153967, 0.004611, -0.234044, 0.972215, -0.002832, 0.995104, -0.09491, -0.027568, -0.029428, 0.0, 0.0, 0.0, 1.0],
                [0.098725, 0.96758, 0.232462, 0.153967, 0.004611, -0.234044, 0.972215, -0.002832, 0.995104, -0.09491, -0.027568, -0.029428, 0.0, 0.0, 0.0, 1.0]
            ]
        },
        {
            "name": "Leg_R",
            "time": [0.0, 0.1667, 0.2667, 0.3333, 0.6667, 1.0],
            "transform": [
                [0.999995, -0.0, 0.003167, -0.0, -0.002057, 0.760377, 0.649479, 0.37472, -0.002409, -0.649483, 0.760372, 0.0, 0.0, 0.0, 0.0, 1.0],
                [0.999991, -0.0, 0.004203, 0.0, -0.002642, 0.777698, 0.628633, 0.37472, -0.003269, -0.628639, 0.77769, -0.0, 0.0, 0.0, 0.0, 1.0],
                [1.0, -1e-06, -0.0, -0.0, 0.0, 0.119268, 0.992862, 0.37472, -1e-06, -0.992863, 0.119268, 0.0, 0.0, 0.0, 0.0, 1.0],
                [1.0, -0.0, -2e-06, -0.0, 2e-06, 0.267828, 0.963466, 0.37472, 0.0, -0.963468, 0.267827, 0.0, 0.0, 0.0, 0.0, 1.0],
                [1.0, -0.0, -1e-06, 0.0, 1e-06, 0.449391, 0.893335, 0.37472, -0.0, -0.893336, 0.44939, 0.0, 0.0, 0.0, 0.0, 1.0],
                [1.0, -0.0, -1e-06, -0.0, 1e-06, 0.449391, 0.893335, 0.37472, -0.0, -0.893336, 0.44939, 0.0, 0.0, 0.0, 0.0, 1.0]
            ]
        },
        {
            "name": "Knee_R",
            "time": [0.0, 1.0],
            "transform": [
                [1.0, 0.0, -0.0, -0.0, -0.0, 1e-06, -1.0, 0.412563, -0.0, 1.0, 1e-06, 0.0, 0.0, 0.0, 0.0, 1.0],
                [1.0, 0.0, -0.0, -0.0, -0.0, 1e-06, -1.0, 0.412563, -0.0, 1.0, 1e-06, 0.0, 0.0, 0.0, 0.0, 1.0]
            ]
        },
        {
            "name": "Thigh_L",
            "time": [0.0, 0.1667, 0.3333, 0.6667, 1.0],
            "transform": [
                [0.520815, -0.567844, -0.63742, -0.15224, 0.118864, -0.691172, 0.712848, -0.002831, -0.845353, -0.447028, -0.292477, 0.027641, 0.0, 0.0, 0.0, 1.0],
                [0.458566, -0.66238, -0.592427, -0.156611, 0.130979, -0.608994, 0.782286, -0.002831, -0.878954, -0.436325, -0.192507, 0.032079, 0.0, 0.0, 0.0, 1.0],
                [0.981501, -0.116093, 0.152241, -0.156611, -0.189958, -0.689717, 0.698717, -0.002831, 0.023887, -0.714711, -0.699011, 0.032079, 0.0, 0.0, 0.0, 1.0],
                [0.932133, -0.187186, 0.30998, -0.156611, -0.337734, -0.758186, 0.557754, -0.002831, 0.130619, -0.624593, -0.76995, 0.032079, 0.0, 0.0, 0.0, 1.0],
                [0.932133, -0.187186, 0.30998, -0.156612, -0.337734, -0.758186, 0.557754, -0.002831, 0.130619, -0.624593, -0.76995, 0.032079, 0.0, 0.0, 0.0, 1.0]
            ]
        },
        {
            "name": "Leg_L",
            "time": [0.0, 0.1667, 0.3333, 0.6667, 1.0],
            "transform": [
                [0.99996, -1e-06, 0.00898, -0.0, -0.007825, 0.4904, 0.871462, 0.37472, -0.004405, -0.871497, 0.490381, -0.0, 0.0, 0.0, 0.0, 1.0],
                [0.999993, -1e-06, 0.00379, 0.0, -0.002933, 0.63322, 0.773966, 0.37472, -0.0024, -0.773971, 0.633216, -0.0, 0.0, 0.0, 0.0, 1.0],
                [0.999996, -1e-06, 0.002721, 0.0, -0.002046, 0.659184, 0.751979, 0.37472, -0.001794, -0.751981, 0.659182, 0.0, 0.0, 0.0, 0.0, 1.0],
                [0.999993, -1e-06, 0.003772, -0.0, -0.001558, 0.910654, 0.413167, 0.37472, -0.003435, -0.41317, 0.910648, -0.0, 0.0, 0.0, 0.0, 1.0],
                [0.999993, -1e-06, 0.003772, 0.0, -0.001558, 0.910653, 0.413167, 0.37472, -0.003435, -0.41317, 0.910648, -0.0, 0.0, 0.0, 0.0, 1.0]
            ]
        },
        {
            "name": "Knee_L",
            "time": [0.0, 0.1667, 1.0],
            "transform": [
                [1.0, 0.0, -0.0, 0.0, -0.0, 1e-06, -1.0, 0.476836, -0.0, 1.0, 1e-06, -0.0, 0.0, 0.0, 0.0, 1.0],
                [1.0, 0.0, -0.0, 0.0, -0.0, 1e-06, -1.0, 0.37472, -0.0, 1.0, 1e-06, -0.0, 0.0, 0.0, 0.0, 1.0],
                [1.0, 0.0, -0.0, 0.0, -0.0, 1e-06, -1.0, 0.37472, -0.0, 1.0, 1e-06, -0.0, 0.0, 0.0, 0.0, 1.0]
            ]
        },
        {
            "name": "Torso",
            "time": [0.0, 0.1667, 1.0],
            "transform": [
                [0.999996, -0.0029, -4e-06, 0.0, 0.0029, 0.999992, 0.002607, 0.05, -4e-06, -0.002607, 0.999997, 0.0, 0.0, 0.0, 0.0, 1.0],
                [1.0, -0.0, -0.0, 0.0, 0.0, 1.0, 0.0, 0.05, 0.0, 0.0, 1.0, 0.0, 0.0, 0.0, 0.0, 1.0],
                [1.0, -0.0, -0.0, -0.0, 0.0, 1.0, -0.0, 0.05, 0.0, 0.0, 1.0, 0.0, 0.0, 0.0, 0.0, 1.0]
            ]
        },
        {
            "name": "Chest",
            "time": [0.0, 0.1667, 0.3333, 0.6667, 1.0],
            "transform": [
                [0.99993, -0.011748, -0.001511, -0.0, 0.011786, 0.974045, 0.226048, 0.3, -0.001184, -0.22605, 0.974115, 0.0, 0.0, 0.0, 0.0, 1.0],
                [1.0, -0.000101, -0.000206, 0.0, 0.000151, 0.96601, 0.258505, 0.3, 0.000173, -0.258505, 0.96601, -0.0, 0.0, 0.0, 0.0, 1.0],
                [0.988115, 0.152331, 0.020587, -0.0, -0.153595, 0.983748, 0.092994, 0.3, -0.006087, -0.095051, 0.995454, -0.0, 0.0, 0.0, 0.0, 1.0],
                [0.985876, 0.166131, 0.021185, 0.0, -0.16728, 0.982933, 0.076554, 0.3, -0.008105, -0.079016, 0.99684, 0.0, 0.0, 0.0, 0.0, 1.0],
                [0.985876, 0.166131, 0.021185, -1e-06, -0.16728, 0.982933, 0.076554, 0.3, -0.008105, -0.079016, 0.996841, 0.0, 0.0, 0.0, 0.0, 1.0]
            ]
        },
        {
            "name": "Head",
            "time": [0.0, 0.1667, 0.3333, 0.6667, 1.0],
            "transform": [
                [0.630747, -0.18592, 0.753387, 0.0, 0.274615, 0.961526, 0.007373, 0.4, -0.725772, 0.20224, 0.657536, 0.0, 0.0, 0.0, 0.0, 1.0],
                [0.57497, -0.201641, 0.792938, 0.0, 0.332355, 0.943154, -0.001156, 0.4, -0.74763, 0.264202, 0.609301, -0.0, 0.0, 0.0, 0.0, 1.0],
                [0.607179, -0.202362, -0.768364, -0.0, -0.047855, 0.955956, -0.289584, 0.4, 0.793123, 0.212599, 0.570752, 0.0, 0.0, 0.0, 0.0, 1.0],
                [0.481708, -0.19639, -0.854042, -0.0, -0.08994, 0.958339, -0.271102, 0.4, 0.871704, 0.207404, 0.443977, 0.0, 0.0, 0.0, 0.0, 1.0],
                [0.481708, -0.19639, -0.854042, 0.0, -0.08994, 0.95834, -0.271102, 0.4, 0.871704, 0.207404, 0.443977, 0.0, 0.0, 0.0, 0.0, 1.0]
            ]
        },
        {
            "name": "Shoulder_R",
            "time": [0.0, 0.2167, 0.3833, 0.8333, 1.0],
            "transform": [
                [-0.302229, 0.890539, 0.339995, 0.0, 0.017424, -0.351455, 0.936043, 0.4, 0.953076, 0.288824, 0.090703, 0.0, 0.0, 0.0, 0.0, 1.0],
                [-0.394549, 0.854014, 0.339103, 0.0, 0.025319, -0.358797, 0.933072, 0.4, 0.918526, 0.376729, 0.11994, 0.0, 0.0, 0.0, 0.0, 1.0],
                [0.659945, 0.74074, -0.125605, -0.0, 0.408199, -0.213158, 0.887658, 0.4, 0.63075, -0.637078, -0.443042, 0.0, 0.0, 0.0, 0.0, 1.0],
                [0.716382, 0.670565, -0.192715, 0.0, 0.442098, -0.222586, 0.86891, 0.4, 0.539765, -0.707671, -0.455912, 0.0, 0.0, 0.0, 0.0, 1.0],
                [0.716382, 0.670565, -0.192715, 0.0, 0.442097, -0.222586, 0.86891, 0.4, 0.539765, -0.707671, -0.455912, 0.0, 0.0, 0.0, 0.0, 1.0]
            ]
        },
        {
            "name": "Arm_R",
            "time": [0.0, 0.2167, 0.3833, 0.8333, 1.0],
            "transform": [
                [0.85484, -0.518197, -0.026848, 0.0, 0.457546, 0.728363, 0.510037, 0.39386, -0.244745, -0.448284, 0.859733, 0.0, 0.0, 0.0, 0.0, 1.0],
                [0.881764, -0.420165, 0.214369, 0.0, 0.307163, 0.856377, 0.415052, 0.393861, -0.357971, -0.300132, 0.884182, 0.0, 0.0, 0.0, 0.0, 1.0],
                [0.726232, -0.651611, -0.219067, -0.0, 0.589422, 0.754211, -0.289391, 0.39386, 0.353793, 0.081042, 0.931806, 0.0, 0.0, 0.0, 0.0, 1.0],
                [0.690008, -0.680249, -0.247286, 0.0, 0.589973, 0.726508, -0.352305, 0.393861, 0.41931, 0.097202, 0.902624, 0.0, 0.0, 0.0, 0.0, 1.0],
                [0.690008, -0.680249, -0.247286, 0.0, 0.589973, 0.726508, -0.352305, 0.393861, 0.41931, 0.097202, 0.902624, -0.0, 0.0, 0.0, 0.0, 1.0]
            ]
        },
        {
            "name": "Hand_R",
            "time": [0.0, 0.2167, 0.3833, 0.8333, 1.0],
            "transform": [
                [0.999996, -0.002605, 0.001417, 0.0, 0.002655, 0.573947, -0.818888, 0.3, 0.001321, 0.818888, 0.573952, 0.0, 0.0, 0.0, 0.0, 1.0],
                [0.999989, -0.004617, 0.000684, 0.0, 0.003316, 0.599466, -0.800393, 0.3, 0.003285, 0.800387, 0.599475, 0.0, 0.0, 0.0, 0.0, 1.0],
                [0.999991, -0.004081, -0.000761, -0.0, 0.001869, 0.606427, -0.795137, 0.3, 0.003706, 0.795129, 0.606429, -0.0, 0.0, 0.0, 0.0, 1.0],
                [0.999992, -0.004005, -0.00086, -0.0, 0.001745, 0.606535, -0.795055, 0.3, 0.003706, 0.795047, 0.606537, -0.0, 0.0, 0.0, 0.0, 1.0],
                [0.999992, -0.004005, -0.00086, 0.0, 0.001745, 0.606535, -0.795055, 0.3, 0.003706, 0.795047, 0.606537, -0.0, 0.0, 0.0, 0.0, 1.0]
            ]
        },
        {
            "name": "Tool_R",
            "time": [0.0, 0.2167, 0.3833, 0.8333, 1.0],
            "transform": [
                [0.251087, 0.014656, -0.967854, 0.0, 0.050781, -0.998708, -0.00195, 0.272858, -0.966059, -0.048641, -0.251358, -0.0, 0.0, 0.0, 0.0, 1.0],
                [0.02193, 0.035211, -0.99914, -0.0, 0.077536, -0.99643, -0.033413, 0.272858, -0.996157, -0.076702, -0.024568, -0.0, 0.0, 0.0, 0.0, 1.0],
                [-0.011542, 0.446004, -0.894957, -0.0, 0.075543, -0.89207, -0.445539, 0.272858, -0.996485, -0.072717, -0.023387, 0.0, 0.0, 0.0, 0.0, 1.0],
                [-0.011456, 0.480219, -0.877074, -1e-06, 0.072985, -0.874391, -0.479703, 0.272858, -0.996676, -0.069477, -0.025022, -0.0, 0.0, 0.0, 0.0, 1.0],
                [-0.011456, 0.480219, -0.877074, 0.0, 0.072985, -0.874391, -0.479703, 0.272858, -0.996676, -0.069477, -0.025022, -0.0, 0.0, 0.0, 0.0, 1.0]
            ]
        },
        {
            "name": "Elbow_R",
            "time": [0.0, 1.0],
            "transform": [
                [-1.0, 0.0, -0.0, 0.0, 0.0, -0.0, -1.0, 0.3, -0.0, -1.0, 0.0, 0.0, 0.0, 0.0, 0.0, 1.0],
                [-1.0, 0.0, -0.0, 0.0, 0.0, -0.0, -1.0, 0.3, -0.0, -1.0, 0.0, -0.0, 0.0, 0.0, 0.0, 1.0]
            ]
        },
        {
            "name": "Shoulder_L",
            "time": [0.0, 0.2167, 0.3, 0.3833, 0.8333, 1.0],
            "transform": [
                [0.107301, -0.951198, -0.289325, 0.0, -0.003031, -0.291316, 0.956622, 0.4, -0.994222, -0.101769, -0.034141, 0.0, 0.0, 0.0, 0.0, 1.0],
                [0.019072, -0.954313, -0.298199, 0.0, 0.00182, -0.29822, 0.954496, 0.4, -0.999816, -0.018747, -0.003951, 0.0, 0.0, 0.0, 0.0, 1.0],
                [0.962342, 0.060172, 0.265097, 0.0, -0.263098, -0.03915, 0.963974, 0.4, 0.068382, -0.99742, -0.021844, -0.0, 0.0, 0.0, 0.0, 1.0],
                [0.801864, -0.574994, -0.162469, -0.0, 0.002358, -0.268865, 0.963175, 0.4, -0.597502, -0.772719, -0.214237, 0.0, 0.0, 0.0, 0.0, 1.0],
                [0.525979, -0.754336, -0.392841, 0.0, 0.058618, -0.428644, 0.90157, 0.4, -0.848475, -0.497234, -0.18124, 0.0, 0.0, 0.0, 0.0, 1.0],
                [0.525979, -0.754336, -0.392841, 0.0, 0.058618, -0.428644, 0.90157, 0.4, -0.848475, -0.497234, -0.18124, 0.0, 0.0, 0.0, 0.0, 1.0]
            ]
        },
        {
            "name": "Arm_L",
            "time": [0.0, 0.2167, 0.3833, 0.8333, 1.0],
            "transform": [
                [0.280207, 0.57986, 0.765014, 0.0, -0.330274, 0.806521, -0.49035, 0.39386, -0.901334, -0.115264, 0.417506, -0.0, 0.0, 0.0, 0.0, 1.0],
                [0.365455, 0.434255, 0.823326, 0.0, -0.006669, 0.885707, -0.464197, 0.39386, -0.930805, 0.164152, 0.326582, -0.0, 0.0, 0.0, 0.0, 1.0],
                [-0.15645, 0.850548, 0.502087, -0.0, 0.541477, 0.499006, -0.676606, 0.39386, -0.82603, 0.166014, -0.538622, 0.0, 0.0, 0.0, 0.0, 1.0],
                [-0.189513, 0.877363, 0.440815, -0.0, 0.584376, 0.461565, -0.66743, 0.39386, -0.789044, 0.131115, -0.600183, -0.0, 0.0, 0.0, 0.0, 1.0],
                [-0.189513, 0.877363, 0.440815, 0.0, 0.584376, 0.461565, -0.66743, 0.39386, -0.789044, 0.131115, -0.600183, -0.0, 0.0, 0.0, 0.0, 1.0]
            ]
        },
        {
            "name": "Hand_L",
            "time": [0.0, 0.2167, 0.3833, 0.8333, 1.0],
            "transform": [
                [0.999291, -0.03112, 0.021183, 0.0, 0.037643, 0.819598, -0.571702, 0.3, 0.000429, 0.572094, 0.820189, 0.0, 0.0, 0.0, 0.0, 1.0],
                [0.999291, -0.03112, 0.021183, 0.0, 0.037643, 0.819598, -0.571701, 0.3, 0.000429, 0.572093, 0.820189, 0.0, 0.0, 0.0, 0.0, 1.0],
                [0.999954, -0.000602, 0.009604, 0.0, 0.007178, 0.711352, -0.7028, 0.3, -0.006409, 0.702836, 0.711323, -0.0, 0.0, 0.0, 0.0, 1.0],
                [0.999964, 0.002258, 0.008201, -0.0, 0.004281, 0.699599, -0.714523, 0.3, -0.007351, 0.714533, 0.699564, 0.0, 0.0, 0.0, 0.0, 1.0],
                [0.999964, 0.002258, 0.008201, -0.0, 0.004281, 0.699599, -0.714523, 0.3, -0.007351, 0.714533, 0.699564, 0.0, 0.0, 0.0, 0.0, 1.0]
            ]
        },
        {
            "name": "Tool_L",
            "time": [0.0, 1.0],
            "transform": [
                [1.0, -0.0, 0.0, 0.0, -0.0, -0.999836, 0.018122, 0.272858, 0.0, -0.018122, -0.999247, -0.0, 0.0, 0.0, 0.0, 1.0],
                [1.0, -0.0, 0.0, 0.0, -0.0, -0.999836, 0.018122, 0.272858, 0.0, -0.018122, -0.999247, 0.0, 0.0, 0.0, 0.0, 1.0]
            ]
        },
        {
            "name": "Elbow_L",
            "time": [0.0, 1.0],
            "transform": [
                [-1.0, 0.0, -0.0, 0.0, 0.0, -0.0, -1.0, 0.3, -0.0, -1.0, -0.0, 0.0, 0.0, 0.0, 0.0, 1.0],
                [-1.0, 0.0, -0.0, -0.0, 0.0, -0.0, -1.0, 0.3, -0.0, -1.0, -0.0, 0.0, 0.0, 0.0, 0.0, 1.0]
            ]
        }
    ]
}