{
    "animation": [
        {
            "name": "Root",
            "time": [0.0, 0.25, 0.35, 0.4333, 0.7, 0.7333, 0.7833, 0.8833, 1.0167, 1.3333],
            "transform": [
                [0.866218, 0.056038, -0.496514, -5e-06, -0.485835, 0.326638, -0.810723, -0.006603, 0.116749, 0.943487, 0.310165, 0.530389, 0.0, 0.0, 0.0, 1.0],
                [0.889706, 0.067798, -0.451472, -5e-06, -0.430293, 0.454971, -0.779647, -0.009607, 0.152548, 0.887922, 0.433963, 0.440749, 0.0, 0.0, 0.0, 1.0],
                [0.301722, -0.038515, 0.952618, -5e-06, 0.912213, 0.302158, -0.276709, 0.826185, -0.277183, 0.952479, 0.126302, 0.961424, 0.0, 0.0, 0.0, 1.0],
                [-0.899601, 0.069531, 0.431141, -5e-06, 0.435084, 0.227861, 0.87108, 1.722413, -0.037673, 0.971208, -0.235236, 1.34745, 0.0, 0.0, 0.0, 1.0],
                [0.227901, -0.051006, -0.972347, -5e-06, -0.951949, 0.198152, -0.233514, 3.03802, 0.204583, 0.978843, -0.003396, 1.320976, 0.0, 0.0, 0.0, 1.0],
                [0.93182, -0.026353, -0.361962, -5e-06, -0.352724, 0.168987, -0.920342, 3.12223, 0.085421, 0.985266, 0.148171, 1.117456, 0.0, 0.0, 0.0, 1.0],
                [0.999797, -0.008474, 0.018261, -5e-06, 0.019708, 0.226873, -0.973725, 3.281362, 0.004108, 0.973888, 0.226994, 0.925515, 0.0, 0.0, 0.0, 1.0],
                [0.999797, -0.007723, 0.018635, -5e-06, 0.019746, 0.563364, -0.825973, 3.8311, -0.004119, 0.826173, 0.563402, 0.640549, 0.0, 0.0, 0.0, 1.0],
                [0.999797, -0.008474, 0.018261, -5e-06, 0.019442, 0.641766, -0.766654, 3.825388, -0.005223, 0.766854, 0.641801, 0.525902, 0.0, 0.0, 0.0, 1.0],
                [0.999797, -0.008474, 0.018261, -5e-06, 0.019442, 0.641766, -0.766654, 3.825388, -0.005223, 0.766854, 0.641801, 0.525902, 0.0, 0.0, 0.0, 1.0]
            ]
        },
        {
            "name": "Thigh_R",
            "time": [0.0, 0.25, 0.4333, 0.7333, 0.7833, 0.8833, 0.9667, 1.3333],
            "transform": [
                [0.937733, 0.340847, 0.066925, 0.145847, 0.278199, -0.852329, 0.442874, -0.004045, 0.207994, -0.396678, -0.894083, 0.019941, 0.0, 0.0, 0.0, 1.0],
                [0.880251, 0.436995, 0.184909, 0.154142, 0.347751, -0.859241, 0.375194, -0.004528, 0.32284, -0.265962, -0.908316, 0.027879, 0.0, 0.0, 0.0, 1.0],
                [0.999281, 0.013043, -0.035594, 0.124994, 0.034301, -0.710879, 0.702475, -0.002831, -0.016141, -0.703189, -0.710818, -1.2e-05, 0.0, 0.0, 0.0, 1.0],
                [0.99874, -0.017137, 0.047153, 0.124994, -0.047188, -0.640075, 0.76686, -0.002831, 0.01704, -0.768118, -0.640079, -1.2e-05, 0.0, 0.0, 0.0, 1.0],
                [0.996776, 0.031535, -0.073779, 0.124994, 0.077224, -0.626633, 0.775478, -0.002831, -0.021778, -0.778673, -0.627049, -1.3e-05, 0.0, 0.0, 0.0, 1.0],
                [0.999491, 0.004464, -0.031581, 0.124994, 0.031334, 0.047592, 0.998375, -0.00283, 0.00596, -0.998854, 0.047428, -1.2e-05, 0.0, 0.0, 0.0, 1.0],
                [0.999844, -0.002998, -0.017379, 0.124994, 0.017635, 0.182185, 0.983106, -0.002831, 0.000219, -0.983258, 0.18221, -1.3e-05, 0.0, 0.0, 0.0, 1.0],
                [0.999844, -0.002998, -0.017379, 0.124994, 0.017635, 0.182185, 0.983106, -0.002831, 0.000219, -0.983258, 0.18221, -1.3e-05, 0.0, 0.0, 0.0, 1.0]
            ]
        },
        {
            "name": "Leg_R",
            "time": [0.0, 0.25, 0.4333, 0.7333, 0.7833, 0.8833, 0.9667, 1.3333],
            "transform": [
                [1.0, -1e-06, -3e-06, 0.0, 3e-06, 0.469391, 0.882993, 0.37472, 1e-06, -0.88299, 0.469392, -0.0, 0.0, 0.0, 0.0, 1.0],
                [1.0, -1e-06, -4e-06, 0.0, 4e-06, 0.548747, 0.83599, 0.37472, 1e-06, -0.835987, 0.548749, 0.0, 0.0, 0.0, 0.0, 1.0],
                [1.0, -1e-06, 1e-06, 0.0, -1e-06, 0.22782, 0.973706, 0.37472, -1e-06, -0.973702, 0.227821, 0.0, 0.0, 0.0, 0.0, 1.0],
                [1.0, -1e-06, 2e-06, -0.0, -2e-06, -0.254753, 0.967009, 0.37472, -0.0, -0.967005, -0.254754, 0.0, 0.0, 0.0, 0.0, 1.0],
                [1.0, -1e-06, 1e-06, 0.0, -1e-06, -0.268427, 0.963303, 0.37472, -0.0, -0.963299, -0.268428, 0.0, 0.0, 0.0, 0.0, 1.0],
                [1.0, -1e-06, 1.3e-05, 0.0, -1.3e-05, -0.103846, 0.994596, 0.37472, 0.0, -0.994592, -0.103846, -0.0, 0.0, 0.0, 0.0, 1.0],
                [1.0, -1e-06, 3e-05, 0.0, -3e-05, 0.005001, 0.99999, 0.37472, -1e-06, -0.999987, 0.005001, -0.0, 0.0, 0.0, 0.0, 1.0],
                [1.0, -1e-06, 3e-05, -0.0, -3e-05, 0.005001, 0.99999, 0.37472, -1e-06, -0.999987, 0.005001, -0.0, 0.0, 0.0, 0.0, 1.0]
            ]
        },
        {
            "name": "Knee_R",
            "time": [0.0, 0.25, 0.4333, 0.7333, 0.7833, 0.8833, 0.9667, 1.3333],
            "transform": [
                [1.0, 0.0, -0.0, 0.0, -0.0, 1e-06, -1.0, 0.42662, -0.0, 1.0, 1e-06, -0.0, 0.0, 0.0, 0.0, 1.0],
                [1.0, -0.0, -0.0, 0.0, -0.0, 1e-06, -1.0, 0.422563, -0.0, 1.0, 1e-06, 0.0, 0.0, 0.0, 0.0, 1.0],
                [1.0, 0.0, -0.0, 0.0, -0.0, 1e-06, -1.0, 0.452569, -0.0, 1.0, 1e-06, 0.0, 0.0, 0.0, 0.0, 1.0],
                [1.0, 0.0, -0.0, 0.0, -0.0, 1e-06, -1.0, 0.467076, -0.0, 1.0, 1e-06, 0.0, 0.0, 0.0, 0.0, 1.0],
                [1.0, 0.0, -0.0, 0.0, -0.0, 1e-06, -1.0, 0.467076, -0.0, 1.0, 1e-06, 0.0, 0.0, 0.0, 0.0, 1.0],
                [1.0, 0.0, -0.0, 0.0, -0.0, 1e-06, -1.0, 0.477588, -0.0, 1.0, 1e-06, -0.0, 0.0, 0.0, 0.0, 1.0],
                [1.0, 0.0, -0.0, 0.0, -0.0, 1e-06, -1.0, 0.469745, -0.0, 1.0, 1e-06, -0.0, 0.0, 0.0, 0.0, 1.0],
                [1.0, 0.0, -0.0, -0.0, -0.0, 1e-06, -1.0, 0.469745, -0.0, 1.0, 1e-06, -0.0, 0.0, 0.0, 0.0, 1.0]
            ]
        },
        {
            "name": "Thigh_L",
            "time": [0.0, 0.25, 0.4333, 0.7333, 0.7833, 0.8833, 0.9667, 1.3333],
            "transform": [
                [0.860391, -0.501876, -0.088577, -0.140034, 0.047618, -0.093877, 0.994444, -0.001956, -0.507403, -0.859829, -0.056873, -0.014392, 0.0, 0.0, 0.0, 1.0],
                [0.899631, -0.41597, 0.132784, -0.146013, 0.052006, 0.404004, 0.913277, -0.001608, -0.433542, -0.814707, 0.385088, -0.020112, 0.0, 0.0, 0.0, 1.0],
                [0.997544, -0.062254, 0.032085, -0.125006, -0.062823, -0.997877, 0.017052, -0.002831, 0.030955, -0.019025, -0.99934, -1.2e-05, 0.0, 0.0, 0.0, 1.0],
                [0.999175, 0.039408, -0.00979, -0.125006, 0.037942, -0.991969, -0.12064, -0.002831, -0.014466, 0.120169, -0.992648, -1.1e-05, 0.0, 0.0, 0.0, 1.0],
                [0.999917, -0.012558, 0.00284, -0.125006, -0.012013, -0.989334, -0.145157, -0.002831, 0.004632, 0.145111, -0.989405, -1.2e-05, 0.0, 0.0, 0.0, 1.0],
                [0.999952, -0.008688, 0.004328, -0.125006, -0.008851, -0.999183, 0.039388, -0.00283, 0.003982, -0.039424, -0.999215, -1.1e-05, 0.0, 0.0, 0.0, 1.0],
                [0.999924, -0.010165, 0.006898, -0.125006, -0.011498, -0.972148, 0.234081, -0.00283, 0.004327, -0.234141, -0.972193, -1.2e-05, 0.0, 0.0, 0.0, 1.0],
                [0.999924, -0.010165, 0.006898, -0.125006, -0.011498, -0.972148, 0.234081, -0.00283, 0.004327, -0.234141, -0.972193, -1.2e-05, 0.0, 0.0, 0.0, 1.0]
            ]
        },
        {
            "name": "Leg_L",
            "time": [0.0, 0.25, 0.4333, 0.7333, 0.7833, 0.8833, 0.9667, 1.3333],
            "transform": [
                [1.0, -1e-06, 8e-06, 0.0, -8e-06, -0.004055, 0.99999, 0.37472, -1e-06, -0.999992, -0.004055, -0.0, 0.0, 0.0, 0.0, 1.0],
                [1.0, -1e-06, 1e-06, 0.0, -1e-06, 0.053679, 0.998557, 0.37472, -1e-06, -0.998559, 0.053679, -0.0, 0.0, 0.0, 0.0, 1.0],
                [1.0, -0.0, 2e-06, -0.0, 0.0, 0.999957, 0.009329, 0.37472, -2e-06, -0.009329, 0.999955, 0.0, 0.0, 0.0, 0.0, 1.0],
                [1.0, -0.0, 2e-06, 0.0, 0.0, 0.999962, 0.008776, 0.37472, -2e-06, -0.008776, 0.99996, 0.0, 0.0, 0.0, 0.0, 1.0],
                [1.0, -0.0, 1e-06, 0.0, 0.0, 0.999964, 0.008639, 0.37472, -1e-06, -0.008639, 0.999961, 0.0, 0.0, 0.0, 0.0, 1.0],
                [1.0, -0.0, 2e-06, -0.0, 0.0, 0.999953, 0.009766, 0.37472, -2e-06, -0.009766, 0.999951, -0.0, 0.0, 0.0, 0.0, 1.0],
                [1.0, -1e-06, 3e-06, 0.0, -1e-06, 0.815219, 0.579152, 0.37472, -3e-06, -0.579154, 0.815218, 0.0, 0.0, 0.0, 0.0, 1.0],
                [1.0, -1e-06, 3e-06, -0.0, -1e-06, 0.815219, 0.579152, 0.37472, -3e-06, -0.579154, 0.815218, -0.0, 0.0, 0.0, 0.0, 1.0]
            ]
        },
        {
            "name": "Knee_L",
            "time": [0.0, 0.25, 0.4333, 0.8833, 0.9667, 1.3333],
            "transform": [
                [1.0, 0.0, -0.0, 0.0, -0.0, 1e-06, -1.0, 0.478519, -0.0, 1.0, 1e-06, -0.0, 0.0, 0.0, 0.0, 1.0],
                [1.0, 0.0, -0.0, 0.0, -0.0, 1e-06, -1.0, 0.473751, -0.0, 1.0, 1e-06, -0.0, 0.0, 0.0, 0.0, 1.0],
                [1.0, 0.0, -0.0, -0.0, -0.0, 1e-06, -1.0, 0.37472, -0.0, 1.0, 1e-06, 0.0, 0.0, 0.0, 0.0, 1.0],
                [1.0, 0.0, -0.0, -0.0, -0.0, 1e-06, -1.0, 0.37472, -0.0, 1.0, 1e-06, -0.0, 0.0, 0.0, 0.0, 1.0],
                [1.0, 0.0, -0.0, -0.0, -0.0, 1e-06, -1.0, 0.395369, -0.0, 1.0, 1e-06, 0.0, 0.0, 0.0, 0.0, 1.0],
                [1.0, 0.0, -0.0, -0.0, -0.0, 1e-06, -1.0, 0.395369, -0.0, 1.0, 1e-06, 0.0, 0.0, 0.0, 0.0, 1.0]
            ]
        },
        {
            "name": "Torso",
            "time": [0.0, 0.25, 0.4333, 1.3333],
            "transform": [
                [0.999823, -0.018727, -0.001774, 0.0, 0.018764, 0.999549, 0.023465, 0.05, 0.001334, -0.023494, 0.999723, -0.0, 0.0, 0.0, 0.0, 1.0],
                [0.99988, -0.015295, -0.002367, 0.0, 0.01535, 0.999562, 0.025313, 0.05, 0.001979, -0.025347, 0.999677, -0.0, 0.0, 0.0, 0.0, 1.0],
                [1.0, 0.0, 0.0, 0.0, -0.0, 1.0, 0.0, 0.05, 0.0, -0.0, 1.0, -0.0, 0.0, 0.0, 0.0, 1.0],
                [1.0, -0.0, -0.0, 0.0, 0.0, 1.0, -0.0, 0.05, 0.0, 0.0, 1.0, 0.0, 0.0, 0.0, 0.0, 1.0]
            ]
        },
        {
            "name": "Chest",
            "time": [0.0, 0.25, 0.4333, 0.7333, 0.8833, 0.9667, 1.3333],
            "transform": [
                [0.996268, -0.084316, -0.018438, 0.0, 0.086188, 0.983198, 0.160915, 0.3, 0.00456, -0.161904, 0.986796, -0.0, 0.0, 0.0, 0.0, 1.0],
                [0.993709, -0.108403, -0.028136, 0.0, 0.111928, 0.969935, 0.216099, 0.3, 0.003864, -0.217888, 0.975966, 0.0, 0.0, 0.0, 0.0, 1.0],
                [0.997494, -0.070207, -0.008787, -0.0, 0.06917, 0.993736, -0.087772, 0.3, 0.014895, 0.086945, 0.996102, 0.0, 0.0, 0.0, 0.0, 1.0],
                [0.999765, -0.021594, -0.001902, 0.0, 0.019488, 0.933744, -0.357411, 0.3, 0.009494, 0.35729, 0.933945, -0.0, 0.0, 0.0, 0.0, 1.0],
                [0.999996, 0.002638, 0.001247, -0.0, -0.002745, 0.995408, 0.09568, 0.3, -0.000989, -0.095683, 0.995411, 1e-06, 0.0, 0.0, 0.0, 1.0],
                [0.999987, 0.004263, 0.002671, 0.0, -0.004791, 0.968787, 0.247848, 0.3, -0.001531, -0.247858, 0.968795, 0.0, 0.0, 0.0, 0.0, 1.0],
                [0.999987, 0.004263, 0.002671, 0.0, -0.004791, 0.968787, 0.247848, 0.3, -0.001531, -0.247858, 0.968795, -0.0, 0.0, 0.0, 0.0, 1.0]
            ]
        },
        {
            "name": "Head",
            "time": [0.0, 0.25, 0.4333, 0.7333, 0.7833, 0.8833, 0.9667, 1.3333],
            "transform": [
                [0.875258, 0.137063, 0.463828, -0.0, 0.040782, 0.934675, -0.353157, 0.4, -0.481933, 0.328019, 0.812492, -0.0, 0.0, 0.0, 0.0, 1.0],
                [0.912374, 0.157319, 0.37792, -0.0, 0.040393, 0.884101, -0.465547, 0.4, -0.407359, 0.440018, 0.800276, 0.0, 0.0, 0.0, 0.0, 1.0],
                [1.0, 0.0, 0.0, 0.0, -0.0, 1.0, -0.0, 0.4, -0.0, -0.0, 1.0, -0.0, 0.0, 0.0, 0.0, 1.0],
                [0.999993, 0.00329, 0.001998, -0.0, -0.00365, 0.975352, 0.220626, 0.4, -0.001223, -0.220631, 0.975356, 0.0, 0.0, 0.0, 0.0, 1.0],
                [0.999989, 0.003979, 0.002443, -0.0, -0.004435, 0.973106, 0.230316, 0.4, -0.001461, -0.230324, 0.973113, 0.0, 0.0, 0.0, 0.0, 1.0],
                [0.999938, -0.011018, -0.00171, -0.0, 0.008419, 0.846638, -0.532103, 0.4, 0.00731, 0.532056, 0.846678, 0.0, 0.0, 0.0, 0.0, 1.0],
                [0.999875, -0.015818, -0.000484, 0.0, 0.010582, 0.691028, -0.72275, 0.4, 0.011767, 0.722654, 0.691109, 0.0, 0.0, 0.0, 0.0, 1.0],
                [0.999875, -0.015818, -0.000484, -0.0, 0.010582, 0.691028, -0.72275, 0.4, 0.011767, 0.722655, 0.691109, 0.0, 0.0, 0.0, 0.0, 1.0]
            ]
        },
        {
            "name": "Shoulder_R",
            "time": [0.0, 0.25, 0.4333, 0.7, 0.75, 0.8667, 1.0167, 1.3333],
            "transform": [
                [0.02873, 0.952057, 0.304569, -0.0, 0.008964, -0.304928, 0.952333, 0.4, 0.999547, -0.024631, -0.017295, -0.0, 0.0, 0.0, 0.0, 1.0],
                [0.0, 0.952114, 0.305743, -0.0, 0.0, -0.305743, 0.952114, 0.4, 1.0, -0.0, 0.0, 0.0, 0.0, 0.0, 0.0, 1.0],
                [0.348651, 0.895471, 0.27672, 0.0, -0.241694, -0.19936, 0.949652, 0.4, 0.905553, -0.397979, 0.146923, -0.0, 0.0, 0.0, 0.0, 1.0],
                [0.423236, 0.861246, 0.281294, 0.0, -0.073927, -0.276609, 0.958135, 0.4, 0.902998, -0.426312, -0.053402, 0.0, 0.0, 0.0, 0.0, 1.0],
                [0.418671, 0.865064, 0.276366, -0.0, 0.071145, -0.33463, 0.93966, 0.4, 0.905347, -0.373747, -0.201645, -0.0, 0.0, 0.0, 0.0, 1.0],
                [-0.276813, 0.894443, 0.351205, -0.0, -0.06293, -0.381576, 0.922193, 0.4, 0.958861, 0.233174, 0.161912, 0.0, 0.0, 0.0, 0.0, 1.0],
                [-0.474407, 0.797477, 0.372784, 0.0, 0.030019, -0.408569, 0.912234, 0.4, 0.879794, 0.44396, 0.169888, 0.0, 0.0, 0.0, 0.0, 1.0],
                [-0.474407, 0.797477, 0.372784, -0.0, 0.030019, -0.408569, 0.912233, 0.4, 0.879794, 0.44396, 0.169888, 0.0, 0.0, 0.0, 0.0, 1.0]
            ]
        },
        {
            "name": "Arm_R",
            "time": [0.0, 0.25, 0.4333, 0.75, 0.8667, 1.0167, 1.3333],
            "transform": [
                [0.162685, -0.017198, -0.986528, -0.0, 0.917055, 0.37156, 0.144751, 0.39386, 0.364065, -0.92825, 0.076219, 0.0, 0.0, 0.0, 0.0, 1.0],
                [0.228172, -0.095678, -0.968908, 0.0, 0.852122, 0.501027, 0.151194, 0.39386, 0.470984, -0.860126, 0.19585, -0.0, 0.0, 0.0, 0.0, 1.0],
                [-0.118034, -0.988036, -0.099261, 0.0, -0.186418, 0.12023, -0.975086, 0.393861, 0.975354, -0.096589, -0.198379, -0.0, 0.0, 0.0, 0.0, 1.0],
                [-0.008857, -0.99249, 0.122002, 0.0, -0.37666, -0.109709, -0.919832, 0.393861, 0.926309, -0.0541, -0.37286, -0.0, 0.0, 0.0, 0.0, 1.0],
                [-0.306758, -0.177988, -0.934997, -0.0, -0.383629, 0.92215, -0.04968, 0.393861, 0.87105, 0.343453, -0.351158, -0.0, 0.0, 0.0, 0.0, 1.0],
                [0.198989, 0.238663, -0.950496, -0.0, -0.303214, 0.937295, 0.171869, 0.393861, 0.931914, 0.254004, 0.258877, -0.0, 0.0, 0.0, 0.0, 1.0],
                [0.198989, 0.238663, -0.950496, -0.0, -0.303214, 0.937295, 0.171869, 0.39386, 0.931914, 0.254004, 0.258877, -0.0, 0.0, 0.0, 0.0, 1.0]
            ]
        },
        {
            "name": "Hand_R",
            "time": [0.0, 0.25, 0.4333, 0.75, 0.8667, 1.0167, 1.3333],
            "transform": [
                [0.999997, 0.002417, 0.00017, -0.0, -0.002308, 0.971774, -0.235904, 0.3, -0.000736, 0.235903, 0.971776, 0.0, 0.0, 0.0, 0.0, 1.0],
                [0.999995, 0.002522, -0.001949, 0.0, -0.003014, 0.94694, -0.321396, 0.3, 0.001035, 0.3214, 0.946943, -0.0, 0.0, 0.0, 0.0, 1.0],
                [0.999995, 0.002902, -0.001195, 0.0, -0.003133, 0.94694, -0.321397, 0.3, 0.000199, 0.321399, 0.946944, 0.0, 0.0, 0.0, 0.0, 1.0],
                [0.999994, 0.003437, 0.000748, 0.0, -0.003014, 0.94694, -0.321396, 0.3, -0.001812, 0.321392, 0.946945, -0.0, 0.0, 0.0, 0.0, 1.0],
                [1.0, 0.000559, 0.000598, -0.0, -0.00042, 0.977504, -0.210919, 0.3, -0.000702, 0.210919, 0.977503, -0.0, 0.0, 0.0, 0.0, 1.0],
                [0.999999, -0.000126, 0.001359, -0.0, 0.000362, 0.984551, -0.175098, 0.3, -0.001316, 0.175099, 0.98455, -0.0, 0.0, 0.0, 0.0, 1.0],
                [0.999999, -0.000126, 0.001359, -0.0, 0.000362, 0.984551, -0.175098, 0.3, -0.001316, 0.175099, 0.98455, -0.0, 0.0, 0.0, 0.0, 1.0]
            ]
        },
        {
            "name": "Tool_R",
            "time": [0.0, 0.25, 0.4333, 0.8667, 1.0167, 1.3333],
            "transform": [
                [0.999705, 0.024189, 0.00222, 0.0, 0.008446, -0.26048, -0.965442, 0.272858, -0.022761, 0.964602, -0.260463, -1e-06, 0.0, 0.0, 0.0, 1.0],
                [0.999514, 0.029396, 0.010358, -0.0, 0.003355, 0.228928, -0.973438, 0.272858, -0.030968, 0.972426, 0.228573, -1e-06, 0.0, 0.0, 0.0, 1.0],
                [0.999514, 0.029396, 0.010358, -0.0, 0.003355, 0.228928, -0.973438, 0.272858, -0.030968, 0.972426, 0.228573, -1e-06, 0.0, 0.0, 0.0, 1.0],
                [0.999514, 0.029396, 0.010358, -0.0, 0.003355, 0.228928, -0.973438, 0.272858, -0.030968, 0.972426, 0.228572, -1e-06, 0.0, 0.0, 0.0, 1.0],
                [0.999514, 0.029396, 0.010358, -1e-06, 0.003355, 0.228928, -0.973438, 0.272858, -0.030968, 0.972426, 0.228573, -1e-06, 0.0, 0.0, 0.0, 1.0],
                [0.999514, 0.029396, 0.010358, -1e-06, 0.003355, 0.228928, -0.973438, 0.272858, -0.030968, 0.972426, 0.228573, -2e-06, 0.0, 0.0, 0.0, 1.0]
            ]
        },
        {
            "name": "Elbow_R",
            "time": [0.0, 0.25, 0.4333, 0.75, 0.8667, 1.0167, 1.3333],
            "transform": [
                [-1.0, 0.0, -0.0, -0.0, 0.0, -0.0, -1.0, 0.336918, -0.0, -1.0, 0.0, 0.0, 0.0, 0.0, 0.0, 1.0],
                [-1.0, 0.0, -0.0, 0.0, 0.0, -0.0, -1.0, 0.336918, -0.0, -1.0, 0.0, -0.0, 0.0, 0.0, 0.0, 1.0],
                [-1.0, 0.0, -0.0, 0.0, 0.0, -0.0, -1.0, 0.350284, -0.0, -1.0, 0.0, 0.0, 0.0, 0.0, 0.0, 1.0],
                [-1.0, 0.0, -0.0, -0.0, 0.0, -0.0, -1.0, 0.349536, -0.0, -1.0, 0.0, -0.0, 0.0, 0.0, 0.0, 1.0],
                [-1.0, 0.0, -0.0, -0.0, 0.0, -0.0, -1.0, 0.3, -0.0, -1.0, 0.0, -0.0, 0.0, 0.0, 0.0, 1.0],
                [-1.0, 0.0, -0.0, -0.0, 0.0, 0.0, -1.0, 0.337297, -0.0, -1.0, 0.0, 0.0, 0.0, 0.0, 0.0, 1.0],
                [-1.0, 0.0, -0.0, -0.0, 0.0, 0.0, -1.0, 0.337297, -0.0, -1.0, 0.0, -0.0, 0.0, 0.0, 0.0, 1.0]
            ]
        },
        {
            "name": "Shoulder_L",
            "time": [0.0, 0.25, 0.4333, 0.7, 0.75, 0.8667, 1.0167, 1.3333],
            "transform": [
                [-0.327619, -0.901584, -0.282509, -0.0, 0.014845, -0.303886, 0.952593, 0.4, -0.944693, 0.307894, 0.112943, -0.0, 0.0, 0.0, 0.0, 1.0],
                [-0.483784, -0.836906, -0.256009, -0.0, 0.022573, -0.304354, 0.952291, 0.4, -0.874896, 0.454924, 0.166133, 0.0, 0.0, 0.0, 0.0, 1.0],
                [0.613694, -0.759204, -0.216769, 0.0, 0.216797, -0.101962, 0.970877, 0.4, -0.759196, -0.642817, 0.102019, -0.0, 0.0, 0.0, 0.0, 1.0],
                [0.765822, -0.6152, -0.187204, 0.0, 0.044447, -0.239782, 0.969809, 0.4, -0.641515, -0.751022, -0.156287, 0.0, 0.0, 0.0, 0.0, 1.0],
                [0.769077, -0.609757, -0.191617, -0.0, -0.051869, -0.35835, 0.932145, 0.4, -0.637048, -0.706952, -0.307226, -0.0, 0.0, 0.0, 0.0, 1.0],
                [-0.173279, -0.921716, -0.347007, -0.0, 0.067893, -0.362678, 0.929438, 0.4, -0.98253, 0.137492, 0.125423, 0.0, 0.0, 0.0, 0.0, 1.0],
                [-0.470221, -0.800495, -0.371616, 0.0, -0.025478, -0.408584, 0.912365, 0.4, -0.882181, 0.438482, 0.17173, 0.0, 0.0, 0.0, 0.0, 1.0],
                [-0.470221, -0.800495, -0.371616, -0.0, -0.025478, -0.408584, 0.912365, 0.4, -0.882181, 0.438482, 0.171729, 0.0, 0.0, 0.0, 0.0, 1.0]
            ]
        },
        {
            "name": "Arm_L",
            "time": [0.0, 0.25, 0.4333, 0.75, 0.8667, 1.0167, 1.3333],
            "transform": [
                [0.204267, -0.01475, 0.978804, 0.0, -0.887719, 0.418638, 0.191567, 0.39386, -0.41259, -0.908033, 0.072421, 0.0, 0.0, 0.0, 0.0, 1.0],
                [0.22028, -0.034982, 0.974809, 0.0, -0.821093, 0.532839, 0.204666, 0.39386, -0.526576, -0.845493, 0.08865, 0.0, 0.0, 0.0, 0.0, 1.0],
                [-0.124602, 0.938163, 0.322993, 0.0, 0.190189, 0.342076, -0.920224, 0.39386, -0.973808, -0.053232, -0.221052, 0.0, 0.0, 0.0, 0.0, 1.0],
                [-0.025391, 0.993596, 0.1101, 0.0, 0.373874, 0.111581, -0.920743, 0.39386, -0.927132, 0.017784, -0.374313, 0.0, 0.0, 0.0, 0.0, 1.0],
                [-0.286568, 0.118316, 0.950726, 0.0, 0.406606, 0.913561, 0.008868, 0.39386, -0.867497, 0.389112, -0.309905, 0.0, 0.0, 0.0, 0.0, 1.0],
                [0.224021, -0.283913, 0.932313, 0.0, 0.367489, 0.91062, 0.189005, 0.393861, -0.902644, 0.300274, 0.308333, -0.0, 0.0, 0.0, 0.0, 1.0],
                [0.224021, -0.283913, 0.932313, -0.0, 0.367489, 0.91062, 0.189005, 0.39386, -0.902644, 0.300274, 0.308333, -0.0, 0.0, 0.0, 0.0, 1.0]
            ]
        },
        {
            "name": "Hand_L",
            "time": [0.0, 0.25, 0.4333, 0.75, 0.8667, 1.0167, 1.3333],
            "transform": [
                [0.999891, -0.010626, 0.010252, 0.0, 0.012258, 0.984459, -0.175188, 0.3, -0.008231, 0.175295, 0.984482, -0.0, 0.0, 0.0, 0.0, 1.0],
                [0.999919, 0.000243, 0.01274, -0.0, 0.002933, 0.968587, -0.248659, 0.3, -0.0124, 0.248676, 0.968508, -0.0, 0.0, 0.0, 0.0, 1.0],
                [1.0, 2.1e-05, 0.000462, -0.0, 9.5e-05, 0.968587, -0.248676, 0.3, -0.000453, 0.248676, 0.968587, -0.0, 0.0, 0.0, 0.0, 1.0],
                [0.999998, 0.001719, 0.000955, 0.0, -0.001427, 0.968592, -0.248653, 0.3, -0.001353, 0.248652, 0.968593, 0.0, 0.0, 0.0, 0.0, 1.0],
                [0.999988, 0.001696, 0.004535, -0.0, -0.000568, 0.971293, -0.237887, 0.3, -0.004808, 0.237882, 0.971282, 0.0, 0.0, 0.0, 0.0, 1.0],
                [0.999996, 0.002177, 0.001925, 0.0, -0.001665, 0.972128, -0.234445, 0.3, -0.002382, 0.23444, 0.972128, 0.0, 0.0, 0.0, 0.0, 1.0],
                [0.999996, 0.002178, 0.001925, 0.0, -0.001665, 0.972128, -0.234445, 0.3, -0.002382, 0.23444, 0.972128, 0.0, 0.0, 0.0, 0.0, 1.0]
            ]
        },
        {
            "name": "Tool_L",
            "time": [0.0, 0.25, 0.4333, 0.75, 0.8667, 1.0167, 1.3333],
            "transform": [
                [0.999538, 0.0303, 0.002559, 0.0, 0.007522, -0.164855, -0.986289, 0.272858, -0.029445, 0.985271, -0.16492, 0.0, 0.0, 0.0, 0.0, 1.0],
                [0.999258, 0.036223, 0.013103, 0.0, -0.000496, 0.35224, -0.935909, 0.272858, -0.038494, 0.934662, 0.35178, 0.0, 0.0, 0.0, 0.0, 1.0],
                [0.999258, 0.036223, 0.013103, 0.0, -0.000496, 0.352241, -0.935909, 0.272858, -0.038494, 0.934662, 0.35178, 0.0, 0.0, 0.0, 0.0, 1.0],
                [0.999258, 0.036223, 0.013103, 0.0, -0.000496, 0.35224, -0.935909, 0.272858, -0.038494, 0.934662, 0.35178, 0.0, 0.0, 0.0, 0.0, 1.0],
                [0.999258, 0.036223, 0.013103, 0.0, -0.000496, 0.35224, -0.935909, 0.272858, -0.038494, 0.934662, 0.35178, -0.0, 0.0, 0.0, 0.0, 1.0],
                [0.999258, 0.036223, 0.013103, 0.0, -0.000496, 0.352241, -0.935909, 0.272858, -0.038494, 0.934662, 0.35178, 0.0, 0.0, 0.0, 0.0, 1.0],
                [0.999258, 0.036223, 0.013103, 0.0, -0.000496, 0.352241, -0.935909, 0.272858, -0.038494, 0.934662, 0.35178, 0.0, 0.0, 0.0, 0.0, 1.0]
            ]
        },
        {
            "name": "Elbow_L",
            "time": [0.0, 0.25, 0.4333, 0.75, 0.8667, 1.0167, 1.3333],
            "transform": [
                [-1.0, 0.0, -0.0, 0.0, 0.0, -0.0, -1.0, 0.335666, -0.0, -1.0, -0.0, -0.0, 0.0, 0.0, 0.0, 1.0],
                [-1.0, 0.0, -0.0, -0.0, 0.0, -0.0, -1.0, 0.335666, -0.0, -1.0, -0.0, -0.0, 0.0, 0.0, 0.0, 1.0],
                [-1.0, 0.0, -0.0, 0.0, 0.0, -0.0, -1.0, 0.345699, -0.0, -1.0, 0.0, -0.0, 0.0, 0.0, 0.0, 1.0],
                [-1.0, 0.0, -0.0, 0.0, 0.0, -0.0, -1.0, 0.344756, -0.0, -1.0, -0.0, 0.0, 0.0, 0.0, 0.0, 1.0],
                [-1.0, 0.0, -0.0, -0.0, 0.0, -0.0, -1.0, 0.342799, -0.0, -1.0, -0.0, 0.0, 0.0, 0.0, 0.0, 1.0],
                [-1.0, 0.0, -0.0, 0.0, 0.0, 0.0, -1.0, 0.344539, -0.0, -1.0, 0.0, 0.0, 0.0, 0.0, 0.0, 1.0],
                [-1.0, 0.0, -0.0, 0.0, 0.0, 0.0, -1.0, 0.344539, -0.0, -1.0, 0.0, 0.0, 0.0, 0.0, 0.0, 1.0]
            ]
        }
    ]
}