{
    "animation": [
        {
            "name": "Root",
            "time": [0.0, 0.0833, 0.2, 0.3833, 0.7],
            "transform": [
                [0.230605, 0.183375, -0.955612, -5e-06, -0.965967, -0.075115, -0.247518, -0.004003, -0.117169, 0.980169, 0.159812, 0.591226, 0.0, 0.0, 0.0, 1.0],
                [0.94666, 0.216069, -0.239058, -5e-06, -0.284555, 0.21243, -0.934827, 1.101096, -0.151204, 0.952989, 0.262582, 0.741948, 0.0, 0.0, 0.0, 1.0],
                [0.735829, 0.012678, 0.677049, -5e-06, 0.634105, 0.337951, -0.695485, 1.576525, -0.237626, 0.941078, 0.240635, 0.607743, 0.0, 0.0, 0.0, 1.0],
                [0.699829, -0.0, 0.71431, -5e-06, 0.672537, 0.336958, -0.658903, 1.609728, -0.240693, 0.94152, 0.235813, 0.591226, 0.0, 0.0, 0.0, 1.0],
                [0.699829, -0.0, 0.71431, -5e-06, 0.672537, 0.336958, -0.658903, 1.609728, -0.240693, 0.94152, 0.235813, 0.591226, 0.0, 0.0, 0.0, 1.0]
            ]
        },
        {
            "name": "Thigh_R",
            "time": [0.0, 0.0833, 0.2, 0.3833, 0.7],
            "transform": [
                [0.594509, 0.629916, -0.499763, 0.124994, 0.688601, -0.71977, -0.088076, -0.00283, -0.415196, -0.291775, -0.861673, -1.2e-05, 0.0, 0.0, 0.0, 1.0],
                [0.832981, 0.468837, -0.293824, 0.124994, 0.460455, -0.292933, 0.837957, -0.00283, 0.306794, -0.833293, -0.459888, -1.2e-05, 0.0, 0.0, 0.0, 1.0],
                [0.7218, 0.690888, 0.040943, 0.124994, 0.029311, -0.089619, 0.995545, -0.00283, 0.69148, -0.717383, -0.084938, -1.2e-05, 0.0, 0.0, 0.0, 1.0],
                [0.703698, 0.704914, 0.088899, 0.124994, 0.00841, -0.133377, 0.99103, -0.00283, 0.710449, -0.696637, -0.099786, -1.2e-05, 0.0, 0.0, 0.0, 1.0],
                [0.703698, 0.704914, 0.088899, 0.124994, 0.00841, -0.133377, 0.99103, -0.00283, 0.710449, -0.696637, -0.099786, -1.2e-05, 0.0, 0.0, 0.0, 1.0]
            ]
        },
        {
            "name": "Leg_R",
            "time": [0.0, 0.0833, 0.2, 0.3833, 0.7],
            "transform": [
                [1.0, -0.0, -2e-06, 0.0, 1e-06, 0.90266, 0.430356, 0.37472, 2e-06, -0.430357, 0.902658, 0.0, 0.0, 0.0, 0.0, 1.0],
                [1.0, -1e-06, -1e-05, -0.0, 1e-05, -0.275702, 0.961243, 0.37472, -4e-06, -0.961244, -0.275702, -0.0, 0.0, 0.0, 0.0, 1.0],
                [1.0, -1e-06, -3.2e-05, 0.0, 3e-05, 0.353087, 0.93559, 0.37472, 1.1e-05, -0.935591, 0.353086, 0.0, 0.0, 0.0, 0.0, 1.0],
                [1.0, -1e-06, -7e-06, -0.0, 6e-06, 0.484932, 0.874551, 0.37472, 3e-06, -0.874553, 0.484931, -0.0, 0.0, 0.0, 0.0, 1.0],
                [1.0, -1e-06, -7e-06, -0.0, 6e-06, 0.484932, 0.874551, 0.37472, 3e-06, -0.874553, 0.484931, -0.0, 0.0, 0.0, 0.0, 1.0]
            ]
        },
        {
            "name": "Knee_R",
            "time": [0.0, 0.0833, 0.2, 0.3833, 0.7],
            "transform": [
                [1.0, 0.0, -0.0, 0.0, -0.0, 1e-06, -1.0, 0.37472, -0.0, 1.0, 1e-06, 0.0, 0.0, 0.0, 0.0, 1.0],
                [1.0, 0.0, -0.0, -0.0, -0.0, 1e-06, -1.0, 0.467707, -0.0, 1.0, 1e-06, -0.0, 0.0, 0.0, 0.0, 1.0],
                [1.0, 0.0, -0.0, 0.0, -0.0, 1e-06, -1.0, 0.437792, -0.0, 1.0, 1e-06, 0.0, 0.0, 0.0, 0.0, 1.0],
                [1.0, 0.0, -0.0, 0.0, -0.0, 1e-06, -1.0, 0.423526, -0.0, 1.0, 1e-06, -0.0, 0.0, 0.0, 0.0, 1.0],
                [1.0, 0.0, -0.0, 0.0, -0.0, 1e-06, -1.0, 0.423526, -0.0, 1.0, 1e-06, -0.0, 0.0, 0.0, 0.0, 1.0]
            ]
        },
        {
            "name": "Thigh_L",
            "time": [0.0, 0.0833, 0.2, 0.3833, 0.7],
            "transform": [
                [0.167254, -0.735351, -0.656723, -0.125006, 0.110959, -0.647835, 0.753656, -0.002831, -0.979649, -0.198922, -0.026759, -1.2e-05, 0.0, 0.0, 0.0, 1.0],
                [0.920539, 0.119234, -0.372008, -0.125006, 0.216389, -0.948474, 0.231456, -0.002831, -0.325242, -0.293563, -0.898909, -1.2e-05, 0.0, 0.0, 0.0, 1.0],
                [0.975463, -0.192719, 0.106443, -0.125007, -0.199016, -0.978616, 0.051999, -0.002831, 0.094146, -0.071907, -0.992958, -1.2e-05, 0.0, 0.0, 0.0, 1.0],
                [0.962595, -0.244137, 0.117498, -0.125007, -0.247523, -0.968767, 0.01492, -0.002831, 0.110186, -0.043445, -0.992961, -1.2e-05, 0.0, 0.0, 0.0, 1.0],
                [0.962595, -0.244137, 0.117498, -0.125007, -0.247523, -0.968767, 0.01492, -0.002831, 0.110186, -0.043445, -0.992961, -1.2e-05, 0.0, 0.0, 0.0, 1.0]
            ]
        },
        {
            "name": "Leg_L",
            "time": [0.0, 0.0833, 0.2, 0.3833, 0.7],
            "transform": [
                [1.0, -7.4e-05, 0.001099, 0.0, -0.000838, 0.59635, 0.802724, 0.37472, -0.000715, -0.802724, 0.59635, 0.0, 0.0, 0.0, 0.0, 1.0],
                [1.0, -0.000148, -0.00042, 0.0, 0.000212, 0.987546, 0.157331, 0.37472, 0.000391, -0.157331, 0.987546, -0.0, 0.0, 0.0, 0.0, 1.0],
                [0.999873, -0.0, 0.015934, -0.0, -0.005286, 0.943357, 0.331737, 0.37472, -0.015032, -0.331778, 0.943238, -0.0, 0.0, 0.0, 0.0, 1.0],
                [0.999934, -0.0, 0.011477, 0.0, -0.003285, 0.958162, 0.286206, 0.37472, -0.010997, -0.286225, 0.9581, -0.0, 0.0, 0.0, 0.0, 1.0],
                [1.0, -0.000149, 0.000152, 0.0, 9.9e-05, 0.958168, 0.286204, 0.37472, -0.000189, -0.286204, 0.958169, -0.0, 0.0, 0.0, 0.0, 1.0]
            ]
        },
        {
            "name": "Knee_L",
            "time": [0.0, 0.0833, 0.7],
            "transform": [
                [1.0, 0.0, -0.0, 0.0, -0.0, 1e-06, -1.0, 0.417519, -0.0, 1.0, 1e-06, 0.0, 0.0, 0.0, 0.0, 1.0],
                [1.0, 0.0, -0.0, 0.0, -0.0, 1e-06, -1.0, 0.37472, -0.0, 1.0, 1e-06, -0.0, 0.0, 0.0, 0.0, 1.0],
                [1.0, 0.0, -0.0, 0.0, -0.0, 1e-06, -1.0, 0.37472, -0.0, 1.0, 1e-06, -0.0, 0.0, 0.0, 0.0, 1.0]
            ]
        },
        {
            "name": "Torso",
            "time": [0.0, 0.0833, 0.2, 0.3833, 0.7],
            "transform": [
                [1.0, 0.0, -0.0, -0.0, -0.0, 1.0, 0.0, 0.05, 0.0, 0.0, 1.0, -0.0, 0.0, 0.0, 0.0, 1.0],
                [0.994609, -0.10356, 0.005281, 0.0, 0.10356, 0.989435, -0.10146, 0.05, 0.005282, 0.10146, 0.994826, -0.0, 0.0, 0.0, 0.0, 1.0],
                [0.979819, -0.198905, 0.019771, 0.0, 0.198904, 0.960449, -0.194872, 0.05, 0.019771, 0.194872, 0.980629, -0.0, 0.0, 0.0, 0.0, 1.0],
                [0.978551, -0.204931, 0.021014, -0.0, 0.204931, 0.957962, -0.200777, 0.05, 0.021014, 0.200777, 0.979412, -0.0, 0.0, 0.0, 0.0, 1.0],
                [0.978551, -0.204931, 0.021014, -0.0, 0.204931, 0.957962, -0.200777, 0.05, 0.021014, 0.200777, 0.979412, -0.0, 0.0, 0.0, 0.0, 1.0]
            ]
        },
        {
            "name": "Chest",
            "time": [0.0, 0.0833, 0.2, 0.3833, 0.7],
            "transform": [
                [0.998632, -0.052283, 0.000609, 0.0, 0.052262, 0.998458, 0.018736, 0.3, -0.001587, -0.018678, 0.999825, 0.0, 0.0, 0.0, 0.0, 1.0],
                [0.99804, -0.062563, 0.001238, 0.0, 0.062576, 0.997798, -0.021996, 0.3, 0.000141, 0.02203, 0.999757, -0.0, 0.0, 0.0, 0.0, 1.0],
                [0.997949, -0.063991, 0.001965, 0.0, 0.063993, 0.99613, -0.060248, 0.3, 0.001898, 0.06025, 0.998182, -0.0, 0.0, 0.0, 0.0, 1.0],
                [0.997948, -0.064002, 0.002011, 0.0, 0.064002, 0.995978, -0.062703, 0.3, 0.002011, 0.062703, 0.99803, 0.0, 0.0, 0.0, 0.0, 1.0],
                [0.997948, -0.064002, 0.002011, 0.0, 0.064002, 0.995978, -0.062703, 0.3, 0.002011, 0.062703, 0.99803, 0.0, 0.0, 0.0, 0.0, 1.0]
            ]
        },
        {
            "name": "Head",
            "time": [0.0, 0.0833, 0.2, 0.3833, 0.7],
            "transform": [
                [0.60098, -0.068368, 0.796335, -0.0, 0.160902, 0.986286, -0.036755, 0.4, -0.782901, 0.150221, 0.603738, 0.0, 0.0, 0.0, 0.0, 1.0],
                [0.991425, 0.001793, 0.130667, 0.0, 0.001731, 0.999638, -0.026846, 0.4, -0.130668, 0.026842, 0.991063, 0.0, 0.0, 0.0, 0.0, 1.0],
                [0.717483, 0.018187, -0.696339, -0.0, -0.005333, 0.999773, 0.020617, 0.4, 0.696556, -0.011079, 0.717417, -0.0, 0.0, 0.0, 0.0, 1.0],
                [0.670892, 0.019305, -0.741304, 0.0, -0.00401, 0.999741, 0.022406, 0.4, 0.741544, -0.01206, 0.670796, -0.0, 0.0, 0.0, 0.0, 1.0],
                [0.670892, 0.019305, -0.741304, 0.0, -0.00401, 0.999741, 0.022406, 0.4, 0.741544, -0.01206, 0.670796, -0.0, 0.0, 0.0, 0.0, 1.0]
            ]
        },
        {
            "name": "Shoulder_R",
            "time": [0.0, 0.0833, 0.2, 0.3833, 0.7],
            "transform": [
                [0.0, 0.952114, 0.305743, -0.0, -0.0, -0.305743, 0.952114, 0.4, 1.0, -0.0, -0.0, 0.0, 0.0, 0.0, 0.0, 1.0],
                [0.26344, 0.946054, 0.18863, 0.0, 0.111369, -0.224056, 0.968192, 0.4, 0.958225, -0.234053, -0.164386, 0.0, 0.0, 0.0, 0.0, 1.0],
                [0.48016, 0.876185, 0.041775, -0.0, 0.230801, -0.172141, 0.957653, 0.4, 0.846273, -0.450184, -0.284879, -0.0, 0.0, 0.0, 0.0, 1.0],
                [0.49271, 0.869629, 0.031317, 0.0, 0.238793, -0.169726, 0.956123, 0.4, 0.836788, -0.463613, -0.291287, -0.0, 0.0, 0.0, 0.0, 1.0],
                [0.49271, 0.869629, 0.031317, 0.0, 0.238793, -0.169726, 0.956123, 0.4, 0.836788, -0.463613, -0.291287, -0.0, 0.0, 0.0, 0.0, 1.0]
            ]
        },
        {
            "name": "Arm_R",
            "time": [0.0, 0.0833, 0.2, 0.3833, 0.7],
            "transform": [
                [0.518682, -0.623459, -0.585036, 0.0, 0.85451, 0.35565, 0.378585, 0.393861, -0.027964, -0.696284, 0.717221, -0.0, 0.0, 0.0, 0.0, 1.0],
                [0.267499, -0.410417, -0.871781, -0.0, 0.923025, 0.3688, 0.109599, 0.393861, 0.276532, -0.833993, 0.477479, -0.0, 0.0, 0.0, 0.0, 1.0],
                [-0.168524, -0.832314, 0.528065, 0.0, 0.921174, -0.323628, -0.216111, 0.39386, 0.350769, 0.450019, 0.821245, -0.0, 0.0, 0.0, 0.0, 1.0],
                [-0.184425, -0.717414, 0.671792, 0.0, 0.907573, -0.386649, -0.163752, 0.39386, 0.377226, 0.5795, 0.722413, -0.0, 0.0, 0.0, 0.0, 1.0],
                [-0.184425, -0.717414, 0.671792, 0.0, 0.907573, -0.386649, -0.163752, 0.39386, 0.377226, 0.5795, 0.722413, -0.0, 0.0, 0.0, 0.0, 1.0]
            ]
        },
        {
            "name": "Hand_R",
            "time": [0.0, 0.0833, 0.2, 0.3833, 0.7],
            "transform": [
                [0.999998, 0.000866, 0.001719, -0.0, -0.000579, 0.98698, -0.16084, 0.3, -0.001836, 0.160839, 0.986979, 0.0, 0.0, 0.0, 0.0, 1.0],
                [0.999998, 0.000866, 0.001719, 0.0, -0.000579, 0.98698, -0.16084, 0.3, -0.001836, 0.160839, 0.986979, 0.0, 0.0, 0.0, 0.0, 1.0],
                [0.999998, 0.000866, 0.001719, -0.0, -0.000579, 0.98698, -0.160839, 0.3, -0.001836, 0.160838, 0.986979, -0.0, 0.0, 0.0, 0.0, 1.0],
                [0.999998, 0.000866, 0.001719, -0.0, -0.000579, 0.98698, -0.16084, 0.3, -0.001836, 0.160839, 0.986979, -0.0, 0.0, 0.0, 0.0, 1.0],
                [0.999998, 0.000866, 0.001719, -0.0, -0.000579, 0.98698, -0.16084, 0.3, -0.001836, 0.160839, 0.986979, -0.0, 0.0, 0.0, 0.0, 1.0]
            ]
        },
        {
            "name": "Tool_R",
            "time": [0.0, 0.0833, 0.2, 0.3833, 0.7],
            "transform": [
                [-0.018523, 0.076718, -0.996881, 0.0, 0.096293, -0.99228, -0.078153, 0.272858, -0.994591, -0.097394, 0.010985, 0.0, 0.0, 0.0, 0.0, 1.0],
                [-0.99519, 0.003971, -0.097885, 0.0, 0.012822, -0.985304, -0.170329, 0.272858, -0.097066, -0.170674, 0.979931, 0.0, 0.0, 0.0, 0.0, 1.0],
                [-0.10806, 0.720482, -0.685004, -0.0, 0.054373, -0.683724, -0.727713, 0.272858, -0.992068, -0.115821, 0.03468, 0.0, 0.0, 0.0, 0.0, 1.0],
                [0.038637, 0.763492, -0.644661, 0.0, 0.106509, -0.644614, -0.757053, 0.272858, -0.992972, -0.039396, -0.10617, 0.0, 0.0, 0.0, 0.0, 1.0],
                [0.038637, 0.763492, -0.644661, 0.0, 0.106509, -0.644614, -0.757053, 0.272858, -0.992972, -0.039396, -0.10617, 0.0, 0.0, 0.0, 0.0, 1.0]
            ]
        },
        {
            "name": "Elbow_R",
            "time": [0.0, 0.0833, 0.7],
            "transform": [
                [-1.0, 0.0, 0.0, -0.0, 0.0, 0.0, -1.0, 0.3, -0.0, -1.0, -0.0, 0.0, 0.0, 0.0, 0.0, 1.0],
                [-1.0, 0.0, -0.0, 0.0, 0.0, -0.0, -1.0, 0.334414, -0.0, -1.0, 0.0, -0.0, 0.0, 0.0, 0.0, 1.0],
                [-1.0, 0.0, -0.0, -0.0, 0.0, -0.0, -1.0, 0.329409, -0.0, -1.0, 0.0, -0.0, 0.0, 0.0, 0.0, 1.0]
            ]
        },
        {
            "name": "Shoulder_L",
            "time": [0.0, 0.0833, 0.2, 0.3833, 0.7],
            "transform": [
                [-0.287219, -0.916843, -0.277318, -0.0, -0.045102, -0.27625, 0.960027, 0.4, -0.956803, 0.288245, 0.037993, 0.0, 0.0, 0.0, 0.0, 1.0],
                [-0.145048, -0.945065, -0.29294, 0.0, -0.023675, -0.292671, 0.95592, 0.4, -0.989141, 0.145589, 0.020077, 0.0, 0.0, 0.0, 0.0, 1.0],
                [-0.008784, -0.952289, -0.305072, -0.0, -0.001515, -0.30507, 0.952329, 0.4, -0.99996, 0.008828, 0.001237, -0.0, 0.0, 0.0, 0.0, 1.0],
                [0.0, -0.952114, -0.305743, 0.0, 0.0, -0.305743, 0.952114, 0.4, -1.0, 0.0, 0.0, -0.0, 0.0, 0.0, 0.0, 1.0],
                [0.0, -0.952114, -0.305743, 0.0, 0.0, -0.305743, 0.952114, 0.4, -1.0, 0.0, 0.0, -0.0, 0.0, 0.0, 0.0, 1.0]
            ]
        },
        {
            "name": "Arm_L",
            "time": [0.0, 0.0833, 0.2, 0.3833, 0.7],
            "transform": [
                [0.791819, -0.496482, 0.355709, 0.0, -0.58313, -0.441372, 0.682019, 0.39386, -0.181609, -0.74746, -0.639001, -0.0, 0.0, 0.0, 0.0, 1.0],
                [0.119501, -0.700293, 0.703782, 0.0, -0.947889, 0.130392, 0.290695, 0.39386, -0.29534, -0.701846, -0.648218, 0.0, 0.0, 0.0, 0.0, 1.0],
                [-0.57724, -0.458058, 0.676001, 0.0, -0.74068, 0.642239, -0.197288, 0.39386, -0.343785, -0.614583, -0.71, -0.0, 0.0, 0.0, 0.0, 1.0],
                [-0.614501, -0.427763, 0.662878, -0.0, -0.709583, 0.666908, -0.227434, 0.39386, -0.34479, -0.610125, -0.713349, 0.0, 0.0, 0.0, 0.0, 1.0],
                [-0.614501, -0.427763, 0.662878, -0.0, -0.709583, 0.666908, -0.227434, 0.39386, -0.34479, -0.610125, -0.713349, 0.0, 0.0, 0.0, 0.0, 1.0]
            ]
        },
        {
            "name": "Hand_L",
            "time": [0.0, 0.7],
            "transform": [
                [0.999999, 0.001711, -7e-05, 0.0, -0.000616, 0.321333, -0.946967, 0.3, -0.001598, 0.946965, 0.321333, 0.0, 0.0, 0.0, 0.0, 1.0],
                [0.999999, 0.001711, -7e-05, 0.0, -0.000616, 0.321332, -0.946967, 0.3, -0.001598, 0.946965, 0.321333, 0.0, 0.0, 0.0, 0.0, 1.0]
            ]
        },
        {
            "name": "Tool_L",
            "time": [0.0, 0.7],
            "transform": [
                [1.0, 0.0, 0.0, 0.0, 0.0, -0.999835, 0.018122, 0.272858, 0.0, -0.018122, -0.999247, -0.0, 0.0, 0.0, 0.0, 1.0],
                [1.0, 0.0, 0.0, 0.0, 0.0, -0.999836, 0.018122, 0.272858, 0.0, -0.018122, -0.999248, 0.0, 0.0, 0.0, 0.0, 1.0]
            ]
        },
        {
            "name": "Elbow_L",
            "time": [0.0, 0.0833, 0.7],
            "transform": [
                [-1.0, 0.0, -0.0, 0.0, 0.0, -0.0, -1.0, 0.422536, -0.0, -1.0, 0.0, 0.0, 0.0, 0.0, 0.0, 1.0],
                [-1.0, 0.0, -0.0, 0.0, 0.0, -0.0, -1.0, 0.424101, -0.0, -1.0, 0.0, 0.0, 0.0, 0.0, 0.0, 1.0],
                [-1.0, 0.0, -0.0, 0.0, 0.0, 0.0, -1.0, 0.420764, -0.0, -1.0, -0.0, -0.0, 0.0, 0.0, 0.0, 1.0]
            ]
        }
    ]
}