{
    "animation": [
        {
            "name": "Root",
            "time": [0.0, 0.1167, 0.2333, 0.45],
            "transform": [
                [0.741512, -0.040675, 0.669705, -5e-06, 0.669878, 0.101001, -0.735569, -0.000578, -0.037721, 0.994054, 0.102141, 0.560112, 0.0, 0.0, 0.0, 1.0],
                [0.721881, -0.04204, 0.690739, -5e-06, 0.691433, 0.084815, -0.717444, -0.000961, -0.028424, 0.995509, 0.090294, 0.560112, 0.0, 0.0, 0.0, 1.0],
                [0.977863, 0.037059, -0.205938, -5e-06, -0.209236, 0.163757, -0.964056, 0.259358, -0.002003, 0.985804, 0.167886, 0.528116, 0.0, 0.0, 0.0, 1.0],
                [0.904198, 0.064118, -0.422274, -5e-06, -0.426877, 0.168633, -0.888448, 0.255943, 0.014244, 0.983591, 0.179848, 0.520248, 0.0, 0.0, 0.0, 1.0]
            ]
        },
        {
            "name": "Thigh_R",
            "time": [0.0, 0.1167, 0.2333, 0.45],
            "transform": [
                [0.717755, -0.450818, 0.53065, 0.151551, -0.019217, -0.774638, -0.632111, -0.004377, 0.69603, 0.443503, -0.564665, 0.0254, 0.0, 0.0, 0.0, 1.0],
                [0.704853, -0.474944, 0.526886, 0.154142, -0.030686, -0.762488, -0.646272, -0.004528, 0.708689, 0.439359, -0.552017, 0.027879, 0.0, 0.0, 0.0, 1.0],
                [0.86418, 0.19672, 0.463135, 0.154142, 0.375385, -0.864965, -0.333043, -0.004528, 0.33508, 0.461662, -0.821333, 0.027879, 0.0, 0.0, 0.0, 1.0],
                [0.841831, 0.377545, 0.385719, 0.154142, 0.472775, -0.860564, -0.189501, -0.004528, 0.26039, 0.341886, -0.902945, 0.027879, 0.0, 0.0, 0.0, 1.0]
            ]
        },
        {
            "name": "Leg_R",
            "time": [0.0, 0.1167, 0.2333, 0.45],
            "transform": [
                [1.0, 0.0, -0.0, -0.0, -0.0, 0.999942, 0.010653, 0.37472, 0.0, -0.010653, 0.999946, -0.0, 0.0, 0.0, 0.0, 1.0],
                [1.0, 0.0, -0.0, -0.0, -0.0, 0.999945, 0.010393, 0.37472, 0.0, -0.010393, 0.999949, -0.0, 0.0, 0.0, 0.0, 1.0],
                [1.0, -0.0, -1e-06, 0.0, 1e-06, 0.955197, 0.295968, 0.37472, 1e-06, -0.295966, 0.955201, -0.0, 0.0, 0.0, 0.0, 1.0],
                [1.0, -0.0, -0.0, 0.0, 0.0, 0.921572, 0.388206, 0.37472, 0.0, -0.388204, 0.921575, 0.0, 0.0, 0.0, 0.0, 1.0]
            ]
        },
        {
            "name": "Knee_R",
            "time": [0.0, 0.45],
            "transform": [
                [1.0, 0.0, -0.0, -0.0, -0.0, 1e-06, -1.0, 0.37472, -0.0, 1.0, 1e-06, -0.0, 0.0, 0.0, 0.0, 1.0],
                [1.0, 0.0, -0.0, 0.0, -0.0, 1e-06, -1.0, 0.37472, -0.0, 1.0, 1e-06, 0.0, 0.0, 0.0, 0.0, 1.0]
            ]
        },
        {
            "name": "Thigh_L",
            "time": [0.0, 0.1167, 0.2333, 0.45],
            "transform": [
                [0.729733, 0.619581, 0.289149, -0.144145, -0.043386, -0.380084, 0.923934, -0.001716, 0.682353, -0.68677, -0.250479, -0.018325, 0.0, 0.0, 0.0, 1.0],
                [0.710013, 0.634608, 0.305208, -0.146013, -0.044002, -0.392588, 0.918661, -0.001607, 0.702811, -0.665691, -0.250819, -0.020112, 0.0, 0.0, 0.0, 1.0],
                [0.986324, -0.146285, -0.075919, -0.146013, 0.042168, -0.221323, 0.974289, -0.001608, -0.159326, -0.964165, -0.212129, -0.020112, 0.0, 0.0, 0.0, 1.0],
                [0.918326, -0.378348, -0.116312, -0.146013, 0.0525, -0.174828, 0.983198, -0.001608, -0.392326, -0.909003, -0.140686, -0.020112, 0.0, 0.0, 0.0, 1.0]
            ]
        },
        {
            "name": "Leg_L",
            "time": [0.0, 0.1167, 0.2333, 0.45],
            "transform": [
                [0.999957, -0.0, 0.009322, 0.0, -0.007862, 0.537333, 0.843333, 0.37472, -0.005009, -0.84337, 0.53731, 0.0, 0.0, 0.0, 0.0, 1.0],
                [1.0, -1e-06, 0.000982, 0.0, -0.000825, 0.541692, 0.840577, 0.37472, -0.000532, -0.840577, 0.541691, -0.0, 0.0, 0.0, 0.0, 1.0],
                [1.0, -1e-06, 1e-06, 0.0, -1e-06, 0.529569, 0.848266, 0.37472, -1e-06, -0.848267, 0.529569, 0.0, 0.0, 0.0, 0.0, 1.0],
                [0.999989, -1e-06, 0.004659, 0.0, -0.00424, 0.414412, 0.910079, 0.37472, -0.001932, -0.910089, 0.414408, -0.0, 0.0, 0.0, 0.0, 1.0]
            ]
        },
        {
            "name": "Knee_L",
            "time": [0.0, 0.45],
            "transform": [
                [1.0, 0.0, -0.0, 0.0, -0.0, 1e-06, -1.0, 0.417519, -0.0, 1.0, 1e-06, 0.0, 0.0, 0.0, 0.0, 1.0],
                [1.0, 0.0, -0.0, 0.0, -0.0, 1e-06, -1.0, 0.417519, -0.0, 1.0, 1e-06, -0.0, 0.0, 0.0, 0.0, 1.0]
            ]
        },
        {
            "name": "Torso",
            "time": [0.0, 0.45],
            "transform": [
                [1.0, -0.0, -0.0, 0.0, 0.0, 1.0, 0.0, 0.05, 0.0, 0.0, 1.0, -0.0, 0.0, 0.0, 0.0, 1.0],
                [1.0, 0.0, 0.0, 0.0, 0.0, 1.0, -0.0, 0.05, -0.0, 0.0, 1.0, 0.0, 0.0, 0.0, 0.0, 1.0]
            ]
        },
        {
            "name": "Chest",
            "time": [0.0, 0.1167, 0.2333, 0.45],
            "transform": [
                [0.992825, -0.11958, 0.000221, -0.0, 0.11867, 0.985043, -0.12493, 0.3, 0.014721, 0.12406, 0.992166, 0.0, 0.0, 0.0, 0.0, 1.0],
                [0.991363, -0.131146, 0.001045, -0.0, 0.130051, 0.981995, -0.13701, 0.3, 0.016942, 0.135962, 0.990569, 0.0, 0.0, 0.0, 0.0, 1.0],
                [0.999663, -0.025929, -0.001226, 0.0, 0.025886, 0.999298, -0.02709, 0.3, 0.001927, 0.027049, 0.999632, 0.0, 0.0, 0.0, 0.0, 1.0],
                [1.0, -0.0, 0.0, 0.0, 0.0, 1.0, -0.0, 0.3, 0.0, 0.0, 1.0, -0.0, 0.0, 0.0, 0.0, 1.0]
            ]
        },
        {
            "name": "Head",
            "time": [0.0, 0.1167, 0.2333, 0.45],
            "transform": [
                [0.737231, -0.010352, -0.675562, -0.0, -0.026407, 0.998677, -0.04412, 0.4, 0.675125, 0.050366, 0.735982, -0.0, 0.0, 0.0, 0.0, 1.0],
                [0.713672, -0.001857, -0.700478, -0.0, -0.027268, 0.999165, -0.03043, 0.4, 0.699949, 0.040817, 0.713025, 0.0, 0.0, 0.0, 0.0, 1.0],
                [0.987106, -0.005688, 0.159969, -0.0, 0.030133, 0.988104, -0.150806, 0.4, -0.157209, 0.153682, 0.975534, 0.0, 0.0, 0.0, 0.0, 1.0],
                [0.927635, 0.008794, 0.373384, -0.0, 0.05814, 0.984136, -0.167622, 0.4, -0.368935, 0.1772, 0.912408, 0.0, 0.0, 0.0, 0.0, 1.0]
            ]
        },
        {
            "name": "Shoulder_R",
            "time": [0.0, 0.1167, 0.2333, 0.45],
            "transform": [
                [0.103355, 0.947009, 0.304124, -0.0, -0.000375, -0.305725, 0.95212, 0.4, 0.994644, -0.09852, -0.031242, -0.0, 0.0, 0.0, 0.0, 1.0],
                [0.0, 0.952114, 0.305743, -0.0, 0.0, -0.305743, 0.952114, 0.4, 1.0, -0.0, -0.0, 0.0, 0.0, 0.0, 0.0, 1.0],
                [-0.300207, 0.89078, 0.341155, -0.0, 0.012265, -0.354018, 0.935158, 0.4, 0.953795, 0.284926, 0.095353, 0.0, 0.0, 0.0, 0.0, 1.0],
                [-0.350718, 0.869583, 0.347595, -0.0, 0.016721, -0.365297, 0.930741, 0.4, 0.936332, 0.33224, 0.113576, 0.0, 0.0, 0.0, 0.0, 1.0]
            ]
        },
        {
            "name": "Arm_R",
            "time": [0.0, 0.1167, 0.2333, 0.45],
            "transform": [
                [-0.067886, -0.841252, -0.536364, -0.0, -0.218737, 0.537074, -0.814681, 0.393861, 0.973419, 0.062017, -0.220473, 0.0, 0.0, 0.0, 0.0, 1.0],
                [0.012156, -0.836067, -0.548493, 0.0, -0.341801, 0.512018, -0.788042, 0.393861, 0.939694, 0.197054, -0.279544, -0.0, 0.0, 0.0, 0.0, 1.0],
                [0.01499, -0.389109, -0.921069, -0.0, -0.248154, 0.890905, -0.380405, 0.39386, 0.968605, 0.23427, -0.083205, -0.0, 0.0, 0.0, 0.0, 1.0],
                [0.020462, -0.25884, -0.965703, -0.0, -0.219958, 0.941075, -0.256899, 0.393861, 0.975295, 0.217671, -0.037677, 0.0, 0.0, 0.0, 0.0, 1.0]
            ]
        },
        {
            "name": "Hand_R",
            "time": [0.0, 0.1167, 0.2333, 0.45],
            "transform": [
                [1.0, 0.0, 0.0, 0.0, 0.0, 0.402863, -0.915261, 0.3, -0.0, 0.915261, 0.402863, 0.0, 0.0, 0.0, 0.0, 1.0],
                [1.0, 0.0, 0.0, 0.0, 0.0, 0.402863, -0.91526, 0.3, -0.0, 0.915261, 0.402863, -0.0, 0.0, 0.0, 0.0, 1.0],
                [0.999992, -0.003754, -0.001137, -0.0, 0.002953, 0.911289, -0.411758, 0.3, 0.002582, 0.411751, 0.911293, -0.0, 0.0, 0.0, 0.0, 1.0],
                [0.999988, -0.004461, -0.001793, 0.0, 0.003884, 0.969349, -0.245656, 0.3, 0.002834, 0.245646, 0.969356, -0.0, 0.0, 0.0, 0.0, 1.0]
            ]
        },
        {
            "name": "Tool_R",
            "time": [0.0, 0.1167, 0.2333, 0.45],
            "transform": [
                [0.99459, 0.040292, -0.095746, -0.0, -0.001923, -0.914415, -0.404774, 0.272858, -0.1038, 0.402521, -0.908856, 0.0, 0.0, 0.0, 0.0, 1.0],
                [0.999453, -0.027234, 0.01877, 0.0, -0.015787, -0.891461, -0.452822, 0.272858, 0.029048, 0.452001, -0.89088, 0.0, 0.0, 0.0, 0.0, 1.0],
                [0.999453, -0.025926, 0.020542, -0.0, -0.000912, -0.642393, -0.766375, 0.272858, 0.033046, 0.765477, -0.641693, -0.0, 0.0, 0.0, 0.0, 1.0],
                [0.999478, -0.025119, 0.020347, -0.0, 0.002128, -0.57694, -0.816784, 0.272858, 0.032237, 0.815911, -0.576253, -0.0, 0.0, 0.0, 0.0, 1.0]
            ]
        },
        {
            "name": "Elbow_R",
            "time": [0.0, 0.45],
            "transform": [
                [-1.0, 0.0, -0.0, 0.0, 0.0, -0.0, -1.0, 0.3, -0.0, -1.0, 0.0, 0.0, 0.0, 0.0, 0.0, 1.0],
                [-1.0, 0.0, -0.0, 0.0, 0.0, -0.0, -1.0, 0.3, -0.0, -1.0, 0.0, -0.0, 0.0, 0.0, 0.0, 1.0]
            ]
        },
        {
            "name": "Shoulder_L",
            "time": [0.0, 0.1167, 0.2333, 0.45],
            "transform": [
                [0.973183, -0.160184, 0.165094, -0.0, -0.153734, 0.080978, 0.984788, 0.4, -0.171116, -0.98376, 0.05418, -0.0, 0.0, 0.0, 0.0, 1.0],
                [0.988242, -0.115063, 0.100688, -0.0, -0.08975, 0.096589, 0.991269, 0.4, -0.123784, -0.988651, 0.085127, 0.0, 0.0, 0.0, 0.0, 1.0],
                [-0.096057, -0.948696, -0.301246, -0.0, 0.062367, -0.307787, 0.949409, 0.4, -0.99342, 0.07241, 0.088733, 0.0, 0.0, 0.0, 0.0, 1.0],
                [-0.417769, -0.839156, -0.348262, -0.0, -0.010682, -0.378752, 0.925436, 0.4, -0.90849, 0.390339, 0.149267, 0.0, 0.0, 0.0, 0.0, 1.0]
            ]
        },
        {
            "name": "Arm_L",
            "time": [0.0, 0.1167, 0.2333, 0.45],
            "transform": [
                [0.337445, 0.929806, -0.146939, -0.0, -0.2635, -0.056556, -0.963, 0.39386, -0.903714, 0.363678, 0.225919, -0.0, 0.0, 0.0, 0.0, 1.0],
                [0.337445, 0.929806, -0.146939, 0.0, -0.2635, -0.056555, -0.963, 0.39386, -0.903714, 0.363678, 0.225919, -0.0, 0.0, 0.0, 0.0, 1.0],
                [0.055836, 0.43393, 0.899215, -0.0, -0.185531, 0.889443, -0.417694, 0.39386, -0.981051, -0.14351, 0.13017, 0.0, 0.0, 0.0, 0.0, 1.0],
                [-0.010656, 0.162317, 0.986681, -0.0, -0.218337, 0.96255, -0.160705, 0.39386, -0.975816, -0.217141, 0.025183, 0.0, 0.0, 0.0, 0.0, 1.0]
            ]
        },
        {
            "name": "Hand_L",
            "time": [0.0, 0.1167, 0.2333, 0.45],
            "transform": [
                [0.999996, 0.002585, -0.001231, 0.0, -0.002777, 0.771412, -0.63633, 0.3, -0.000695, 0.636331, 0.771417, 0.0, 0.0, 0.0, 0.0, 1.0],
                [0.999996, 0.002584, -0.001231, 0.0, -0.002777, 0.771413, -0.63633, 0.3, -0.000695, 0.636331, 0.771417, -0.0, 0.0, 0.0, 0.0, 1.0],
                [0.999998, 0.001651, -0.001294, -0.0, -0.001883, 0.435251, -0.900308, 0.3, -0.000923, 0.900308, 0.435253, 0.0, 0.0, 0.0, 0.0, 1.0],
                [0.999998, 0.001425, -0.001248, -0.0, -0.001656, 0.33835, -0.941019, 0.3, -0.000919, 0.941019, 0.338352, 0.0, 0.0, 0.0, 0.0, 1.0]
            ]
        },
        {
            "name": "Tool_L",
            "time": [0.0, 0.45],
            "transform": [
                [1.0, 0.0, 0.0, -0.0, 0.0, -0.999835, 0.018122, 0.272858, 0.0, -0.018122, -0.999247, -0.0, 0.0, 0.0, 0.0, 1.0],
                [1.0, 0.0, 0.0, 0.0, 0.0, -0.999836, 0.018122, 0.272858, 0.0, -0.018122, -0.999248, -0.0, 0.0, 0.0, 0.0, 1.0]
            ]
        },
        {
            "name": "Elbow_L",
            "time": [0.0, 0.45],
            "transform": [
                [-1.0, 0.0, -0.0, 0.0, 0.0, -0.0, -1.0, 0.422536, -0.0, -1.0, 0.0, 0.0, 0.0, 0.0, 0.0, 1.0],
                [-1.0, 0.0, -0.0, -0.0, 0.0, -0.0, -1.0, 0.422536, -0.0, -1.0, -0.0, 0.0, 0.0, 0.0, 0.0, 1.0]
            ]
        }
    ]
}