{
    "animation": [
        {
            "name": "Root",
            "time": [0.0, 0.1, 0.3, 0.4167, 0.4833, 0.6, 0.8, 1.1667],
            "transform": [
                [0.714243, 0.119059, -0.689697, -5e-06, -0.699525, 0.089277, -0.709009, 0.002107, -0.02284, 0.988865, 0.147051, 0.678382, 0.0, 0.0, 0.0, 1.0],
                [0.504091, 0.275179, -0.818639, -5e-06, -0.863628, 0.153686, -0.480133, 0.312114, -0.006309, 0.94903, 0.315124, 0.588828, 0.0, 0.0, 0.0, 1.0],
                [0.462678, 0.303978, -0.832783, -5e-06, -0.886526, 0.160206, -0.434059, 0.381011, 0.001472, 0.939112, 0.343608, 0.572545, 0.0, 0.0, 0.0, 1.0],
                [1.0, 0.0, 0.0, -5e-06, 0.0, 0.0, -1.0, 0.463283, 0.0, 1.0, 0.0, 0.572545, 0.0, 0.0, 0.0, 1.0],
                [0.805619, -0.022608, 0.592002, -5e-06, 0.592331, 0.012081, -0.805604, 0.925162, 0.011061, 0.999671, 0.023124, 0.757103, 0.0, 0.0, 0.0, 1.0],
                [0.597227, -0.026852, 0.801623, -5e-06, 0.80166, -0.012085, -0.597659, 1.097833, 0.025735, 0.999566, 0.014308, 0.726834, 0.0, 0.0, 0.0, 1.0],
                [-0.26616, 0.005492, 0.963913, -5e-06, 0.963364, -0.032724, 0.266195, 1.218048, 0.033005, 0.999449, 0.00342, 0.572545, 0.0, 0.0, 0.0, 1.0],
                [-0.26616, 0.005492, 0.963913, -5e-06, 0.963364, -0.032724, 0.266195, 1.218048, 0.033005, 0.999449, 0.00342, 0.572545, 0.0, 0.0, 0.0, 1.0]
            ]
        },
        {
            "name": "Thigh_R",
            "time": [0.0, 0.1, 0.3, 0.4167, 0.4833, 0.6, 0.7333, 0.8, 1.1667],
            "transform": [
                [0.953744, 0.180054, -0.240735, 0.124994, 0.266424, -0.877195, 0.399433, -0.002831, -0.139252, -0.445093, -0.88459, -1.2e-05, 0.0, 0.0, 0.0, 1.0],
                [0.837392, 0.342909, -0.425662, 0.124994, 0.521843, -0.733262, 0.435895, -0.002831, -0.16265, -0.587144, -0.792972, -1.2e-05, 0.0, 0.0, 0.0, 1.0],
                [0.789212, 0.434523, -0.433974, 0.124994, 0.590996, -0.729473, 0.34437, -0.002831, -0.166936, -0.528258, -0.832511, -1.2e-05, 0.0, 0.0, 0.0, 1.0],
                [0.788232, 0.134531, 0.600492, 0.124994, 0.432353, -0.815458, -0.384834, -0.002831, 0.437904, 0.562963, -0.700935, -1.2e-05, 0.0, 0.0, 0.0, 1.0],
                [0.695938, 0.507252, 0.508296, 0.124994, 0.241836, -0.832041, 0.499221, -0.002831, 0.676155, -0.224502, -0.701721, -1.2e-05, 0.0, 0.0, 0.0, 1.0],
                [0.663765, 0.651758, 0.366915, 0.124994, 0.224319, -0.641456, 0.73363, -0.002831, 0.71351, -0.404652, -0.571978, -1.2e-05, 0.0, 0.0, 0.0, 1.0],
                [0.628106, 0.664037, 0.405632, 0.124994, 0.410791, -0.725702, 0.551911, -0.002831, 0.660858, -0.180028, -0.728598, -1.1e-05, 0.0, 0.0, 0.0, 1.0],
                [0.631333, 0.717301, 0.294782, 0.124994, 0.501138, -0.667436, 0.550808, -0.002831, 0.591844, -0.200016, -0.780841, -1.1e-05, 0.0, 0.0, 0.0, 1.0],
                [0.631333, 0.717301, 0.294782, 0.124994, 0.501138, -0.667436, 0.550808, -0.002831, 0.591844, -0.200016, -0.780841, -1.1e-05, 0.0, 0.0, 0.0, 1.0]
            ]
        },
        {
            "name": "Leg_R",
            "time": [0.0, 0.1, 0.3, 0.4167, 0.4833, 0.6, 0.7333, 0.8, 1.1667],
            "transform": [
                [1.0, -1e-06, 3e-06, -0.0, -2e-06, 0.661377, 0.750054, 0.37472, -2e-06, -0.750054, 0.661377, -0.0, 0.0, 0.0, 0.0, 1.0],
                [1.0, -1e-06, 2e-06, -0.0, -1e-06, 0.574242, 0.818686, 0.37472, -2e-06, -0.818685, 0.574242, -0.0, 0.0, 0.0, 0.0, 1.0],
                [1.0, -1e-06, 2e-06, 0.0, -1e-06, 0.684838, 0.728695, 0.37472, -2e-06, -0.728695, 0.684838, 0.0, 0.0, 0.0, 0.0, 1.0],
                [1.0, 0.0, 2.7e-05, -0.0, -8e-06, 0.957281, 0.289157, 0.37472, -2.6e-05, -0.289157, 0.957282, 0.0, 0.0, 0.0, 0.0, 1.0],
                [1.0, -1e-06, 3e-05, -0.0, -3e-05, 0.179188, 0.983815, 0.37472, -6e-06, -0.983815, 0.179188, 0.0, 0.0, 0.0, 0.0, 1.0],
                [1.0, -1e-06, 8.1e-05, -0.0, -8e-05, 0.187961, 0.982176, 0.37472, -1.6e-05, -0.982176, 0.187961, 0.0, 0.0, 0.0, 0.0, 1.0],
                [1.0, -0.0, 0.000314, 0.0, -0.000121, 0.922546, 0.385886, 0.37472, -0.00029, -0.385886, 0.922546, 0.0, 0.0, 0.0, 0.0, 1.0],
                [1.0, -0.0, 0.000302, -0.0, -0.00019, 0.776743, 0.629817, 0.37472, -0.000235, -0.629817, 0.776743, -0.0, 0.0, 0.0, 0.0, 1.0],
                [1.0, -0.0, 0.000302, -0.0, -0.00019, 0.776743, 0.629817, 0.37472, -0.000235, -0.629817, 0.776743, -0.0, 0.0, 0.0, 0.0, 1.0]
            ]
        },
        {
            "name": "Knee_R",
            "time": [0.0, 0.1, 0.3, 0.4167, 0.4833, 0.6, 0.8, 1.1667],
            "transform": [
                [1.0, 0.0, -0.0, -0.0, -0.0, 1e-06, -1.0, 0.410761, -0.0, 1.0, 1e-06, -0.0, 0.0, 0.0, 0.0, 1.0],
                [1.0, 0.0, -0.0, 0.0, -0.0, 1e-06, -1.0, 0.41797, -0.0, 1.0, 1e-06, -0.0, 0.0, 0.0, 0.0, 1.0],
                [1.0, 0.0, -0.0, 0.0, -0.0, 1e-06, -1.0, 0.406256, -0.0, 1.0, 1e-06, -0.0, 0.0, 0.0, 0.0, 1.0],
                [1.0, 0.0, -0.0, -0.0, -0.0, 1e-06, -1.0, 0.369314, -0.0, 1.0, 1e-06, 0.0, 0.0, 0.0, 0.0, 1.0],
                [1.0, 0.0, -0.0, -0.0, -0.0, 1e-06, -1.0, 0.456714, -0.0, 1.0, 1e-06, 0.0, 0.0, 0.0, 0.0, 1.0],
                [1.0, 0.0, -0.0, -0.0, -0.0, 1e-06, -1.0, 0.447726, -0.0, 1.0, 1e-06, 0.0, 0.0, 0.0, 0.0, 1.0],
                [1.0, 0.0, -0.0, -0.0, -0.0, 1e-06, -1.0, 0.402652, -0.0, 1.0, 1e-06, -0.0, 0.0, 0.0, 0.0, 1.0],
                [1.0, 0.0, -0.0, -0.0, -0.0, 1e-06, -1.0, 0.402652, -0.0, 1.0, 1e-06, -0.0, 0.0, 0.0, 0.0, 1.0]
            ]
        },
        {
            "name": "Thigh_L",
            "time": [0.0, 0.1, 0.3, 0.4167, 0.4833, 0.6, 0.8, 1.1667],
            "transform": [
                [0.669859, -0.605333, -0.429953, -0.125006, 0.082614, -0.51471, 0.853374, -0.002831, -0.737877, -0.607161, -0.294775, -1.2e-05, 0.0, 0.0, 0.0, 1.0],
                [0.418173, -0.776924, -0.470658, -0.125006, 0.238716, -0.405932, 0.882175, -0.002831, -0.876439, -0.481256, 0.015713, -1.2e-05, 0.0, 0.0, 0.0, 1.0],
                [0.37241, -0.822028, -0.430789, -0.125006, 0.257214, -0.354574, 0.898953, -0.002831, -0.891712, -0.445584, 0.07939, -1.2e-05, 0.0, 0.0, 0.0, 1.0],
                [0.915176, -0.201364, -0.349148, -0.125006, 0.207813, -0.506496, 0.836824, -0.002831, -0.345349, -0.838398, -0.421688, -1.2e-05, 0.0, 0.0, 0.0, 1.0],
                [0.996751, -0.080535, -0.000268, -0.125006, -0.079826, -0.988407, 0.129143, -0.002831, -0.010665, -0.128702, -0.991626, -1.2e-05, 0.0, 0.0, 0.0, 1.0],
                [0.950383, -0.253612, 0.180145, -0.125006, -0.265389, -0.963127, 0.044191, -0.002831, 0.162296, -0.089807, -0.982647, -1.2e-05, 0.0, 0.0, 0.0, 1.0],
                [0.780666, -0.043657, 0.623421, -0.125006, -0.509537, -0.622047, 0.594497, -0.002831, 0.361844, -0.78176, -0.507857, -1.1e-05, 0.0, 0.0, 0.0, 1.0],
                [0.780666, -0.043657, 0.623421, -0.125006, -0.509537, -0.622047, 0.594497, -0.002831, 0.361844, -0.78176, -0.507857, -1.1e-05, 0.0, 0.0, 0.0, 1.0]
            ]
        },
        {
            "name": "Leg_L",
            "time": [0.0, 0.1, 0.3, 0.4167, 0.4833, 0.6, 0.8, 1.1667],
            "transform": [
                [1.0, -1e-06, 5e-06, 0.0, -4e-06, 0.290306, 0.956934, 0.37472, -2e-06, -0.956933, 0.290307, 0.0, 0.0, 0.0, 0.0, 1.0],
                [1.0, -1e-06, 4e-06, 0.0, -3e-06, 0.550525, 0.834819, 0.37472, -3e-06, -0.834819, 0.550525, -0.0, 0.0, 0.0, 0.0, 1.0],
                [1.0, -1e-06, 1e-06, 0.0, -1e-06, 0.452859, 0.891583, 0.37472, -1e-06, -0.891582, 0.452859, 0.0, 0.0, 0.0, 0.0, 1.0],
                [1.0, -1e-06, 1.4e-05, 0.0, -1.2e-05, 0.501414, 0.865208, 0.37472, -8e-06, -0.865207, 0.501415, -0.0, 0.0, 0.0, 0.0, 1.0],
                [1.0, -0.0, 1.5e-05, 0.0, -4e-06, 0.959001, 0.283402, 0.37472, -1.4e-05, -0.283402, 0.959002, 0.0, 0.0, 0.0, 0.0, 1.0],
                [1.0, -0.0, 2.6e-05, 0.0, -9e-06, 0.932108, 0.362181, 0.37472, -2.4e-05, -0.362181, 0.932108, -0.0, 0.0, 0.0, 0.0, 1.0],
                [1.0, -1e-06, -1.5e-05, -0.0, 1.4e-05, 0.424371, 0.905489, 0.37472, 6e-06, -0.905489, 0.424371, -0.0, 0.0, 0.0, 0.0, 1.0],
                [1.0, -1e-06, -1.5e-05, -0.0, 1.4e-05, 0.424371, 0.905489, 0.37472, 6e-06, -0.905489, 0.424371, -0.0, 0.0, 0.0, 0.0, 1.0]
            ]
        },
        {
            "name": "Knee_L",
            "time": [0.0, 0.1, 0.3, 0.4167, 0.4833, 0.6, 0.8, 1.1667],
            "transform": [
                [1.0, 0.0, -0.0, 0.0, -0.0, 1e-06, -1.0, 0.447704, -0.0, 1.0, 1e-06, 0.0, 0.0, 0.0, 0.0, 1.0],
                [1.0, 0.0, -0.0, 0.0, -0.0, 1e-06, -1.0, 0.41797, -0.0, 1.0, 1e-06, -0.0, 0.0, 0.0, 0.0, 1.0],
                [1.0, 0.0, -0.0, 0.0, -0.0, 1e-06, -1.0, 0.431034, -0.0, 1.0, 1e-06, 0.0, 0.0, 0.0, 0.0, 1.0],
                [1.0, 0.0, -0.0, 0.0, -0.0, 1e-06, -1.0, 0.427385, -0.0, 1.0, 1e-06, -0.0, 0.0, 0.0, 0.0, 1.0],
                [1.0, 0.0, -0.0, 0.0, -0.0, 1e-06, -1.0, 0.37472, -0.0, 1.0, 1e-06, 0.0, 0.0, 0.0, 0.0, 1.0],
                [1.0, 0.0, -0.0, 0.0, -0.0, 1e-06, -1.0, 0.377744, -0.0, 1.0, 1e-06, -0.0, 0.0, 0.0, 0.0, 1.0],
                [1.0, 0.0, -0.0, -0.0, -0.0, 1e-06, -1.0, 0.430584, -0.0, 1.0, 1e-06, -0.0, 0.0, 0.0, 0.0, 1.0],
                [1.0, 0.0, -0.0, -0.0, -0.0, 1e-06, -1.0, 0.430584, -0.0, 1.0, 1e-06, -0.0, 0.0, 0.0, 0.0, 1.0]
            ]
        },
        {
            "name": "Torso",
            "time": [0.0, 0.1, 0.3, 0.4833, 1.1667],
            "transform": [
                [0.99978, -0.020971, -0.000197, 0.0, 0.020971, 0.999603, 0.01883, 0.05, -0.000198, -0.01883, 0.999823, -0.0, 0.0, 0.0, 0.0, 1.0],
                [0.99978, -0.020971, -0.000197, -0.0, 0.020971, 0.999603, 0.018833, 0.05, -0.000198, -0.018833, 0.999823, 0.0, 0.0, 0.0, 0.0, 1.0],
                [0.99978, -0.020971, -0.000198, 0.0, 0.020971, 0.999603, 0.018833, 0.05, -0.000198, -0.018833, 0.999823, -0.0, 0.0, 0.0, 0.0, 1.0],
                [1.0, -0.0, 0.0, -0.0, 0.0, 1.0, -0.0, 0.05, -0.0, 0.0, 1.0, -0.0, 0.0, 0.0, 0.0, 1.0],
                [1.0, 0.0, -0.0, -0.0, -0.0, 1.0, -0.0, 0.05, 0.0, -0.0, 1.0, 0.0, 0.0, 0.0, 0.0, 1.0]
            ]
        },
        {
            "name": "Chest",
            "time": [0.0, 0.1, 0.3, 0.4833, 0.6, 0.8, 1.1667],
            "transform": [
                [0.980464, -0.039142, -0.192764, 0.0, 0.066181, 0.98851, 0.135898, 0.3, 0.18523, -0.146, 0.971789, -0.0, 0.0, 0.0, 0.0, 1.0],
                [0.913158, -0.028573, -0.406602, -0.0, 0.143186, 0.956451, 0.25436, 0.3, 0.381627, -0.290491, 0.877483, 0.0, 0.0, 0.0, 0.0, 1.0],
                [0.896207, -0.023153, -0.443032, -0.0, 0.159569, 0.948626, 0.273215, 0.3, 0.413946, -0.315551, 0.85386, 0.0, 0.0, 0.0, 0.0, 1.0],
                [0.969627, 0.012397, 0.244276, -0.0, -0.008245, 0.999804, -0.018011, 0.3, -0.244451, 0.01545, 0.969539, -0.0, 0.0, 0.0, 0.0, 1.0],
                [0.968244, 0.01298, 0.249669, 0.0, -0.007726, 0.999728, -0.022016, 0.3, -0.249887, 0.019388, 0.968081, 0.0, 0.0, 0.0, 0.0, 1.0],
                [0.966514, 0.013716, 0.256249, 0.0, -0.00708, 0.999616, -0.026801, 0.3, -0.256518, 0.024089, 0.966239, 0.0, 0.0, 0.0, 0.0, 1.0],
                [0.966514, 0.013716, 0.256249, 0.0, -0.00708, 0.999616, -0.026801, 0.3, -0.256518, 0.024089, 0.966239, 0.0, 0.0, 0.0, 0.0, 1.0]
            ]
        },
        {
            "name": "Head",
            "time": [0.0, 0.1, 0.3, 0.4833, 0.6, 0.8, 1.1667],
            "transform": [
                [0.774052, -0.010697, 0.633032, -0.0, 0.075325, 0.994312, -0.075302, 0.4, -0.628626, 0.105971, 0.770454, -0.0, 0.0, 0.0, 0.0, 1.0],
                [0.660226, -0.056271, 0.748956, -0.0, 0.17031, 0.98243, -0.076322, 0.4, -0.731502, 0.177944, 0.65821, -0.0, 0.0, 0.0, 0.0, 1.0],
                [0.637321, -0.063209, 0.768002, 0.0, 0.187341, 0.979439, -0.074853, 0.4, -0.74748, 0.191583, 0.636058, -0.0, 0.0, 0.0, 0.0, 1.0],
                [0.669297, 0.013528, -0.742871, -0.0, -0.0016, 0.999858, 0.016766, 0.4, 0.742993, -0.010033, 0.669224, -0.0, 0.0, 0.0, 0.0, 1.0],
                [0.532651, 0.022996, -0.846022, -0.0, 0.011148, 0.999353, 0.034183, 0.4, 0.846261, -0.02764, 0.53205, 0.0, 0.0, 0.0, 0.0, 1.0],
                [0.255558, 0.042378, -0.965864, -0.0, 0.052388, 0.996964, 0.057603, 0.4, 0.965373, -0.065321, 0.252562, 0.0, 0.0, 0.0, 0.0, 1.0],
                [0.255558, 0.042378, -0.965864, -0.0, 0.052388, 0.996964, 0.057603, 0.4, 0.965373, -0.065321, 0.252562, 0.0, 0.0, 0.0, 0.0, 1.0]
            ]
        },
        {
            "name": "Shoulder_R",
            "time": [0.0, 0.1, 0.3, 0.5167, 0.8, 1.1667],
            "transform": [
                [-0.154684, 0.93047, 0.33211, -0.0, 0.031365, -0.331362, 0.942982, 0.4, 0.987466, 0.156281, 0.022072, -0.0, 0.0, 0.0, 0.0, 1.0],
                [-0.482738, 0.80481, 0.345318, -0.0, 0.087083, -0.348237, 0.933353, 0.4, 0.871424, 0.480637, 0.098022, -0.0, 0.0, 0.0, 0.0, 1.0],
                [-0.605083, 0.723703, 0.331856, 0.0, 0.098972, -0.345213, 0.933291, 0.4, 0.789986, 0.597564, 0.137256, -0.0, 0.0, 0.0, 0.0, 1.0],
                [-0.556332, 0.792837, 0.248804, -0.0, -0.005376, -0.302846, 0.953024, 0.4, 0.830943, 0.52886, 0.172745, -0.0, 0.0, 0.0, 0.0, 1.0],
                [0.23689, 0.921134, 0.30886, -0.0, -0.024679, -0.312101, 0.949728, 0.4, 0.971223, -0.232603, -0.051201, 0.0, 0.0, 0.0, 0.0, 1.0],
                [0.23689, 0.921134, 0.30886, -0.0, -0.024679, -0.312101, 0.949728, 0.4, 0.971223, -0.232603, -0.051201, 0.0, 0.0, 0.0, 0.0, 1.0]
            ]
        },
        {
            "name": "Arm_R",
            "time": [0.0, 0.1, 0.3, 0.5167, 0.8, 1.1667],
            "transform": [
                [0.070157, 0.183491, -0.980515, -0.0, 0.833197, 0.529702, 0.158743, 0.39386, 0.548509, -0.828098, -0.115722, -0.0, 0.0, 0.0, 0.0, 1.0],
                [0.102072, 0.394726, -0.913111, 0.0, 0.619851, 0.692692, 0.368731, 0.393861, 0.778053, -0.60363, -0.173967, 0.0, 0.0, 0.0, 0.0, 1.0],
                [0.198118, 0.468033, -0.861216, 0.0, 0.530369, 0.687709, 0.495748, 0.39386, 0.824293, -0.554979, -0.111982, 0.0, 0.0, 0.0, 0.0, 1.0],
                [0.789863, 0.613246, 0.006749, 0.0, -0.490385, 0.624932, 0.607439, 0.39386, 0.368292, -0.483103, 0.794337, 0.0, 0.0, 0.0, 0.0, 1.0],
                [-0.249962, -0.892568, 0.375288, 0.0, 0.487586, 0.218827, 0.845207, 0.393861, -0.836528, 0.394255, 0.380505, 0.0, 0.0, 0.0, 0.0, 1.0],
                [-0.249962, -0.892568, 0.375288, -0.0, 0.487586, 0.218827, 0.845207, 0.393861, -0.836528, 0.394255, 0.380505, 0.0, 0.0, 0.0, 0.0, 1.0]
            ]
        },
        {
            "name": "Hand_R",
            "time": [0.0, 0.1, 0.3, 0.5167, 0.8, 1.1667],
            "transform": [
                [0.999978, 0.002533, 0.00619, -0.0, -0.000928, 0.969087, -0.246719, 0.3, -0.006624, 0.246707, 0.969067, -0.0, 0.0, 0.0, 0.0, 1.0],
                [0.999969, 0.004115, 0.006734, 0.0, -0.000215, 0.867159, -0.498032, 0.3, -0.007889, 0.498015, 0.867133, 0.0, 0.0, 0.0, 0.0, 1.0],
                [1.0, -0.000765, 6.3e-05, -0.0, 0.000678, 0.841684, -0.539971, 0.3, 0.00036, 0.539971, 0.841684, -0.0, 0.0, 0.0, 0.0, 1.0],
                [1.0, -5.7e-05, -0.000184, -0.0, -5.1e-05, 0.841734, -0.539893, 0.3, 0.000186, 0.539893, 0.841734, -0.0, 0.0, 0.0, 0.0, 1.0],
                [1.0, 0.0, 0.0, -0.0, 0.0, 0.993938, 0.109947, 0.3, -0.0, -0.109947, 0.993937, 0.0, 0.0, 0.0, 0.0, 1.0],
                [1.0, 0.0, 0.0, -0.0, 0.0, 0.993938, 0.109947, 0.3, -0.0, -0.109947, 0.993937, 0.0, 0.0, 0.0, 0.0, 1.0]
            ]
        },
        {
            "name": "Tool_R",
            "time": [0.0, 0.1, 0.3, 0.5167, 0.8, 1.1667],
            "transform": [
                [1.0, -4.3e-05, 0.000347, -0.0, -2.7e-05, -0.998942, -0.045984, 0.272858, 0.000348, 0.045946, -0.998351, 0.0, 0.0, 0.0, 0.0, 1.0],
                [1.0, -0.000154, 0.000863, -0.0, -2.8e-05, -0.989708, -0.1431, 0.272858, 0.000876, 0.143005, -0.989123, 0.0, 0.0, 0.0, 0.0, 1.0],
                [0.999999, -0.000271, 0.001191, -0.0, -1.7e-05, -0.977929, -0.208939, 0.272858, 0.001221, 0.208805, -0.977351, 0.0, 0.0, 0.0, 0.0, 1.0],
                [-0.084557, 0.001725, -0.996417, 0.0, 0.114521, -0.993355, -0.011438, 0.272858, -0.989229, -0.115021, 0.083748, -0.0, 0.0, 0.0, 0.0, 1.0],
                [0.999998, 0.001619, -0.001038, 0.0, -8.9e-05, -0.500515, -0.865728, 0.272858, -0.00192, 0.865209, -0.500227, 0.0, 0.0, 0.0, 0.0, 1.0],
                [0.999998, 0.001619, -0.001038, 0.0, -8.9e-05, -0.500515, -0.865728, 0.272858, -0.00192, 0.865209, -0.500227, 0.0, 0.0, 0.0, 0.0, 1.0]
            ]
        },
        {
            "name": "Elbow_R",
            "time": [0.0, 0.1, 0.3, 0.5167, 0.8, 1.1667],
            "transform": [
                [-1.0, 0.0, 0.0, -0.0, -0.0, -0.0, -1.0, 0.346929, -0.0, -1.0, 0.0, 0.0, 0.0, 0.0, 0.0, 1.0],
                [-1.0, 0.0, -0.0, 0.0, 0.0, -0.0, -1.0, 0.365325, -0.0, -1.0, 0.0, 0.0, 0.0, 0.0, 0.0, 1.0],
                [-1.0, 0.0, -0.0, -0.0, 0.0, -0.0, -1.0, 0.364657, -0.0, -1.0, 0.0, -0.0, 0.0, 0.0, 0.0, 1.0],
                [-1.0, 0.0, -0.0, -0.0, 0.0, 0.0, -1.0, 0.364449, -0.0, -1.0, 0.0, -0.0, 0.0, 0.0, 0.0, 1.0],
                [-1.0, 0.0, -0.0, -0.0, 0.0, -0.0, -1.0, 0.3, -0.0, -1.0, 0.0, 0.0, 0.0, 0.0, 0.0, 1.0],
                [-1.0, 0.0, -0.0, -0.0, 0.0, -0.0, -1.0, 0.3, -0.0, -1.0, 0.0, 0.0, 0.0, 0.0, 0.0, 1.0]
            ]
        },
        {
            "name": "Shoulder_L",
            "time": [0.0, 0.1, 0.3, 0.4833, 0.6, 0.8, 1.1667],
            "transform": [
                [0.356583, -0.895893, -0.264997, -0.0, -0.032015, -0.295194, 0.954901, 0.4, -0.933715, -0.332018, -0.133943, -0.0, 0.0, 0.0, 0.0, 1.0],
                [0.630487, -0.75256, -0.190103, -0.0, -0.065583, -0.295689, 0.95303, 0.4, -0.773424, -0.588406, -0.235783, -0.0, 0.0, 0.0, 0.0, 1.0],
                [0.673486, -0.718568, -0.173427, 0.0, -0.071481, -0.296824, 0.952253, 0.4, -0.735736, -0.628932, -0.251271, -0.0, 0.0, 0.0, 0.0, 1.0],
                [-0.301282, -0.909442, -0.286607, -0.0, -0.002034, -0.299959, 0.95395, 0.4, -0.953533, 0.28799, 0.088522, -0.0, 0.0, 0.0, 0.0, 1.0],
                [-0.329929, -0.901501, -0.280078, -0.0, 0.016079, -0.302014, 0.953168, 0.4, -0.943869, 0.309974, 0.114138, 0.0, 0.0, 0.0, 0.0, 1.0],
                [-0.364922, -0.892839, -0.263951, -0.0, 0.039046, -0.297929, 0.953789, 0.4, -0.930219, 0.337752, 0.143583, 0.0, 0.0, 0.0, 0.0, 1.0],
                [-0.364922, -0.892839, -0.263951, -0.0, 0.039046, -0.297929, 0.953789, 0.4, -0.930219, 0.337752, 0.143583, 0.0, 0.0, 0.0, 0.0, 1.0]
            ]
        },
        {
            "name": "Arm_L",
            "time": [0.0, 0.1, 0.3, 0.4833, 0.6, 0.8, 1.1667],
            "transform": [
                [-0.198071, 0.324584, 0.924886, 0.0, -0.757453, 0.548199, -0.354602, 0.39386, -0.62212, -0.770793, 0.137275, 0.0, 0.0, 0.0, 0.0, 1.0],
                [-0.377521, 0.721907, 0.579939, 0.0, -0.257117, 0.519936, -0.81459, 0.39386, -0.889589, -0.456637, -0.010672, 0.0, 0.0, 0.0, 0.0, 1.0],
                [-0.306097, 0.812887, 0.495499, 0.0, -0.027104, 0.51283, -0.858063, 0.39386, -0.951614, -0.27608, -0.134943, -0.0, 0.0, 0.0, 0.0, 1.0],
                [-0.018625, 0.02431, 0.999531, 0.0, 0.834364, 0.551211, 0.002141, 0.39386, -0.5509, 0.834012, -0.030549, -0.0, 0.0, 0.0, 0.0, 1.0],
                [-0.16309, -0.162821, 0.973083, 0.0, 0.775241, 0.5889, 0.228468, 0.39386, -0.610248, 0.791635, 0.030182, 0.0, 0.0, 0.0, 0.0, 1.0],
                [-0.369884, -0.824333, 0.428556, -0.0, -0.169342, 0.513361, 0.841299, 0.39386, -0.913515, 0.238611, -0.329478, -0.0, 0.0, 0.0, 0.0, 1.0],
                [-0.369884, -0.824333, 0.428556, -0.0, -0.169342, 0.513361, 0.841299, 0.39386, -0.913515, 0.238611, -0.329478, -0.0, 0.0, 0.0, 0.0, 1.0]
            ]
        },
        {
            "name": "Hand_L",
            "time": [0.0, 0.1, 0.3, 0.4833, 0.6, 0.8, 1.1667],
            "transform": [
                [0.999289, -0.037709, 0.000471, -0.0, 0.035912, 0.947732, -0.31704, 0.3, 0.011509, 0.316832, 0.948412, -0.0, 0.0, 0.0, 0.0, 1.0],
                [0.999259, -0.038472, 0.00078, 0.0, 0.029692, 0.757981, -0.651601, 0.3, 0.024477, 0.651142, 0.758562, 0.0, 0.0, 0.0, 0.0, 1.0],
                [1.0, 0.000172, -0.000138, 0.0, -0.000219, 0.711679, -0.702506, 0.3, -2.3e-05, 0.702506, 0.711679, 0.0, 0.0, 0.0, 0.0, 1.0],
                [1.0, 0.0, 0.0, 0.0, -0.0, 0.993938, 0.109947, 0.3, -0.0, -0.109947, 0.993937, 0.0, 0.0, 0.0, 0.0, 1.0],
                [1.0, -7.5e-05, -7.8e-05, -0.0, 7.7e-05, 0.999385, 0.035075, 0.3, 7.5e-05, -0.035075, 0.999385, -0.0, 0.0, 0.0, 0.0, 1.0],
                [0.999999, -0.001105, -0.000482, -0.0, 0.000475, 0.728423, -0.685128, 0.3, 0.001108, 0.685127, 0.728423, 0.0, 0.0, 0.0, 0.0, 1.0],
                [0.999999, -0.001105, -0.000482, -0.0, 0.000475, 0.728423, -0.685128, 0.3, 0.001108, 0.685127, 0.728423, 0.0, 0.0, 0.0, 0.0, 1.0]
            ]
        },
        {
            "name": "Tool_L",
            "time": [0.0, 0.1, 0.3, 0.4833, 0.6, 0.8, 1.1667],
            "transform": [
                [0.999963, 0.000513, -0.008572, -0.0, -0.000906, -0.986348, -0.164671, 0.272858, -0.008534, 0.164566, -0.985733, 0.0, 0.0, 0.0, 0.0, 1.0],
                [0.999828, 0.003428, -0.018237, -0.0, -0.004479, -0.909155, -0.416433, 0.272858, -0.017998, 0.416188, -0.908453, 0.0, 0.0, 0.0, 0.0, 1.0],
                [0.999789, 0.004592, -0.020016, -0.0, -0.006329, -0.858326, -0.513066, 0.272858, -0.019524, 0.512774, -0.857616, -0.0, 0.0, 0.0, 0.0, 1.0],
                [0.99977, 0.004974, -0.020884, 0.0, -0.011975, -0.67818, -0.734798, 0.272858, -0.017808, 0.734439, -0.677574, -0.0, 0.0, 0.0, 0.0, 1.0],
                [0.999771, 0.004969, -0.020807, 0.0, -0.010957, -0.71645, -0.697552, 0.272858, -0.018363, 0.697202, -0.715818, -0.0, 0.0, 0.0, 0.0, 1.0],
                [0.999786, 0.00515, -0.020041, 0.0, 0.000703, -0.97642, -0.215879, 0.272858, -0.020668, 0.215681, -0.975642, -0.0, 0.0, 0.0, 0.0, 1.0],
                [0.999786, 0.00515, -0.020041, 0.0, 0.000702, -0.97642, -0.215879, 0.272858, -0.020668, 0.215681, -0.975642, -0.0, 0.0, 0.0, 0.0, 1.0]
            ]
        },
        {
            "name": "Elbow_L",
            "time": [0.0, 0.1, 0.3, 0.6, 0.8, 1.1667],
            "transform": [
                [-1.0, 0.0, -0.0, -0.001693, 0.0, -0.0, -1.0, 0.346377, -0.0, -1.0, -0.0, 8e-06, 0.0, 0.0, 0.0, 1.0],
                [-1.0, 0.0, -0.0, 0.0, 0.0, -0.0, -1.0, 0.377793, -0.0, -1.0, -0.0, -0.0, 0.0, 0.0, 0.0, 1.0],
                [-1.0, 0.0, 0.0, 0.0, 0.0, -0.0, -1.0, 0.381343, -0.0, -1.0, 0.0, 0.0, 0.0, 0.0, 0.0, 1.0],
                [-1.0, 0.0, -0.0, -0.0, 0.0, -0.0, -1.0, 0.3, -0.0, -1.0, -0.0, -0.0, 0.0, 0.0, 0.0, 1.0],
                [-1.0, 0.0, -0.0, -0.0, 0.0, 0.0, -1.0, 0.377172, -0.0, -1.0, -0.0, 0.0, 0.0, 0.0, 0.0, 1.0],
                [-1.0, 0.0, -0.0, -0.0, 0.0, 0.0, -1.0, 0.377172, -0.0, -1.0, -0.0, 0.0, 0.0, 0.0, 0.0, 1.0]
            ]
        }
    ]
}