{
    "animation": [
        {
            "name": "Root",
            "time": [0.0, 0.0833, 0.25, 0.45, 0.6333, 0.7833, 0.9333, 1.1667],
            "transform": [
                [-0.778371, -0.12011, 0.616207, -5e-06, 0.62238, -0.276371, 0.732299, 0.311725, 0.082346, 0.953516, 0.289874, 0.617194, 0.0, 0.0, 0.0, 1.0],
                [-0.942524, 0.032263, -0.332578, -5e-06, -0.29857, -0.528187, 0.794906, 0.768378, -0.150017, 0.848515, 0.507461, 0.661842, 0.0, 0.0, 0.0, 1.0],
                [-0.12225, 0.493411, -0.861162, -5e-06, -0.981096, -0.191226, 0.029711, 0.97363, -0.150017, 0.848515, 0.507461, 0.52086, 0.0, 0.0, 0.0, 1.0],
                [0.985458, 0.149602, -0.080569, -5e-06, -0.147621, 0.518973, -0.841947, 1.625863, -0.084144, 0.841597, 0.533511, 0.664473, 0.0, 0.0, 0.0, 1.0],
                [0.962513, -0.027173, 0.269873, -5e-06, 0.243548, 0.524535, -0.815811, 2.059098, -0.11939, 0.850955, 0.51149, 0.507263, 0.0, 0.0, 0.0, 1.0],
                [0.205444, -0.239234, 0.948979, -5e-06, 0.959407, 0.240667, -0.14703, 2.046743, -0.193214, 0.940663, 0.278966, 0.51863, 0.0, 0.0, 0.0, 1.0],
                [0.092503, -0.236603, 0.967193, -5e-06, 0.978813, 0.199808, -0.044735, 2.044319, -0.182668, 0.95084, 0.250073, 0.52086, 0.0, 0.0, 0.0, 1.0],
                [0.092503, -0.236603, 0.967193, -5e-06, 0.978813, 0.199808, -0.044735, 2.044319, -0.182668, 0.95084, 0.250073, 0.52086, 0.0, 0.0, 0.0, 1.0]
            ]
        },
        {
            "name": "Thigh_R",
            "time": [0.0, 0.0833, 0.25, 0.45, 0.6333, 0.7833, 0.9333, 1.1667],
            "transform": [
                [0.843902, 0.421628, 0.33175, 0.124994, 0.066925, -0.696265, 0.714656, -0.002831, 0.532306, -0.580897, -0.615798, -1.1e-05, 0.0, 0.0, 0.0, 1.0],
                [0.900684, 0.408235, -0.148703, 0.124994, 0.282126, -0.289247, 0.914735, -0.002831, 0.330415, -0.86584, -0.375694, -1.1e-05, 0.0, 0.0, 0.0, 1.0],
                [0.549359, 0.827439, 0.116399, 0.124994, 0.370641, -0.36615, 0.853556, -0.002831, 0.748886, -0.425766, -0.507831, -1.1e-05, 0.0, 0.0, 0.0, 1.0],
                [0.962039, 0.264708, 0.066411, 0.124994, -0.008599, -0.213822, 0.976834, -0.002831, 0.272777, -0.940323, -0.203429, -1.1e-05, 0.0, 0.0, 0.0, 1.0],
                [0.985182, 0.171498, 0.002252, 0.124994, -0.044361, 0.24211, 0.969233, -0.002831, 0.165676, -0.954971, 0.24613, -1.1e-05, 0.0, 0.0, 0.0, 1.0],
                [0.571373, 0.815249, -0.094345, 0.124994, 0.149586, 0.00958, 0.988701, -0.002831, 0.806943, -0.57903, -0.116476, -1.1e-05, 0.0, 0.0, 0.0, 1.0],
                [0.521125, 0.853319, -0.016534, 0.124995, 0.184154, -0.093504, 0.978439, -0.002831, 0.833376, -0.512934, -0.20587, -1.1e-05, 0.0, 0.0, 0.0, 1.0],
                [0.521125, 0.853319, -0.016534, 0.124995, 0.184154, -0.093504, 0.978439, -0.002831, 0.833376, -0.512934, -0.20587, -1.1e-05, 0.0, 0.0, 0.0, 1.0]
            ]
        },
        {
            "name": "Leg_R",
            "time": [0.0, 0.0833, 0.25, 0.45, 0.6333, 0.7833, 0.9333, 1.1667],
            "transform": [
                [1.0, -1e-06, 0.000718, 0.0, -0.00064, 0.452943, 0.891539, 0.37472, -0.000325, -0.891539, 0.452943, 0.0, 0.0, 0.0, 0.0, 1.0],
                [1.0, -0.0, 0.0, 0.0, -0.0, 0.580402, 0.81433, 0.37472, -1e-06, -0.81433, 0.580402, -0.0, 0.0, 0.0, 0.0, 1.0],
                [1.0, -1e-06, 1e-06, 0.0, -0.0, 0.347005, 0.937863, 0.37472, -1e-06, -0.937863, 0.347005, 0.0, 0.0, 0.0, 0.0, 1.0],
                [1.0, -1e-06, -7.9e-05, 0.0, 7.8e-05, -0.116152, 0.993231, 0.37472, -1e-05, -0.993231, -0.116152, -0.0, 0.0, 0.0, 0.0, 1.0],
                [1.0, -1e-06, -9.2e-05, -0.0, 7.9e-05, 0.52237, 0.852719, 0.37472, 4.8e-05, -0.852719, 0.52237, 0.0, 0.0, 0.0, 0.0, 1.0],
                [1.0, -0.0, -0.000176, 0.0, 0.000168, 0.298756, 0.95433, 0.37472, 5.2e-05, -0.954329, 0.298756, 0.0, 0.0, 0.0, 0.0, 1.0],
                [1.0, -1e-06, -0.000721, 0.0, 0.000686, 0.308737, 0.951147, 0.37472, 0.000222, -0.951147, 0.308737, 0.0, 0.0, 0.0, 0.0, 1.0],
                [1.0, -1e-06, -0.000721, 0.0, 0.000686, 0.308737, 0.951147, 0.37472, 0.000222, -0.951147, 0.308737, 0.0, 0.0, 0.0, 0.0, 1.0]
            ]
        },
        {
            "name": "Knee_R",
            "time": [0.0, 0.0833, 0.25, 0.45, 0.6333, 0.7833, 1.1667],
            "transform": [
                [1.0, 0.0, -0.0, 0.0, -0.0, 1e-06, -1.0, 0.429398, -0.0, 1.0, 1e-06, 0.0, 0.0, 0.0, 0.0, 1.0],
                [1.0, 0.0, -0.0, 0.0, -0.0, 1e-06, -1.0, 0.416168, -0.0, 1.0, 1e-06, -0.0, 0.0, 0.0, 0.0, 1.0],
                [1.0, 0.0, -0.0, 0.0, -0.0, 1e-06, -1.0, 0.429398, -0.0, 1.0, 1e-06, 0.0, 0.0, 0.0, 0.0, 1.0],
                [1.0, 0.0, -0.0, 0.0, -0.0, 1e-06, -1.0, 0.472933, -0.0, 1.0, 1e-06, -0.0, 0.0, 0.0, 0.0, 1.0],
                [1.0, 0.0, -0.0, 0.0, -0.0, 1e-06, -1.0, 0.424277, -0.0, 1.0, 1e-06, 0.0, 0.0, 0.0, 0.0, 1.0],
                [1.0, 0.0, -0.0, 0.0, -0.0, 1e-06, -1.0, 0.443549, -0.0, 1.0, 1e-06, -0.0, 0.0, 0.0, 0.0, 1.0],
                [1.0, 0.0, -0.0, 0.0, -0.0, 1e-06, -1.0, 0.443549, -0.0, 1.0, 1e-06, -0.0, 0.0, 0.0, 0.0, 1.0]
            ]
        },
        {
            "name": "Thigh_L",
            "time": [0.0, 0.0833, 0.25, 0.45, 0.6333, 0.7833, 0.9333, 1.1667],
            "transform": [
                [0.898555, -0.10516, 0.426075, -0.125006, -0.436203, -0.320675, 0.840769, -0.002831, 0.048217, -0.941333, -0.334016, -1.1e-05, 0.0, 0.0, 0.0, 1.0],
                [0.89396, -0.431548, 0.120838, -0.125006, -0.137084, -0.006611, 0.990537, -0.002831, -0.426665, -0.902065, -0.065069, -1.1e-05, 0.0, 0.0, 0.0, 1.0],
                [0.546208, -0.695974, -0.46613, -0.125005, 0.455813, -0.21992, 0.862479, -0.002831, -0.702774, -0.68356, 0.197111, -1.1e-05, 0.0, 0.0, 0.0, 1.0],
                [0.738905, -0.004665, -0.673792, -0.125005, 0.301439, -0.89204, 0.336745, -0.002831, -0.602622, -0.451929, -0.657728, -1.1e-05, 0.0, 0.0, 0.0, 1.0],
                [0.910683, -0.063209, -0.40824, -0.125005, -0.182624, -0.948015, -0.260605, -0.002831, -0.370545, 0.311883, -0.874886, -1.1e-05, 0.0, 0.0, 0.0, 1.0],
                [0.853376, -0.50318, 0.136226, -0.125005, -0.495409, -0.864143, -0.088456, -0.002831, 0.162229, 0.007999, -0.98672, -1.1e-05, 0.0, 0.0, 0.0, 1.0],
                [0.820591, -0.529486, 0.215116, -0.125005, -0.518993, -0.847994, -0.107474, -0.002831, 0.239323, -0.023452, -0.970656, -1.1e-05, 0.0, 0.0, 0.0, 1.0],
                [0.820591, -0.529486, 0.215116, -0.125005, -0.518993, -0.847994, -0.107474, -0.002831, 0.239323, -0.023452, -0.970656, -1.1e-05, 0.0, 0.0, 0.0, 1.0]
            ]
        },
        {
            "name": "Leg_L",
            "time": [0.0, 0.0833, 0.25, 0.45, 0.6333, 0.7833, 0.9333, 1.1667],
            "transform": [
                [1.0, -1e-06, 3e-06, -0.0, -3e-06, -0.095858, 0.995396, 0.37472, -1e-06, -0.995395, -0.095858, 0.0, 0.0, 0.0, 0.0, 1.0],
                [1.0, -1e-06, 1e-06, -0.0, -1e-06, -0.075359, 0.997157, 0.37472, -1e-06, -0.997156, -0.075359, -0.0, 0.0, 0.0, 0.0, 1.0],
                [1.0, -1e-06, -0.000167, -0.0, 0.000143, 0.522513, 0.852632, 0.37472, 8.7e-05, -0.852631, 0.522513, -0.0, 0.0, 0.0, 0.0, 1.0],
                [1.0, -1e-06, -0.0007, -0.0, 0.000415, 0.805483, 0.592619, 0.37472, 0.000563, -0.592618, 0.805484, -0.0, 0.0, 0.0, 0.0, 1.0],
                [1.0, -0.0, -0.000696, -0.0, 7e-06, 0.999951, 0.009935, 0.37472, 0.000696, -0.009935, 0.999951, -0.0, 0.0, 0.0, 0.0, 1.0],
                [1.0, -0.0, -0.000309, -0.0, 4e-06, 0.999942, 0.010804, 0.37472, 0.000309, -0.010804, 0.999942, -0.0, 0.0, 0.0, 0.0, 1.0],
                [1.0, 0.0, -0.000244, -0.0, 3e-06, 0.999944, 0.010572, 0.37472, 0.000244, -0.010572, 0.999945, -0.0, 0.0, 0.0, 0.0, 1.0],
                [1.0, 0.0, -0.000244, -0.0, 3e-06, 0.999944, 0.010572, 0.37472, 0.000244, -0.010572, 0.999945, -0.0, 0.0, 0.0, 0.0, 1.0]
            ]
        },
        {
            "name": "Knee_L",
            "time": [0.0, 0.25, 0.45, 0.7833, 1.1667],
            "transform": [
                [1.0, 0.0, -0.0, 0.0, -0.0, 1e-06, -1.0, 0.476712, -0.0, 1.0, 1e-06, 0.0, 0.0, 0.0, 0.0, 1.0],
                [1.0, 0.0, -0.0, -0.0, -0.0, 1e-06, -1.0, 0.423376, -0.0, 1.0, 1e-06, -0.0, 0.0, 0.0, 0.0, 1.0],
                [1.0, 0.0, -0.0, -0.0, -0.0, 1e-06, -1.0, 0.396345, -0.0, 1.0, 1e-06, -0.0, 0.0, 0.0, 0.0, 1.0],
                [1.0, 0.0, -0.0, -0.0, -0.0, 1e-06, -1.0, 0.37472, -0.0, 1.0, 1e-06, -0.0, 0.0, 0.0, 0.0, 1.0],
                [1.0, 0.0, -0.0, -0.0, -0.0, 1e-06, -1.0, 0.37472, -0.0, 1.0, 1e-06, -0.0, 0.0, 0.0, 0.0, 1.0]
            ]
        },
        {
            "name": "Torso",
            "time": [0.0, 1.1667],
            "transform": [
                [1.0, 0.0, 0.0, 0.0, -0.0, 1.0, 0.0, 0.05, -0.0, 0.0, 1.0, 0.0, 0.0, 0.0, 0.0, 1.0],
                [1.0, 0.0, -0.0, 0.0, -0.0, 1.0, 0.0, 0.05, -0.0, 0.0, 1.0, 0.0, 0.0, 0.0, 0.0, 1.0]
            ]
        },
        {
            "name": "Chest",
            "time": [0.0, 0.0833, 0.25, 0.45, 0.6333, 0.7833, 0.9333, 1.1667],
            "transform": [
                [0.966514, 0.013716, 0.256249, -0.0, -0.00708, 0.999616, -0.026801, 0.3, -0.256518, 0.024089, 0.966239, 0.0, 0.0, 0.0, 0.0, 1.0],
                [0.966514, 0.013716, 0.256249, -0.0, -0.00708, 0.999616, -0.026801, 0.3, -0.256518, 0.024089, 0.966239, 0.0, 0.0, 0.0, 0.0, 1.0],
                [0.966514, 0.013716, 0.256248, -0.0, -0.00708, 0.999616, -0.026801, 0.3, -0.256517, 0.024089, 0.966239, -0.0, 0.0, 0.0, 0.0, 1.0],
                [0.987339, 0.007682, 0.15844, -0.0, -0.005173, 0.999855, -0.016242, 0.3, -0.158542, 0.015217, 0.987235, 0.0, 0.0, 0.0, 0.0, 1.0],
                [0.991593, 0.006076, 0.129254, 0.0, -0.00441, 0.999903, -0.013171, 0.3, -0.129322, 0.012491, 0.991524, -0.0, 0.0, 0.0, 0.0, 1.0],
                [0.999857, 0.0007, 0.016922, -0.0, -0.000672, 0.999998, -0.001685, 0.3, -0.016923, 0.001674, 0.999855, 0.0, 0.0, 0.0, 0.0, 1.0],
                [1.0, -0.0, 0.0, -0.0, 0.0, 1.0, 0.0, 0.3, 0.0, -0.0, 1.0, 0.0, 0.0, 0.0, 0.0, 1.0],
                [1.0, -0.0, 0.0, -0.0, 0.0, 1.0, 0.0, 0.3, 0.0, -0.0, 1.0, 0.0, 0.0, 0.0, 0.0, 1.0]
            ]
        },
        {
            "name": "Head",
            "time": [0.0, 0.0833, 0.25, 0.45, 0.6333, 0.7833, 0.9333, 1.1667],
            "transform": [
                [0.792215, 0.010063, -0.61016, 0.0, 0.016388, 0.999153, 0.037755, 0.4, 0.610023, -0.03991, 0.791378, 0.0, 0.0, 0.0, 0.0, 1.0],
                [1.0, -0.0, -0.0, -0.0, 0.0, 1.0, -0.0, 0.4, 0.0, 0.0, 1.0, 0.0, 0.0, 0.0, 0.0, 1.0],
                [1.0, 0.0, 0.0, -0.0, -0.0, 1.0, 0.0, 0.4, 0.0, 0.0, 1.0, 0.0, 0.0, 0.0, 0.0, 1.0],
                [0.966086, -0.159794, -0.20284, -0.0, 0.049201, 0.885048, -0.462892, 0.4, 0.25349, 0.437213, 0.862895, 0.0, 0.0, 0.0, 0.0, 1.0],
                [0.931049, -0.19615, -0.307689, 0.0, 0.021826, 0.871656, -0.489633, 0.4, 0.364241, 0.449157, 0.815835, -0.0, 0.0, 0.0, 0.0, 1.0],
                [0.575537, -0.065112, -0.81518, 0.0, -0.144193, 0.973127, -0.179532, 0.4, 0.804963, 0.220871, 0.550682, -0.0, 0.0, 0.0, 0.0, 1.0],
                [0.49482, -0.021549, -0.868728, -0.0, -0.15193, 0.98215, -0.110901, 0.4, 0.855611, 0.186862, 0.482713, -0.0, 0.0, 0.0, 0.0, 1.0],
                [0.49482, -0.021549, -0.868728, -0.0, -0.15193, 0.98215, -0.110901, 0.4, 0.855611, 0.186862, 0.482713, -0.0, 0.0, 0.0, 0.0, 1.0]
            ]
        },
        {
            "name": "Shoulder_R",
            "time": [0.0, 0.25, 0.45, 0.6333, 0.7833, 0.9333, 1.1667],
            "transform": [
                [0.023764, 0.954006, 0.298842, 0.0, -0.010625, -0.298669, 0.954298, 0.4, 0.999661, -0.025853, 0.003039, 0.0, 0.0, 0.0, 0.0, 1.0],
                [-0.825107, 0.550891, 0.125366, -0.0, 0.00511, -0.214611, 0.976686, 0.4, 0.564953, 0.806511, 0.174262, 0.0, 0.0, 0.0, 0.0, 1.0],
                [-0.606852, 0.701504, 0.373661, -0.0, 0.116231, -0.386743, 0.914833, 0.4, 0.78627, 0.598599, 0.153159, 0.0, 0.0, 0.0, 0.0, 1.0],
                [-0.48539, 0.771541, 0.411243, 0.0, 0.132111, -0.400243, 0.906836, 0.4, 0.864259, 0.494499, 0.092345, -0.0, 0.0, 0.0, 0.0, 1.0],
                [0.539756, 0.83768, 0.083396, 0.0, 0.245207, -0.251218, 0.936356, 0.4, 0.805318, -0.484954, -0.341002, -0.0, 0.0, 0.0, 0.0, 1.0],
                [0.671248, 0.741124, -0.012692, -0.0, 0.277137, -0.235053, 0.931635, 0.4, 0.687474, -0.628876, -0.363172, -0.0, 0.0, 0.0, 0.0, 1.0],
                [0.671248, 0.741124, -0.012692, -0.0, 0.277138, -0.235053, 0.931635, 0.4, 0.687474, -0.628876, -0.363172, -0.0, 0.0, 0.0, 0.0, 1.0]
            ]
        },
        {
            "name": "Arm_R",
            "time": [0.0, 0.25, 0.45, 0.6333, 0.7833, 0.9333, 1.1667],
            "transform": [
                [0.326958, -0.877498, 0.35085, 0.0, 0.441285, 0.470056, 0.764405, 0.393861, -0.835683, -0.095103, 0.540915, -0.0, 0.0, 0.0, 0.0, 1.0],
                [0.339258, 0.915448, -0.216467, -0.0, -0.46929, 0.36414, 0.804468, 0.39386, 0.815273, -0.171336, 0.553148, -0.0, 0.0, 0.0, 0.0, 1.0],
                [0.737311, 0.342525, 0.582279, 0.0, -0.337876, 0.933353, -0.121209, 0.393861, -0.584989, -0.10737, 0.803903, 0.0, 0.0, 0.0, 0.0, 1.0],
                [0.759081, -0.028859, 0.650356, 0.0, 0.156885, 0.977682, -0.139729, 0.39386, -0.631809, 0.208097, 0.746668, -0.0, 0.0, 0.0, 0.0, 1.0],
                [0.451178, -0.886714, -0.10088, 0.0, 0.791697, 0.449856, -0.413335, 0.39386, 0.411892, 0.106622, 0.904973, -0.0, 0.0, 0.0, 0.0, 1.0],
                [0.289969, -0.937329, -0.193216, -0.0, 0.793156, 0.348345, -0.499559, 0.393861, 0.535557, -0.008394, 0.844457, -0.0, 0.0, 0.0, 0.0, 1.0],
                [0.289969, -0.937329, -0.193216, -0.0, 0.793156, 0.348345, -0.499559, 0.393861, 0.535557, -0.008394, 0.844457, -0.0, 0.0, 0.0, 0.0, 1.0]
            ]
        },
        {
            "name": "Hand_R",
            "time": [0.0, 0.25, 1.1667],
            "transform": [
                [1.0, -9.6e-05, -0.000431, -0.0, 8.2e-05, 0.999481, -0.032212, 0.3, 0.000433, 0.032212, 0.999481, -0.0, 0.0, 0.0, 0.0, 1.0],
                [0.999997, -0.001265, -0.002065, 0.0, -0.000344, 0.77002, -0.63802, 0.3, 0.002397, 0.638019, 0.770017, 0.0, 0.0, 0.0, 0.0, 1.0],
                [0.999997, -0.001265, -0.002065, 0.0, -0.000344, 0.770019, -0.63802, 0.3, 0.002397, 0.638019, 0.770017, -0.0, 0.0, 0.0, 0.0, 1.0]
            ]
        },
        {
            "name": "Tool_R",
            "time": [0.0, 0.25, 0.45, 0.6333, 0.7833, 0.9333, 1.1667],
            "transform": [
                [0.999995, -0.001565, 0.002908, -0.0, 0.000482, -0.80205, -0.597257, 0.272858, 0.003265, 0.596893, -0.801576, 0.0, 0.0, 0.0, 0.0, 1.0],
                [0.999995, -0.001565, 0.002908, 0.0, 0.000482, -0.80205, -0.597257, 0.272857, 0.003265, 0.596893, -0.801576, 0.0, 0.0, 0.0, 0.0, 1.0],
                [0.057241, -0.216696, -0.97456, -1e-06, 0.00464, -0.976092, 0.217309, 0.272857, -0.997759, -0.016962, -0.054832, 0.0, 0.0, 0.0, 0.0, 1.0],
                [-0.02037, -0.248877, -0.968321, -0.0, 0.03748, -0.968031, 0.248014, 0.272857, -0.998498, -0.031233, 0.029032, 0.0, 0.0, 0.0, 0.0, 1.0],
                [0.039854, 0.555948, -0.830261, -1e-06, 0.046256, -0.831057, -0.554261, 0.272858, -0.997543, -0.016314, -0.058808, -0.0, 0.0, 0.0, 0.0, 1.0],
                [0.051332, 0.680854, -0.730619, 0.0, 0.054148, -0.732404, -0.678713, 0.272857, -0.996622, -0.004727, -0.074426, -0.0, 0.0, 0.0, 0.0, 1.0],
                [0.051332, 0.680854, -0.730618, 0.0, 0.054148, -0.732404, -0.678713, 0.272858, -0.996622, -0.004727, -0.074426, -0.0, 0.0, 0.0, 0.0, 1.0]
            ]
        },
        {
            "name": "Elbow_R",
            "time": [0.0, 0.25, 0.7833, 0.9333, 1.1667],
            "transform": [
                [-1.0, 0.0, -0.0, -0.0, -0.0, 0.0, -1.0, 0.320649, -0.0, -1.0, 0.0, -0.0, 0.0, 0.0, 0.0, 1.0],
                [-1.0, 0.0, 0.0, 0.0, 0.0, -0.0, -1.0, 0.375086, -0.0, -1.0, 0.0, 0.0, 0.0, 0.0, 0.0, 1.0],
                [-1.0, 0.0, -0.0, 0.0, 0.0, -0.0, -1.0, 0.370485, -0.0, -1.0, 0.0, 0.0, 0.0, 0.0, 0.0, 1.0],
                [-1.0, 0.0, -0.0, 0.0, 0.0, -0.0, -1.0, 0.373522, -0.0, -1.0, 0.0, -0.0, 0.0, 0.0, 0.0, 1.0],
                [-1.0, 0.0, -0.0, 0.0, 0.0, -0.0, -1.0, 0.373522, -0.0, -1.0, 0.0, -0.0, 0.0, 0.0, 0.0, 1.0]
            ]
        },
        {
            "name": "Shoulder_L",
            "time": [0.0, 0.25, 0.45, 0.6333, 0.7833, 0.9333, 1.1667],
            "transform": [
                [-0.187049, -0.936723, -0.295909, 0.0, 0.12458, -0.321413, 0.938708, 0.4, -0.974419, 0.13872, 0.176817, 0.0, 0.0, 0.0, 0.0, 1.0],
                [0.573569, -0.659443, -0.485957, -0.0, 0.490277, -0.198895, 0.848569, 0.4, -0.656237, -0.724966, 0.20923, 0.0, 0.0, 0.0, 0.0, 1.0],
                [0.058748, -0.882847, -0.465972, -0.0, 0.225788, -0.442931, 0.867659, 0.4, -0.972403, -0.156185, 0.173315, 0.0, 0.0, 0.0, 0.0, 1.0],
                [-0.316396, -0.835981, -0.448363, 0.0, -0.013285, -0.468693, 0.883262, 0.4, -0.948534, 0.285417, 0.137186, -0.0, 0.0, 0.0, 0.0, 1.0],
                [-0.657721, -0.605468, -0.448119, 0.0, -0.256799, -0.379033, 0.889038, 0.4, -0.708136, 0.699816, 0.093814, -0.0, 0.0, 0.0, 0.0, 1.0],
                [-0.717567, -0.53087, -0.450859, -0.0, -0.304875, -0.342607, 0.888634, 0.4, -0.626217, 0.775111, 0.083995, -0.0, 0.0, 0.0, 0.0, 1.0],
                [-0.717567, -0.53087, -0.450859, -0.0, -0.304875, -0.342607, 0.888634, 0.4, -0.626217, 0.775111, 0.083995, -0.0, 0.0, 0.0, 0.0, 1.0]
            ]
        },
        {
            "name": "Arm_L",
            "time": [0.0, 0.25, 0.35, 0.45, 0.6333, 0.7833, 0.9333, 1.1667],
            "transform": [
                [-0.443611, -0.524398, 0.726785, -0.0, -0.024452, 0.817725, 0.575089, 0.39386, -0.895886, 0.237344, -0.375575, 0.0, 0.0, 0.0, 0.0, 1.0],
                [0.158734, 0.969941, 0.184441, -0.0, 0.06109, 0.176803, -0.982349, 0.39386, -0.985429, 0.1672, -0.031189, 0.0, 0.0, 0.0, 0.0, 1.0],
                [0.129947, 0.505509, 0.852979, 0.0, 0.368905, 0.773864, -0.514823, 0.39386, -0.920338, 0.381568, -0.085924, -0.0, 0.0, 0.0, 0.0, 1.0],
                [0.479619, -0.317384, 0.818067, -0.0, 0.377275, 0.91631, 0.134309, 0.39386, -0.792231, 0.244219, 0.559221, 0.0, 0.0, 0.0, 0.0, 1.0],
                [0.38518, -0.405574, 0.828943, 0.0, 0.221375, 0.912631, 0.343654, 0.39386, -0.895896, 0.051139, 0.441311, -0.0, 0.0, 0.0, 0.0, 1.0],
                [0.159772, -0.425313, 0.890832, -0.0, -0.185368, 0.873445, 0.450258, 0.39386, -0.969594, -0.23707, 0.060712, -0.0, 0.0, 0.0, 0.0, 1.0],
                [0.103845, -0.437759, 0.893075, 0.0, -0.285268, 0.847094, 0.448391, 0.393861, -0.952805, -0.301329, -0.036912, 0.0, 0.0, 0.0, 0.0, 1.0],
                [0.103845, -0.437759, 0.893075, 0.0, -0.285268, 0.847094, 0.448391, 0.393861, -0.952805, -0.301329, -0.036912, 0.0, 0.0, 0.0, 0.0, 1.0]
            ]
        },
        {
            "name": "Hand_L",
            "time": [0.0, 0.25, 0.35, 1.1667],
            "transform": [
                [0.999999, -0.001105, -0.000482, -0.0, 0.000475, 0.728423, -0.685128, 0.3, 0.001109, 0.685127, 0.728423, -0.0, 0.0, 0.0, 0.0, 1.0],
                [0.999999, -0.001105, -0.000482, -0.0, 0.000475, 0.728423, -0.685128, 0.3, 0.001108, 0.685127, 0.728423, 0.0, 0.0, 0.0, 0.0, 1.0],
                [1.0, 0.0, 0.0, 0.0, -0.0, 0.993938, 0.109947, 0.3, -0.0, -0.109947, 0.993937, -0.0, 0.0, 0.0, 0.0, 1.0],
                [1.0, 0.0, 0.0, 0.0, -0.0, 0.993938, 0.109947, 0.3, -0.0, -0.109947, 0.993937, -0.0, 0.0, 0.0, 0.0, 1.0]
            ]
        },
        {
            "name": "Tool_L",
            "time": [0.0, 0.25, 0.35, 0.45, 0.6333, 0.7833, 0.9333, 1.1667],
            "transform": [
                [0.999786, 0.00515, -0.020041, 0.0, 0.000703, -0.97642, -0.215878, 0.272858, -0.020668, 0.215681, -0.975643, -0.0, 0.0, 0.0, 0.0, 1.0],
                [0.999786, 0.00515, -0.020041, 0.0, 0.000702, -0.97642, -0.215879, 0.272858, -0.020668, 0.215681, -0.975643, -0.0, 0.0, 0.0, 0.0, 1.0],
                [0.999411, 0.015249, -0.030733, 0.0, -0.008201, -0.763646, -0.645582, 0.272858, -0.033294, 0.645066, -0.76263, -0.0, 0.0, 0.0, 0.0, 1.0],
                [0.999469, 0.013615, -0.029596, 0.0, -0.006677, -0.803569, -0.595174, 0.272858, -0.031867, 0.594697, -0.802585, 0.0, 0.0, 0.0, 0.0, 1.0],
                [0.999514, 0.012363, -0.028629, 0.0, -0.005514, -0.83353, -0.552447, 0.272858, -0.030675, 0.552003, -0.832572, -0.0, 0.0, 0.0, 0.0, 1.0],
                [0.999753, 0.005981, -0.021425, -0.0, 4.6e-05, -0.963736, -0.266856, 0.272858, -0.022231, 0.266622, -0.962934, -1e-06, 0.0, 0.0, 0.0, 1.0],
                [0.999786, 0.00515, -0.020041, 0.0, 0.000702, -0.97642, -0.215879, 0.272858, -0.020668, 0.215681, -0.975643, -0.0, 0.0, 0.0, 0.0, 1.0],
                [0.999786, 0.00515, -0.020041, 0.0, 0.000702, -0.97642, -0.215879, 0.272858, -0.020668, 0.215681, -0.975643, -0.0, 0.0, 0.0, 0.0, 1.0]
            ]
        },
        {
            "name": "Elbow_L",
            "time": [0.0, 0.25, 0.35, 1.1667],
            "transform": [
                [-1.0, 0.0, -0.0, -0.0, 0.0, -0.0, -1.0, 0.378215, -0.0, -1.0, -0.0, -0.0, 0.0, 0.0, 0.0, 1.0],
                [-1.0, 0.0, -0.0, -0.0, 0.0, -0.0, -1.0, 0.379466, -0.0, -1.0, 0.0, 0.0, 0.0, 0.0, 0.0, 1.0],
                [-1.0, 0.0, -0.0, 0.0, 0.0, -0.0, -1.0, 0.3, -0.0, -1.0, -0.0, -0.0, 0.0, 0.0, 0.0, 1.0],
                [-1.0, 0.0, -0.0, 0.0, 0.0, -0.0, -1.0, 0.3, -0.0, -1.0, -0.0, -0.0, 0.0, 0.0, 0.0, 1.0]
            ]
        }
    ]
}