{
    "animation": [
        {
            "name": "Root",
            "time": [0.0, 0.0833, 0.2333, 0.3167, 0.4667, 0.55, 0.7, 0.8333, 1.0],
            "transform": [
                [0.889706, 0.067798, -0.451472, -5e-06, -0.456408, 0.15528, -0.876116, -0.009607, 0.010705, 0.985541, 0.169097, 0.532868, 0.0, 0.0, 0.0, 1.0],
                [0.999573, -0.020237, 0.021064, -5e-06, 0.025237, 0.235252, -0.971607, 0.202393, 0.014707, 0.971724, 0.235662, 0.532868, 0.0, 0.0, 0.0, 1.0],
                [0.961329, -0.080844, 0.263268, -5e-06, 0.275401, 0.2822, -0.918976, 0.302815, -0.0, 0.955943, 0.293551, 0.532868, 0.0, 0.0, 0.0, 1.0],
                [0.882777, 0.06917, -0.464673, -5e-06, -0.455906, 0.364845, -0.811811, 0.514815, 0.113381, 0.928495, 0.353612, 0.532868, 0.0, 0.0, 0.0, 1.0],
                [0.640939, 0.149808, -0.752831, -5e-06, -0.748011, 0.34201, -0.568778, 0.604078, 0.172269, 0.927678, 0.331266, 0.532868, 0.0, 0.0, 0.0, 1.0],
                [0.999573, -0.020237, 0.021064, -5e-06, 0.025237, 0.235252, -0.971607, 0.80492, 0.014707, 0.971724, 0.235662, 0.532868, 0.0, 0.0, 0.0, 1.0],
                [0.961959, -0.077764, 0.261894, -5e-06, 0.273194, 0.276341, -0.921412, 0.927657, -0.000719, 0.957908, 0.287073, 0.532868, 0.0, 0.0, 0.0, 1.0],
                [0.961329, -0.080844, 0.263268, -5e-06, 0.275401, 0.2822, -0.918976, 0.927657, -0.0, 0.955943, 0.293551, 0.532868, 0.0, 0.0, 0.0, 1.0],
                [0.961329, -0.080844, 0.263268, -5e-06, 0.275401, 0.2822, -0.918976, 0.927657, -0.0, 0.955943, 0.293551, 0.532868, 0.0, 0.0, 0.0, 1.0]
            ]
        },
        {
            "name": "Thigh_R",
            "time": [0.0, 0.0833, 0.2333, 0.3167, 0.4667, 0.55, 0.7, 0.8333, 1.0],
            "transform": [
                [0.839813, 0.396367, 0.370952, 0.154142, 0.47943, -0.862068, -0.164265, -0.004528, 0.254677, 0.315797, -0.914008, 0.027879, 0.0, 0.0, 0.0, 1.0],
                [0.858233, -0.022675, 0.512758, 0.154142, 0.224649, -0.88165, -0.414996, -0.004528, 0.461484, 0.471354, -0.751569, 0.027879, 0.0, 0.0, 0.0, 1.0],
                [0.811439, -0.244412, 0.530875, 0.154142, 0.108222, -0.829805, -0.547456, -0.004528, 0.574329, 0.501679, -0.646887, 0.027879, 0.0, 0.0, 0.0, 1.0],
                [0.885741, 0.255733, 0.387379, 0.154142, 0.281767, -0.959418, -0.010885, -0.004529, 0.368875, 0.118792, -0.921856, 0.027879, 0.0, 0.0, 0.0, 1.0],
                [0.866934, 0.454132, 0.205399, 0.154142, 0.402463, -0.880917, 0.249006, -0.004528, 0.294022, -0.133205, -0.946471, 0.027879, 0.0, 0.0, 0.0, 1.0],
                [0.858233, -0.022675, 0.512758, 0.154142, 0.224649, -0.88165, -0.414996, -0.004529, 0.461484, 0.471354, -0.751569, 0.027879, 0.0, 0.0, 0.0, 1.0],
                [0.812748, -0.242237, 0.529869, 0.154142, 0.112782, -0.826848, -0.550998, -0.004528, 0.571594, 0.507581, -0.644701, 0.027879, 0.0, 0.0, 0.0, 1.0],
                [0.811439, -0.244412, 0.530875, 0.154142, 0.108222, -0.829805, -0.547456, -0.004528, 0.574329, 0.501679, -0.646887, 0.027879, 0.0, 0.0, 0.0, 1.0],
                [0.811439, -0.244412, 0.530875, 0.154142, 0.108222, -0.829805, -0.547456, -0.004528, 0.574329, 0.501679, -0.646887, 0.027879, 0.0, 0.0, 0.0, 1.0]
            ]
        },
        {
            "name": "Leg_R",
            "time": [0.0, 0.0833, 0.2333, 0.3167, 0.4667, 0.55, 0.7, 0.8333, 1.0],
            "transform": [
                [1.0, -0.0, -3e-06, -0.0, 2e-06, 0.918708, 0.394937, 0.37472, 3e-06, -0.394936, 0.918711, 0.0, 0.0, 0.0, 0.0, 1.0],
                [1.0, 0.0, -4e-06, -0.0, 0.0, 0.989622, 0.143693, 0.37472, 4e-06, -0.143693, 0.989625, 0.0, 0.0, 0.0, 0.0, 1.0],
                [1.0, 0.0, -4e-06, 0.0, -0.0, 0.999949, 0.010049, 0.37472, 4e-06, -0.010048, 0.999952, 0.0, 0.0, 0.0, 0.0, 1.0],
                [1.0, -0.0, -4e-06, -0.0, 1e-06, 0.958903, 0.283733, 0.37472, 4e-06, -0.283732, 0.958906, -0.0, 0.0, 0.0, 0.0, 1.0],
                [1.0, -0.0, -4e-06, 0.0, 2e-06, 0.909007, 0.416781, 0.37472, 3e-06, -0.41678, 0.90901, -0.0, 0.0, 0.0, 0.0, 1.0],
                [1.0, 0.0, -4e-06, -0.0, 0.0, 0.989622, 0.143693, 0.37472, 4e-06, -0.143693, 0.989625, -0.0, 0.0, 0.0, 0.0, 1.0],
                [1.0, 0.0, -4e-06, -0.0, -0.0, 0.999944, 0.010507, 0.37472, 4e-06, -0.010507, 0.999948, 0.0, 0.0, 0.0, 0.0, 1.0],
                [1.0, 0.0, -4e-06, 0.0, -0.0, 0.999949, 0.010049, 0.37472, 4e-06, -0.010048, 0.999952, 0.0, 0.0, 0.0, 0.0, 1.0],
                [1.0, 0.0, -4e-06, 0.0, -0.0, 0.999949, 0.010049, 0.37472, 4e-06, -0.010048, 0.999952, 0.0, 0.0, 0.0, 0.0, 1.0]
            ]
        },
        {
            "name": "Knee_R",
            "time": [0.0, 0.2333, 1.0],
            "transform": [
                [1.0, 0.0, -0.0, -0.0, -0.0, 1e-06, -1.0, 0.37781, -0.0, 1.0, 1e-06, -0.0, 0.0, 0.0, 0.0, 1.0],
                [1.0, 0.0, -0.0, 0.0, -0.0, 1e-06, -1.0, 0.37472, -0.0, 1.0, 1e-06, 0.0, 0.0, 0.0, 0.0, 1.0],
                [1.0, 0.0, -0.0, 0.0, -0.0, 1e-06, -1.0, 0.37472, -0.0, 1.0, 1e-06, 0.0, 0.0, 0.0, 0.0, 1.0]
            ]
        },
        {
            "name": "Thigh_L",
            "time": [0.0, 0.0833, 0.2333, 0.3167, 0.4667, 0.55, 0.7, 0.8333, 1.0],
            "transform": [
                [0.92377, -0.371335, -0.093586, -0.146013, 0.009418, -0.222281, 0.974937, -0.001608, -0.382831, -0.901498, -0.20184, -0.020112, 0.0, 0.0, 0.0, 1.0],
                [0.998908, 0.046438, -0.004954, -0.146013, 0.012186, -0.156765, 0.987561, -0.001608, 0.045084, -0.986542, -0.15716, -0.020112, 0.0, 0.0, 0.0, 1.0],
                [0.96399, 0.264576, 0.026879, -0.146013, -0.001118, -0.097037, 0.99528, -0.001608, 0.265936, -0.959469, -0.093247, -0.020112, 0.0, 0.0, 0.0, 1.0],
                [0.8563, -0.512919, -0.060515, -0.146013, 0.087336, 0.02832, 0.995776, -0.001608, -0.50904, -0.857968, 0.069047, -0.020112, 0.0, 0.0, 0.0, 1.0],
                [0.587086, -0.807272, -0.060331, -0.146013, 0.149078, 0.034563, 0.988221, -0.001608, -0.795679, -0.589164, 0.140638, -0.020112, 0.0, 0.0, 0.0, 1.0],
                [0.998908, 0.046438, -0.004954, -0.146013, 0.012186, -0.156765, 0.987561, -0.001608, 0.045084, -0.986542, -0.15716, -0.020112, 0.0, 0.0, 0.0, 1.0],
                [0.963779, 0.265123, 0.028972, -0.146013, -0.001328, -0.103856, 0.994591, -0.001607, 0.266698, -0.958604, -0.099742, -0.020112, 0.0, 0.0, 0.0, 1.0],
                [0.96399, 0.264576, 0.026879, -0.146013, -0.001118, -0.097037, 0.99528, -0.001608, 0.265936, -0.959469, -0.093247, -0.020112, 0.0, 0.0, 0.0, 1.0],
                [0.96399, 0.264576, 0.026879, -0.146013, -0.001118, -0.097037, 0.99528, -0.001608, 0.265936, -0.959469, -0.093247, -0.020112, 0.0, 0.0, 0.0, 1.0]
            ]
        },
        {
            "name": "Leg_L",
            "time": [0.0, 0.0833, 0.2333, 0.3167, 0.4667, 0.55, 0.7, 0.8333, 1.0],
            "transform": [
                [0.999999, -1e-06, 0.001093, 0.0, -0.000992, 0.420162, 0.907447, 0.37472, -0.00046, -0.90745, 0.420161, -0.0, 0.0, 0.0, 0.0, 1.0],
                [0.999995, 1.6e-05, 0.00324, 0.0, -0.002951, 0.416962, 0.908918, 0.37472, -0.001336, -0.908925, 0.416959, 0.0, 0.0, 0.0, 0.0, 1.0],
                [1.0, 0.000207, 0.000389, 0.0, -0.00044, 0.405943, 0.913897, 0.37472, 3.1e-05, -0.913899, 0.405942, -0.0, 0.0, 0.0, 0.0, 1.0],
                [0.999993, -2.7e-05, 0.003803, 0.0, -0.003585, 0.327312, 0.944908, 0.37472, -0.00127, -0.944917, 0.327309, -0.0, 0.0, 0.0, 0.0, 1.0],
                [0.999994, -1e-06, 0.003527, 0.0, -0.003367, 0.297537, 0.954703, 0.37472, -0.001051, -0.954711, 0.297534, 0.0, 0.0, 0.0, 0.0, 1.0],
                [0.999995, 1.6e-05, 0.00324, 0.0, -0.002951, 0.416962, 0.908918, 0.37472, -0.001336, -0.908925, 0.416959, 0.0, 0.0, 0.0, 0.0, 1.0],
                [0.999769, -1e-06, 0.021498, 0.0, -0.01964, 0.406682, 0.913358, 0.37472, -0.008744, -0.913571, 0.406587, 0.0, 0.0, 0.0, 0.0, 1.0],
                [0.999998, -0.001574, 0.0008, 0.0, -9.2e-05, 0.405943, 0.913897, 0.37472, -0.001763, -0.913898, 0.405941, -0.0, 0.0, 0.0, 0.0, 1.0],
                [0.999998, -0.001574, 0.0008, 0.0, -9.2e-05, 0.405943, 0.913897, 0.37472, -0.001763, -0.913898, 0.405941, -0.0, 0.0, 0.0, 0.0, 1.0]
            ]
        },
        {
            "name": "Knee_L",
            "time": [0.0, 0.2333, 0.8333, 1.0],
            "transform": [
                [1.0, 0.0, -0.0, 0.0, -0.0, 1e-06, -1.0, 0.434965, -0.0, 1.0, 1e-06, -0.0, 0.0, 0.0, 0.0, 1.0],
                [1.0, 0.0, -0.0, 0.0, -0.0, 1e-06, -1.0, 0.435222, -0.0, 1.0, 1e-06, -0.0, 0.0, 0.0, 0.0, 1.0],
                [1.0, 0.0, -0.0, 0.0, -0.0, 1e-06, -1.0, 0.43372, -0.0, 1.0, 1e-06, -0.0, 0.0, 0.0, 0.0, 1.0],
                [1.0, 0.0, -0.0, 0.0, -0.0, 1e-06, -1.0, 0.43372, -0.0, 1.0, 1e-06, -0.0, 0.0, 0.0, 0.0, 1.0]
            ]
        },
        {
            "name": "Torso",
            "time": [0.0, 0.2333, 0.3167, 0.4667, 0.55, 0.7, 0.8333, 1.0],
            "transform": [
                [0.99988, -0.015295, -0.002367, -0.0, 0.01535, 0.999562, 0.025316, 0.05, 0.001979, -0.025349, 0.999677, 0.0, 0.0, 0.0, 0.0, 1.0],
                [0.99988, -0.015295, -0.002367, 0.0, 0.01535, 0.999562, 0.025316, 0.05, 0.001979, -0.025349, 0.999677, -0.0, 0.0, 0.0, 0.0, 1.0],
                [0.999986, -0.005196, -0.00076, 0.0, 0.005202, 0.99995, 0.008593, 0.05, 0.000715, -0.008597, 0.999963, -0.0, 0.0, 0.0, 0.0, 1.0],
                [1.0, -0.0, -0.0, 0.0, 0.0, 1.0, 0.0, 0.05, -0.0, 0.0, 1.0, 0.0, 0.0, 0.0, 0.0, 1.0],
                [0.99988, -0.015295, -0.002367, -0.0, 0.01535, 0.999562, 0.025316, 0.05, 0.001979, -0.025349, 0.999677, 0.0, 0.0, 0.0, 0.0, 1.0],
                [0.99988, -0.015295, -0.002367, -0.0, 0.01535, 0.999562, 0.025313, 0.05, 0.001979, -0.025347, 0.999677, -0.0, 0.0, 0.0, 0.0, 1.0],
                [0.99988, -0.015295, -0.002367, 0.0, 0.01535, 0.999562, 0.025316, 0.05, 0.001979, -0.025349, 0.999677, 0.0, 0.0, 0.0, 0.0, 1.0],
                [0.99988, -0.015295, -0.002367, 0.0, 0.01535, 0.999562, 0.025316, 0.05, 0.001979, -0.025349, 0.999677, 0.0, 0.0, 0.0, 0.0, 1.0]
            ]
        },
        {
            "name": "Chest",
            "time": [0.0, 0.0833, 0.2333, 0.3167, 0.4667, 0.55, 0.7, 1.0],
            "transform": [
                [0.999517, 0.030868, 0.003498, -0.0, -0.030633, 0.998048, -0.054416, 0.3, -0.005171, 0.054283, 0.998512, -0.0, 0.0, 0.0, 0.0, 1.0],
                [0.999517, 0.030868, 0.003498, -0.0, -0.030633, 0.998048, -0.054416, 0.3, -0.005171, 0.054283, 0.998512, 0.0, 0.0, 0.0, 0.0, 1.0],
                [0.999517, 0.030868, 0.003498, 0.0, -0.030633, 0.998048, -0.054415, 0.3, -0.005171, 0.054282, 0.998512, 0.0, 0.0, 0.0, 0.0, 1.0],
                [0.999944, 0.010452, 0.001375, 0.0, -0.010425, 0.999775, -0.018456, 0.3, -0.001568, 0.01844, 0.999829, -0.0, 0.0, 0.0, 0.0, 1.0],
                [1.0, -0.0, 0.0, -0.0, 0.0, 1.0, 0.0, 0.3, 0.0, 0.0, 1.0, -0.0, 0.0, 0.0, 0.0, 1.0],
                [0.999517, 0.030868, 0.003498, -0.0, -0.030633, 0.998048, -0.054416, 0.3, -0.005171, 0.054283, 0.998512, 0.0, 0.0, 0.0, 0.0, 1.0],
                [0.999517, 0.030868, 0.003498, 0.0, -0.030633, 0.998048, -0.054415, 0.3, -0.005171, 0.054282, 0.998512, 0.0, 0.0, 0.0, 0.0, 1.0],
                [0.999517, 0.030868, 0.003498, 0.0, -0.030633, 0.998048, -0.054415, 0.3, -0.005171, 0.054282, 0.998512, 0.0, 0.0, 0.0, 0.0, 1.0]
            ]
        },
        {
            "name": "Head",
            "time": [0.0, 0.0833, 0.2333, 0.3167, 0.4667, 0.55, 0.7, 0.8333, 1.0],
            "transform": [
                [0.913827, 0.002812, 0.406095, -0.0, 0.058721, 0.988552, -0.138984, 0.4, -0.401837, 0.150854, 0.9032, 0.0, 0.0, 0.0, 0.0, 1.0],
                [0.999603, -0.016963, 0.022486, 0.0, 0.021084, 0.979973, -0.198009, 0.4, -0.018677, 0.198405, 0.979942, -0.0, 0.0, 0.0, 0.0, 1.0],
                [0.983409, -0.035124, -0.177968, 0.0, -0.009352, 0.969955, -0.243106, 0.4, 0.18116, 0.240737, 0.953534, -0.0, 0.0, 0.0, 0.0, 1.0],
                [0.875682, 0.06796, 0.478083, -0.0, 0.091191, 0.94896, -0.301926, 0.4, -0.4742, 0.307988, 0.824789, -0.0, 0.0, 0.0, 0.0, 1.0],
                [0.659023, 0.124409, 0.741762, 0.0, 0.145426, 0.946537, -0.287959, 0.4, -0.73793, 0.297643, 0.605697, -0.0, 0.0, 0.0, 0.0, 1.0],
                [0.999603, -0.016963, 0.022486, -0.0, 0.021084, 0.979973, -0.198009, 0.4, -0.018677, 0.198405, 0.979942, 0.0, 0.0, 0.0, 0.0, 1.0],
                [0.983705, -0.035103, -0.17633, 0.0, -0.008037, 0.971189, -0.238175, 0.4, 0.179611, 0.235711, 0.955081, 0.0, 0.0, 0.0, 0.0, 1.0],
                [0.983409, -0.035124, -0.177968, 0.0, -0.009352, 0.969954, -0.243106, 0.4, 0.18116, 0.240737, 0.953534, -0.0, 0.0, 0.0, 0.0, 1.0],
                [0.983409, -0.035124, -0.177968, 0.0, -0.009352, 0.969955, -0.243106, 0.4, 0.18116, 0.240737, 0.953534, -0.0, 0.0, 0.0, 0.0, 1.0]
            ]
        },
        {
            "name": "Shoulder_R",
            "time": [0.0, 0.0833, 0.2333, 0.3167, 0.4667, 0.55, 0.7, 0.8333, 1.0],
            "transform": [
                [-0.417294, 0.845493, 0.333177, -0.0, 0.010887, -0.361946, 0.932135, 0.4, 0.908706, 0.392601, 0.141833, 0.0, 0.0, 0.0, 0.0, 1.0],
                [0.344771, 0.922403, 0.174081, 0.0, 0.027725, -0.195377, 0.980336, 0.4, 0.938277, -0.333165, -0.092934, -0.0, 0.0, 0.0, 0.0, 1.0],
                [0.674075, 0.737736, 0.036981, 0.0, 0.08414, -0.126425, 0.988401, 0.4, 0.733855, -0.663145, -0.147293, -0.0, 0.0, 0.0, 0.0, 1.0],
                [-0.036345, 0.960033, 0.277515, -0.0, 0.002144, -0.277623, 0.960688, 0.4, 0.999337, 0.035511, 0.008031, -0.0, 0.0, 0.0, 0.0, 1.0],
                [-0.417294, 0.845493, 0.333177, 0.0, 0.010887, -0.361946, 0.932135, 0.4, 0.908706, 0.392601, 0.141833, -0.0, 0.0, 0.0, 0.0, 1.0],
                [0.344771, 0.922403, 0.174081, -0.0, 0.027725, -0.195377, 0.980336, 0.4, 0.938277, -0.333165, -0.092934, 0.0, 0.0, 0.0, 0.0, 1.0],
                [0.668441, 0.742695, 0.039891, 0.0, 0.082769, -0.12758, 0.988369, 0.4, 0.739146, -0.657364, -0.146752, 0.0, 0.0, 0.0, 0.0, 1.0],
                [0.674075, 0.737736, 0.036981, 0.0, 0.08414, -0.126425, 0.988401, 0.4, 0.733855, -0.663145, -0.147293, -0.0, 0.0, 0.0, 0.0, 1.0],
                [0.674075, 0.737736, 0.036981, 0.0, 0.08414, -0.126425, 0.988401, 0.4, 0.733855, -0.663145, -0.147293, -0.0, 0.0, 0.0, 0.0, 1.0]
            ]
        },
        {
            "name": "Arm_R",
            "time": [0.0, 0.0833, 0.2333, 0.3167, 0.4667, 0.55, 0.7, 0.8333, 1.0],
            "transform": [
                [0.586998, -0.123625, -0.800094, -0.0, 0.162791, 0.986111, -0.032934, 0.39386, 0.793053, -0.110916, 0.59897, -0.0, 0.0, 0.0, 0.0, 1.0],
                [0.327747, -0.356782, -0.874808, 0.0, -0.123781, 0.901755, -0.414146, 0.393861, 0.936622, 0.244019, 0.251385, -0.0, 0.0, 0.0, 0.0, 1.0],
                [0.21491, -0.496898, -0.840777, -0.0, -0.302685, 0.784614, -0.541075, 0.39386, 0.928545, 0.370773, 0.018217, -0.0, 0.0, 0.0, 0.0, 1.0],
                [0.147966, 0.075463, -0.986109, -0.0, 0.10772, 0.989923, 0.091918, 0.39386, 0.983108, -0.119825, 0.138346, 0.0, 0.0, 0.0, 0.0, 1.0],
                [0.210526, 0.36359, -0.907458, -0.0, 0.306363, 0.856964, 0.414433, 0.39386, 0.928343, -0.36526, 0.069023, 0.0, 0.0, 0.0, 0.0, 1.0],
                [0.327747, -0.356782, -0.874808, 0.0, -0.123781, 0.901755, -0.414146, 0.39386, 0.936622, 0.244019, 0.251385, -0.0, 0.0, 0.0, 0.0, 1.0],
                [0.220145, -0.49155, -0.842564, 0.0, -0.300162, 0.78771, -0.537974, 0.39386, 0.928137, 0.371338, 0.025866, 0.0, 0.0, 0.0, 0.0, 1.0],
                [0.21491, -0.496898, -0.840777, -0.0, -0.302685, 0.784614, -0.541075, 0.393861, 0.928545, 0.370773, 0.018217, 0.0, 0.0, 0.0, 0.0, 1.0],
                [0.21491, -0.496898, -0.840777, 0.0, -0.302685, 0.784614, -0.541075, 0.39386, 0.928545, 0.370773, 0.018217, -0.0, 0.0, 0.0, 0.0, 1.0]
            ]
        },
        {
            "name": "Hand_R",
            "time": [0.0, 0.0833, 0.2333, 0.3167, 0.4667, 0.55, 0.7, 0.8333, 1.0],
            "transform": [
                [0.999999, 0.001074, -0.000121, -0.0, -0.000524, 0.383638, -0.923483, 0.3, -0.000945, 0.923483, 0.383639, 0.0, 0.0, 0.0, 0.0, 1.0],
                [1.0, -0.000174, 0.000493, -0.0, 0.000522, 0.383647, -0.92348, 0.3, -2.9e-05, 0.92348, 0.383647, 0.0, 0.0, 0.0, 0.0, 1.0],
                [0.999999, -0.000878, 0.000973, 0.0, 0.001002, 0.990734, -0.135816, 0.3, -0.000844, 0.135817, 0.990734, -0.0, 0.0, 0.0, 0.0, 1.0],
                [0.999996, -0.002921, -1.9e-05, -0.0, 0.001963, 0.676782, -0.736181, 0.3, 0.002163, 0.736177, 0.676785, 0.0, 0.0, 0.0, 0.0, 1.0],
                [0.999998, -0.00204, 0.000675, 0.0, 0.001406, 0.383645, -0.92348, 0.3, 0.001624, 0.923479, 0.383647, -0.0, 0.0, 0.0, 0.0, 1.0],
                [0.999976, -0.006114, 0.003238, -0.0, 0.005335, 0.383625, -0.923474, 0.3, 0.004404, 0.923469, 0.383649, -0.0, 0.0, 0.0, 0.0, 1.0],
                [0.999999, -0.00151, 0.000937, 0.0, 0.001693, 0.969721, -0.244211, 0.3, -0.000539, 0.244212, 0.969722, 0.0, 0.0, 0.0, 0.0, 1.0],
                [0.999999, -0.000878, 0.000973, -0.0, 0.001002, 0.990734, -0.135816, 0.3, -0.000844, 0.135817, 0.990734, 0.0, 0.0, 0.0, 0.0, 1.0],
                [0.999999, -0.000878, 0.000973, 0.0, 0.001002, 0.990734, -0.135816, 0.3, -0.000844, 0.135817, 0.990734, 0.0, 0.0, 0.0, 0.0, 1.0]
            ]
        },
        {
            "name": "Tool_R",
            "time": [0.0, 0.0833, 0.2333, 0.3167, 0.4667, 0.55, 0.7, 0.8333, 1.0],
            "transform": [
                [1.0, 0.0, 0.0, 0.0, 0.0, -0.999836, 0.018122, 0.272858, 0.0, -0.018122, -0.999244, -0.0, 0.0, 0.0, 0.0, 1.0],
                [-0.239967, -0.964697, 0.108518, 0.0, 0.219911, -0.162898, -0.961823, 0.272858, 0.944988, -0.206821, 0.251078, -0.0, 0.0, 0.0, 0.0, 1.0],
                [-0.524598, -0.851344, -0.003208, -0.0, 0.087392, -0.050101, -0.994914, 0.272858, 0.846353, -0.521901, 0.100613, -0.0, 0.0, 0.0, 0.0, 1.0],
                [0.905305, -0.392542, 0.162279, 0.0, -0.240149, -0.788134, -0.566722, 0.272858, 0.350149, 0.473796, -0.807297, -0.0, 0.0, 0.0, 0.0, 1.0],
                [0.999906, 0.013225, 0.003617, 0.0, 0.013707, -0.970155, -0.242098, 0.272858, 0.000307, 0.241971, -0.969673, -0.0, 0.0, 0.0, 0.0, 1.0],
                [-0.239967, -0.964697, 0.108518, 0.0, 0.219911, -0.162898, -0.961823, 0.272858, 0.944988, -0.206821, 0.251078, -0.0, 0.0, 0.0, 0.0, 1.0],
                [-0.592517, -0.803838, -0.052615, -0.0, 0.05748, 0.02296, -0.998083, 0.272858, 0.80303, -0.594053, 0.03257, -0.0, 0.0, 0.0, 0.0, 1.0],
                [-0.609688, -0.791761, -0.037342, -0.0, 0.039314, 0.016847, -0.999085, 0.272858, 0.791198, -0.610237, 0.020833, -0.0, 0.0, 0.0, 0.0, 1.0],
                [-0.609688, -0.791761, -0.037342, -0.0, 0.039314, 0.016847, -0.999085, 0.272858, 0.791198, -0.610237, 0.020833, -0.0, 0.0, 0.0, 0.0, 1.0]
            ]
        },
        {
            "name": "Elbow_R",
            "time": [0.0, 0.0833, 0.2333, 0.3167, 0.4667, 0.55, 0.7, 1.0],
            "transform": [
                [-1.0, 0.0, 0.0, 0.0, -0.0, 0.0, -1.0, 0.415855, -0.0, -1.0, 0.0, 0.0, 0.0, 0.0, 0.0, 1.0],
                [-1.0, 0.0, -0.0, -0.0, 0.0, 0.0, -1.0, 0.415468, -0.0, -1.0, 0.0, 0.0, 0.0, 0.0, 0.0, 1.0],
                [-1.0, 0.0, -0.0, 0.0, 0.0, -0.0, -1.0, 0.331971, -0.0, -1.0, 0.0, -0.0, 0.0, 0.0, 0.0, 1.0],
                [-1.0, 0.0, -0.0, -0.0, 0.0, 0.0, -1.0, 0.385282, -0.0, -1.0, 0.0, 0.0, 0.0, 0.0, 0.0, 1.0],
                [-1.0, 0.0, -0.0, 0.0, 0.0, -0.0, -1.0, 0.41584, -0.0, -1.0, 0.0, -0.0, 0.0, 0.0, 0.0, 1.0],
                [-1.0, 0.0, -0.0, -0.0, 0.0, 0.0, -1.0, 0.409552, -0.0, -1.0, 0.0, 0.0, 0.0, 0.0, 0.0, 1.0],
                [-1.0, 0.0, -0.0, 0.0, 0.0, -0.0, -1.0, 0.3, -0.0, -1.0, 0.0, 0.0, 0.0, 0.0, 0.0, 1.0],
                [-1.0, 0.0, -0.0, 0.0, 0.0, -0.0, -1.0, 0.3, -0.0, -1.0, 0.0, 0.0, 0.0, 0.0, 0.0, 1.0]
            ]
        },
        {
            "name": "Shoulder_L",
            "time": [0.0, 0.2333, 0.3167, 0.4667, 0.55, 0.7, 0.8333, 1.0],
            "transform": [
                [-0.28503, -0.899376, -0.331482, -0.0, -0.007295, -0.343782, 0.939021, 0.4, -0.958491, 0.270067, 0.091427, 0.0, 0.0, 0.0, 0.0, 1.0],
                [-0.28503, -0.899376, -0.331482, 0.0, -0.007295, -0.343782, 0.939021, 0.4, -0.958491, 0.270067, 0.091427, -0.0, 0.0, 0.0, 0.0, 1.0],
                [0.103654, -0.956908, -0.27126, -0.0, -0.011077, -0.273823, 0.961716, 0.4, -0.994552, -0.096682, -0.038982, -0.0, 0.0, 0.0, 0.0, 1.0],
                [0.299484, -0.928032, -0.221508, 0.0, -0.023971, -0.239409, 0.970623, 0.4, -0.9538, -0.285376, -0.093945, -0.0, 0.0, 0.0, 0.0, 1.0],
                [-0.28503, -0.899376, -0.331482, -0.0, -0.007295, -0.343782, 0.939021, 0.4, -0.958491, 0.270067, 0.091427, 0.0, 0.0, 0.0, 0.0, 1.0],
                [-0.28503, -0.899376, -0.331482, 0.0, -0.007295, -0.343782, 0.939021, 0.4, -0.958491, 0.270067, 0.091427, 0.0, 0.0, 0.0, 0.0, 1.0],
                [-0.28503, -0.899376, -0.331482, 0.0, -0.007295, -0.343782, 0.939021, 0.4, -0.958491, 0.270067, 0.091427, -0.0, 0.0, 0.0, 0.0, 1.0],
                [-0.28503, -0.899376, -0.331482, 0.0, -0.007295, -0.343782, 0.939021, 0.4, -0.958491, 0.270067, 0.091427, -0.0, 0.0, 0.0, 0.0, 1.0]
            ]
        },
        {
            "name": "Arm_L",
            "time": [0.0, 0.0833, 0.2333, 0.3167, 0.4667, 0.55, 0.7, 0.8333, 1.0],
            "transform": [
                [-0.270233, -0.61672, 0.739344, 0.0, -0.458732, 0.757622, 0.464299, 0.39386, -0.846486, -0.213692, -0.487644, 0.0, 0.0, 0.0, 0.0, 1.0],
                [-0.079034, -0.78014, 0.620592, 0.0, -0.368894, 0.601234, 0.708826, 0.39386, -0.926105, -0.172911, -0.335307, 0.0, 0.0, 0.0, 0.0, 1.0],
                [-0.033211, -0.853964, 0.519271, -0.0, -0.228706, 0.512265, 0.827815, 0.39386, -0.972929, -0.091268, -0.21232, 0.0, 0.0, 0.0, 0.0, 1.0],
                [0.00607, -0.006096, 0.999963, 0.0, 0.402608, 0.915367, 0.003137, 0.39386, -0.915353, 0.402573, 0.008011, 0.0, 0.0, 0.0, 0.0, 1.0],
                [0.219475, 0.430004, 0.875744, -0.0, 0.517049, 0.709938, -0.478172, 0.39386, -0.82734, 0.557749, -0.066519, 0.0, 0.0, 0.0, 0.0, 1.0],
                [-0.079034, -0.78014, 0.620592, 0.0, -0.368894, 0.601234, 0.708826, 0.39386, -0.926105, -0.172911, -0.335307, 0.0, 0.0, 0.0, 0.0, 1.0],
                [-0.027769, -0.852058, 0.52271, -0.0, -0.239831, 0.513318, 0.824006, 0.39386, -0.970417, -0.102481, -0.218605, -0.0, 0.0, 0.0, 0.0, 1.0],
                [-0.033211, -0.853964, 0.519271, -0.0, -0.228706, 0.512265, 0.827815, 0.39386, -0.972929, -0.091268, -0.21232, -0.0, 0.0, 0.0, 0.0, 1.0],
                [-0.033211, -0.853964, 0.519271, 0.0, -0.228706, 0.512265, 0.827815, 0.39386, -0.972929, -0.091268, -0.21232, -0.0, 0.0, 0.0, 0.0, 1.0]
            ]
        },
        {
            "name": "Hand_L",
            "time": [0.0, 0.3167, 0.4667, 0.55, 1.0],
            "transform": [
                [0.999999, 0.001247, -0.000754, 0.0, -0.001132, 0.338351, -0.94102, 0.3, -0.000919, 0.94102, 0.338352, 0.0, 0.0, 0.0, 0.0, 1.0],
                [0.999998, 0.001425, -0.001248, -0.0, -0.001656, 0.33835, -0.941019, 0.3, -0.000919, 0.94102, 0.338352, -0.0, 0.0, 0.0, 0.0, 1.0],
                [0.999975, -0.006805, 0.00215, 0.0, 0.006816, 0.999962, -0.005519, 0.3, -0.002113, 0.005534, 0.999983, 0.0, 0.0, 0.0, 0.0, 1.0],
                [0.999998, 0.001425, -0.001248, -0.0, -0.001656, 0.33835, -0.941019, 0.3, -0.000919, 0.94102, 0.338352, 0.0, 0.0, 0.0, 0.0, 1.0],
                [0.999998, 0.001425, -0.001248, -0.0, -0.001656, 0.33835, -0.941019, 0.3, -0.000919, 0.94102, 0.338352, 0.0, 0.0, 0.0, 0.0, 1.0]
            ]
        },
        {
            "name": "Tool_L",
            "time": [0.0, 0.0833, 0.2333, 0.3167, 0.4667, 0.55, 0.7, 0.8333, 1.0],
            "transform": [
                [1.0, -0.0, 0.0, -0.0, 0.0, -0.999836, 0.018122, 0.272858, 0.0, -0.018122, -0.999247, 0.0, 0.0, 0.0, 0.0, 1.0],
                [0.999999, -0.000799, 0.001131, -0.0, -0.000692, -0.995778, -0.091792, 0.272858, 0.001199, 0.091727, -0.995193, 0.0, 0.0, 0.0, 0.0, 1.0],
                [0.999982, -0.004036, 0.004608, 0.0, -0.002492, -0.955215, -0.295902, 0.272858, 0.005592, 0.2957, -0.954649, 0.0, 0.0, 0.0, 0.0, 1.0],
                [-0.143429, -0.902158, 0.406865, -0.0, 0.207783, -0.429404, -0.878885, 0.272858, 0.967036, -0.041499, 0.248886, 0.0, 0.0, 0.0, 0.0, 1.0],
                [0.428627, -0.900763, -0.070034, 0.0, 0.070393, 0.110575, -0.991372, 0.272858, 0.900206, 0.419753, 0.110727, 0.0, 0.0, 0.0, 0.0, 1.0],
                [0.999999, -0.000799, 0.001131, 0.0, -0.000692, -0.995778, -0.091792, 0.272858, 0.001199, 0.091727, -0.995193, 0.0, 0.0, 0.0, 0.0, 1.0],
                [0.999985, -0.003648, 0.004261, 0.0, -0.00234, -0.96171, -0.274057, 0.272858, 0.005095, 0.273872, -0.961141, 0.0, 0.0, 0.0, 0.0, 1.0],
                [0.999981, -0.004036, 0.004608, 0.0, -0.002492, -0.955215, -0.295902, 0.272858, 0.005592, 0.2957, -0.954649, 0.0, 0.0, 0.0, 0.0, 1.0],
                [0.999981, -0.004036, 0.004608, 0.0, -0.002492, -0.955215, -0.295902, 0.272858, 0.005592, 0.2957, -0.954648, 0.0, 0.0, 0.0, 0.0, 1.0]
            ]
        },
        {
            "name": "Elbow_L",
            "time": [0.0, 0.0833, 0.2333, 0.3167, 0.4667, 0.55, 0.7, 1.0],
            "transform": [
                [-1.0, 0.0, -0.0, 0.0, 0.0, -0.0, -1.0, 0.420489, -0.0, -1.0, -0.0, 0.0, 0.0, 0.0, 0.0, 1.0],
                [-1.0, 0.0, -0.0, 0.0, 0.0, -0.0, -1.0, 0.41961, -0.0, -1.0, -0.0, 0.0, 0.0, 0.0, 0.0, 1.0],
                [-1.0, 0.0, -0.0, -0.0, 0.0, -0.0, -1.0, 0.420434, -0.0, -1.0, -0.0, -0.0, 0.0, 0.0, 0.0, 1.0],
                [-1.0, 0.0, -0.0, -0.0, 0.0, -0.0, -1.0, 0.420781, -0.0, -1.0, 0.0, 0.0, 0.0, 0.0, 0.0, 1.0],
                [-1.0, 0.0, -0.0, 0.0, 0.0, -0.0, -1.0, 0.3, -0.0, -1.0, -0.0, 0.0, 0.0, 0.0, 0.0, 1.0],
                [-1.0, 0.0, -0.0, -0.0, 0.0, -0.0, -1.0, 0.421219, -0.0, -1.0, -0.0, 0.0, 0.0, 0.0, 0.0, 1.0],
                [-1.0, 0.0, -0.0, 0.0, 0.0, -0.0, -1.0, 0.422146, -0.0, -1.0, -0.0, -0.0, 0.0, 0.0, 0.0, 1.0],
                [-1.0, 0.0, -0.0, 0.0, 0.0, -0.0, -1.0, 0.422536, -0.0, -1.0, -0.0, 0.0, 0.0, 0.0, 0.0, 1.0]
            ]
        }
    ]
}