{
    "animation": [
        {
            "name": "Root",
            "time": [0.0, 0.2167, 0.4333, 0.6167, 0.8667, 0.95],
            "transform": [
                [0.963034, -0.004401, 0.269345, -5e-06, 0.269115, -0.028736, -0.962679, 0.000946, 0.011977, 0.999577, -0.02649, 0.726084, 0.0, 0.0, 0.0, 1.0],
                [0.642052, -0.002716, 0.766657, -5e-06, 0.766033, -0.0382, -0.641665, 0.000946, 0.031029, 0.999266, -0.022446, 0.698139, 0.0, 0.0, 0.0, 1.0],
                [0.602801, 0.0, 0.797892, -5e-06, 0.797098, -0.044596, -0.602201, 0.000946, 0.035583, 0.999005, -0.026882, 0.692354, 0.0, 0.0, 0.0, 1.0],
                [0.420515, 0.352941, -0.835823, -5e-06, -0.887989, 0.349092, -0.299351, 0.998232, 0.186126, 0.868083, 0.460206, 0.694326, 0.0, 0.0, 0.0, 1.0],
                [0.37868, 0.366613, -0.849821, -5e-06, -0.903694, 0.344726, -0.253971, 1.035788, 0.199846, 0.864152, 0.461847, 0.6946, 0.0, 0.0, 0.0, 1.0],
                [0.60163, 0.19038, -0.775755, -5e-06, -0.794784, 0.239629, -0.55758, 1.100485, 0.079741, 0.952016, 0.295479, 0.720174, 0.0, 0.0, 0.0, 1.0]
            ]
        },
        {
            "name": "Thigh_R",
            "time": [0.0, 0.2167, 0.4333, 0.6167, 0.8667, 0.95],
            "transform": [
                [0.979567, 0.136284, 0.147901, 0.124994, 0.066861, -0.914242, 0.399609, -0.002831, 0.189678, -0.381553, -0.904676, -1.2e-05, 0.0, 0.0, 0.0, 1.0],
                [0.662096, 0.424935, 0.617299, 0.124994, 0.070221, -0.855255, 0.513424, -0.002831, 0.746121, -0.296588, -0.596102, -1.2e-05, 0.0, 0.0, 0.0, 1.0],
                [0.572289, 0.467058, 0.674049, 0.124994, 0.055774, -0.842221, 0.536237, -0.002831, 0.818153, -0.269287, -0.508045, -1.2e-05, 0.0, 0.0, 0.0, 1.0],
                [0.871032, 0.178457, -0.457664, 0.124994, 0.343595, -0.887173, 0.307997, -0.002831, -0.351064, -0.425525, -0.834076, -1.2e-05, 0.0, 0.0, 0.0, 1.0],
                [0.845392, 0.179402, -0.503118, 0.124994, 0.369394, -0.876719, 0.308073, -0.002831, -0.385824, -0.44629, -0.807443, -1.2e-05, 0.0, 0.0, 0.0, 1.0],
                [0.934861, 0.092707, -0.342694, 0.124994, 0.223512, -0.903669, 0.36527, -0.002831, -0.275819, -0.418072, -0.865528, -1.2e-05, 0.0, 0.0, 0.0, 1.0]
            ]
        },
        {
            "name": "Leg_R",
            "time": [0.0, 0.2167, 0.4333, 0.6167, 0.8667, 0.95],
            "transform": [
                [1.0, -0.0, 1e-06, 0.0, -0.0, 0.924628, 0.380872, 0.37472, -1e-06, -0.380873, 0.924627, -0.0, 0.0, 0.0, 0.0, 1.0],
                [1.0, -0.0, 1e-06, 0.0, -0.0, 0.800108, 0.599856, 0.37472, -1e-06, -0.599857, 0.800107, -0.0, 0.0, 0.0, 0.0, 1.0],
                [1.0, -0.0, 1e-06, -0.0, -0.0, 0.814066, 0.580773, 0.37472, -1e-06, -0.580774, 0.814065, 0.0, 0.0, 0.0, 0.0, 1.0],
                [1.0, 0.0, 1e-06, -0.0, 0.0, 0.999957, 0.009341, 0.37472, -0.0, -0.009341, 0.999956, -0.0, 0.0, 0.0, 0.0, 1.0],
                [1.0, 0.0, 0.0, 0.0, -0.0, 0.99995, 0.010043, 0.37472, -0.0, -0.010043, 0.999949, -0.0, 0.0, 0.0, 0.0, 1.0],
                [1.0, -0.0, 1e-06, 0.0, 0.0, 0.926513, 0.376263, 0.37472, -1e-06, -0.376264, 0.926512, -0.0, 0.0, 0.0, 0.0, 1.0]
            ]
        },
        {
            "name": "Knee_R",
            "time": [0.0, 0.2167, 0.4333, 0.6167, 0.8667, 0.95],
            "transform": [
                [1.0, 0.0, -0.0, 0.0, -0.0, 1e-06, -1.0, 0.377108, -0.0, 1.0, 1e-06, -0.0, 0.0, 0.0, 0.0, 1.0],
                [1.0, 0.0, -0.0, 0.0, -0.0, 1e-06, -1.0, 0.39536, -0.0, 1.0, 1e-06, -0.0, 0.0, 0.0, 0.0, 1.0],
                [1.0, 0.0, -0.0, -0.0, -0.0, 1e-06, -1.0, 0.393824, -0.0, 1.0, 1e-06, 0.0, 0.0, 0.0, 0.0, 1.0],
                [1.0, 0.0, -0.0, -0.0, -0.0, 1e-06, -1.0, 0.37472, -0.0, 1.0, 1e-06, -0.0, 0.0, 0.0, 0.0, 1.0],
                [1.0, 0.0, -0.0, 0.0, -0.0, 1e-06, -1.0, 0.406094, -0.0, 1.0, 1e-06, -0.0, 0.0, 0.0, 0.0, 1.0],
                [1.0, 0.0, -0.0, -0.0, -0.0, 1e-06, -1.0, 0.381851, -0.0, 1.0, 1e-06, -0.0, 0.0, 0.0, 0.0, 1.0]
            ]
        },
        {
            "name": "Thigh_L",
            "time": [0.0, 0.2167, 0.4333, 0.6167, 0.8667, 0.95],
            "transform": [
                [0.975187, -0.012395, 0.221035, -0.125006, -0.022661, -0.998776, 0.043973, -0.002831, 0.22022, -0.04789, -0.974274, -1.2e-05, 0.0, 0.0, 0.0, 1.0],
                [0.824923, -0.172818, 0.538179, -0.125006, -0.177356, -0.983169, -0.043858, -0.002831, 0.5367, -0.05927, -0.841689, -1.2e-05, 0.0, 0.0, 0.0, 1.0],
                [0.819764, -0.177763, 0.544415, -0.125006, -0.201354, -0.979378, -0.016593, -0.002831, 0.536138, -0.096017, -0.838652, -1.2e-05, 0.0, 0.0, 0.0, 1.0],
                [0.350068, -0.699247, -0.623303, -0.125006, 0.299973, -0.546681, 0.781765, -0.002831, -0.887395, -0.460644, 0.018379, -1.2e-05, 0.0, 0.0, 0.0, 1.0],
                [0.313961, -0.723385, -0.614933, -0.125006, 0.303, -0.537474, 0.786964, -0.002831, -0.899789, -0.4334, 0.050439, -1.2e-05, 0.0, 0.0, 0.0, 1.0],
                [0.555316, -0.477209, -0.6811, -0.125006, 0.149943, -0.748111, 0.646411, -0.00283, -0.818011, -0.461088, -0.343884, -1.2e-05, 0.0, 0.0, 0.0, 1.0]
            ]
        },
        {
            "name": "Leg_L",
            "time": [0.0, 0.2167, 0.4333, 0.6167, 0.8667, 0.95],
            "transform": [
                [1.0, -0.0, 1e-06, -0.0, -0.0, 0.858294, 0.513157, 0.37472, -1e-06, -0.513157, 0.858295, -0.0, 0.0, 0.0, 0.0, 1.0],
                [1.0, -0.0, 1e-06, -0.0, -0.0, 0.838776, 0.544477, 0.37472, -1e-06, -0.544477, 0.838776, -0.0, 0.0, 0.0, 0.0, 1.0],
                [1.0, -0.0, 1e-06, 0.0, -1e-06, 0.809932, 0.586523, 0.37472, -1e-06, -0.586523, 0.809933, -0.0, 0.0, 0.0, 0.0, 1.0],
                [1.0, -1e-06, 1e-06, -0.0, -0.0, 0.562825, 0.826576, 0.37472, -1e-06, -0.826576, 0.562826, -0.0, 0.0, 0.0, 0.0, 1.0],
                [1.0, -1e-06, 1e-06, 0.0, -0.0, 0.563241, 0.826293, 0.37472, -1e-06, -0.826292, 0.563241, -0.0, 0.0, 0.0, 0.0, 1.0],
                [1.0, -1e-06, 1e-06, 0.0, 0.0, 0.741721, 0.670709, 0.37472, -1e-06, -0.670708, 0.741721, 0.0, 0.0, 0.0, 0.0, 1.0]
            ]
        },
        {
            "name": "Knee_L",
            "time": [0.0, 0.2167, 0.4333, 0.6167, 0.8667, 0.95],
            "transform": [
                [1.0, 0.0, -0.0, -0.0, -0.0, 1e-06, -1.0, 0.38666, -0.0, 1.0, 1e-06, -0.0, 0.0, 0.0, 0.0, 1.0],
                [1.0, 0.0, -0.0, -0.0, -0.0, 1e-06, -1.0, 0.389621, -0.0, 1.0, 1e-06, -0.0, 0.0, 0.0, 0.0, 1.0],
                [1.0, 0.0, -0.0, 0.0, -0.0, 1e-06, -1.0, 0.393824, -0.0, 1.0, 1e-06, -0.0, 0.0, 0.0, 0.0, 1.0],
                [1.0, 0.0, -0.0, 0.0, -0.0, 1e-06, -1.0, 0.42057, -0.0, 1.0, 1e-06, -0.0, 0.0, 0.0, 0.0, 1.0],
                [1.0, 0.0, -0.0, 0.0, -0.0, 1e-06, -1.0, 0.420111, -0.0, 1.0, 1e-06, -0.0, 0.0, 0.0, 0.0, 1.0],
                [1.0, 0.0, -0.0, 0.0, -0.0, 1e-06, -1.0, 0.40457, -0.0, 1.0, 1e-06, 0.0, 0.0, 0.0, 0.0, 1.0]
            ]
        },
        {
            "name": "Torso",
            "time": [0.0, 0.2167, 0.4333, 0.6167, 0.8667, 0.95],
            "transform": [
                [1.0, -0.0, 0.0, -0.0, 0.0, 1.0, 0.0, 0.05, 0.0, -0.0, 1.0, 0.0, 0.0, 0.0, 0.0, 1.0],
                [0.998534, -0.054117, 0.001071, 0.0, 0.054114, 0.997673, -0.041477, 0.05, 0.001176, 0.041474, 0.999139, -0.0, 0.0, 0.0, 0.0, 1.0],
                [0.997938, -0.064174, 0.001433, -0.0, 0.064171, 0.996854, -0.046514, 0.05, 0.001557, 0.04651, 0.998917, -0.0, 0.0, 0.0, 0.0, 1.0],
                [0.999999, -0.001678, 0.0, -0.0, 0.001678, 0.999996, -0.002211, 0.05, 3e-06, 0.002211, 0.999998, 0.0, 0.0, 0.0, 0.0, 1.0],
                [1.0, -0.0, -0.0, -0.0, 0.0, 1.0, -0.0, 0.05, 0.0, -0.0, 1.0, -0.0, 0.0, 0.0, 0.0, 1.0],
                [0.999963, -0.008587, -4.3e-05, -0.0, 0.008587, 0.999912, 0.010101, 0.05, -4.3e-05, -0.010101, 0.999949, -0.0, 0.0, 0.0, 0.0, 1.0]
            ]
        },
        {
            "name": "Chest",
            "time": [0.0, 0.2167, 0.4333, 0.6167, 0.8667, 0.95],
            "transform": [
                [1.0, -0.000223, -1.9e-05, 0.0, 0.000203, 0.868583, 0.495543, 0.3, -9.5e-05, -0.495543, 0.868583, -0.0, 0.0, 0.0, 0.0, 1.0],
                [0.953143, -0.116592, -0.279151, -0.0, 0.131805, 0.990611, 0.036294, 0.3, 0.272299, -0.071387, 0.959561, -0.0, 0.0, 0.0, 0.0, 1.0],
                [0.927701, -0.152165, -0.340907, -0.0, 0.137962, 0.988257, -0.06568, 0.3, 0.346898, 0.013899, 0.9378, -0.0, 0.0, 0.0, 0.0, 1.0],
                [0.998997, 0.002145, -0.044729, 0.0, 0.01514, 0.923849, 0.382458, 0.3, 0.042143, -0.382751, 0.92289, -0.0, 0.0, 0.0, 0.0, 1.0],
                [0.999465, 0.003778, -0.032496, -0.0, 0.009311, 0.919369, 0.393287, 0.3, 0.031362, -0.393379, 0.918841, -0.0, 0.0, 0.0, 0.0, 1.0],
                [0.999872, -0.008913, -0.013306, -0.0, 0.011893, 0.969652, 0.244199, 0.3, 0.010726, -0.244326, 0.969634, -0.0, 0.0, 0.0, 0.0, 1.0]
            ]
        },
        {
            "name": "Head",
            "time": [0.0, 0.2167, 0.4333, 0.6167, 0.8667, 0.95],
            "transform": [
                [1.0, -0.000128, 4e-06, -0.0, 0.000122, 0.957035, 0.289973, 0.4, -4.1e-05, -0.289973, 0.957035, -0.0, 0.0, 0.0, 0.0, 1.0],
                [0.978925, 0.081225, 0.187371, 0.0, -0.097172, 0.992242, 0.077545, 0.4, -0.179619, -0.094118, 0.979224, 0.0, 0.0, 0.0, 0.0, 1.0],
                [0.917468, 0.196016, 0.346164, 0.0, -0.151358, 0.976735, -0.151922, 0.4, -0.367889, 0.086989, 0.925792, -0.0, 0.0, 0.0, 0.0, 1.0],
                [0.996597, 0.018743, 0.080266, -0.0, -0.017642, 0.999741, -0.014409, 0.4, -0.080516, 0.012944, 0.996669, 0.0, 0.0, 0.0, 0.0, 1.0],
                [0.998319, 0.005649, 0.057677, 0.0, -0.005357, 0.999972, -0.0052, 0.4, -0.057704, 0.004882, 0.998322, 0.0, 0.0, 0.0, 0.0, 1.0],
                [0.962151, 0.017156, 0.271978, 0.0, -0.009239, 0.999496, -0.030363, 0.4, -0.272362, 0.026701, 0.961824, 0.0, 0.0, 0.0, 0.0, 1.0]
            ]
        },
        {
            "name": "Shoulder_R",
            "time": [0.0, 0.2167, 0.4333, 0.6167, 0.8667, 0.95],
            "transform": [
                [0.089553, 0.949274, 0.301429, -0.0, -0.003663, -0.302329, 0.953197, 0.4, 0.995975, -0.086466, -0.023597, -0.0, 0.0, 0.0, 0.0, 1.0],
                [0.661198, 0.699205, 0.271899, 0.0, -0.20013, -0.184904, 0.962163, 0.4, 0.723025, -0.690595, 0.017674, 0.0, 0.0, 0.0, 0.0, 1.0],
                [0.741166, 0.614797, 0.269624, 0.0, -0.225329, -0.150506, 0.962587, 0.4, 0.632376, -0.774191, 0.026982, -0.0, 0.0, 0.0, 0.0, 1.0],
                [0.10875, 0.947662, 0.300184, -0.0, -0.010578, -0.300854, 0.953611, 0.4, 0.994013, -0.106881, -0.022693, 0.0, 0.0, 0.0, 0.0, 1.0],
                [0.089554, 0.949274, 0.301429, 0.0, -0.003661, -0.302329, 0.953197, 0.4, 0.995975, -0.086466, -0.0236, 0.0, 0.0, 0.0, 0.0, 1.0],
                [0.089554, 0.949274, 0.301429, 0.0, -0.003661, -0.302329, 0.953197, 0.4, 0.995975, -0.086466, -0.0236, 0.0, 0.0, 0.0, 0.0, 1.0]
            ]
        },
        {
            "name": "Arm_R",
            "time": [0.0, 0.2167, 0.4333, 0.6167, 0.8667, 0.95],
            "transform": [
                [-0.162427, -0.660862, -0.73272, -0.0, 0.757428, 0.392416, -0.521836, 0.39386, 0.632393, -0.639743, 0.436816, 0.0, 0.0, 0.0, 0.0, 1.0],
                [0.420854, -0.743259, -0.520047, 0.0, -0.239615, 0.461843, -0.853982, 0.393861, 0.87491, 0.484013, 0.016272, -0.0, 0.0, 0.0, 0.0, 1.0],
                [0.28929, -0.938421, -0.188889, -0.0, -0.339919, 0.083759, -0.936718, 0.393861, 0.894856, 0.33519, -0.294755, 0.0, 0.0, 0.0, 0.0, 1.0],
                [0.495086, -0.810777, -0.312299, 0.0, 0.36135, 0.519025, -0.774622, 0.393861, 0.790137, 0.270655, 0.549936, -0.0, 0.0, 0.0, 0.0, 1.0],
                [0.482658, -0.757062, -0.44034, -0.0, 0.411361, 0.639833, -0.64915, 0.393861, 0.773191, 0.132179, 0.620246, -0.0, 0.0, 0.0, 0.0, 1.0],
                [0.169285, -0.6513, -0.739696, 0.0, 0.727116, 0.589185, -0.352369, 0.39386, 0.665316, -0.478194, 0.573311, 0.0, 0.0, 0.0, 0.0, 1.0]
            ]
        },
        {
            "name": "Hand_R",
            "time": [0.0, 0.2167, 0.4333, 0.6167, 0.8667, 0.95],
            "transform": [
                [0.999985, 0.001325, 0.005391, 0.0, -0.00125, 0.999903, -0.013884, 0.3, -0.005409, 0.013877, 0.999889, 0.0, 0.0, 0.0, 0.0, 1.0],
                [0.999985, 0.001325, 0.005391, -0.0, -0.00125, 0.999903, -0.013883, 0.3, -0.005409, 0.013876, 0.999889, -0.0, 0.0, 0.0, 0.0, 1.0],
                [0.999985, 0.001325, 0.005391, 0.0, -0.00125, 0.999903, -0.013884, 0.3, -0.005409, 0.013877, 0.999889, -0.0, 0.0, 0.0, 0.0, 1.0],
                [1.0, 0.000107, 0.00057, 0.0, -0.000162, 0.995279, 0.09706, 0.3, -0.000557, -0.09706, 0.995278, -0.0, 0.0, 0.0, 0.0, 1.0],
                [1.0, 8.2e-05, 0.00044, -0.0, -0.000126, 0.994986, 0.100017, 0.3, -0.000429, -0.100017, 0.994986, -0.0, 0.0, 0.0, 0.0, 1.0],
                [0.999997, 0.000523, 0.002484, 0.0, -0.000655, 0.99857, 0.053459, 0.3, -0.002452, -0.05346, 0.998567, -0.0, 0.0, 0.0, 0.0, 1.0]
            ]
        },
        {
            "name": "Tool_R",
            "time": [0.0, 0.2167, 0.4333, 0.6167, 0.8667, 0.95],
            "transform": [
                [1.0, 0.0, 0.0, 0.0, 0.0, -0.999836, 0.018122, 0.272858, 0.0, -0.018122, -0.999244, 0.0, 0.0, 0.0, 0.0, 1.0],
                [1.0, -0.0, 0.0, 0.0, -0.0, -0.999836, 0.018122, 0.272858, 0.0, -0.018122, -0.999244, 0.0, 0.0, 0.0, 0.0, 1.0],
                [1.0, -0.0, 0.0, 0.0, 0.0, -0.999836, 0.018122, 0.272858, 0.0, -0.018122, -0.999244, 0.0, 0.0, 0.0, 0.0, 1.0],
                [0.999236, -0.032368, -0.021888, 0.0, -0.038903, -0.771631, -0.63488, 0.272858, 0.003658, 0.634863, -0.77185, 0.0, 0.0, 0.0, 0.0, 1.0],
                [0.999197, -0.032974, -0.02275, 0.0, -0.039848, -0.759616, -0.649151, 0.272858, 0.004122, 0.649143, -0.759877, 0.0, 0.0, 0.0, 0.0, 1.0],
                [0.999711, -0.021589, -0.010583, 0.0, -0.024019, -0.916536, -0.39923, 0.272858, -0.001081, 0.399122, -0.916252, 0.0, 0.0, 0.0, 0.0, 1.0]
            ]
        },
        {
            "name": "Elbow_R",
            "time": [0.0, 0.95],
            "transform": [
                [-1.0, 0.0, -0.0, 0.0, 0.0, -0.0, -1.0, 0.3, -0.0, -1.0, 0.0, 0.0, 0.0, 0.0, 0.0, 1.0],
                [-1.0, 0.0, -0.0, 0.0, 0.0, -0.0, -1.0, 0.3, -0.0, -1.0, 0.0, -0.0, 0.0, 0.0, 0.0, 1.0]
            ]
        },
        {
            "name": "Shoulder_L",
            "time": [0.0, 0.2167, 0.4333, 0.6167, 0.8667, 0.95],
            "transform": [
                [0.017693, -0.955231, -0.295333, -0.0, -0.016947, -0.295623, 0.955154, 0.4, -0.9997, -0.011895, -0.021418, -0.0, 0.0, 0.0, 0.0, 1.0],
                [-0.248829, -0.930807, -0.267735, 0.0, -0.060679, -0.260905, 0.963456, 0.4, -0.966645, 0.255981, 0.00844, 0.0, 0.0, 0.0, 0.0, 1.0],
                [-0.303728, -0.916345, -0.260885, 0.0, -0.068605, -0.252076, 0.965273, 0.4, -0.950285, 0.311079, 0.013696, -0.0, 0.0, 0.0, 0.0, 1.0],
                [-0.325912, -0.909516, -0.257997, -0.0, -0.071697, -0.248333, 0.966018, 0.4, -0.942677, 0.333334, 0.015725, 0.0, 0.0, 0.0, 0.0, 1.0],
                [-0.32601, -0.909485, -0.257982, 0.0, -0.071709, -0.248315, 0.966022, 0.4, -0.942643, 0.333432, 0.015735, 0.0, 0.0, 0.0, 0.0, 1.0],
                [-0.159041, -0.94731, -0.278047, 0.0, -0.046889, -0.274066, 0.960567, 0.4, -0.986158, 0.165807, -0.000831, 0.0, 0.0, 0.0, 0.0, 1.0]
            ]
        },
        {
            "name": "Arm_L",
            "time": [0.0, 0.2167, 0.4333, 0.6167, 0.8667, 0.95],
            "transform": [
                [0.20514, 0.150889, 0.967032, 0.0, -0.829115, 0.551821, 0.089781, 0.39386, -0.520082, -0.820198, 0.238305, 0.0, 0.0, 0.0, 0.0, 1.0],
                [-0.007538, -0.562644, 0.826665, 0.0, -0.578393, 0.676821, 0.455384, 0.39386, -0.815724, -0.474705, -0.330531, 0.0, 0.0, 0.0, 0.0, 1.0],
                [-0.007538, -0.562644, 0.826665, -0.0, -0.578393, 0.676821, 0.455384, 0.39386, -0.815724, -0.474705, -0.330531, 0.0, 0.0, 0.0, 0.0, 1.0],
                [-0.509946, 0.155403, 0.846053, -0.0, 0.221921, 0.974019, -0.045148, 0.39386, -0.831088, 0.164734, -0.531184, 0.0, 0.0, 0.0, 0.0, 1.0],
                [-0.509946, 0.155403, 0.846053, 0.0, 0.221921, 0.974019, -0.045148, 0.39386, -0.831088, 0.164733, -0.531184, 0.0, 0.0, 0.0, 0.0, 1.0],
                [-0.284801, -0.024472, 0.958274, -0.0, -0.349065, 0.933686, -0.079899, 0.39386, -0.892772, -0.357255, -0.274457, -0.0, 0.0, 0.0, 0.0, 1.0]
            ]
        },
        {
            "name": "Hand_L",
            "time": [0.0, 0.2167, 0.4333, 0.6167, 0.8667, 0.95],
            "transform": [
                [0.99932, -0.036878, 0.000448, 0.0, 0.03687, 0.999235, 0.013035, 0.3, -0.000928, -0.013009, 0.999915, 0.0, 0.0, 0.0, 0.0, 1.0],
                [0.99932, -0.036878, 0.000448, -0.0, 0.036869, 0.999235, 0.013036, 0.3, -0.000929, -0.013011, 0.999915, 0.0, 0.0, 0.0, 0.0, 1.0],
                [0.99932, -0.036878, 0.000448, 0.0, 0.036869, 0.999235, 0.013036, 0.3, -0.000929, -0.013011, 0.999915, 0.0, 0.0, 0.0, 0.0, 1.0],
                [0.99932, -0.036879, 0.000448, -0.0, 0.036869, 0.999235, 0.013037, 0.3, -0.000928, -0.013012, 0.999915, -0.0, 0.0, 0.0, 0.0, 1.0],
                [0.99932, -0.036879, 0.000448, -0.0, 0.03687, 0.999235, 0.013036, 0.3, -0.000928, -0.013011, 0.999915, -0.0, 0.0, 0.0, 0.0, 1.0],
                [0.99932, -0.036878, 0.000448, 0.0, 0.03687, 0.999235, 0.013036, 0.3, -0.000928, -0.01301, 0.999915, 0.0, 0.0, 0.0, 0.0, 1.0]
            ]
        },
        {
            "name": "Tool_L",
            "time": [0.0, 0.95],
            "transform": [
                [0.997004, 0.01104, -0.076554, -0.0, -0.036659, -0.804079, -0.593391, 0.272858, -0.068067, 0.594062, -0.8008, -0.0, 0.0, 0.0, 0.0, 1.0],
                [0.997004, 0.01104, -0.076554, 0.0, -0.036659, -0.804079, -0.593391, 0.272858, -0.068067, 0.594062, -0.800801, -0.0, 0.0, 0.0, 0.0, 1.0]
            ]
        },
        {
            "name": "Elbow_L",
            "time": [0.0, 0.95],
            "transform": [
                [-1.0, 0.0, -0.0, 0.0, 0.0, -0.0, -1.0, 0.3, -0.0, -1.0, -0.0, 0.0, 0.0, 0.0, 0.0, 1.0],
                [-1.0, 0.0, -0.0, 0.0, 0.0, -0.0, -1.0, 0.3, -0.0, -1.0, -0.0, 0.0, 0.0, 0.0, 0.0, 1.0]
            ]
        }
    ]
}