{
    "animation": [
        {
            "name": "Root",
            "time": [0.0, 0.1333, 0.2833, 0.7],
            "transform": [
                [0.752457, 0.0, -0.658641, -5e-06, -0.658641, 0.0, -0.752457, 0.000946, 0.0, 1.0, 0.0, 0.755725, 0.0, 0.0, 0.0, 1.0],
                [0.998703, 0.05091, 0.000873, -5e-06, -0.00817, 0.177153, -0.984149, 0.282212, -0.050258, 0.982866, 0.177339, 0.684549, 0.0, 0.0, 0.0, 1.0],
                [0.853704, 0.001491, 0.520756, -5e-06, 0.487464, 0.349535, -0.800127, 0.563477, -0.183215, 0.936922, 0.297673, 0.533644, 0.0, 0.0, 0.0, 1.0],
                [0.853704, 0.001491, 0.520756, -5e-06, 0.487464, 0.349535, -0.800127, 0.563477, -0.183215, 0.936922, 0.297673, 0.533644, 0.0, 0.0, 0.0, 1.0]
            ]
        },
        {
            "name": "Thigh_R",
            "time": [0.0, 0.0667, 0.35, 0.4833, 0.7],
            "transform": [
                [0.977637, 0.187823, -0.094595, 0.124994, 0.179748, -0.97979, -0.087744, -0.002831, -0.109163, 0.068779, -0.991642, -1.2e-05, 0.0, 0.0, 0.0, 1.0],
                [0.977647, 0.187825, -0.094486, 0.124994, 0.179758, -0.979789, -0.087731, -0.002831, -0.109055, 0.068785, -0.991653, -1.2e-05, 0.0, 0.0, 0.0, 1.0],
                [0.672224, -0.21785, 0.707571, 0.124994, 0.172087, -0.883571, -0.435529, -0.00283, 0.72007, 0.414536, -0.55647, -1.2e-05, 0.0, 0.0, 0.0, 1.0],
                [0.64079, -0.100186, 0.761151, 0.124994, 0.184282, -0.942387, -0.279183, -0.00283, 0.74527, 0.319164, -0.585411, -1.2e-05, 0.0, 0.0, 0.0, 1.0],
                [0.64079, -0.100186, 0.761151, 0.124994, 0.184282, -0.942387, -0.279183, -0.00283, 0.74527, 0.319164, -0.585411, -1.2e-05, 0.0, 0.0, 0.0, 1.0]
            ]
        },
        {
            "name": "Leg_R",
            "time": [0.0, 0.0667, 0.35, 0.4833, 0.7],
            "transform": [
                [1.0, -0.0, 2e-06, -0.0, 0.0, 0.999948, 0.010236, 0.37472, -2e-06, -0.010236, 0.999947, 0.0, 0.0, 0.0, 0.0, 1.0],
                [1.0, -0.0, 2e-06, -0.0, 0.0, 0.999948, 0.010231, 0.37472, -2e-06, -0.010231, 0.999947, 0.0, 0.0, 0.0, 0.0, 1.0],
                [1.0, 0.0, 0.0, 0.0, -0.0, 0.99995, 0.010108, 0.37472, -0.0, -0.010108, 0.999948, 0.0, 0.0, 0.0, 0.0, 1.0],
                [1.0, 0.0, 0.0, -0.0, -0.0, 0.951546, 0.30751, 0.37472, -0.0, -0.30751, 0.951544, 0.0, 0.0, 0.0, 0.0, 1.0],
                [1.0, 0.0, 0.0, -0.0, -0.0, 0.951546, 0.30751, 0.37472, -0.0, -0.30751, 0.951544, 0.0, 0.0, 0.0, 0.0, 1.0]
            ]
        },
        {
            "name": "Knee_R",
            "time": [0.0, 0.0667, 0.35, 0.7],
            "transform": [
                [1.0, 0.0, -0.0, -0.0, -0.0, 1e-06, -1.0, 0.37472, -0.0, 1.0, 1e-06, 0.0, 0.0, 0.0, 0.0, 1.0],
                [1.0, -0.0, -0.0, 0.0, -0.0, 1e-06, -1.0, 0.402021, -0.0, 1.0, 1e-06, 0.0, 0.0, 0.0, 0.0, 1.0],
                [1.0, 0.0, -0.0, 0.0, -0.0, 1e-06, -1.0, 0.37472, -0.0, 1.0, 1e-06, 0.0, 0.0, 0.0, 0.0, 1.0],
                [1.0, 0.0, -0.0, -0.0, -0.0, 1e-06, -1.0, 0.37472, -0.0, 1.0, 1e-06, 0.0, 0.0, 0.0, 0.0, 1.0]
            ]
        },
        {
            "name": "Thigh_L",
            "time": [0.0, 0.0667, 0.1333, 0.15, 0.35, 0.4833, 0.7],
            "transform": [
                [0.864804, -0.13914, -0.482444, -0.125006, -0.032979, -0.974503, 0.221936, -0.002831, -0.501024, -0.17602, -0.847344, -1.2e-05, 0.0, 0.0, 0.0, 1.0],
                [0.892757, -0.257379, -0.369784, -0.125006, 0.044631, -0.766202, 0.641047, -0.002831, -0.448321, -0.588804, -0.672546, -1.2e-05, 0.0, 0.0, 0.0, 1.0],
                [0.99608, 0.038551, -0.079607, -0.125006, 0.088141, -0.357366, 0.929795, -0.002831, 0.007395, -0.933168, -0.359364, -1.2e-05, 0.0, 0.0, 0.0, 1.0],
                [0.99608, 0.038551, -0.079607, -0.125006, 0.088141, -0.357366, 0.929796, -0.002831, 0.007395, -0.933168, -0.359364, -1.2e-05, 0.0, 0.0, 0.0, 1.0],
                [0.871969, 0.486813, 0.051785, -0.125006, 0.005395, -0.115327, 0.993312, -0.00283, 0.48953, -0.86586, -0.103189, -1.2e-05, 0.0, 0.0, 0.0, 1.0],
                [0.867019, 0.493971, 0.065342, -0.125006, -0.009143, -0.115343, 0.993283, -0.00283, 0.49819, -0.861794, -0.095489, -1.2e-05, 0.0, 0.0, 0.0, 1.0],
                [0.867019, 0.493971, 0.065342, -0.125006, -0.009143, -0.115343, 0.993283, -0.00283, 0.49819, -0.861794, -0.095489, -1.2e-05, 0.0, 0.0, 0.0, 1.0]
            ]
        },
        {
            "name": "Leg_L",
            "time": [0.0, 0.0667, 0.1333, 0.15, 0.35, 0.4833, 0.7],
            "transform": [
                [1.0, -0.0, 1e-06, 0.0, 0.0, 0.966124, 0.258077, 0.37472, -1e-06, -0.258077, 0.966125, 0.0, 0.0, 0.0, 0.0, 1.0],
                [1.0, -1e-06, 2e-06, 0.0, -1e-06, 0.627993, 0.778219, 0.37472, -2e-06, -0.778219, 0.627993, 0.0, 0.0, 0.0, 0.0, 1.0],
                [1.0, -1e-06, 2.2e-05, -0.0, -2e-05, 0.326129, 0.945326, 0.37472, -8e-06, -0.945325, 0.326129, -0.0, 0.0, 0.0, 0.0, 1.0],
                [1.0, -1e-06, 2.2e-05, 0.0, -2e-05, 0.326129, 0.945326, 0.37472, -8e-06, -0.945325, 0.326129, -0.0, 0.0, 0.0, 0.0, 1.0],
                [1.0, -1e-06, 4.7e-05, 0.0, -3.9e-05, 0.564346, 0.825539, 0.37472, -2.7e-05, -0.825538, 0.564347, 0.0, 0.0, 0.0, 0.0, 1.0],
                [1.0, -1e-06, 1.3e-05, -0.0, -1e-05, 0.564347, 0.825538, 0.37472, -8e-06, -0.825538, 0.564347, -0.0, 0.0, 0.0, 0.0, 1.0],
                [1.0, -1e-06, 1.3e-05, -0.0, -1e-05, 0.564347, 0.825538, 0.37472, -8e-06, -0.825538, 0.564347, -0.0, 0.0, 0.0, 0.0, 1.0]
            ]
        },
        {
            "name": "Knee_L",
            "time": [0.0, 0.0667, 0.35, 0.7],
            "transform": [
                [1.0, 0.0, -0.0, 0.0, -0.0, 1e-06, -1.0, 0.367512, -0.0, 1.0, 1e-06, 0.0, 0.0, 0.0, 0.0, 1.0],
                [1.0, 0.0, -0.0, 0.0, -0.0, 1e-06, -1.0, 0.411458, -0.0, 1.0, 1e-06, 0.0, 0.0, 0.0, 0.0, 1.0],
                [1.0, 0.0, -0.0, 0.0, -0.0, 1e-06, -1.0, 0.41827, -0.0, 1.0, 1e-06, 0.0, 0.0, 0.0, 0.0, 1.0],
                [1.0, 0.0, -0.0, -0.0, -0.0, 1e-06, -1.0, 0.41827, -0.0, 1.0, 1e-06, -0.0, 0.0, 0.0, 0.0, 1.0]
            ]
        },
        {
            "name": "Torso",
            "time": [0.0, 0.0667, 0.35, 0.4833, 0.7],
            "transform": [
                [1.0, 0.000613, -5.7e-05, -0.0, -0.000613, 0.999983, -0.005828, 0.05, 5.3e-05, 0.005829, 0.999983, 0.0, 0.0, 0.0, 0.0, 1.0],
                [0.999754, 0.02219, -0.000449, -0.0, -0.022193, 0.999289, -0.030477, 0.05, -0.000228, 0.030479, 0.999535, -0.0, 0.0, 0.0, 0.0, 1.0],
                [0.999999, 0.00111, -6e-06, 0.0, -0.00111, 0.999999, -0.001465, 0.05, 4e-06, 0.001465, 0.999999, -0.0, 0.0, 0.0, 0.0, 1.0],
                [1.0, -0.0, 0.0, 0.0, 0.0, 1.0, -0.0, 0.05, -0.0, -0.0, 1.0, -0.0, 0.0, 0.0, 0.0, 1.0],
                [1.0, -0.0, 0.0, 0.0, 0.0, 1.0, -0.0, 0.05, -0.0, -0.0, 1.0, -0.0, 0.0, 0.0, 0.0, 1.0]
            ]
        },
        {
            "name": "Chest",
            "time": [0.0, 0.0667, 0.35, 0.4833, 0.7],
            "transform": [
                [0.9141, -0.026127, 0.404647, 0.0, 0.031072, 0.999501, -0.005656, 0.3, -0.404297, 0.017743, 0.914456, -0.0, 0.0, 0.0, 0.0, 1.0],
                [0.914677, -0.006529, 0.404132, -0.0, 0.018758, 0.999478, -0.026307, 0.3, -0.403749, 0.031643, 0.914322, 0.0, 0.0, 0.0, 0.0, 1.0],
                [0.99227, 0.119826, 0.032276, -0.0, -0.123838, 0.972887, 0.195333, 0.3, -0.007995, -0.19782, 0.980206, -0.0, 0.0, 0.0, 0.0, 1.0],
                [0.991825, 0.126938, 0.013039, 0.0, -0.126862, 0.969855, 0.208057, 0.3, 0.013765, -0.20801, 0.97803, 0.0, 0.0, 0.0, 0.0, 1.0],
                [0.991825, 0.126938, 0.013039, 0.0, -0.126862, 0.969855, 0.208057, 0.3, 0.013765, -0.20801, 0.97803, 0.0, 0.0, 0.0, 0.0, 1.0]
            ]
        },
        {
            "name": "Head",
            "time": [0.0, 0.1333, 0.15, 0.2833, 0.7],
            "transform": [
                [0.954052, 0.027313, 0.298395, 0.0, -0.024056, 0.999604, -0.014582, 0.4, -0.298675, 0.006734, 0.954331, -0.0, 0.0, 0.0, 0.0, 1.0],
                [0.935228, -0.145982, -0.32255, -0.0, 0.091226, 0.979635, -0.178864, 0.4, 0.342092, 0.137853, 0.9295, -0.0, 0.0, 0.0, 0.0, 1.0],
                [0.935228, -0.145982, -0.32255, -0.0, 0.091226, 0.979635, -0.178864, 0.4, 0.342092, 0.137853, 0.9295, 0.0, 0.0, 0.0, 0.0, 1.0],
                [0.864213, -0.259841, -0.430834, -0.0, 0.016718, 0.870673, -0.491578, 0.4, 0.502848, 0.417626, 0.756791, 0.0, 0.0, 0.0, 0.0, 1.0],
                [0.864213, -0.259841, -0.430834, -0.0, 0.016718, 0.870673, -0.491578, 0.4, 0.502848, 0.417625, 0.756791, 0.0, 0.0, 0.0, 0.0, 1.0]
            ]
        },
        {
            "name": "Shoulder_R",
            "time": [0.0, 0.0667, 0.35, 0.4833, 0.7],
            "transform": [
                [-0.546634, 0.774269, 0.318902, 0.0, -0.017356, -0.391231, 0.920129, 0.4, 0.837191, 0.497439, 0.227299, -0.0, 0.0, 0.0, 0.0, 1.0],
                [-0.80152, 0.549501, 0.235827, -0.0, 0.002429, -0.391386, 0.920224, 0.4, 0.597963, 0.73815, 0.312368, 0.0, 0.0, 0.0, 0.0, 1.0],
                [0.632713, 0.675041, -0.379465, -0.0, 0.480167, 0.042457, 0.876149, 0.4, 0.607548, -0.736557, -0.297269, 0.0, 0.0, 0.0, 0.0, 1.0],
                [0.667612, 0.615048, -0.419534, -0.0, 0.508055, 0.035548, 0.86059, 0.4, 0.544218, -0.787687, -0.288747, 0.0, 0.0, 0.0, 0.0, 1.0],
                [0.667612, 0.615048, -0.419534, -0.0, 0.508055, 0.035548, 0.86059, 0.4, 0.544218, -0.787687, -0.288747, 0.0, 0.0, 0.0, 0.0, 1.0]
            ]
        },
        {
            "name": "Arm_R",
            "time": [0.0, 0.0667, 0.1333, 0.15, 0.2167, 0.2667, 0.35, 0.4833, 0.7],
            "transform": [
                [0.550535, -0.406562, -0.729121, 0.0, 0.640712, 0.765675, 0.056836, 0.393861, 0.535163, -0.498447, 0.68202, 0.0, 0.0, 0.0, 0.0, 1.0],
                [0.688795, -0.692132, -0.21567, 0.0, 0.598925, 0.710908, -0.368645, 0.393861, 0.408472, 0.124751, 0.904206, 0.0, 0.0, 0.0, 0.0, 1.0],
                [0.542571, -0.099284, 0.834122, 0.0, 0.298321, 0.951035, -0.080849, 0.39386, -0.785252, 0.292703, 0.545623, -0.0, 0.0, 0.0, 0.0, 1.0],
                [0.542571, -0.099284, 0.834122, 0.0, 0.298321, 0.951035, -0.080849, 0.39386, -0.785252, 0.292703, 0.545623, 0.0, 0.0, 0.0, 0.0, 1.0],
                [0.570971, -0.417142, 0.707096, 0.0, 0.820161, 0.328062, -0.468734, 0.39386, -0.036443, 0.847566, 0.529437, 0.0, 0.0, 0.0, 0.0, 1.0],
                [0.170878, -0.965298, 0.197484, 0.0, 0.985038, 0.162816, -0.056486, 0.393861, 0.022372, 0.204182, 0.978678, 0.0, 0.0, 0.0, 0.0, 1.0],
                [-0.302901, -0.944402, -0.127891, -0.0, 0.666479, -0.11399, -0.736758, 0.39386, 0.681217, -0.308401, 0.663952, -0.0, 0.0, 0.0, 0.0, 1.0],
                [-0.48917, -0.86908, -0.073577, -0.0, 0.341, -0.112925, -0.933256, 0.393861, 0.802765, -0.48161, 0.351595, 0.0, 0.0, 0.0, 0.0, 1.0],
                [-0.48917, -0.86908, -0.073577, -0.0, 0.341, -0.112925, -0.933256, 0.393861, 0.802765, -0.48161, 0.351595, 0.0, 0.0, 0.0, 0.0, 1.0]
            ]
        },
        {
            "name": "Hand_R",
            "time": [0.0, 0.0667, 0.1333, 0.15, 0.35, 0.4833, 0.7],
            "transform": [
                [0.999996, 0.00232, 0.001294, 0.0, -0.001968, 0.974222, -0.225584, 0.3, -0.001784, 0.22558, 0.974223, 0.0, 0.0, 0.0, 0.0, 1.0],
                [0.999986, 0.004938, 0.001746, 0.0, -0.003234, 0.844445, -0.535632, 0.3, -0.004119, 0.535619, 0.84445, 0.0, 0.0, 0.0, 0.0, 1.0],
                [0.999986, 0.004938, 0.001746, -0.0, -0.003234, 0.844445, -0.535632, 0.3, -0.00412, 0.535619, 0.84445, 0.0, 0.0, 0.0, 0.0, 1.0],
                [0.999986, 0.004938, 0.001746, 0.0, -0.003234, 0.844445, -0.535632, 0.3, -0.00412, 0.535619, 0.84445, 0.0, 0.0, 0.0, 0.0, 1.0],
                [0.999998, 0.001222, 0.001788, 0.0, -0.000848, 0.98061, -0.195968, 0.3, -0.001993, 0.195966, 0.980609, 0.0, 0.0, 0.0, 0.0, 1.0],
                [0.999998, 0.000866, 0.001719, 0.0, -0.000579, 0.98698, -0.16084, 0.3, -0.001836, 0.160839, 0.986979, 0.0, 0.0, 0.0, 0.0, 1.0],
                [0.999998, 0.000866, 0.001719, 0.0, -0.000579, 0.98698, -0.16084, 0.3, -0.001836, 0.160839, 0.986979, 0.0, 0.0, 0.0, 0.0, 1.0]
            ]
        },
        {
            "name": "Tool_R",
            "time": [0.0, 0.0667, 0.2167, 0.2833, 0.7],
            "transform": [
                [0.735937, 0.083981, -0.671822, -0.0, -0.153842, -0.94558, -0.286725, 0.272858, -0.658952, 0.31417, -0.682566, -0.0, 0.0, 0.0, 0.0, 1.0],
                [-0.001884, 0.043047, -0.999072, -0.0, 0.071503, -0.99651, -0.043072, 0.272858, -0.996848, -0.071486, -0.0012, 0.0, 0.0, 0.0, 0.0, 1.0],
                [0.430417, 0.179044, -0.884695, 0.0, -0.724307, -0.516365, -0.456888, 0.272858, -0.538317, 0.836942, -0.09252, 0.0, 0.0, 0.0, 0.0, 1.0],
                [0.059238, 0.901134, -0.429475, 0.0, 0.213747, -0.431702, -0.876325, 0.272858, -0.974512, -0.039868, -0.218068, 0.0, 0.0, 0.0, 0.0, 1.0],
                [-0.154918, 0.889496, -0.42988, -0.0, 0.32687, -0.364476, -0.87196, 0.272858, -0.931731, -0.275438, -0.234156, -0.0, 0.0, 0.0, 0.0, 1.0]
            ]
        },
        {
            "name": "Elbow_R",
            "time": [0.0, 0.0667, 0.35, 0.7],
            "transform": [
                [-1.0, 0.0, -0.0, 0.0, 0.0, -0.0, -1.0, 0.337844, -0.0, -1.0, 0.0, 0.0, 0.0, 0.0, 0.0, 1.0],
                [-1.0, 0.0, -0.0, 0.0, 0.0, -0.0, -1.0, 0.356071, -0.0, -1.0, 0.0, -0.0, 0.0, 0.0, 0.0, 1.0],
                [-1.0, 0.0, -0.0, 0.0, 0.0, 0.0, -1.0, 0.308352, -0.0, -1.0, 0.0, 0.0, 0.0, 0.0, 0.0, 1.0],
                [-1.0, 0.0, -0.0, 0.0, -0.0, -0.0, -1.0, 0.308352, -0.0, -1.0, 0.0, 0.0, 0.0, 0.0, 0.0, 1.0]
            ]
        },
        {
            "name": "Shoulder_L",
            "time": [0.0, 0.0667, 0.35, 0.4833, 0.7],
            "transform": [
                [0.0906, -0.918964, -0.383793, 0.0, 0.015758, -0.384007, 0.923196, 0.4, -0.995763, -0.089689, -0.02031, -0.0, 0.0, 0.0, 0.0, 1.0],
                [0.0906, -0.918965, -0.383791, -0.0, 0.015758, -0.384005, 0.923197, 0.4, -0.995763, -0.089689, -0.02031, 0.0, 0.0, 0.0, 0.0, 1.0],
                [-0.002962, -0.986558, -0.163385, -0.0, 0.003484, -0.163394, 0.986555, 0.4, -0.999989, 0.002353, 0.003921, 0.0, 0.0, 0.0, 0.0, 1.0],
                [-0.007936, -0.988439, -0.151411, -0.0, 0.003439, -0.151442, 0.98846, 0.4, -0.999962, 0.007323, 0.004601, 0.0, 0.0, 0.0, 0.0, 1.0],
                [-0.007936, -0.988439, -0.151411, -0.0, 0.003439, -0.151442, 0.98846, 0.4, -0.999962, 0.007323, 0.004601, 0.0, 0.0, 0.0, 0.0, 1.0]
            ]
        },
        {
            "name": "Arm_L",
            "time": [0.0, 0.0667, 0.35, 0.4833, 0.7],
            "transform": [
                [0.203151, -0.628671, 0.750668, -0.0, -0.880059, 0.218832, 0.421436, 0.39386, -0.429215, -0.746248, -0.508811, -0.0, 0.0, 0.0, 0.0, 1.0],
                [0.203151, -0.628671, 0.750668, -0.0, -0.880059, 0.218833, 0.421436, 0.39386, -0.429215, -0.746248, -0.508811, -0.0, 0.0, 0.0, 0.0, 1.0],
                [-0.016998, -0.517401, 0.855574, -0.0, -0.992357, 0.113329, 0.048819, 0.39386, -0.12222, -0.848206, -0.515373, 0.0, 0.0, 0.0, 0.0, 1.0],
                [-0.029818, -0.512189, 0.858355, 0.0, -0.993922, 0.106238, 0.028866, 0.39386, -0.105975, -0.852277, -0.512243, -0.0, 0.0, 0.0, 0.0, 1.0],
                [-0.029818, -0.512189, 0.858355, 0.0, -0.993922, 0.106238, 0.028866, 0.39386, -0.105975, -0.852277, -0.512243, -0.0, 0.0, 0.0, 0.0, 1.0]
            ]
        },
        {
            "name": "Hand_L",
            "time": [0.0, 0.0667, 0.35, 0.4833, 0.7],
            "transform": [
                [0.999997, -0.002179, -0.000903, 0.0, -0.000955, -0.024034, -0.999711, 0.3, 0.002157, 0.999709, -0.024036, 0.0, 0.0, 0.0, 0.0, 1.0],
                [0.998937, -0.001048, 0.046077, -0.0, 0.046039, -0.02411, -0.998649, 0.3, 0.002157, 0.999709, -0.024036, -0.0, 0.0, 0.0, 0.0, 1.0],
                [0.999997, 0.001191, 0.002186, 0.0, 0.001719, 0.304726, -0.952439, 0.3, -0.0018, 0.952439, 0.304723, -0.0, 0.0, 0.0, 0.0, 1.0],
                [0.999999, 0.001711, -7e-05, -0.0, -0.000616, 0.321333, -0.946966, 0.3, -0.001598, 0.946965, 0.321334, 0.0, 0.0, 0.0, 0.0, 1.0],
                [0.999999, 0.001711, -7e-05, -0.0, -0.000616, 0.321333, -0.946966, 0.3, -0.001598, 0.946965, 0.321334, 0.0, 0.0, 0.0, 0.0, 1.0]
            ]
        },
        {
            "name": "Tool_L",
            "time": [0.0, 0.0667, 0.35, 0.4833, 0.7],
            "transform": [
                [0.997004, 0.01104, -0.076554, -0.0, -0.036659, -0.804079, -0.593392, 0.272858, -0.068067, 0.594062, -0.8008, -0.0, 0.0, 0.0, 0.0, 1.0],
                [0.997004, 0.01104, -0.076554, -0.0, -0.036659, -0.804078, -0.593392, 0.272858, -0.068067, 0.594062, -0.8008, -0.0, 0.0, 0.0, 0.0, 1.0],
                [0.999993, -0.00065, -0.003827, -0.0, -0.000704, -0.9999, -0.014123, 0.272858, -0.003815, 0.014107, -0.999305, 0.0, 0.0, 0.0, 0.0, 1.0],
                [1.0, 0.0, 0.0, 0.0, 0.0, -0.999836, 0.018122, 0.272858, 0.0, -0.018122, -0.999248, -0.0, 0.0, 0.0, 0.0, 1.0],
                [1.0, 0.0, 0.0, 0.0, 0.0, -0.999836, 0.018122, 0.272858, 0.0, -0.018122, -0.999248, -0.0, 0.0, 0.0, 0.0, 1.0]
            ]
        },
        {
            "name": "Elbow_L",
            "time": [0.0, 0.35, 0.7],
            "transform": [
                [-1.0, 0.0, -0.0, -0.0, 0.0, -0.0, -1.0, 0.44867, -0.0, -1.0, -0.0, 0.0, 0.0, 0.0, 0.0, 1.0],
                [-1.0, 0.0, -0.0, 0.0, 0.0, -0.0, -1.0, 0.42264, -0.0, -1.0, -0.0, -0.0, 0.0, 0.0, 0.0, 1.0],
                [-1.0, 0.0, -0.0, -0.0, 0.0, -0.0, -1.0, 0.422641, -0.0, -1.0, 0.0, 0.0, 0.0, 0.0, 0.0, 1.0]
            ]
        }
    ]
}