{
    "animation": [
        {
            "name": "Root",
            "time": [0.0, 0.1667, 0.4167, 0.6333, 0.8333, 1.1],
            "transform": [
                [0.497033, -0.012547, -0.867641, -5e-06, -0.867575, -0.026199, -0.496616, 0.003479, -0.016501, 0.999578, -0.023907, 0.732629, 0.0, 0.0, 0.0, 1.0],
                [0.48117, -0.013235, -0.876527, -5e-06, -0.876456, -0.027003, -0.480723, 0.004561, -0.017306, 0.999548, -0.024593, 0.722764, 0.0, 0.0, 0.0, 1.0],
                [0.998693, 0.000141, 0.051119, -5e-06, 0.051119, -0.00135, -0.998692, 0.406448, -7.2e-05, 0.999999, -0.001355, 0.657991, 0.0, 0.0, 0.0, 1.0],
                [0.994907, 0.0, 0.100796, -5e-06, 0.100796, 0.0, -0.994907, 0.425315, 0.0, 1.0, 0.0, 0.655912, 0.0, 0.0, 0.0, 1.0],
                [0.821776, -0.029398, -0.569052, -5e-06, -0.569802, -0.036953, -0.820951, 0.389578, 0.003106, 0.998884, -0.047118, 0.696879, 0.0, 0.0, 0.0, 1.0],
                [0.78845, -0.032691, -0.61423, -5e-06, -0.615096, -0.038859, -0.787494, 0.386676, 0.001876, 0.99871, -0.050746, 0.700206, 0.0, 0.0, 0.0, 1.0]
            ]
        },
        {
            "name": "Thigh_R",
            "time": [0.0, 0.1667, 0.4167, 0.6333, 0.8333, 1.1],
            "transform": [
                [0.939055, 0.245219, -0.240921, 0.124994, 0.268012, -0.961124, 0.066374, -0.002831, -0.215279, -0.126898, -0.968273, -1.2e-05, 0.0, 0.0, 0.0, 1.0],
                [0.934067, 0.240373, -0.264082, 0.124994, 0.279192, -0.952658, 0.120376, -0.002831, -0.222645, -0.186167, -0.956959, -1.2e-05, 0.0, 0.0, 0.0, 1.0],
                [0.996834, -0.02486, 0.075521, 0.124994, 0.021057, -0.833396, -0.552272, -0.002831, 0.076668, 0.552113, -0.830236, -1.1e-05, 0.0, 0.0, 0.0, 1.0],
                [0.994403, -0.055042, 0.090174, 0.124994, 0.005439, -0.825745, -0.564014, -0.002831, 0.105506, 0.561348, -0.820827, -1.1e-05, 0.0, 0.0, 0.0, 1.0],
                [0.974642, 0.220126, -0.040212, 0.124994, 0.212345, -0.966511, -0.144093, -0.00283, -0.070584, 0.1319, -0.988747, -1.2e-05, 0.0, 0.0, 0.0, 1.0],
                [0.969497, 0.238657, -0.055839, 0.124994, 0.23165, -0.966626, -0.109403, -0.00283, -0.080086, 0.093131, -0.992428, -1.2e-05, 0.0, 0.0, 0.0, 1.0]
            ]
        },
        {
            "name": "Leg_R",
            "time": [0.0, 0.1667, 0.4167, 0.6333, 0.8333, 1.1],
            "transform": [
                [1.0, -0.0, 2e-06, 0.0, -0.0, 0.952471, 0.304631, 0.37472, -2e-06, -0.304632, 0.95247, -0.0, 0.0, 0.0, 0.0, 1.0],
                [1.0, -0.0, 2e-06, -0.0, -0.0, 0.910234, 0.414095, 0.37472, -2e-06, -0.414096, 0.910232, -0.0, 0.0, 0.0, 0.0, 1.0],
                [1.0, -0.0, 3e-06, 0.0, -0.0, 0.999954, 0.009686, 0.37472, -3e-06, -0.009686, 0.999952, -0.0, 0.0, 0.0, 0.0, 1.0],
                [1.0, -0.0, 3e-06, -0.0, -0.0, 0.999957, 0.009354, 0.37472, -3e-06, -0.009354, 0.999956, -0.0, 0.0, 0.0, 0.0, 1.0],
                [1.0, -0.0, 1e-05, 0.0, -4e-06, 0.921194, 0.389104, 0.37472, -9e-06, -0.389105, 0.921193, 0.0, 0.0, 0.0, 0.0, 1.0],
                [1.0, -0.0, 1e-05, 0.0, -4e-06, 0.908483, 0.417922, 0.37472, -9e-06, -0.417923, 0.908482, -0.0, 0.0, 0.0, 0.0, 1.0]
            ]
        },
        {
            "name": "Knee_R",
            "time": [0.0, 0.1667, 0.8333, 1.1],
            "transform": [
                [1.0, 0.0, -0.0, 0.0, -0.0, 1e-06, -1.0, 0.37472, -0.0, 1.0, 1e-06, -0.0, 0.0, 0.0, 0.0, 1.0],
                [1.0, 0.0, -0.0, -0.0, -0.0, 1e-06, -1.0, 0.381207, -0.0, 1.0, 1e-06, -0.0, 0.0, 0.0, 0.0, 1.0],
                [1.0, 0.0, -0.0, 0.0, -0.0, 1e-06, -1.0, 0.385394, -0.0, 1.0, 1e-06, 0.0, 0.0, 0.0, 0.0, 1.0],
                [1.0, 0.0, -0.0, 0.0, -0.0, 1e-06, -1.0, 0.385532, -0.0, 1.0, 1e-06, -0.0, 0.0, 0.0, 0.0, 1.0]
            ]
        },
        {
            "name": "Thigh_L",
            "time": [0.0, 0.1667, 0.4167, 0.6333, 0.8333, 1.1],
            "transform": [
                [0.456569, -0.350573, -0.817706, -0.125006, -0.068314, -0.930194, 0.360656, -0.002831, -0.887061, -0.108803, -0.448647, -1.2e-05, 0.0, 0.0, 0.0, 1.0],
                [0.445063, -0.40576, -0.798296, -0.125006, -0.070512, -0.904566, 0.420463, -0.002831, -0.892718, -0.130843, -0.4312, -1.2e-05, 0.0, 0.0, 0.0, 1.0],
                [0.998813, 0.035648, 0.033179, -0.125006, 0.002189, -0.713461, 0.700691, -0.00283, 0.04865, -0.699787, -0.712692, -1.3e-05, 0.0, 0.0, 0.0, 1.0],
                [0.995037, 0.070016, 0.070692, -0.125006, -0.000504, -0.706938, 0.707275, -0.00283, 0.099495, -0.703801, -0.703395, -1.3e-05, 0.0, 0.0, 0.0, 1.0],
                [0.824101, -0.349394, -0.445848, -0.125006, -0.062173, -0.838142, 0.541898, -0.00283, -0.563019, -0.418859, -0.712437, -1.3e-05, 0.0, 0.0, 0.0, 1.0],
                [0.791516, -0.372163, -0.484764, -0.125006, -0.07313, -0.84518, 0.529455, -0.00283, -0.606757, -0.383622, -0.69619, -1.3e-05, 0.0, 0.0, 0.0, 1.0]
            ]
        },
        {
            "name": "Leg_L",
            "time": [0.0, 0.1667, 0.4167, 0.6333, 0.8333, 1.1],
            "transform": [
                [1.0, -1e-06, 1.8e-05, 0.0, -7e-06, 0.891131, 0.453746, 0.37472, -1.6e-05, -0.453745, 0.891132, 0.0, 0.0, 0.0, 0.0, 1.0],
                [1.0, -1e-06, 1.5e-05, -0.0, -7e-06, 0.871649, 0.49013, 0.37472, -1.4e-05, -0.49013, 0.87165, 0.0, 0.0, 0.0, 0.0, 1.0],
                [0.999997, -1e-06, 0.002409, -0.0, -0.001684, 0.71478, 0.699347, 0.37472, -0.001722, -0.699349, 0.714778, -0.0, 0.0, 0.0, 0.0, 1.0],
                [1.0, -1e-06, 0.001067, 0.0, -0.000753, 0.707949, 0.706263, 0.37472, -0.000756, -0.706263, 0.707949, -0.0, 0.0, 0.0, 0.0, 1.0],
                [1.0, -1e-06, 6e-05, -0.0, -3.4e-05, 0.820698, 0.571362, 0.37472, -4.9e-05, -0.571361, 0.820699, -0.0, 0.0, 0.0, 0.0, 1.0],
                [1.0, -1e-06, 5.5e-05, -0.0, -3e-05, 0.828772, 0.559586, 0.37472, -4.6e-05, -0.559585, 0.828773, -0.0, 0.0, 0.0, 0.0, 1.0]
            ]
        },
        {
            "name": "Knee_L",
            "time": [0.0, 0.1667, 0.8333, 1.1],
            "transform": [
                [1.0, 0.0, -0.0, 0.0, -0.0, 1e-06, -1.0, 0.387176, -0.0, 1.0, 1e-06, 0.0, 0.0, 0.0, 0.0, 1.0],
                [1.0, 0.0, -0.0, 0.0, -0.0, 1e-06, -1.0, 0.386397, -0.0, 1.0, 1e-06, -0.0, 0.0, 0.0, 0.0, 1.0],
                [1.0, 0.0, -0.0, 0.0, -0.0, 1e-06, -1.0, 0.390357, -0.0, 1.0, 1e-06, -0.0, 0.0, 0.0, 0.0, 1.0],
                [1.0, 0.0, -0.0, -0.0, -0.0, 1e-06, -1.0, 0.390488, -0.0, 1.0, 1e-06, -0.0, 0.0, 0.0, 0.0, 1.0]
            ]
        },
        {
            "name": "Torso",
            "time": [0.0, 0.1667, 0.4167, 0.6333, 0.8333, 1.1],
            "transform": [
                [0.999356, 0.035849, -0.001423, 0.0, -0.035868, 0.997438, -0.061897, 0.05, -0.0008, 0.061909, 0.998082, -0.0, 0.0, 0.0, 0.0, 1.0],
                [0.999281, 0.037893, -0.001553, 0.0, -0.037914, 0.997178, -0.064802, 0.05, -0.000907, 0.064815, 0.997897, 0.0, 0.0, 0.0, 0.0, 1.0],
                [0.999747, 0.022393, 0.002261, -0.0, -0.02239, 0.979298, 0.201182, 0.05, 0.002291, -0.201182, 0.979551, -0.0, 0.0, 0.0, 0.0, 1.0],
                [0.999763, 0.021637, 0.002338, 0.0, -0.021637, 0.976688, 0.21357, 0.05, 0.002338, -0.21357, 0.976925, 0.0, 0.0, 0.0, 0.0, 1.0],
                [0.99911, 0.024436, -0.034395, 0.0, -0.020014, 0.992141, 0.123516, 0.05, 0.037143, -0.122718, 0.991746, 0.0, 0.0, 0.0, 0.0, 1.0],
                [0.999, 0.024514, -0.037384, -0.0, -0.020022, 0.99303, 0.116148, 0.05, 0.03997, -0.115283, 0.992528, 0.0, 0.0, 0.0, 0.0, 1.0]
            ]
        },
        {
            "name": "Chest",
            "time": [0.0, 0.1667, 0.4167, 0.6333, 0.8333, 1.1],
            "transform": [
                [0.999882, 0.015322, -0.001209, -0.0, -0.015359, 0.99899, -0.042229, 0.3, 0.00056, 0.042242, 0.999107, 0.0, 0.0, 0.0, 0.0, 1.0],
                [0.99985, 0.017276, -0.001301, 0.0, -0.017317, 0.998862, -0.044437, 0.3, 0.000532, 0.044453, 0.999011, 0.0, 0.0, 0.0, 0.0, 1.0],
                [0.999836, 0.01805, 0.001486, 0.0, -0.018043, 0.985613, 0.168051, 0.3, 0.001569, -0.16805, 0.985777, -0.0, 0.0, 0.0, 0.0, 1.0],
                [0.999836, 0.018035, 0.001618, -0.0, -0.018035, 0.983863, 0.178012, 0.3, 0.001618, -0.178012, 0.984027, -0.0, 0.0, 0.0, 0.0, 1.0],
                [0.999909, 0.012971, 0.003831, 0.0, -0.012972, 0.999916, 0.000365, 0.3, -0.003826, -0.000414, 0.999993, 0.0, 0.0, 0.0, 0.0, 1.0],
                [0.999913, 0.01258, 0.004034, -0.0, -0.012522, 0.999822, -0.01412, 0.3, -0.004211, 0.014068, 0.999892, -0.0, 0.0, 0.0, 0.0, 1.0]
            ]
        },
        {
            "name": "Head",
            "time": [0.0, 0.1167, 0.45, 0.6333, 0.8833, 1.1],
            "transform": [
                [0.678271, 0.024972, 0.734388, 0.0, -0.039661, 0.99921, 0.002654, 0.4, -0.733741, -0.030927, 0.678725, -0.0, 0.0, 0.0, 0.0, 1.0],
                [0.670974, 0.024104, 0.741089, 0.0, -0.041178, 0.99914, 0.004785, 0.4, -0.740337, -0.033727, 0.67139, 0.0, 0.0, 0.0, 0.0, 1.0],
                [0.998301, -0.018567, -0.055235, 0.0, -5.5e-05, 0.947578, -0.319525, 0.4, 0.058272, 0.318985, 0.945967, 0.0, 0.0, 0.0, 0.0, 1.0],
                [0.995087, -0.027947, -0.094979, -0.0, -0.005357, 0.94273, -0.333514, 0.4, 0.09886, 0.332384, 0.937949, 0.0, 0.0, 0.0, 0.0, 1.0],
                [0.800842, -0.023689, 0.598408, -0.0, 0.062527, 0.997064, -0.044209, 0.4, -0.595603, 0.072821, 0.799971, -0.0, 0.0, 0.0, 0.0, 1.0],
                [0.764922, -0.031235, 0.643365, 0.0, 0.057771, 0.998125, -0.020228, 0.4, -0.641527, 0.05264, 0.765293, 0.0, 0.0, 0.0, 0.0, 1.0]
            ]
        },
        {
            "name": "Shoulder_R",
            "time": [0.0, 0.25, 0.45, 0.6333, 0.8333, 1.1],
            "transform": [
                [-0.663583, 0.712501, 0.228036, 0.0, 0.005142, -0.300468, 0.953778, 0.4, 0.748085, 0.634083, 0.195722, -0.0, 0.0, 0.0, 0.0, 1.0],
                [-0.684634, 0.694128, 0.2224, 0.0, 0.005402, -0.300283, 0.953835, 0.4, 0.728867, 0.654229, 0.201834, 0.0, 0.0, 0.0, 0.0, 1.0],
                [0.224933, 0.967849, 0.112571, 0.0, 0.030841, -0.122546, 0.991983, 0.4, 0.973886, -0.219658, -0.057414, 0.0, 0.0, 0.0, 0.0, 1.0],
                [0.267981, 0.958025, 0.101853, -0.0, 0.036125, -0.115637, 0.992634, 0.4, 0.962747, -0.262327, -0.065597, 0.0, 0.0, 0.0, 0.0, 1.0],
                [0.071271, 0.985574, 0.153505, -0.0, 0.022362, -0.155436, 0.987593, 0.4, 0.997206, -0.066954, -0.033117, 0.0, 0.0, 0.0, 0.0, 1.0],
                [0.055065, 0.986002, 0.157378, 0.0, 0.021602, -0.158757, 0.987081, 0.4, 0.998249, -0.050954, -0.030042, 0.0, 0.0, 0.0, 0.0, 1.0]
            ]
        },
        {
            "name": "Arm_R",
            "time": [0.0, 0.25, 0.45, 0.6333, 0.8333, 1.1],
            "transform": [
                [-0.033472, 0.601069, -0.798496, 0.0, 0.216012, 0.78441, 0.581411, 0.39386, 0.975817, -0.153024, -0.156094, 0.0, 0.0, 0.0, 0.0, 1.0],
                [-0.084426, 0.614123, -0.784682, 0.0, 0.074911, 0.789177, 0.609581, 0.39386, 0.99361, -0.007317, -0.112632, 0.0, 0.0, 0.0, 0.0, 1.0],
                [0.296405, -0.735517, -0.609228, -0.0, -0.215555, 0.569915, -0.792927, 0.39386, 0.930419, 0.36635, 0.010381, -0.0, 0.0, 0.0, 0.0, 1.0],
                [0.312578, -0.771192, -0.55458, -0.0, -0.200387, 0.517159, -0.8321, 0.39386, 0.928515, 0.371227, 0.007116, 0.0, 0.0, 0.0, 0.0, 1.0],
                [-0.310034, 0.012271, -0.950646, 0.0, 0.675591, 0.706376, -0.211212, 0.393861, 0.668922, -0.707731, -0.227291, 0.0, 0.0, 0.0, 0.0, 1.0],
                [-0.309348, 0.098453, -0.945839, -0.0, 0.731558, 0.660101, -0.170554, 0.393861, 0.607558, -0.744697, -0.276225, -0.0, 0.0, 0.0, 0.0, 1.0]
            ]
        },
        {
            "name": "Hand_R",
            "time": [0.0, 0.25, 0.45, 0.6333, 0.8333, 1.1],
            "transform": [
                [1.0, 0.000106, -0.000361, -0.0, -0.000376, 0.318272, -0.948, 0.3, 1.4e-05, 0.948, 0.318272, 0.0, 0.0, 0.0, 0.0, 1.0],
                [0.999998, 0.001314, 0.001779, -0.0, 0.001343, 0.278534, -0.960426, 0.3, -0.001758, 0.960426, 0.278532, 0.0, 0.0, 0.0, 0.0, 1.0],
                [0.999999, 0.000394, -0.001581, -0.0, -0.000313, 0.99869, 0.051161, 0.3, 0.001599, -0.05116, 0.998689, 0.0, 0.0, 0.0, 0.0, 1.0],
                [1.0, -0.0, 0.0, 0.0, 0.0, 0.993937, 0.109947, 0.3, -0.0, -0.109947, 0.993937, -0.0, 0.0, 0.0, 0.0, 1.0],
                [0.999996, 0.001039, 0.002439, -0.0, 0.001168, 0.653134, -0.757241, 0.3, -0.00238, 0.757242, 0.653131, 0.0, 0.0, 0.0, 0.0, 1.0],
                [0.999996, 0.001155, 0.002437, 0.0, 0.001274, 0.594005, -0.80446, 0.3, -0.002376, 0.804461, 0.594001, -0.0, 0.0, 0.0, 0.0, 1.0]
            ]
        },
        {
            "name": "Tool_R",
            "time": [0.0, 0.25, 0.45, 0.6333, 0.8333, 1.1],
            "transform": [
                [0.102025, 0.970551, -0.218225, -0.0, 0.985981, -0.069543, 0.151678, 0.272858, 0.131967, -0.230505, -0.963467, 0.0, 0.0, 0.0, 0.0, 1.0],
                [0.013786, 0.967152, -0.253826, -0.0, 0.991643, 0.019342, 0.127556, 0.272858, 0.12821, -0.253313, -0.958233, 0.0, 0.0, 0.0, 0.0, 1.0],
                [0.021567, 0.999095, 0.036667, 0.0, 0.497982, 0.021067, -0.866932, 0.272859, -0.866401, 0.036935, -0.496792, 0.0, 0.0, 0.0, 0.0, 1.0],
                [0.018114, 0.99968, 0.017699, 0.0, 0.46018, 0.00738, -0.887795, 0.272858, -0.887111, 0.024212, -0.459636, 0.0, 0.0, 0.0, 0.0, 1.0],
                [0.859105, 0.177777, -0.479932, 0.0, 0.148585, -0.983981, -0.098512, 0.272858, -0.489465, 0.013303, -0.871242, -0.0, 0.0, 0.0, 0.0, 1.0],
                [0.883688, 0.086425, -0.46003, 0.0, 0.086273, -0.996042, -0.0214, 0.272858, -0.459785, -0.020776, -0.88712, -0.0, 0.0, 0.0, 0.0, 1.0]
            ]
        },
        {
            "name": "Elbow_R",
            "time": [0.0, 0.1667, 0.4167, 0.8333, 1.1],
            "transform": [
                [-1.0, 0.0, 0.0, -0.0, 0.0, -0.0, -1.0, 0.423474, -0.0, -1.0, 0.0, 0.0, 0.0, 0.0, 0.0, 1.0],
                [-1.0, 0.0, -0.0, -0.0, -0.0, -0.0, -1.0, 0.429898, -0.0, -1.0, 0.0, 0.0, 0.0, 0.0, 0.0, 1.0],
                [-1.0, 0.0, -0.0, 0.0, 0.0, 0.0, -1.0, 0.3, -0.0, -1.0, 0.0, -0.0, 0.0, 0.0, 0.0, 1.0],
                [-1.0, 0.0, -0.0, -0.0, 0.0, -0.0, -1.0, 0.386911, -0.0, -1.0, 0.0, 0.0, 0.0, 0.0, 0.0, 1.0],
                [-1.0, 0.0, -0.0, 0.0, 0.0, -0.0, -1.0, 0.392988, -0.0, -1.0, 0.0, 0.0, 0.0, 0.0, 0.0, 1.0]
            ]
        },
        {
            "name": "Shoulder_L",
            "time": [0.0, 0.25, 0.5, 0.5667, 0.8833, 1.1],
            "transform": [
                [0.152795, -0.933453, -0.324528, 0.0, 0.006918, -0.327366, 0.944872, 0.4, -0.988234, -0.146617, -0.043563, -0.0, 0.0, 0.0, 0.0, 1.0],
                [0.17867, -0.928748, -0.324814, 0.0, 0.015281, -0.327467, 0.944739, 0.4, -0.98379, -0.17376, -0.044317, 0.0, 0.0, 0.0, 0.0, 1.0],
                [0.487968, -0.828153, -0.27577, 0.0, 0.280244, -0.150568, 0.948047, 0.4, -0.82665, -0.539899, 0.158613, 0.0, 0.0, 0.0, 0.0, 1.0],
                [0.497688, -0.822697, -0.274729, 0.0, 0.289869, -0.140769, 0.946657, 0.4, -0.817485, -0.550776, 0.168415, 0.0, 0.0, 0.0, 0.0, 1.0],
                [0.038456, -0.95301, -0.300487, -0.0, 0.024355, -0.299726, 0.953715, 0.4, -0.998963, -0.043995, 0.011684, -0.0, 0.0, 0.0, 0.0, 1.0],
                [-0.0, -0.952114, -0.305743, 0.0, 0.0, -0.305743, 0.952114, 0.4, -1.0, -0.0, 0.0, 0.0, 0.0, 0.0, 0.0, 1.0]
            ]
        },
        {
            "name": "Arm_L",
            "time": [0.0, 0.25, 0.5, 0.5667, 0.8833, 1.1],
            "transform": [
                [-0.399951, 0.530955, 0.747078, 0.0, -0.783256, 0.225297, -0.57944, 0.39386, -0.475972, -0.816901, 0.325766, 0.0, 0.0, 0.0, 0.0, 1.0],
                [-0.413188, 0.547338, 0.727802, -0.0, -0.767806, 0.220338, -0.601602, 0.39386, -0.489642, -0.807386, 0.329209, 0.0, 0.0, 0.0, 0.0, 1.0],
                [-0.257469, 0.251381, 0.933015, -0.0, -0.636142, 0.682709, -0.359488, 0.39386, -0.727346, -0.686087, -0.015862, 0.0, 0.0, 0.0, 0.0, 1.0],
                [-0.25283, 0.234164, 0.938746, 0.0, -0.627792, 0.698568, -0.343335, 0.39386, -0.736175, -0.676143, -0.029613, 0.0, 0.0, 0.0, 0.0, 1.0],
                [-0.252829, 0.234163, 0.938747, 0.0, -0.627792, 0.698569, -0.343334, 0.39386, -0.736175, -0.676143, -0.029613, -0.0, 0.0, 0.0, 0.0, 1.0],
                [-0.252829, 0.234163, 0.938747, -0.0, -0.627792, 0.698569, -0.343334, 0.39386, -0.736175, -0.676143, -0.029613, 0.0, 0.0, 0.0, 0.0, 1.0]
            ]
        },
        {
            "name": "Hand_L",
            "time": [0.0, 0.25, 0.5, 0.5667, 0.8833, 1.1],
            "transform": [
                [0.999999, -0.000477, 0.001247, 0.0, 0.001307, 0.539716, -0.841846, 0.3, -0.000272, 0.841847, 0.539716, 0.0, 0.0, 0.0, 0.0, 1.0],
                [1.0, -0.000324, 0.000998, 0.0, 0.001024, 0.510009, -0.860169, 0.3, -0.00023, 0.860169, 0.510009, 0.0, 0.0, 0.0, 0.0, 1.0],
                [1.0, -8.2e-05, 0.000589, -0.0, 0.000548, 0.510007, -0.860171, 0.3, -0.00023, 0.860171, 0.510007, -0.0, 0.0, 0.0, 0.0, 1.0],
                [1.0, 0.000715, -0.000754, 0.0, -0.001013, 0.510007, -0.86017, 0.3, -0.00023, 0.860171, 0.510007, 0.0, 0.0, 0.0, 0.0, 1.0],
                [0.999384, -0.017705, 0.030313, -0.0, 0.035104, 0.5097, -0.859636, 0.3, -0.00023, 0.86017, 0.510008, 0.0, 0.0, 0.0, 0.0, 1.0],
                [0.999276, -0.019201, 0.032835, -0.0, 0.038036, 0.509646, -0.859543, 0.3, -0.00023, 0.86017, 0.510008, 0.0, 0.0, 0.0, 0.0, 1.0]
            ]
        },
        {
            "name": "Tool_L",
            "time": [0.0, 1.1],
            "transform": [
                [1.0, -0.0, 0.0, -0.0, -0.0, -0.999835, 0.018122, 0.272858, 0.0, -0.018122, -0.999247, -0.0, 0.0, 0.0, 0.0, 1.0],
                [1.0, -0.0, 0.0, 0.0, -0.0, -0.999836, 0.018122, 0.272858, 0.0, -0.018122, -0.999247, 0.0, 0.0, 0.0, 0.0, 1.0]
            ]
        },
        {
            "name": "Elbow_L",
            "time": [0.0, 0.1667, 0.4167, 0.4833, 0.8333, 1.1],
            "transform": [
                [-1.0, 0.0, -0.0, 0.0, 0.0, -0.0, -1.0, 0.403468, -0.0, -1.0, 0.0, 0.0, 0.0, 0.0, 0.0, 1.0],
                [-1.0, 0.0, -0.0, -0.0, 0.0, 0.0, -1.0, 0.405119, -0.0, -1.0, -0.0, -0.0, 0.0, 0.0, 0.0, 1.0],
                [-1.0, 0.0, -0.0, 0.0, 0.0, -0.0, -1.0, 0.402637, -0.0, -1.0, -0.0, 0.0, 0.0, 0.0, 0.0, 1.0],
                [-1.0, 0.0, -0.0, 0.0, 0.0, -0.0, -1.0, 0.401554, -0.0, -1.0, -0.0, -0.0, 0.0, 0.0, 0.0, 1.0],
                [-1.0, 0.0, -0.0, 0.0, 0.0, -0.0, -1.0, 0.400788, -0.0, -1.0, -0.0, 0.0, 0.0, 0.0, 0.0, 1.0],
                [-1.0, 0.0, -0.0, -0.0, 0.0, -0.0, -1.0, 0.400785, -0.0, -1.0, -0.0, 0.0, 0.0, 0.0, 0.0, 1.0]
            ]
        }
    ]
}