{
    "animation": [
        {
            "name": "Root",
            "time": [0.0, 0.1667, 0.3667, 0.7, 0.9333, 1.1, 1.3667, 1.55],
            "transform": [
                [0.350596, 0.194861, -0.916031, -5e-06, -0.935071, 0.127358, -0.330791, 0.000946, 0.052205, 0.972527, 0.22686, 0.660045, 0.0, 0.0, 0.0, 1.0],
                [0.132489, 0.273865, -0.952599, -5e-06, -0.98582, 0.136265, -0.097935, 0.000946, 0.102985, 0.952066, 0.288035, 0.626535, 0.0, 0.0, 0.0, 1.0],
                [0.898136, 0.0, 0.439718, -5e-06, 0.439718, 0.0, -0.898136, 0.377526, 0.0, 1.0, 0.0, 0.626535, 0.0, 0.0, 0.0, 1.0],
                [0.730406, -0.158124, 0.664458, -5e-06, 0.682665, 0.137931, -0.717596, 0.489105, 0.02182, 0.977738, 0.208691, 0.626535, 0.0, 0.0, 0.0, 1.0],
                [0.719744, -0.178856, 0.670804, -5e-06, 0.694062, 0.163528, -0.701097, 0.487921, 0.0157, 0.97019, 0.241836, 0.626535, 0.0, 0.0, 0.0, 1.0],
                [0.497299, 0.013905, -0.867468, -5e-06, -0.862203, -0.10322, -0.495936, 1.043125, -0.096436, 0.994561, -0.039343, 0.626535, 0.0, 0.0, 0.0, 1.0],
                [0.205523, 0.146857, -0.967571, -5e-06, -0.978447, 0.010594, -0.206226, 1.054748, -0.020035, 0.989101, 0.145869, 0.626535, 0.0, 0.0, 0.0, 1.0],
                [0.205523, 0.146857, -0.967571, -5e-06, -0.978447, 0.010594, -0.206226, 1.045326, -0.020035, 0.989101, 0.145869, 0.626535, 0.0, 0.0, 0.0, 1.0]
            ]
        },
        {
            "name": "Thigh_R",
            "time": [0.0, 0.1667, 0.3667, 0.7, 0.9333, 1.1, 1.3667, 1.55],
            "transform": [
                [0.91417, 0.247081, -0.321315, 0.124994, 0.37771, -0.806906, 0.454132, -0.002831, -0.147063, -0.536516, -0.830977, -1.2e-05, 0.0, 0.0, 0.0, 1.0],
                [0.8631, 0.308527, -0.399836, 0.124994, 0.482877, -0.736067, 0.474376, -0.002831, -0.147949, -0.602504, -0.784282, -1.2e-05, 0.0, 0.0, 0.0, 1.0],
                [0.927931, -0.120726, 0.352658, 0.124994, 0.056935, -0.889089, -0.454175, -0.002831, 0.368376, 0.441522, -0.818142, -1.2e-05, 0.0, 0.0, 0.0, 1.0],
                [0.845019, -0.331455, 0.419617, 0.124994, -0.125318, -0.885617, -0.447185, -0.002831, 0.519843, 0.325295, -0.789903, -1.2e-05, 0.0, 0.0, 0.0, 1.0],
                [0.844761, -0.334599, 0.417638, 0.124994, -0.147475, -0.89576, -0.41936, -0.002831, 0.514422, 0.292667, -0.80605, -1.2e-05, 0.0, 0.0, 0.0, 1.0],
                [0.844504, 0.527308, -0.093578, 0.124994, 0.514314, -0.749829, 0.416215, -0.002831, 0.149306, -0.399622, -0.904439, -1.2e-05, 0.0, 0.0, 0.0, 1.0],
                [0.864412, 0.370399, -0.339994, 0.124994, 0.499573, -0.709042, 0.497678, -0.002831, -0.056731, -0.600049, -0.797948, -1.2e-05, 0.0, 0.0, 0.0, 1.0],
                [0.864412, 0.370399, -0.339994, 0.124994, 0.499573, -0.709042, 0.497678, -0.002831, -0.056731, -0.600049, -0.797948, -1.2e-05, 0.0, 0.0, 0.0, 1.0]
            ]
        },
        {
            "name": "Leg_R",
            "time": [0.0, 0.1667, 0.3667, 0.7, 0.9333, 1.1, 1.3667, 1.55],
            "transform": [
                [1.0, -0.0, 4e-06, -0.0, -2e-06, 0.775468, 0.631387, 0.37472, -4e-06, -0.631388, 0.775467, -0.0, 0.0, 0.0, 0.0, 1.0],
                [1.0, -0.0, 3e-06, -0.0, -1e-06, 0.863903, 0.503659, 0.37472, -3e-06, -0.50366, 0.863901, 0.0, 0.0, 0.0, 0.0, 1.0],
                [1.0, 0.0, 5e-06, 0.0, -1e-06, 0.965366, 0.260903, 0.37472, -5e-06, -0.260903, 0.965364, -0.0, 0.0, 0.0, 0.0, 1.0],
                [1.0, 0.0, 7e-06, 0.0, -0.0, 0.999944, 0.010675, 0.37472, -7e-06, -0.010675, 0.999942, -0.0, 0.0, 0.0, 0.0, 1.0],
                [1.0, 0.0, 6e-06, -0.0, -0.0, 0.999956, 0.009424, 0.37472, -6e-06, -0.009424, 0.999955, -0.0, 0.0, 0.0, 0.0, 1.0],
                [1.0, -0.0, 6e-06, -0.0, -5e-06, 0.556768, 0.830668, 0.37472, -4e-06, -0.830669, 0.556767, 0.0, 0.0, 0.0, 0.0, 1.0],
                [1.0, -1e-06, 9e-06, 0.0, -6e-06, 0.688637, 0.725106, 0.37472, -6e-06, -0.725107, 0.688636, -0.0, 0.0, 0.0, 0.0, 1.0],
                [1.0, -1e-06, 9e-06, 0.0, -6e-06, 0.688637, 0.725106, 0.37472, -6e-06, -0.725107, 0.688636, -0.0, 0.0, 0.0, 0.0, 1.0]
            ]
        },
        {
            "name": "Knee_R",
            "time": [0.0, 0.1667, 0.3667, 0.7, 0.9333, 1.1, 1.3667, 1.55],
            "transform": [
                [1.0, 0.0, -0.0, -0.0, -0.0, 1e-06, -1.0, 0.399488, -0.0, 1.0, 1e-06, -0.0, 0.0, 0.0, 0.0, 1.0],
                [1.0, 0.0, -0.0, -0.0, -0.0, 1e-06, -1.0, 0.388466, -0.0, 1.0, 1e-06, 0.0, 0.0, 0.0, 0.0, 1.0],
                [1.0, 0.0, -0.0, -0.0, -0.0, 1e-06, -1.0, 0.366611, -0.0, 1.0, 1e-06, 0.0, 0.0, 0.0, 0.0, 1.0],
                [1.0, 0.0, -0.0, 0.0, -0.0, 1e-06, -1.0, 0.37472, -0.0, 1.0, 1e-06, -0.0, 0.0, 0.0, 0.0, 1.0],
                [1.0, 0.0, -0.0, -0.0, -0.0, 1e-06, -1.0, 0.37472, -0.0, 1.0, 1e-06, -0.0, 0.0, 0.0, 0.0, 1.0],
                [1.0, 0.0, -0.0, 0.0, -0.0, 1e-06, -1.0, 0.418871, -0.0, 1.0, 1e-06, -0.0, 0.0, 0.0, 0.0, 1.0],
                [1.0, 0.0, -0.0, -0.0, -0.0, 1e-06, -1.0, 0.407257, -0.0, 1.0, 1e-06, -0.0, 0.0, 0.0, 0.0, 1.0],
                [1.0, 0.0, -0.0, 0.0, -0.0, 1e-06, -1.0, 0.407257, -0.0, 1.0, 1e-06, -0.0, 0.0, 0.0, 0.0, 1.0]
            ]
        },
        {
            "name": "Thigh_L",
            "time": [0.0, 0.1667, 0.3667, 0.7, 0.9333, 1.1, 1.3667, 1.55],
            "transform": [
                [0.454602, -0.692758, -0.559841, -0.125006, 0.042599, -0.610916, 0.790548, -0.002831, -0.889675, -0.383234, -0.248213, -1.2e-05, 0.0, 0.0, 0.0, 1.0],
                [0.280184, -0.836212, -0.47143, -0.125006, 0.021425, -0.485531, 0.873956, -0.002831, -0.959707, -0.254969, -0.118123, -1.2e-05, 0.0, 0.0, 0.0, 1.0],
                [0.91026, 0.275906, 0.308711, -0.125006, -0.070596, -0.631266, 0.772346, -0.002831, 0.407973, -0.72483, -0.555139, -1.2e-05, 0.0, 0.0, 0.0, 1.0],
                [0.909227, 0.316004, 0.271009, -0.125006, -0.09992, -0.466308, 0.878961, -0.002831, 0.404129, -0.826255, -0.392405, -1.2e-05, 0.0, 0.0, 0.0, 1.0],
                [0.910028, 0.321606, 0.261567, -0.125006, -0.101503, -0.438898, 0.892785, -0.00283, 0.401926, -0.83901, -0.366766, -1.2e-05, 0.0, 0.0, 0.0, 1.0],
                [0.540022, -0.570671, -0.618635, -0.125006, 0.000691, -0.734726, 0.678363, -0.00283, -0.84165, -0.366759, -0.396375, -1.2e-05, 0.0, 0.0, 0.0, 1.0],
                [0.347165, -0.730249, -0.588398, -0.125006, -0.015061, -0.631682, 0.775081, -0.00283, -0.937682, -0.260219, -0.230297, -1.2e-05, 0.0, 0.0, 0.0, 1.0],
                [0.347165, -0.730249, -0.588398, -0.125006, -0.015061, -0.631682, 0.775081, -0.00283, -0.937682, -0.260219, -0.230297, -1.2e-05, 0.0, 0.0, 0.0, 1.0]
            ]
        },
        {
            "name": "Leg_L",
            "time": [0.0, 0.1667, 0.3667, 0.7, 0.9333, 1.1, 1.3667, 1.55],
            "transform": [
                [1.0, -1e-06, 1.6e-05, -0.0, -1.2e-05, 0.636536, 0.771247, 0.37472, -1.1e-05, -0.771247, 0.636536, 0.0, 0.0, 0.0, 0.0, 1.0],
                [1.0, -1e-06, 4e-06, -0.0, -3e-06, 0.601179, 0.799114, 0.37472, -3e-06, -0.799114, 0.60118, 0.0, 0.0, 0.0, 0.0, 1.0],
                [1.0, -0.0, 4e-05, 0.0, -3e-05, 0.649145, 0.760665, 0.37472, -2.7e-05, -0.760664, 0.649146, -0.0, 0.0, 0.0, 0.0, 1.0],
                [0.999985, -1e-06, 0.005578, -0.0, -0.004351, 0.625618, 0.780118, 0.37472, -0.00349, -0.780129, 0.625608, -0.0, 0.0, 0.0, 0.0, 1.0],
                [0.999998, -1e-06, 0.002062, -0.0, -0.001598, 0.63206, 0.774918, 0.37472, -0.001304, -0.77492, 0.632058, -0.0, 0.0, 0.0, 0.0, 1.0],
                [0.999996, -1e-06, 0.002715, -0.0, -0.002083, 0.640996, 0.767542, 0.37472, -0.001741, -0.767544, 0.640994, -0.0, 0.0, 0.0, 0.0, 1.0],
                [0.999992, -1e-06, 0.003901, 0.0, -0.002986, 0.643335, 0.765579, 0.37472, -0.002511, -0.765584, 0.643331, -0.0, 0.0, 0.0, 0.0, 1.0],
                [0.999992, -1e-06, 0.003901, 0.0, -0.002986, 0.643335, 0.765579, 0.37472, -0.002511, -0.765584, 0.643331, -0.0, 0.0, 0.0, 0.0, 1.0]
            ]
        },
        {
            "name": "Knee_L",
            "time": [0.0, 1.55],
            "transform": [
                [1.0, 0.0, -0.0, -0.0, -0.0, 1e-06, -1.0, 0.409917, -0.0, 1.0, 1e-06, 0.0, 0.0, 0.0, 0.0, 1.0],
                [1.0, 0.0, -0.0, 0.0, -0.0, 1e-06, -1.0, 0.409917, -0.0, 1.0, 1e-06, -0.0, 0.0, 0.0, 0.0, 1.0]
            ]
        },
        {
            "name": "Torso",
            "time": [0.0, 0.1667, 0.3667, 1.1, 1.3667, 1.55],
            "transform": [
                [0.99978, -0.020971, -0.000197, 0.0, 0.020971, 0.999603, 0.018827, 0.05, -0.000198, -0.018827, 0.999823, -0.0, 0.0, 0.0, 0.0, 1.0],
                [0.99978, -0.020971, -0.000197, -0.0, 0.020971, 0.999603, 0.01883, 0.05, -0.000198, -0.01883, 0.999823, 0.0, 0.0, 0.0, 0.0, 1.0],
                [1.0, 0.0, 0.0, 0.0, 0.0, 1.0, 0.0, 0.05, 0.0, 0.0, 1.0, 0.0, 0.0, 0.0, 0.0, 1.0],
                [1.0, 0.0, -0.0, 0.0, -0.0, 1.0, -0.0, 0.05, 0.0, 0.0, 1.0, -0.0, 0.0, 0.0, 0.0, 1.0],
                [0.999945, -0.010487, -4.9e-05, -0.0, 0.010487, 0.999901, 0.009411, 0.05, -4.9e-05, -0.009411, 0.999956, -0.0, 0.0, 0.0, 0.0, 1.0],
                [0.999945, -0.010487, -4.9e-05, 0.0, 0.010487, 0.999901, 0.009411, 0.05, -4.9e-05, -0.009411, 0.999956, -0.0, 0.0, 0.0, 0.0, 1.0]
            ]
        },
        {
            "name": "Chest",
            "time": [0.0, 0.1667, 0.3667, 1.1, 1.3667, 1.55],
            "transform": [
                [0.999771, -0.021411, -0.000206, -0.0, 0.021411, 0.999586, 0.019219, 0.3, -0.000206, -0.019219, 0.999815, -0.0, 0.0, 0.0, 0.0, 1.0],
                [0.999771, -0.021411, -0.000206, -0.0, 0.021411, 0.999586, 0.019219, 0.3, -0.000206, -0.019219, 0.999815, 0.0, 0.0, 0.0, 0.0, 1.0],
                [1.0, 0.0, 0.0, 0.0, 0.0, 1.0, 0.0, 0.3, 0.0, 0.0, 1.0, 0.0, 0.0, 0.0, 0.0, 1.0],
                [1.0, -0.0, -0.0, -0.0, 0.0, 1.0, 0.0, 0.3, -0.0, -0.0, 1.0, -0.0, 0.0, 0.0, 0.0, 1.0],
                [0.999943, -0.010707, -5.1e-05, 0.0, 0.010707, 0.999897, 0.009605, 0.3, -5.1e-05, -0.009605, 0.999954, 0.0, 0.0, 0.0, 0.0, 1.0],
                [0.999943, -0.010707, -5.1e-05, 0.0, 0.010707, 0.999897, 0.009605, 0.3, -5.1e-05, -0.009605, 0.999954, 0.0, 0.0, 0.0, 0.0, 1.0]
            ]
        },
        {
            "name": "Head",
            "time": [0.0, 0.1667, 0.3667, 0.9333, 1.1, 1.3667, 1.55],
            "transform": [
                [0.595367, 0.083825, 0.799069, 0.0, -0.003485, 0.994803, -0.101762, 0.4, -0.803446, 0.057801, 0.592565, -0.0, 0.0, 0.0, 0.0, 1.0],
                [0.48315, 0.100106, 0.869796, -0.0, 0.001031, 0.993376, -0.114902, 0.4, -0.875537, 0.056412, 0.479846, 0.0, 0.0, 0.0, 0.0, 1.0],
                [0.922624, 0.0, -0.385701, 0.0, 0.0, 1.0, 0.0, 0.4, 0.385701, 0.0, 0.922624, 0.0, 0.0, 0.0, 0.0, 1.0],
                [0.922624, -0.0, -0.385701, -0.0, -0.0, 1.0, -0.0, 0.4, 0.385701, 0.0, 0.922624, -0.0, 0.0, 0.0, 0.0, 1.0],
                [0.538097, -0.004994, 0.842868, -0.0, -0.059021, 0.997305, 0.043588, 0.4, -0.840814, -0.073202, 0.536352, -0.0, 0.0, 0.0, 0.0, 1.0],
                [0.489175, 0.051489, 0.870664, 0.0, -0.034811, 0.998613, -0.039497, 0.4, -0.87149, -0.010988, 0.490289, 0.0, 0.0, 0.0, 0.0, 1.0],
                [0.489175, 0.051489, 0.870664, 0.0, -0.034811, 0.998613, -0.039497, 0.4, -0.87149, -0.010988, 0.490289, 0.0, 0.0, 0.0, 0.0, 1.0]
            ]
        },
        {
            "name": "Shoulder_R",
            "time": [0.0, 0.1667, 0.3667, 0.7, 0.9333, 1.1, 1.3667, 1.55],
            "transform": [
                [0.092405, 0.888586, 0.449306, 0.0, -0.028205, -0.44872, 0.893227, 0.4, 0.995322, -0.095211, -0.016401, -0.0, 0.0, 0.0, 0.0, 1.0],
                [0.016389, 0.865193, 0.501171, -0.0, -0.025473, -0.500714, 0.865238, 0.4, 0.999541, -0.026947, 0.013833, 0.0, 0.0, 0.0, 0.0, 1.0],
                [0.866638, 0.475045, 0.152547, 0.0, -0.0, -0.305743, 0.952114, 0.4, 0.498938, -0.825138, -0.264968, 0.0, 0.0, 0.0, 0.0, 1.0],
                [0.866638, 0.475045, 0.152547, 0.0, -0.0, -0.305743, 0.952114, 0.4, 0.498938, -0.825138, -0.264968, -0.0, 0.0, 0.0, 0.0, 1.0],
                [0.866638, 0.475045, 0.152547, -0.0, -1e-06, -0.305743, 0.952114, 0.4, 0.498938, -0.825138, -0.264968, -0.0, 0.0, 0.0, 0.0, 1.0],
                [0.496143, 0.777593, 0.386252, -0.0, -0.064368, -0.410701, 0.909495, 0.4, 0.865851, -0.476102, -0.153714, -0.0, 0.0, 0.0, 0.0, 1.0],
                [0.168153, 0.861396, 0.479292, 0.0, -0.047948, -0.478492, 0.876782, 0.4, 0.984594, -0.170415, -0.039158, 0.0, 0.0, 0.0, 0.0, 1.0],
                [0.168153, 0.861396, 0.479292, 0.0, -0.047948, -0.478492, 0.876782, 0.4, 0.984594, -0.170415, -0.039158, 0.0, 0.0, 0.0, 0.0, 1.0]
            ]
        },
        {
            "name": "Arm_R",
            "time": [0.0, 0.1667, 0.3667, 0.7, 0.9333, 1.1, 1.3667, 1.55],
            "transform": [
                [0.087852, -0.390322, -0.916478, 0.0, 0.910045, 0.405596, -0.085505, 0.39386, 0.405094, -0.826524, 0.390842, -0.0, 0.0, 0.0, 0.0, 1.0],
                [0.21149, -0.379083, -0.900871, 0.0, 0.874333, 0.485325, 0.001037, 0.393861, 0.436822, -0.787881, 0.434086, -0.0, 0.0, 0.0, 0.0, 1.0],
                [0.008945, -0.991685, 0.128375, 0.0, 0.748048, -0.078559, -0.658978, 0.39386, 0.663584, 0.101925, 0.741126, 0.0, 0.0, 0.0, 0.0, 1.0],
                [-0.573168, -0.798998, -0.181883, 0.0, 0.129496, 0.130853, -0.982908, 0.39386, 0.809141, -0.586924, 0.028466, -0.0, 0.0, 0.0, 0.0, 1.0],
                [-0.566369, -0.785596, -0.24913, 0.0, 0.012621, 0.293984, -0.955727, 0.393861, 0.824055, -0.544438, -0.156589, 0.0, 0.0, 0.0, 0.0, 1.0],
                [0.514787, -0.333165, -0.789934, 0.0, -0.768588, 0.228868, -0.597405, 0.39386, 0.379825, 0.91467, -0.138248, -0.0, 0.0, 0.0, 0.0, 1.0],
                [0.471579, -0.359561, -0.805189, -0.0, 0.040831, 0.921019, -0.387372, 0.39386, 0.880878, 0.1498, 0.449014, -0.0, 0.0, 0.0, 0.0, 1.0],
                [0.471579, -0.359561, -0.805189, 0.0, 0.040831, 0.921019, -0.387372, 0.39386, 0.880878, 0.1498, 0.449014, -0.0, 0.0, 0.0, 0.0, 1.0]
            ]
        },
        {
            "name": "Hand_R",
            "time": [0.0, 0.1667, 0.3667, 0.7, 1.1, 1.3667, 1.55],
            "transform": [
                [0.999994, 0.003415, 0.000791, -0.0, -0.002274, 0.803641, -0.59511, 0.3, -0.002668, 0.595104, 0.803644, 0.0, 0.0, 0.0, 0.0, 1.0],
                [0.999928, 0.010173, 0.006369, 0.0, -0.006124, 0.888819, -0.458217, 0.3, -0.010322, 0.458145, 0.888818, -0.0, 0.0, 0.0, 0.0, 1.0],
                [0.999928, 0.010173, 0.006369, 0.0, -0.006124, 0.888819, -0.458217, 0.3, -0.010322, 0.458145, 0.888818, -0.0, 0.0, 0.0, 0.0, 1.0],
                [0.999928, 0.010173, 0.006369, 0.0, -0.006124, 0.888819, -0.458217, 0.3, -0.010322, 0.458145, 0.888818, -0.0, 0.0, 0.0, 0.0, 1.0],
                [0.999928, 0.010173, 0.006369, 0.0, -0.006124, 0.88882, -0.458217, 0.3, -0.010322, 0.458145, 0.888818, 0.0, 0.0, 0.0, 0.0, 1.0],
                [0.999928, 0.010173, 0.006369, 0.0, -0.006124, 0.88882, -0.458217, 0.3, -0.010322, 0.458145, 0.888818, -0.0, 0.0, 0.0, 0.0, 1.0],
                [0.999999, -0.001128, 0.000658, 0.0, 0.001304, 0.888859, -0.45818, 0.3, -6.8e-05, 0.45818, 0.888859, -0.0, 0.0, 0.0, 0.0, 1.0]
            ]
        },
        {
            "name": "Tool_R",
            "time": [0.0, 0.1667, 0.3667, 0.7, 0.9333, 1.1, 1.3667, 1.55],
            "transform": [
                [0.442277, 0.13598, -0.886511, -0.0, -0.414121, -0.845801, -0.336339, 0.272858, -0.795081, 0.515563, -0.317582, -0.0, 0.0, 0.0, 0.0, 1.0],
                [-0.002235, 0.342891, -0.939373, 0.0, -0.615422, -0.740884, -0.268975, 0.272858, -0.787735, 0.577159, 0.21255, -0.0, 0.0, 0.0, 0.0, 1.0],
                [-0.042687, 0.767083, -0.640127, 0.0, 0.004105, -0.640571, -0.767888, 0.272858, -0.998489, -0.035392, 0.024173, 0.0, 0.0, 0.0, 0.0, 1.0],
                [0.990668, 0.056516, -0.124032, -0.0, -0.016972, -0.851754, -0.523668, 0.272858, -0.13516, 0.520568, -0.842352, 0.0, 0.0, 0.0, 0.0, 1.0],
                [0.999961, -0.008688, 0.001722, -0.0, -0.006601, -0.860664, -0.50913, 0.272858, 0.005902, 0.508788, -0.860184, -0.0, 0.0, 0.0, 0.0, 1.0],
                [0.999835, -0.008455, 0.016099, 0.0, 0.010111, -0.477346, -0.878657, 0.272858, 0.015105, 0.87815, -0.476909, 0.0, 0.0, 0.0, 0.0, 1.0],
                [0.69689, 0.269465, -0.66463, 0.0, -0.462457, -0.539482, -0.703629, 0.272858, -0.547839, 0.797237, -0.251202, 0.0, 0.0, 0.0, 0.0, 1.0],
                [0.69689, 0.269465, -0.66463, 0.0, -0.462457, -0.539482, -0.703629, 0.272858, -0.547839, 0.797237, -0.251202, 0.0, 0.0, 0.0, 0.0, 1.0]
            ]
        },
        {
            "name": "Elbow_R",
            "time": [0.0, 0.1667, 1.3667, 1.55],
            "transform": [
                [-1.0, 0.0, -0.0, -0.0, 0.0, -0.0, -1.0, 0.371697, -0.0, -1.0, 0.0, -0.0, 0.0, 0.0, 0.0, 1.0],
                [-1.0, 0.0, -0.0, 0.0, 0.0, -0.0, -1.0, 0.371301, -0.0, -1.0, 0.0, -0.0, 0.0, 0.0, 0.0, 1.0],
                [-1.0, 0.0, 0.0, 0.0, 0.0, -0.0, -1.0, 0.358922, -0.0, -1.0, 0.0, -0.0, 0.0, 0.0, 0.0, 1.0],
                [-1.0, 0.0, 0.0, 0.0, 0.0, -0.0, -1.0, 0.358922, -0.0, -1.0, 0.0, -0.0, 0.0, 0.0, 0.0, 1.0]
            ]
        },
        {
            "name": "Shoulder_L",
            "time": [0.0, 0.1667, 0.3667, 0.7, 0.9333, 1.1, 1.3667, 1.55],
            "transform": [
                [0.865461, -0.49657, -0.066291, 0.0, -0.080447, -0.268361, 0.959954, 0.4, -0.494475, -0.82547, -0.272203, -0.0, 0.0, 0.0, 0.0, 1.0],
                [0.922391, -0.386071, -0.012031, -0.0, -0.098091, -0.264257, 0.959451, 0.4, -0.373595, -0.883809, -0.281618, 0.0, 0.0, 0.0, 0.0, 1.0],
                [0.0, -0.952114, -0.305743, 0.0, 0.0, -0.305743, 0.952114, 0.4, -1.0, -0.0, 0.0, 0.0, 0.0, 0.0, 0.0, 1.0],
                [0.021103, -0.901895, -0.431439, 0.0, 0.161074, -0.422831, 0.891779, 0.4, -0.986717, -0.088313, 0.136349, -0.0, 0.0, 0.0, 0.0, 1.0],
                [0.100122, -0.889862, -0.445109, -0.0, 0.194666, -0.421192, 0.885835, 0.4, -0.975746, -0.17534, 0.131055, -0.0, 0.0, 0.0, 0.0, 1.0],
                [0.827086, -0.546441, -0.131647, -0.0, 0.038243, -0.178964, 0.983112, 0.4, -0.560773, -0.818153, -0.127121, -0.0, 0.0, 0.0, 0.0, 1.0],
                [0.910818, -0.411038, -0.038186, 0.0, -0.067802, -0.240202, 0.968352, 0.4, -0.407202, -0.879403, -0.246649, 0.0, 0.0, 0.0, 0.0, 1.0],
                [0.910818, -0.411038, -0.038186, 0.0, -0.067802, -0.240202, 0.968352, 0.4, -0.407202, -0.879403, -0.246649, 0.0, 0.0, 0.0, 0.0, 1.0]
            ]
        },
        {
            "name": "Arm_L",
            "time": [0.0, 0.1667, 0.3667, 0.7, 0.9333, 1.1, 1.3667, 1.55],
            "transform": [
                [-0.593631, 0.556664, 0.581143, -0.0, -0.722134, -0.04979, -0.689959, 0.39386, -0.35514, -0.829244, 0.431542, 0.0, 0.0, 0.0, 0.0, 1.0],
                [-0.620931, 0.54117, 0.56708, -0.0, -0.62125, 0.101411, -0.777023, 0.39386, -0.47801, -0.834775, 0.273233, 0.0, 0.0, 0.0, 0.0, 1.0],
                [0.077713, 0.884655, 0.459723, -0.0, -0.116496, 0.466016, -0.877073, 0.39386, -0.990146, 0.014604, 0.139275, -0.0, 0.0, 0.0, 0.0, 1.0],
                [0.006846, 0.069241, 0.997576, 0.0, -0.971979, 0.234868, -0.009631, 0.39386, -0.234966, -0.969558, 0.068909, 0.0, 0.0, 0.0, 0.0, 1.0],
                [0.108344, 0.439325, 0.891771, -0.0, -0.993734, 0.072635, 0.084948, 0.39386, -0.027454, -0.895387, 0.444442, -0.0, 0.0, 0.0, 0.0, 1.0],
                [0.238805, 0.874307, -0.422562, -0.0, -0.521968, -0.251371, -0.815084, 0.39386, -0.818854, 0.41521, 0.396331, -0.0, 0.0, 0.0, 0.0, 1.0],
                [-0.322899, 0.944503, 0.060414, 0.0, -0.458515, -0.100272, -0.883012, 0.39386, -0.827949, -0.312824, 0.465447, 0.0, 0.0, 0.0, 0.0, 1.0],
                [-0.322899, 0.944503, 0.060414, -0.0, -0.458515, -0.100272, -0.883012, 0.39386, -0.827949, -0.312824, 0.465447, 0.0, 0.0, 0.0, 0.0, 1.0]
            ]
        },
        {
            "name": "Hand_L",
            "time": [0.0, 0.1667, 0.3667, 0.7, 0.9333, 1.1, 1.55],
            "transform": [
                [0.999936, -0.011307, -0.001036, 0.0, 0.011199, 0.997176, -0.074261, 0.3, 0.001873, 0.074245, 0.997239, 0.0, 0.0, 0.0, 0.0, 1.0],
                [1.0, 0.0, 0.0, -0.0, -0.0, 0.993938, 0.109947, 0.3, -0.0, -0.109947, 0.993938, 0.0, 0.0, 0.0, 0.0, 1.0],
                [0.999996, 0.002746, -0.001248, -0.0, -0.000647, -0.208854, -0.977947, 0.3, -0.002947, 0.977943, -0.208851, 0.0, 0.0, 0.0, 0.0, 1.0],
                [0.999996, -0.00199, -0.001953, -0.0, -0.001451, 0.226806, -0.973939, 0.3, 0.002381, 0.973938, 0.226802, -0.0, 0.0, 0.0, 0.0, 1.0],
                [0.999999, 0.000524, -0.001176, 0.0, -0.00111, 0.813795, -0.581151, 0.3, 0.000653, 0.581152, 0.813795, -0.0, 0.0, 0.0, 0.0, 1.0],
                [1.0, 0.0, 0.0, -0.0, -0.0, 0.993938, 0.109947, 0.3, -0.0, -0.109947, 0.993938, 0.0, 0.0, 0.0, 0.0, 1.0],
                [1.0, 0.0, 0.0, -0.0, -0.0, 0.993938, 0.109947, 0.3, -0.0, -0.109947, 0.993938, 0.0, 0.0, 0.0, 0.0, 1.0]
            ]
        },
        {
            "name": "Tool_L",
            "time": [0.0, 1.55],
            "transform": [
                [0.999963, 0.000513, -0.008572, 0.0, -0.000906, -0.986348, -0.164672, 0.272858, -0.008534, 0.164566, -0.985733, -0.0, 0.0, 0.0, 0.0, 1.0],
                [0.999963, 0.000513, -0.008571, -0.0, -0.000906, -0.986348, -0.164671, 0.272858, -0.008534, 0.164566, -0.985733, 0.0, 0.0, 0.0, 0.0, 1.0]
            ]
        },
        {
            "name": "Elbow_L",
            "time": [0.0, 0.1667, 0.3667, 0.7, 0.9333, 1.1, 1.55],
            "transform": [
                [-1.0, 0.0, -0.0, 0.0, 0.0, -0.0, -1.0, 0.3, -0.0, -1.0, 0.0, 0.0, 0.0, 0.0, 0.0, 1.0],
                [-1.0, 0.0, -0.0, -0.0, 0.0, -0.0, -1.0, 0.3, -0.0, -1.0, 0.0, 0.0, 0.0, 0.0, 0.0, 1.0],
                [-1.0, 0.0, -0.0, -0.0, 0.0, -0.0, -1.0, 0.433903, -0.0, -1.0, 0.0, 0.0, 0.0, 0.0, 0.0, 1.0],
                [-1.0, 0.0, -0.0, -0.0, 0.0, -0.0, -1.0, 0.433904, -0.0, -1.0, -0.0, -0.0, 0.0, 0.0, 0.0, 1.0],
                [-1.0, 0.0, -0.0, 0.0, 0.0, -0.0, -1.0, 0.36935, -0.0, -1.0, 0.0, -0.0, 0.0, 0.0, 0.0, 1.0],
                [-1.0, 0.0, 0.0, -0.0, 0.0, -0.0, -1.0, 0.3, -0.0, -1.0, -0.0, 0.0, 0.0, 0.0, 0.0, 1.0],
                [-1.0, 0.0, -0.0, -0.0, 0.0, -0.0, -1.0, 0.3, -0.0, -1.0, 0.0, 0.0, 0.0, 0.0, 0.0, 1.0]
            ]
        }
    ]
}