{
    "animation": [
        {
            "name": "Root",
            "time": [0.0, 0.3167, 0.4833, 0.65, 1.0],
            "transform": [
                [0.67299, 0.031667, -0.738974, -5e-06, -0.739632, 0.036125, -0.672041, 0.000946, 0.005414, 0.998845, 0.047733, 0.626535, 0.0, 0.0, 0.0, 1.0],
                [0.786108, -0.005707, -0.618063, -5e-06, -0.617633, 0.031185, -0.785848, 0.000946, 0.023759, 0.999497, 0.02099, 0.626535, 0.0, 0.0, 0.0, 1.0],
                [0.998163, -0.033727, 0.050333, -5e-06, 0.059704, 0.406116, -0.911869, 0.578578, 0.010314, 0.913199, 0.407384, 0.499954, 0.0, 0.0, 0.0, 1.0],
                [0.997953, -0.033892, 0.05424, -5e-06, 0.063776, 0.4634, -0.883851, 0.583072, 0.004821, 0.885501, 0.464612, 0.498969, 0.0, 0.0, 0.0, 1.0],
                [0.997953, -0.033892, 0.05424, -5e-06, 0.063776, 0.4634, -0.883851, 0.583072, 0.004821, 0.885501, 0.464612, 0.498969, 0.0, 0.0, 0.0, 1.0]
            ]
        },
        {
            "name": "Thigh_R",
            "time": [0.0, 0.3167, 0.4833, 0.65, 1.0],
            "transform": [
                [0.907919, 0.406099, -0.103757, 0.124994, 0.418431, -0.892599, 0.167866, -0.002831, -0.024444, -0.195823, -0.980335, -1.2e-05, 0.0, 0.0, 0.0, 1.0],
                [0.92917, 0.369567, -0.007837, 0.124994, 0.369494, -0.927949, 0.048784, -0.002831, 0.010757, -0.048224, -0.998779, -1.2e-05, 0.0, 0.0, 0.0, 1.0],
                [0.999991, -0.001396, -0.003895, 0.124994, -0.002485, -0.955275, -0.295701, -0.002831, -0.003308, 0.295708, -0.955273, -1.2e-05, 0.0, 0.0, 0.0, 1.0],
                [0.999998, 0.001724, -0.000332, 0.124994, 0.001609, -0.975421, -0.220333, -0.002831, -0.000704, 0.220332, -0.975425, -1.2e-05, 0.0, 0.0, 0.0, 1.0],
                [0.999998, 0.001724, -0.000332, 0.124994, 0.001609, -0.975421, -0.220333, -0.002831, -0.000704, 0.220332, -0.975425, -1.2e-05, 0.0, 0.0, 0.0, 1.0]
            ]
        },
        {
            "name": "Leg_R",
            "time": [0.0, 0.3167, 0.4833, 1.0],
            "transform": [
                [1.0, -1e-06, 2.2e-05, -0.0, -1.5e-05, 0.721651, 0.692257, 0.37472, -1.6e-05, -0.692258, 0.72165, 0.0, 0.0, 0.0, 0.0, 1.0],
                [1.0, -1e-06, 1.7e-05, 0.0, -1.1e-05, 0.760062, 0.649851, 0.37472, -1.3e-05, -0.649852, 0.760061, -0.0, 0.0, 0.0, 0.0, 1.0],
                [1.0, -0.0, 3e-05, -0.0, -9e-06, 0.953149, 0.302503, 0.37472, -2.9e-05, -0.302503, 0.953148, 0.0, 0.0, 0.0, 0.0, 1.0],
                [1.0, -0.0, 3e-05, -0.0, -9e-06, 0.953149, 0.302502, 0.37472, -2.9e-05, -0.302503, 0.953148, -0.0, 0.0, 0.0, 0.0, 1.0]
            ]
        },
        {
            "name": "Knee_R",
            "time": [0.0, 0.3167, 0.4833, 1.0],
            "transform": [
                [1.0, 0.0, -0.0, -0.0, -0.0, 1e-06, -1.0, 0.404129, -0.0, 1.0, 1e-06, 0.0, 0.0, 0.0, 0.0, 1.0],
                [1.0, 0.0, -0.0, 0.0, -0.0, 1e-06, -1.0, 0.398075, -0.0, 1.0, 1e-06, -0.0, 0.0, 0.0, 0.0, 1.0],
                [1.0, 0.0, -0.0, -0.0, -0.0, 1e-06, -1.0, 0.37472, -0.0, 1.0, 1e-06, 0.0, 0.0, 0.0, 0.0, 1.0],
                [1.0, 0.0, -0.0, -0.0, -0.0, 1e-06, -1.0, 0.37472, -0.0, 1.0, 1e-06, -0.0, 0.0, 0.0, 0.0, 1.0]
            ]
        },
        {
            "name": "Thigh_L",
            "time": [0.0, 0.3167, 0.4833, 0.65, 1.0],
            "transform": [
                [0.714616, -0.558869, -0.420701, -0.125006, 0.001859, -0.599897, 0.800074, -0.00283, -0.699514, -0.572528, -0.427658, -1.2e-05, 0.0, 0.0, 0.0, 1.0],
                [0.802022, -0.47431, -0.363029, -0.125006, 0.005186, -0.602237, 0.7983, -0.002831, -0.597271, -0.642138, -0.480548, -1.2e-05, 0.0, 0.0, 0.0, 1.0],
                [0.999844, 0.017046, -0.004501, -0.125006, 0.002934, 0.090897, 0.995856, -0.002831, 0.017384, -0.995715, 0.090832, -1.2e-05, 0.0, 0.0, 0.0, 1.0],
                [0.99976, 0.007496, -0.020549, -0.125006, 0.018988, 0.168973, 0.985437, -0.002831, 0.01086, -0.985592, 0.16879, -1.2e-05, 0.0, 0.0, 0.0, 1.0],
                [0.99976, 0.007496, -0.020549, -0.125006, 0.018988, 0.168973, 0.985437, -0.002831, 0.01086, -0.985592, 0.16879, -1.2e-05, 0.0, 0.0, 0.0, 1.0]
            ]
        },
        {
            "name": "Leg_L",
            "time": [0.0, 0.3167, 0.4833, 0.65, 1.0],
            "transform": [
                [1.0, 6e-06, 0.000353, -0.0, -0.000262, 0.682494, 0.730892, 0.37472, -0.000237, -0.730891, 0.682494, -0.0, 0.0, 0.0, 0.0, 1.0],
                [0.999999, 1.6e-05, 0.00176, -0.0, -0.001253, 0.708657, 0.705552, 0.37472, -0.001236, -0.705552, 0.708657, -0.0, 0.0, 0.0, 0.0, 1.0],
                [1.0, -1e-06, 6e-06, -0.0, -6e-06, 0.065756, 0.997836, 0.37472, -1e-06, -0.997835, 0.065756, -0.0, 0.0, 0.0, 0.0, 1.0],
                [1.0, -1e-06, 5e-06, -0.0, -5e-06, 0.1103, 0.993899, 0.37472, -2e-06, -0.993898, 0.1103, 0.0, 0.0, 0.0, 0.0, 1.0],
                [1.0, -1e-06, 5e-06, -0.0, -5e-06, 0.1103, 0.993899, 0.37472, -2e-06, -0.993898, 0.1103, 0.0, 0.0, 0.0, 0.0, 1.0]
            ]
        },
        {
            "name": "Knee_L",
            "time": [0.0, 0.3167, 0.4833, 0.65, 1.0],
            "transform": [
                [1.0, 0.0, -0.0, 0.0, -0.0, 1e-06, -1.0, 0.40757, -0.0, 1.0, 1e-06, -0.0, 0.0, 0.0, 0.0, 1.0],
                [1.0, 0.0, -0.0, 0.0, -0.0, 1e-06, -1.0, 0.40538, -0.0, 1.0, 1e-06, -0.0, 0.0, 0.0, 0.0, 1.0],
                [1.0, 0.0, -0.0, 0.0, -0.0, 1e-06, -1.0, 0.469829, -0.0, 1.0, 1e-06, -0.0, 0.0, 0.0, 0.0, 1.0],
                [1.0, 0.0, -0.0, 0.0, -0.0, 1e-06, -1.0, 0.46182, -0.0, 1.0, 1e-06, -0.0, 0.0, 0.0, 0.0, 1.0],
                [1.0, 0.0, -0.0, 0.0, -0.0, 1e-06, -1.0, 0.46182, -0.0, 1.0, 1e-06, -0.0, 0.0, 0.0, 0.0, 1.0]
            ]
        },
        {
            "name": "Torso",
            "time": [0.0, 0.3167, 0.4333, 0.4833, 0.65, 1.0],
            "transform": [
                [0.999997, -0.002533, -3e-06, -0.0, 0.002533, 0.999994, 0.002264, 0.05, -3e-06, -0.002264, 0.999997, -0.0, 0.0, 0.0, 0.0, 1.0],
                [0.999243, 0.038888, -0.001322, -0.0, -0.038906, 0.998018, -0.049466, 0.05, -0.000604, 0.04948, 0.998775, -0.0, 0.0, 0.0, 0.0, 1.0],
                [0.999943, 0.010661, -0.000171, -0.0, -0.010662, 0.999852, -0.013549, 0.05, 2.6e-05, 0.01355, 0.999908, 0.0, 0.0, 0.0, 0.0, 1.0],
                [0.999997, 0.002404, -2.6e-05, -0.0, -0.002404, 0.999993, -0.003049, 0.05, 1.8e-05, 0.003049, 0.999995, 0.0, 0.0, 0.0, 0.0, 1.0],
                [1.0, 0.0, -0.0, 0.0, -0.0, 1.0, 0.0, 0.05, 0.0, 0.0, 1.0, -0.0, 0.0, 0.0, 0.0, 1.0],
                [1.0, 0.0, -0.0, 0.0, -0.0, 1.0, 0.0, 0.05, 0.0, 0.0, 1.0, -0.0, 0.0, 0.0, 0.0, 1.0]
            ]
        },
        {
            "name": "Chest",
            "time": [0.0, 0.3167, 0.4833, 0.65, 1.0],
            "transform": [
                [0.994007, 0.108968, -0.008705, 0.0, -0.109113, 0.984178, -0.139598, 0.3, -0.006644, 0.139711, 0.99017, -0.0, 0.0, 0.0, 0.0, 1.0],
                [0.98306, 0.181809, -0.023225, -0.0, -0.182206, 0.955659, -0.231337, 0.3, -0.019864, 0.23165, 0.972597, 0.0, 0.0, 0.0, 0.0, 1.0],
                [0.999935, 0.011376, -0.000187, -0.0, -0.011377, 0.999831, -0.014471, 0.3, 2.3e-05, 0.014472, 0.999896, -0.0, 0.0, 0.0, 0.0, 1.0],
                [1.0, 0.0, 0.0, -0.0, -0.0, 1.0, -0.0, 0.3, 0.0, 0.0, 1.0, -0.0, 0.0, 0.0, 0.0, 1.0],
                [1.0, 0.0, 0.0, -0.0, -0.0, 1.0, -0.0, 0.3, 0.0, 0.0, 1.0, -0.0, 0.0, 0.0, 0.0, 1.0]
            ]
        },
        {
            "name": "Head",
            "time": [0.0, 0.3167, 0.4833, 0.65, 1.0],
            "transform": [
                [0.71873, -0.068509, 0.691906, 0.0, -0.014077, 0.993496, 0.112994, 0.4, -0.695146, -0.090952, 0.713091, 0.0, 0.0, 0.0, 0.0, 1.0],
                [0.77908, -0.100944, 0.618744, 0.0, 0.001612, 0.987271, 0.159038, 0.4, -0.626922, -0.122906, 0.769326, 0.0, 0.0, 0.0, 0.0, 1.0],
                [0.999384, -0.00354, 0.034905, 0.0, 0.003215, 0.999951, 0.009344, 0.4, -0.034936, -0.009226, 0.999347, 0.0, 0.0, 0.0, 0.0, 1.0],
                [1.0, -0.0, 0.0, -0.0, -0.0, 1.0, -0.0, 0.4, 0.0, 0.0, 1.0, 0.0, 0.0, 0.0, 0.0, 1.0],
                [1.0, -0.0, 0.0, -0.0, -0.0, 1.0, -0.0, 0.4, 0.0, 0.0, 1.0, 0.0, 0.0, 0.0, 0.0, 1.0]
            ]
        },
        {
            "name": "Shoulder_R",
            "time": [0.0, 0.3667, 0.5, 0.7167, 1.0],
            "transform": [
                [0.479065, 0.876744, 0.042607, 0.0, -0.633955, 0.312013, 0.707636, 0.4, 0.607122, -0.366015, 0.705291, 0.0, 0.0, 0.0, 0.0, 1.0],
                [0.224135, 0.965246, -0.134399, -0.0, -0.618094, 0.247417, 0.746153, 0.4, 0.753474, -0.084168, 0.652068, 0.0, 0.0, 0.0, 0.0, 1.0],
                [0.662978, 0.748524, 0.013101, -0.0, 0.040071, -0.052955, 0.997793, 0.4, 0.747566, -0.660989, -0.065102, 0.0, 0.0, 0.0, 0.0, 1.0],
                [0.687813, 0.725833, 0.008948, -0.0, 0.076897, -0.085115, 0.993399, 0.4, 0.721803, -0.682585, -0.114357, 0.0, 0.0, 0.0, 0.0, 1.0],
                [0.687813, 0.725833, 0.008948, -0.0, 0.076897, -0.085115, 0.993399, 0.4, 0.721803, -0.682585, -0.114357, 0.0, 0.0, 0.0, 0.0, 1.0]
            ]
        },
        {
            "name": "Arm_R",
            "time": [0.0, 0.3667, 0.4333, 0.5, 0.7167, 1.0],
            "transform": [
                [-0.30905, -0.56438, 0.765483, 0.0, 0.942783, -0.287674, 0.168533, 0.39386, 0.125093, 0.77377, 0.620993, 0.0, 0.0, 0.0, 0.0, 1.0],
                [-0.440735, -0.482259, 0.757086, -0.0, 0.895418, -0.295473, 0.33305, 0.39386, 0.063083, 0.824695, 0.562049, 0.0, 0.0, 0.0, 0.0, 1.0],
                [-0.321855, -0.910283, 0.260375, 0.0, 0.890585, -0.384417, -0.243069, 0.393861, 0.321353, 0.153654, 0.93441, 0.0, 0.0, 0.0, 0.0, 1.0],
                [0.135128, -0.960445, -0.243488, -0.0, 0.989116, 0.145196, -0.023801, 0.39386, 0.058213, -0.237622, 0.969612, 0.0, 0.0, 0.0, 0.0, 1.0],
                [0.27755, -0.912079, -0.30179, -0.0, 0.960644, 0.259769, 0.098401, 0.39386, -0.011353, -0.317224, 0.948282, 0.0, 0.0, 0.0, 0.0, 1.0],
                [0.27755, -0.912079, -0.30179, -0.0, 0.960644, 0.259769, 0.098401, 0.39386, -0.011353, -0.317224, 0.948282, 0.0, 0.0, 0.0, 0.0, 1.0]
            ]
        },
        {
            "name": "Hand_R",
            "time": [0.0, 0.3667, 0.5, 0.7167, 1.0],
            "transform": [
                [1.0, -0.000592, 0.00051, 0.0, 0.00076, 0.888846, -0.458206, 0.3, -0.000182, 0.458206, 0.888846, -0.0, 0.0, 0.0, 0.0, 1.0],
                [1.0, 0.000261, -0.000228, 0.0, -0.000336, 0.888854, -0.45819, 0.3, 8.3e-05, 0.45819, 0.888854, -0.0, 0.0, 0.0, 0.0, 1.0],
                [1.0, 0.000499, 0.000551, -0.0, -0.000539, 0.997234, 0.074321, 0.3, -0.000512, -0.074321, 0.997234, 0.0, 0.0, 0.0, 0.0, 1.0],
                [1.0, 0.0, 0.0, -0.0, -0.0, 0.993937, 0.109947, 0.3, -0.0, -0.109947, 0.993937, -0.0, 0.0, 0.0, 0.0, 1.0],
                [1.0, 0.0, 0.0, -0.0, -0.0, 0.993937, 0.109947, 0.3, -0.0, -0.109947, 0.993937, -0.0, 0.0, 0.0, 0.0, 1.0]
            ]
        },
        {
            "name": "Tool_R",
            "time": [0.0, 0.3667, 0.4333, 0.5, 0.7167, 1.0],
            "transform": [
                [0.921847, -0.282413, -0.265407, -0.0, -0.356626, -0.886227, -0.295668, 0.272858, -0.151624, 0.366985, -0.917141, 0.0, 0.0, 0.0, 0.0, 1.0],
                [0.926171, -0.372966, -0.055708, 0.0, -0.377081, -0.91758, -0.125929, 0.272858, -0.004151, 0.137547, -0.989889, 0.0, 0.0, 0.0, 0.0, 1.0],
                [0.866188, -0.466254, -0.179795, 0.0, -0.4829, -0.873539, -0.06113, 0.272858, -0.128485, 0.139681, -0.981222, -0.0, 0.0, 0.0, 0.0, 1.0],
                [0.862479, -0.14539, -0.484759, 0.0, -0.449374, -0.660597, -0.601394, 0.272858, -0.232661, 0.736085, -0.634716, 0.0, 0.0, 0.0, 0.0, 1.0],
                [0.861937, -0.022198, -0.506529, 0.0, -0.442077, -0.522081, -0.729383, 0.272858, -0.248117, 0.852097, -0.45955, -0.0, 0.0, 0.0, 0.0, 1.0],
                [0.861937, -0.022198, -0.506529, 0.0, -0.442077, -0.522081, -0.729383, 0.272858, -0.248117, 0.852097, -0.45955, -0.0, 0.0, 0.0, 0.0, 1.0]
            ]
        },
        {
            "name": "Elbow_R",
            "time": [0.0, 0.3667, 0.5, 1.0],
            "transform": [
                [-1.0, 0.0, -0.0, 0.0, 0.0, -0.0, -1.0, 0.360399, -0.0, -1.0, 0.0, 0.0, 0.0, 0.0, 0.0, 1.0],
                [-1.0, 0.0, -0.0, 0.0, 0.0, -0.0, -1.0, 0.359848, -0.0, -1.0, 0.0, -0.0, 0.0, 0.0, 0.0, 1.0],
                [-1.0, 0.0, -0.0, -0.0, 0.0, -0.0, -1.0, 0.3, -0.0, -1.0, 0.0, 0.0, 0.0, 0.0, 0.0, 1.0],
                [-1.0, 0.0, -0.0, -0.0, 0.0, -0.0, -1.0, 0.3, -0.0, -1.0, 0.0, -0.0, 0.0, 0.0, 0.0, 1.0]
            ]
        },
        {
            "name": "Shoulder_L",
            "time": [0.0, 0.3667, 0.5, 0.7167, 1.0],
            "transform": [
                [-0.445579, -0.869357, 0.213725, 0.0, 0.225933, 0.121807, 0.966497, 0.4, -0.866264, 0.478938, 0.142142, 0.0, 0.0, 0.0, 0.0, 1.0],
                [-0.283515, -0.858212, 0.427891, -0.0, 0.144199, 0.402974, 0.90378, 0.4, -0.948064, 0.317937, 0.009504, 0.0, 0.0, 0.0, 0.0, 1.0],
                [0.607405, -0.794392, -0.001097, -0.0, -0.093296, -0.072707, 0.99298, 0.4, -0.788895, -0.603038, -0.118277, 0.0, 0.0, 0.0, 0.0, 1.0],
                [0.646568, -0.762465, -0.02443, -0.0, -0.087741, -0.106139, 0.990473, 0.4, -0.757793, -0.638265, -0.135526, 0.0, 0.0, 0.0, 0.0, 1.0],
                [0.646568, -0.762465, -0.02443, -0.0, -0.087741, -0.106139, 0.990473, 0.4, -0.757793, -0.638265, -0.135526, 0.0, 0.0, 0.0, 0.0, 1.0]
            ]
        },
        {
            "name": "Arm_L",
            "time": [0.0, 0.3667, 0.4333, 0.5, 0.7167, 1.0],
            "transform": [
                [0.731527, 0.132521, -0.66881, 0.0, -0.556187, -0.45139, -0.697784, 0.39386, -0.394365, 0.882431, -0.256498, 0.0, 0.0, 0.0, 0.0, 1.0],
                [0.633376, 0.079242, -0.769776, -0.0, -0.713214, -0.326204, -0.620417, 0.39386, -0.300267, 0.941972, -0.150093, -0.0, 0.0, 0.0, 0.0, 1.0],
                [-0.207392, 0.953957, -0.21669, -0.0, -0.940052, -0.255641, -0.225721, 0.39386, -0.270723, 0.156887, 0.949787, -0.0, 0.0, 0.0, 0.0, 1.0],
                [-0.112091, 0.829119, 0.54772, -0.0, -0.985246, -0.164466, 0.047332, 0.39386, 0.129325, -0.534334, 0.835322, 0.0, 0.0, 0.0, 0.0, 1.0],
                [-0.023741, 0.751379, 0.659443, 0.0, -0.983464, -0.136019, 0.119575, 0.39386, 0.179542, -0.6457, 0.742184, 0.0, 0.0, 0.0, 0.0, 1.0],
                [-0.023741, 0.751379, 0.659443, 0.0, -0.983464, -0.136019, 0.119575, 0.39386, 0.179542, -0.6457, 0.742184, 0.0, 0.0, 0.0, 0.0, 1.0]
            ]
        },
        {
            "name": "Hand_L",
            "time": [0.0, 0.3667, 0.5, 0.7167, 1.0],
            "transform": [
                [1.0, 0.0, 0.0, -0.0, 0.0, 0.993938, 0.109947, 0.3, 0.0, -0.109947, 0.993938, 0.0, 0.0, 0.0, 0.0, 1.0],
                [1.0, 0.0, -0.0, 0.0, -0.0, 0.993938, 0.109947, 0.3, 0.0, -0.109947, 0.993938, 0.0, 0.0, 0.0, 0.0, 1.0],
                [1.0, -5.3e-05, 5.3e-05, -0.0, 6.5e-05, 0.96757, -0.252603, 0.3, -3.8e-05, 0.252603, 0.96757, 0.0, 0.0, 0.0, 0.0, 1.0],
                [1.0, -5.6e-05, 5.8e-05, 0.0, 7e-05, 0.961248, -0.275686, 0.3, -4e-05, 0.275686, 0.961248, 0.0, 0.0, 0.0, 0.0, 1.0],
                [1.0, -5.6e-05, 5.8e-05, 0.0, 7e-05, 0.961248, -0.275686, 0.3, -4e-05, 0.275686, 0.961248, 0.0, 0.0, 0.0, 0.0, 1.0]
            ]
        },
        {
            "name": "Tool_L",
            "time": [0.0, 1.0],
            "transform": [
                [0.999963, 0.000513, -0.008572, 0.0, -0.000906, -0.986348, -0.164671, 0.272858, -0.008534, 0.164566, -0.985733, 0.0, 0.0, 0.0, 0.0, 1.0],
                [0.999963, 0.000513, -0.008572, 0.0, -0.000906, -0.986348, -0.164672, 0.272858, -0.008534, 0.164566, -0.985733, -0.0, 0.0, 0.0, 0.0, 1.0]
            ]
        },
        {
            "name": "Elbow_L",
            "time": [0.0, 1.0],
            "transform": [
                [-1.0, 0.0, -0.0, -0.001693, 0.0, -0.0, -1.0, 0.346377, -0.0, -1.0, -0.0, 8e-06, 0.0, 0.0, 0.0, 1.0],
                [-1.0, 0.0, -0.0, -0.001693, -0.0, -0.0, -1.0, 0.346376, -0.0, -1.0, -0.0, 8e-06, 0.0, 0.0, 0.0, 1.0]
            ]
        }
    ]
}