{
    "animation": [
        {
            "name": "Root",
            "time": [0.0, 0.3333, 0.4167, 0.55, 1.0],
            "transform": [
                [0.984616, -0.144615, 0.09807, -5e-06, 0.100143, 0.007111, -0.994948, 0.146994, 0.143187, 0.989462, 0.021484, 0.772444, 0.0, 0.0, 0.0, 1.0],
                [0.694727, -0.295485, 0.655777, -5e-06, 0.686428, -0.0, -0.727198, 0.553815, 0.214876, 0.955347, 0.202829, 0.505684, 0.0, 0.0, 0.0, 1.0],
                [0.951834, 0.075922, -0.297066, -5e-06, -0.305662, 0.311273, -0.899822, 0.983727, 0.024152, 0.947283, 0.319487, 0.590242, 0.0, 0.0, 0.0, 1.0],
                [0.219639, 0.466106, -0.857032, -5e-06, -0.975578, 0.102703, -0.194163, 1.242301, -0.002481, 0.878748, 0.47728, 0.487937, 0.0, 0.0, 0.0, 1.0],
                [0.167633, 0.476897, -0.862826, -5e-06, -0.98585, 0.081091, -0.146714, 1.254409, 0.0, 0.875211, 0.483742, 0.475768, 0.0, 0.0, 0.0, 1.0]
            ]
        },
        {
            "name": "Thigh_R",
            "time": [0.0, 0.1667, 0.3333, 0.4167, 0.55, 1.0],
            "transform": [
                [0.939709, 0.254601, 0.228309, 0.124994, 0.028962, -0.724468, 0.688698, -0.002831, 0.340746, -0.640562, -0.688165, -1.2e-05, 0.0, 0.0, 0.0, 1.0],
                [0.824495, 0.295181, 0.482779, 0.124994, 0.054011, -0.890318, 0.452121, -0.002831, 0.563285, -0.346695, -0.750008, -1.2e-05, 0.0, 0.0, 0.0, 1.0],
                [0.734587, 0.62333, 0.268028, 0.124994, 0.118048, -0.506405, 0.854177, -0.002831, 0.668166, -0.595826, -0.445584, -1.2e-05, 0.0, 0.0, 0.0, 1.0],
                [0.728488, 0.61162, 0.308584, 0.124994, 0.108415, -0.5477, 0.82962, -0.002831, 0.676425, -0.570912, -0.465303, -1.2e-05, 0.0, 0.0, 0.0, 1.0],
                [0.717825, 0.691363, -0.082116, 0.124994, 0.16741, -0.056915, 0.984243, -0.002831, 0.675796, -0.72026, -0.156598, -1.2e-05, 0.0, 0.0, 0.0, 1.0],
                [0.731044, 0.669955, -0.129354, 0.124994, 0.197941, -0.026803, 0.979847, -0.002831, 0.652987, -0.741915, -0.152206, -1.2e-05, 0.0, 0.0, 0.0, 1.0]
            ]
        },
        {
            "name": "Leg_R",
            "time": [0.0, 0.1667, 0.3333, 0.4167, 0.55, 1.0],
            "transform": [
                [1.0, -1e-06, 0.0, 0.0, -0.0, 0.210863, 0.977515, 0.37472, -1e-06, -0.977517, 0.210862, 0.0, 0.0, 0.0, 0.0, 1.0],
                [1.0, 0.0, 1e-06, 0.0, -0.0, 0.985985, 0.166841, 0.37472, -1e-06, -0.166841, 0.985983, -0.0, 0.0, 0.0, 0.0, 1.0],
                [1.0, -1e-06, 0.0, 0.0, 0.0, 0.410283, 0.911958, 0.37472, -1e-06, -0.911959, 0.410282, -0.0, 0.0, 0.0, 0.0, 1.0],
                [1.0, -0.0, -1e-06, -0.0, 1e-06, 0.372065, 0.928206, 0.37472, 0.0, -0.928208, 0.372064, -0.0, 0.0, 0.0, 0.0, 1.0],
                [1.0, -0.0, 3e-06, -0.0, -2e-06, 0.628411, 0.777881, 0.37472, -2e-06, -0.777883, 0.62841, 0.0, 0.0, 0.0, 0.0, 1.0],
                [1.0, -0.0, 1e-06, -0.0, -1e-06, 0.647923, 0.761706, 0.37472, -1e-06, -0.761707, 0.647922, -0.0, 0.0, 0.0, 0.0, 1.0]
            ]
        },
        {
            "name": "Knee_R",
            "time": [0.0, 0.1667, 0.3333, 0.4167, 1.0],
            "transform": [
                [1.0, 0.0, -0.0, 0.0, -0.0, 1e-06, -1.0, 0.453866, -0.0, 1.0, 1e-06, -0.0, 0.0, 0.0, 0.0, 1.0],
                [1.0, 0.0, -0.0, 0.0, -0.0, 1e-06, -1.0, 0.37472, -0.0, 1.0, 1e-06, -0.0, 0.0, 0.0, 0.0, 1.0],
                [1.0, 0.0, -0.0, 0.0, -0.0, 1e-06, -1.0, 0.431034, -0.0, 1.0, 1e-06, -0.0, 0.0, 0.0, 0.0, 1.0],
                [1.0, 0.0, -0.0, 0.0, -0.0, 1e-06, -1.0, 0.438493, -0.0, 1.0, 1e-06, -0.0, 0.0, 0.0, 0.0, 1.0],
                [1.0, -0.0, -0.0, -0.0, -0.0, 1e-06, -1.0, 0.411662, -0.0, 1.0, 1e-06, 0.0, 0.0, 0.0, 0.0, 1.0]
            ]
        },
        {
            "name": "Thigh_L",
            "time": [0.0, 0.3333, 0.4167, 0.55, 1.0],
            "transform": [
                [0.886884, -0.257976, -0.383254, -0.125006, -0.150611, -0.9457, 0.28804, -0.002831, -0.436751, -0.197736, -0.877581, -1.2e-05, 0.0, 0.0, 0.0, 1.0],
                [0.56186, -0.770318, 0.301536, -0.125006, -0.620851, -0.151785, 0.769093, -0.002831, -0.546677, -0.619333, -0.563534, -1.2e-05, 0.0, 0.0, 0.0, 1.0],
                [0.860523, -0.440071, 0.256586, -0.125006, -0.328538, -0.094505, 0.93975, -0.002831, -0.389308, -0.892976, -0.225904, -1.2e-05, 0.0, 0.0, 0.0, 1.0],
                [0.381494, -0.910822, -0.157685, -0.125005, 0.046624, -0.15141, 0.98737, -0.002831, -0.923194, -0.384029, -0.015297, -1.2e-05, 0.0, 0.0, 0.0, 1.0],
                [0.317154, -0.928539, -0.192947, -0.125006, 0.075243, -0.178172, 0.981118, -0.002831, -0.945384, -0.325684, 0.013358, -1.2e-05, 0.0, 0.0, 0.0, 1.0]
            ]
        },
        {
            "name": "Leg_L",
            "time": [0.0, 0.3333, 0.4167, 0.55, 1.0],
            "transform": [
                [1.0, -1e-06, 3e-06, -0.0, -0.0, 0.947844, 0.318734, 0.37472, -3e-06, -0.318734, 0.947844, -0.0, 0.0, 0.0, 0.0, 1.0],
                [1.0, -1e-06, 1e-06, 0.0, -1e-06, 0.374375, 0.927278, 0.37472, -1e-06, -0.927277, 0.374375, -0.0, 0.0, 0.0, 0.0, 1.0],
                [1.0, -1e-06, 4.4e-05, -0.0, -4.1e-05, -0.408133, 0.912923, 0.37472, 1.7e-05, -0.912922, -0.408133, -0.0, 0.0, 0.0, 0.0, 1.0],
                [0.999998, -1e-06, 0.00193, 0.0, -0.00189, 0.201941, 0.979396, 0.37472, -0.000391, -0.979398, 0.201941, -0.0, 0.0, 0.0, 0.0, 1.0],
                [1.0, -1e-06, 1.1e-05, 0.0, -1e-05, 0.226944, 0.973908, 0.37472, -3e-06, -0.973907, 0.226944, 0.0, 0.0, 0.0, 0.0, 1.0]
            ]
        },
        {
            "name": "Knee_L",
            "time": [0.0, 0.3333, 0.4167, 1.0],
            "transform": [
                [1.0, -0.0, -0.0, -0.0, -0.0, 1e-06, -1.0, 0.387176, -0.0, 1.0, 1e-06, -0.0, 0.0, 0.0, 0.0, 1.0],
                [1.0, 0.0, -0.0, 0.0, -0.0, 1e-06, -1.0, 0.437041, -0.0, 1.0, 1e-06, -0.0, 0.0, 0.0, 0.0, 1.0],
                [1.0, 0.0, -0.0, -0.0, -0.0, 1e-06, -1.0, 0.455959, -0.0, 1.0, 1e-06, -0.0, 0.0, 0.0, 0.0, 1.0],
                [1.0, 0.0, -0.0, 0.0, -0.0, 1e-06, -1.0, 0.451307, -0.0, 1.0, 1e-06, -0.0, 0.0, 0.0, 0.0, 1.0]
            ]
        },
        {
            "name": "Torso",
            "time": [0.0, 0.3333, 1.0],
            "transform": [
                [0.999945, -0.010487, -4.9e-05, -0.0, 0.010487, 0.999901, 0.009411, 0.05, -4.9e-05, -0.009411, 0.999956, 0.0, 0.0, 0.0, 0.0, 1.0],
                [1.0, 0.0, -0.0, -0.0, -0.0, 1.0, -0.0, 0.05, -0.0, -0.0, 1.0, -0.0, 0.0, 0.0, 0.0, 1.0],
                [1.0, 0.0, 0.0, 0.0, -0.0, 1.0, 0.0, 0.05, 0.0, -0.0, 1.0, 0.0, 0.0, 0.0, 0.0, 1.0]
            ]
        },
        {
            "name": "Chest",
            "time": [0.0, 0.3333, 1.0],
            "transform": [
                [0.999943, -0.010707, -5.2e-05, -0.0, 0.010707, 0.999896, 0.009612, 0.3, -5.1e-05, -0.009612, 0.999954, 0.0, 0.0, 0.0, 0.0, 1.0],
                [1.0, -0.0, 0.0, -0.0, -0.0, 1.0, 0.0, 0.3, -0.0, -0.0, 1.0, -0.0, 0.0, 0.0, 0.0, 1.0],
                [1.0, 0.0, -0.0, 0.0, -0.0, 1.0, -0.0, 0.3, 0.0, 0.0, 1.0, -0.0, 0.0, 0.0, 0.0, 1.0]
            ]
        },
        {
            "name": "Head",
            "time": [0.0, 0.3333, 0.55, 1.0],
            "transform": [
                [0.990647, 0.104228, 0.088061, 0.0, -0.097622, 0.992297, -0.076268, 0.4, -0.095332, 0.066958, 0.993191, -0.0, 0.0, 0.0, 0.0, 1.0],
                [0.919098, 0.142668, -0.367294, 0.0, -0.197168, 0.973576, -0.115216, 0.4, 0.341151, 0.178313, 0.922941, -0.0, 0.0, 0.0, 0.0, 1.0],
                [0.508103, -0.009746, 0.861241, 0.0, 0.404423, 0.885548, -0.228574, 0.4, -0.760443, 0.464445, 0.453892, -0.0, 0.0, 0.0, 0.0, 1.0],
                [0.465773, -0.007813, 0.88487, 0.0, 0.421916, 0.880942, -0.214307, 0.4, -0.777845, 0.473159, 0.413616, 0.0, 0.0, 0.0, 0.0, 1.0]
            ]
        },
        {
            "name": "Shoulder_R",
            "time": [0.0, 0.3333, 0.55, 1.0],
            "transform": [
                [0.733228, 0.663531, 0.148671, 0.0, -0.042935, -0.173027, 0.983981, 0.4, 0.678626, -0.727865, -0.09838, -0.0, 0.0, 0.0, 0.0, 1.0],
                [0.92189, 0.384289, 0.049399, 0.0, -0.029769, -0.056868, 0.997938, 0.4, 0.386305, -0.92146, -0.040986, -0.0, 0.0, 0.0, 0.0, 1.0],
                [-0.256572, 0.907743, 0.331924, 0.0, 0.098919, -0.316955, 0.943268, 0.4, 0.96145, 0.27485, -0.008471, -0.0, 0.0, 0.0, 0.0, 1.0],
                [-0.303352, 0.890658, 0.338681, 0.0, 0.109393, -0.320528, 0.940901, 0.4, 0.946578, 0.322474, -0.000199, 0.0, 0.0, 0.0, 0.0, 1.0]
            ]
        },
        {
            "name": "Arm_R",
            "time": [0.0, 0.3333, 0.55, 1.0],
            "transform": [
                [-0.474335, -0.114306, -0.872892, 0.0, 0.3574, 0.881143, -0.3096, 0.393861, 0.804532, -0.458825, -0.377104, -0.0, 0.0, 0.0, 0.0, 1.0],
                [0.098431, -0.514229, -0.851986, 0.0, 0.029543, 0.857276, -0.514009, 0.393861, 0.994705, 0.025424, 0.099574, 0.0, 0.0, 0.0, 0.0, 1.0],
                [0.107059, -0.090334, -0.99014, 0.0, 0.030048, 0.995703, -0.087593, 0.39386, 0.993799, -0.020374, 0.109313, -0.0, 0.0, 0.0, 0.0, 1.0],
                [0.104271, -0.075938, -0.991645, -0.0, 0.030963, 0.996845, -0.07308, 0.39386, 0.994067, -0.023084, 0.106293, -0.0, 0.0, 0.0, 0.0, 1.0]
            ]
        },
        {
            "name": "Hand_R",
            "time": [0.0, 0.3333, 0.55, 1.0],
            "transform": [
                [0.999997, -0.002266, -0.000722, 0.0, 0.000511, 0.501049, -0.865419, 0.3, 0.002323, 0.865416, 0.501048, -0.0, 0.0, 0.0, 0.0, 1.0],
                [1.0, 4.8e-05, -0.00029, 0.0, -0.000218, 0.78404, -0.620711, 0.3, 0.000198, 0.620711, 0.78404, -0.0, 0.0, 0.0, 0.0, 1.0],
                [1.0, -0.000758, -0.000606, 0.0, 0.000386, 0.883795, -0.467875, 0.3, 0.00089, 0.467874, 0.883795, -0.0, 0.0, 0.0, 0.0, 1.0],
                [0.999997, 0.002451, -0.000389, -0.0, -0.002351, 0.885218, -0.46517, 0.3, -0.000796, 0.46517, 0.885221, -0.0, 0.0, 0.0, 0.0, 1.0]
            ]
        },
        {
            "name": "Tool_R",
            "time": [0.0, 0.3333, 0.55, 1.0],
            "transform": [
                [0.998935, -0.017981, 0.042508, -0.021834, -0.007072, -0.969744, -0.244023, 0.257118, 0.045583, 0.243307, -0.968267, 0.256414, 0.0, 0.0, 0.0, 1.0],
                [0.994819, -0.004108, 0.101577, -0.054373, -0.003479, -0.999974, -0.006371, 0.183642, 0.10154, 0.00597, -0.994219, 0.332426, 0.0, 0.0, 0.0, 1.0],
                [0.999994, -2.2e-05, 0.00367, -0.00527, -8.8e-05, -0.999837, 0.018089, 0.260169, 0.003667, -0.018089, -0.999238, 0.198141, 0.0, 0.0, 0.0, 1.0],
                [1.0, 0.0, 0.0, -0.003425, 0.0, -0.999836, 0.018122, 0.263044, 0.0, -0.018122, -0.999244, 0.193097, 0.0, 0.0, 0.0, 1.0]
            ]
        },
        {
            "name": "Elbow_R",
            "time": [0.0, 0.3333, 0.55, 1.0],
            "transform": [
                [-1.0, 0.0, 0.0, 0.0, -0.0, -0.0, -1.0, 0.402617, -0.0, -1.0, 0.0, -0.0, 0.0, 0.0, 0.0, 1.0],
                [-1.0, 0.0, -0.0, 0.0, 0.0, -0.0, -1.0, 0.373208, -0.0, -1.0, 0.0, -0.0, 0.0, 0.0, 0.0, 1.0],
                [-1.0, 0.0, -0.0, -0.0, 0.0, -0.0, -1.0, 0.357666, -0.0, -1.0, 0.0, -0.0, 0.0, 0.0, 0.0, 1.0],
                [-1.0, 0.0, -0.0, 0.0, -0.0, -0.0, -1.0, 0.360069, -0.0, -1.0, 0.0, -0.0, 0.0, 0.0, 0.0, 1.0]
            ]
        },
        {
            "name": "Shoulder_L",
            "time": [0.0, 0.3333, 0.45, 0.55, 1.0],
            "transform": [
                [-0.168178, -0.902735, -0.395961, 0.0, 0.116471, -0.417066, 0.901383, 0.4, -0.978852, 0.105475, 0.175283, -0.0, 0.0, 0.0, 0.0, 1.0],
                [-0.469907, -0.815359, -0.338197, 0.0, 0.080019, -0.420902, 0.90357, 0.4, -0.879081, 0.397532, 0.263029, -0.0, 0.0, 0.0, 0.0, 1.0],
                [0.844929, -0.517511, 0.135195, -0.0, -0.12143, 0.060568, 0.99075, 0.4, -0.520912, -0.85353, -0.011665, -0.0, 0.0, 0.0, 0.0, 1.0],
                [0.944537, -0.197575, 0.262322, 0.0, -0.249879, 0.085934, 0.964456, 0.4, -0.213095, -0.976514, 0.031798, -0.0, 0.0, 0.0, 0.0, 1.0],
                [0.944543, -0.197525, 0.26234, 0.0, -0.249898, 0.085934, 0.964451, 0.4, -0.213047, -0.976524, 0.031808, 0.0, 0.0, 0.0, 0.0, 1.0]
            ]
        },
        {
            "name": "Arm_L",
            "time": [0.0, 0.3333, 0.45, 0.55, 1.0],
            "transform": [
                [0.089858, 0.735367, 0.671685, 0.0, -0.852586, 0.405396, -0.329774, 0.39386, -0.514803, -0.543036, 0.663392, -0.0, 0.0, 0.0, 0.0, 1.0],
                [0.492646, 0.836956, 0.238337, 0.0, -0.760103, 0.547203, -0.350444, 0.39386, -0.423725, -0.008516, 0.905751, -0.0, 0.0, 0.0, 0.0, 1.0],
                [0.691887, 0.509379, 0.511689, 0.0, -0.680212, 0.697497, 0.22541, 0.39386, -0.242082, -0.504015, 0.829075, -0.0, 0.0, 0.0, 0.0, 1.0],
                [-0.00192, 0.830874, 0.556457, 0.0, 0.088177, 0.554431, -0.827545, 0.39386, -0.996103, 0.047478, -0.074328, -0.0, 0.0, 0.0, 0.0, 1.0],
                [0.012864, 0.849079, 0.528109, -0.0, 0.101861, 0.524292, -0.845424, 0.39386, -0.994715, 0.064669, -0.079743, 0.0, 0.0, 0.0, 0.0, 1.0]
            ]
        },
        {
            "name": "Hand_L",
            "time": [0.0, 0.3333, 0.45, 0.55, 1.0],
            "transform": [
                [1.0, -0.000265, 0.000963, -0.0, 0.000937, 0.582058, -0.813147, 0.3, -0.000345, 0.813147, 0.582058, -0.0, 0.0, 0.0, 0.0, 1.0],
                [1.0, -0.00061, -0.000539, -0.0, -0.000173, 0.487743, -0.872988, 0.3, 0.000796, 0.872987, 0.487742, -0.0, 0.0, 0.0, 0.0, 1.0],
                [1.0, -7.9e-05, 5.6e-05, -0.0, 9e-05, 0.546458, -0.837487, 0.3, 3.6e-05, 0.837487, 0.546458, -0.0, 0.0, 0.0, 0.0, 1.0],
                [1.0, -0.000943, 0.000368, 0.0, 0.000915, 0.997558, 0.069842, 0.3, -0.000433, -0.069841, 0.997558, 0.0, 0.0, 0.0, 0.0, 1.0],
                [1.0, 0.0, 0.0, -0.0, -0.0, 0.993938, 0.109947, 0.3, -0.0, -0.109947, 0.993938, -0.0, 0.0, 0.0, 0.0, 1.0]
            ]
        },
        {
            "name": "Tool_L",
            "time": [0.0, 1.0],
            "transform": [
                [1.0, 0.0, 0.0, -0.0, -0.0, -0.999835, 0.018122, 0.272858, 0.0, -0.018122, -0.999247, 0.0, 0.0, 0.0, 0.0, 1.0],
                [1.0, -0.0, 0.0, 0.0, -0.0, -0.999836, 0.018122, 0.272858, 0.0, -0.018122, -0.999247, 0.0, 0.0, 0.0, 0.0, 1.0]
            ]
        },
        {
            "name": "Elbow_L",
            "time": [0.0, 0.3333, 0.45, 0.55, 1.0],
            "transform": [
                [-1.0, 0.0, -0.0, -0.0, 0.0, -0.0, -1.0, 0.395509, -0.0, -1.0, -0.0, -0.0, 0.0, 0.0, 0.0, 1.0],
                [-1.0, 0.0, -0.0, -0.0, 0.0, -0.0, -1.0, 0.404114, -0.0, -1.0, -0.0, -0.0, 0.0, 0.0, 0.0, 1.0],
                [-1.0, 0.0, -0.0, 0.0, 0.0, -0.0, -1.0, 0.396641, -0.0, -1.0, -0.0, -0.0, 0.0, 0.0, 0.0, 1.0],
                [-1.0, 0.0, 0.0, 0.0, 0.0, -0.0, -1.0, 0.3, -0.0, -1.0, 0.0, 0.0, 0.0, 0.0, 0.0, 1.0],
                [-1.0, 0.0, -0.0, -0.0, 0.0, -0.0, -1.0, 0.3, -0.0, -1.0, 0.0, -0.0, 0.0, 0.0, 0.0, 1.0]
            ]
        }
    ]
}