{
    "animation": [
        {
            "name": "Root",
            "time": [0.0, 0.1667, 0.3333, 0.4833, 0.5833, 0.6833, 1.0],
            "transform": [
                [0.927669, 0.0, -0.373403, -5e-06, -0.373403, 0.0, -0.927669, 0.000946, 0.0, 1.0, 0.0, 0.746347, 0.0, 0.0, 0.0, 1.0],
                [0.506384, 0.0, -0.862308, -5e-06, -0.862308, 0.0, -0.506384, 0.000946, 0.0, 1.0, 0.0, 0.649989, 0.0, 0.0, 0.0, 1.0],
                [0.446932, 0.0, -0.894568, -5e-06, -0.894568, 0.0, -0.446932, 0.000946, 0.0, 1.0, 0.0, 0.644125, 0.0, 0.0, 0.0, 1.0],
                [0.914563, -0.154701, -0.373688, -5e-06, -0.29549, 0.375291, -0.878546, 0.421525, 0.276154, 0.913906, 0.297515, 0.644247, 0.0, 0.0, 0.0, 1.0],
                [0.753039, -0.298934, 0.586149, -5e-06, 0.65154, 0.463071, -0.600883, 0.710892, -0.091805, 0.834388, 0.543478, 0.701342, 0.0, 0.0, 0.0, 1.0],
                [0.309984, -0.344685, 0.88606, -5e-06, 0.886218, 0.442235, -0.138006, 1.02489, -0.344278, 0.828022, 0.442552, 0.527954, 0.0, 0.0, 0.0, 1.0],
                [0.2408, -0.338935, 0.909472, -5e-06, 0.896001, 0.437833, -0.074065, 1.021219, -0.373093, 0.832722, 0.409116, 0.513122, 0.0, 0.0, 0.0, 1.0]
            ]
        },
        {
            "name": "Thigh_R",
            "time": [0.0, 0.1667, 0.3333, 0.4833, 0.5833, 0.6833, 1.0],
            "transform": [
                [0.980919, 0.194183, 0.009533, 0.124994, 0.194184, -0.976155, -0.097015, -0.002831, -0.009533, 0.097015, -0.995237, -1.2e-05, 0.0, 0.0, 0.0, 1.0],
                [0.866031, 0.495489, 0.066932, 0.124994, 0.49549, -0.832591, -0.24755, -0.002831, -0.066932, 0.24755, -0.96656, -1.2e-05, 0.0, 0.0, 0.0, 1.0],
                [0.847335, 0.525552, 0.076272, 0.124994, 0.525553, -0.809228, -0.262569, -0.002831, -0.076273, 0.262569, -0.961894, -1.2e-05, 0.0, 0.0, 0.0, 1.0],
                [0.928156, 0.188581, 0.320878, 0.124994, 0.268432, -0.936379, -0.226137, -0.002831, 0.257818, 0.296024, -0.919728, -1.2e-05, 0.0, 0.0, 0.0, 1.0],
                [0.75044, 0.522004, 0.405403, 0.124994, -0.091939, -0.524965, 0.846143, -0.002831, 0.654513, -0.672252, -0.345962, -1.2e-05, 0.0, 0.0, 0.0, 1.0],
                [0.33327, 0.927824, -0.167551, 0.124994, -0.343954, 0.285108, 0.894656, -0.002831, 0.877853, -0.240532, 0.414147, -1.2e-05, 0.0, 0.0, 0.0, 1.0],
                [0.274166, 0.929381, -0.247148, 0.124994, -0.331352, 0.332551, 0.882958, -0.002831, 0.902795, -0.160184, 0.399126, -1.2e-05, 0.0, 0.0, 0.0, 1.0]
            ]
        },
        {
            "name": "Leg_R",
            "time": [0.0, 0.3333, 0.4833, 0.5833, 0.6833, 1.0],
            "transform": [
                [1.0, 0.0, 1e-06, 0.0, -0.0, 1.000001, 0.0, 0.37472, -1e-06, -0.0, 0.999999, -0.0, 0.0, 0.0, 0.0, 1.0],
                [1.0, 0.0, 1e-06, 0.0, -0.0, 1.000001, 0.0, 0.37472, -1e-06, -0.0, 0.999999, 0.0, 0.0, 0.0, 0.0, 1.0],
                [0.999987, 0.00502, 0.00073, 0.0, -0.00502, 0.958608, 0.284688, 0.37472, 0.000729, -0.284688, 0.958619, 0.0, 0.0, 0.0, 0.0, 1.0],
                [0.999965, 0.007121, 0.004463, 0.0, -0.00261, -0.241617, 0.970368, 0.37472, 0.007988, -0.970347, -0.241589, 0.0, 0.0, 0.0, 0.0, 1.0],
                [0.999879, 0.012992, 0.008607, 0.0, -0.009558, 0.075028, 0.997135, 0.37472, 0.012309, -0.997098, 0.075143, 0.0, 0.0, 0.0, 0.0, 1.0],
                [0.999996, -0.001385, -0.002649, -0.0, 0.002816, 0.139741, 0.990183, 0.37472, -0.001001, -0.990188, 0.139744, 0.0, 0.0, 0.0, 0.0, 1.0]
            ]
        },
        {
            "name": "Knee_R",
            "time": [0.0, 0.1667, 0.3333, 0.4833, 0.6833, 1.0],
            "transform": [
                [1.0, 0.0, -0.0, 0.0, -0.0, 1e-06, -1.0, 0.399479, -0.0, 1.0, 1e-06, -0.0, 0.0, 0.0, 0.0, 1.0],
                [1.0, 0.0, -0.0, -0.0, -0.0, 1e-06, -1.0, 0.379937, -0.0, 1.0, 1e-06, 0.0, 0.0, 0.0, 0.0, 1.0],
                [1.0, 0.0, -0.0, -0.0, -0.0, 1e-06, -1.0, 0.379937, -0.0, 1.0, 1e-06, 0.0, 0.0, 0.0, 0.0, 1.0],
                [1.0, 0.0, -0.0, 0.0, -0.0, 1e-06, -1.0, 0.37472, -0.0, 1.0, 1e-06, 0.0, 0.0, 0.0, 0.0, 1.0],
                [1.0, 0.0, -0.0, 0.0, -0.0, 1e-06, -1.0, 0.468426, -0.0, 1.0, 1e-06, 0.0, 0.0, 0.0, 0.0, 1.0],
                [1.0, 0.0, -0.0, 0.0, -0.0, 1e-06, -1.0, 0.459055, -0.0, 1.0, 1e-06, -0.0, 0.0, 0.0, 0.0, 1.0]
            ]
        },
        {
            "name": "Thigh_L",
            "time": [0.0, 0.1667, 0.3333, 0.4833, 0.5833, 0.6833, 1.0],
            "transform": [
                [0.926159, -0.168229, -0.337532, -0.125006, -0.070797, -0.95664, 0.282537, -0.002831, -0.370427, -0.237778, -0.897911, -1.2e-05, 0.0, 0.0, 0.0, 1.0],
                [0.477552, -0.644005, -0.597664, -0.125006, 0.001711, -0.67956, 0.733618, -0.002831, -0.878602, -0.351363, -0.323424, -1.2e-05, 0.0, 0.0, 0.0, 1.0],
                [0.432745, -0.6791, -0.59292, -0.125006, 0.018326, -0.65093, 0.758916, -0.002831, -0.90133, -0.339283, -0.269242, -1.2e-05, 0.0, 0.0, 0.0, 1.0],
                [0.827969, -0.559951, -0.030369, -0.136724, -0.079317, -0.17055, 0.982151, 0.007701, -0.555136, -0.810782, -0.185624, -0.003099, 0.0, 0.0, 0.0, 1.0],
                [0.950678, 0.165728, -0.262192, -0.150382, 0.310048, -0.532223, 0.787787, 0.019977, -0.008986, -0.830224, -0.557357, -0.006696, 0.0, 0.0, 0.0, 1.0],
                [0.907652, -0.414405, -0.066602, -0.15913, -0.353573, -0.840423, 0.410701, 0.02784, -0.22617, -0.349225, -0.909334, -0.009001, 0.0, 0.0, 0.0, 1.0],
                [0.908852, -0.407881, -0.087299, -0.16052, -0.364339, -0.878172, 0.309954, 0.029089, -0.203088, -0.249896, -0.946735, -0.009367, 0.0, 0.0, 0.0, 1.0]
            ]
        },
        {
            "name": "Leg_L",
            "time": [0.0, 0.1667, 0.3333, 0.4833, 0.6833, 1.0],
            "transform": [
                [0.999975, -0.007052, -0.001052, 0.0, 0.007052, 0.956375, 0.292057, 0.37472, -0.001054, -0.292057, 0.956401, 0.0, 0.0, 0.0, 0.0, 1.0],
                [0.999821, -0.017398, -0.007402, -0.0, 0.017397, 0.693264, 0.720474, 0.37472, -0.007403, -0.720474, 0.693443, 0.0, 0.0, 0.0, 0.0, 1.0],
                [1.0, 0.000706, 0.000278, -0.0, -0.000676, 0.663301, 0.748352, 0.37472, 0.000344, -0.748352, 0.663302, -0.0, 0.0, 0.0, 0.0, 1.0],
                [0.999997, -0.002632, 0.00014, -0.0, 0.001413, 0.580003, 0.814614, 0.37472, -0.002225, -0.81461, 0.580005, -0.0, 0.0, 0.0, 0.0, 1.0],
                [1.0, -0.000475, 0.000596, -0.0, 0.000411, 0.994697, 0.102845, 0.37472, -0.000641, -0.102845, 0.994698, 0.0, 0.0, 0.0, 0.0, 1.0],
                [1.0, 0.0, 1e-06, 0.0, -0.0, 1.0, 0.0, 0.37472, -1e-06, -0.0, 1.0, 0.0, 0.0, 0.0, 0.0, 1.0]
            ]
        },
        {
            "name": "Knee_L",
            "time": [0.0, 0.1667, 0.3333, 0.4833, 1.0],
            "transform": [
                [1.0, 0.0, -0.0, 0.0, -0.0, 1e-06, -1.0, 0.37472, -0.0, 1.0, 1e-06, 0.0, 0.0, 0.0, 0.0, 1.0],
                [1.0, 0.0, -0.0, 0.0, -0.0, 1e-06, -1.0, 0.407908, -0.0, 1.0, 1e-06, 0.0, 0.0, 0.0, 0.0, 1.0],
                [1.0, 0.0, -0.0, 0.0, -0.0, 1e-06, -1.0, 0.407908, -0.0, 1.0, 1e-06, -0.0, 0.0, 0.0, 0.0, 1.0],
                [1.0, 0.0, -0.0, 0.0, -0.0, 1e-06, -1.0, 0.416768, -0.0, 1.0, 1e-06, -0.0, 0.0, 0.0, 0.0, 1.0],
                [1.0, 0.0, -0.0, 0.0, -0.0, 1e-06, -1.0, 0.37472, -0.0, 1.0, 1e-06, 0.0, 0.0, 0.0, 0.0, 1.0]
            ]
        },
        {
            "name": "Torso",
            "time": [0.0, 0.1667, 0.3333, 0.4833, 0.6833, 1.0],
            "transform": [
                [0.998818, 0.048591, -0.000914, 0.0, -0.048591, 0.998112, -0.03757, 0.05, -0.000914, 0.03757, 0.999294, -0.0, 0.0, 0.0, 0.0, 1.0],
                [0.980478, 0.196374, -0.009994, -0.0, -0.196374, 0.975362, -0.100535, 0.05, -0.009994, 0.100535, 0.994883, 0.0, 0.0, 0.0, 0.0, 1.0],
                [0.977298, 0.211563, -0.011342, -0.0, -0.211563, 0.971632, -0.105698, 0.05, -0.011342, 0.105698, 0.994334, -0.0, 0.0, 0.0, 0.0, 1.0],
                [0.989776, 0.142542, -0.005108, -0.0, -0.142542, 0.987224, -0.071215, 0.05, -0.005108, 0.071215, 0.997448, 0.0, 0.0, 0.0, 0.0, 1.0],
                [0.999965, 0.008341, -1.7e-05, 0.0, -0.008341, 0.999956, -0.004167, 0.05, -1.7e-05, 0.004167, 0.999991, 0.0, 0.0, 0.0, 0.0, 1.0],
                [1.0, 0.0, -0.0, 0.0, -0.0, 1.0, -0.0, 0.05, 0.0, 0.0, 1.0, -0.0, 0.0, 0.0, 0.0, 1.0]
            ]
        },
        {
            "name": "Chest",
            "time": [0.0, 1.0],
            "transform": [
                [1.0, -0.0, 0.0, 0.0, -0.0, 1.0, -0.0, 0.3, 0.0, 0.0, 1.0, 0.0, 0.0, 0.0, 0.0, 1.0],
                [1.0, 0.0, -0.0, 0.0, -0.0, 1.0, -0.0, 0.3, 0.0, 0.0, 1.0, 0.0, 0.0, 0.0, 0.0, 1.0]
            ]
        },
        {
            "name": "Head",
            "time": [0.0, 0.1667, 0.3333, 0.4833, 0.6833, 1.0],
            "transform": [
                [0.942565, 0.0, 0.334023, 0.0, 0.0, 1.0, -0.0, 0.4, -0.334023, 0.0, 0.942565, 0.0, 0.0, 0.0, 0.0, 1.0],
                [0.606288, 0.0, 0.795245, -0.0, 0.0, 1.0, 0.0, 0.4, -0.795245, -0.0, 0.606288, -0.0, 0.0, 0.0, 0.0, 1.0],
                [0.553966, -0.0, 0.832539, -0.0, -0.0, 1.0, 0.0, 0.4, -0.832539, 0.0, 0.553966, -0.0, 0.0, 0.0, 0.0, 1.0],
                [0.932104, 0.138993, 0.33446, 0.0, -0.041327, 0.958218, -0.283038, 0.4, -0.359826, 0.249999, 0.898903, -0.0, 0.0, 0.0, 0.0, 1.0],
                [0.477214, -0.268043, -0.836911, 0.0, -0.201241, 0.893708, -0.400983, 0.4, 0.855435, 0.359775, 0.372549, 0.0, 0.0, 0.0, 0.0, 1.0],
                [0.410451, -0.289601, -0.864674, 0.0, -0.201021, 0.896167, -0.39557, 0.4, 0.88945, 0.33618, 0.309616, 0.0, 0.0, 0.0, 0.0, 1.0]
            ]
        },
        {
            "name": "Shoulder_R",
            "time": [0.0, 0.3333, 0.4167, 0.5167, 0.6833, 1.0],
            "transform": [
                [0.0, 0.952114, 0.305743, 0.0, 0.0, -0.305743, 0.952114, 0.4, 1.0, 0.0, -0.0, 0.0, 0.0, 0.0, 0.0, 1.0],
                [0.0, 0.952114, 0.305743, -0.0, 0.0, -0.305743, 0.952114, 0.4, 1.0, 0.0, -0.0, -0.0, 0.0, 0.0, 0.0, 1.0],
                [0.739954, 0.671914, -0.031616, -0.0, -0.029105, 0.07894, 0.996454, 0.4, 0.672028, -0.73641, 0.077968, -0.0, 0.0, 0.0, 0.0, 1.0],
                [0.785165, 0.59437, 0.173895, 0.0, 0.050971, -0.34187, 0.938364, 0.4, 0.617185, -0.727907, -0.29872, 0.0, 0.0, 0.0, 0.0, 1.0],
                [0.479516, 0.862228, 0.163179, 0.0, 0.305952, -0.338551, 0.889818, 0.4, 0.822471, -0.376757, -0.426141, 0.0, 0.0, 0.0, 0.0, 1.0],
                [0.443598, 0.880442, 0.16746, 0.0, 0.321494, -0.330739, 0.887273, 0.4, 0.836578, -0.339755, -0.429772, 0.0, 0.0, 0.0, 0.0, 1.0]
            ]
        },
        {
            "name": "Arm_R",
            "time": [0.0, 0.1667, 0.3333, 0.4167, 0.5167, 0.6833, 1.0],
            "transform": [
                [0.650004, -0.558079, -0.515793, -0.0, 0.447613, 0.829669, -0.333604, 0.393861, 0.614115, -0.014031, 0.789092, -0.0, 0.0, 0.0, 0.0, 1.0],
                [0.446339, -0.76172, 0.469642, -0.0, 0.877794, 0.474701, -0.064314, 0.393861, -0.173951, 0.440955, 0.880511, 0.0, 0.0, 0.0, 0.0, 1.0],
                [0.282477, -0.638795, 0.715644, 0.0, 0.918898, 0.39435, -0.010703, 0.39386, -0.275377, 0.660628, 0.698383, 0.0, 0.0, 0.0, 0.0, 1.0],
                [0.014278, -0.694722, 0.719136, 0.0, 0.996803, 0.066435, 0.044389, 0.39386, -0.078614, 0.716203, 0.693449, -0.0, 0.0, 0.0, 0.0, 1.0],
                [0.495171, -0.86196, 0.10877, -0.0, 0.815869, 0.418317, -0.39921, 0.39386, 0.298603, 0.286419, 0.910385, 0.0, 0.0, 0.0, 0.0, 1.0],
                [0.766595, -0.581872, -0.271582, -0.0, 0.411068, 0.769612, -0.488591, 0.39386, 0.493311, 0.262913, 0.829169, 0.0, 0.0, 0.0, 0.0, 1.0],
                [0.777776, -0.563037, -0.279381, 0.0, 0.389911, 0.780833, -0.488129, 0.39386, 0.492984, 0.270721, 0.826847, 0.0, 0.0, 0.0, 0.0, 1.0]
            ]
        },
        {
            "name": "Hand_R",
            "time": [0.0, 0.1667, 0.3333, 0.4833, 0.6833, 1.0],
            "transform": [
                [1.003844, -0.0, 0.0, 0.0, 0.0, 0.962291, -0.250089, 0.3, -0.0, 0.250089, 0.962291, 0.0, 0.0, 0.0, 0.0, 1.0],
                [1.003844, -0.0, 0.0, 0.0, 0.0, 0.597024, -0.795054, 0.3, 0.0, 0.795053, 0.597024, 0.0, 0.0, 0.0, 0.0, 1.0],
                [1.003844, -0.0, 0.0, -0.0, 0.0, 0.552786, -0.826423, 0.3, 0.0, 0.826423, 0.552786, 0.0, 0.0, 0.0, 0.0, 1.0],
                [1.003844, 0.0, 0.0, 0.0, -0.0, 0.98823, 0.109316, 0.3, -0.0, -0.109316, 0.98823, -0.0, 0.0, 0.0, 0.0, 1.0],
                [1.003843, -0.000965, -0.000465, -0.0, 0.000903, 0.985329, -0.132939, 0.3, 0.000595, 0.132939, 0.98533, 0.0, 0.0, 0.0, 0.0, 1.0],
                [1.003843, -0.000183, -0.000725, 0.0, 6.2e-05, 0.980723, -0.163492, 0.3, 0.000753, 0.163492, 0.980723, 0.0, 0.0, 0.0, 0.0, 1.0]
            ]
        },
        {
            "name": "Tool_R",
            "time": [0.0, 0.1667, 0.3333, 1.0],
            "transform": [
                [0.999859, 0.00613, 0.015616, 0.005874, 0.01522, 0.06012, -0.998075, 0.069858, -0.007053, 0.997582, 0.059972, 0.008172, 0.0, 0.0, 0.0, 1.0],
                [0.99974, -0.009918, 0.020505, 0.003416, 0.006993, 0.990392, 0.138112, 0.281592, -0.021665, -0.137841, 0.989619, 0.369113, 0.0, 0.0, 0.0, 1.0],
                [0.9997, -0.008495, 0.022972, 0.003419, 0.006578, 0.996587, 0.082285, 0.263827, -0.023578, -0.08205, 0.995755, 0.360593, 0.0, 0.0, 0.0, 1.0],
                [0.999703, -0.002318, 0.024249, 0.003432, 0.005473, 0.991385, -0.13087, 0.196279, -0.023723, 0.130897, 0.990515, 0.328196, 0.0, 0.0, 0.0, 1.0]
            ]
        },
        {
            "name": "Elbow_R",
            "time": [0.0, 0.1667, 0.3333, 0.4167, 0.4833, 1.0],
            "transform": [
                [-1.0, 0.0, -0.0, 0.0, 0.0, 0.0, -1.0, 0.3, -0.0, -1.0, 0.0, 0.0, 0.0, 0.0, 0.0, 1.0],
                [-1.0, 0.0, -0.0, 0.0, 0.0, -0.0, -1.0, 0.396359, -0.0, -1.0, 0.0, 0.0, 0.0, 0.0, 0.0, 1.0],
                [-1.0, 0.0, -0.0, -0.0, -0.0, -0.0, -1.0, 0.396359, -0.0, -1.0, 0.0, 0.0, 0.0, 0.0, 0.0, 1.0],
                [-1.0, 0.0, -0.0, -0.0, 0.0, 0.0, -1.0, 0.348232, -0.0, -1.0, 0.0, -0.0, 0.0, 0.0, 0.0, 1.0],
                [-1.0, 0.0, -0.0, 0.0, 0.0, -0.0, -1.0, 0.3, -0.0, -1.0, 0.0, -0.0, 0.0, 0.0, 0.0, 1.0],
                [-1.0, 0.0, -0.0, 0.0, 0.0, -0.0, -1.0, 0.3, -0.0, -1.0, 0.0, 0.0, 0.0, 0.0, 0.0, 1.0]
            ]
        },
        {
            "name": "Shoulder_L",
            "time": [0.0, 0.4833, 0.6833, 1.0],
            "transform": [
                [-0.0, -0.952114, -0.305743, 0.0, 0.0, -0.305743, 0.952114, 0.4, -1.0, 0.0, 0.0, 0.0, 0.0, 0.0, 0.0, 1.0],
                [-0.35808, -0.918492, -0.167782, 0.0, -0.001428, -0.179159, 0.983819, 0.4, -0.93369, 0.352526, 0.062841, -0.0, 0.0, 0.0, 0.0, 1.0],
                [-0.447435, -0.746524, -0.492447, 0.0, -0.241951, -0.42906, 0.870268, 0.4, -0.860966, 0.508536, 0.011354, 0.0, 0.0, 0.0, 0.0, 1.0],
                [-0.441772, -0.723549, -0.53039, 0.0, -0.268708, -0.457349, 0.847719, 0.4, -0.85594, 0.517019, 0.00762, 0.0, 0.0, 0.0, 0.0, 1.0]
            ]
        },
        {
            "name": "Arm_L",
            "time": [0.0, 0.1667, 0.3333, 0.4833, 0.6833, 1.0],
            "transform": [
                [-0.076348, 0.088561, 0.99314, -0.0, -0.817648, 0.56448, -0.113193, 0.39386, -0.570633, -0.820682, 0.029315, -0.0, 0.0, 0.0, 0.0, 1.0],
                [-0.244428, 0.346343, 0.905705, 0.0, -0.267925, 0.873552, -0.406354, 0.39386, -0.931918, -0.341985, -0.120726, 0.0, 0.0, 0.0, 0.0, 1.0],
                [-0.253592, 0.373281, 0.892386, -0.0, -0.206973, 0.880238, -0.427016, 0.39386, -0.944909, -0.292988, -0.145962, -0.0, 0.0, 0.0, 0.0, 1.0],
                [-0.474285, -0.236127, 0.848114, 0.0, -0.088382, 0.971264, 0.220988, 0.39386, -0.875923, 0.029854, -0.481525, -0.0, 0.0, 0.0, 0.0, 1.0],
                [-0.666609, -0.199752, 0.718144, 0.0, -0.064891, 0.975318, 0.211051, 0.39386, -0.742577, 0.094088, -0.663118, -0.0, 0.0, 0.0, 0.0, 1.0],
                [-0.664523, -0.222542, 0.713361, -0.0, -0.074692, 0.969626, 0.232908, 0.39386, -0.743525, 0.10149, -0.660962, 0.0, 0.0, 0.0, 0.0, 1.0]
            ]
        },
        {
            "name": "Hand_L",
            "time": [0.0, 0.1667, 0.3333, 0.4833, 0.6833, 1.0],
            "transform": [
                [1.020762, 0.0, 0.0, -0.0, 0.0, 0.967849, -0.251533, 0.3, 0.0, 0.251533, 0.967849, 0.0, 0.0, 0.0, 0.0, 1.0],
                [1.020762, 0.0, 0.0, -0.0, -0.0, 0.600472, -0.799646, 0.3, -0.0, 0.799646, 0.600472, -0.0, 0.0, 0.0, 0.0, 1.0],
                [1.020762, -0.0, 0.0, 0.0, 0.0, 0.555978, -0.831197, 0.3, 0.0, 0.831197, 0.555978, -0.0, 0.0, 0.0, 0.0, 1.0],
                [1.020761, 0.001515, -0.000624, -0.0, -0.001639, 0.981659, -0.190637, 0.3, 0.000331, 0.190638, 0.98166, 0.0, 0.0, 0.0, 0.0, 1.0],
                [1.020762, -0.0, 0.0, -0.0, 0.0, 0.713888, -0.70026, 0.3, 0.0, 0.70026, 0.713888, -0.0, 0.0, 0.0, 0.0, 1.0],
                [1.020762, -0.0, 0.0, -0.0, 0.0, 0.719776, -0.694206, 0.3, 0.0, 0.694206, 0.719776, 0.0, 0.0, 0.0, 0.0, 1.0]
            ]
        },
        {
            "name": "Tool_L",
            "time": [0.0, 1.0],
            "transform": [
                [1.0, 0.0, 0.0, -0.0, 0.0, -0.999835, 0.018122, 0.272858, 0.0, -0.018122, -0.999247, -0.0, 0.0, 0.0, 0.0, 1.0],
                [1.0, 0.0, 0.0, 0.0, 0.0, -0.999836, 0.018122, 0.272858, 0.0, -0.018122, -0.999247, 0.0, 0.0, 0.0, 0.0, 1.0]
            ]
        },
        {
            "name": "Elbow_L",
            "time": [0.0, 0.1667, 0.3333, 0.4833, 0.6833, 1.0],
            "transform": [
                [-1.0, 0.0, -0.0, -0.0, -0.0, -0.0, -1.0, 0.3, -0.0, -1.0, -0.0, 0.0, 0.0, 0.0, 0.0, 1.0],
                [-1.0, 0.0, 0.0, -0.0, 0.0, -0.0, -1.0, 0.396359, -0.0, -1.0, -0.0, -0.0, 0.0, 0.0, 0.0, 1.0],
                [-1.0, 0.0, -0.0, 0.0, 0.0, -0.0, -1.0, 0.396359, -0.0, -1.0, -0.0, -0.0, 0.0, 0.0, 0.0, 1.0],
                [-1.0, 0.0, -0.0, -0.0, 0.0, -0.0, -1.0, 0.3, -0.0, -1.0, -0.0, 0.0, 0.0, 0.0, 0.0, 1.0],
                [-1.0, 0.0, -0.0, 0.0, 0.0, -0.0, -1.0, 0.378839, -0.0, -1.0, -0.0, -0.0, 0.0, 0.0, 0.0, 1.0],
                [-1.0, 0.0, -0.0, -0.0, 0.0, -0.0, -1.0, 0.372082, -0.0, -1.0, -0.0, 0.0, 0.0, 0.0, 0.0, 1.0]
            ]
        }
    ]
}