{
    "animation": [
        {
            "name": "Root",
            "time": [0.0, 0.5, 0.75, 1.05, 1.1667],
            "transform": [
                [0.778044, -0.0, -0.62821, -5e-06, -0.624528, 0.108116, -0.773483, 0.000946, 0.06792, 0.994138, 0.084119, 0.661601, 0.0, 0.0, 0.0, 1.0],
                [0.994844, 0.02561, 0.098126, -5e-06, 0.079135, 0.409069, -0.909066, 0.000946, -0.063421, 0.912144, 0.404933, 0.661601, 0.0, 0.0, 0.0, 1.0],
                [0.994844, 0.02561, 0.098126, -5e-06, 0.079135, 0.409069, -0.909066, 0.000946, -0.063421, 0.912144, 0.404933, 0.661601, 0.0, 0.0, 0.0, 1.0],
                [0.705437, 0.100151, -0.701661, -5e-06, -0.694664, 0.294231, -0.656407, 0.000946, 0.140711, 0.950472, 0.277133, 0.661601, 0.0, 0.0, 0.0, 1.0],
                [0.705437, 0.100151, -0.701661, -5e-06, -0.694664, 0.294231, -0.656407, 0.000946, 0.140711, 0.950472, 0.277133, 0.661601, 0.0, 0.0, 0.0, 1.0]
            ]
        },
        {
            "name": "Thigh_R",
            "time": [0.0, 0.5, 0.75, 1.05, 1.1667],
            "transform": [
                [0.900814, 0.319382, 0.294157, 0.124994, 0.289733, -0.946716, 0.140642, -0.002831, 0.323402, -0.041464, -0.945353, -1.2e-05, 0.0, 0.0, 0.0, 1.0],
                [0.893838, 0.054167, 0.445107, 0.124994, 0.067665, -0.997601, -0.014479, -0.002831, 0.443255, 0.04306, -0.895361, -1.2e-05, 0.0, 0.0, 0.0, 1.0],
                [0.895598, 0.0538, 0.441599, 0.124994, 0.067259, -0.997623, -0.014865, -0.002831, 0.43975, 0.043015, -0.89709, -1.2e-05, 0.0, 0.0, 0.0, 1.0],
                [0.898138, 0.277413, 0.34116, 0.124994, 0.155942, -0.926388, 0.342759, -0.002831, 0.411133, -0.254643, -0.875287, -1.2e-05, 0.0, 0.0, 0.0, 1.0],
                [0.898138, 0.277413, 0.34116, 0.124994, 0.155942, -0.926388, 0.342759, -0.002831, 0.411133, -0.254643, -0.875287, -1.2e-05, 0.0, 0.0, 0.0, 1.0]
            ]
        },
        {
            "name": "Leg_R",
            "time": [0.0, 0.5, 0.75, 1.05, 1.1667],
            "transform": [
                [1.0, -0.0, 1e-06, 0.0, -0.0, 0.849805, 0.527098, 0.37472, -1e-06, -0.527099, 0.849804, -0.0, 0.0, 0.0, 0.0, 1.0],
                [1.0, 0.0, 1e-06, -0.0, -0.0, 0.984311, 0.176446, 0.37472, -1e-06, -0.176446, 0.98431, -0.0, 0.0, 0.0, 0.0, 1.0],
                [1.0, 0.0, 1e-06, 0.0, -0.0, 0.984324, 0.176373, 0.37472, -1e-06, -0.176373, 0.984323, -0.0, 0.0, 0.0, 0.0, 1.0],
                [1.0, -0.0, 1e-06, 0.0, -0.0, 0.875872, 0.482544, 0.37472, -1e-06, -0.482545, 0.875871, -0.0, 0.0, 0.0, 0.0, 1.0],
                [1.0, -0.0, 1e-06, 0.0, -0.0, 0.875872, 0.482544, 0.37472, -1e-06, -0.482545, 0.875871, -0.0, 0.0, 0.0, 0.0, 1.0]
            ]
        },
        {
            "name": "Knee_R",
            "time": [0.0, 0.5, 0.75, 1.05, 1.1667],
            "transform": [
                [1.0, 0.0, -0.0, 0.0, -0.0, 1e-06, -1.0, 0.388526, -0.0, 1.0, 1e-06, -0.0, 0.0, 0.0, 0.0, 1.0],
                [1.0, 0.0, -0.0, -0.0, -0.0, 1e-06, -1.0, 0.37472, -0.0, 1.0, 1e-06, -0.0, 0.0, 0.0, 0.0, 1.0],
                [1.0, 0.0, -0.0, 0.0, -0.0, 1e-06, -1.0, 0.37472, -0.0, 1.0, 1e-06, -0.0, 0.0, 0.0, 0.0, 1.0],
                [1.0, 0.0, -0.0, 0.0, -0.0, 1e-06, -1.0, 0.383891, -0.0, 1.0, 1e-06, -0.0, 0.0, 0.0, 0.0, 1.0],
                [1.0, 0.0, -0.0, 0.0, -0.0, 1e-06, -1.0, 0.383891, -0.0, 1.0, 1e-06, -0.0, 0.0, 0.0, 0.0, 1.0]
            ]
        },
        {
            "name": "Thigh_L",
            "time": [0.0, 0.5, 0.75, 1.05, 1.1667],
            "transform": [
                [0.785753, -0.486899, -0.381472, -0.125006, -0.006589, -0.623282, 0.781968, -0.002831, -0.618505, -0.61192, -0.492955, -1.2e-05, 0.0, 0.0, 0.0, 1.0],
                [0.991167, 0.11615, 0.064001, -0.125006, -0.008495, -0.426001, 0.904683, -0.002831, 0.132344, -0.897234, -0.421253, -1.2e-05, 0.0, 0.0, 0.0, 1.0],
                [0.991231, 0.115963, 0.063341, -0.125006, -0.007979, -0.425961, 0.904706, -0.002831, 0.131894, -0.897277, -0.421302, -1.2e-05, 0.0, 0.0, 0.0, 1.0],
                [0.76328, -0.587136, -0.269582, -0.125006, -0.016546, -0.434893, 0.90033, -0.002831, -0.645856, -0.682742, -0.341661, -1.2e-05, 0.0, 0.0, 0.0, 1.0],
                [0.76328, -0.587136, -0.269582, -0.125006, -0.016546, -0.434893, 0.90033, -0.002831, -0.645856, -0.682742, -0.341661, -1.2e-05, 0.0, 0.0, 0.0, 1.0]
            ]
        },
        {
            "name": "Leg_L",
            "time": [0.0, 0.5, 0.75, 1.05, 1.1667],
            "transform": [
                [1.0, -1e-06, 1e-06, -0.0, 0.0, 0.705452, 0.708758, 0.37472, -1e-06, -0.708757, 0.705453, -0.0, 0.0, 0.0, 0.0, 1.0],
                [1.0, -0.0, 1e-06, 0.0, 0.0, 0.846157, 0.532933, 0.37472, -1e-06, -0.532933, 0.846158, 0.0, 0.0, 0.0, 0.0, 1.0],
                [1.0, -0.0, 1e-06, 0.0, 0.0, 0.846145, 0.532953, 0.37472, -1e-06, -0.532953, 0.846145, 0.0, 0.0, 0.0, 0.0, 1.0],
                [1.0, -1e-06, 0.0, -0.0, 0.0, 0.652027, 0.758196, 0.37472, -1e-06, -0.758196, 0.652027, -0.0, 0.0, 0.0, 0.0, 1.0],
                [1.0, -1e-06, 0.0, -0.0, 0.0, 0.652027, 0.758196, 0.37472, -1e-06, -0.758196, 0.652027, -0.0, 0.0, 0.0, 0.0, 1.0]
            ]
        },
        {
            "name": "Knee_L",
            "time": [0.0, 0.5, 0.75, 1.05, 1.1667],
            "transform": [
                [1.0, 0.0, -0.0, -0.0, -0.0, 1e-06, -1.0, 0.409408, -0.0, 1.0, 1e-06, -0.0, 0.0, 0.0, 0.0, 1.0],
                [1.0, 0.0, -0.0, 0.0, -0.0, 1e-06, -1.0, 0.389144, -0.0, 1.0, 1e-06, 0.0, 0.0, 0.0, 0.0, 1.0],
                [1.0, 0.0, -0.0, 0.0, -0.0, 1e-06, -1.0, 0.389146, -0.0, 1.0, 1e-06, 0.0, 0.0, 0.0, 0.0, 1.0],
                [1.0, 0.0, -0.0, -0.0, -0.0, 1e-06, -1.0, 0.415945, -0.0, 1.0, 1e-06, -0.0, 0.0, 0.0, 0.0, 1.0],
                [1.0, 0.0, -0.0, -0.0, -0.0, 1e-06, -1.0, 0.415945, -0.0, 1.0, 1e-06, -0.0, 0.0, 0.0, 0.0, 1.0]
            ]
        },
        {
            "name": "Torso",
            "time": [0.0, 1.1667],
            "transform": [
                [0.99978, -0.020971, -0.000197, 0.0, 0.020971, 0.999603, 0.018833, 0.05, -0.000198, -0.018833, 0.999823, 0.0, 0.0, 0.0, 0.0, 1.0],
                [0.99978, -0.020971, -0.000197, 0.0, 0.020971, 0.999603, 0.018833, 0.05, -0.000198, -0.018833, 0.999823, -0.0, 0.0, 0.0, 0.0, 1.0]
            ]
        },
        {
            "name": "Chest",
            "time": [0.0, 1.1667],
            "transform": [
                [0.999771, -0.021411, -0.000206, 0.0, 0.021411, 0.999586, 0.019222, 0.3, -0.000206, -0.019222, 0.999815, 0.0, 0.0, 0.0, 0.0, 1.0],
                [0.999771, -0.021411, -0.000206, -0.0, 0.021411, 0.999586, 0.019222, 0.3, -0.000206, -0.019222, 0.999815, 0.0, 0.0, 0.0, 0.0, 1.0]
            ]
        },
        {
            "name": "Head",
            "time": [0.0, 0.5, 0.75, 1.05, 1.1667],
            "transform": [
                [0.775466, 0.098268, 0.623695, 0.0, -0.002622, 0.988307, -0.152456, 0.4, -0.631384, 0.116589, 0.766656, 0.0, 0.0, 0.0, 0.0, 1.0],
                [0.99501, -0.022108, -0.0973, 0.0, -0.020139, 0.910579, -0.412844, 0.4, 0.097727, 0.412743, 0.90559, -0.0, 0.0, 0.0, 0.0, 1.0],
                [0.99501, -0.022108, -0.0973, 0.0, -0.020139, 0.910579, -0.412844, 0.4, 0.097727, 0.412743, 0.90559, -0.0, 0.0, 0.0, 0.0, 1.0],
                [0.754621, 0.170165, 0.633713, 0.0, 0.072388, 0.938303, -0.338153, 0.4, -0.652156, 0.30105, 0.695745, -0.0, 0.0, 0.0, 0.0, 1.0],
                [0.754621, 0.170165, 0.633713, 0.0, 0.072388, 0.938303, -0.338153, 0.4, -0.652156, 0.30105, 0.695745, -0.0, 0.0, 0.0, 0.0, 1.0]
            ]
        },
        {
            "name": "Shoulder_R",
            "time": [0.0, 0.15, 0.3333, 0.35, 0.4, 0.4333, 0.7, 0.9667, 1.1667],
            "transform": [
                [-0.020095, 0.982541, 0.184958, 0.0, -0.10068, -0.186043, 0.97737, 0.4, 0.994716, 0.001018, 0.102661, 0.0, 0.0, 0.0, 0.0, 1.0],
                [-0.467, 0.868364, 0.166898, -0.0, -0.015058, -0.196526, 0.980383, 0.4, 0.884129, 0.455326, 0.104854, 0.0, 0.0, 0.0, 0.0, 1.0],
                [-0.594077, 0.789011, 0.156633, 0.0, -0.001181, -0.195574, 0.980688, 0.4, 0.804407, 0.58242, 0.117117, -0.0, 0.0, 0.0, 0.0, 1.0],
                [-0.362949, 0.929782, 0.06143, 0.0, -0.130259, -0.115905, 0.984682, 0.4, 0.922659, 0.349388, 0.16318, -0.0, 0.0, 0.0, 0.0, 1.0],
                [0.016866, 0.988338, 0.151338, -0.0, -0.433243, -0.129188, 0.89197, 0.4, 0.901119, -0.080609, 0.426012, -0.0, 0.0, 0.0, 0.0, 1.0],
                [0.382186, 0.879842, 0.282509, 0.0, -0.374033, -0.132268, 0.917935, 0.4, 0.845005, -0.45649, 0.278538, -0.0, 0.0, 0.0, 0.0, 1.0],
                [0.382186, 0.879842, 0.282509, 0.0, -0.374032, -0.132268, 0.917935, 0.4, 0.845005, -0.45649, 0.278538, -0.0, 0.0, 0.0, 0.0, 1.0],
                [0.148924, 0.95496, 0.256658, 0.0, -0.025, -0.255834, 0.966398, 0.4, 0.988532, -0.150336, -0.014226, -0.0, 0.0, 0.0, 0.0, 1.0],
                [0.148924, 0.95496, 0.256658, 0.0, -0.025, -0.255833, 0.966398, 0.4, 0.988532, -0.150336, -0.014226, -0.0, 0.0, 0.0, 0.0, 1.0]
            ]
        },
        {
            "name": "Arm_R",
            "time": [0.0, 0.15, 0.3333, 0.35, 0.4, 0.4333, 0.7, 0.9667, 1.1667],
            "transform": [
                [-0.258071, 0.330088, -0.907987, -0.0, 0.542603, 0.827121, 0.14647, 0.39386, 0.799363, -0.454877, -0.392563, -0.0, 0.0, 0.0, 0.0, 1.0],
                [0.329738, 0.592873, -0.734694, 0.0, 0.092562, 0.754165, 0.650129, 0.39386, 0.939524, -0.282377, 0.193799, 0.0, 0.0, 0.0, 0.0, 1.0],
                [0.411194, 0.506245, -0.758047, 0.0, 0.009432, 0.829197, 0.558877, 0.39386, 0.911499, -0.236957, 0.336186, 0.0, 0.0, 0.0, 0.0, 1.0],
                [0.311931, 0.102744, -0.944533, 0.0, 0.128997, 0.98035, 0.149242, 0.393861, 0.941307, -0.168395, 0.292548, 0.0, 0.0, 0.0, 0.0, 1.0],
                [-0.072831, -0.741047, -0.667491, 0.0, -0.564568, 0.582348, -0.584921, 0.393861, 0.822167, 0.334244, -0.460785, 0.0, 0.0, 0.0, 0.0, 1.0],
                [-0.161909, -0.626496, -0.762423, -0.0, -0.625268, 0.662857, -0.411899, 0.39386, 0.76343, 0.410028, -0.49905, -0.0, 0.0, 0.0, 0.0, 1.0],
                [-0.161909, -0.626496, -0.762423, -0.0, -0.625268, 0.662857, -0.411899, 0.393861, 0.76343, 0.410028, -0.49905, 0.0, 0.0, 0.0, 0.0, 1.0],
                [0.155639, 0.014663, -0.987705, 0.0, 0.158429, 0.986576, 0.039611, 0.39386, 0.975027, -0.162646, 0.151226, 0.0, 0.0, 0.0, 0.0, 1.0],
                [0.155639, 0.014663, -0.987705, -0.0, 0.158429, 0.986576, 0.039611, 0.39386, 0.975027, -0.162646, 0.151226, 0.0, 0.0, 0.0, 0.0, 1.0]
            ]
        },
        {
            "name": "Hand_R",
            "time": [0.0, 0.15, 0.3333, 0.35, 0.3667, 0.4167, 0.7, 0.9667, 1.1667],
            "transform": [
                [1.0, 0.0, 0.0, 0.0, 0.0, 0.271937, -0.962315, 0.3, -0.0, 0.962315, 0.271937, -0.0, 0.0, 0.0, 0.0, 1.0],
                [1.0, 0.0, -0.0, -0.0, -0.0, 0.045497, -0.998965, 0.3, -0.0, 0.998964, 0.045497, 0.0, 0.0, 0.0, 0.0, 1.0],
                [1.0, 0.0, -0.0, -0.0, -0.0, -0.03108, -0.999517, 0.3, -0.0, 0.999517, -0.03108, -0.0, 0.0, 0.0, 0.0, 1.0],
                [1.0, 0.0, -0.0, -0.0, -0.0, 0.270483, -0.962725, 0.3, -0.0, 0.962725, 0.270483, -0.0, 0.0, 0.0, 0.0, 1.0],
                [1.0, 0.0, -0.0, -0.0, -0.0, 0.270483, -0.962725, 0.3, -0.0, 0.962725, 0.270483, -0.0, 0.0, 0.0, 0.0, 1.0],
                [1.0, 0.0, 0.0, -0.0, -0.0, 0.975786, -0.218728, 0.3, -0.0, 0.218728, 0.975786, 0.0, 0.0, 0.0, 0.0, 1.0],
                [1.0, 0.0, 0.0, -0.0, -0.0, 0.975786, -0.218728, 0.3, -0.0, 0.218728, 0.975786, 0.0, 0.0, 0.0, 0.0, 1.0],
                [1.0, 0.0, -0.0, 0.0, -0.0, 0.483601, -0.875289, 0.3, -0.0, 0.875289, 0.483601, 0.0, 0.0, 0.0, 0.0, 1.0],
                [1.0, 0.0, -0.0, -0.0, 0.0, 0.483601, -0.875289, 0.3, -0.0, 0.875289, 0.483601, 0.0, 0.0, 0.0, 0.0, 1.0]
            ]
        },
        {
            "name": "Tool_R",
            "time": [0.0, 0.35, 0.3667, 0.3833, 0.4167, 0.75, 0.9667, 1.1667],
            "transform": [
                [0.017359, 0.909252, 0.415885, -0.0, 0.973957, 0.078669, -0.212648, 0.272858, -0.225924, 0.408504, -0.883685, -0.0, 0.0, 0.0, 0.0, 1.0],
                [-0.036498, 0.961631, 0.271908, 0.0, 0.877745, 0.160921, -0.451296, 0.272858, -0.477444, 0.222065, -0.849442, -0.0, 0.0, 0.0, 0.0, 1.0],
                [-0.018525, 0.994109, 0.106794, 0.0, 0.47981, 0.102549, -0.871359, 0.272858, -0.876653, 0.035079, -0.478609, -0.0, 0.0, 0.0, 0.0, 1.0],
                [-0.34075, 0.936472, -0.083126, -0.0, 0.273153, 0.014011, -0.961869, 0.272858, -0.899063, -0.350255, -0.26043, -0.0, 0.0, 0.0, 0.0, 1.0],
                [-0.424881, 0.90485, 0.02688, -0.0, 0.482118, 0.251315, -0.839288, 0.272858, -0.765726, -0.343432, -0.542711, -0.0, 0.0, 0.0, 0.0, 1.0],
                [-0.424881, 0.904851, 0.02688, -0.0, 0.482118, 0.251315, -0.839288, 0.272858, -0.765726, -0.343432, -0.542711, -0.0, 0.0, 0.0, 0.0, 1.0],
                [0.999979, -0.004602, -0.004579, 0.0, -0.005991, -0.925889, -0.377748, 0.272858, -0.0025, 0.377534, -0.925353, -0.0, 0.0, 0.0, 0.0, 1.0],
                [0.999979, -0.004602, -0.004579, 0.0, -0.005991, -0.92589, -0.377748, 0.272858, -0.0025, 0.377533, -0.925354, -0.0, 0.0, 0.0, 0.0, 1.0]
            ]
        },
        {
            "name": "Elbow_R",
            "time": [0.0, 0.15, 0.3333, 0.35, 0.3667, 0.4167, 0.7, 0.9667, 1.1667],
            "transform": [
                [-1.0, 0.0, 0.0, 0.0, 0.0, -0.0, -1.0, 0.431716, -0.0, -1.0, 0.0, 0.0, 0.0, 0.0, 0.0, 1.0],
                [-1.0, 0.0, -0.0, -0.0, 0.0, 0.0, -1.0, 0.4472, -0.0, -1.0, 0.0, 0.0, 0.0, 0.0, 0.0, 1.0],
                [-1.0, 0.0, -0.0, -0.0, 0.0, -0.0, -1.0, 0.4472, -0.0, -1.0, 0.0, -0.0, 0.0, 0.0, 0.0, 1.0],
                [-1.0, 0.0, -0.0, -0.0, 0.0, -0.0, -1.0, 0.431857, -0.0, -1.0, 0.0, -0.0, 0.0, 0.0, 0.0, 1.0],
                [-1.0, 0.0, -0.0, 0.0, -0.0, -0.0, -1.0, 0.431858, -0.0, -1.0, 0.0, -0.0, 0.0, 0.0, 0.0, 1.0],
                [-1.0, 0.0, -0.0, -0.0, 0.0, -0.0, -1.0, 0.330988, -0.0, -1.0, -0.0, 0.0, 0.0, 0.0, 0.0, 1.0],
                [-1.0, 0.0, -0.0, -0.0, 0.0, -0.0, -1.0, 0.330988, -0.0, -1.0, 0.0, 0.0, 0.0, 0.0, 0.0, 1.0],
                [-1.0, 0.0, -0.0, -0.0, 0.0, -0.0, -1.0, 0.410222, -0.0, -1.0, 0.0, 0.0, 0.0, 0.0, 0.0, 1.0],
                [-1.0, 0.0, -0.0, -0.0, 0.0, -0.0, -1.0, 0.410223, -0.0, -1.0, 0.0, -0.0, 0.0, 0.0, 0.0, 1.0]
            ]
        },
        {
            "name": "Shoulder_L",
            "time": [0.0, 0.3, 0.4333, 0.6, 1.1667],
            "transform": [
                [0.264003, -0.921805, -0.283861, 0.0, -0.012557, -0.297562, 0.95462, 0.4, -0.96444, -0.248458, -0.090132, 0.0, 0.0, 0.0, 0.0, 1.0],
                [0.691457, -0.722357, -0.009395, -0.0, -0.040671, -0.051909, 0.997823, 0.4, -0.721272, -0.689569, -0.065272, 0.0, 0.0, 0.0, 0.0, 1.0],
                [0.276332, -0.941449, -0.193167, 0.0, 0.109466, -0.168854, 0.979544, 0.4, -0.954808, -0.291824, 0.056397, -0.0, 0.0, 0.0, 0.0, 1.0],
                [0.23071, -0.950753, -0.206982, 0.0, 0.120347, -0.183205, 0.97568, 0.4, -0.965551, -0.250009, 0.072153, -0.0, 0.0, 0.0, 0.0, 1.0],
                [0.23071, -0.950753, -0.206982, 0.0, 0.120347, -0.183205, 0.975681, 0.4, -0.965551, -0.250009, 0.072153, -0.0, 0.0, 0.0, 0.0, 1.0]
            ]
        },
        {
            "name": "Arm_L",
            "time": [0.0, 0.3, 0.4, 0.5667, 1.1667],
            "transform": [
                [0.889211, 0.397651, 0.226224, -0.0, -0.446491, 0.862108, 0.239614, 0.39386, -0.099747, -0.314075, 0.944144, -0.0, 0.0, 0.0, 0.0, 1.0],
                [0.852948, 0.508819, 0.116549, 0.0, -0.516903, 0.792191, 0.324414, 0.39386, 0.072739, -0.336953, 0.938707, 0.0, 0.0, 0.0, 0.0, 1.0],
                [0.885638, 0.456958, 0.082675, 0.0, -0.464124, 0.865136, 0.190074, 0.39386, 0.015331, -0.206708, 0.978283, 0.0, 0.0, 0.0, 0.0, 1.0],
                [0.890858, 0.447045, 0.080758, 0.0, -0.454251, 0.874576, 0.169623, 0.39386, 0.0052, -0.187794, 0.982195, -0.0, 0.0, 0.0, 0.0, 1.0],
                [0.890858, 0.447045, 0.080758, 0.0, -0.454251, 0.874576, 0.169623, 0.39386, 0.0052, -0.187794, 0.982195, -0.0, 0.0, 0.0, 0.0, 1.0]
            ]
        },
        {
            "name": "Hand_L",
            "time": [0.0, 1.1667],
            "transform": [
                [-0.180087, 0.983523, 0.015896, 0.0, -0.712084, -0.119203, -0.691902, 0.3, -0.678606, -0.135921, 0.721817, 0.0, 0.0, 0.0, 0.0, 1.0],
                [-0.180086, 0.983523, 0.015896, -0.0, -0.712084, -0.119203, -0.691902, 0.3, -0.678606, -0.135921, 0.721817, -0.0, 0.0, 0.0, 0.0, 1.0]
            ]
        },
        {
            "name": "Tool_L",
            "time": [0.0, 1.1667],
            "transform": [
                [1.0, 0.0, 0.0, 0.0, 0.0, -0.999836, 0.018122, 0.389323, 0.0, -0.018122, -0.999248, -0.000261, 0.0, 0.0, 0.0, 1.0],
                [1.0, 0.0, 0.0, 0.0, 0.0, -0.999836, 0.018122, 0.389323, 0.0, -0.018122, -0.999247, -0.000261, 0.0, 0.0, 0.0, 1.0]
            ]
        },
        {
            "name": "Elbow_L",
            "time": [0.0, 1.1667],
            "transform": [
                [-1.0, 0.0, -0.0, 0.0, 0.0, -0.0, -1.0, 0.356945, -0.0, -1.0, 0.0, 0.0, 0.0, 0.0, 0.0, 1.0],
                [-1.0, 0.0, -0.0, -0.0, 0.0, 0.0, -1.0, 0.356945, -0.0, -1.0, -0.0, 0.0, 0.0, 0.0, 0.0, 1.0]
            ]
        }
    ]
}