{
    "animation": [
        {
            "name": "Root",
            "time": [0.0, 0.1333, 0.2167, 0.2667, 0.3167, 0.7],
            "transform": [
                [-0.093715, -0.040568, -0.994772, -5e-06, -0.990323, -0.098934, 0.097331, 0.000946, -0.102365, 0.994267, -0.030904, 0.845709, 0.0, 0.0, 0.0, 1.0],
                [-0.125417, -0.046695, -0.991005, -5e-06, -0.986184, -0.103091, 0.129664, 0.000946, -0.108219, 0.993575, -0.033121, 0.85234, 0.0, 0.0, 0.0, 1.0],
                [0.99997, 9.2e-05, 0.007705, -5e-06, 0.007663, 0.092772, -0.995658, 0.000946, -0.000806, 0.995687, 0.092769, 0.763972, 0.0, 0.0, 0.0, 1.0],
                [0.561726, -0.000624, 0.827323, -5e-06, 0.800173, 0.25449, -0.543101, 0.000946, -0.210207, 0.967075, 0.143453, 0.691457, 0.0, 0.0, 0.0, 1.0],
                [0.04272, -0.107705, 0.993265, -5e-06, 0.959502, 0.281498, -0.010744, 0.000946, -0.278445, 0.953498, 0.115368, 0.755725, 0.0, 0.0, 0.0, 1.0],
                [0.04272, -0.107705, 0.993265, -5e-06, 0.959502, 0.281498, -0.010744, 0.000946, -0.278445, 0.953498, 0.115368, 0.755725, 0.0, 0.0, 0.0, 1.0]
            ]
        },
        {
            "name": "Thigh_R",
            "time": [0.0, 0.1333, 0.2167, 0.2667, 0.3167, 0.7],
            "transform": [
                [0.946214, 0.233283, -0.22418, 0.124994, 0.29114, -0.91616, 0.27547, -0.002831, -0.141122, -0.32592, -0.934805, -1.2e-05, 0.0, 0.0, 0.0, 1.0],
                [0.943253, 0.236015, -0.233603, 0.124994, 0.29791, -0.91221, 0.28128, -0.002831, -0.146709, -0.334909, -0.930759, -1.2e-05, 0.0, 0.0, 0.0, 1.0],
                [0.789867, 0.115075, 0.602385, 0.124994, -0.062328, -0.962087, 0.265518, -0.002831, 0.610102, -0.247268, -0.752751, -1.2e-05, 0.0, 0.0, 0.0, 1.0],
                [0.470058, 0.553661, 0.687389, 0.124994, 0.008161, -0.781482, 0.623872, -0.002831, 0.882597, -0.287645, -0.371862, -1.2e-05, 0.0, 0.0, 0.0, 1.0],
                [0.065573, 0.749636, 0.658592, 0.124994, -0.112971, -0.650189, 0.751325, -0.002831, 0.991432, -0.123668, 0.042052, -1.2e-05, 0.0, 0.0, 0.0, 1.0],
                [0.065573, 0.749636, 0.658592, 0.124994, -0.112971, -0.650189, 0.751325, -0.002831, 0.991432, -0.123668, 0.042052, -1.2e-05, 0.0, 0.0, 0.0, 1.0]
            ]
        },
        {
            "name": "Leg_R",
            "time": [0.0, 0.1333, 0.2167, 0.2667, 0.3167, 0.7],
            "transform": [
                [1.0, -0.0, 1e-06, 0.0, -0.0, 0.890423, 0.455134, 0.37472, -1e-06, -0.455135, 0.890422, 0.0, 0.0, 0.0, 0.0, 1.0],
                [1.0, -0.0, 1e-06, 0.0, 0.0, 0.885645, 0.464364, 0.37472, -1e-06, -0.464365, 0.885643, -0.0, 0.0, 0.0, 0.0, 1.0],
                [1.0, 0.0, 0.0, -0.0, -0.0, 0.905514, 0.424318, 0.37472, -0.0, -0.424319, 0.905512, -0.0, 0.0, 0.0, 0.0, 1.0],
                [1.0, -0.0, 0.0, -0.0, -0.0, 0.522748, 0.852487, 0.37472, -0.0, -0.852488, 0.522747, -0.0, 0.0, 0.0, 0.0, 1.0],
                [1.0, -0.0, 0.0, -0.0, -0.0, 0.254058, 0.967189, 0.37472, -0.0, -0.96719, 0.254057, -0.0, 0.0, 0.0, 0.0, 1.0],
                [1.0, -0.0, 0.0, -0.0, -0.0, 0.254058, 0.967189, 0.37472, -0.0, -0.96719, 0.254057, -0.0, 0.0, 0.0, 0.0, 1.0]
            ]
        },
        {
            "name": "Knee_R",
            "time": [0.0, 0.2167, 0.2667, 0.3167, 0.7],
            "transform": [
                [1.0, 0.0, -0.0, 0.0, -0.0, 1e-06, -1.0, 0.37472, -0.0, 1.0, 1e-06, 0.0, 0.0, 0.0, 0.0, 1.0],
                [1.0, -0.0, -0.0, -0.0, -0.0, 1e-06, -1.0, 0.37472, -0.0, 1.0, 1e-06, -0.0, 0.0, 0.0, 0.0, 1.0],
                [1.0, 0.0, -0.0, 0.0, -0.0, 1e-06, -1.0, 0.424456, -0.0, 1.0, 1e-06, -0.0, 0.0, 0.0, 0.0, 1.0],
                [1.0, 0.0, -0.0, 0.0, -0.0, 1e-06, -1.0, 0.44634, -0.0, 1.0, 1e-06, -0.0, 0.0, 0.0, 0.0, 1.0],
                [1.0, 0.0, -0.0, 0.0, -0.0, 1e-06, -1.0, 0.44634, -0.0, 1.0, 1e-06, -0.0, 0.0, 0.0, 0.0, 1.0]
            ]
        },
        {
            "name": "Thigh_L",
            "time": [0.0, 0.1333, 0.2167, 0.2667, 0.3167, 0.7],
            "transform": [
                [0.113055, -0.610122, -0.7842, -0.125006, -0.11725, -0.791937, 0.599239, -0.00283, -0.986646, 0.024201, -0.16107, -1.2e-05, 0.0, 0.0, 0.0, 1.0],
                [0.084761, -0.615086, -0.783891, -0.125006, -0.113947, -0.787544, 0.605632, -0.002831, -0.989864, 0.037989, -0.13684, -1.2e-05, 0.0, 0.0, 0.0, 1.0],
                [0.267525, -0.396582, -0.878153, -0.125006, -0.147336, -0.917491, 0.369462, -0.002831, -0.95222, 0.030544, -0.303883, -1.2e-05, 0.0, 0.0, 0.0, 1.0],
                [0.244406, -0.204498, -0.947864, -0.125006, -0.034703, -0.978727, 0.202209, -0.002831, -0.969052, -0.016526, -0.246304, -1.2e-05, 0.0, 0.0, 0.0, 1.0],
                [0.978317, -0.16509, 0.125066, -0.125006, -0.196341, -0.931462, 0.306312, -0.002831, 0.065926, -0.324225, -0.94368, -1.2e-05, 0.0, 0.0, 0.0, 1.0],
                [0.978317, -0.16509, 0.125066, -0.125006, -0.196341, -0.931462, 0.306312, -0.002831, 0.065926, -0.324225, -0.94368, -1.2e-05, 0.0, 0.0, 0.0, 1.0]
            ]
        },
        {
            "name": "Leg_L",
            "time": [0.0, 0.1333, 0.2167, 0.2667, 0.3167, 0.7],
            "transform": [
                [1.0, -1e-06, 1.4e-05, -0.0, -1.3e-05, 0.117115, 0.993119, 0.37472, -2e-06, -0.993118, 0.117115, -0.0, 0.0, 0.0, 0.0, 1.0],
                [1.0, -1e-06, 1.4e-05, 0.0, -1.4e-05, 0.087203, 0.996191, 0.37472, -2e-06, -0.99619, 0.087203, -0.0, 0.0, 0.0, 0.0, 1.0],
                [1.0, -1e-06, 6e-06, 0.0, -4e-06, 0.551369, 0.834261, 0.37472, -4e-06, -0.834261, 0.55137, 0.0, 0.0, 0.0, 0.0, 1.0],
                [1.0, -0.0, 2e-06, 0.0, -0.0, 0.966708, 0.255879, 0.37472, -2e-06, -0.255879, 0.966709, -0.0, 0.0, 0.0, 0.0, 1.0],
                [1.0, -0.0, 5e-06, 0.0, -2e-06, 0.912488, 0.409102, 0.37472, -5e-06, -0.409102, 0.912489, -0.0, 0.0, 0.0, 0.0, 1.0],
                [1.0, -0.0, 5e-06, 0.0, -2e-06, 0.912488, 0.409102, 0.37472, -5e-06, -0.409102, 0.912489, -0.0, 0.0, 0.0, 0.0, 1.0]
            ]
        },
        {
            "name": "Knee_L",
            "time": [0.0, 0.1333, 0.2167, 0.2667, 0.7],
            "transform": [
                [1.0, 0.0, -0.0, 0.0, -0.0, 1e-06, -1.0, 0.463021, -0.0, 1.0, 1e-06, -0.0, 0.0, 0.0, 0.0, 1.0],
                [1.0, 0.0, -0.0, 0.0, -0.0, 1e-06, -1.0, 0.465023, -0.0, 1.0, 1e-06, -0.0, 0.0, 0.0, 0.0, 1.0],
                [1.0, 0.0, -0.0, 0.0, -0.0, 1e-06, -1.0, 0.413644, -0.0, 1.0, 1e-06, 0.0, 0.0, 0.0, 0.0, 1.0],
                [1.0, 0.0, -0.0, 0.0, -0.0, 1e-06, -1.0, 0.37472, -0.0, 1.0, 1e-06, -0.0, 0.0, 0.0, 0.0, 1.0],
                [1.0, 0.0, -0.0, 0.0, -0.0, 1e-06, -1.0, 0.37472, -0.0, 1.0, 1e-06, -0.0, 0.0, 0.0, 0.0, 1.0]
            ]
        },
        {
            "name": "Torso",
            "time": [0.0, 0.1333, 0.2167, 0.7],
            "transform": [
                [1.0, -0.000933, -0.0, 0.0, 0.000933, 0.999999, 0.001057, 0.05, -1e-06, -0.001057, 0.999999, -0.0, 0.0, 0.0, 0.0, 1.0],
                [1.0, -0.000465, -0.0, 0.0, 0.000465, 1.0, 0.000418, 0.05, -0.0, -0.000418, 1.0, 0.0, 0.0, 0.0, 0.0, 1.0],
                [1.0, 0.0, -0.0, 0.0, 0.0, 1.0, -0.0, 0.05, 0.0, 0.0, 1.0, -0.0, 0.0, 0.0, 0.0, 1.0],
                [1.0, -0.0, -0.0, 0.0, -0.0, 1.0, -0.0, 0.05, 0.0, 0.0, 1.0, -0.0, 0.0, 0.0, 0.0, 1.0]
            ]
        },
        {
            "name": "Chest",
            "time": [0.0, 0.1333, 0.2167, 0.2667, 0.3167, 0.7],
            "transform": [
                [0.999067, 0.043196, -0.000261, 0.0, -0.043196, 0.998994, -0.01209, 0.3, -0.000261, 0.01209, 0.999927, 0.0, 0.0, 0.0, 0.0, 1.0],
                [0.999004, 0.044618, -0.000285, 0.0, -0.044618, 0.998923, -0.012763, 0.3, -0.000285, 0.012763, 0.999918, 0.0, 0.0, 0.0, 0.0, 1.0],
                [0.999734, 0.023063, -7.8e-05, 0.0, -0.023063, 0.999711, -0.006739, 0.3, -7.8e-05, 0.006739, 0.999977, 0.0, 0.0, 0.0, 0.0, 1.0],
                [0.999986, 0.005309, -4e-06, -0.0, -0.005309, 0.999985, -0.00155, 0.3, -4e-06, 0.00155, 0.999999, -0.0, 0.0, 0.0, 0.0, 1.0],
                [0.999993, -3e-05, 0.003805, -0.0, -0.000404, 0.99348, 0.114009, 0.3, -0.003784, -0.114009, 0.993472, 0.0, 0.0, 0.0, 0.0, 1.0],
                [0.999993, -3e-05, 0.003805, -0.0, -0.000404, 0.99348, 0.114009, 0.3, -0.003784, -0.114009, 0.993472, 0.0, 0.0, 0.0, 0.0, 1.0]
            ]
        },
        {
            "name": "Head",
            "time": [0.0, 0.1333, 0.2167, 0.2667, 0.3167, 0.7],
            "transform": [
                [0.318157, -0.038495, 0.947256, 0.0, -0.001307, 0.999156, 0.041043, 0.4, -0.948037, -0.014296, 0.317838, 0.0, 0.0, 0.0, 0.0, 1.0],
                [0.294441, -0.045434, 0.954589, 0.0, -0.005576, 0.99877, 0.049257, 0.4, -0.955654, -0.019826, 0.293825, 0.0, 0.0, 0.0, 0.0, 1.0],
                [0.999609, -0.027692, -0.003821, -0.0, 0.02713, 0.993969, -0.106252, 0.4, 0.00674, 0.106107, 0.994332, 0.0, 0.0, 0.0, 0.0, 1.0],
                [0.620857, -0.175382, -0.764053, 0.0, 0.009908, 0.97633, -0.216058, 0.4, 0.783861, 0.12657, 0.607899, -0.0, 0.0, 0.0, 0.0, 1.0],
                [0.017082, -0.226014, -0.973974, -0.0, -0.213945, 0.950729, -0.224372, 0.4, 0.976696, 0.21221, -0.032114, -0.0, 0.0, 0.0, 0.0, 1.0],
                [0.017082, -0.226014, -0.973974, -0.0, -0.213945, 0.950729, -0.224372, 0.4, 0.976696, 0.21221, -0.032114, -0.0, 0.0, 0.0, 0.0, 1.0]
            ]
        },
        {
            "name": "Shoulder_R",
            "time": [0.0, 0.1333, 0.2167, 0.2667, 0.3167, 0.7],
            "transform": [
                [0.195838, 0.864328, 0.463233, 0.0, -0.041975, -0.464558, 0.884547, 0.4, 0.979737, -0.192672, -0.054698, 0.0, 0.0, 0.0, 0.0, 1.0],
                [0.257402, 0.848056, 0.463189, 0.0, -0.055789, -0.465499, 0.883288, 0.4, 0.964692, -0.253201, -0.072509, 0.0, 0.0, 0.0, 0.0, 1.0],
                [0.832857, 0.521851, -0.184444, -0.0, 0.143566, 0.118153, 0.982562, 0.4, 0.534544, -0.844814, 0.023485, 0.0, 0.0, 0.0, 0.0, 1.0],
                [0.366409, 0.917455, 0.154989, 0.0, -0.011568, -0.162068, 0.986712, 0.4, 0.930382, -0.363333, -0.04877, -0.0, 0.0, 0.0, 0.0, 1.0],
                [-0.196449, 0.848489, 0.491399, -0.0, -0.048941, -0.509025, 0.859359, 0.4, 0.979291, 0.144771, 0.141524, -0.0, 0.0, 0.0, 0.0, 1.0],
                [-0.196449, 0.848489, 0.491399, -0.0, -0.048941, -0.509025, 0.859359, 0.4, 0.979291, 0.144771, 0.141524, -0.0, 0.0, 0.0, 0.0, 1.0]
            ]
        },
        {
            "name": "Arm_R",
            "time": [0.0, 0.1333, 0.2167, 0.2667, 0.3167, 0.7],
            "transform": [
                [0.372011, -0.92682, -0.051109, -0.0, 0.904351, 0.3743, -0.20506, 0.393861, 0.209184, 0.030064, 0.977414, 0.0, 0.0, 0.0, 0.0, 1.0],
                [0.394633, -0.910549, 0.123148, 0.0, 0.896858, 0.352577, -0.267086, 0.39386, 0.199776, 0.215847, 0.955771, -0.0, 0.0, 0.0, 0.0, 1.0],
                [0.828909, -0.186116, 0.527515, 0.0, 0.530805, -0.035871, -0.846735, 0.39386, 0.176513, 0.981873, 0.069058, -0.0, 0.0, 0.0, 0.0, 1.0],
                [0.704175, -0.69501, 0.145255, 0.0, 0.648895, 0.712981, 0.265697, 0.39386, -0.288226, -0.092842, 0.953051, -0.0, 0.0, 0.0, 0.0, 1.0],
                [-0.185811, -0.347739, -0.918995, -0.0, 0.184451, 0.906312, -0.380233, 0.39386, 0.965118, -0.240161, -0.104262, -0.0, 0.0, 0.0, 0.0, 1.0],
                [-0.185811, -0.347739, -0.918995, -0.0, 0.184451, 0.906312, -0.380233, 0.39386, 0.965118, -0.240161, -0.104262, -0.0, 0.0, 0.0, 0.0, 1.0]
            ]
        },
        {
            "name": "Hand_R",
            "time": [0.0, 0.1333, 0.2167, 0.2667, 0.3167, 0.7],
            "transform": [
                [0.999983, 0.001676, 0.005553, -0.0, 0.004969, 0.246175, -0.969213, 0.3, -0.002992, 0.969224, 0.246163, -0.0, 0.0, 0.0, 0.0, 1.0],
                [0.999982, 0.001764, 0.005644, -0.0, 0.005096, 0.227121, -0.973854, 0.3, -0.003, 0.973866, 0.227108, -0.0, 0.0, 0.0, 0.0, 1.0],
                [1.0, -0.0, 0.0, -0.0, -0.0, 0.993938, 0.109947, 0.3, -0.0, -0.109947, 0.993938, -0.0, 0.0, 0.0, 0.0, 1.0],
                [0.955491, -0.293171, -0.032983, 0.0, 0.29502, 0.949558, 0.106319, 0.3, 0.00015, -0.111317, 0.993785, -0.0, 0.0, 0.0, 0.0, 1.0],
                [0.999909, -0.006391, -0.011898, -0.0, -0.002796, 0.763905, -0.645323, 0.3, 0.013213, 0.645298, 0.763818, -0.0, 0.0, 0.0, 0.0, 1.0],
                [0.999909, -0.006391, -0.011898, -0.0, -0.002796, 0.763905, -0.645323, 0.3, 0.013213, 0.645298, 0.763818, -0.0, 0.0, 0.0, 0.0, 1.0]
            ]
        },
        {
            "name": "Tool_R",
            "time": [0.0, 0.1333, 0.2167, 0.2667, 0.3167, 0.7],
            "transform": [
                [0.218618, 0.04745, -0.974645, -0.473972, 0.066747, -0.997205, -0.033576, 0.277098, -0.972961, -0.057691, -0.221038, -0.02692, 0.0, 0.0, 0.0, 1.0],
                [0.190731, 0.04771, -0.980471, -0.484717, 0.067171, -0.997112, -0.035452, 0.27734, -0.978774, -0.059073, -0.193266, -0.035582, 0.0, 0.0, 0.0, 1.0],
                [0.963289, -0.222174, -0.150787, -0.030931, -0.253641, -0.9372, -0.239421, 0.16024, -0.088077, 0.268708, -0.958558, -0.297542, 0.0, 0.0, 0.0, 1.0],
                [0.629091, -0.700888, -0.336166, -0.109845, -0.772444, -0.612133, -0.169225, 0.196128, -0.087129, 0.365904, -0.925915, -0.363922, 0.0, 0.0, 0.0, 1.0],
                [0.030685, 0.950279, -0.309882, -0.282472, -0.776604, -0.172514, -0.605914, -0.146119, -0.628897, 0.259092, 0.732239, 0.551316, 0.0, 0.0, 0.0, 1.0],
                [0.030685, 0.950279, -0.309882, -0.282472, -0.776604, -0.172514, -0.605914, -0.146119, -0.628897, 0.259092, 0.732239, 0.551316, 0.0, 0.0, 0.0, 1.0]
            ]
        },
        {
            "name": "Elbow_R",
            "time": [0.0, 0.1333, 0.2167, 0.2667, 0.3167, 0.7],
            "transform": [
                [-1.0, 0.0, 0.0, -0.0, 0.0, -0.0, -1.0, 0.429952, -0.0, -1.0, 0.0, 0.0, 0.0, 0.0, 0.0, 1.0],
                [-1.0, 0.0, -0.0, 0.0, 0.0, -0.0, -1.0, 0.432898, -0.0, -1.0, 0.0, -0.0, 0.0, 0.0, 0.0, 1.0],
                [-1.0, 0.0, -0.0, -0.0, 0.0, -0.0, -1.0, 0.3, -0.0, -1.0, 0.0, -0.0, 0.0, 0.0, 0.0, 1.0],
                [-1.0, 0.0, -0.0, 0.0, 0.0, 0.0, -1.0, 0.3, -0.0, -1.0, 0.0, -0.0, 0.0, 0.0, 0.0, 1.0],
                [-1.0, 0.0, 0.0, 0.000718, -0.0, -0.0, -1.0, 0.374776, -0.0, -1.0, 0.0, 0.001207, 0.0, 0.0, 0.0, 1.0],
                [-1.0, 0.0, 0.0, 0.000718, -0.0, -0.0, -1.0, 0.374776, -0.0, -1.0, 0.0, 0.001207, 0.0, 0.0, 0.0, 1.0]
            ]
        },
        {
            "name": "Shoulder_L",
            "time": [0.0, 0.1333, 0.2167, 0.2667, 0.3167, 0.7],
            "transform": [
                [0.505745, -0.848407, -0.156294, 0.0, -0.049405, -0.209359, 0.97659, 0.4, -0.861267, -0.486184, -0.147797, 0.0, 0.0, 0.0, 0.0, 1.0],
                [0.522744, -0.844718, -0.114845, 0.0, -0.079257, -0.182291, 0.980045, 0.4, -0.848797, -0.50321, -0.162242, 0.0, 0.0, 0.0, 0.0, 1.0],
                [0.399923, -0.822964, 0.403475, -0.0, -0.339894, 0.275657, 0.899158, 0.4, -0.851195, -0.496733, -0.169479, 0.0, 0.0, 0.0, 0.0, 1.0],
                [0.089502, -0.764946, -0.637846, 0.0, 0.027795, -0.638248, 0.769329, 0.4, -0.995599, -0.086585, -0.035862, -0.0, 0.0, 0.0, 0.0, 1.0],
                [-0.083846, -0.994946, -0.055248, -0.0, 0.12733, -0.065686, 0.989683, 0.4, -0.98831, 0.075947, 0.132195, -0.0, 0.0, 0.0, 0.0, 1.0],
                [-0.083846, -0.994946, -0.055248, -0.0, 0.12733, -0.065686, 0.989683, 0.4, -0.98831, 0.075947, 0.132195, -0.0, 0.0, 0.0, 0.0, 1.0]
            ]
        },
        {
            "name": "Arm_L",
            "time": [0.0, 0.1333, 0.2167, 0.2667, 0.3167, 0.7],
            "transform": [
                [0.145264, 0.726814, -0.671297, 0.0, -0.925055, -0.140902, -0.352731, 0.39386, -0.350956, 0.672226, 0.651876, 0.0, 0.0, 0.0, 0.0, 1.0],
                [0.158776, 0.696284, -0.699985, 0.0, -0.925389, -0.142187, -0.351339, 0.39386, -0.34416, 0.703542, 0.621758, -0.0, 0.0, 0.0, 0.0, 1.0],
                [0.335985, 0.642901, -0.688326, -0.0, -0.939079, 0.172466, -0.297299, 0.39386, -0.072421, 0.74628, 0.661681, -0.0, 0.0, 0.0, 0.0, 1.0],
                [-0.722505, 0.66299, 0.196038, -0.0, 0.230948, 0.498707, -0.835436, 0.39386, -0.651651, -0.558332, -0.513435, 0.0, 0.0, 0.0, 0.0, 1.0],
                [-0.757326, 0.086265, 0.647315, 0.0, 0.418553, 0.824989, 0.379744, 0.39386, -0.501269, 0.558525, -0.660892, -0.0, 0.0, 0.0, 0.0, 1.0],
                [-0.757326, 0.086265, 0.647315, 0.0, 0.418553, 0.824989, 0.379744, 0.39386, -0.501269, 0.558525, -0.660892, -0.0, 0.0, 0.0, 0.0, 1.0]
            ]
        },
        {
            "name": "Hand_L",
            "time": [0.0, 0.1333, 0.2167, 0.2667, 0.3167, 0.7],
            "transform": [
                [0.999348, -0.036092, 0.001012, -0.0, 0.036105, 0.999173, -0.01873, 0.3, -0.000335, 0.018754, 0.999824, 0.0, 0.0, 0.0, 0.0, 1.0],
                [0.99932, -0.036879, 0.000448, 0.0, 0.03687, 0.999235, 0.013036, 0.3, -0.000929, -0.013011, 0.999915, -0.0, 0.0, 0.0, 0.0, 1.0],
                [1.0, -0.0, 0.0, 0.0, 0.0, 0.993938, 0.109947, 0.3, -0.0, -0.109947, 0.993938, -0.0, 0.0, 0.0, 0.0, 1.0],
                [0.999642, -0.020326, 0.01743, -0.0, 0.025383, 0.926573, -0.37526, 0.3, -0.008523, 0.375567, 0.926756, 0.0, 0.0, 0.0, 0.0, 1.0],
                [0.999443, -0.005544, 0.032906, 0.0, 0.033369, 0.163418, -0.985993, 0.3, 8.9e-05, 0.986541, 0.163512, 0.0, 0.0, 0.0, 0.0, 1.0],
                [0.999443, -0.005544, 0.032906, 0.0, 0.033369, 0.163418, -0.985993, 0.3, 8.9e-05, 0.986541, 0.163512, 0.0, 0.0, 0.0, 0.0, 1.0]
            ]
        },
        {
            "name": "Tool_L",
            "time": [0.0, 0.7],
            "transform": [
                [1.0, 0.0, 0.0, 0.0, 0.0, -0.999836, 0.018122, 0.272858, 0.0, -0.018122, -0.999248, -0.0, 0.0, 0.0, 0.0, 1.0],
                [1.0, 0.0, 0.0, -0.0, -0.0, -0.999836, 0.018122, 0.272858, 0.0, -0.018122, -0.999248, 0.0, 0.0, 0.0, 0.0, 1.0]
            ]
        },
        {
            "name": "Elbow_L",
            "time": [0.0, 0.1333, 0.2167, 0.2667, 0.3167, 0.7],
            "transform": [
                [-1.0, 0.0, -0.0, -4e-06, 0.0, -0.0, -1.0, 0.301104, -0.0, -1.0, -0.0, -6.8e-05, 0.0, 0.0, 0.0, 1.0],
                [-1.0, 0.0, -0.0, 0.0, -0.0, -0.0, -1.0, 0.3, -0.0, -1.0, 0.0, -0.0, 0.0, 0.0, 0.0, 1.0],
                [-1.0, 0.0, -0.0, 0.0, 0.0, -0.0, -1.0, 0.3, -0.0, -1.0, 0.0, -0.0, 0.0, 0.0, 0.0, 1.0],
                [-1.0, 0.0, -0.0, -0.0, 0.0, -0.0, -1.0, 0.351933, -0.0, -1.0, -0.0, 0.0, 0.0, 0.0, 0.0, 1.0],
                [-1.0, 0.0, -0.0, 0.0, 0.0, -0.0, -1.0, 0.441158, -0.0, -1.0, 0.0, 0.0, 0.0, 0.0, 0.0, 1.0],
                [-1.0, 0.0, -0.0, 0.0, 0.0, -0.0, -1.0, 0.441158, -0.0, -1.0, 0.0, 0.0, 0.0, 0.0, 0.0, 1.0]
            ]
        }
    ]
}