{
    "animation": [
        {
            "name": "Root",
            "time": [0.0, 0.0833, 0.1667, 0.3333, 0.8333],
            "transform": [
                [0.925491, 0.0, 0.378769, -5e-06, 0.378769, 0.0, -0.925491, 0.000946, 0.0, 1.0, 0.0, 0.661193, 0.0, 0.0, 0.0, 1.0],
                [0.909318, -0.045078, -0.413653, -5e-06, -0.408314, 0.094763, -0.907909, 0.38918, 0.080126, 0.994479, 0.067764, 0.760604, 0.0, 0.0, 0.0, 1.0],
                [0.287296, -0.003292, -0.957836, -5e-06, -0.939253, 0.195087, -0.282392, 0.993984, 0.187791, 0.98078, 0.052956, 0.661193, 0.0, 0.0, 0.0, 1.0],
                [0.255131, 0.0, -0.966906, -5e-06, -0.94776, 0.198017, -0.250079, 1.009592, 0.191464, 0.980199, 0.05052, 0.661193, 0.0, 0.0, 0.0, 1.0],
                [0.255131, 0.0, -0.966906, -5e-06, -0.94776, 0.198017, -0.250079, 1.009592, 0.191464, 0.980199, 0.05052, 0.661193, 0.0, 0.0, 0.0, 1.0]
            ]
        },
        {
            "name": "Thigh_R",
            "time": [0.0, 0.0833, 0.1667, 0.3333, 0.8333],
            "transform": [
                [0.923139, 0.272135, 0.271582, 0.124994, 0.008721, -0.721024, 0.692853, -0.002831, 0.384367, -0.637229, -0.667981, -1.2e-05, 0.0, 0.0, 0.0, 1.0],
                [0.958142, -0.05539, 0.280882, 0.124994, -0.065805, -0.997443, 0.027779, -0.002831, 0.278625, -0.045099, -0.959341, -1.2e-05, 0.0, 0.0, 0.0, 1.0],
                [0.960852, 0.268731, -0.067419, 0.124994, 0.261193, -0.959762, -0.103105, -0.002831, -0.092414, 0.08146, -0.992383, -1.2e-05, 0.0, 0.0, 0.0, 1.0],
                [0.953574, 0.287558, -0.089471, 0.124994, 0.278815, -0.955265, -0.098624, -0.002831, -0.113829, 0.069099, -0.991095, -1.2e-05, 0.0, 0.0, 0.0, 1.0],
                [0.953574, 0.287558, -0.089471, 0.124994, 0.278815, -0.955265, -0.098624, -0.002831, -0.113829, 0.069099, -0.991095, -1.2e-05, 0.0, 0.0, 0.0, 1.0]
            ]
        },
        {
            "name": "Leg_R",
            "time": [0.0, 0.0833, 0.1667, 0.3333, 0.8333],
            "transform": [
                [1.0, -0.0, 1e-06, 0.0, -0.0, 0.708515, 0.705696, 0.37472, -1e-06, -0.705697, 0.708514, -0.0, 0.0, 0.0, 0.0, 1.0],
                [1.0, 0.0, 1e-06, -0.0, -0.0, 0.999951, 0.009959, 0.37472, -1e-06, -0.009959, 0.99995, 0.0, 0.0, 0.0, 0.0, 1.0],
                [1.0, -0.0, 1e-06, 0.0, -0.0, 0.999956, 0.009481, 0.37472, -1e-06, -0.009481, 0.999954, 0.0, 0.0, 0.0, 0.0, 1.0],
                [1.0, 0.0, 1e-06, -0.0, -0.0, 0.999943, 0.010748, 0.37472, -1e-06, -0.010748, 0.999942, 0.0, 0.0, 0.0, 0.0, 1.0],
                [1.0, 0.0, 1e-06, -0.0, -0.0, 0.999943, 0.010748, 0.37472, -1e-06, -0.010748, 0.999942, 0.0, 0.0, 0.0, 0.0, 1.0]
            ]
        },
        {
            "name": "Knee_R",
            "time": [0.0, 0.0833, 0.1667, 0.3333, 0.8333],
            "transform": [
                [1.0, 0.0, -0.0, 0.0, -0.0, 1e-06, -1.0, 0.409452, -0.0, 1.0, 1e-06, -0.0, 0.0, 0.0, 0.0, 1.0],
                [1.0, 0.0, -0.0, -0.0, -0.0, 1e-06, -1.0, 0.381097, -0.0, 1.0, 1e-06, 0.0, 0.0, 0.0, 0.0, 1.0],
                [1.0, 0.0, -0.0, 0.0, -0.0, 1e-06, -1.0, 0.381097, -0.0, 1.0, 1e-06, 0.0, 0.0, 0.0, 0.0, 1.0],
                [1.0, 0.0, -0.0, -0.0, -0.0, 1e-06, -1.0, 0.37472, -0.0, 1.0, 1e-06, 0.0, 0.0, 0.0, 0.0, 1.0],
                [1.0, 0.0, -0.0, -0.0, -0.0, 1e-06, -1.0, 0.37472, -0.0, 1.0, 1e-06, 0.0, 0.0, 0.0, 0.0, 1.0]
            ]
        },
        {
            "name": "Thigh_L",
            "time": [0.0, 0.0833, 0.1667, 0.3333, 0.8333],
            "transform": [
                [0.984748, -0.16482, 0.055727, -0.125006, -0.134397, -0.924011, -0.357965, -0.002831, 0.110493, 0.345017, -0.93207, -1.2e-05, 0.0, 0.0, 0.0, 1.0],
                [0.892792, -0.340967, -0.294386, -0.125006, -0.07516, -0.757102, 0.648958, -0.002831, -0.444154, -0.557259, -0.701563, -1.2e-05, 0.0, 0.0, 0.0, 1.0],
                [0.278297, -0.83315, -0.477923, -0.125006, -0.026136, -0.503964, 0.863329, -0.002831, -0.960139, -0.227771, -0.162027, -1.2e-05, 0.0, 0.0, 0.0, 1.0],
                [0.254187, -0.843341, -0.47346, -0.125006, -0.034448, -0.497123, 0.866996, -0.002831, -0.966541, -0.20407, -0.155414, -1.2e-05, 0.0, 0.0, 0.0, 1.0],
                [0.254187, -0.843341, -0.47346, -0.125006, -0.034448, -0.497123, 0.866996, -0.002831, -0.966541, -0.20407, -0.155414, -1.2e-05, 0.0, 0.0, 0.0, 1.0]
            ]
        },
        {
            "name": "Leg_L",
            "time": [0.0, 0.0833, 0.1667, 0.3333, 0.8333],
            "transform": [
                [1.0, -0.0, 1e-06, 0.0, -0.0, 0.964808, 0.262956, 0.37472, -1e-06, -0.262956, 0.964808, 0.0, 0.0, 0.0, 0.0, 1.0],
                [1.0, -1e-06, 5e-06, 0.0, -5e-06, 0.039795, 0.999208, 0.37472, -1e-06, -0.999208, 0.039795, 0.0, 0.0, 0.0, 0.0, 1.0],
                [1.0, -1e-06, 1e-06, -0.0, 0.0, 0.593762, 0.804641, 0.37472, -1e-06, -0.80464, 0.593763, -0.0, 0.0, 0.0, 0.0, 1.0],
                [1.0, -1e-06, 3e-06, -0.0, -2e-06, 0.622369, 0.782724, 0.37472, -3e-06, -0.782723, 0.62237, -0.0, 0.0, 0.0, 0.0, 1.0],
                [1.0, -1e-06, 3e-06, -0.0, -2e-06, 0.622369, 0.782724, 0.37472, -3e-06, -0.782723, 0.62237, -0.0, 0.0, 0.0, 0.0, 1.0]
            ]
        },
        {
            "name": "Knee_L",
            "time": [0.0, 0.0833, 0.1667, 0.8333],
            "transform": [
                [1.0, 0.0, -0.0, 0.0, -0.0, 1e-06, -1.0, 0.367852, -0.0, 1.0, 1e-06, 0.0, 0.0, 0.0, 0.0, 1.0],
                [1.0, 0.0, -0.0, 0.0, -0.0, 1e-06, -1.0, 0.472862, -0.0, 1.0, 1e-06, 0.0, 0.0, 0.0, 0.0, 1.0],
                [1.0, 0.0, -0.0, 0.0, -0.0, 1e-06, -1.0, 0.415002, -0.0, 1.0, 1e-06, -0.0, 0.0, 0.0, 0.0, 1.0],
                [1.0, 0.0, -0.0, 0.0, -0.0, 1e-06, -1.0, 0.415002, -0.0, 1.0, 1e-06, -0.0, 0.0, 0.0, 0.0, 1.0]
            ]
        },
        {
            "name": "Torso",
            "time": [0.0, 0.8333],
            "transform": [
                [1.0, 0.0, 0.0, -0.0, 0.0, 1.0, 0.0, 0.05, 0.0, 0.0, 1.0, -0.0, 0.0, 0.0, 0.0, 1.0],
                [1.0, 0.0, -0.0, 0.0, 0.0, 1.0, 0.0, 0.05, 0.0, -0.0, 1.0, -0.0, 0.0, 0.0, 0.0, 1.0]
            ]
        },
        {
            "name": "Chest",
            "time": [0.0, 0.0833, 0.1667, 0.3333, 0.8333],
            "transform": [
                [0.999716, -0.023825, 0.000694, -0.0, 0.023825, 0.99802, -0.058215, 0.3, 0.000694, 0.058215, 0.998304, -0.0, 0.0, 0.0, 0.0, 1.0],
                [0.999716, -0.023825, 0.000694, -0.0, 0.023825, 0.99802, -0.058212, 0.3, 0.000694, 0.058212, 0.998304, -0.0, 0.0, 0.0, 0.0, 1.0],
                [0.999716, -0.023825, 0.000694, -0.0, 0.023825, 0.99802, -0.058214, 0.3, 0.000694, 0.058214, 0.998304, 0.0, 0.0, 0.0, 0.0, 1.0],
                [0.999716, -0.023825, 0.000694, -0.0, 0.023825, 0.99802, -0.058215, 0.3, 0.000694, 0.058215, 0.998304, -0.0, 0.0, 0.0, 0.0, 1.0],
                [0.999716, -0.023825, 0.000694, -0.0, 0.023825, 0.99802, -0.058215, 0.3, 0.000694, 0.058215, 0.998304, -0.0, 0.0, 0.0, 0.0, 1.0]
            ]
        },
        {
            "name": "Head",
            "time": [0.0, 0.0833, 0.1667, 0.3333, 0.8333],
            "transform": [
                [0.936489, 0.023531, -0.349907, 0.0, -0.001877, 0.998068, 0.062096, 0.4, 0.350692, -0.057496, 0.934724, -0.0, 0.0, 0.0, 0.0, 1.0],
                [0.897823, 0.104113, 0.427873, -0.0, -0.09054, 0.994534, -0.052014, 0.4, -0.430949, 0.00796, 0.902341, -0.0, 0.0, 0.0, 0.0, 1.0],
                [0.282078, 0.208675, 0.936423, -0.0, -0.066657, 0.977963, -0.197853, 0.4, -0.957073, -0.006609, 0.289771, -0.0, 0.0, 0.0, 0.0, 1.0],
                [0.250323, 0.212277, 0.944604, 0.0, -0.063244, 0.977168, -0.202835, 0.4, -0.966094, -0.008966, 0.258033, 0.0, 0.0, 0.0, 0.0, 1.0],
                [0.250323, 0.212277, 0.944604, 0.0, -0.063244, 0.977168, -0.202835, 0.4, -0.966094, -0.008966, 0.258033, 0.0, 0.0, 0.0, 0.0, 1.0]
            ]
        },
        {
            "name": "Shoulder_R",
            "time": [0.0, 0.0833, 0.1667, 0.3333, 0.8333],
            "transform": [
                [0.831567, 0.502748, 0.236094, 0.0, 0.033538, -0.469745, 0.882165, 0.4, 0.554411, -0.725661, -0.407486, -0.0, 0.0, 0.0, 0.0, 1.0],
                [0.238922, 0.907444, 0.345632, -0.0, 0.099717, -0.376987, 0.920835, 0.4, 0.965905, -0.185542, -0.180558, -0.0, 0.0, 0.0, 0.0, 1.0],
                [0.00702, 0.921618, 0.388035, -0.0, 0.180295, -0.382851, 0.906046, 0.4, 0.983587, 0.063601, -0.168851, -0.0, 0.0, 0.0, 0.0, 1.0],
                [-0.013906, 0.920126, 0.391374, 0.0, 0.18489, -0.382296, 0.905354, 0.4, 0.98266, 0.084951, -0.164806, 0.0, 0.0, 0.0, 0.0, 1.0],
                [-0.013906, 0.920126, 0.391374, 0.0, 0.18489, -0.382296, 0.905354, 0.4, 0.98266, 0.084951, -0.164806, 0.0, 0.0, 0.0, 0.0, 1.0]
            ]
        },
        {
            "name": "Arm_R",
            "time": [0.0, 0.0833, 0.1667, 0.8333],
            "transform": [
                [-0.26789, -0.937545, -0.221913, -0.0, 0.135523, 0.191373, -0.972116, 0.393861, 0.953871, -0.290494, 0.075792, 0.0, 0.0, 0.0, 0.0, 1.0],
                [-0.037337, -0.724769, -0.68798, -0.0, 0.503968, 0.58084, -0.639251, 0.39386, 0.862915, -0.370587, 0.343574, -0.0, 0.0, 0.0, 0.0, 1.0],
                [-0.231791, -0.104884, -0.967095, -0.0, 0.195542, 0.968854, -0.151942, 0.39386, 0.95291, -0.224326, -0.204062, -0.0, 0.0, 0.0, 0.0, 1.0],
                [-0.231791, -0.104884, -0.967095, 0.0, 0.195542, 0.968854, -0.151942, 0.39386, 0.95291, -0.224326, -0.204062, 0.0, 0.0, 0.0, 0.0, 1.0]
            ]
        },
        {
            "name": "Hand_R",
            "time": [0.0, 0.0833, 0.1667, 0.3333, 0.8333],
            "transform": [
                [0.999999, 0.001236, -0.001031, 0.0, -0.00125, 0.999903, -0.013884, 0.3, 0.001014, 0.013886, 0.999903, 0.0, 0.0, 0.0, 0.0, 1.0],
                [0.999985, 0.001325, 0.005391, -0.0, -0.00125, 0.999903, -0.013883, 0.3, -0.005409, 0.013876, 0.999889, -0.0, 0.0, 0.0, 0.0, 1.0],
                [0.999985, 0.001325, 0.005391, -0.0, -0.00125, 0.999904, -0.013883, 0.3, -0.005409, 0.013876, 0.99989, -0.0, 0.0, 0.0, 0.0, 1.0],
                [0.999985, 0.001325, 0.005391, 0.0, -0.00125, 0.999903, -0.013884, 0.3, -0.005409, 0.013877, 0.999889, -0.0, 0.0, 0.0, 0.0, 1.0],
                [0.999985, 0.001325, 0.005391, 0.0, -0.00125, 0.999903, -0.013884, 0.3, -0.005409, 0.013877, 0.999889, -0.0, 0.0, 0.0, 0.0, 1.0]
            ]
        },
        {
            "name": "Tool_R",
            "time": [0.0, 0.0833, 0.1667, 0.3333, 0.8333],
            "transform": [
                [1.000013, 0.0, 0.0, 0.016973, 0.0, -0.999836, 0.018122, 0.214541, 0.0, -0.018122, -0.999232, 0.289413, 0.0, 0.0, 0.0, 1.0],
                [0.999074, 0.009382, 0.042283, 0.015123, 0.012898, -0.99641, -0.083674, 0.233939, 0.041323, 0.084082, -0.994995, 0.40616, 0.0, 0.0, 0.0, 1.0],
                [0.998068, 0.007926, 0.061831, 0.005296, 0.03872, -0.856165, -0.515244, 0.1358, 0.048827, 0.516328, -0.854295, -0.187058, 0.0, 0.0, 0.0, 1.0],
                [0.998068, 0.007926, 0.061831, 0.005297, 0.03872, -0.856165, -0.515245, 0.1358, 0.048827, 0.516328, -0.854295, -0.187058, 0.0, 0.0, 0.0, 1.0],
                [0.998068, 0.007926, 0.061831, 0.005297, 0.03872, -0.856165, -0.515245, 0.1358, 0.048827, 0.516328, -0.854295, -0.187058, 0.0, 0.0, 0.0, 1.0]
            ]
        },
        {
            "name": "Elbow_R",
            "time": [0.0, 0.0833, 0.1667, 0.8333],
            "transform": [
                [-1.0, 0.0, -0.0, 0.0, 0.0, -0.0, -1.0, 0.317987, -0.0, -1.0, 0.0, 0.0, 0.0, 0.0, 0.0, 1.0],
                [-1.0, 0.0, 0.0, -0.0, -0.0, 0.0, -1.0, 0.313563, -0.0, -1.0, 0.0, 0.0, 0.0, 0.0, 0.0, 1.0],
                [-1.0, 0.0, -0.0, 0.0, 0.0, -0.0, -1.0, 0.318367, -0.0, -1.0, 0.0, -0.0, 0.0, 0.0, 0.0, 1.0],
                [-1.0, 0.0, -0.0, 0.0, 0.0, -0.0, -1.0, 0.318367, -0.0, -1.0, 0.0, -0.0, 0.0, 0.0, 0.0, 1.0]
            ]
        },
        {
            "name": "Shoulder_L",
            "time": [0.0, 0.0833, 0.1667, 0.3333, 0.8333],
            "transform": [
                [-0.58604, -0.790068, -0.179862, 0.0, -0.102131, -0.14818, 0.983673, 0.4, -0.80382, 0.594841, 0.006149, -0.0, 0.0, 0.0, 0.0, 1.0],
                [0.888627, -0.458516, 0.010289, -0.0, -0.195944, -0.359275, 0.912429, 0.4, -0.414667, -0.812825, -0.409105, -0.0, 0.0, 0.0, 0.0, 1.0],
                [0.822009, -0.563247, -0.083985, -0.0, -0.180415, -0.397454, 0.899711, 0.4, -0.54014, -0.724419, -0.428329, -0.0, 0.0, 0.0, 0.0, 1.0],
                [0.83898, -0.539407, -0.071781, 0.0, -0.181285, -0.401435, 0.897767, 0.4, -0.513077, -0.740196, -0.434582, 0.0, 0.0, 0.0, 0.0, 1.0],
                [0.83898, -0.539407, -0.071781, 0.0, -0.181285, -0.401435, 0.897767, 0.4, -0.513077, -0.740196, -0.434582, 0.0, 0.0, 0.0, 0.0, 1.0]
            ]
        },
        {
            "name": "Arm_L",
            "time": [0.0, 0.0833, 0.1667, 0.8333],
            "transform": [
                [0.08664, 0.984702, 0.151181, 0.0, -0.914666, 0.138764, -0.379645, 0.39386, -0.394816, -0.105388, 0.912696, -0.0, 0.0, 0.0, 0.0, 1.0],
                [0.519343, 0.850822, 0.079903, -0.0, -0.699064, 0.476758, -0.532928, 0.39386, -0.491521, 0.220915, 0.84238, 0.0, 0.0, 0.0, 0.0, 1.0],
                [-0.460671, 0.745705, 0.481358, -0.0, -0.37522, 0.327865, -0.867014, 0.39386, -0.804358, -0.580024, 0.128766, -0.0, 0.0, 0.0, 0.0, 1.0],
                [-0.460671, 0.745705, 0.481358, 0.0, -0.37522, 0.327865, -0.867014, 0.39386, -0.804358, -0.580024, 0.128766, -0.0, 0.0, 0.0, 0.0, 1.0]
            ]
        },
        {
            "name": "Hand_L",
            "time": [0.0, 0.0833, 0.1667, 0.8333],
            "transform": [
                [0.999986, 0.005058, 0.001725, -0.0, -0.003492, 0.862758, -0.505605, 0.3, -0.004045, 0.505592, 0.862764, 0.0, 0.0, 0.0, 0.0, 1.0],
                [1.0, 0.0, 0.0, -0.0, -0.0, 0.993938, 0.109947, 0.3, -0.0, -0.109947, 0.993938, 0.0, 0.0, 0.0, 0.0, 1.0],
                [0.999384, -0.028024, 0.021108, -0.0, 0.034851, 0.862318, -0.505167, 0.3, -0.004045, 0.505592, 0.862764, 0.0, 0.0, 0.0, 0.0, 1.0],
                [0.999385, -0.028024, 0.021108, -0.0, 0.03485, 0.862318, -0.505167, 0.3, -0.004045, 0.505592, 0.862764, -0.0, 0.0, 0.0, 0.0, 1.0]
            ]
        },
        {
            "name": "Tool_L",
            "time": [0.0, 0.8333],
            "transform": [
                [1.0, -0.0, 0.0, -0.0, -0.0, -0.999836, 0.018122, 0.272858, 0.0, -0.018122, -0.999248, 0.0, 0.0, 0.0, 0.0, 1.0],
                [1.0, -0.0, 0.0, 0.0, -0.0, -0.999836, 0.018122, 0.272858, 0.0, -0.018122, -0.999248, -0.0, 0.0, 0.0, 0.0, 1.0]
            ]
        },
        {
            "name": "Elbow_L",
            "time": [0.0, 0.0833, 0.1667, 0.8333],
            "transform": [
                [-1.0, 0.0, -0.0, -0.0, -0.0, -0.0, -1.0, 0.363577, -0.0, -1.0, -0.0, -0.0, 0.0, 0.0, 0.0, 1.0],
                [-1.0, 0.0, -0.0, -0.0, 0.0, -0.0, -1.0, 0.313563, -0.0, -1.0, -0.0, 0.0, 0.0, 0.0, 0.0, 1.0],
                [-1.0, 0.0, -0.0, -0.0, 0.0, -0.0, -1.0, 0.36287, -0.0, -1.0, -0.0, 0.0, 0.0, 0.0, 0.0, 1.0],
                [-1.0, 0.0, -0.0, -0.0, 0.0, -0.0, -1.0, 0.36287, -0.0, -1.0, -0.0, -0.0, 0.0, 0.0, 0.0, 1.0]
            ]
        }
    ]
}