{
    "animation": [
        {
            "name": "Root",
            "time": [0.0, 0.1167, 0.25, 0.35, 0.5333, 0.7167, 1.05],
            "transform": [
                [-0.471553, -0.117988, 0.873909, -5e-06, 0.881173, -0.024583, 0.472154, 5.5e-05, -0.034225, 0.992711, 0.11556, 0.556984, 0.0, 0.0, 0.0, 1.0],
                [-0.462684, -0.00803, 0.886487, -5e-06, 0.882885, -0.094675, 0.459946, 0.000946, 0.080235, 0.995476, 0.050894, 0.620815, 0.0, 0.0, 0.0, 1.0],
                [0.999966, 0.002494, -0.007873, -5e-06, -0.008259, 0.307319, -0.951571, 0.605467, 4.6e-05, 0.951603, 0.307329, 0.594476, 0.0, 0.0, 0.0, 1.0],
                [0.30056, 0.022323, -0.953502, -5e-06, -0.85719, 0.444674, -0.25979, 0.981477, 0.418198, 0.895414, 0.152786, 0.578054, 0.0, 0.0, 0.0, 1.0],
                [0.254301, 0.046065, -0.966027, -5e-06, -0.872033, 0.442845, -0.20844, 0.981477, 0.418198, 0.895414, 0.152786, 0.578054, 0.0, 0.0, 0.0, 1.0],
                [0.254301, 0.046065, -0.966027, -5e-06, -0.872033, 0.442845, -0.20844, 0.981477, 0.418198, 0.895414, 0.152786, 0.578054, 0.0, 0.0, 0.0, 1.0],
                [0.854689, 0.0, -0.51914, -5e-06, -0.51914, 0.0, -0.854689, 0.998595, 0.0, 1.0, 0.0, 0.713565, 0.0, 0.0, 0.0, 1.0]
            ]
        },
        {
            "name": "Thigh_R",
            "time": [0.0, 0.1167, 0.25, 0.35, 0.5333, 0.7167, 0.8, 0.8833, 0.9667, 1.05],
            "transform": [
                [0.49369, 0.823401, 0.279781, 0.124994, 0.13209, -0.388986, 0.911724, -0.002831, 0.859547, -0.413151, -0.300805, -1.2e-05, 0.0, 0.0, 0.0, 1.0],
                [0.521902, 0.636262, 0.568144, 0.124994, 0.189192, -0.735801, 0.650231, -0.002831, 0.831759, -0.231867, -0.504395, -1.2e-05, 0.0, 0.0, 0.0, 1.0],
                [0.91094, 0.198211, 0.361801, 0.124994, 0.001777, -0.878885, 0.477026, -0.002831, 0.412534, -0.433897, -0.800967, -1.2e-05, 0.0, 0.0, 0.0, 1.0],
                [0.985081, 0.143021, -0.095703, 0.124994, 0.16433, -0.946885, 0.276408, -0.002831, -0.051088, -0.288009, -0.956264, -1.2e-05, 0.0, 0.0, 0.0, 1.0],
                [0.984457, 0.142315, -0.102898, 0.124994, 0.167801, -0.935139, 0.312016, -0.002831, -0.05182, -0.32443, -0.944489, -1.2e-05, 0.0, 0.0, 0.0, 1.0],
                [0.984457, 0.142315, -0.102898, 0.124994, 0.167801, -0.935139, 0.312016, -0.002831, -0.05182, -0.32443, -0.944489, -1.2e-05, 0.0, 0.0, 0.0, 1.0],
                [0.996957, 0.025504, -0.073663, 0.124994, 0.073537, -0.621255, 0.780149, -0.002831, -0.025867, -0.783189, -0.621243, -1.2e-05, 0.0, 0.0, 0.0, 1.0],
                [0.996514, 0.076838, -0.032464, 0.124994, 0.083178, -0.885919, 0.456316, -0.002831, 0.006301, -0.457424, -0.889226, -1.2e-05, 0.0, 0.0, 0.0, 1.0],
                [0.982086, 0.186023, -0.030022, 0.124994, 0.188397, -0.972418, 0.137491, -0.002831, -0.003618, -0.140682, -0.990048, -1.2e-05, 0.0, 0.0, 0.0, 1.0],
                [0.976595, 0.215068, 0.002671, 0.124994, 0.215078, -0.976371, -0.020881, -0.002831, -0.001883, 0.020969, -0.999779, -1.2e-05, 0.0, 0.0, 0.0, 1.0]
            ]
        },
        {
            "name": "Leg_R",
            "time": [0.0, 0.1167, 0.25, 0.35, 0.5333, 0.7167, 0.8, 0.8833, 0.9667, 1.05],
            "transform": [
                [1.0, -1e-06, 1e-06, -0.0, -0.0, 0.537872, 0.843027, 0.37472, -0.0, -0.843028, 0.537868, -0.0, 0.0, 0.0, 0.0, 1.0],
                [1.0, -1e-06, 1e-06, 0.0, -1e-06, 0.60993, 0.792457, 0.37472, -1e-06, -0.792457, 0.609926, 0.0, 0.0, 0.0, 0.0, 1.0],
                [1.0, -0.0, 1e-06, 0.0, -0.0, 0.400366, 0.916356, 0.37472, -1e-06, -0.916357, 0.400363, -0.0, 0.0, 0.0, 0.0, 1.0],
                [1.0, 0.0, 1e-06, 0.0, 0.0, 0.954052, 0.299648, 0.37472, -1e-06, -0.299647, 0.954048, -0.0, 0.0, 0.0, 0.0, 1.0],
                [1.0, 0.0, 1e-06, -0.0, 0.0, 0.953866, 0.300238, 0.37472, -1e-06, -0.300237, 0.953863, 0.0, 0.0, 0.0, 0.0, 1.0],
                [1.0, 0.0, 1e-06, -0.0, 0.0, 0.953866, 0.300238, 0.37472, -1e-06, -0.300237, 0.953863, 0.0, 0.0, 0.0, 0.0, 1.0],
                [1.0, -0.0, 1e-06, 0.0, -0.0, 0.169457, 0.985537, 0.37472, -1e-06, -0.985539, 0.169455, 0.0, 0.0, 0.0, 0.0, 1.0],
                [1.0, -0.0, 1e-06, 0.0, -0.0, 0.661155, 0.750252, 0.37472, -1e-06, -0.750251, 0.661152, -0.0, 0.0, 0.0, 0.0, 1.0],
                [1.0, 0.0, 1e-06, 0.0, -0.0, 0.833724, 0.552184, 0.37472, -1e-06, -0.552182, 0.833722, 0.0, 0.0, 0.0, 0.0, 1.0],
                [1.0, 0.0, 1e-06, 0.0, 0.0, 0.913073, 0.407801, 0.37472, -1e-06, -0.407799, 0.91307, -0.0, 0.0, 0.0, 0.0, 1.0]
            ]
        },
        {
            "name": "Knee_R",
            "time": [0.0, 0.1167, 0.25, 0.35, 0.5333, 0.7167, 0.8, 0.8833, 0.9667, 1.05],
            "transform": [
                [1.0, 0.0, -0.0, 0.0, -0.0, 1e-06, -1.0, 0.428727, -0.0, 1.0, 1e-06, -0.0, 0.0, 0.0, 0.0, 1.0],
                [1.0, 0.0, -0.0, -0.0, -0.0, 1e-06, -1.0, 0.420819, -0.0, 1.0, 1e-06, -0.0, 0.0, 0.0, 0.0, 1.0],
                [1.0, 0.0, -0.0, 0.0, -0.0, 1e-06, -1.0, 0.442734, -0.0, 1.0, 1e-06, -0.0, 0.0, 0.0, 0.0, 1.0],
                [1.0, 0.0, -0.0, -0.0, -0.0, 1e-06, -1.0, 0.37472, -0.0, 1.0, 1e-06, -0.0, 0.0, 0.0, 0.0, 1.0],
                [1.0, 0.0, -0.0, -0.0, -0.0, 1e-06, -1.0, 0.37472, -0.0, 1.0, 1e-06, -0.0, 0.0, 0.0, 0.0, 1.0],
                [1.0, 0.0, -0.0, -0.0, -0.0, 1e-06, -1.0, 0.37472, -0.0, 1.0, 1e-06, -0.0, 0.0, 0.0, 0.0, 1.0],
                [1.0, 0.0, -0.0, -0.0, -0.0, 1e-06, -1.0, 0.464431, -0.0, 1.0, 1e-06, 0.0, 0.0, 0.0, 0.0, 1.0],
                [1.0, 0.0, -0.0, 0.0, -0.0, 1e-06, -1.0, 0.414859, -0.0, 1.0, 1e-06, 0.0, 0.0, 0.0, 0.0, 1.0],
                [1.0, 0.0, -0.0, 0.0, -0.0, 1e-06, -1.0, 0.391202, -0.0, 1.0, 1e-06, 0.0, 0.0, 0.0, 0.0, 1.0],
                [1.0, 0.0, -0.0, 0.0, -0.0, 1e-06, -1.0, 0.376392, -0.0, 1.0, 1e-06, -0.0, 0.0, 0.0, 0.0, 1.0]
            ]
        },
        {
            "name": "Thigh_L",
            "time": [0.0, 0.1167, 0.1833, 0.25, 0.35, 0.5333, 0.7167, 0.8, 0.8833, 0.9667, 1.05],
            "transform": [
                [0.817258, -0.572121, 0.069039, -0.125006, -0.480504, -0.6104, 0.629704, -0.002831, -0.318125, -0.547804, -0.773761, -1.2e-05, 0.0, 0.0, 0.0, 1.0],
                [0.7877, -0.613398, -0.057193, -0.125006, -0.429534, -0.613386, 0.662765, -0.002831, -0.44162, -0.497494, -0.746639, -1.2e-05, 0.0, 0.0, 0.0, 1.0],
                [0.948381, -0.314557, 0.040313, -0.125006, -0.295439, -0.830144, 0.472839, -0.002831, -0.115269, -0.460342, -0.880226, -1.2e-05, 0.0, 0.0, 0.0, 1.0],
                [0.997893, -0.038648, 0.052105, -0.125006, -0.063026, -0.387264, 0.919812, -0.002831, -0.015371, -0.921158, -0.388884, -1.2e-05, 0.0, 0.0, 0.0, 1.0],
                [0.419219, -0.895577, 0.148989, -0.125006, -0.185148, 0.076323, 0.979742, -0.002831, -0.888805, -0.438312, -0.133819, -1.2e-05, 0.0, 0.0, 0.0, 1.0],
                [0.392251, -0.907221, 0.151954, -0.125006, -0.212164, 0.071509, 0.974614, -0.002831, -0.895056, -0.414533, -0.16443, -1.2e-05, 0.0, 0.0, 0.0, 1.0],
                [0.392251, -0.907221, 0.151954, -0.125006, -0.212164, 0.071509, 0.974614, -0.002831, -0.895056, -0.414533, -0.16443, -1.2e-05, 0.0, 0.0, 0.0, 1.0],
                [0.515823, -0.854805, 0.05687, -0.131544, -0.200748, -0.056071, 0.978036, -0.002831, -0.832842, -0.515911, -0.200523, 0.00396, 0.0, 0.0, 0.0, 1.0],
                [0.718297, -0.640955, -0.270603, -0.143497, -0.044828, -0.430774, 0.901346, -0.002831, -0.69429, -0.635304, -0.338156, 0.011219, 0.0, 0.0, 0.0, 1.0],
                [0.819044, -0.431302, -0.378343, -0.155846, 0.050001, -0.603276, 0.795963, -0.002831, -0.571546, -0.670847, -0.472545, 0.01872, 0.0, 0.0, 0.0, 1.0],
                [0.862902, -0.256489, -0.435446, -0.161987, 0.003639, -0.858461, 0.512865, -0.002831, -0.505358, -0.444137, -0.739834, 0.022451, 0.0, 0.0, 0.0, 1.0]
            ]
        },
        {
            "name": "Leg_L",
            "time": [0.0, 0.1167, 0.25, 0.35, 0.5333, 0.7167, 0.8, 0.8833, 0.9667, 1.05],
            "transform": [
                [1.0, -0.0, 1e-06, -0.0, 0.0, 0.926104, 0.377268, 0.37472, -1e-06, -0.377268, 0.926105, 0.0, 0.0, 0.0, 0.0, 1.0],
                [1.0, -1e-06, 0.0, 0.0, 0.0, 0.85446, 0.519517, 0.37472, -1e-06, -0.519517, 0.85446, 0.0, 0.0, 0.0, 0.0, 1.0],
                [1.0, -1e-06, 0.0, -0.0, -0.0, 0.070234, 0.997531, 0.37472, -1e-06, -0.99753, 0.070234, 0.0, 0.0, 0.0, 0.0, 1.0],
                [1.0, -1e-06, 0.0, 0.0, 0.0, 0.366885, 0.930267, 0.37472, -1e-06, -0.930266, 0.366886, 0.0, 0.0, 0.0, 0.0, 1.0],
                [1.0, -1e-06, 0.0, 0.0, 0.0, 0.36201, 0.932174, 0.37472, -1e-06, -0.932174, 0.362011, -0.0, 0.0, 0.0, 0.0, 1.0],
                [1.0, -1e-06, 0.0, 0.0, 0.0, 0.36201, 0.932174, 0.37472, -1e-06, -0.932174, 0.362011, -0.0, 0.0, 0.0, 0.0, 1.0],
                [1.0, -1e-06, 0.0, 0.0, 0.0, 0.439539, 0.898224, 0.37472, -1e-06, -0.898223, 0.439539, -0.0, 0.0, 0.0, 0.0, 1.0],
                [1.0, -1e-06, 1e-06, 0.0, 0.0, 0.732585, 0.680676, 0.37472, -1e-06, -0.680675, 0.732585, -0.0, 0.0, 0.0, 0.0, 1.0],
                [1.0, -1e-06, 1e-06, 0.0, -0.0, 0.494771, 0.869024, 0.37472, -1e-06, -0.869023, 0.494772, -0.0, 0.0, 0.0, 0.0, 1.0],
                [1.0, -1e-06, 1e-06, 0.0, 0.0, 0.838706, 0.544585, 0.37472, -1e-06, -0.544585, 0.838706, -0.0, 0.0, 0.0, 0.0, 1.0]
            ]
        },
        {
            "name": "Knee_L",
            "time": [0.0, 0.1167, 0.25, 0.35, 0.5333, 0.7167, 0.8, 0.8833, 0.9667, 1.05],
            "transform": [
                [1.0, 0.0, -0.0, -0.0, -0.0, 1e-06, -1.0, 0.37472, -0.0, 1.0, 1e-06, 0.0, 0.0, 0.0, 0.0, 1.0],
                [1.0, 0.0, -0.0, 0.0, -0.0, 1e-06, -1.0, 0.387727, -0.0, 1.0, 1e-06, 0.0, 0.0, 0.0, 0.0, 1.0],
                [1.0, 0.0, -0.0, 0.0, -0.0, 1e-06, -1.0, 0.473409, -0.0, 1.0, 1e-06, -0.0, 0.0, 0.0, 0.0, 1.0],
                [1.0, 0.0, -0.0, 0.0, -0.0, 1e-06, -1.0, 0.445989, -0.0, 1.0, 1e-06, 0.0, 0.0, 0.0, 0.0, 1.0],
                [1.0, 0.0, -0.0, 0.0, -0.0, 1e-06, -1.0, 0.446459, -0.0, 1.0, 1e-06, -0.0, 0.0, 0.0, 0.0, 1.0],
                [1.0, 0.0, -0.0, 0.0, -0.0, 1e-06, -1.0, 0.446459, -0.0, 1.0, 1e-06, -0.0, 0.0, 0.0, 0.0, 1.0],
                [1.0, 0.0, -0.0, 0.0, -0.0, 1e-06, -1.0, 0.438857, -0.0, 1.0, 1e-06, -0.0, 0.0, 0.0, 0.0, 1.0],
                [1.0, 0.0, -0.0, 0.0, -0.0, 1e-06, -1.0, 0.405901, -0.0, 1.0, 1e-06, -0.0, 0.0, 0.0, 0.0, 1.0],
                [1.0, 0.0, -0.0, 0.0, -0.0, 1e-06, -1.0, 0.433246, -0.0, 1.0, 1e-06, -0.0, 0.0, 0.0, 0.0, 1.0],
                [1.0, 0.0, -0.0, -0.0, -0.0, 1e-06, -1.0, 0.390386, -0.0, 1.0, 1e-06, -0.0, 0.0, 0.0, 0.0, 1.0]
            ]
        },
        {
            "name": "Torso",
            "time": [0.0, 1.05],
            "transform": [
                [0.99978, -0.020971, -0.000197, 0.0, 0.020971, 0.999603, 0.018833, 0.05, -0.000198, -0.018833, 0.999823, -0.0, 0.0, 0.0, 0.0, 1.0],
                [0.99978, -0.020971, -0.000197, -0.0, 0.020971, 0.999603, 0.018833, 0.05, -0.000198, -0.018833, 0.999823, 0.0, 0.0, 0.0, 0.0, 1.0]
            ]
        },
        {
            "name": "Chest",
            "time": [0.0, 0.1167, 0.35, 0.7167, 1.05],
            "transform": [
                [0.994082, 0.081663, -0.071633, -0.0, -0.069455, 0.984849, 0.158899, 0.3, 0.083524, -0.152984, 0.984693, -0.0, 0.0, 0.0, 0.0, 1.0],
                [0.985744, -0.043596, 0.162506, 0.0, 0.05642, 0.995574, -0.075154, 0.3, -0.158511, 0.083251, 0.983841, 0.0, 0.0, 0.0, 0.0, 1.0],
                [0.984073, 0.084891, -0.156188, -0.0, -0.070382, 0.992871, 0.096201, 0.3, 0.163241, -0.083675, 0.983032, -0.0, 0.0, 0.0, 0.0, 1.0],
                [0.984073, 0.084891, -0.156188, 0.0, -0.070382, 0.99287, 0.0962, 0.3, 0.163241, -0.083675, 0.983032, 0.0, 0.0, 0.0, 0.0, 1.0],
                [0.999771, -0.021411, -0.000206, 0.0, 0.021411, 0.999586, 0.019228, 0.3, -0.000206, -0.019228, 0.999815, -0.0, 0.0, 0.0, 0.0, 1.0]
            ]
        },
        {
            "name": "Head",
            "time": [0.0, 0.1167, 0.25, 0.35, 0.5333, 0.7167, 1.05],
            "transform": [
                [0.2124, -0.058864, -0.975408, 0.0, -0.283381, 0.951579, -0.119134, 0.4, 0.93519, 0.301716, 0.185435, 0.0, 0.0, 0.0, 0.0, 1.0],
                [0.215742, 0.12492, -0.968427, -0.0, -0.050781, 0.991876, 0.116632, 0.4, 0.975129, 0.024016, 0.220333, -0.0, 0.0, 0.0, 0.0, 1.0],
                [0.998949, 0.005211, 0.045538, 0.0, 0.011345, 0.934484, -0.355826, 0.4, -0.044409, 0.355968, 0.933442, 0.0, 0.0, 0.0, 0.0, 1.0],
                [0.138788, 0.38498, 0.91243, -0.0, 0.137834, 0.90487, -0.402756, 0.4, -0.980683, 0.181661, 0.072522, -0.0, 0.0, 0.0, 0.0, 1.0],
                [0.109761, 0.384906, 0.916406, -0.0, 0.150942, 0.904829, -0.398122, 0.4, -0.98243, 0.182022, 0.041217, -0.0, 0.0, 0.0, 0.0, 1.0],
                [0.109761, 0.384906, 0.916406, -0.0, 0.150942, 0.904829, -0.398122, 0.4, -0.98243, 0.182022, 0.041217, -0.0, 0.0, 0.0, 0.0, 1.0],
                [0.85311, 0.037721, 0.520365, 0.0, -0.006297, 0.998055, -0.062025, 0.4, -0.521693, 0.049637, 0.851688, -0.0, 0.0, 0.0, 0.0, 1.0]
            ]
        },
        {
            "name": "Shoulder_R",
            "time": [0.0, 0.1167, 0.35, 0.7167, 1.05],
            "transform": [
                [0.761458, 0.47635, 0.439627, 0.0, -0.3707, -0.236357, 0.898174, 0.4, 0.531754, -0.846892, -0.003393, 0.0, 0.0, 0.0, 0.0, 1.0],
                [0.518828, 0.746167, 0.417196, -0.0, 0.026888, -0.50202, 0.864438, 0.4, 0.854456, -0.437277, -0.280525, -0.0, 0.0, 0.0, 0.0, 1.0],
                [-0.270307, 0.870163, 0.412008, -0.0, 0.133162, -0.390035, 0.91112, 0.4, 0.953521, 0.301146, -0.010444, -0.0, 0.0, 0.0, 0.0, 1.0],
                [-0.270307, 0.870163, 0.412008, -0.0, 0.133162, -0.390035, 0.91112, 0.4, 0.953521, 0.301146, -0.010444, -0.0, 0.0, 0.0, 0.0, 1.0],
                [-0.275297, 0.911541, 0.305457, 0.0, 0.013149, -0.314134, 0.949287, 0.4, 0.961269, 0.265352, 0.074494, -0.0, 0.0, 0.0, 0.0, 1.0]
            ]
        },
        {
            "name": "Arm_R",
            "time": [0.0, 0.1167, 0.35, 0.7167, 0.8833, 1.05],
            "transform": [
                [0.189391, -0.853359, -0.485705, 0.022406, 0.877197, 0.369311, -0.306813, 0.377022, 0.441198, -0.367952, 0.818508, 0.00218, 0.0, 0.0, 0.0, 1.0],
                [0.589186, -0.670784, -0.450454, -0.038359, 0.047945, 0.585536, -0.809227, 0.380708, 0.806574, 0.455188, 0.37715, 0.005703, 0.0, 0.0, 0.0, 1.0],
                [-0.174308, -0.280275, -0.943961, -0.044964, 0.082318, 0.951134, -0.297605, 0.361738, 0.981244, -0.12958, -0.142719, -0.015026, 0.0, 0.0, 0.0, 1.0],
                [-0.174308, -0.280275, -0.943961, -0.044964, 0.082318, 0.951134, -0.297605, 0.361738, 0.981244, -0.12958, -0.142719, -0.015026, 0.0, 0.0, 0.0, 1.0],
                [0.306405, 0.22942, -0.923841, -0.006532, 0.412177, 0.842844, 0.34601, 0.390205, 0.858036, -0.486805, 0.16369, 0.024152, 0.0, 0.0, 0.0, 1.0],
                [0.578466, 0.154427, -0.800955, 0.02077, 0.724438, 0.354057, 0.591467, 0.415813, 0.374923, -0.922386, 0.092937, 0.005216, 0.0, 0.0, 0.0, 1.0]
            ]
        },
        {
            "name": "Hand_R",
            "time": [0.0, 0.1167, 0.35, 0.7167, 1.05],
            "transform": [
                [1.0, 0.0, 0.0, 0.0, 0.0, 0.995748, -0.092121, 0.3, -0.0, 0.092121, 0.995748, 0.0, 0.0, 0.0, 0.0, 1.0],
                [1.0, 0.0, 0.0, -0.0, -0.0, 0.801073, -0.598567, 0.3, -0.0, 0.598566, 0.801073, 0.0, 0.0, 0.0, 0.0, 1.0],
                [1.0, 0.0, 0.0, -0.0, -0.0, 0.99998, 0.006371, 0.3, -0.0, -0.006371, 0.99998, 0.0, 0.0, 0.0, 0.0, 1.0],
                [1.0, 0.0, 0.0, -0.0, -0.0, 0.99998, 0.006371, 0.3, -0.0, -0.006371, 0.99998, -0.0, 0.0, 0.0, 0.0, 1.0],
                [1.0, -0.0, 0.0, 0.0, -0.0, 0.999904, -0.01388, 0.3, -0.0, 0.01388, 0.999904, 0.0, 0.0, 0.0, 0.0, 1.0]
            ]
        },
        {
            "name": "Tool_R",
            "time": [0.0, 0.0667, 0.15, 0.25, 0.35, 0.7167, 1.05],
            "transform": [
                [0.644567, 0.172696, -0.744788, -0.0, 0.119672, -0.984937, -0.124811, 0.272858, -0.754676, -0.008687, -0.655138, 0.0, 0.0, 0.0, 0.0, 1.0],
                [0.978654, -0.022293, 0.204301, -0.062477, -0.025882, -0.999554, 0.014914, 0.225557, 0.203757, -0.019883, -0.978215, 0.3089, 0.0, 0.0, 0.0, 1.0],
                [0.98563, 0.117765, -0.121097, 0.091073, 0.12504, -0.990664, 0.054317, 0.168485, -0.113501, -0.068648, -0.990566, 0.697898, 0.0, 0.0, 0.0, 1.0],
                [0.99574, 0.082301, -0.041579, 0.019302, 0.061288, -0.927635, -0.368427, 0.482848, -0.068851, 0.364083, -0.928181, 0.713832, 0.0, 0.0, 0.0, 1.0],
                [0.999751, 0.015972, 0.015581, 0.0, 0.022296, -0.687657, -0.725693, 0.272858, -0.000875, 0.725423, -0.687443, -0.0, 0.0, 0.0, 0.0, 1.0],
                [0.999751, 0.015972, 0.015581, -0.0, 0.022296, -0.687657, -0.725693, 0.272858, -0.000875, 0.725423, -0.687443, -0.0, 0.0, 0.0, 0.0, 1.0],
                [0.999984, 0.005027, -0.002786, -0.0, 0.004184, -0.969084, -0.246698, 0.272858, -0.003937, 0.246526, -0.968518, -0.0, 0.0, 0.0, 0.0, 1.0]
            ]
        },
        {
            "name": "Elbow_R",
            "time": [0.0, 0.1167, 0.35, 0.7167, 1.05],
            "transform": [
                [-1.0, 0.0, -0.0, 0.0, 0.0, -0.0, -1.0, 0.318969, -0.0, -1.0, 0.0, 0.0, 0.0, 0.0, 0.0, 1.0],
                [-1.0, 0.0, -0.0, -0.0, 0.0, 0.0, -1.0, 0.370459, -0.0, -1.0, 0.0, 0.0, 0.0, 0.0, 0.0, 1.0],
                [-1.0, 0.0, 0.0, 0.0, -0.0, -0.0, -1.0, 0.309727, -0.0, -1.0, 0.0, 0.0, 0.0, 0.0, 0.0, 1.0],
                [-1.0, 0.0, -0.0, -0.0, 0.0, -0.0, -1.0, 0.309727, -0.0, -1.0, 0.0, 0.0, 0.0, 0.0, 0.0, 1.0],
                [-1.0, 0.0, 0.0, 0.0, 0.0, -0.0, -1.0, 0.311625, -0.0, -1.0, 0.0, 0.0, 0.0, 0.0, 0.0, 1.0]
            ]
        },
        {
            "name": "Shoulder_L",
            "time": [0.0, 0.0667, 0.35, 0.5333, 0.7167, 1.05],
            "transform": [
                [-0.481358, -0.876262, -0.021423, 0.0, 0.255098, -0.163432, 0.953003, 0.4, -0.838582, 0.45327, 0.302202, 0.0, 0.0, 0.0, 0.0, 1.0],
                [-0.047421, -0.986472, -0.156923, 0.0, -0.200886, -0.144472, 0.968903, 0.4, -0.978466, 0.07747, -0.191317, 0.0, 0.0, 0.0, 0.0, 1.0],
                [0.383969, -0.897281, 0.217842, -0.0, -0.452783, 0.022641, 0.891333, 0.4, -0.804708, -0.440879, -0.39758, -0.0, 0.0, 0.0, 0.0, 1.0],
                [0.414, -0.877275, 0.242883, -0.0, -0.471258, 0.021722, 0.881728, 0.4, -0.778794, -0.479496, -0.40443, -0.0, 0.0, 0.0, 0.0, 1.0],
                [0.414, -0.877275, 0.242883, -0.0, -0.471258, 0.021722, 0.881728, 0.4, -0.778794, -0.479496, -0.40443, -0.0, 0.0, 0.0, 0.0, 1.0],
                [0.215099, -0.932596, -0.289822, 0.0, -0.010019, -0.29886, 0.954244, 0.4, -0.976541, -0.202353, -0.073628, -0.0, 0.0, 0.0, 0.0, 1.0]
            ]
        },
        {
            "name": "Arm_L",
            "time": [0.0, 0.0667, 0.1167, 0.15, 0.2167, 0.35, 0.5333, 0.7167, 1.05],
            "transform": [
                [0.212366, 0.251641, 0.944234, 0.016472, -0.137848, 0.964326, -0.225993, 0.417002, -0.967419, -0.082167, 0.239479, 0.036202, 0.0, 0.0, 0.0, 1.0],
                [0.518581, 0.349978, -0.780122, 0.05718, -0.796825, -0.13306, -0.589378, 0.407704, -0.310072, 0.92726, 0.209869, 0.065468, 0.0, 0.0, 0.0, 1.0],
                [0.514086, 0.448979, -0.730845, 0.068592, -0.8052, -0.041011, -0.591583, 0.419558, -0.295581, 0.892601, 0.340435, 0.027958, 0.0, 0.0, 0.0, 1.0],
                [0.519182, 0.538737, -0.663485, 0.05718, -0.796682, 0.024, -0.603922, 0.407704, -0.309432, 0.842132, 0.441663, 0.065468, 0.0, 0.0, 0.0, 1.0],
                [0.658079, 0.66091, 0.360736, -0.005358, 0.351567, 0.153955, -0.923417, 0.376086, -0.665833, 0.734503, -0.131039, 0.132041, 0.0, 0.0, 0.0, 1.0],
                [0.55133, 0.750034, 0.365356, 0.023891, 0.366052, 0.176049, -0.91379, 0.418461, -0.749694, 0.637539, -0.177491, -0.048305, 0.0, 0.0, 0.0, 1.0],
                [0.364791, 0.841844, 0.397776, 0.032756, 0.359646, 0.266659, -0.894174, 0.427589, -0.858826, 0.469246, -0.205491, -0.066231, 0.0, 0.0, 0.0, 1.0],
                [0.364791, 0.841844, 0.397776, 0.032756, 0.359646, 0.266659, -0.894174, 0.427589, -0.858826, 0.469246, -0.205491, -0.066231, 0.0, 0.0, 0.0, 1.0],
                [-0.622903, 0.237887, 0.745252, -0.0, -0.468864, 0.64906, -0.599072, 0.39386, -0.626225, -0.722586, -0.292765, -0.0, 0.0, 0.0, 0.0, 1.0]
            ]
        },
        {
            "name": "Hand_L",
            "time": [0.0, 0.0667, 0.15, 0.2167, 0.35, 0.5333, 0.7167, 1.05],
            "transform": [
                [1.0, 0.0, -0.0, -0.0, -0.0, 0.490264, -0.871574, 0.3, -0.0, 0.871574, 0.490264, 0.0, 0.0, 0.0, 0.0, 1.0],
                [1.0, 0.0, -0.0, 0.0, -0.0, 0.836231, -0.548377, 0.3, -0.0, 0.548377, 0.836232, 0.0, 0.0, 0.0, 0.0, 1.0],
                [1.0, 0.0, 0.0, -0.0, -0.0, 0.651547, -0.758608, 0.3, -0.0, 0.758608, 0.651547, 0.0, 0.0, 0.0, 0.0, 1.0],
                [1.0, 0.0, 0.0, -0.0, -0.0, 0.999284, -0.037848, 0.3, -0.0, 0.037848, 0.999284, 0.0, 0.0, 0.0, 0.0, 1.0],
                [1.0, 0.0, 0.0, 0.0, -0.0, 0.964546, -0.263916, 0.3, -0.0, 0.263916, 0.964546, -0.0, 0.0, 0.0, 0.0, 1.0],
                [1.0, 0.0, 0.0, 0.0, -0.0, 0.942405, -0.334474, 0.3, -0.0, 0.334474, 0.942405, 0.0, 0.0, 0.0, 0.0, 1.0],
                [1.0, 0.0, 0.0, 0.0, -0.0, 0.942405, -0.334474, 0.3, -0.0, 0.334474, 0.942405, 0.0, 0.0, 0.0, 0.0, 1.0],
                [1.0, 0.0, 0.0, -0.0, -0.0, 0.593093, -0.805134, 0.3, -0.0, 0.805134, 0.593093, 0.0, 0.0, 0.0, 0.0, 1.0]
            ]
        },
        {
            "name": "Tool_L",
            "time": [0.0, 1.05],
            "transform": [
                [1.0, 0.0, 0.0, -0.0, 0.0, -0.999835, 0.018122, 0.389323, 0.0, -0.018122, -0.999247, -0.000261, 0.0, 0.0, 0.0, 1.0],
                [1.0, 0.0, 0.0, 0.0, 0.0, -0.999836, 0.018122, 0.389323, 0.0, -0.018122, -0.999248, -0.000261, 0.0, 0.0, 0.0, 1.0]
            ]
        },
        {
            "name": "Elbow_L",
            "time": [0.0, 0.1167, 0.2167, 0.35, 0.5333, 0.7167, 1.05],
            "transform": [
                [-1.0, 0.0, -0.0, 0.0, 0.0, -0.0, -1.0, 0.409508, -0.0, -1.0, 0.0, 0.0, 0.0, 0.0, 0.0, 1.0],
                [-1.0, 0.0, -0.0, -0.0, 0.0, 0.0, -1.0, 0.382268, -0.0, -1.0, -0.0, -0.0, 0.0, 0.0, 0.0, 1.0],
                [-1.0, 0.0, 0.0, -0.0, -0.0, -0.0, -1.0, 0.313872, -0.0, -1.0, -0.0, -0.0, 0.0, 0.0, 0.0, 1.0],
                [-1.0, 0.0, -0.0, 0.0, 0.0, 0.0, -1.0, 0.335352, -0.0, -1.0, -0.0, -0.0, 0.0, 0.0, 0.0, 1.0],
                [-1.0, 0.0, -0.0, 0.0, 0.0, -0.0, -1.0, 0.342284, -0.0, -1.0, 0.0, 0.0, 0.0, 0.0, 0.0, 1.0],
                [-1.0, 0.0, -0.0, 0.0, 0.0, -0.0, -1.0, 0.342284, -0.0, -1.0, 0.0, 0.0, 0.0, 0.0, 0.0, 1.0],
                [-1.0, 0.0, -0.0, -0.0, 0.0, -0.0, -1.0, 0.398028, -0.0, -1.0, -0.0, -0.0, 0.0, 0.0, 0.0, 1.0]
            ]
        }
    ]
}