{
    "animation": [
        {
            "name": "Root",
            "time": [0.0, 0.1, 0.25, 0.3833, 0.6333, 0.8167, 0.9167, 1.0333, 1.25],
            "transform": [
                [0.066863, 0.053339, -0.996335, -5e-06, -0.986198, 0.155127, -0.057878, 0.259154, 0.151471, 0.986454, 0.062975, 0.564434, 0.0, 0.0, 0.0, 1.0],
                [-0.079774, 0.073684, -0.994086, -5e-06, -0.980935, 0.171484, 0.091429, 0.320595, 0.177207, 0.982427, 0.058599, 0.460895, 0.0, 0.0, 0.0, 1.0],
                [-0.170828, 0.089342, -0.981242, -5e-06, -0.969235, 0.163873, 0.183658, 0.320595, 0.177207, 0.982427, 0.058599, 0.460895, 0.0, 0.0, 0.0, 1.0],
                [0.37318, -0.089551, 0.923427, -5e-06, 0.927014, 0.075875, -0.367271, 2.005064, -0.037176, 0.993088, 0.11133, 0.577986, 0.0, 0.0, 0.0, 1.0],
                [0.338655, -0.093332, 0.93627, -5e-06, 0.940062, 0.075823, -0.332468, 2.981289, -0.039961, 0.992744, 0.113416, 0.555549, 0.0, 0.0, 0.0, 1.0],
                [0.338655, -0.093332, 0.93627, -5e-06, 0.940062, 0.075823, -0.332468, 2.981289, -0.039961, 0.992744, 0.113416, 0.555549, 0.0, 0.0, 0.0, 1.0],
                [0.338655, -0.093332, 0.93627, -5e-06, 0.928751, 0.192615, -0.316734, 2.981289, -0.150779, 0.976826, 0.151912, 0.653691, 0.0, 0.0, 0.0, 1.0],
                [0.711145, -0.038198, 0.702007, -5e-06, 0.697251, 0.166249, -0.697282, 3.131595, -0.090073, 0.985344, 0.144861, 0.717951, 0.0, 0.0, 0.0, 1.0],
                [0.854689, 0.0, -0.51914, -5e-06, -0.51914, 0.0, -0.854689, 3.127482, 0.0, 1.0, 0.0, 0.755725, 0.0, 0.0, 0.0, 1.0]
            ]
        },
        {
            "name": "Thigh_R",
            "time": [0.0, 0.1, 0.25, 0.3167, 0.3833, 0.6333, 0.8167, 0.9167, 1.0333, 1.1333, 1.25],
            "transform": [
                [0.947091, 0.155062, -0.281023, 0.124994, 0.293206, -0.77416, 0.560985, -0.002831, -0.13057, -0.6137, -0.778667, -1.2e-05, 0.0, 0.0, 0.0, 1.0],
                [0.884998, 0.141456, -0.443587, 0.124994, 0.450091, -0.503737, 0.737337, -0.002831, -0.119151, -0.852194, -0.509476, -1.2e-05, 0.0, 0.0, 0.0, 1.0],
                [0.89223, 0.105067, -0.439187, 0.124994, 0.435225, -0.459445, 0.774267, -0.002831, -0.120432, -0.881968, -0.45566, -1.2e-05, 0.0, 0.0, 0.0, 1.0],
                [0.99895, 0.016713, -0.042636, 0.124994, 0.043593, -0.63229, 0.773504, -0.002831, -0.014031, -0.774549, -0.632357, -1.2e-05, 0.0, 0.0, 0.0, 1.0],
                [0.346898, 0.844663, 0.40768, 0.124994, 0.080362, -0.45984, 0.884358, -0.002831, 0.934453, -0.274019, -0.227397, -1.2e-05, 0.0, 0.0, 0.0, 1.0],
                [0.341226, 0.880804, 0.328246, 0.124994, 0.111825, -0.384762, 0.916217, -0.002831, 0.933306, -0.27593, -0.229787, -1.2e-05, 0.0, 0.0, 0.0, 1.0],
                [0.341226, 0.880804, 0.328246, 0.124994, 0.111825, -0.384762, 0.916217, -0.002831, 0.933306, -0.27593, -0.229787, -1.2e-05, 0.0, 0.0, 0.0, 1.0],
                [0.452021, 0.79309, 0.408269, 0.124994, 0.193689, -0.534042, 0.822972, -0.002831, 0.870724, -0.292923, -0.395012, -1.2e-05, 0.0, 0.0, 0.0, 1.0],
                [0.795362, 0.460597, 0.394016, 0.124994, 0.114412, -0.752443, 0.648642, -0.002831, 0.595238, -0.470824, -0.651165, -1.2e-05, 0.0, 0.0, 0.0, 1.0],
                [0.970115, 0.159156, 0.183154, 0.124994, 0.088697, -0.935188, 0.34286, -0.002831, 0.225852, -0.316367, -0.921359, -1.2e-05, 0.0, 0.0, 0.0, 1.0],
                [0.998548, 0.029114, -0.045321, 0.124994, 0.034844, -0.990732, 0.131271, -0.002831, -0.041079, -0.132659, -0.99031, -1.2e-05, 0.0, 0.0, 0.0, 1.0]
            ]
        },
        {
            "name": "Leg_R",
            "time": [0.0, 0.1, 0.25, 0.3167, 0.3833, 0.6333, 0.8167, 0.9167, 1.0333, 1.1333, 1.25],
            "transform": [
                [1.0, -1e-06, 1e-06, -0.0, 0.0, 0.654932, 0.755688, 0.37472, -1e-06, -0.755689, 0.654931, -0.0, 0.0, 0.0, 0.0, 1.0],
                [1.0, -1e-06, 0.0, -0.0, -0.0, 0.249841, 0.968286, 0.37472, -1e-06, -0.968288, 0.24984, -0.0, 0.0, 0.0, 0.0, 1.0],
                [1.0, -1e-06, 0.0, 0.0, 0.0, 0.266604, 0.963805, 0.37472, -1e-06, -0.963807, 0.266604, 0.0, 0.0, 0.0, 0.0, 1.0],
                [1.0, -1e-06, 1e-06, 0.0, -1e-06, -0.054227, 0.998528, 0.37472, -1e-06, -0.998529, -0.054227, 0.0, 0.0, 0.0, 0.0, 1.0],
                [1.0, -0.0, 0.0, 0.0, -0.0, 0.359209, 0.933256, 0.37472, -0.0, -0.933258, 0.359209, -0.0, 0.0, 0.0, 0.0, 1.0],
                [1.0, -0.0, 1e-06, -0.0, -0.0, 0.404819, 0.914397, 0.37472, -0.0, -0.914398, 0.404818, 0.0, 0.0, 0.0, 0.0, 1.0],
                [1.0, -0.0, 1e-06, -0.0, -0.0, 0.404819, 0.914397, 0.37472, -0.0, -0.914398, 0.404818, 0.0, 0.0, 0.0, 0.0, 1.0],
                [1.0, -0.0, 1e-06, -0.0, -0.0, 0.75485, 0.655897, 0.37472, -1e-06, -0.655898, 0.754849, -0.0, 0.0, 0.0, 0.0, 1.0],
                [1.0, -0.0, 1e-06, 0.0, -0.0, 0.842935, 0.538015, 0.37472, -1e-06, -0.538016, 0.842934, 0.0, 0.0, 0.0, 0.0, 1.0],
                [1.0, -1e-06, 1e-06, 0.0, -0.0, 0.386414, 0.922325, 0.37472, -1e-06, -0.922326, 0.386413, -0.0, 0.0, 0.0, 0.0, 1.0],
                [1.0, -0.0, 1e-06, 0.0, 0.0, 0.958845, 0.283933, 0.37472, -1e-06, -0.283934, 0.958843, -0.0, 0.0, 0.0, 0.0, 1.0]
            ]
        },
        {
            "name": "Knee_R",
            "time": [0.0, 0.1, 0.25, 0.3167, 0.3833, 0.6333, 0.8167, 0.9167, 1.0333, 1.1333, 1.25],
            "transform": [
                [1.0, 0.0, -0.0, 0.0, -0.0, 1e-06, -1.0, 0.4156, -0.0, 1.0, 1e-06, -0.0, 0.0, 0.0, 0.0, 1.0],
                [1.0, 0.0, -0.0, 0.0, -0.0, 1e-06, -1.0, 0.457046, -0.0, 1.0, 1e-06, -0.0, 0.0, 0.0, 0.0, 1.0],
                [1.0, 0.0, -0.0, -0.0, -0.0, 1e-06, -1.0, 0.455488, -0.0, 1.0, 1e-06, -0.0, 0.0, 0.0, 0.0, 1.0],
                [1.0, 0.0, -0.0, 0.0, -0.0, 1e-06, -1.0, 0.47972, -0.0, 1.0, 0.0, 0.0, 0.0, 0.0, 0.0, 1.0],
                [1.0, 0.0, -0.0, 0.0, -0.0, 1e-06, -1.0, 0.446729, -0.0, 1.0, 1e-06, -0.0, 0.0, 0.0, 0.0, 1.0],
                [1.0, 0.0, -0.0, -0.0, -0.0, 1e-06, -1.0, 0.442297, -0.0, 1.0, 1e-06, 0.0, 0.0, 0.0, 0.0, 1.0],
                [1.0, 0.0, -0.0, -0.0, -0.0, 1e-06, -1.0, 0.442297, -0.0, 1.0, 1e-06, 0.0, 0.0, 0.0, 0.0, 1.0],
                [1.0, 0.0, -0.0, -0.0, -0.0, 1e-06, -1.0, 0.40291, -0.0, 1.0, 0.0, -0.0, 0.0, 0.0, 0.0, 1.0],
                [1.0, 0.0, -0.0, 0.0, -0.0, 1e-06, -1.0, 0.389684, -0.0, 1.0, 1e-06, 0.0, 0.0, 0.0, 0.0, 1.0],
                [1.0, 0.0, -0.0, 0.0, -0.0, 1e-06, -1.0, 0.444096, -0.0, 1.0, 1e-06, 0.0, 0.0, 0.0, 0.0, 1.0],
                [1.0, 0.0, -0.0, 0.0, -0.0, 1e-06, -1.0, 0.37472, -0.0, 1.0, 1e-06, -0.0, 0.0, 0.0, 0.0, 1.0]
            ]
        },
        {
            "name": "Thigh_L",
            "time": [0.0, 0.1, 0.25, 0.3167, 0.3833, 0.6333, 0.8167, 0.9167, 1.0333, 1.1333, 1.25],
            "transform": [
                [0.291385, -0.885805, -0.361169, -0.125006, -0.137424, -0.412398, 0.900579, -0.002831, -0.946683, -0.212781, -0.241898, -1.2e-05, 0.0, 0.0, 0.0, 1.0],
                [0.00773, -0.999717, 0.022473, -0.125006, 0.039532, 0.022761, 0.998959, -0.002831, -0.999188, -0.006834, 0.039696, -1.2e-05, 0.0, 0.0, 0.0, 1.0],
                [0.023629, -0.999609, 0.01487, -0.125006, -0.077965, 0.012986, 0.996871, -0.002831, -0.996675, -0.024715, -0.077628, -1.2e-05, 0.0, 0.0, 0.0, 1.0],
                [0.9971, 0.023509, -0.072368, -0.125006, 0.073612, -0.538837, 0.839187, -0.002831, -0.019266, -0.84208, -0.539007, -1.2e-05, 0.0, 0.0, 0.0, 1.0],
                [0.802495, -0.473873, 0.362553, -0.125006, -0.564407, -0.799969, 0.203696, -0.002831, 0.193506, -0.368092, -0.90943, -1.2e-05, 0.0, 0.0, 0.0, 1.0],
                [0.794772, -0.432756, 0.425509, -0.125006, -0.574281, -0.763027, 0.29663, -0.002831, 0.196307, -0.480115, -0.854958, -1.2e-05, 0.0, 0.0, 0.0, 1.0],
                [0.794772, -0.432756, 0.425509, -0.125006, -0.574281, -0.763027, 0.29663, -0.002831, 0.196307, -0.480115, -0.854958, -1.2e-05, 0.0, 0.0, 0.0, 1.0],
                [0.819602, 0.10662, 0.562924, -0.125005, -0.535707, -0.205766, 0.818949, -0.00283, 0.203147, -0.972775, -0.11153, -1.2e-05, 0.0, 0.0, 0.0, 1.0],
                [0.982876, 0.170009, 0.071065, -0.125005, 0.106713, -0.839588, 0.532637, -0.00283, 0.150219, -0.515932, -0.843355, -1.2e-05, 0.0, 0.0, 0.0, 1.0],
                [0.963201, -0.023344, -0.267765, -0.125006, 0.07259, -0.936608, 0.342774, -0.002831, -0.258792, -0.349597, -0.900449, -1.2e-05, 0.0, 0.0, 0.0, 1.0],
                [0.866464, -0.125403, -0.483232, -0.125006, -0.026945, -0.978273, 0.205556, -0.002831, -0.49851, -0.165086, -0.851019, -1.2e-05, 0.0, 0.0, 0.0, 1.0]
            ]
        },
        {
            "name": "Leg_L",
            "time": [0.0, 0.1, 0.25, 0.3167, 0.3833, 0.6333, 0.8167, 0.9167, 1.0333, 1.1333, 1.25],
            "transform": [
                [1.0, -1e-06, 0.0, 0.0, 0.0, 0.452861, 0.891582, 0.37472, -1e-06, -0.891581, 0.452862, 0.0, 0.0, 0.0, 0.0, 1.0],
                [1.0, -1e-06, 0.0, 0.0, -0.0, -0.078885, 0.996885, 0.37472, -1e-06, -0.996884, -0.078885, 0.0, 0.0, 0.0, 0.0, 1.0],
                [1.0, -1e-06, 0.0, -0.0, -0.0, -0.077003, 0.997032, 0.37472, -1e-06, -0.997031, -0.077003, -0.0, 0.0, 0.0, 0.0, 1.0],
                [1.0, -1e-06, 1e-06, -0.0, -1e-06, -0.052559, 0.998619, 0.37472, -1e-06, -0.998618, -0.052559, 0.0, 0.0, 0.0, 0.0, 1.0],
                [1.0, -0.0, 1e-06, -0.0, -0.0, 0.781734, 0.623613, 0.37472, -1e-06, -0.623612, 0.781735, 0.0, 0.0, 0.0, 0.0, 1.0],
                [1.0, -0.0, 1e-06, 0.0, -0.0, 0.65696, 0.753926, 0.37472, -1e-06, -0.753925, 0.656961, 0.0, 0.0, 0.0, 0.0, 1.0],
                [1.0, -0.0, 1e-06, 0.0, -0.0, 0.65696, 0.753926, 0.37472, -1e-06, -0.753925, 0.656961, 0.0, 0.0, 0.0, 0.0, 1.0],
                [1.0, -1e-06, 1e-06, -0.0, -1e-06, -0.053971, 0.998544, 0.37472, -1e-06, -0.998542, -0.053971, -0.0, 0.0, 0.0, 0.0, 1.0],
                [1.0, -1e-06, 1e-06, -0.0, 0.0, 0.85523, 0.518248, 0.37472, -1e-06, -0.518248, 0.855232, 0.0, 0.0, 0.0, 0.0, 1.0],
                [1.0, -0.0, 1e-06, -0.0, 0.0, 0.96709, 0.254436, 0.37472, -1e-06, -0.254435, 0.967091, -0.0, 0.0, 0.0, 0.0, 1.0],
                [1.0, -0.0, 1e-06, 0.0, 0.0, 0.978248, 0.207439, 0.37472, -1e-06, -0.207438, 0.978249, -0.0, 0.0, 0.0, 0.0, 1.0]
            ]
        },
        {
            "name": "Knee_L",
            "time": [0.0, 0.1, 0.25, 0.3167, 0.3833, 0.6333, 0.8167, 0.9167, 1.0333, 1.1333, 1.25],
            "transform": [
                [1.0, 0.0, -0.0, 0.0, -0.0, 1e-06, -1.0, 0.43752, -0.0, 1.0, 1e-06, 0.0, 0.0, 0.0, 0.0, 1.0],
                [1.0, 0.0, -0.0, 0.0, -0.0, 1e-06, -1.0, 0.47972, -0.0, 1.0, 1e-06, -0.0, 0.0, 0.0, 0.0, 1.0],
                [1.0, 0.0, -0.0, -0.0, -0.0, 1e-06, -1.0, 0.47972, -0.0, 1.0, 1e-06, -0.0, 0.0, 0.0, 0.0, 1.0],
                [1.0, 0.0, -0.0, -0.0, -0.0, 1e-06, -1.0, 0.47972, -0.0, 1.0, 0.0, -0.0, 0.0, 0.0, 0.0, 1.0],
                [1.0, 0.0, -0.0, -0.0, -0.0, 1e-06, -1.0, 0.399137, -0.0, 1.0, 1e-06, -0.0, 0.0, 0.0, 0.0, 1.0],
                [1.0, 0.0, -0.0, 0.0, -0.0, 1e-06, -1.0, 0.415359, -0.0, 1.0, 1e-06, 0.0, 0.0, 0.0, 0.0, 1.0],
                [1.0, 0.0, -0.0, 0.0, -0.0, 1e-06, -1.0, 0.415359, -0.0, 1.0, 1e-06, 0.0, 0.0, 0.0, 0.0, 1.0],
                [1.0, 0.0, -0.0, -0.0, -0.0, 1e-06, -1.0, 0.47972, -0.0, 1.0, 1e-06, -0.0, 0.0, 0.0, 0.0, 1.0],
                [1.0, 0.0, -0.0, -0.0, -0.0, 1e-06, -1.0, 0.387594, -0.0, 1.0, 1e-06, 0.0, 0.0, 0.0, 0.0, 1.0],
                [1.0, 0.0, -0.0, -0.0, -0.0, 1e-06, -1.0, 0.37472, -0.0, 1.0, 1e-06, -0.0, 0.0, 0.0, 0.0, 1.0],
                [1.0, 0.0, -0.0, 0.0, -0.0, 1e-06, -1.0, 0.37472, -0.0, 1.0, 1e-06, -0.0, 0.0, 0.0, 0.0, 1.0]
            ]
        },
        {
            "name": "Torso",
            "time": [0.0, 0.1, 0.3833, 0.8167, 1.25],
            "transform": [
                [0.999717, 0.010022, 0.021552, -0.0, -0.012461, 0.993144, 0.116231, 0.05, -0.020239, -0.116467, 0.992988, -0.0, 0.0, 0.0, 0.0, 1.0],
                [0.99957, 0.014788, 0.025317, 0.0, -0.017999, 0.991126, 0.131704, 0.05, -0.023145, -0.132103, 0.990966, 0.0, 0.0, 0.0, 0.0, 1.0],
                [1.0, -0.0, 0.0, -0.0, 0.0, 1.0, 0.0, 0.05, -0.0, 0.0, 1.0, -0.0, 0.0, 0.0, 0.0, 1.0],
                [1.0, 0.0, -0.0, 0.0, -0.0, 1.0, -0.0, 0.05, -0.0, 0.0, 1.0, -0.0, 0.0, 0.0, 0.0, 1.0],
                [0.99978, -0.020971, -0.000197, -0.0, 0.020971, 0.999603, 0.018833, 0.05, -0.000198, -0.018833, 0.999823, 0.0, 0.0, 0.0, 0.0, 1.0]
            ]
        },
        {
            "name": "Chest",
            "time": [0.0, 0.1, 0.3833, 0.8167, 0.9167, 1.25],
            "transform": [
                [0.995011, 0.060564, 0.079274, 0.0, -0.081617, 0.951144, 0.297764, 0.3, -0.057367, -0.302749, 0.951342, 0.0, 0.0, 0.0, 0.0, 1.0],
                [0.993015, 0.071366, 0.093959, 0.0, -0.099363, 0.935247, 0.339765, 0.3, -0.063627, -0.346728, 0.935805, -0.0, 0.0, 0.0, 0.0, 1.0],
                [1.0, -0.0, 0.0, -0.0, 0.0, 1.0, 0.0, 0.3, -0.0, -0.0, 1.0, 0.0, 0.0, 0.0, 0.0, 1.0],
                [1.0, -0.0, 0.0, -0.0, -0.0, 1.0, -0.0, 0.3, -0.0, 0.0, 1.0, -0.0, 0.0, 0.0, 0.0, 1.0],
                [0.981426, 0.190117, 0.02567, 0.0, -0.191444, 0.979202, 0.067173, 0.3, -0.012366, -0.07084, 0.997411, -0.0, 0.0, 0.0, 0.0, 1.0],
                [0.999771, -0.021411, -0.000206, 0.0, 0.021411, 0.999586, 0.019228, 0.3, -0.000206, -0.019228, 0.999815, 0.0, 0.0, 0.0, 0.0, 1.0]
            ]
        },
        {
            "name": "Head",
            "time": [0.0, 0.1, 0.25, 0.3833, 0.8167, 0.9167, 1.25],
            "transform": [
                [0.59127, -0.134776, 0.795133, 0.0, 0.31003, 0.948159, -0.069828, 0.4, -0.744501, 0.287802, 0.602402, -0.0, 0.0, 0.0, 0.0, 1.0],
                [0.538396, -0.033735, 0.842016, 0.0, 0.389319, 0.89613, -0.213033, 0.4, -0.747369, 0.442509, 0.495606, -0.0, 0.0, 0.0, 0.0, 1.0],
                [0.422208, -0.054143, 0.904881, 0.0, 0.206316, 0.977757, -0.037762, 0.4, -0.882709, 0.202635, 0.423987, 0.0, 0.0, 0.0, 0.0, 1.0],
                [0.521545, -0.009935, -0.853166, -0.0, -0.057708, 0.997232, -0.04689, 0.4, 0.85127, 0.07369, 0.519528, 0.0, 0.0, 0.0, 0.0, 1.0],
                [0.521545, -0.009935, -0.853166, -0.0, -0.057708, 0.997232, -0.04689, 0.4, 0.85127, 0.07369, 0.519528, -0.0, 0.0, 0.0, 0.0, 1.0],
                [0.335791, -0.168103, -0.926815, 0.0, -0.113061, 0.969639, -0.216833, 0.4, 0.935127, 0.177597, 0.30659, 0.0, 0.0, 0.0, 0.0, 1.0],
                [0.85311, 0.037721, 0.520365, -0.0, -0.006297, 0.998055, -0.062025, 0.4, -0.521693, 0.049637, 0.851688, -0.0, 0.0, 0.0, 0.0, 1.0]
            ]
        },
        {
            "name": "Shoulder_R",
            "time": [0.0, 0.0667, 0.25, 0.3833, 0.6333, 0.8167, 1.25],
            "transform": [
                [0.08114, 0.996682, 0.006378, 0.0, 0.14702, -0.018298, 0.988964, 0.4, 0.9858, -0.079306, -0.148017, -0.0, 0.0, 0.0, 0.0, 1.0],
                [-0.118396, 0.980706, 0.155556, 0.0, 0.160957, -0.135631, 0.977597, 0.4, 0.979834, 0.140781, -0.141794, 0.0, 0.0, 0.0, 0.0, 1.0],
                [-0.118396, 0.980706, 0.155556, 0.0, 0.160957, -0.135631, 0.977598, 0.4, 0.979834, 0.140781, -0.141794, 0.0, 0.0, 0.0, 0.0, 1.0],
                [0.039326, 0.991127, 0.126967, -0.0, 0.172458, -0.13189, 0.976147, 0.4, 0.984232, -0.016492, -0.176114, 0.0, 0.0, 0.0, 0.0, 1.0],
                [0.013266, 0.990801, 0.134672, -0.0, 0.171306, -0.134944, 0.975932, 0.4, 0.985128, 0.010124, -0.17152, -0.0, 0.0, 0.0, 0.0, 1.0],
                [0.013266, 0.990801, 0.134672, -0.0, 0.171306, -0.134944, 0.975932, 0.4, 0.985128, 0.010124, -0.17152, -0.0, 0.0, 0.0, 0.0, 1.0],
                [0.089555, 0.949274, 0.301428, -0.0, -0.003656, -0.302328, 0.953197, 0.4, 0.995975, -0.086466, -0.023605, -0.0, 0.0, 0.0, 0.0, 1.0]
            ]
        },
        {
            "name": "Arm_R",
            "time": [0.0, 0.0667, 0.3833, 0.8167, 0.9167, 1.25],
            "transform": [
                [0.374152, 0.131012, -0.918066, 0.0, 0.015722, 0.988932, 0.147533, 0.393861, 0.927234, -0.069634, 0.367951, -0.0, 0.0, 0.0, 0.0, 1.0],
                [0.374152, 0.131012, -0.918066, 0.0, 0.015723, 0.988932, 0.147533, 0.39386, 0.927234, -0.069634, 0.367951, -0.0, 0.0, 0.0, 0.0, 1.0],
                [0.190327, -0.167673, -0.967296, 0.0, -0.214278, 0.954455, -0.207609, 0.393861, 0.95805, 0.246784, 0.14573, 0.0, 0.0, 0.0, 0.0, 1.0],
                [0.190327, -0.167673, -0.967296, 0.0, -0.214278, 0.954455, -0.207609, 0.39386, 0.95805, 0.246784, 0.14573, 0.0, 0.0, 0.0, 0.0, 1.0],
                [0.019108, -0.218857, -0.97557, 0.0, 0.298507, 0.932493, -0.203346, 0.393861, 0.954216, -0.287329, 0.083148, -0.0, 0.0, 0.0, 0.0, 1.0],
                [0.021071, 0.013447, -0.999687, 0.0, 0.946416, 0.322036, 0.02428, 0.393861, 0.322262, -0.946632, -0.005941, -0.0, 0.0, 0.0, 0.0, 1.0]
            ]
        },
        {
            "name": "Hand_R",
            "time": [0.0, 0.0667, 0.15, 0.25, 0.3833, 0.8167, 1.25],
            "transform": [
                [1.0, 0.0, 0.0, 0.0, -0.0, 0.64597, -0.763363, 0.3, -0.0, 0.763363, 0.64597, -0.0, 0.0, 0.0, 0.0, 1.0],
                [1.0, 0.0, 0.0, -0.0, -0.0, 0.497807, -0.867288, 0.3, -0.0, 0.867288, 0.497807, -0.0, 0.0, 0.0, 0.0, 1.0],
                [1.0, 0.0, -0.0, -0.0, -0.0, 0.231734, -0.972779, 0.3, -0.0, 0.972779, 0.231734, 0.0, 0.0, 0.0, 0.0, 1.0],
                [1.0, 0.0, 0.0, 0.0, -0.0, 0.231734, -0.972779, 0.3, -0.0, 0.972779, 0.231734, 0.0, 0.0, 0.0, 0.0, 1.0],
                [1.0, 0.0, 0.0, -0.0, -0.0, 0.999918, -0.012854, 0.3, -0.0, 0.012854, 0.999918, 0.0, 0.0, 0.0, 0.0, 1.0],
                [1.0, 0.0, 0.0, -0.0, -0.0, 0.999917, -0.012854, 0.3, -0.0, 0.012854, 0.999917, 0.0, 0.0, 0.0, 0.0, 1.0],
                [1.0, 0.0, 0.0, 0.0, -0.0, 0.999904, -0.01388, 0.3, -0.0, 0.01388, 0.999904, 0.0, 0.0, 0.0, 0.0, 1.0]
            ]
        },
        {
            "name": "Tool_R",
            "time": [0.0, 0.25, 0.3833, 0.8167, 0.9167, 1.0333, 1.25],
            "transform": [
                [1.0, 0.0, 0.0, 0.0, 0.0, -0.999836, 0.018122, 0.272858, 0.0, -0.018122, -0.999244, 0.0, 0.0, 0.0, 0.0, 1.0],
                [1.0, 0.0, 0.0, -0.0, 0.0, -0.999836, 0.018122, 0.272858, 0.0, -0.018122, -0.999244, -0.0, 0.0, 0.0, 0.0, 1.0],
                [-0.012983, 0.995177, 0.097239, -0.00211, 0.221286, 0.097696, -0.970303, 0.452897, -0.974543, 0.008916, -0.221366, 0.016872, 0.0, 0.0, 0.0, 1.0],
                [-0.012983, 0.995177, 0.097239, -0.00211, 0.221286, 0.097696, -0.970303, 0.452897, -0.974543, 0.008916, -0.221367, 0.016872, 0.0, 0.0, 0.0, 1.0],
                [0.241427, 0.748473, -0.617658, 0.004674, 0.185359, -0.660335, -0.727737, 0.260613, -0.951986, 0.061163, -0.297991, -0.009938, 0.0, 0.0, 0.0, 1.0],
                [0.650504, 0.44258, -0.617226, -0.0, 0.31531, -0.896698, -0.310664, 0.272858, -0.690547, 0.007457, -0.722431, -0.0, 0.0, 0.0, 0.0, 1.0],
                [1.0, 0.0, 0.0, 0.0, 0.0, -0.999836, 0.018122, 0.272858, 0.0, -0.018122, -0.999244, -0.0, 0.0, 0.0, 0.0, 1.0]
            ]
        },
        {
            "name": "Elbow_R",
            "time": [0.0, 0.0667, 0.15, 0.25, 0.3833, 0.8167, 1.25],
            "transform": [
                [-1.0, 0.0, -0.0, -0.0, 0.0, -0.0, -1.0, 0.391712, -0.0, -1.0, 0.0, 0.0, 0.0, 0.0, 0.0, 1.0],
                [-1.0, 0.0, -0.0, 0.0, 0.0, 0.0, -1.0, 0.408695, -0.0, -1.0, 0.0, -0.0, 0.0, 0.0, 0.0, 1.0],
                [-1.0, 0.0, -0.0, -0.0, 0.0, -0.0, -1.0, 0.435609, -0.0, -1.0, 0.0, 0.0, 0.0, 0.0, 0.0, 1.0],
                [-1.0, 0.0, -0.0, 0.0, 0.0, -0.0, -1.0, 0.435609, -0.0, -1.0, 0.0, 0.0, 0.0, 0.0, 0.0, 1.0],
                [-1.0, 0.0, -0.0, -0.0, 0.0, 0.0, -1.0, 0.311529, -0.0, -1.0, 0.0, -0.0, 0.0, 0.0, 0.0, 1.0],
                [-1.0, 0.0, -0.0, -0.0, 0.0, -0.0, -1.0, 0.311529, -0.0, -1.0, 0.0, 0.0, 0.0, 0.0, 0.0, 1.0],
                [-1.0, 0.0, -0.0, 0.0, 0.0, -0.0, -1.0, 0.311625, -0.0, -1.0, 0.0, 0.0, 0.0, 0.0, 0.0, 1.0]
            ]
        },
        {
            "name": "Shoulder_L",
            "time": [0.0, 0.1, 0.2, 0.25, 0.3833, 0.8167, 1.25],
            "transform": [
                [-0.043531, -0.938515, -0.342482, 0.0, -0.014394, -0.342182, 0.939524, 0.4, -0.998948, 0.045828, 0.001387, -0.0, 0.0, 0.0, 0.0, 1.0],
                [-0.064701, -0.935013, -0.34866, 0.0, -0.016591, -0.348336, 0.937223, 0.4, -0.997767, 0.066424, 0.007024, -0.0, 0.0, 0.0, 0.0, 1.0],
                [-0.064701, -0.935013, -0.34866, 0.0, -0.016591, -0.348336, 0.937223, 0.4, -0.997767, 0.066424, 0.007024, -0.0, 0.0, 0.0, 0.0, 1.0],
                [0.075196, -0.946731, -0.313122, 0.0, -0.036645, -0.316422, 0.94791, 0.4, -0.996495, -0.059804, -0.058486, 0.0, 0.0, 0.0, 0.0, 1.0],
                [-0.064701, -0.935013, -0.34866, -0.0, -0.016591, -0.348336, 0.937223, 0.4, -0.997767, 0.066424, 0.007024, 0.0, 0.0, 0.0, 0.0, 1.0],
                [-0.064701, -0.935013, -0.34866, -0.0, -0.016591, -0.348336, 0.937223, 0.4, -0.997767, 0.066424, 0.007025, -0.0, 0.0, 0.0, 0.0, 1.0],
                [0.088499, -0.949454, -0.301172, -0.0, -0.003902, -0.302687, 0.953082, 0.4, -0.996068, -0.083172, -0.030493, -0.0, 0.0, 0.0, 0.0, 1.0]
            ]
        },
        {
            "name": "Arm_L",
            "time": [0.0, 0.1, 0.2, 0.25, 0.3833, 0.8167, 1.05, 1.25],
            "transform": [
                [0.245828, 0.33912, 0.908056, -0.0, -0.458039, 0.866254, -0.199508, 0.39386, -0.854265, -0.36688, 0.36828, 0.0, 0.0, 0.0, 0.0, 1.0],
                [0.279438, 0.378453, 0.882433, 0.0, -0.360629, 0.893125, -0.268839, 0.39386, -0.889866, -0.243107, 0.386054, -0.0, 0.0, 0.0, 0.0, 1.0],
                [0.279438, 0.378453, 0.882433, 0.0, -0.360629, 0.893125, -0.268839, 0.39386, -0.889866, -0.243107, 0.386054, 0.0, 0.0, 0.0, 0.0, 1.0],
                [0.150012, 0.658476, 0.737499, 0.0, -0.174249, 0.751872, -0.635866, 0.39386, -0.973208, -0.033121, 0.227529, -0.0, 0.0, 0.0, 0.0, 1.0],
                [0.387951, -0.588569, 0.709282, -0.0, 0.043704, 0.780435, 0.623708, 0.39386, -0.920643, -0.21097, 0.328494, 0.0, 0.0, 0.0, 0.0, 1.0],
                [0.387951, -0.588569, 0.709282, -0.0, 0.043704, 0.780435, 0.623708, 0.39386, -0.920643, -0.210969, 0.328494, 0.0, 0.0, 0.0, 0.0, 1.0],
                [0.159467, 0.003163, 0.987198, -0.0, -0.915361, 0.374973, 0.146661, 0.39386, -0.369709, -0.92703, 0.062691, -0.0, 0.0, 0.0, 0.0, 1.0],
                [0.159467, 0.003163, 0.987198, -0.0, -0.915361, 0.374973, 0.146661, 0.393861, -0.369709, -0.92703, 0.062691, -0.0, 0.0, 0.0, 0.0, 1.0]
            ]
        },
        {
            "name": "Hand_L",
            "time": [0.0, 0.1, 0.3833, 0.8167, 1.05, 1.25],
            "transform": [
                [1.0, 0.0, -0.0, 0.0, -0.0, 0.625526, -0.780204, 0.3, -0.0, 0.780204, 0.625526, -0.0, 0.0, 0.0, 0.0, 1.0],
                [1.0, 0.0, 0.0, 0.0, 0.0, 0.528986, -0.848631, 0.3, -0.0, 0.848631, 0.528986, 0.0, 0.0, 0.0, 0.0, 1.0],
                [1.0, 0.0, 0.0, -0.0, -0.0, 0.528986, -0.848631, 0.3, -0.0, 0.848631, 0.528986, 0.0, 0.0, 0.0, 0.0, 1.0],
                [1.0, 0.0, -0.0, 0.0, -0.0, 0.528986, -0.848631, 0.300001, -0.0, 0.848631, 0.528986, 0.0, 0.0, 0.0, 0.0, 1.0],
                [1.0, 0.0, 0.0, -0.0, -0.0, 0.999915, 0.013084, 0.3, -0.0, -0.013084, 0.999914, -0.0, 0.0, 0.0, 0.0, 1.0],
                [1.0, 0.0, 0.0, -0.0, -0.0, 0.999915, 0.013084, 0.3, -0.0, -0.013084, 0.999915, 0.0, 0.0, 0.0, 0.0, 1.0]
            ]
        },
        {
            "name": "Tool_L",
            "time": [0.0, 1.25],
            "transform": [
                [1.0, 0.0, 0.0, -0.0, 0.0, -0.999836, 0.018122, 0.272858, 0.0, -0.018122, -0.999247, 0.0, 0.0, 0.0, 0.0, 1.0],
                [1.0, 0.0, 0.0, -0.0, 0.0, -0.999836, 0.018122, 0.272858, 0.0, -0.018122, -0.999247, -0.0, 0.0, 0.0, 0.0, 1.0]
            ]
        },
        {
            "name": "Elbow_L",
            "time": [0.0, 0.1, 0.3833, 0.8167, 1.05, 1.25],
            "transform": [
                [-1.0, 0.0, -0.0, 0.0, 0.0, -0.0, -1.0, 0.394194, -0.0, -1.0, -0.0, 0.0, 0.0, 0.0, 0.0, 1.0],
                [-1.0, 0.0, -0.0, 0.0, 0.0, -0.0, -1.0, 0.40529, -0.0, -1.0, -0.0, 0.0, 0.0, 0.0, 0.0, 1.0],
                [-1.0, 0.0, 0.0, -0.0, 0.0, 0.0, -1.0, 0.40529, -0.0, -1.0, -0.0, -0.0, 0.0, 0.0, 0.0, 1.0],
                [-1.0, 0.0, 0.0, 0.0, 0.0, -0.0, -1.0, 0.40529, -0.0, -1.0, 0.0, 0.0, 0.0, 0.0, 0.0, 1.0],
                [-1.0, 0.0, -0.0, -0.0, -0.0, -0.0, -1.0, 0.309098, -0.0, -1.0, -0.0, -0.0, 0.0, 0.0, 0.0, 1.0],
                [-1.0, 0.0, -0.0, -0.0, 0.0, -0.0, -1.0, 0.309098, -0.0, -1.0, 0.0, 0.0, 0.0, 0.0, 0.0, 1.0]
            ]
        }
    ]
}