{
    "animation": [
        {
            "name": "Root",
            "time": [0.0, 0.15, 0.2667, 0.3667, 0.5, 0.75, 0.9, 0.9833, 1.0667],
            "transform": [
                [0.536058, 0.0, -0.844181, -5e-06, -0.844181, 0.0, -0.536058, 0.000946, 0.0, 1.0, 0.0, 0.713565, 0.0, 0.0, 0.0, 1.0],
                [0.418812, -0.064821, -0.905756, -5e-06, -0.886533, 0.186775, -0.42329, 0.193207, 0.196611, 0.980262, 0.020758, 0.581009, 0.0, 0.0, 0.0, 1.0],
                [0.59643, 0.048355, 0.801207, -5e-06, 0.707057, 0.440817, -0.552948, 0.820012, -0.379923, 0.896294, 0.228727, 0.669126, 0.0, 0.0, 0.0, 1.0],
                [-0.027279, 0.082651, 0.996205, -5e-06, 0.977047, 0.212829, 0.009097, 1.202374, -0.21127, 0.973588, -0.086559, 0.541288, 0.0, 0.0, 0.0, 1.0],
                [-0.09799, 0.070459, 0.99269, -5e-06, 0.972524, 0.218444, 0.080494, 1.202374, -0.211176, 0.973302, -0.089929, 0.541288, 0.0, 0.0, 0.0, 1.0],
                [-0.09799, 0.070459, 0.99269, -5e-06, 0.972524, 0.218444, 0.080494, 1.202374, -0.211176, 0.973302, -0.089929, 0.541288, 0.0, 0.0, 0.0, 1.0],
                [0.629646, -0.085667, 0.772145, -5e-06, 0.776742, 0.050509, -0.627791, 0.998744, 0.01478, 0.995043, 0.098344, 0.639262, 0.0, 0.0, 0.0, 1.0],
                [0.993214, -0.016546, -0.115118, -5e-06, -0.114631, 0.027853, -0.993018, 1.097322, 0.019637, 0.999475, 0.025767, 0.715783, 0.0, 0.0, 0.0, 1.0],
                [0.854689, 0.0, -0.51914, -5e-06, -0.51914, 0.0, -0.854689, 1.403589, 0.0, 1.0, 0.0, 0.713565, 0.0, 0.0, 0.0, 1.0]
            ]
        },
        {
            "name": "Thigh_R",
            "time": [0.0, 0.15, 0.2667, 0.3667, 0.5, 0.75, 0.8333, 0.9, 0.9833, 1.0667],
            "transform": [
                [0.95585, 0.292479, -0.028377, 0.124994, 0.28614, -0.948388, -0.136674, -0.002831, -0.066887, 0.12252, -0.99021, -1.2e-05, 0.0, 0.0, 0.0, 1.0],
                [0.918173, 0.362932, -0.158865, 0.124994, 0.381459, -0.918158, 0.107103, -0.002831, -0.106993, -0.158939, -0.981474, -1.2e-05, 0.0, 0.0, 0.0, 1.0],
                [0.846191, 0.452203, 0.281908, 0.124994, -0.122453, -0.349858, 0.928765, -0.002831, 0.518619, -0.820431, -0.240674, -1.2e-05, 0.0, 0.0, 0.0, 1.0],
                [0.38952, 0.916263, 0.093451, 0.124994, 0.188133, -0.17848, 0.96579, -0.002831, 0.901598, -0.358612, -0.241902, -1.2e-05, 0.0, 0.0, 0.0, 1.0],
                [0.361045, 0.928935, 0.081989, 0.124994, 0.239064, -0.177177, 0.954703, -0.002831, 0.901385, -0.325089, -0.286045, -1.2e-05, 0.0, 0.0, 0.0, 1.0],
                [0.368256, 0.926399, 0.078546, 0.124994, 0.246827, -0.178867, 0.952409, -0.002831, 0.896361, -0.331342, -0.29453, -1.2e-05, 0.0, 0.0, 0.0, 1.0],
                [0.625539, 0.747926, 0.222046, 0.124994, 0.02515, -0.303786, 0.952408, -0.002831, 0.779787, -0.590183, -0.208841, -1.2e-05, 0.0, 0.0, 0.0, 1.0],
                [0.80135, 0.391185, 0.45256, 0.124994, 0.048662, -0.796663, 0.60246, -0.002831, 0.596212, -0.460758, -0.657444, -1.2e-05, 0.0, 0.0, 0.0, 1.0],
                [0.974569, 0.091008, 0.204773, 0.124994, -0.005733, -0.903387, 0.428783, -0.002831, 0.224012, -0.419051, -0.879894, -1.2e-05, 0.0, 0.0, 0.0, 1.0],
                [0.973176, 0.230033, -0.003596, 0.124994, 0.229791, -0.972667, -0.033319, -0.002831, -0.011162, 0.031599, -0.999439, -1.2e-05, 0.0, 0.0, 0.0, 1.0]
            ]
        },
        {
            "name": "Leg_R",
            "time": [0.0, 0.15, 0.2667, 0.3667, 0.5, 0.75, 0.8333, 0.9, 0.9833, 1.0667],
            "transform": [
                [1.0, -0.0, 1e-06, -0.0, 0.0, 0.972768, 0.231782, 0.37472, -1e-06, -0.231783, 0.972767, 0.0, 0.0, 0.0, 0.0, 1.0],
                [1.0, -0.0, 1e-06, -0.0, -0.0, 0.790278, 0.612748, 0.37472, -1e-06, -0.612749, 0.790277, -0.0, 0.0, 0.0, 0.0, 1.0],
                [1.0, -1e-06, 0.0, 0.0, -0.0, -0.107038, 0.994254, 0.37472, -1e-06, -0.994256, -0.107038, 0.0, 0.0, 0.0, 0.0, 1.0],
                [1.0, -0.0, 0.0, -0.0, -0.0, 0.303467, 0.952841, 0.37472, -0.0, -0.952843, 0.303467, -0.0, 0.0, 0.0, 0.0, 1.0],
                [1.0, -0.0, 0.0, 0.0, -0.0, 0.296596, 0.955003, 0.37472, -0.0, -0.955004, 0.296595, 0.0, 0.0, 0.0, 0.0, 1.0],
                [1.0, -0.0, 0.0, 0.0, -0.0, 0.296595, 0.955003, 0.37472, -0.0, -0.955004, 0.296595, 0.0, 0.0, 0.0, 0.0, 1.0],
                [1.0, -1e-06, -0.0, -0.0, 0.0, -0.271028, 0.962571, 0.37472, -1e-06, -0.962573, -0.271027, 0.0, 0.0, 0.0, 0.0, 1.0],
                [1.0, -1e-06, 1e-06, 0.0, -0.0, 0.407767, 0.913085, 0.37472, -1e-06, -0.913087, 0.407767, -0.0, 0.0, 0.0, 0.0, 1.0],
                [1.0, -1e-06, 1e-06, -0.0, -0.0, 0.74993, 0.661518, 0.37472, -1e-06, -0.661519, 0.749929, 0.0, 0.0, 0.0, 0.0, 1.0],
                [1.0, -0.0, 1e-06, 0.0, -0.0, 0.93054, 0.366193, 0.37472, -1e-06, -0.366193, 0.930538, 0.0, 0.0, 0.0, 0.0, 1.0]
            ]
        },
        {
            "name": "Knee_R",
            "time": [0.0, 0.15, 0.3667, 0.5, 0.75, 0.8333, 0.9, 0.9833, 1.0667],
            "transform": [
                [1.0, -0.0, -0.0, -0.0, -0.0, 1e-06, -1.0, 0.37472, -0.0, 1.0, 1e-06, 0.0, 0.0, 0.0, 0.0, 1.0],
                [1.0, 0.0, -0.0, -0.0, -0.0, 1e-06, -1.0, 0.397896, -0.0, 1.0, 1e-06, -0.0, 0.0, 0.0, 0.0, 1.0],
                [1.0, 0.0, -0.0, -0.0, -0.0, 1e-06, -1.0, 0.452035, -0.0, 1.0, 1e-06, -0.0, 0.0, 0.0, 0.0, 1.0],
                [1.0, 0.0, -0.0, 0.0, -0.0, 1e-06, -1.0, 0.452681, -0.0, 1.0, 1e-06, 0.0, 0.0, 0.0, 0.0, 1.0],
                [1.0, 0.0, -0.0, 0.0, -0.0, 1e-06, -1.0, 0.452682, -0.0, 1.0, 1e-06, -0.0, 0.0, 0.0, 0.0, 1.0],
                [1.0, 0.0, -0.0, -0.0, -0.0, 1e-06, -1.0, 0.47972, -0.0, 1.0, 1e-06, 0.0, 0.0, 0.0, 0.0, 1.0],
                [1.0, 0.0, -0.0, -0.0, -0.0, 1e-06, -1.0, 0.442007, -0.0, 1.0, 1e-06, 0.0, 0.0, 0.0, 0.0, 1.0],
                [1.0, 0.0, -0.0, 0.0, -0.0, 1e-06, -1.0, 0.403581, -0.0, 1.0, 1e-06, -0.0, 0.0, 0.0, 0.0, 1.0],
                [1.0, 0.0, -0.0, 0.0, -0.0, 1e-06, -1.0, 0.37472, -0.0, 1.0, 1e-06, 0.0, 0.0, 0.0, 0.0, 1.0]
            ]
        },
        {
            "name": "Thigh_L",
            "time": [0.0, 0.15, 0.2667, 0.3667, 0.5, 0.75, 0.8333, 0.9, 0.9833, 1.0667],
            "transform": [
                [0.547213, -0.547231, -0.633321, -0.125006, -0.049163, -0.776371, 0.628356, -0.002831, -0.835547, -0.312708, -0.451744, -1.2e-05, 0.0, 0.0, 0.0, 1.0],
                [0.420304, -0.866804, -0.268321, -0.125006, -0.075931, -0.32827, 0.941527, -0.002831, -0.9042, -0.375354, -0.203791, -1.2e-05, 0.0, 0.0, 0.0, 1.0],
                [0.664815, -0.214347, -0.715594, -0.125006, 0.266099, -0.827156, 0.494979, -0.002831, -0.698005, -0.519489, -0.492868, -1.2e-05, 0.0, 0.0, 0.0, 1.0],
                [0.80973, -0.52579, -0.260542, -0.125006, -0.516444, -0.849354, 0.109007, -0.002831, -0.278607, 0.046289, -0.959288, -1.2e-05, 0.0, 0.0, 0.0, 1.0],
                [0.815458, -0.528489, -0.236065, -0.125006, -0.50235, -0.848792, 0.164912, -0.002831, -0.287524, -0.015892, -0.957641, -1.2e-05, 0.0, 0.0, 0.0, 1.0],
                [0.815282, -0.528547, -0.236542, -0.125006, -0.502314, -0.848756, 0.165208, -0.002831, -0.288086, -0.015872, -0.957473, -1.2e-05, 0.0, 0.0, 0.0, 1.0],
                [0.8356, -0.54933, 0.002898, -0.125006, -0.459476, -0.696012, 0.551768, -0.002831, -0.301085, -0.462389, -0.833992, -1.2e-05, 0.0, 0.0, 0.0, 1.0],
                [0.885743, -0.270989, -0.376859, -0.125006, -0.171085, -0.945326, 0.27765, -0.002831, -0.431494, -0.181451, -0.883678, -1.2e-05, 0.0, 0.0, 0.0, 1.0],
                [0.815849, -0.229239, -0.530885, -0.125006, 0.176558, -0.775479, 0.606184, -0.002831, -0.550651, -0.588287, -0.5922, -1.2e-05, 0.0, 0.0, 0.0, 1.0],
                [0.862289, -0.24588, -0.442718, -0.161987, 0.010097, -0.865698, 0.500464, -0.002831, -0.506314, -0.436015, -0.744, 0.022451, 0.0, 0.0, 0.0, 1.0]
            ]
        },
        {
            "name": "Leg_L",
            "time": [0.0, 0.15, 0.2667, 0.3667, 0.5, 0.75, 0.8333, 0.9, 0.9833, 1.0667],
            "transform": [
                [1.0, -1e-06, 1e-06, 0.0, 0.0, 0.643698, 0.76528, 0.37472, -1e-06, -0.76528, 0.643698, 0.0, 0.0, 0.0, 0.0, 1.0],
                [1.0, -1e-06, 0.0, -0.0, -0.0, 0.361524, 0.932363, 0.37472, -1e-06, -0.932362, 0.361525, -0.0, 0.0, 0.0, 0.0, 1.0],
                [1.0, -1e-06, 1e-06, -0.0, 0.0, 0.718561, 0.695464, 0.37472, -1e-06, -0.695464, 0.718561, -0.0, 0.0, 0.0, 0.0, 1.0],
                [1.0, -0.0, 1e-06, -0.0, -0.0, 0.973374, 0.229222, 0.37472, -1e-06, -0.229222, 0.973375, 0.0, 0.0, 0.0, 0.0, 1.0],
                [1.0, -0.0, 1e-06, 0.0, -0.0, 0.970885, 0.239543, 0.37472, -1e-06, -0.239543, 0.970886, -0.0, 0.0, 0.0, 0.0, 1.0],
                [1.0, -0.0, 1e-06, 0.0, -0.0, 0.970885, 0.239546, 0.37472, -1e-06, -0.239546, 0.970885, 0.0, 0.0, 0.0, 0.0, 1.0],
                [1.0, -1e-06, 1e-06, 0.0, -0.0, 0.605348, 0.795961, 0.37472, -1e-06, -0.79596, 0.605349, 0.0, 0.0, 0.0, 0.0, 1.0],
                [1.0, -1e-06, 1e-06, 0.0, -0.0, 0.570446, 0.821336, 0.37472, -1e-06, -0.821335, 0.570446, 0.0, 0.0, 0.0, 0.0, 1.0],
                [1.0, -1e-06, 1e-06, -0.0, -1e-06, 0.211391, 0.977402, 0.37472, -1e-06, -0.977401, 0.211391, -0.0, 0.0, 0.0, 0.0, 1.0],
                [1.0, -1e-06, 1e-06, -0.0, 0.0, 0.854336, 0.519721, 0.37472, -1e-06, -0.519721, 0.854336, -0.0, 0.0, 0.0, 0.0, 1.0]
            ]
        },
        {
            "name": "Knee_L",
            "time": [0.0, 0.15, 0.3667, 0.5, 0.75, 0.8333, 0.9, 0.9833, 1.0667],
            "transform": [
                [1.0, 0.0, -0.0, 0.0, -0.0, 1e-06, -1.0, 0.416927, -0.0, 1.0, 1e-06, 0.0, 0.0, 0.0, 0.0, 1.0],
                [1.0, 0.0, -0.0, 0.0, -0.0, 1e-06, -1.0, 0.446506, -0.0, 1.0, 1e-06, -0.0, 0.0, 0.0, 0.0, 1.0],
                [1.0, -0.0, -0.0, -0.0, -0.0, 1e-06, -1.0, 0.37472, 0.0, 1.0, 1e-06, 0.0, 0.0, 0.0, 0.0, 1.0],
                [1.0, -0.0, -0.0, 0.0, -0.0, 1e-06, -1.0, 0.37472, 0.0, 1.0, 1e-06, -0.0, 0.0, 0.0, 0.0, 1.0],
                [1.0, 0.0, -0.0, -0.0, -0.0, 1e-06, -1.0, 0.37472, -0.0, 1.0, 1e-06, 0.0, 0.0, 0.0, 0.0, 1.0],
                [1.0, 0.0, -0.0, 0.0, -0.0, 1e-06, -1.0, 0.421337, 0.0, 1.0, 1e-06, -0.0, 0.0, 0.0, 0.0, 1.0],
                [1.0, 0.0, -0.0, 0.0, -0.0, 1e-06, -1.0, 0.425212, -0.0, 1.0, 1e-06, -0.0, 0.0, 0.0, 0.0, 1.0],
                [1.0, 0.0, -0.0, 0.0, -0.0, 1e-06, -1.0, 0.460595, -0.0, 1.0, 1e-06, -0.0, 0.0, 0.0, 0.0, 1.0],
                [1.0, 0.0, -0.0, -0.0, -0.0, 1e-06, -1.0, 0.387749, -0.0, 1.0, 1e-06, -0.0, 0.0, 0.0, 0.0, 1.0]
            ]
        },
        {
            "name": "Torso",
            "time": [0.0, 0.15, 0.3667, 0.75, 1.0667],
            "transform": [
                [0.99978, -0.020971, -0.000197, -0.0, 0.020971, 0.999603, 0.018833, 0.05, -0.000198, -0.018833, 0.999823, 0.0, 0.0, 0.0, 0.0, 1.0],
                [0.99978, -0.020971, -0.000197, -0.0, 0.020971, 0.999603, 0.018833, 0.05, -0.000198, -0.018833, 0.999823, 0.0, 0.0, 0.0, 0.0, 1.0],
                [0.999565, 0.029231, 0.00396, -0.0, -0.02949, 0.993237, 0.112301, 0.05, -0.000651, -0.112369, 0.993666, -0.0, 0.0, 0.0, 0.0, 1.0],
                [0.999565, 0.02923, 0.00396, 0.0, -0.02949, 0.993237, 0.112301, 0.05, -0.000651, -0.112369, 0.993666, 0.0, 0.0, 0.0, 0.0, 1.0],
                [0.99978, -0.020971, -0.000197, -0.0, 0.020971, 0.999603, 0.018833, 0.05, -0.000198, -0.018833, 0.999823, 0.0, 0.0, 0.0, 0.0, 1.0]
            ]
        },
        {
            "name": "Chest",
            "time": [0.0, 0.15, 0.2667, 0.3667, 0.75, 1.0667],
            "transform": [
                [0.999318, 0.023291, -0.02867, -0.0, -0.020757, 0.996103, 0.08572, 0.3, 0.030554, -0.085067, 0.995907, -0.0, 0.0, 0.0, 0.0, 1.0],
                [0.985027, 0.120122, -0.123661, 0.0, -0.090946, 0.971433, 0.219197, 0.3, 0.146459, -0.204668, 0.967812, 0.0, 0.0, 0.0, 0.0, 1.0],
                [0.973784, -0.077412, -0.213898, -0.0, 0.076685, 0.996987, -0.011708, 0.3, 0.21416, -0.005001, 0.976786, -0.0, 0.0, 0.0, 0.0, 1.0],
                [0.989468, 0.020144, -0.143345, -0.0, -0.017578, 0.999662, 0.01915, 0.3, 0.143683, -0.016428, 0.989487, 0.0, 0.0, 0.0, 0.0, 1.0],
                [0.989468, 0.020144, -0.143345, -0.0, -0.017578, 0.999662, 0.01915, 0.3, 0.143683, -0.016428, 0.989488, -0.0, 0.0, 0.0, 0.0, 1.0],
                [0.999771, -0.021411, -0.000206, -0.0, 0.021411, 0.999586, 0.019228, 0.3, -0.000206, -0.019228, 0.999815, -0.0, 0.0, 0.0, 0.0, 1.0]
            ]
        },
        {
            "name": "Head",
            "time": [0.0, 0.15, 0.2, 0.2667, 0.3667, 0.5, 0.75, 0.9, 1.0667],
            "transform": [
                [0.717895, 0.005836, 0.696127, -0.0, 0.06829, 0.994552, -0.078763, 0.4, -0.692794, 0.104082, 0.713585, -0.0, 0.0, 0.0, 0.0, 1.0],
                [0.585083, 0.131972, 0.800163, -0.0, 0.105314, 0.965951, -0.236321, 0.4, -0.804106, 0.222536, 0.551264, -0.0, 0.0, 0.0, 0.0, 1.0],
                [0.794587, 0.256036, 0.550524, -0.0, 0.008677, 0.901853, -0.431956, 0.4, -0.607088, 0.348003, 0.714379, 0.0, 0.0, 0.0, 0.0, 1.0],
                [0.767587, -0.139971, -0.625474, -0.0, -0.082395, 0.946217, -0.312865, 0.4, 0.635626, 0.291688, 0.714771, 0.0, 0.0, 0.0, 0.0, 1.0],
                [0.217273, -0.210702, -0.953099, -0.0, -0.025663, 0.974854, -0.221362, 0.4, 0.975774, 0.072556, 0.206403, 0.0, 0.0, 0.0, 0.0, 1.0],
                [0.190314, -0.200689, -0.960991, -0.0, 0.002261, 0.978969, -0.203996, 0.4, 0.981721, 0.036651, 0.186766, 0.0, 0.0, 0.0, 0.0, 1.0],
                [0.190314, -0.200689, -0.960991, -0.0, 0.002261, 0.978969, -0.203996, 0.4, 0.981721, 0.036651, 0.186766, 0.0, 0.0, 0.0, 0.0, 1.0],
                [0.766045, -0.009594, -0.642715, 0.0, -0.133345, 0.975765, -0.173499, 0.4, 0.628803, 0.218611, 0.746201, 0.0, 0.0, 0.0, 0.0, 1.0],
                [0.85311, 0.037721, 0.520365, -0.0, -0.006297, 0.998055, -0.062025, 0.4, -0.521693, 0.049637, 0.851688, 0.0, 0.0, 0.0, 0.0, 1.0]
            ]
        },
        {
            "name": "Shoulder_R",
            "time": [0.0, 0.0833, 0.2, 0.3167, 0.3833, 0.75, 0.9, 1.0667],
            "transform": [
                [0.146774, 0.943359, 0.297542, -0.0, -0.005824, -0.299971, 0.95393, 0.4, 0.989153, -0.141745, -0.038534, -0.0, 0.0, 0.0, 0.0, 1.0],
                [0.146774, 0.943358, 0.297543, -0.0, -0.005824, -0.299971, 0.953931, 0.4, 0.989153, -0.141745, -0.038534, 0.0, 0.0, 0.0, 0.0, 1.0],
                [0.217483, 0.968077, 0.124612, -0.0, -0.047264, -0.117073, 0.991998, 0.4, 0.974919, -0.221633, 0.020294, 0.0, 0.0, 0.0, 0.0, 1.0],
                [0.756899, 0.564737, 0.3289, -0.0, -0.145055, -0.34554, 0.927125, 0.4, 0.63723, -0.749449, -0.179621, -0.0, 0.0, 0.0, 0.0, 1.0],
                [0.743216, 0.489885, 0.455677, 0.0, -0.299371, -0.365593, 0.881316, 0.4, 0.598336, -0.791425, -0.125058, 0.0, 0.0, 0.0, 0.0, 1.0],
                [0.743216, 0.489885, 0.455677, -0.0, -0.299371, -0.365593, 0.881316, 0.4, 0.598336, -0.791425, -0.125058, 0.0, 0.0, 0.0, 0.0, 1.0],
                [0.527264, 0.676734, 0.513832, 0.0, -0.218397, -0.47647, 0.851633, 0.4, 0.821155, -0.561255, -0.103429, 0.0, 0.0, 0.0, 0.0, 1.0],
                [-0.275297, 0.911541, 0.305457, -0.0, 0.013149, -0.314134, 0.949287, 0.4, 0.961269, 0.265352, 0.074494, 0.0, 0.0, 0.0, 0.0, 1.0]
            ]
        },
        {
            "name": "Arm_R",
            "time": [0.0, 0.0833, 0.3833, 0.75, 0.9, 1.0667],
            "transform": [
                [0.898302, -0.29575, -0.32494, 0.02077, 0.420935, 0.791294, 0.443472, 0.415813, 0.125966, -0.53515, 0.835312, 0.005216, 0.0, 0.0, 0.0, 1.0],
                [0.565516, -0.779703, -0.268803, 0.02077, 0.766345, 0.617239, -0.178133, 0.415813, 0.304807, -0.105259, 0.94658, 0.005216, 0.0, 0.0, 0.0, 1.0],
                [0.10349, -0.837486, -0.53657, 0.049593, 0.956777, 0.231233, -0.176376, 0.357993, 0.271786, -0.495124, 0.825218, -0.007121, 0.0, 0.0, 0.0, 1.0],
                [0.10349, -0.837486, -0.53657, 0.049593, 0.956777, 0.231233, -0.176376, 0.357993, 0.271786, -0.495124, 0.825218, -0.007121, 0.0, 0.0, 0.0, 1.0],
                [0.562174, -0.736665, -0.375879, 0.01968, 0.671261, 0.671929, -0.312923, 0.386375, 0.483083, -0.076396, 0.872235, -0.00428, 0.0, 0.0, 0.0, 1.0],
                [0.578466, 0.154427, -0.800955, 0.02077, 0.724438, 0.354057, 0.591467, 0.415813, 0.374923, -0.922386, 0.092937, 0.005216, 0.0, 0.0, 0.0, 1.0]
            ]
        },
        {
            "name": "Hand_R",
            "time": [0.0, 0.0833, 0.3833, 0.75, 1.0667],
            "transform": [
                [1.0, 0.0, 0.0, -0.0, -0.0, 0.490529, -0.871425, 0.3, -0.0, 0.871425, 0.490529, 0.0, 0.0, 0.0, 0.0, 1.0],
                [1.0, 0.0, -0.0, -0.0, -0.0, 0.268816, -0.963192, 0.3, -0.0, 0.963192, 0.268816, -0.0, 0.0, 0.0, 0.0, 1.0],
                [1.0, 0.0, 0.0, -0.0, -0.0, 0.999245, 0.038842, 0.3, -0.0, -0.038842, 0.999245, 0.0, 0.0, 0.0, 0.0, 1.0],
                [1.0, 0.0, 0.0, 0.0, -0.0, 0.999245, 0.038842, 0.3, -0.0, -0.038842, 0.999245, 0.0, 0.0, 0.0, 0.0, 1.0],
                [1.0, -0.0, 0.0, 0.0, -0.0, 0.999904, -0.01388, 0.3, -0.0, 0.01388, 0.999904, 0.0, 0.0, 0.0, 0.0, 1.0]
            ]
        },
        {
            "name": "Tool_R",
            "time": [0.0, 0.0333, 0.0833, 0.2667, 0.3833, 0.75, 0.9, 1.0667],
            "transform": [
                [0.999632, 0.005204, 0.026644, 0.007939, 0.018515, -0.848465, -0.528928, 0.201328, 0.019843, 0.528904, -0.847752, -0.124745, 0.0, 0.0, 0.0, 1.0],
                [0.601746, 0.295899, -0.741853, -0.254254, 0.19148, -0.955199, -0.225679, 0.207191, -0.774934, -0.006255, -0.631075, -0.177267, 0.0, 0.0, 0.0, 1.0],
                [0.021648, 0.317917, -0.947872, -0.509536, 0.290352, -0.909229, -0.298325, 0.1262, -0.956106, -0.268609, -0.111928, -0.057379, 0.0, 0.0, 0.0, 1.0],
                [0.230906, 0.177733, -0.956605, 0.187508, 0.033606, -0.984045, -0.174719, 0.272335, -0.97182, 0.008181, -0.233059, 0.052581, 0.0, 0.0, 0.0, 1.0],
                [-0.166764, 0.288237, -0.942926, -0.496499, 0.087006, -0.948285, -0.305263, 0.068167, -0.981568, -0.132878, 0.13298, 0.074075, 0.0, 0.0, 0.0, 1.0],
                [-0.166764, 0.288237, -0.942926, -0.496499, 0.087006, -0.948285, -0.305263, 0.068167, -0.981568, -0.132878, 0.13298, 0.074075, 0.0, 0.0, 0.0, 1.0],
                [-0.195601, 0.572979, -0.795887, -0.108168, 0.033934, -0.807123, -0.589408, 0.155853, -0.979516, -0.142221, 0.138342, 0.047474, 0.0, 0.0, 0.0, 1.0],
                [0.999984, 0.005027, -0.002786, 0.0, 0.004184, -0.969084, -0.246698, 0.272858, -0.003937, 0.246526, -0.968518, -0.0, 0.0, 0.0, 0.0, 1.0]
            ]
        },
        {
            "name": "Elbow_R",
            "time": [0.0, 0.0833, 0.3833, 0.75, 1.0667],
            "transform": [
                [-1.0, 0.0, -0.0, 0.0, 0.0, -0.0, -1.0, 0.409479, -0.0, -1.0, 0.0, 0.0, 0.0, 0.0, 0.0, 1.0],
                [-1.0, 0.0, -0.0, 0.0, 0.0, -0.0, -1.0, 0.43202, -0.0, -1.0, 0.0, -0.0, 0.0, 0.0, 0.0, 1.0],
                [-1.0, 0.0, -0.0, -0.0, 0.0, 0.0, -1.0, 0.306683, -0.0, -1.0, 0.0, 0.0, 0.0, 0.0, 0.0, 1.0],
                [-1.0, 0.0, -0.0, 0.0, 0.0, 0.0, -1.0, 0.306683, -0.0, -1.0, 0.0, 0.0, 0.0, 0.0, 0.0, 1.0],
                [-1.0, 0.0, 0.0, 0.0, 0.0, -0.0, -1.0, 0.311625, -0.0, -1.0, 0.0, 0.0, 0.0, 0.0, 0.0, 1.0]
            ]
        },
        {
            "name": "Shoulder_L",
            "time": [0.0, 0.0833, 0.2, 0.2667, 0.3167, 0.3833, 0.75, 0.9, 1.0667],
            "transform": [
                [0.501015, -0.831245, -0.240865, -0.0, -0.026401, -0.292866, 0.955789, 0.4, -0.865036, -0.472505, -0.168676, -0.0, 0.0, 0.0, 0.0, 1.0],
                [0.501015, -0.831245, -0.240865, -0.0, -0.026401, -0.292866, 0.955789, 0.4, -0.865036, -0.472505, -0.168676, 0.0, 0.0, 0.0, 0.0, 1.0],
                [0.306513, -0.857398, -0.413422, -0.0, 0.131824, -0.391906, 0.910512, 0.4, -0.942694, -0.333582, -0.007098, 0.0, 0.0, 0.0, 0.0, 1.0],
                [0.503178, -0.86411, 0.011177, -0.0, -0.16506, -0.083404, 0.982751, 0.4, -0.848273, -0.496344, -0.184597, 0.0, 0.0, 0.0, 0.0, 1.0],
                [-0.501216, -0.860376, -0.092382, -0.0, 0.109263, -0.168832, 0.97957, 0.4, -0.858396, 0.480882, 0.178629, -0.0, 0.0, 0.0, 0.0, 1.0],
                [-0.57147, -0.815608, 0.090585, 0.0, 0.28054, -0.090435, 0.955573, 0.4, -0.771181, 0.571494, 0.280491, 0.0, 0.0, 0.0, 0.0, 1.0],
                [-0.57147, -0.815608, 0.090585, -0.0, 0.28054, -0.090435, 0.955573, 0.4, -0.771181, 0.571494, 0.280491, 0.0, 0.0, 0.0, 0.0, 1.0],
                [-0.348616, -0.936709, 0.03229, 0.0, 0.167297, -0.028291, 0.9855, 0.4, -0.922214, 0.348963, 0.166571, 0.0, 0.0, 0.0, 0.0, 1.0],
                [0.215099, -0.932596, -0.289822, -0.0, -0.010019, -0.29886, 0.954244, 0.4, -0.976541, -0.202353, -0.073628, 0.0, 0.0, 0.0, 0.0, 1.0]
            ]
        },
        {
            "name": "Arm_L",
            "time": [0.0, 0.0333, 0.0833, 0.2, 0.2667, 0.3833, 0.75, 0.9, 1.0667],
            "transform": [
                [0.042642, 0.946268, 0.32056, 0.0, 0.480084, 0.261974, -0.837191, 0.39386, -0.876185, 0.189596, -0.443117, -0.0, 0.0, 0.0, 0.0, 1.0],
                [-0.222144, 0.847696, 0.481729, 0.035882, -0.555484, 0.296016, -0.777054, 0.411817, -0.801305, -0.44021, 0.405123, -0.036006, 0.0, 0.0, 0.0, 1.0],
                [0.005437, 0.96537, 0.260826, 0.060758, -0.06844, 0.260577, -0.963024, 0.424266, -0.99764, -0.012615, 0.067486, -0.060968, 0.0, 0.0, 0.0, 1.0],
                [-0.169791, 0.869045, 0.464684, -0.029666, -0.966047, -0.053598, -0.252746, 0.407026, -0.194742, -0.491821, 0.848639, 0.000756, 0.0, 0.0, 0.0, 1.0],
                [-0.591551, 0.796765, -0.123423, -0.028691, 0.333587, 0.102502, -0.937131, 0.412505, -0.734022, -0.595532, -0.326425, 0.002514, 0.0, 0.0, 0.0, 1.0],
                [-0.662199, 0.011045, 0.749247, -0.026959, 0.413934, 0.838876, 0.353476, 0.428504, -0.624621, 0.54421, -0.560075, 0.008697, 0.0, 0.0, 0.0, 1.0],
                [-0.662199, 0.011045, 0.749247, -0.026959, 0.413934, 0.838876, 0.353476, 0.428505, -0.624621, 0.54421, -0.560075, 0.008697, 0.0, 0.0, 0.0, 1.0],
                [-0.213346, 0.972583, -0.092548, -0.013163, 0.169466, -0.056453, -0.983918, 0.411478, -0.962167, -0.225599, -0.152776, 0.003766, 0.0, 0.0, 0.0, 1.0],
                [-0.622903, 0.237887, 0.745252, -0.0, -0.468864, 0.64906, -0.599072, 0.39386, -0.626225, -0.722586, -0.292765, -0.0, 0.0, 0.0, 0.0, 1.0]
            ]
        },
        {
            "name": "Hand_L",
            "time": [0.0, 0.0833, 0.2, 0.2667, 0.3833, 0.75, 1.0667],
            "transform": [
                [1.0, 0.0, 0.0, -0.0, -0.0, 0.940257, -0.340466, 0.3, -0.0, 0.340465, 0.940257, 0.0, 0.0, 0.0, 0.0, 1.0],
                [1.0, 0.0, 0.0, 0.0, 0.0, 0.940257, -0.340465, 0.3, -0.0, 0.340465, 0.940257, 0.0, 0.0, 0.0, 0.0, 1.0],
                [1.0, -0.0, 0.0, 0.0, -0.0, 0.973626, -0.228149, 0.3, -0.0, 0.228149, 0.973627, 0.0, 0.0, 0.0, 0.0, 1.0],
                [1.0, 0.0, 0.0, -0.0, -0.0, 0.960519, -0.278215, 0.3, -0.0, 0.278215, 0.960519, -0.0, 0.0, 0.0, 0.0, 1.0],
                [1.0, 0.0, -0.0, -0.0, 0.0, 0.239716, -0.970843, 0.3, -0.0, 0.970843, 0.239716, -0.0, 0.0, 0.0, 0.0, 1.0],
                [1.0, 0.0, -0.0, -0.0, -0.0, 0.239716, -0.970843, 0.3, -0.0, 0.970843, 0.239716, -0.0, 0.0, 0.0, 0.0, 1.0],
                [1.0, 0.0, 0.0, -0.0, -0.0, 0.593093, -0.805134, 0.3, -0.0, 0.805134, 0.593093, 0.0, 0.0, 0.0, 0.0, 1.0]
            ]
        },
        {
            "name": "Tool_L",
            "time": [0.0, 1.0667],
            "transform": [
                [1.0, 0.0, 0.0, 0.0, 0.0, -0.999836, 0.018122, 0.389323, 0.0, -0.018122, -0.999248, -0.000261, 0.0, 0.0, 0.0, 1.0],
                [1.0, 0.0, 0.0, 0.0, 0.0, -0.999836, 0.018122, 0.389323, 0.0, -0.018122, -0.999248, -0.000261, 0.0, 0.0, 0.0, 1.0]
            ]
        },
        {
            "name": "Elbow_L",
            "time": [0.0, 0.0833, 0.2, 0.2667, 0.3833, 0.75, 1.0667],
            "transform": [
                [-1.0, 0.0, -0.0, -0.0, 0.0, -0.0, -1.0, 0.34288, -0.0, -1.0, -0.0, 0.0, 0.0, 0.0, 0.0, 1.0],
                [-1.0, 0.0, -0.0, 0.0, -0.0, -0.0, -1.0, 0.34288, -0.0, -1.0, -0.0, 0.0, 0.0, 0.0, 0.0, 1.0],
                [-1.0, 0.0, -0.0, 0.0, 0.0, -0.0, -1.0, 0.331894, -0.0, -1.0, -0.0, 0.0, 0.0, 0.0, 0.0, 1.0],
                [-1.0, 0.0, 0.0, -0.0, 0.0, -0.0, -1.0, 0.336744, -0.0, -1.0, -0.0, -0.0, 0.0, 0.0, 0.0, 1.0],
                [-1.0, 0.0, -0.0, 0.0, 0.0, -0.0, -1.0, 0.43484, -0.0, -1.0, -0.0, -0.0, 0.0, 0.0, 0.0, 1.0],
                [-1.0, 0.0, -0.0, 0.0, 0.0, -0.0, -1.0, 0.43484, -0.0, -1.0, 0.0, -0.0, 0.0, 0.0, 0.0, 1.0],
                [-1.0, 0.0, -0.0, -0.0, 0.0, -0.0, -1.0, 0.398028, -0.0, -1.0, -0.0, -0.0, 0.0, 0.0, 0.0, 1.0]
            ]
        }
    ]
}