{
    "animation": [
        {
            "name": "Root",
            "time": [0.0, 0.1167, 0.1833, 0.3833, 0.6667],
            "transform": [
                [0.817803, 0.0, -0.575498, -5e-06, -0.575498, 0.0, -0.817803, 0.520045, 0.0, 1.0, 0.0, 0.626794, 0.0, 0.0, 0.0, 1.0],
                [0.994907, 0.0, 0.100796, -5e-06, 0.100796, 0.0, -0.994907, 0.762392, 0.0, 1.0, 0.0, 0.655912, 0.0, 0.0, 0.0, 1.0],
                [0.994907, 0.0, 0.100796, -5e-06, 0.100796, 0.0, -0.994907, 0.781635, 0.0, 1.0, 0.0, 0.676907, 0.0, 0.0, 0.0, 1.0],
                [0.996393, 0.000305, 0.084864, -5e-06, 0.084861, -0.012697, -0.996312, 0.769386, 0.000774, 0.999919, -0.012677, 0.671658, 0.0, 0.0, 0.0, 1.0],
                [0.996393, 0.000305, 0.084864, -5e-06, 0.084861, -0.012697, -0.996312, 0.769386, 0.000774, 0.999919, -0.012677, 0.671658, 0.0, 0.0, 0.0, 1.0]
            ]
        },
        {
            "name": "Thigh_R",
            "time": [0.0, 0.1167, 0.1833, 0.3833, 0.6667],
            "transform": [
                [0.919096, 0.378342, -0.110085, 0.124994, 0.311747, -0.869072, -0.38409, -0.002831, -0.240989, 0.318696, -0.91671, -1.2e-05, 0.0, 0.0, 0.0, 1.0],
                [0.99679, 3.6e-05, 0.080061, 0.124994, 0.035808, -0.894608, -0.445411, -0.002831, 0.071607, 0.446847, -0.89174, -1.1e-05, 0.0, 0.0, 0.0, 1.0],
                [0.994403, -0.055042, 0.090174, 0.124994, 0.005439, -0.825746, -0.564013, -0.002831, 0.105506, 0.561347, -0.820827, -1.1e-05, 0.0, 0.0, 0.0, 1.0],
                [0.995862, -0.029557, 0.08593, 0.124994, 0.01719, -0.867277, -0.497526, -0.002831, 0.08923, 0.496944, -0.863182, -1.1e-05, 0.0, 0.0, 0.0, 1.0],
                [0.995862, -0.029557, 0.08593, 0.124994, 0.01719, -0.867277, -0.497526, -0.002831, 0.08923, 0.496944, -0.863182, -1.1e-05, 0.0, 0.0, 0.0, 1.0]
            ]
        },
        {
            "name": "Leg_R",
            "time": [0.0, 0.1167, 0.1833, 0.3833, 0.6667],
            "transform": [
                [1.0, -0.0, 1e-06, -0.0, 0.0, 0.974418, 0.224745, 0.37472, -1e-06, -0.224746, 0.974417, 0.0, 0.0, 0.0, 0.0, 1.0],
                [1.0, -0.0, 1e-06, 0.0, -0.0, 0.98732, 0.158745, 0.37472, -1e-06, -0.158745, 0.987319, -0.0, 0.0, 0.0, 0.0, 1.0],
                [1.0, -0.0, 2e-06, -0.0, -0.0, 0.999957, 0.009354, 0.37472, -2e-06, -0.009354, 0.999955, 0.0, 0.0, 0.0, 0.0, 1.0],
                [1.0, -0.0, 2e-06, 0.0, -0.0, 0.991196, 0.132408, 0.37472, -2e-06, -0.132408, 0.991195, -0.0, 0.0, 0.0, 0.0, 1.0],
                [1.0, -0.0, 2e-06, 0.0, -0.0, 0.991196, 0.132408, 0.37472, -2e-06, -0.132408, 0.991195, -0.0, 0.0, 0.0, 0.0, 1.0]
            ]
        },
        {
            "name": "Knee_R",
            "time": [0.0, 0.1167, 0.1833, 0.3833, 0.6667],
            "transform": [
                [1.0, 0.0, -0.0, 0.0, -0.0, 1e-06, -1.0, 0.420355, -0.0, 1.0, 1e-06, -0.0, 0.0, 0.0, 0.0, 1.0],
                [1.0, 0.0, -0.0, 0.0, -0.0, 1e-06, -1.0, 0.37472, -0.0, 1.0, 1e-06, -0.0, 0.0, 0.0, 0.0, 1.0],
                [1.0, 0.0, -0.0, -0.0, -0.0, 1e-06, -1.0, 0.37472, -0.0, 1.0, 1e-06, 0.0, 0.0, 0.0, 0.0, 1.0],
                [1.0, 0.0, -0.0, -0.0, -0.0, 1e-06, -1.0, 0.377546, -0.0, 1.0, 1e-06, -0.0, 0.0, 0.0, 0.0, 1.0],
                [1.0, 0.0, -0.0, -0.0, -0.0, 1e-06, -1.0, 0.377546, -0.0, 1.0, 1e-06, -0.0, 0.0, 0.0, 0.0, 1.0]
            ]
        },
        {
            "name": "Thigh_L",
            "time": [0.0, 0.1167, 0.1833, 0.3833, 0.6667],
            "transform": [
                [0.811573, -0.366993, -0.454604, -0.125006, 0.000464, -0.777693, 0.628644, -0.002831, -0.58425, -0.510402, -0.630984, -1.2e-05, 0.0, 0.0, 0.0, 1.0],
                [0.993733, 0.097266, 0.055068, -0.125006, 0.031942, -0.719256, 0.69401, -0.00283, 0.107111, -0.687903, -0.717856, -1.3e-05, 0.0, 0.0, 0.0, 1.0],
                [0.99489, 0.073542, 0.069165, -0.125006, 0.011098, -0.760609, 0.649116, -0.00283, 0.100344, -0.645031, -0.757539, -1.3e-05, 0.0, 0.0, 0.0, 1.0],
                [0.996804, 0.050785, 0.061647, -0.125006, -0.001844, -0.756981, 0.653433, -0.00283, 0.07985, -0.651459, -0.754469, -1.3e-05, 0.0, 0.0, 0.0, 1.0],
                [0.996804, 0.050785, 0.061647, -0.125006, -0.001844, -0.756981, 0.653433, -0.00283, 0.07985, -0.651459, -0.754469, -1.3e-05, 0.0, 0.0, 0.0, 1.0]
            ]
        },
        {
            "name": "Leg_L",
            "time": [0.0, 0.1167, 0.1833, 0.3833, 0.6667],
            "transform": [
                [1.0, -1e-06, 1e-06, 0.0, -1e-06, -0.057195, 0.998363, 0.37472, -1e-06, -0.998363, -0.057195, -0.0, 0.0, 0.0, 0.0, 1.0],
                [0.999987, 0.000634, -0.005134, 0.0, 0.003127, 0.716475, 0.697606, 0.37472, 0.004121, -0.697612, 0.716464, 0.0, 0.0, 0.0, 0.0, 1.0],
                [0.999993, -0.000448, 0.003709, 0.0, -0.002048, 0.764708, 0.644374, 0.37472, -0.003125, -0.644377, 0.764702, -0.0, 0.0, 0.0, 0.0, 1.0],
                [0.999996, -0.000418, 0.002761, 0.0, -0.001499, 0.753931, 0.656952, 0.37472, -0.002356, -0.656954, 0.753928, 0.0, 0.0, 0.0, 0.0, 1.0],
                [0.999996, -0.000418, 0.002761, 0.0, -0.001499, 0.753931, 0.656952, 0.37472, -0.002356, -0.656954, 0.753928, 0.0, 0.0, 0.0, 0.0, 1.0]
            ]
        },
        {
            "name": "Knee_L",
            "time": [0.0, 0.1167, 0.1833, 0.3833, 0.6667],
            "transform": [
                [1.0, 0.0, -0.0, 0.0, -0.0, 1e-06, -1.0, 0.483134, -0.0, 1.0, 1e-06, 0.0, 0.0, 0.0, 0.0, 1.0],
                [1.0, 0.0, -0.0, -0.000211, -0.0, 1e-06, -1.0, 0.401824, -0.0, 1.0, 1e-06, 0.002761, 0.0, 0.0, 0.0, 1.0],
                [1.0, 0.0, -0.0, -8.2e-05, -0.0, 1e-06, -1.0, 0.401442, -0.0, 1.0, 1e-06, -0.001079, 0.0, 0.0, 0.0, 1.0],
                [1.0, 0.0, -0.0, -1.9e-05, -0.0, 1e-06, -1.0, 0.399958, -0.0, 1.0, 1e-06, -0.000809, 0.0, 0.0, 0.0, 1.0],
                [1.0, 0.0, -0.0, -1.9e-05, -0.0, 1e-06, -1.0, 0.399958, -0.0, 1.0, 1e-06, -0.000809, 0.0, 0.0, 0.0, 1.0]
            ]
        },
        {
            "name": "Torso",
            "time": [0.0, 0.1167, 0.6667],
            "transform": [
                [0.99978, -0.020971, -0.000197, -0.0, 0.020971, 0.999603, 0.018833, 0.05, -0.000198, -0.018833, 0.999823, -0.0, 0.0, 0.0, 0.0, 1.0],
                [0.999763, 0.021637, 0.002338, 0.0, -0.021637, 0.976688, 0.21357, 0.05, 0.002338, -0.21357, 0.976925, 0.0, 0.0, 0.0, 0.0, 1.0],
                [0.999763, 0.021637, 0.002338, 0.0, -0.021637, 0.976688, 0.21357, 0.05, 0.002338, -0.21357, 0.976925, -0.0, 0.0, 0.0, 0.0, 1.0]
            ]
        },
        {
            "name": "Chest",
            "time": [0.0, 0.1167, 0.1833, 0.3833, 0.6667],
            "transform": [
                [0.99985, 0.017276, -0.001301, -0.0, -0.017317, 0.998862, -0.04444, 0.3, 0.000532, 0.044456, 0.999011, -0.0, 0.0, 0.0, 0.0, 1.0],
                [0.999836, 0.018035, 0.001618, -0.0, -0.018035, 0.983863, 0.178013, 0.3, 0.001618, -0.178013, 0.984027, -0.0, 0.0, 0.0, 0.0, 1.0],
                [0.999836, 0.018035, 0.001618, -0.0, -0.018035, 0.983863, 0.178013, 0.3, 0.001618, -0.178013, 0.984027, 0.0, 0.0, 0.0, 0.0, 1.0],
                [0.99986, 0.01665, 0.001873, -0.0, -0.016746, 0.989439, 0.143976, 0.3, 0.000544, -0.143987, 0.989579, 0.0, 0.0, 0.0, 0.0, 1.0],
                [0.99986, 0.01665, 0.001873, -0.0, -0.016746, 0.989439, 0.143976, 0.3, 0.000544, -0.143987, 0.989579, 0.0, 0.0, 0.0, 0.0, 1.0]
            ]
        },
        {
            "name": "Head",
            "time": [0.0, 0.1167, 0.1833, 0.3833, 0.6667],
            "transform": [
                [0.819634, -0.000824, 0.572887, -0.0, -0.007692, 0.999893, 0.012442, 0.4, -0.572836, -0.014605, 0.81954, -0.0, 0.0, 0.0, 0.0, 1.0],
                [0.995087, -0.027947, -0.094979, -0.0, -0.005357, 0.94273, -0.333514, 0.4, 0.098861, 0.332385, 0.937948, 0.0, 0.0, 0.0, 0.0, 1.0],
                [0.995087, -0.027947, -0.094979, -0.0, -0.005357, 0.94273, -0.333514, 0.4, 0.098861, 0.332385, 0.937948, 0.0, 0.0, 0.0, 0.0, 1.0],
                [0.996502, -0.0275, -0.078917, -0.0, 0.00233, 0.953083, -0.302701, 0.4, 0.083539, 0.301458, 0.949813, 0.0, 0.0, 0.0, 0.0, 1.0],
                [0.996502, -0.0275, -0.078917, -0.0, 0.00233, 0.953083, -0.302701, 0.4, 0.083539, 0.301458, 0.949813, 0.0, 0.0, 0.0, 0.0, 1.0]
            ]
        },
        {
            "name": "Shoulder_R",
            "time": [0.0, 0.1167, 0.1833, 0.3833, 0.6667],
            "transform": [
                [-0.684634, 0.694128, 0.2224, -0.0, 0.005401, -0.300283, 0.953835, 0.4, 0.728867, 0.654229, 0.201835, -0.0, 0.0, 0.0, 0.0, 1.0],
                [0.267981, 0.958025, 0.101852, -0.0, 0.036125, -0.115637, 0.992634, 0.4, 0.962747, -0.262327, -0.065597, 0.0, 0.0, 0.0, 0.0, 1.0],
                [0.267981, 0.958025, 0.101853, -0.0, 0.036125, -0.115637, 0.992634, 0.4, 0.962747, -0.262327, -0.065597, 0.0, 0.0, 0.0, 0.0, 1.0],
                [0.215661, 0.969499, 0.116451, -0.0, 0.031622, -0.126129, 0.99151, 0.4, 0.975956, -0.210148, -0.057858, 0.0, 0.0, 0.0, 0.0, 1.0],
                [0.215661, 0.969499, 0.116451, -0.0, 0.031622, -0.126129, 0.99151, 0.4, 0.975956, -0.210148, -0.057858, 0.0, 0.0, 0.0, 0.0, 1.0]
            ]
        },
        {
            "name": "Arm_R",
            "time": [0.0, 0.1167, 0.1833, 0.3833, 0.6667],
            "transform": [
                [-0.084426, 0.614123, -0.784682, -0.0, 0.074911, 0.789177, 0.609581, 0.39386, 0.99361, -0.007317, -0.112632, -0.0, 0.0, 0.0, 0.0, 1.0],
                [0.312578, -0.771192, -0.554579, -0.0, -0.200387, 0.517159, -0.832101, 0.393861, 0.928515, 0.371227, 0.007115, 0.0, 0.0, 0.0, 0.0, 1.0],
                [0.312578, -0.771192, -0.554579, -0.0, -0.200387, 0.517159, -0.832101, 0.39386, 0.928515, 0.371227, 0.007116, -0.0, 0.0, 0.0, 0.0, 1.0],
                [0.240523, -0.681326, -0.691335, 0.0, -0.131438, 0.682822, -0.718664, 0.39386, 0.961703, 0.263723, 0.074682, -0.0, 0.0, 0.0, 0.0, 1.0],
                [0.240523, -0.681326, -0.691335, -0.0, -0.131438, 0.682822, -0.718664, 0.393861, 0.961703, 0.263723, 0.074682, -0.0, 0.0, 0.0, 0.0, 1.0]
            ]
        },
        {
            "name": "Hand_R",
            "time": [0.0, 0.1167, 0.1833, 0.3833, 0.6667],
            "transform": [
                [0.999996, 0.002403, -0.001556, -0.0, -0.002164, 0.278531, -0.960425, 0.3, -0.001874, 0.960425, 0.278535, -0.0, 0.0, 0.0, 0.0, 1.0],
                [1.0, 0.0, 0.0, -0.0, -0.0, 0.993938, 0.109947, 0.3, -0.0, -0.109947, 0.993938, 0.0, 0.0, 0.0, 0.0, 1.0],
                [1.0, 0.0, 0.0, -0.0, -0.0, 0.993938, 0.109947, 0.3, -0.0, -0.109947, 0.993938, 0.0, 0.0, 0.0, 0.0, 1.0],
                [1.0, 0.000288, 0.000538, -0.0, -0.000206, 0.989284, -0.146007, 0.3, -0.000575, 0.146007, 0.989284, 0.0, 0.0, 0.0, 0.0, 1.0],
                [1.0, 0.000288, 0.000538, -0.0, -0.000206, 0.989284, -0.146007, 0.3, -0.000575, 0.146007, 0.989284, 0.0, 0.0, 0.0, 0.0, 1.0]
            ]
        },
        {
            "name": "Tool_R",
            "time": [0.0, 0.1167, 0.1833, 0.3833, 0.6667],
            "transform": [
                [-0.016846, 0.996396, 0.083132, -0.0, 0.995041, 0.008555, 0.099094, 0.272858, 0.097979, 0.084339, -0.991012, -0.0, 0.0, 0.0, 0.0, 1.0],
                [0.018115, 0.999679, 0.017699, 0.0, 0.46018, 0.00738, -0.887795, 0.272858, -0.88711, 0.024213, -0.459636, 0.0, 0.0, 0.0, 0.0, 1.0],
                [0.018114, 0.99968, 0.017699, 0.0, 0.46018, 0.00738, -0.887795, 0.272858, -0.887111, 0.024212, -0.459636, -0.0, 0.0, 0.0, 0.0, 1.0],
                [0.104482, 0.994377, 0.017278, -0.0, 0.453011, -0.032119, -0.890927, 0.272858, -0.884832, 0.100853, -0.45356, -0.0, 0.0, 0.0, 0.0, 1.0],
                [0.104482, 0.994377, 0.017278, 0.0, 0.453011, -0.032119, -0.890926, 0.272858, -0.884832, 0.100853, -0.45356, 0.0, 0.0, 0.0, 0.0, 1.0]
            ]
        },
        {
            "name": "Elbow_R",
            "time": [0.0, 0.1167, 0.1833, 0.3833, 0.6667],
            "transform": [
                [-1.0, 0.0, -0.0, -0.0, 0.0, -0.0, -1.0, 0.42786, -0.0, -1.0, 0.0, -0.0, 0.0, 0.0, 0.0, 1.0],
                [-1.0, 0.0, -0.0, -0.0, 0.0, -0.0, -1.0, 0.3, -0.0, -1.0, 0.0, 0.0, 0.0, 0.0, 0.0, 1.0],
                [-1.0, 0.0, -0.0, -0.0, 0.0, -0.0, -1.0, 0.3, -0.0, -1.0, 0.0, 0.0, 0.0, 0.0, 0.0, 1.0],
                [-1.0, 0.0, -0.0, 0.0, 0.0, -0.0, -1.0, 0.323678, -0.0, -1.0, 0.0, 0.0, 0.0, 0.0, 0.0, 1.0],
                [-1.0, 0.0, -0.0, -0.0, 0.0, -0.0, -1.0, 0.323678, -0.0, -1.0, 0.0, 0.0, 0.0, 0.0, 0.0, 1.0]
            ]
        },
        {
            "name": "Shoulder_L",
            "time": [0.0, 0.1167, 0.1833, 0.6667],
            "transform": [
                [0.502422, -0.830492, -0.240531, -0.0, -0.026491, -0.292847, 0.955792, 0.4, -0.864217, -0.473839, -0.169133, -0.0, 0.0, 0.0, 0.0, 1.0],
                [0.497688, -0.822697, -0.274729, -0.0, 0.289869, -0.140768, 0.946657, 0.4, -0.817485, -0.550775, 0.168416, 0.0, 0.0, 0.0, 0.0, 1.0],
                [0.497688, -0.822697, -0.274729, -0.0, 0.289869, -0.140769, 0.946657, 0.4, -0.817485, -0.550776, 0.168415, 0.0, 0.0, 0.0, 0.0, 1.0],
                [0.497688, -0.822697, -0.274729, -0.0, 0.289869, -0.140769, 0.946657, 0.4, -0.817485, -0.550776, 0.168415, 0.0, 0.0, 0.0, 0.0, 1.0]
            ]
        },
        {
            "name": "Arm_L",
            "time": [0.0, 0.1167, 0.1833, 0.3833, 0.6667],
            "transform": [
                [-0.413188, 0.547338, 0.727802, -0.0, -0.767806, 0.220338, -0.601602, 0.39386, -0.489642, -0.807386, 0.329209, -0.0, 0.0, 0.0, 0.0, 1.0],
                [-0.25283, 0.234164, 0.938746, 0.0, -0.627792, 0.698568, -0.343335, 0.39386, -0.736175, -0.676143, -0.029613, 0.0, 0.0, 0.0, 0.0, 1.0],
                [-0.25283, 0.234164, 0.938746, -0.0, -0.627792, 0.698568, -0.343335, 0.39386, -0.736175, -0.676143, -0.029613, -0.0, 0.0, 0.0, 0.0, 1.0],
                [-0.274767, 0.220886, 0.935795, 0.0, -0.656773, 0.667708, -0.350448, 0.39386, -0.702247, -0.710897, -0.038392, -0.0, 0.0, 0.0, 0.0, 1.0],
                [-0.274767, 0.220886, 0.935795, -0.0, -0.656773, 0.667709, -0.350448, 0.39386, -0.702248, -0.710897, -0.038392, -0.0, 0.0, 0.0, 0.0, 1.0]
            ]
        },
        {
            "name": "Hand_L",
            "time": [0.0, 0.1167, 0.1833, 0.3833, 0.6667],
            "transform": [
                [1.020762, 8.3e-05, 0.000312, -0.0, 0.000231, 0.510008, -0.860169, 0.3, -0.000235, 0.860169, 0.510008, -0.0, 0.0, 0.0, 0.0, 1.0],
                [1.020756, 0.002051, -0.003008, 0.0, -0.003709, 0.510004, -0.860165, 0.3, -0.000235, 0.86017, 0.510008, 0.0, 0.0, 0.0, 0.0, 1.0],
                [1.020024, -0.019201, 0.032835, 0.0, 0.038826, 0.509646, -0.859543, 0.3, -0.000235, 0.86017, 0.510008, -0.0, 0.0, 0.0, 0.0, 1.0],
                [1.020024, -0.019201, 0.032835, 0.0, 0.038826, 0.509646, -0.859543, 0.3, -0.000235, 0.86017, 0.510008, -0.0, 0.0, 0.0, 0.0, 1.0],
                [1.020024, -0.019201, 0.032835, -0.0, 0.038826, 0.509646, -0.859543, 0.3, -0.000235, 0.86017, 0.510008, -0.0, 0.0, 0.0, 0.0, 1.0]
            ]
        },
        {
            "name": "Tool_L",
            "time": [0.0, 0.6667],
            "transform": [
                [1.0, -0.0, 0.0, -0.0, -0.0, -0.999836, 0.018122, 0.272858, 0.0, -0.018122, -0.999248, -0.0, 0.0, 0.0, 0.0, 1.0],
                [1.0, -0.0, 0.0, -0.0, -0.0, -0.999835, 0.018122, 0.272858, 0.0, -0.018122, -0.999248, 0.0, 0.0, 0.0, 0.0, 1.0]
            ]
        },
        {
            "name": "Elbow_L",
            "time": [0.0, 0.1167, 0.1833, 0.3833, 0.6667],
            "transform": [
                [-1.0, 0.0, -0.0, -0.0, 0.0, -0.0, -1.0, 0.402429, -0.0, -1.0, 0.0, -0.0, 0.0, 0.0, 0.0, 1.0],
                [-1.0, 0.0, -0.0, 0.0, 0.0, -0.0, -1.0, 0.401723, -0.0, -1.0, -0.0, 0.0, 0.0, 0.0, 0.0, 1.0],
                [-1.0, 0.0, -0.0, 0.0, 0.0, -0.0, -1.0, 0.401723, -0.0, -1.0, -0.0, -0.0, 0.0, 0.0, 0.0, 1.0],
                [-1.0, 0.0, -0.0, 0.0, 0.0, -0.0, -1.0, 0.402186, -0.0, -1.0, -0.0, -0.0, 0.0, 0.0, 0.0, 1.0],
                [-1.0, 0.0, -0.0, -0.0, 0.0, -0.0, -1.0, 0.402187, -0.0, -1.0, -0.0, -0.0, 0.0, 0.0, 0.0, 1.0]
            ]
        }
    ]
}