{
    "animation": [
        {
            "name": "Root",
            "time": [0.0, 0.8333],
            "transform": [
                [1.0, 0.0, 0.0, -2.6e-05, 0.0, 0.0, -1.0, 0.000988, 0.0, 1.0, 0.0, 0.536753, 0.0, 0.0, 0.0, 1.0],
                [1.0, 0.0, 0.0, -2.6e-05, 0.0, 0.0, -1.0, 0.000988, 0.0, 1.0, 0.0, 0.536753, 0.0, 0.0, 0.0, 1.0]
            ]
        },
        {
            "name": "Thigh_R",
            "time": [0.0, 0.8333],
            "transform": [
                [0.691179, 0.651968, 0.311781, 0.124994, 0.205947, -0.591227, 0.779767, -0.002831, 0.692717, -0.474747, -0.542916, -1.2e-05, 0.0, 0.0, 0.0, 1.0],
                [0.691179, 0.651968, 0.311781, 0.124994, 0.205947, -0.591227, 0.779767, -0.002831, 0.692717, -0.474747, -0.542916, -1.2e-05, 0.0, 0.0, 0.0, 1.0]
            ]
        },
        {
            "name": "Leg_R",
            "time": [0.0, 0.8333],
            "transform": [
                [0.999917, -0.003547, -0.012429, -0.0, 0.012631, 0.472181, 0.881411, 0.37472, 0.002742, -0.881496, 0.472185, -0.0, 0.0, 0.0, 0.0, 1.0],
                [0.999917, -0.003547, -0.012429, -0.0, 0.012631, 0.472181, 0.881411, 0.37472, 0.002742, -0.881496, 0.472185, -0.0, 0.0, 0.0, 0.0, 1.0]
            ]
        },
        {
            "name": "Knee_R",
            "time": [0.0, 0.8333],
            "transform": [
                [1.0, 0.0, -0.0, 1.9e-05, -0.0, 1e-06, -1.0, 0.43188, -0.0, 1.0, 1e-06, -0.002891, 0.0, 0.0, 0.0, 1.0],
                [1.0, 0.0, -0.0, 1.9e-05, -0.0, 1e-06, -1.0, 0.43188, -0.0, 1.0, 1e-06, -0.002891, 0.0, 0.0, 0.0, 1.0]
            ]
        },
        {
            "name": "Thigh_L",
            "time": [0.0, 0.8333],
            "transform": [
                [0.661601, -0.695047, -0.281412, -0.125006, -0.211732, -0.533175, 0.819081, -0.002831, -0.719342, -0.482321, -0.499914, -1.2e-05, 0.0, 0.0, 0.0, 1.0],
                [0.661601, -0.695047, -0.281412, -0.125006, -0.211732, -0.533175, 0.819081, -0.002831, -0.719342, -0.482321, -0.499914, -1.2e-05, 0.0, 0.0, 0.0, 1.0]
            ]
        },
        {
            "name": "Leg_L",
            "time": [0.0, 0.8333],
            "transform": [
                [0.999998, 0.00078, 0.00206, 0.0, -0.002199, 0.401285, 0.915951, 0.37472, -0.000112, -0.915953, 0.401286, 0.0, 0.0, 0.0, 0.0, 1.0],
                [0.999998, 0.00078, 0.00206, 0.0, -0.002199, 0.401285, 0.915951, 0.37472, -0.000112, -0.915953, 0.401286, 0.0, 0.0, 0.0, 0.0, 1.0]
            ]
        },
        {
            "name": "Knee_L",
            "time": [0.0, 0.8333],
            "transform": [
                [1.0, 0.0, -0.0, 0.000193, -0.0, 1e-06, -1.0, 0.436899, -0.0, 1.0, 1e-06, -0.001642, 0.0, 0.0, 0.0, 1.0],
                [1.0, 0.0, -0.0, 0.000193, -0.0, 1e-06, -1.0, 0.436899, -0.0, 1.0, 1e-06, -0.001642, 0.0, 0.0, 0.0, 1.0]
            ]
        },
        {
            "name": "Torso",
            "time": [0.0, 0.1667, 0.25, 0.3333, 0.4167, 0.5833, 0.8333],
            "transform": [
                [1.0, 0.0, 0.0, 0.0, 0.0, 0.999733, 0.023127, 0.05, 0.0, -0.023127, 0.999733, 0.0, 0.0, 0.0, 0.0, 1.0],
                [0.970013, 0.005621, -0.242986, 0.0, 0.0, 0.999733, 0.023127, 0.05, 0.243051, -0.022433, 0.969754, 0.0, 0.0, 0.0, 0.0, 1.0],
                [0.970013, 0.005621, -0.242986, 0.0, 0.0, 0.999733, 0.023127, 0.05, 0.243051, -0.022433, 0.969754, 0.0, 0.0, 0.0, 0.0, 1.0],
                [0.989585, -0.003329, 0.143912, 0.0, 0.0, 0.999733, 0.023127, 0.05, -0.14395, -0.022886, 0.98932, 0.0, 0.0, 0.0, 0.0, 1.0],
                [0.860241, -0.011792, 0.509751, 0.0, -0.0, 0.999733, 0.023127, 0.05, -0.509887, -0.019895, 0.860011, 0.0, 0.0, 0.0, 0.0, 1.0],
                [0.860241, -0.011792, 0.509751, 0.0, -0.0, 0.999733, 0.023127, 0.05, -0.509887, -0.019895, 0.860011, 0.0, 0.0, 0.0, 0.0, 1.0],
                [1.0, 0.0, 0.0, 0.0, 0.0, 0.999733, 0.023127, 0.05, 0.0, -0.023127, 0.999733, 0.0, 0.0, 0.0, 0.0, 1.0]
            ]
        },
        {
            "name": "Chest",
            "time": [0.0, 0.1667, 0.25, 0.3333, 0.4167, 0.5833, 0.8333],
            "transform": [
                [1.0, -0.0, -0.0, 0.0, 0.0, 0.992027, 0.126027, 0.3, 0.0, -0.126027, 0.992027, 0.0, 0.0, 0.0, 0.0, 1.0],
                [0.662004, 0.017334, -0.7493, 0.0, -0.017334, 0.999819, 0.007815, 0.3, 0.7493, 0.007815, 0.662185, 0.0, 0.0, 0.0, 0.0, 1.0],
                [0.662004, 0.017334, -0.7493, 0.0, -0.017334, 0.999819, 0.007815, 0.3, 0.7493, 0.007815, 0.662185, 0.0, 0.0, 0.0, 0.0, 1.0],
                [0.984022, 0.148569, -0.098121, -0.0, -0.135407, 0.982305, 0.129392, 0.3, 0.115609, -0.114038, 0.986727, 0.0, 0.0, 0.0, 0.0, 1.0],
                [0.776064, 0.159686, 0.610103, 0.0, -0.301235, 0.943779, 0.136157, 0.3, -0.55406, -0.289451, 0.780536, -0.0, 0.0, 0.0, 0.0, 1.0],
                [0.776064, 0.159686, 0.610103, 0.0, -0.301235, 0.943779, 0.136157, 0.3, -0.55406, -0.289451, 0.780536, -0.0, 0.0, 0.0, 0.0, 1.0],
                [1.0, -0.0, -0.0, 0.0, 0.0, 0.992027, 0.126027, 0.3, 0.0, -0.126027, 0.992027, 0.0, 0.0, 0.0, 0.0, 1.0]
            ]
        },
        {
            "name": "Head",
            "time": [0.0, 0.1667, 0.25, 0.3333, 0.4167, 0.5833, 0.8333],
            "transform": [
                [1.0, -0.0, 0.0, -0.0, 0.0, 0.986426, -0.164204, 0.4, -0.0, 0.164204, 0.986426, -0.0, 0.0, 0.0, 0.0, 1.0],
                [0.460885, -0.020524, 0.887222, 0.0, 0.020524, 0.999711, 0.012465, 0.4, -0.887223, 0.012465, 0.461173, 0.0, 0.0, 0.0, 0.0, 1.0],
                [0.460885, -0.020524, 0.887222, 0.0, 0.020524, 0.999711, 0.012465, 0.4, -0.887223, 0.012465, 0.461173, 0.0, 0.0, 0.0, 0.0, 1.0],
                [0.993073, -0.117493, 0.001202, -0.0, 0.115813, 0.977037, -0.178846, 0.4, 0.019839, 0.177746, 0.983876, -0.0, 0.0, 0.0, 0.0, 1.0],
                [0.391717, -0.311683, -0.865685, -0.0, -0.022794, 0.937299, -0.347781, 0.4, 0.919803, 0.155964, 0.360051, 0.0, 0.0, 0.0, 0.0, 1.0],
                [0.391717, -0.311683, -0.865685, -0.0, -0.022794, 0.937299, -0.347781, 0.4, 0.919803, 0.155964, 0.360051, 0.0, 0.0, 0.0, 0.0, 1.0],
                [1.0, -0.0, 0.0, -0.0, 0.0, 0.986426, -0.164204, 0.4, -0.0, 0.164204, 0.986426, -0.0, 0.0, 0.0, 0.0, 1.0]
            ]
        },
        {
            "name": "Shoulder_R",
            "time": [0.0, 0.1667, 0.25, 0.3333, 0.4167, 0.5833, 0.8333],
            "transform": [
                [0.015511, 0.951995, 0.30572, -0.0, -0.001765, -0.30573, 0.952117, 0.4, 0.999878, -0.015308, -0.003062, -0.0, 0.0, 0.0, 0.0, 1.0],
                [-0.429728, 0.856769, 0.285096, 0.0, 0.000477, -0.31552, 0.948919, 0.4, 0.902958, 0.407913, 0.135179, 0.0, 0.0, 0.0, 0.0, 1.0],
                [-0.429728, 0.856769, 0.285096, 0.0, 0.000477, -0.31552, 0.948919, 0.4, 0.902958, 0.407913, 0.135179, 0.0, 0.0, 0.0, 0.0, 1.0],
                [-0.364387, 0.884141, 0.29243, -0.0, -0.000177, -0.314085, 0.949395, 0.4, 0.931247, 0.345896, 0.114606, -0.0, 0.0, 0.0, 0.0, 1.0],
                [-0.296811, 0.907146, 0.298309, -0.0, -0.000725, -0.312601, 0.949884, 0.4, 0.954935, 0.28172, 0.093442, 0.0, 0.0, 0.0, 0.0, 1.0],
                [-0.296811, 0.907146, 0.298309, -0.0, -0.000725, -0.312601, 0.949884, 0.4, 0.954935, 0.28172, 0.093442, 0.0, 0.0, 0.0, 0.0, 1.0],
                [0.015511, 0.951995, 0.30572, -0.0, -0.001765, -0.30573, 0.952117, 0.4, 0.999878, -0.015308, -0.003062, -0.0, 0.0, 0.0, 0.0, 1.0]
            ]
        },
        {
            "name": "Arm_R",
            "time": [0.0, 0.1667, 0.3333, 0.4167, 0.5833, 0.8333],
            "transform": [
                [0.012223, -0.664126, -0.747521, -0.0, 0.945847, 0.250198, -0.206819, 0.393861, 0.324382, -0.704512, 0.63122, -0.0, 0.0, 0.0, 0.0, 1.0],
                [-0.058211, -0.084348, -0.994734, 0.0, -0.56324, 0.825462, -0.037034, 0.39386, 0.82424, 0.558119, -0.095559, 0.0, 0.0, 0.0, 0.0, 1.0],
                [-0.058211, -0.084348, -0.994734, 0.0, -0.56324, 0.825462, -0.037034, 0.39386, 0.82424, 0.558119, -0.095559, -0.0, 0.0, 0.0, 0.0, 1.0],
                [0.070996, -0.500232, -0.862976, 0.0, -0.319551, 0.808155, -0.494744, 0.39386, 0.944905, 0.31089, -0.102474, -0.0, 0.0, 0.0, 0.0, 1.0],
                [0.070996, -0.500232, -0.862976, 0.0, -0.319551, 0.808155, -0.494744, 0.39386, 0.944905, 0.31089, -0.102474, -0.0, 0.0, 0.0, 0.0, 1.0],
                [0.012223, -0.664126, -0.747521, -0.0, 0.945847, 0.250198, -0.206819, 0.393861, 0.324382, -0.704512, 0.63122, -0.0, 0.0, 0.0, 0.0, 1.0]
            ]
        },
        {
            "name": "Hand_R",
            "time": [0.0, 0.1667, 0.25, 0.3333, 0.4167, 0.8333],
            "transform": [
                [1.0, 0.0, 0.0, -0.0, -0.0, 0.993938, 0.109947, 0.3, -0.0, -0.109947, 0.993938, 0.0, 0.0, 0.0, 0.0, 1.0],
                [0.999795, 0.019242, -0.006344, 0.0, -0.00883, 0.132039, -0.991206, 0.3, -0.018235, 0.991058, 0.132181, -0.0, 0.0, 0.0, 0.0, 1.0],
                [0.999795, 0.019242, -0.006344, 0.0, -0.00883, 0.132039, -0.991206, 0.3, -0.018235, 0.991058, 0.132181, -0.0, 0.0, 0.0, 0.0, 1.0],
                [0.999827, 0.018567, -0.00114, -0.0, -0.009142, 0.437078, -0.899378, 0.3, -0.0162, 0.899232, 0.437172, 0.0, 0.0, 0.0, 0.0, 1.0],
                [1.0, 0.0, 0.0, 0.0, -0.0, 0.993938, 0.109947, 0.3, -0.0, -0.109947, 0.993938, -0.0, 0.0, 0.0, 0.0, 1.0],
                [1.0, 0.0, 0.0, -0.0, -0.0, 0.993938, 0.109947, 0.3, -0.0, -0.109947, 0.993938, 0.0, 0.0, 0.0, 0.0, 1.0]
            ]
        },
        {
            "name": "Tool_R",
            "time": [0.0, 0.25, 0.3333, 0.4167, 0.5833, 0.8333],
            "transform": [
                [1.0, 0.0, 0.0, 0.0, 0.0, -0.999844, 0.018122, 0.272858, 0.0, -0.018122, -0.999235, 0.0, 0.0, 0.0, 0.0, 1.0],
                [0.000387, 0.993003, 0.118153, -0.083078, 0.995525, 0.010782, -0.093875, 0.261408, -0.094425, 0.117593, -0.987956, -0.00211, 0.0, 0.0, 0.0, 1.0],
                [0.006389, 0.994089, 0.108461, -0.075773, 0.834225, 0.054509, -0.54872, 0.265743, -0.551052, 0.093933, -0.828446, 0.005049, 0.0, 0.0, 0.0, 1.0],
                [0.007075, 0.995273, 0.096946, -0.068468, 0.471222, 0.082192, -0.878169, 0.270123, -0.881459, 0.051868, -0.468138, 0.012195, 0.0, 0.0, 0.0, 1.0],
                [0.007075, 0.995273, 0.096946, -0.068468, 0.471222, 0.082192, -0.878169, 0.270123, -0.881459, 0.051868, -0.468138, 0.012195, 0.0, 0.0, 0.0, 1.0],
                [1.0, 0.0, 0.0, 0.0, 0.0, -0.999844, 0.018122, 0.272858, 0.0, -0.018122, -0.999235, 0.0, 0.0, 0.0, 0.0, 1.0]
            ]
        },
        {
            "name": "Elbow_R",
            "time": [0.0, 0.8333],
            "transform": [
                [-1.0, 0.0, -0.0, -0.0, 0.0, 0.0, -1.0, 0.3, -0.0, -1.0, 0.0, 0.0, 0.0, 0.0, 0.0, 1.0],
                [-1.0, 0.0, -0.0, -0.0, 0.0, 0.0, -1.0, 0.3, -0.0, -1.0, 0.0, 0.0, 0.0, 0.0, 0.0, 1.0]
            ]
        },
        {
            "name": "Shoulder_L",
            "time": [0.0, 0.8333],
            "transform": [
                [0.013526, -0.952024, -0.305725, -0.0, 0.00154, -0.305733, 0.952116, 0.4, -0.999907, -0.013349, -0.00267, -0.0, 0.0, 0.0, 0.0, 1.0],
                [0.013526, -0.952024, -0.305725, -0.0, 0.00154, -0.305733, 0.952116, 0.4, -0.999907, -0.013349, -0.00267, -0.0, 0.0, 0.0, 0.0, 1.0]
            ]
        },
        {
            "name": "Arm_L",
            "time": [0.0, 0.1667, 0.25, 0.3333, 0.4167, 0.5833, 0.8333],
            "transform": [
                [0.016389, 0.663999, 0.747553, -0.0, -0.944508, 0.255603, -0.206328, 0.39386, -0.328079, -0.702689, 0.631342, 0.0, 0.0, 0.0, 0.0, 1.0],
                [0.243976, 0.100659, 0.964543, -0.0, -0.84087, 0.51745, 0.158693, 0.39386, -0.483129, -0.849773, 0.210886, -0.0, 0.0, 0.0, 0.0, 1.0],
                [0.243976, 0.100659, 0.964543, -0.0, -0.84087, 0.51745, 0.158693, 0.39386, -0.483129, -0.849773, 0.210886, -0.0, 0.0, 0.0, 0.0, 1.0],
                [0.217568, 0.197953, 0.955761, -0.0, -0.864332, 0.493975, 0.094446, 0.39386, -0.453426, -0.846642, 0.27857, 0.0, 0.0, 0.0, 0.0, 1.0],
                [0.187114, 0.293969, 0.937321, 0.0, -0.88559, 0.463401, 0.031452, 0.39386, -0.425109, -0.835967, 0.347045, 0.0, 0.0, 0.0, 0.0, 1.0],
                [0.187114, 0.293969, 0.937321, 0.0, -0.88559, 0.463401, 0.031452, 0.39386, -0.425109, -0.835967, 0.347045, 0.0, 0.0, 0.0, 0.0, 1.0],
                [0.016389, 0.663999, 0.747553, -0.0, -0.944508, 0.255603, -0.206328, 0.39386, -0.328079, -0.702689, 0.631342, 0.0, 0.0, 0.0, 0.0, 1.0]
            ]
        },
        {
            "name": "Hand_L",
            "time": [0.0, 0.1667, 0.25, 0.3333, 0.4167, 0.5833, 0.8333],
            "transform": [
                [1.0, 0.0, 0.0, -0.0, -0.0, 0.993938, 0.109947, 0.3, -0.0, -0.109947, 0.993938, -0.0, 0.0, 0.0, 0.0, 1.0],
                [0.999907, 0.013585, -0.00071, 0.0, -0.007709, 0.522871, -0.852378, 0.3, -0.011209, 0.852304, 0.522927, -0.0, 0.0, 0.0, 0.0, 1.0],
                [0.999907, 0.013585, -0.00071, 0.0, -0.007709, 0.522871, -0.852378, 0.3, -0.011209, 0.852304, 0.522927, -0.0, 0.0, 0.0, 0.0, 1.0],
                [0.999931, 0.011721, 0.000388, -0.0, -0.007445, 0.659981, -0.751246, 0.3, -0.009062, 0.751192, 0.660023, -0.0, 0.0, 0.0, 0.0, 1.0],
                [0.999953, 0.009625, 0.001174, -0.0, -0.006792, 0.781696, -0.623623, 0.3, -0.00692, 0.623586, 0.781724, -0.0, 0.0, 0.0, 0.0, 1.0],
                [0.999953, 0.009625, 0.001174, -0.0, -0.006792, 0.781696, -0.623623, 0.3, -0.00692, 0.623586, 0.781724, -0.0, 0.0, 0.0, 0.0, 1.0],
                [1.0, 0.0, 0.0, -0.0, -0.0, 0.993938, 0.109947, 0.3, -0.0, -0.109947, 0.993938, -0.0, 0.0, 0.0, 0.0, 1.0]
            ]
        },
        {
            "name": "Tool_L",
            "time": [0.0, 0.8333],
            "transform": [
                [1.0, 0.0, 0.0, -0.0, 0.0, -0.999836, 0.018122, 0.272857, 0.0, -0.018122, -0.999248, 0.0, 0.0, 0.0, 0.0, 1.0],
                [1.0, 0.0, 0.0, -0.0, 0.0, -0.999836, 0.018122, 0.272857, 0.0, -0.018122, -0.999248, 0.0, 0.0, 0.0, 0.0, 1.0]
            ]
        },
        {
            "name": "Elbow_L",
            "time": [0.0, 0.8333],
            "transform": [
                [-1.0, 0.0, -0.0, -0.0, 0.0, -0.0, -1.0, 0.3, -0.0, -1.0, -0.0, -0.0, 0.0, 0.0, 0.0, 1.0],
                [-1.0, 0.0, -0.0, -0.0, 0.0, -0.0, -1.0, 0.3, -0.0, -1.0, -0.0, -0.0, 0.0, 0.0, 0.0, 1.0]
            ]
        }
    ]
}