{
    "animation": [
        {
            "name": "Root",
            "time": [0.0, 0.0833, 0.1667, 0.3333, 0.8333],
            "transform": [
                [0.255131, 0.0, -0.966907, -5e-06, -0.962781, -0.092282, -0.254043, 0.000946, -0.089228, 0.995733, -0.023544, 0.661193, 0.0, 0.0, 0.0, 1.0],
                [0.998991, 0.018155, -0.041082, -5e-06, -0.042878, 0.113178, -0.992649, 0.521355, -0.013372, 0.993409, 0.113843, 0.761779, 0.0, 0.0, 0.0, 1.0],
                [0.237571, -0.057877, 0.969644, -5e-06, 0.933919, 0.288117, -0.211621, 0.972964, -0.267123, 0.955844, 0.122501, 0.661193, 0.0, 0.0, 0.0, 1.0],
                [0.195567, -0.067885, 0.978338, -5e-06, 0.942808, 0.287607, -0.168508, 1.009382, -0.269938, 0.955339, 0.120249, 0.661193, 0.0, 0.0, 0.0, 1.0],
                [0.195567, -0.067885, 0.978338, -5e-06, 0.942808, 0.287607, -0.168508, 1.009382, -0.269938, 0.955339, 0.120249, 0.661193, 0.0, 0.0, 0.0, 1.0]
            ]
        },
        {
            "name": "Thigh_R",
            "time": [0.0, 0.0833, 0.1667, 0.3333, 0.8333],
            "transform": [
                [0.817312, 0.51513, -0.258147, 0.124994, 0.512203, -0.854747, -0.083977, -0.002831, -0.26391, -0.063587, -0.962449, -1.2e-05, 0.0, 0.0, 0.0, 1.0],
                [0.998656, 0.00154, -0.051804, 0.124994, 0.033595, -0.780351, 0.624436, -0.002831, -0.039464, -0.625336, -0.779357, -1.2e-05, 0.0, 0.0, 0.0, 1.0],
                [0.225486, 0.893777, 0.387706, 0.124994, -0.062385, -0.38389, 0.921269, -0.00283, 0.972247, -0.23192, -0.030804, -1.2e-05, 0.0, 0.0, 0.0, 1.0],
                [0.195281, 0.902742, 0.3833, 0.124994, -0.051925, -0.380758, 0.923215, -0.002831, 0.979371, -0.200189, -0.02748, -1.2e-05, 0.0, 0.0, 0.0, 1.0],
                [0.195281, 0.902742, 0.3833, 0.124994, -0.051925, -0.380758, 0.923215, -0.002831, 0.979371, -0.200189, -0.02748, -1.2e-05, 0.0, 0.0, 0.0, 1.0]
            ]
        },
        {
            "name": "Leg_R",
            "time": [0.0, 0.0833, 0.1667, 0.3333, 0.8333],
            "transform": [
                [1.0, -0.0, 1e-06, 0.0, -0.0, 0.906612, 0.421966, 0.37472, -1e-06, -0.421966, 0.906611, -0.0, 0.0, 0.0, 0.0, 1.0],
                [1.0, -1e-06, 1e-06, 0.0, -1e-06, 0.141618, 0.989921, 0.37472, -1e-06, -0.989922, 0.141618, 0.0, 0.0, 0.0, 0.0, 1.0],
                [1.0, 0.0, 1e-06, 0.0, -1e-06, 0.586229, 0.810145, 0.37472, -0.0, -0.810146, 0.586228, -0.0, 0.0, 0.0, 0.0, 1.0],
                [1.0, -0.0, 1e-06, 0.0, -0.0, 0.62146, 0.783445, 0.37472, -0.0, -0.783446, 0.62146, 0.0, 0.0, 0.0, 0.0, 1.0],
                [1.0, -0.0, 1e-06, 0.0, -0.0, 0.62146, 0.783445, 0.37472, -0.0, -0.783446, 0.62146, 0.0, 0.0, 0.0, 0.0, 1.0]
            ]
        },
        {
            "name": "Knee_R",
            "time": [0.0, 0.0833, 0.1667, 0.8333],
            "transform": [
                [1.0, 0.0, -0.0, 0.0, -0.0, 1e-06, -1.0, 0.385905, -0.0, 1.0, 1e-06, -0.0, 0.0, 0.0, 0.0, 1.0],
                [1.0, 0.0, -0.0, 0.0, -0.0, 1e-06, -1.0, 0.460337, -0.0, 1.0, 1e-06, -0.0, 0.0, 0.0, 0.0, 1.0],
                [1.0, 0.0, -0.0, 0.0, -0.0, 1e-06, -1.0, 0.415409, -0.0, 1.0, 1e-06, -0.0, 0.0, 0.0, 0.0, 1.0],
                [1.0, 0.0, -0.0, 0.0, -0.0, 1e-06, -1.0, 0.415409, -0.0, 1.0, 1e-06, 0.0, 0.0, 0.0, 0.0, 1.0]
            ]
        },
        {
            "name": "Thigh_L",
            "time": [0.0, 0.0833, 0.1667, 0.3333, 0.8333],
            "transform": [
                [0.253848, -0.573352, -0.778992, -0.125006, -0.028412, -0.809445, 0.586508, -0.002831, -0.966827, -0.126751, -0.221766, -1.2e-05, 0.0, 0.0, 0.0, 1.0],
                [0.999428, 0.017789, -0.028757, -0.125006, 0.022602, -0.983984, 0.176816, -0.002831, -0.025151, -0.177364, -0.983824, -1.2e-05, 0.0, 0.0, 0.0, 1.0],
                [0.992007, -0.116719, 0.047938, -0.125006, -0.124843, -0.963057, 0.23861, -0.002831, 0.018317, -0.242687, -0.969932, -1.2e-05, 0.0, 0.0, 0.0, 1.0],
                [0.987439, -0.135377, 0.081463, -0.125006, -0.1487, -0.970536, 0.189595, -0.002831, 0.053397, -0.199327, -0.978477, -1.2e-05, 0.0, 0.0, 0.0, 1.0],
                [0.987439, -0.135377, 0.081463, -0.125006, -0.1487, -0.970536, 0.189595, -0.002831, 0.053397, -0.199327, -0.978477, -1.2e-05, 0.0, 0.0, 0.0, 1.0]
            ]
        },
        {
            "name": "Leg_L",
            "time": [0.0, 0.0833, 0.1667, 0.3333, 0.8333],
            "transform": [
                [1.0, -1e-06, 0.0, -0.0, 0.0, 0.776606, 0.629986, 0.37472, -1e-06, -0.629985, 0.776607, -0.0, 0.0, 0.0, 0.0, 1.0],
                [1.0, -0.0, 1e-06, 0.0, 0.0, 0.988358, 0.152142, 0.37472, -1e-06, -0.152142, 0.988359, 0.0, 0.0, 0.0, 0.0, 1.0],
                [1.0, -0.0, 1e-06, -0.0, 0.0, 0.931917, 0.362671, 0.37472, -1e-06, -0.362671, 0.931917, -0.0, 0.0, 0.0, 0.0, 1.0],
                [1.0, -0.0, 5e-06, 0.0, -1e-06, 0.969516, 0.245028, 0.37472, -5e-06, -0.245028, 0.969516, -0.0, 0.0, 0.0, 0.0, 1.0],
                [1.0, -0.0, 5e-06, 0.0, -1e-06, 0.969516, 0.245028, 0.37472, -5e-06, -0.245028, 0.969516, -0.0, 0.0, 0.0, 0.0, 1.0]
            ]
        },
        {
            "name": "Knee_L",
            "time": [0.0, 0.0833, 0.1667, 0.8333],
            "transform": [
                [1.0, 0.0, -0.0, 0.0, -0.0, 1e-06, -1.0, 0.399444, -0.0, 1.0, 1e-06, -0.0, 0.0, 0.0, 0.0, 1.0],
                [1.0, 0.0, -0.0, 0.0, -0.0, 1e-06, -1.0, 0.361157, -0.0, 1.0, 1e-06, -0.0, 0.0, 0.0, 0.0, 1.0],
                [1.0, 0.0, -0.0, -0.0, -0.0, 1e-06, -1.0, 0.37472, -0.0, 1.0, 1e-06, -0.0, 0.0, 0.0, 0.0, 1.0],
                [1.0, 0.0, -0.0, 0.0, -0.0, 1e-06, -1.0, 0.37472, -0.0, 1.0, 1e-06, -0.0, 0.0, 0.0, 0.0, 1.0]
            ]
        },
        {
            "name": "Torso",
            "time": [0.0, 0.8333],
            "transform": [
                [1.0, -0.0, -0.0, 0.0, -0.0, 1.0, -0.0, 0.05, -0.0, -0.0, 1.0, 0.0, 0.0, 0.0, 0.0, 1.0],
                [1.0, -0.0, -0.0, 0.0, -0.0, 1.0, 0.0, 0.05, 0.0, 0.0, 1.0, -0.0, 0.0, 0.0, 0.0, 1.0]
            ]
        },
        {
            "name": "Chest",
            "time": [0.0, 0.0833, 0.1667, 0.3333, 0.8333],
            "transform": [
                [0.999716, -0.023825, 0.000694, 0.0, 0.023825, 0.99802, -0.058215, 0.3, 0.000694, 0.058215, 0.998304, 0.0, 0.0, 0.0, 0.0, 1.0],
                [0.999716, -0.023825, 0.000694, -0.0, 0.023825, 0.99802, -0.058213, 0.3, 0.000694, 0.058213, 0.998304, 0.0, 0.0, 0.0, 0.0, 1.0],
                [0.999716, -0.023825, 0.000694, -0.0, 0.023826, 0.99802, -0.058214, 0.3, 0.000694, 0.058214, 0.998304, 0.0, 0.0, 0.0, 0.0, 1.0],
                [0.999716, -0.023825, 0.000694, -0.0, 0.023825, 0.99802, -0.058215, 0.3, 0.000694, 0.058215, 0.998304, 0.0, 0.0, 0.0, 0.0, 1.0],
                [0.999716, -0.023825, 0.000694, -0.0, 0.023825, 0.99802, -0.058215, 0.3, 0.000694, 0.058215, 0.998304, 0.0, 0.0, 0.0, 0.0, 1.0]
            ]
        },
        {
            "name": "Head",
            "time": [0.0, 0.0833, 0.1667, 0.8333],
            "transform": [
                [0.250702, -0.058698, 0.966283, -0.0, -0.064372, 0.99494, 0.077141, 0.4, -0.965922, -0.081541, 0.245655, 0.0, 0.0, 0.0, 0.0, 1.0],
                [0.999437, 0.009357, 0.032224, 0.0, -0.007613, 0.998521, -0.053839, 0.4, -0.03268, 0.053564, 0.99803, 0.0, 0.0, 0.0, 0.0, 1.0],
                [0.287466, -0.158463, -0.944591, 0.0, -0.010647, 0.985629, -0.168588, 0.4, 0.957732, 0.05852, 0.281648, 0.0, 0.0, 0.0, 0.0, 1.0],
                [0.287466, -0.158464, -0.944591, -0.0, -0.010647, 0.985629, -0.168588, 0.4, 0.957732, 0.05852, 0.281648, 0.0, 0.0, 0.0, 0.0, 1.0]
            ]
        },
        {
            "name": "Shoulder_R",
            "time": [0.0, 0.0833, 0.1667, 0.3333, 0.8333],
            "transform": [
                [0.0, 0.952114, 0.305743, -0.0, 0.0, -0.305743, 0.952114, 0.4, 1.0, -0.0, -0.0, 0.0, 0.0, 0.0, 0.0, 1.0],
                [0.330357, 0.861724, 0.385092, 0.0, 0.029849, -0.417333, 0.908263, 0.4, 0.943384, -0.288557, -0.163591, 0.0, 0.0, 0.0, 0.0, 1.0],
                [0.589242, 0.695626, 0.410971, 0.0, 0.04219, -0.534453, 0.844145, 0.4, 0.806854, -0.480067, -0.344271, 0.0, 0.0, 0.0, 0.0, 1.0],
                [0.598447, 0.687688, 0.411031, -0.0, 0.042521, -0.539583, 0.840858, 0.4, 0.800033, -0.485731, -0.352153, 0.0, 0.0, 0.0, 0.0, 1.0],
                [0.598447, 0.687688, 0.411031, -0.0, 0.042521, -0.539583, 0.840858, 0.4, 0.800033, -0.485731, -0.352153, 0.0, 0.0, 0.0, 0.0, 1.0]
            ]
        },
        {
            "name": "Arm_R",
            "time": [0.0, 0.0833, 0.1667, 0.3333, 0.8333],
            "transform": [
                [0.733979, -0.575727, -0.360296, -0.0, 0.623261, 0.781745, 0.020509, 0.39386, 0.269852, -0.239612, 0.932612, -0.0, 0.0, 0.0, 0.0, 1.0],
                [0.06007, -0.994961, -0.080275, 0.0, 0.621079, -0.025704, 0.783326, 0.393861, -0.781443, -0.096911, 0.616406, 0.0, 0.0, 0.0, 0.0, 1.0],
                [0.653824, -0.753308, -0.071004, -0.0, 0.338684, 0.207453, 0.917745, 0.393861, -0.676615, -0.624092, 0.390771, -0.0, 0.0, 0.0, 0.0, 1.0],
                [0.650382, -0.756048, -0.073444, -0.0, 0.330919, 0.194978, 0.923296, 0.393861, -0.683737, -0.624799, 0.377002, -0.0, 0.0, 0.0, 0.0, 1.0],
                [0.650382, -0.756048, -0.073444, -0.0, 0.330919, 0.194978, 0.923296, 0.393861, -0.683737, -0.624799, 0.377002, -0.0, 0.0, 0.0, 0.0, 1.0]
            ]
        },
        {
            "name": "Hand_R",
            "time": [0.0, 0.0833, 0.1667, 0.3333, 0.8333],
            "transform": [
                [0.999858, 0.0053, -0.015973, 0.0, -0.016285, 0.065148, -0.997743, 0.3, -0.004247, 0.997862, 0.065225, -0.0, 0.0, 0.0, 0.0, 1.0],
                [0.999986, 0.001709, 0.005095, -0.0, -0.001483, 0.999025, -0.044132, 0.3, -0.005166, 0.044123, 0.999013, -0.0, 0.0, 0.0, 0.0, 1.0],
                [0.999986, 0.001709, 0.005095, -0.0, -0.001483, 0.999025, -0.044132, 0.3, -0.005166, 0.044124, 0.999013, 0.0, 0.0, 0.0, 0.0, 1.0],
                [0.999985, 0.001325, 0.005391, -0.0, -0.00125, 0.999903, -0.013883, 0.3, -0.005409, 0.013876, 0.999889, -0.0, 0.0, 0.0, 0.0, 1.0],
                [0.999985, 0.001325, 0.005391, -0.0, -0.00125, 0.999903, -0.013883, 0.3, -0.005409, 0.013876, 0.999889, -0.0, 0.0, 0.0, 0.0, 1.0]
            ]
        },
        {
            "name": "Tool_R",
            "time": [0.0, 0.0833, 0.1667, 0.3333, 0.8333],
            "transform": [
                [-0.211329, 0.056732, -0.975756, -0.544628, 0.195703, -0.975643, -0.099107, 0.257031, -0.957066, -0.211788, 0.194958, 0.126891, 0.0, 0.0, 0.0, 1.0],
                [0.99944, -0.031143, 0.013192, 0.017279, -0.024483, -0.935272, -0.353079, 0.062214, 0.023321, 0.352339, -0.934938, -0.580549, 0.0, 0.0, 0.0, 1.0],
                [0.99944, -0.031143, 0.013192, 0.017279, -0.024483, -0.935272, -0.353078, 0.062214, 0.023321, 0.352339, -0.934938, -0.580549, 0.0, 0.0, 0.0, 1.0],
                [0.998013, -0.042482, 0.046801, 0.030018, -0.022813, -0.932637, -0.360091, 0.057797, 0.058912, 0.358086, -0.931182, -0.596588, 0.0, 0.0, 0.0, 1.0],
                [0.998013, -0.042482, 0.046801, 0.030018, -0.022813, -0.932637, -0.360091, 0.057797, 0.058912, 0.358086, -0.931182, -0.596588, 0.0, 0.0, 0.0, 1.0]
            ]
        },
        {
            "name": "Elbow_R",
            "time": [0.0, 0.0833, 0.1667, 0.8333],
            "transform": [
                [-1.0, 0.0, -0.0, 0.0, -0.0, -0.0, -1.0, 0.456822, -0.0, -1.0, 0.0, 0.0, 0.0, 0.0, 0.0, 1.0],
                [-1.0, 0.0, -0.0, -0.0, 0.0, -0.0, -1.0, 0.321192, -0.0, -1.0, 0.0, -0.0, 0.0, 0.0, 0.0, 1.0],
                [-1.0, 0.0, 0.0, -0.0, 0.0, 0.0, -1.0, 0.32237, -0.0, -1.0, 0.0, 0.0, 0.0, 0.0, 0.0, 1.0],
                [-1.0, 0.0, -0.0, -0.0, -0.0, -0.0, -1.0, 0.32237, -0.0, -1.0, 0.0, -0.0, 0.0, 0.0, 0.0, 1.0]
            ]
        },
        {
            "name": "Shoulder_L",
            "time": [0.0, 0.0833, 0.1667, 0.3333, 0.8333],
            "transform": [
                [0.680313, -0.671792, -0.293035, -0.0, 0.06695, -0.341185, 0.937609, 0.4, -0.729857, -0.657486, -0.187136, 0.0, 0.0, 0.0, 0.0, 1.0],
                [-0.614811, -0.750053, -0.243779, 0.0, -0.097746, -0.23425, 0.96725, 0.4, -0.782594, 0.618504, 0.070705, 0.0, 0.0, 0.0, 0.0, 1.0],
                [-0.58879, -0.805063, -0.072107, 0.0, -0.042261, -0.058427, 0.997397, 0.4, -0.807181, 0.590304, 0.000379, 0.0, 0.0, 0.0, 0.0, 1.0],
                [-0.606892, -0.79201, -0.066346, -0.0, -0.04242, -0.051079, 0.997793, 0.4, -0.793651, 0.608367, -0.002597, 0.0, 0.0, 0.0, 0.0, 1.0],
                [-0.606892, -0.79201, -0.066346, -0.0, -0.04242, -0.051079, 0.997793, 0.4, -0.793651, 0.608367, -0.002597, 0.0, 0.0, 0.0, 0.0, 1.0]
            ]
        },
        {
            "name": "Arm_L",
            "time": [0.0, 0.0833, 0.1667, 0.3333, 0.8333],
            "transform": [
                [0.106307, 0.985647, -0.131143, 0.0, -0.03333, -0.128284, -0.991177, 0.39386, -0.993775, 0.10974, 0.019214, 0.0, 0.0, 0.0, 0.0, 1.0],
                [-0.58198, 0.624054, 0.521398, 0.0, -0.082611, 0.592479, -0.801339, 0.39386, -0.808996, -0.509436, -0.293257, 0.0, 0.0, 0.0, 0.0, 1.0],
                [-0.745859, -0.227635, 0.626, 0.0, -0.074285, 0.962357, 0.261438, 0.39386, -0.661949, 0.148494, -0.734693, -0.0, 0.0, 0.0, 0.0, 1.0],
                [-0.751839, -0.260904, 0.60553, 0.0, -0.095316, 0.95174, 0.291729, 0.39386, -0.652421, 0.161616, -0.740424, 0.0, 0.0, 0.0, 0.0, 1.0],
                [-0.751839, -0.260904, 0.60553, 0.0, -0.095316, 0.95174, 0.291729, 0.39386, -0.652421, 0.161616, -0.740424, 0.0, 0.0, 0.0, 0.0, 1.0]
            ]
        },
        {
            "name": "Hand_L",
            "time": [0.0, 0.0833, 0.1667, 0.3333, 0.8333],
            "transform": [
                [1.0, 0.0, 0.0, 0.0, -0.0, 0.993938, 0.109947, 0.3, -0.0, -0.109947, 0.993938, 0.0, 0.0, 0.0, 0.0, 1.0],
                [0.999896, -0.010602, 0.009779, 0.0, 0.01415, 0.852436, -0.52264, 0.3, -0.002795, 0.522724, 0.852498, 0.0, 0.0, 0.0, 0.0, 1.0],
                [0.999618, -0.012896, 0.024464, 0.0, 0.027362, 0.332805, -0.942599, 0.3, 0.004014, 0.942908, 0.33303, -0.0, 0.0, 0.0, 0.0, 1.0],
                [0.999604, -0.012772, 0.025079, -0.0, 0.027785, 0.306095, -0.951596, 0.3, 0.004477, 0.951915, 0.306329, -0.0, 0.0, 0.0, 0.0, 1.0],
                [0.999604, -0.012772, 0.025079, -0.0, 0.027785, 0.306095, -0.951596, 0.3, 0.004477, 0.951915, 0.306329, -0.0, 0.0, 0.0, 0.0, 1.0]
            ]
        },
        {
            "name": "Tool_L",
            "time": [0.0, 0.8333],
            "transform": [
                [1.0, -0.0, 0.0, -0.0, -0.0, -0.999836, 0.018122, 0.272858, 0.0, -0.018122, -0.999248, -0.0, 0.0, 0.0, 0.0, 1.0],
                [1.0, -0.0, 0.0, 0.0, -0.0, -0.999836, 0.018122, 0.272858, 0.0, -0.018122, -0.999248, 0.0, 0.0, 0.0, 0.0, 1.0]
            ]
        },
        {
            "name": "Elbow_L",
            "time": [0.0, 0.0833, 0.1667, 0.8333],
            "transform": [
                [-1.0, 0.0, -0.0, 0.0, 0.0, -0.0, -1.0, 0.3, -0.0, -1.0, -0.0, 0.0, 0.0, 0.0, 0.0, 1.0],
                [-1.0, 0.0, -0.0, 0.0, 0.0, 0.0, -1.0, 0.364166, -0.0, -1.0, -0.0, 0.0, 0.0, 0.0, 0.0, 1.0],
                [-1.0, 0.0, -0.0, 0.0, 0.0, -0.0, -1.0, 0.418912, -0.0, -1.0, -0.0, -0.0, 0.0, 0.0, 0.0, 1.0],
                [-1.0, 0.0, -0.0, -0.0, 0.0, -0.0, -1.0, 0.418912, -0.0, -1.0, -0.0, -0.0, 0.0, 0.0, 0.0, 1.0]
            ]
        }
    ]
}