{
    "animation": [
        {
            "name": "Root",
            "time": [0.0, 0.1, 0.1833, 0.4167, 0.7],
            "transform": [
                [0.817803, 0.0, -0.575498, -5e-06, -0.575498, 0.0, -0.817803, 0.004561, 0.0, 1.0, 0.0, 0.715646, 0.0, 0.0, 0.0, 1.0],
                [0.954208, 0.040749, 0.296355, -5e-06, 0.292224, 0.084861, -0.952577, 1.331103, -0.063965, 0.995559, 0.069067, 0.675539, 0.0, 0.0, 0.0, 1.0],
                [0.370443, 0.000285, 0.928855, -5e-06, 0.916051, 0.165359, -0.365387, 2.102474, -0.153698, 0.986233, 0.060995, 0.655934, 0.0, 0.0, 0.0, 1.0],
                [0.36726, 0.0, 0.930118, -5e-06, 0.917281, 0.16557, -0.362191, 2.15122, -0.154, 0.986198, 0.060807, 0.655912, 0.0, 0.0, 0.0, 1.0],
                [0.36726, 0.0, 0.930118, -5e-06, 0.917281, 0.16557, -0.362191, 2.15122, -0.154, 0.986198, 0.060807, 0.655912, 0.0, 0.0, 0.0, 1.0]
            ]
        },
        {
            "name": "Thigh_R",
            "time": [0.0, 0.1, 0.1833, 0.4167, 0.7],
            "transform": [
                [0.98012, 0.123987, -0.154892, 0.124994, 0.139886, -0.985469, 0.096318, -0.002831, -0.1407, -0.11607, -0.983225, -1.2e-05, 0.0, 0.0, 0.0, 1.0],
                [0.956036, 0.241116, 0.166904, 0.124994, 0.057519, -0.712283, 0.69953, -0.002831, 0.287551, -0.659174, -0.69484, -1.1e-05, 0.0, 0.0, 0.0, 1.0],
                [0.332202, 0.810756, 0.48199, 0.124994, 0.063004, -0.528942, 0.846316, -0.002831, 0.941101, -0.25078, -0.226798, -1.1e-05, 0.0, 0.0, 0.0, 1.0],
                [0.325633, 0.813579, 0.481714, 0.124994, 0.063202, -0.527072, 0.847467, -0.002831, 0.943381, -0.245517, -0.223053, -1.1e-05, 0.0, 0.0, 0.0, 1.0],
                [0.325633, 0.813579, 0.481714, 0.124994, 0.063202, -0.527072, 0.847467, -0.002831, 0.943381, -0.245517, -0.223053, -1.1e-05, 0.0, 0.0, 0.0, 1.0]
            ]
        },
        {
            "name": "Leg_R",
            "time": [0.0, 0.1, 0.1833, 0.7],
            "transform": [
                [1.0, -0.0, 1e-06, -0.0, -0.0, 0.919734, 0.392544, 0.37472, -1e-06, -0.392545, 0.919732, 0.0, 0.0, 0.0, 0.0, 1.0],
                [1.0, -1e-06, 2e-06, -0.0, -2e-06, -0.021774, 0.999762, 0.37472, -1e-06, -0.999764, -0.021773, 0.0, 0.0, 0.0, 0.0, 1.0],
                [1.0, -0.0, 1e-06, 0.0, -0.0, 0.613945, 0.789349, 0.37472, -0.0, -0.78935, 0.613944, -0.0, 0.0, 0.0, 0.0, 1.0],
                [1.0, -0.0, 1e-06, -0.0, -0.0, 0.613945, 0.789349, 0.37472, -0.0, -0.78935, 0.613944, -0.0, 0.0, 0.0, 0.0, 1.0]
            ]
        },
        {
            "name": "Knee_R",
            "time": [0.0, 0.1, 0.1833, 0.4167, 0.7],
            "transform": [
                [1.0, 0.0, -0.0, 0.0, -0.0, 1e-06, -1.0, 0.381097, -0.0, 1.0, 1e-06, 0.0, 0.0, 0.0, 0.0, 1.0],
                [1.0, 0.0, -0.0, 0.0, -0.0, 1e-06, -1.0, 0.478986, -0.0, 1.0, 1e-06, -0.0, 0.0, 0.0, 0.0, 1.0],
                [1.0, 0.0, -0.0, 0.0, -0.0, 1e-06, -1.0, 0.409437, -0.0, 1.0, 1e-06, -0.0, 0.0, 0.0, 0.0, 1.0],
                [1.0, 0.0, -0.0, -0.0, -0.0, 1e-06, -1.0, 0.408628, -0.0, 1.0, 1e-06, -0.0, 0.0, 0.0, 0.0, 1.0],
                [1.0, 0.0, -0.0, -0.0, -0.0, 1e-06, -1.0, 0.408628, -0.0, 1.0, 1e-06, -0.0, 0.0, 0.0, 0.0, 1.0]
            ]
        },
        {
            "name": "Thigh_L",
            "time": [0.0, 0.1, 0.1833, 0.4167, 0.7],
            "transform": [
                [0.811599, -0.106173, -0.574486, -0.125006, 0.000335, -0.983262, 0.182193, -0.002831, -0.584214, -0.14806, -0.79798, -1.2e-05, 0.0, 0.0, 0.0, 1.0],
                [0.95594, -0.080302, -0.282365, -0.125006, -0.152259, -0.957996, -0.243023, -0.00283, -0.25099, 0.275308, -0.928014, -1.2e-05, 0.0, 0.0, 0.0, 1.0],
                [0.950235, -0.267483, 0.159703, -0.125006, -0.291344, -0.944544, 0.151507, -0.00283, 0.110321, -0.190496, -0.975469, -1.3e-05, 0.0, 0.0, 0.0, 1.0],
                [0.949598, -0.267974, 0.162646, -0.125006, -0.292921, -0.943326, 0.155988, -0.00283, 0.111628, -0.195768, -0.974276, -1.3e-05, 0.0, 0.0, 0.0, 1.0],
                [0.949598, -0.267974, 0.162646, -0.125006, -0.292921, -0.943326, 0.155988, -0.00283, 0.111628, -0.195768, -0.974276, -1.3e-05, 0.0, 0.0, 0.0, 1.0]
            ]
        },
        {
            "name": "Leg_L",
            "time": [0.0, 0.1, 0.1833, 0.4167, 0.7],
            "transform": [
                [1.0, -1e-06, 9e-06, -0.0, -4e-06, 0.848305, 0.529508, 0.37472, -8e-06, -0.529508, 0.848305, 0.0, 0.0, 0.0, 0.0, 1.0],
                [1.0, -0.0, 3.2e-05, -0.0, -5e-06, 0.988365, 0.1521, 0.37472, -3.2e-05, -0.1521, 0.988365, -0.0, 0.0, 0.0, 0.0, 1.0],
                [1.0, -0.0, 3.7e-05, -0.0, -1.4e-05, 0.923101, 0.384556, 0.37472, -3.4e-05, -0.384556, 0.923102, -0.0, 0.0, 0.0, 0.0, 1.0],
                [1.0, -0.0, 3.7e-05, -0.0, -1.4e-05, 0.922018, 0.387147, 0.37472, -3.4e-05, -0.387147, 0.922018, -0.0, 0.0, 0.0, 0.0, 1.0],
                [1.0, -0.0, 3.7e-05, -0.0, -1.4e-05, 0.922018, 0.387147, 0.37472, -3.4e-05, -0.387147, 0.922018, -0.0, 0.0, 0.0, 0.0, 1.0]
            ]
        },
        {
            "name": "Knee_L",
            "time": [0.0, 0.1, 0.1833, 0.4167, 0.7],
            "transform": [
                [1.0, 0.0, -0.0, 0.0, -0.0, 1e-06, -1.0, 0.386003, -0.0, 1.0, 1e-06, 0.0, 0.0, 0.0, 0.0, 1.0],
                [1.0, 0.0, -0.0, -0.0, -0.0, 1e-06, -1.0, 0.358614, -0.0, 1.0, 1e-06, -0.0, 0.0, 0.0, 0.0, 1.0],
                [1.0, 0.0, -0.0, -0.0, -0.0, 1e-06, -1.0, 0.37599, -0.0, 1.0, 1e-06, -0.0, 0.0, 0.0, 0.0, 1.0],
                [1.0, 0.0, -0.0, 0.0, -0.0, 1e-06, -1.0, 0.376192, -0.0, 1.0, 1e-06, -0.0, 0.0, 0.0, 0.0, 1.0],
                [1.0, 0.0, -0.0, 0.0, -0.0, 1e-06, -1.0, 0.376192, -0.0, 1.0, 1e-06, -0.0, 0.0, 0.0, 0.0, 1.0]
            ]
        },
        {
            "name": "Torso",
            "time": [0.0, 0.1, 0.1833, 0.4167, 0.7],
            "transform": [
                [0.99978, -0.020971, -0.000197, 0.0, 0.020971, 0.999603, 0.018833, 0.05, -0.000198, -0.018833, 0.999822, -0.0, 0.0, 0.0, 0.0, 1.0],
                [0.999945, -0.010487, -4.9e-05, 0.0, 0.010487, 0.999901, 0.009417, 0.05, -4.9e-05, -0.009417, 0.999956, 0.0, 0.0, 0.0, 0.0, 1.0],
                [1.0, -4.9e-05, -0.0, -0.0, 4.9e-05, 1.0, 4.4e-05, 0.05, -0.0, -4.4e-05, 1.0, 0.0, 0.0, 0.0, 0.0, 1.0],
                [1.0, 0.0, 0.0, 0.0, -0.0, 1.0, -0.0, 0.05, 0.0, -0.0, 1.0, -0.0, 0.0, 0.0, 0.0, 1.0],
                [1.0, 0.0, 0.0, 0.0, -0.0, 1.0, -0.0, 0.05, 0.0, -0.0, 1.0, -0.0, 0.0, 0.0, 0.0, 1.0]
            ]
        },
        {
            "name": "Chest",
            "time": [0.0, 0.1, 0.1833, 0.4167, 0.7],
            "transform": [
                [0.99985, 0.017276, -0.001301, -0.0, -0.017317, 0.998862, -0.044437, 0.3, 0.000532, 0.044453, 0.999011, 0.0, 0.0, 0.0, 0.0, 1.0],
                [0.999837, 0.018042, 0.000148, -0.0, -0.018012, 0.997576, 0.067214, 0.3, 0.001065, -0.067206, 0.997738, -0.0, 0.0, 0.0, 0.0, 1.0],
                [0.999836, 0.018035, 0.001612, -0.0, -0.018035, 0.983956, 0.177498, 0.3, 0.001616, -0.177498, 0.98412, -0.0, 0.0, 0.0, 0.0, 1.0],
                [0.999836, 0.018035, 0.001618, -0.0, -0.018035, 0.983863, 0.178013, 0.3, 0.001618, -0.178013, 0.984027, 0.0, 0.0, 0.0, 0.0, 1.0],
                [0.999836, 0.018035, 0.001618, -0.0, -0.018035, 0.983863, 0.178013, 0.3, 0.001618, -0.178013, 0.984027, 0.0, 0.0, 0.0, 0.0, 1.0]
            ]
        },
        {
            "name": "Head",
            "time": [0.0, 0.1, 0.1833, 0.4167, 0.7],
            "transform": [
                [0.819634, -0.000824, 0.572887, -0.0, -0.007692, 0.999893, 0.012442, 0.4, -0.572836, -0.014605, 0.81954, 0.0, 0.0, 0.0, 0.0, 1.0],
                [0.958738, -0.029129, -0.282796, 0.0, -0.016686, 0.987256, -0.158261, 0.4, 0.283802, 0.15645, 0.946034, 0.0, 0.0, 0.0, 0.0, 1.0],
                [0.385593, -0.171332, -0.906622, 0.0, -0.158948, 0.955583, -0.248187, 0.4, 0.908875, 0.239804, 0.341233, -0.0, 0.0, 0.0, 0.0, 1.0],
                [0.380947, -0.172312, -0.908399, -0.0, -0.15994, 0.955388, -0.248298, 0.4, 0.910658, 0.239878, 0.336393, -0.0, 0.0, 0.0, 0.0, 1.0],
                [0.380947, -0.172312, -0.908399, -0.0, -0.15994, 0.955388, -0.248298, 0.4, 0.910658, 0.239878, 0.336393, -0.0, 0.0, 0.0, 0.0, 1.0]
            ]
        },
        {
            "name": "Shoulder_R",
            "time": [0.0, 0.1, 0.1833, 0.4167, 0.7],
            "transform": [
                [-0.684634, 0.694128, 0.2224, -0.0, 0.005401, -0.300283, 0.953835, 0.4, 0.728866, 0.654229, 0.201835, 0.0, 0.0, 0.0, 0.0, 1.0],
                [-0.468404, 0.833181, 0.293951, 0.0, -0.003326, -0.334367, 0.942437, 0.4, 0.883508, 0.440463, 0.15939, 0.0, 0.0, 0.0, 0.0, 1.0],
                [-0.220672, 0.90995, 0.351132, 0.0, -0.021117, -0.36438, 0.931011, 0.4, 0.975119, 0.198033, 0.099624, -0.0, 0.0, 0.0, 0.0, 1.0],
                [-0.219441, 0.910159, 0.351364, -0.0, -0.021222, -0.36451, 0.930958, 0.4, 0.975395, 0.196833, 0.099304, -0.0, 0.0, 0.0, 0.0, 1.0],
                [-0.219441, 0.910159, 0.351364, -0.0, -0.021222, -0.36451, 0.930958, 0.4, 0.975395, 0.196833, 0.099304, -0.0, 0.0, 0.0, 0.0, 1.0]
            ]
        },
        {
            "name": "Arm_R",
            "time": [0.0, 0.1, 0.1833, 0.4167, 0.7],
            "transform": [
                [-0.084427, 0.614123, -0.784682, -0.0, 0.074912, 0.789177, 0.609581, 0.393861, 0.99361, -0.007317, -0.112632, -0.0, 0.0, 0.0, 0.0, 1.0],
                [0.025014, 0.146783, -0.988852, 0.0, -0.252729, 0.957959, 0.135805, 0.393861, 0.967214, 0.246515, 0.061059, -0.0, 0.0, 0.0, 0.0, 1.0],
                [0.11628, -0.563415, -0.81795, -0.0, -0.175347, 0.798957, -0.575258, 0.393861, 0.977616, 0.210316, -0.00589, -0.0, 0.0, 0.0, 0.0, 1.0],
                [0.120584, -0.551777, -0.825228, 0.0, -0.173297, 0.806829, -0.564797, 0.39386, 0.97746, 0.211115, 0.001669, -0.0, 0.0, 0.0, 0.0, 1.0],
                [0.120584, -0.551777, -0.825228, 0.0, -0.173297, 0.806829, -0.564797, 0.39386, 0.97746, 0.211115, 0.001669, -0.0, 0.0, 0.0, 0.0, 1.0]
            ]
        },
        {
            "name": "Hand_R",
            "time": [0.0, 0.1, 0.1833, 0.7],
            "transform": [
                [0.999997, -0.00147, 0.001601, -0.0, 0.001948, 0.279074, -0.960268, 0.3, 0.000964, 0.960269, 0.279076, -0.0, 0.0, 0.0, 0.0, 1.0],
                [0.999998, 0.001746, 0.000933, -0.0, -0.000933, 0.831274, -0.555863, 0.3, -0.001746, 0.555861, 0.831274, 0.0, 0.0, 0.0, 0.0, 1.0],
                [1.0, 0.0, 0.0, -0.0, -0.0, 0.993938, 0.109947, 0.3, -0.0, -0.109947, 0.993938, -0.0, 0.0, 0.0, 0.0, 1.0],
                [1.0, 0.0, 0.0, 0.0, 0.0, 0.993938, 0.109947, 0.3, -0.0, -0.109947, 0.993938, -0.0, 0.0, 0.0, 0.0, 1.0]
            ]
        },
        {
            "name": "Tool_R",
            "time": [0.0, 0.1, 0.1833, 0.7],
            "transform": [
                [-0.016846, 0.996397, 0.08313, -0.0, 0.995054, 0.008555, 0.099093, 0.272858, 0.097979, 0.084339, -0.991, -0.0, 0.0, 0.0, 0.0, 1.0],
                [-0.018673, 0.999388, 0.029596, -0.0, 0.898161, 0.029772, -0.438675, 0.272858, -0.439028, 0.01838, -0.897618, 0.0, 0.0, 0.0, 0.0, 1.0],
                [-0.038406, 0.974002, -0.223261, 0.0, 0.255747, -0.206406, -0.944442, 0.272858, -0.965419, -0.093318, -0.241032, 0.0, 0.0, 0.0, 0.0, 1.0],
                [-0.038406, 0.974002, -0.223261, -0.0, 0.255747, -0.206406, -0.944442, 0.272857, -0.965419, -0.093318, -0.241032, -0.0, 0.0, 0.0, 0.0, 1.0]
            ]
        },
        {
            "name": "Elbow_R",
            "time": [0.0, 0.1, 0.1833, 0.7],
            "transform": [
                [-1.0, 0.0, -0.0, -0.0, 0.0, -0.0, -1.0, 0.427955, -0.0, -1.0, 0.0, -0.0, 0.0, 0.0, 0.0, 1.0],
                [-1.0, 0.0, -0.0, -0.0, 0.0, -0.0, -1.0, 0.368679, -0.0, -1.0, 0.0, 0.0, 0.0, 0.0, 0.0, 1.0],
                [-1.0, 0.0, -0.0, -0.0, 0.0, -0.0, -1.0, 0.304867, -0.0, -1.0, 0.0, 0.0, 0.0, 0.0, 0.0, 1.0],
                [-1.0, 0.0, -0.0, 0.0, 0.0, -0.0, -1.0, 0.304867, -0.0, -1.0, 0.0, -0.0, 0.0, 0.0, 0.0, 1.0]
            ]
        },
        {
            "name": "Shoulder_L",
            "time": [0.0, 0.1, 0.1833, 0.4167, 0.7],
            "transform": [
                [0.502422, -0.830492, -0.240531, -0.0, -0.026491, -0.292847, 0.955792, 0.4, -0.864217, -0.473839, -0.169133, 0.0, 0.0, 0.0, 0.0, 1.0],
                [0.198113, -0.92839, -0.314392, 0.0, -0.012176, -0.323056, 0.946302, 0.4, -0.980103, -0.183647, -0.075305, 0.0, 0.0, 0.0, 0.0, 1.0],
                [-0.126065, -0.926838, -0.353665, 0.0, -0.008791, -0.355451, 0.934653, 0.4, -0.991983, 0.120936, 0.036662, -0.0, 0.0, 0.0, 0.0, 1.0],
                [-0.127601, -0.926592, -0.353757, -0.0, -0.0088, -0.355601, 0.934596, 0.4, -0.991786, 0.122369, 0.037221, -0.0, 0.0, 0.0, 0.0, 1.0],
                [-0.127601, -0.926592, -0.353757, -0.0, -0.0088, -0.355601, 0.934596, 0.4, -0.991786, 0.122369, 0.037221, -0.0, 0.0, 0.0, 0.0, 1.0]
            ]
        },
        {
            "name": "Arm_L",
            "time": [0.0, 0.1, 0.1833, 0.4167, 0.7],
            "transform": [
                [-0.413188, 0.547338, 0.727802, 0.0, -0.767806, 0.220338, -0.601602, 0.39386, -0.489642, -0.807385, 0.329209, 0.0, 0.0, 0.0, 0.0, 1.0],
                [-0.135644, 0.285866, 0.948621, -0.0, -0.686333, 0.663407, -0.298057, 0.39386, -0.714527, -0.691499, 0.106212, -0.0, 0.0, 0.0, 0.0, 1.0],
                [0.050039, -0.106145, 0.993091, -0.0, -0.473886, 0.872757, 0.117161, 0.39386, -0.879163, -0.476474, -0.006629, 0.0, 0.0, 0.0, 0.0, 1.0],
                [0.050688, -0.108214, 0.992835, -0.0, -0.472785, 0.873065, 0.119297, 0.39386, -0.879719, -0.475444, -0.006908, 0.0, 0.0, 0.0, 0.0, 1.0],
                [0.050688, -0.108214, 0.992835, -0.0, -0.472785, 0.873065, 0.119297, 0.39386, -0.879719, -0.475444, -0.006908, 0.0, 0.0, 0.0, 0.0, 1.0]
            ]
        },
        {
            "name": "Hand_L",
            "time": [0.0, 0.1, 0.1833, 0.4167, 0.7],
            "transform": [
                [0.999999, -0.001337, -0.000436, -0.0, 0.000307, 0.509992, -0.86018, 0.3, 0.001372, 0.860178, 0.509992, -0.0, 0.0, 0.0, 0.0, 1.0],
                [0.999998, -0.002057, 0.00036, -0.0, 0.00136, 0.510413, -0.859929, 0.3, 0.001585, 0.859927, 0.510415, 0.0, 0.0, 0.0, 0.0, 1.0],
                [0.999997, -0.001115, 0.002299, -0.0, 0.002547, 0.510011, -0.860165, 0.3, -0.000213, 0.860168, 0.510012, -0.0, 0.0, 0.0, 0.0, 1.0],
                [0.999997, -0.001105, 0.002316, -0.0, 0.002555, 0.510006, -0.860167, 0.3, -0.00023, 0.86017, 0.510008, -0.0, 0.0, 0.0, 0.0, 1.0],
                [0.999997, -0.001105, 0.002316, -0.0, 0.002555, 0.510006, -0.860167, 0.3, -0.00023, 0.86017, 0.510008, -0.0, 0.0, 0.0, 0.0, 1.0]
            ]
        },
        {
            "name": "Tool_L",
            "time": [0.0, 0.7],
            "transform": [
                [1.0, -0.0, 0.0, -0.0, -0.0, -0.999836, 0.018122, 0.272858, 0.0, -0.018122, -0.999248, 0.0, 0.0, 0.0, 0.0, 1.0],
                [1.0, -0.0, 0.0, -0.0, 0.0, -0.999836, 0.018122, 0.272858, 0.0, -0.018122, -0.999248, 0.0, 0.0, 0.0, 0.0, 1.0]
            ]
        },
        {
            "name": "Elbow_L",
            "time": [0.0, 0.1, 0.1833, 0.4167, 0.7],
            "transform": [
                [-1.0, 0.0, -0.0, -0.0, 0.0, -0.0, -1.0, 0.402609, -0.0, -1.0, 0.0, -0.0, 0.0, 0.0, 0.0, 1.0],
                [-1.0, 0.0, -0.0, 0.0, 0.0, -0.0, -1.0, 0.405961, -0.0, -1.0, -0.0, -0.0, 0.0, 0.0, 0.0, 1.0],
                [-1.0, 0.0, -0.0, -0.0, 0.0, -0.0, -1.0, 0.403456, -0.0, -1.0, -0.0, -0.0, 0.0, 0.0, 0.0, 1.0],
                [-1.0, 0.0, -0.0, -0.0, 0.0, -0.0, -1.0, 0.403427, -0.0, -1.0, -0.0, -0.0, 0.0, 0.0, 0.0, 1.0],
                [-1.0, 0.0, -0.0, -0.0, 0.0, -0.0, -1.0, 0.403427, -0.0, -1.0, -0.0, -0.0, 0.0, 0.0, 0.0, 1.0]
            ]
        }
    ]
}