{
    "animation": [
        {
            "name": "Root",
            "time": [0.0, 0.1, 0.2, 0.3, 0.6],
            "transform": [
                [0.785783, -0.000448, -0.618503, 8e-06, -0.607909, 0.183728, -0.772457, -0.000886, 0.113982, 0.982977, 0.144098, 0.753918, 0.0, 0.0, 0.0, 1.0],
                [0.750533, -0.002648, -0.660827, 3.3e-05, -0.649628, 0.180405, -0.738537, -0.000853, 0.121173, 0.983589, 0.13368, 0.789966, 0.0, 0.0, 0.0, 1.0],
                [0.573654, 0.038798, 0.818179, -0.000447, 0.794119, 0.218455, -0.567144, -0.00128, -0.200739, 0.975075, 0.094507, 0.698084, 0.0, 0.0, 0.0, 1.0],
                [0.460186, 0.038337, 0.886994, -0.000443, 0.861237, 0.223381, -0.456478, -0.001336, -0.215637, 0.973977, 0.069779, 0.689734, 0.0, 0.0, 0.0, 1.0],
                [0.460186, 0.038337, 0.886994, -0.000443, 0.861237, 0.223381, -0.456478, -0.001336, -0.215637, 0.973977, 0.069779, 0.689734, 0.0, 0.0, 0.0, 1.0]
            ]
        },
        {
            "name": "Thigh_R",
            "time": [0.0, 0.1, 0.2, 0.3, 0.6],
            "transform": [
                [0.992715, 0.094799, 0.074359, 0.128011, 0.1004, -0.992069, -0.075593, -0.00351, 0.066603, 0.082508, -0.994363, 0.002675, 0.0, 0.0, 0.0, 1.0],
                [0.992915, 0.097191, 0.068355, 0.128221, 0.10271, -0.991283, -0.082482, -0.003571, 0.059743, 0.088918, -0.994246, 0.002909, 0.0, 0.0, 0.0, 1.0],
                [0.53652, 0.070852, 0.840908, 0.159053, 0.047788, -0.997419, 0.053551, -0.015086, 0.842533, 0.011455, -0.538522, 0.030146, 0.0, 0.0, 0.0, 1.0],
                [0.466554, 0.072172, 0.881543, 0.161893, 0.037462, -0.997381, 0.06183, -0.016126, 0.883699, 0.004177, -0.468037, 0.032621, 0.0, 0.0, 0.0, 1.0],
                [0.466554, 0.072172, 0.881543, 0.161893, 0.037462, -0.997381, 0.06183, -0.016126, 0.883699, 0.004177, -0.468037, 0.032621, 0.0, 0.0, 0.0, 1.0]
            ]
        },
        {
            "name": "Leg_R",
            "time": [0.0, 0.1, 0.2, 0.3, 0.6],
            "transform": [
                [1.0, 1.3e-05, -0.0, 0.0, -1.3e-05, 0.999834, 0.018265, 0.37472, 1e-06, -0.018265, 0.999832, 0.0, 0.0, 0.0, 0.0, 1.0],
                [1.0, 1.4e-05, -1e-06, -0.0, -1.4e-05, 0.99982, 0.019013, 0.37472, 1e-06, -0.019013, 0.999818, 0.0, 0.0, 0.0, 0.0, 1.0],
                [1.0, 0.000204, 8e-06, 0.0, -0.000198, 0.959732, 0.280921, 0.37472, 5e-05, -0.280921, 0.95973, -0.0, 0.0, 0.0, 0.0, 1.0],
                [1.0, 0.000221, 1.1e-05, -0.0, -0.000214, 0.952692, 0.303939, 0.37472, 5.7e-05, -0.303939, 0.952691, -0.0, 0.0, 0.0, 0.0, 1.0],
                [1.0, 0.000221, 1.1e-05, -0.0, -0.000214, 0.952692, 0.303939, 0.37472, 5.7e-05, -0.303939, 0.952691, -0.0, 0.0, 0.0, 0.0, 1.0]
            ]
        },
        {
            "name": "Knee_R",
            "time": [0.0, 0.6],
            "transform": [
                [1.0, 0.0, -0.0, 0.0, -0.0, 1e-06, -1.0, 0.37472, -0.0, 1.0, 1e-06, 0.0, 0.0, 0.0, 0.0, 1.0],
                [1.0, 0.0, -0.0, -0.0, -0.0, 1e-06, -1.0, 0.37472, -0.0, 1.0, 1e-06, -0.0, 0.0, 0.0, 0.0, 1.0]
            ]
        },
        {
            "name": "Thigh_L",
            "time": [0.0, 0.1, 0.2, 0.3, 0.6],
            "transform": [
                [0.755919, -0.333018, -0.563635, -0.128396, -0.028311, -0.876776, 0.480064, -0.000971, -0.654052, -0.346932, -0.672201, -0.003571, 0.0, 0.0, 0.0, 1.0],
                [0.718496, -0.359986, -0.595124, -0.128669, -0.023553, -0.867742, 0.496455, -0.000825, -0.695132, -0.342683, -0.631949, -0.003529, 0.0, 0.0, 0.0, 1.0],
                [0.991923, -0.081227, -0.097422, -0.125323, -0.029883, -0.896089, 0.442867, 0.007694, -0.123272, -0.436378, -0.891279, -0.005141, 0.0, 0.0, 0.0, 1.0],
                [0.997399, -0.054611, -0.047041, -0.125005, -0.028533, -0.89848, 0.438084, 0.00847, -0.06619, -0.435602, -0.897703, -0.005192, 0.0, 0.0, 0.0, 1.0],
                [0.997399, -0.054611, -0.047041, -0.125005, -0.028533, -0.89848, 0.438084, 0.00847, -0.06619, -0.435602, -0.897703, -0.005192, 0.0, 0.0, 0.0, 1.0]
            ]
        },
        {
            "name": "Leg_L",
            "time": [0.0, 0.1, 0.6],
            "transform": [
                [0.999992, 0.003704, -0.001227, 0.0, -0.001215, 0.59439, 0.804176, 0.37472, 0.003708, -0.804168, 0.594391, -0.0, 0.0, 0.0, 0.0, 1.0],
                [0.999991, 0.004053, -0.001163, 0.0, -0.001149, 0.527355, 0.849644, 0.37472, 0.004057, -0.849635, 0.527356, -0.0, 0.0, 0.0, 0.0, 1.0],
                [0.999991, 0.004053, -0.001163, -0.0, -0.001149, 0.527356, 0.849644, 0.37472, 0.004057, -0.849635, 0.527356, 0.0, 0.0, 0.0, 0.0, 1.0]
            ]
        },
        {
            "name": "Knee_L",
            "time": [0.0, 0.1, 0.6],
            "transform": [
                [1.0, 0.0, -0.0, 0.0, -0.0, 1e-06, -1.0, 0.419878, -0.0, 1.0, 1e-06, -0.0, 0.0, 0.0, 0.0, 1.0],
                [1.0, 0.0, -0.0, 0.0, -0.0, 1e-06, -1.0, 0.423983, -0.0, 1.0, 1e-06, -0.0, 0.0, 0.0, 0.0, 1.0],
                [1.0, 0.0, -0.0, 0.0, -0.0, 1e-06, -1.0, 0.423983, -0.0, 1.0, 1e-06, 0.0, 0.0, 0.0, 0.0, 1.0]
            ]
        },
        {
            "name": "Torso",
            "time": [0.0, 0.6],
            "transform": [
                [0.999904, -0.013857, -0.000155, 0.0, 0.013857, 0.999655, 0.022315, 0.05, -0.000155, -0.022315, 0.999751, -0.0, 0.0, 0.0, 0.0, 1.0],
                [0.999904, -0.013857, -0.000155, -0.0, 0.013857, 0.999655, 0.022315, 0.05, -0.000155, -0.022315, 0.999751, 0.0, 0.0, 0.0, 0.0, 1.0]
            ]
        },
        {
            "name": "Chest",
            "time": [0.0, 0.6],
            "transform": [
                [0.999808, -0.019613, -0.000173, 0.0, 0.019613, 0.999653, 0.017612, 0.3, -0.000173, -0.017612, 0.999845, 0.0, 0.0, 0.0, 0.0, 1.0],
                [0.999808, -0.019613, -0.000173, 0.0, 0.019613, 0.999653, 0.017612, 0.3, -0.000173, -0.017612, 0.999845, 0.0, 0.0, 0.0, 0.0, 1.0]
            ]
        },
        {
            "name": "Head",
            "time": [0.0, 0.1, 0.2, 0.3, 0.6],
            "transform": [
                [0.781661, 0.150222, 0.605342, -0.0, -0.001861, 0.971118, -0.238591, 0.4, -0.623701, 0.18537, 0.759365, -0.0, 0.0, 0.0, 0.0, 1.0],
                [0.745246, 0.155479, 0.648409, -0.0, -0.005061, 0.973725, -0.227669, 0.4, -0.66677, 0.166388, 0.726452, 0.0, 0.0, 0.0, 0.0, 1.0],
                [0.575506, -0.16524, -0.80093, 0.0, -0.014927, 0.977089, -0.212309, 0.4, 0.817661, 0.134141, 0.559854, -0.0, 0.0, 0.0, 0.0, 1.0],
                [0.4648, -0.181687, -0.866574, 0.0, -0.013575, 0.977142, -0.212151, 0.4, 0.885311, 0.110372, 0.45171, -0.0, 0.0, 0.0, 0.0, 1.0],
                [0.4648, -0.181687, -0.866574, 0.0, -0.013575, 0.977142, -0.212151, 0.4, 0.885311, 0.110372, 0.45171, -0.0, 0.0, 0.0, 0.0, 1.0]
            ]
        },
        {
            "name": "Shoulder_R",
            "time": [0.0, 0.1, 0.2, 0.3, 0.6],
            "transform": [
                [-0.283252, 0.936134, 0.208377, -0.0, -0.133718, -0.253703, 0.957995, 0.4, 0.949677, 0.243491, 0.19704, -0.0, 0.0, 0.0, 0.0, 1.0],
                [-0.307402, 0.931007, 0.196799, -0.0, -0.14636, -0.250611, 0.95696, 0.4, 0.940257, 0.265368, 0.213301, 0.0, 0.0, 0.0, 0.0, 1.0],
                [0.070513, 0.954935, 0.288317, 0.0, 0.007414, -0.28953, 0.95714, 0.4, 0.997483, -0.065353, -0.027496, -0.0, 0.0, 0.0, 0.0, 1.0],
                [0.105491, 0.950636, 0.291826, 0.0, 0.0204, -0.295471, 0.955134, 0.4, 0.994211, -0.094805, -0.050563, -0.0, 0.0, 0.0, 0.0, 1.0],
                [0.105491, 0.950636, 0.291826, 0.0, 0.0204, -0.295471, 0.955134, 0.4, 0.994211, -0.094805, -0.050563, -0.0, 0.0, 0.0, 0.0, 1.0]
            ]
        },
        {
            "name": "Arm_R",
            "time": [0.0, 0.1, 0.2, 0.3, 0.6],
            "transform": [
                [-0.076417, 0.610616, -0.788231, -0.0, 0.159638, 0.787837, 0.594835, 0.39386, 0.984214, -0.080376, -0.157681, 0.0, 0.0, 0.0, 0.0, 1.0],
                [-0.084426, 0.614123, -0.784682, 0.0, 0.074911, 0.789177, 0.609581, 0.39386, 0.99361, -0.007317, -0.112632, 0.0, 0.0, 0.0, 0.0, 1.0],
                [0.034158, -0.10381, -0.99401, -0.0, -0.420524, 0.900768, -0.108523, 0.39386, 0.906639, 0.421712, -0.012886, -0.0, 0.0, 0.0, 0.0, 1.0],
                [0.06217, -0.165913, -0.984179, 0.0, -0.453821, 0.873553, -0.175931, 0.39386, 0.888922, 0.457579, -0.020986, -0.0, 0.0, 0.0, 0.0, 1.0],
                [0.06217, -0.165913, -0.984179, 0.0, -0.453821, 0.873553, -0.175931, 0.39386, 0.888922, 0.457579, -0.020986, -0.0, 0.0, 0.0, 0.0, 1.0]
            ]
        },
        {
            "name": "Hand_R",
            "time": [0.0, 0.1, 0.2, 0.3, 0.6],
            "transform": [
                [0.999996, 0.002276, -0.001363, 0.0, -0.002065, 0.345131, -0.938553, 0.3, -0.001665, 0.938553, 0.345134, -0.0, 0.0, 0.0, 0.0, 1.0],
                [0.999996, 0.002403, -0.001556, -0.0, -0.002164, 0.278531, -0.960425, 0.3, -0.001874, 0.960425, 0.278535, -0.0, 0.0, 0.0, 0.0, 1.0],
                [1.0, 0.000242, 1.7e-05, 0.0, -0.000242, 1.0, 0.000852, 0.3, -1.7e-05, -0.000852, 1.0, 0.0, 0.0, 0.0, 0.0, 1.0],
                [1.0, 0.0, 0.0, -0.0, -0.0, 0.993938, 0.109947, 0.3, -0.0, -0.109947, 0.993938, -0.0, 0.0, 0.0, 0.0, 1.0],
                [1.0, 0.0, 0.0, -0.0, -0.0, 0.993938, 0.109947, 0.3, -0.0, -0.109947, 0.993938, -0.0, 0.0, 0.0, 0.0, 1.0]
            ]
        },
        {
            "name": "Tool_R",
            "time": [0.0, 0.1, 0.2, 0.3, 0.6],
            "transform": [
                [0.104687, 0.991077, 0.082507, -0.010143, 0.989709, -0.111969, 0.089237, 0.263735, 0.097634, 0.072271, -0.991987, -0.000929, 0.0, 0.0, 0.0, 1.0],
                [-0.016846, 0.996397, 0.083132, -0.010196, 0.995054, 0.008555, 0.099092, 0.262499, 0.097979, 0.08434, -0.991, -0.001052, 0.0, 0.0, 0.0, 1.0],
                [0.018482, 0.999543, 0.023952, -0.01017, 0.542145, 0.01011, -0.840219, 0.263414, -0.839594, 0.028497, -0.541385, -0.000905, 0.0, 0.0, 0.0, 1.0],
                [0.018118, 0.99968, 0.017693, -0.010166, 0.460185, 0.007373, -0.887785, 0.26349, -0.887122, 0.024213, -0.45963, -0.000941, 0.0, 0.0, 0.0, 1.0],
                [0.018118, 0.99968, 0.017693, -0.010166, 0.460185, 0.007373, -0.887785, 0.26349, -0.887122, 0.024213, -0.45963, -0.000941, 0.0, 0.0, 0.0, 1.0]
            ]
        },
        {
            "name": "Elbow_R",
            "time": [0.0, 0.1, 0.2, 0.3, 0.6],
            "transform": [
                [-1.0, 0.0, -0.0, -0.0, 0.0, -0.0, -1.0, 0.417205, -0.0, -1.0, 0.0, -0.0, 0.0, 0.0, 0.0, 1.0],
                [-1.0, 0.0, -0.0, -0.0, 0.0, -0.0, -1.0, 0.42786, -0.0, -1.0, 0.0, 0.0, 0.0, 0.0, 0.0, 1.0],
                [-1.0, 0.0, -0.0, -0.0, 0.0, -0.0, -1.0, 0.310655, -0.0, -1.0, 0.0, 0.0, 0.0, 0.0, 0.0, 1.0],
                [-1.0, 0.0, -0.0, -0.0, 0.0, -0.0, -1.0, 0.3, -0.0, -1.0, 0.0, 0.0, 0.0, 0.0, 0.0, 1.0],
                [-1.0, 0.0, -0.0, -0.0, 0.0, -0.0, -1.0, 0.3, -0.0, -1.0, 0.0, 0.0, 0.0, 0.0, 0.0, 1.0]
            ]
        },
        {
            "name": "Shoulder_L",
            "time": [0.0, 0.1, 0.6],
            "transform": [
                [-0.010035, -0.952128, -0.305534, -0.0, 0.0002, -0.305551, 0.952176, 0.4, -0.999949, 0.009494, 0.003257, -0.0, 0.0, 0.0, 0.0, 1.0],
                [-0.0, -0.952114, -0.305743, -0.0, 0.0, -0.305743, 0.952114, 0.4, -1.0, -0.0, 0.0, 0.0, 0.0, 0.0, 0.0, 1.0],
                [-0.0, -0.952114, -0.305743, 0.0, 0.0, -0.305743, 0.952114, 0.4, -1.0, 0.0, 0.0, -0.0, 0.0, 0.0, 0.0, 1.0]
            ]
        },
        {
            "name": "Arm_L",
            "time": [0.0, 0.1, 0.2, 0.3, 0.6],
            "transform": [
                [0.180551, 0.332895, 0.925517, 0.0, -0.223466, 0.930257, -0.291006, 0.39386, -0.957843, -0.15428, 0.24235, -0.0, 0.0, 0.0, 0.0, 1.0],
                [0.230007, 0.380384, 0.89577, 0.0, -0.158831, 0.922779, -0.351071, 0.39386, -0.96014, -0.061527, 0.272663, 0.0, 0.0, 0.0, 0.0, 1.0],
                [0.146207, -0.5837, 0.798698, -0.0, -0.053041, 0.801587, 0.595521, 0.39386, -0.987831, -0.129433, 0.086238, 0.0, 0.0, 0.0, 0.0, 1.0],
                [0.134531, -0.653123, 0.745206, 0.0, -0.048914, 0.746748, 0.663306, 0.39386, -0.989701, -0.125686, 0.068514, -0.0, 0.0, 0.0, 0.0, 1.0],
                [0.134531, -0.653123, 0.745206, 0.0, -0.048914, 0.746748, 0.663306, 0.39386, -0.989701, -0.125686, 0.068514, -0.0, 0.0, 0.0, 0.0, 1.0]
            ]
        },
        {
            "name": "Hand_L",
            "time": [0.0, 0.1, 0.2, 0.3, 0.6],
            "transform": [
                [1.0, 6.9e-05, 0.00029, 0.0, 0.000203, 0.55322, -0.833035, 0.3, -0.000218, 0.833035, 0.55322, -0.0, 0.0, 0.0, 0.0, 1.0],
                [1.0, 8.3e-05, 0.000312, -0.0, 0.000226, 0.510009, -0.86017, 0.3, -0.000231, 0.86017, 0.510009, 0.0, 0.0, 0.0, 0.0, 1.0],
                [0.999233, -0.016988, 0.03528, -0.0, 0.0388, 0.30801, -0.950592, 0.3, 0.005282, 0.951232, 0.308433, 0.0, 0.0, 0.0, 0.0, 1.0],
                [0.999089, -0.018144, 0.038621, 0.0, 0.042218, 0.288754, -0.956472, 0.3, 0.006203, 0.957231, 0.289257, 0.0, 0.0, 0.0, 0.0, 1.0],
                [0.999089, -0.018144, 0.038621, 0.0, 0.042218, 0.288754, -0.956472, 0.3, 0.006203, 0.957231, 0.289257, 0.0, 0.0, 0.0, 0.0, 1.0]
            ]
        },
        {
            "name": "Tool_L",
            "time": [0.0, 0.1, 0.2, 0.6],
            "transform": [
                [1.0, 0.0, 0.0, -0.0, 0.0, -0.999836, 0.018122, 0.272857, 0.0, -0.018122, -0.999248, 0.0, 0.0, 0.0, 0.0, 1.0],
                [1.0, 0.0, 0.0, -0.0, 0.0, -0.999836, 0.018122, 0.272857, 0.0, -0.018122, -0.999248, 0.0, 0.0, 0.0, 0.0, 1.0],
                [1.0, 0.0, 0.0, -0.0, 0.0, -0.999836, 0.018122, 0.272857, 0.0, -0.018122, -0.999248, -0.0, 0.0, 0.0, 0.0, 1.0],
                [1.0, 0.0, 0.0, -0.0, 0.0, -0.999836, 0.018122, 0.272857, 0.0, -0.018122, -0.999248, -0.0, 0.0, 0.0, 0.0, 1.0]
            ]
        },
        {
            "name": "Elbow_L",
            "time": [0.0, 0.1, 0.2, 0.3, 0.6],
            "transform": [
                [-1.0, 0.0, -0.0, -1.4e-05, 0.0, -0.0, -1.0, 0.398044, -0.0, -1.0, -0.0, -0.000255, 0.0, 0.0, 0.0, 1.0],
                [-1.0, 0.0, -0.0, -0.0, 0.0, -0.0, -1.0, 0.402429, -0.0, -1.0, -0.0, 0.0, 0.0, 0.0, 0.0, 1.0],
                [-1.0, 0.0, -0.0, -3.4e-05, 0.0, -0.0, -1.0, 0.427651, -0.0, -1.0, -0.0, 0.000178, 0.0, 0.0, 0.0, 1.0],
                [-1.0, 0.0, -0.0, -3.7e-05, 0.0, -0.0, -1.0, 0.429944, -0.0, -1.0, -0.0, 0.000195, 0.0, 0.0, 0.0, 1.0],
                [-1.0, 0.0, -0.0, -3.7e-05, 0.0, -0.0, -1.0, 0.429944, -0.0, -1.0, -0.0, 0.000195, 0.0, 0.0, 0.0, 1.0]
            ]
        }
    ]
}