{
    "animation": [
        {
            "name": "Root",
            "time": [0.0, 0.1, 0.1833, 0.3333, 0.75],
            "transform": [
                [0.999912, 0.0, -0.013243, -5e-06, -0.013243, 0.0, -0.999912, 0.005278, 0.0, 1.0, 0.0, 0.585007, 0.0, 0.0, 0.0, 1.0],
                [0.999912, 0.0, -0.013243, -5e-06, -0.013243, 0.0, -0.999912, 0.005278, 0.0, 1.0, 0.0, 0.585007, 0.0, 0.0, 0.0, 1.0],
                [0.999943, 0.000448, -0.010657, -5e-06, -0.010216, 0.327412, -0.944826, 2.961379, 0.003066, 0.944881, 0.327398, 0.585506, 0.0, 0.0, 0.0, 1.0],
                [1.0, 1.5e-05, -0.000768, -5e-06, -0.000706, 0.413112, -0.91068, 4.108559, 0.000304, 0.91068, 0.413112, 0.480545, 0.0, 0.0, 0.0, 1.0],
                [1.0, 0.0, 0.0, -5e-06, 0.0, 0.413874, -0.910334, 4.119004, 0.0, 0.910334, 0.413874, 0.46731, 0.0, 0.0, 0.0, 1.0]
            ]
        },
        {
            "name": "Thigh_R",
            "time": [0.0, 0.1, 0.1833, 0.3333, 0.75],
            "transform": [
                [0.735312, 0.394053, 0.551397, 0.124994, 0.464907, -0.885266, 0.012681, -0.002831, 0.49313, 0.247025, -0.834147, -1.2e-05, 0.0, 0.0, 0.0, 1.0],
                [0.711207, 0.404006, 0.575294, 0.124994, 0.476368, -0.87879, 0.028233, -0.002831, 0.516969, 0.253974, -0.81746, -1.2e-05, 0.0, 0.0, 0.0, 1.0],
                [0.984327, 0.033965, 0.173048, 0.124994, 0.101293, -0.912153, -0.39713, -0.003116, 0.144358, 0.408436, -0.9013, -5.6e-05, 0.0, 0.0, 0.0, 1.0],
                [0.999317, 0.031557, 0.019235, 0.124994, 0.03665, -0.913246, -0.40575, -0.002863, 0.004762, 0.406179, -0.913781, -1.6e-05, 0.0, 0.0, 0.0, 1.0],
                [0.999381, 0.032743, 0.012841, 0.124994, 0.035144, -0.9443, -0.327196, -0.002831, 0.001412, 0.327446, -0.944869, -1.2e-05, 0.0, 0.0, 0.0, 1.0]
            ]
        },
        {
            "name": "Leg_R",
            "time": [0.0, 0.1, 0.1833, 0.3333, 0.75],
            "transform": [
                [1.0, -0.0, 0.0, 0.0, -0.0, 0.704621, 0.709587, 0.37472, -1e-06, -0.709585, 0.704618, -0.0, 0.0, 0.0, 0.0, 1.0],
                [1.0, -0.0, 1e-06, 0.0, -0.0, 0.70462, 0.709587, 0.37472, -1e-06, -0.709586, 0.704617, 0.0, 0.0, 0.0, 0.0, 1.0],
                [1.0, 0.0, 1e-06, -0.0, 0.0, 0.999988, 0.005337, 0.37472, -1e-06, -0.005335, 0.999985, 0.0, 0.0, 0.0, 0.0, 1.0],
                [1.0, 0.0, 1e-06, -0.0, 0.0, 0.993748, 0.111659, 0.37472, -1e-06, -0.111656, 0.993745, 0.0, 0.0, 0.0, 0.0, 1.0],
                [1.0, 0.0, 1e-06, -0.0, 0.0, 0.952747, 0.303771, 0.37472, -1e-06, -0.303769, 0.952744, -0.0, 0.0, 0.0, 0.0, 1.0]
            ]
        },
        {
            "name": "Knee_R",
            "time": [0.0, 0.75],
            "transform": [
                [1.0, 0.0, -0.0, 0.0, -0.0, 1e-06, -1.0, 0.409513, -0.0, 1.0, 1e-06, -0.0, 0.0, 0.0, 0.0, 1.0],
                [1.0, 0.0, -0.0, -0.0, -0.0, 1e-06, -1.0, 0.37472, -0.0, 1.0, 1e-06, 0.0, 0.0, 0.0, 0.0, 1.0]
            ]
        },
        {
            "name": "Thigh_L",
            "time": [0.0, 0.1, 0.1833, 0.3333, 0.75],
            "transform": [
                [0.961842, -0.230793, -0.146948, -0.125006, 0.004923, -0.5224, 0.852685, -0.002831, -0.27356, -0.82087, -0.501333, -1.2e-05, 0.0, 0.0, 0.0, 1.0],
                [0.977429, -0.19466, -0.082096, -0.125006, -0.032599, -0.522916, 0.85176, -0.002831, -0.208733, -0.829857, -0.517461, -1.1e-05, 0.0, 0.0, 0.0, 1.0],
                [0.992233, -0.087212, 0.0887, -0.125006, -0.106027, -0.220057, 0.969707, -0.002545, -0.065051, -0.971579, -0.227597, 3.2e-05, 0.0, 0.0, 0.0, 1.0],
                [0.980426, 0.108692, 0.164168, -0.125006, -0.18112, 0.170957, 0.968488, -0.002799, 0.077201, -0.979264, 0.187295, -7e-06, 0.0, 0.0, 0.0, 1.0],
                [0.987743, 0.094773, 0.124021, -0.125006, -0.141723, 0.211631, 0.967019, -0.002831, 0.065401, -0.972743, 0.222467, -1.2e-05, 0.0, 0.0, 0.0, 1.0]
            ]
        },
        {
            "name": "Leg_L",
            "time": [0.0, 0.1, 0.1833, 0.3333, 0.75],
            "transform": [
                [1.0, -0.0, 1e-06, -0.0, 0.0, 0.526577, 0.850128, 0.37472, -1e-06, -0.850128, 0.526574, 0.0, 0.0, 0.0, 0.0, 1.0],
                [1.0, -0.0, 1e-06, 0.0, -0.0, 0.526577, 0.850128, 0.37472, -1e-06, -0.850129, 0.526574, -0.0, 0.0, 0.0, 0.0, 1.0],
                [1.0, -0.0, 0.0, -0.0, -0.0, 0.526503, 0.850174, 0.37472, -1e-06, -0.850175, 0.5265, 0.0, 0.0, 0.0, 0.0, 1.0],
                [1.0, -0.0, 0.0, -0.0, -0.0, 0.225876, 0.974156, 0.374721, -1e-06, -0.974158, 0.225874, 0.0, 0.0, 0.0, 0.0, 1.0],
                [1.0, -0.0, 0.0, 0.0, -0.0, 0.183688, 0.982984, 0.374719, -1e-06, -0.982986, 0.183686, -0.0, 0.0, 0.0, 0.0, 1.0]
            ]
        },
        {
            "name": "Knee_L",
            "time": [0.0, 0.75],
            "transform": [
                [1.0, 0.0, -0.0, -0.0, -0.0, 1e-06, -1.0, 0.429924, -0.0, 1.0, 1e-06, -0.0, 0.0, 0.0, 0.0, 1.0],
                [1.0, 0.0, -0.0, 0.0, -0.0, 1e-06, -1.0, 0.463132, -0.0, 1.0, 1e-06, 0.0, 0.0, 0.0, 0.0, 1.0]
            ]
        },
        {
            "name": "Torso",
            "time": [0.0, 0.1, 0.1833, 0.3333, 0.75],
            "transform": [
                [1.0, -0.000644, 1.4e-05, 0.0, 0.000644, 0.999112, -0.042126, 0.05, 1.3e-05, 0.042126, 0.999112, -0.0, 0.0, 0.0, 0.0, 1.0],
                [1.0, 0.0, -0.0, 0.0, 0.0, 0.999029, -0.044054, 0.05, 0.0, 0.044054, 0.999029, -0.0, 0.0, 0.0, 0.0, 1.0],
                [0.999999, -0.001302, -0.000135, -0.0, 0.001308, 0.992473, 0.122456, 0.05, -2.5e-05, -0.122456, 0.992474, -0.0, 0.0, 0.0, 0.0, 1.0],
                [1.0, -0.000145, -2.1e-05, 0.0, 0.000146, 0.978236, 0.207496, 0.05, -9e-06, -0.207496, 0.978236, 0.0, 0.0, 0.0, 0.0, 1.0],
                [1.0, 0.0, -0.0, -0.0, 0.0, 0.978066, 0.208296, 0.05, 0.0, -0.208296, 0.978066, -0.0, 0.0, 0.0, 0.0, 1.0]
            ]
        },
        {
            "name": "Chest",
            "time": [0.0, 0.1, 0.1833, 0.3333, 0.75],
            "transform": [
                [0.999844, -0.002803, -0.017446, 0.0, -0.000254, 0.984958, -0.172797, 0.3, 0.017668, 0.172774, 0.984803, -0.0, 0.0, 0.0, 0.0, 1.0],
                [1.0, 0.0, -0.0, 0.0, -0.0, 0.940908, -0.338662, 0.3, 0.0, 0.338662, 0.940908, 0.0, 0.0, 0.0, 0.0, 1.0],
                [1.0, -0.0, 0.0, 0.0, 0.0, 1.0, -0.0, 0.3, 0.0, -0.0, 1.0, 0.0, 0.0, 0.0, 0.0, 1.0],
                [1.0, -0.0, -0.0, 0.0, 0.0, 0.962162, 0.272476, 0.3, -0.0, -0.272476, 0.962162, -0.0, 0.0, 0.0, 0.0, 1.0],
                [1.0, -0.0, -0.0, -0.0, 0.0, 0.961401, 0.275151, 0.3, 0.0, -0.275152, 0.961401, -0.0, 0.0, 0.0, 0.0, 1.0]
            ]
        },
        {
            "name": "Head",
            "time": [0.0, 0.1, 0.1833, 0.3333, 0.75],
            "transform": [
                [0.999223, -0.002852, 0.039313, -0.0, -0.004154, 0.984206, 0.176979, 0.4, -0.039197, -0.177005, 0.983429, -0.0, 0.0, 0.0, 0.0, 1.0],
                [0.999971, 0.001242, 0.007577, -0.0, -0.003192, 0.964765, 0.263094, 0.4, -0.006983, -0.263111, 0.96474, -0.0, 0.0, 0.0, 0.0, 1.0],
                [1.0, -0.0, 0.0, -0.0, 0.0, 0.945294, -0.326219, 0.4, -0.0, 0.326219, 0.945294, -0.0, 0.0, 0.0, 0.0, 1.0],
                [1.0, -0.0, 0.0, -0.0, 0.0, 0.83374, -0.552156, 0.4, -0.0, 0.552156, 0.83374, 0.0, 0.0, 0.0, 0.0, 1.0],
                [1.0, 0.0, -0.0, -0.0, -0.0, 0.8318, -0.555075, 0.4, 0.0, 0.555075, 0.8318, -0.0, 0.0, 0.0, 0.0, 1.0]
            ]
        },
        {
            "name": "Shoulder_R",
            "time": [0.0, 0.1, 0.15, 0.1833, 0.3333, 0.75],
            "transform": [
                [0.530898, 0.716689, 0.452221, -0.0, -0.061392, -0.499706, 0.864017, 0.4, 0.845209, -0.486468, -0.221294, -0.0, 0.0, 0.0, 0.0, 1.0],
                [0.60585, 0.643463, 0.467869, -0.0, -0.085831, -0.531789, 0.842516, 0.4, 0.790935, -0.550596, -0.266955, -0.0, 0.0, 0.0, 0.0, 1.0],
                [0.0, 0.952114, 0.305743, 0.0, 0.0, -0.305743, 0.952114, 0.4, 1.0, -0.0, -0.0, 0.0, 0.0, 0.0, 0.0, 1.0],
                [-0.279964, 0.867054, 0.412112, -0.0, 0.01826, -0.424392, 0.905295, 0.4, 0.959837, 0.260975, 0.102982, -0.0, 0.0, 0.0, 0.0, 1.0],
                [-0.260046, 0.88493, 0.386361, -0.0, 0.010443, -0.397526, 0.917531, 0.4, 0.96554, 0.242635, 0.094134, 0.0, 0.0, 0.0, 0.0, 1.0],
                [-0.257543, 0.885683, 0.386311, -0.0, 0.009965, -0.397342, 0.917616, 0.4, 0.966215, 0.240175, 0.093507, -0.0, 0.0, 0.0, 0.0, 1.0]
            ]
        },
        {
            "name": "Arm_R",
            "time": [0.0, 0.1, 0.15, 0.1833, 0.3333, 0.75],
            "transform": [
                [0.466072, -0.883549, 0.046017, 0.0, -0.281105, -0.197198, -0.939198, 0.39386, 0.838902, 0.424798, -0.340278, 0.0, 0.0, 0.0, 0.0, 1.0],
                [0.44969, -0.887876, 0.09724, -0.0, -0.256764, -0.232778, -0.938023, 0.39386, 0.855483, 0.396852, -0.332653, 0.0, 0.0, 0.0, 0.0, 1.0],
                [0.260106, -0.90026, -0.349109, -0.0, -0.306806, 0.265761, -0.913915, 0.393861, 0.915541, 0.344824, -0.207079, 0.0, 0.0, 0.0, 0.0, 1.0],
                [0.150614, -0.352033, -0.92379, 0.0, -0.423595, 0.821341, -0.382055, 0.39386, 0.893243, 0.448856, -0.025414, -0.0, 0.0, 0.0, 0.0, 1.0],
                [0.712368, 0.484404, -0.507824, 0.0, -0.106007, 0.789563, 0.604444, 0.393861, 0.693754, -0.376754, 0.61381, -0.0, 0.0, 0.0, 0.0, 1.0],
                [0.757524, 0.473744, -0.449136, -0.0, -0.085331, 0.753964, 0.651351, 0.393861, 0.647206, -0.455088, 0.611571, -0.0, 0.0, 0.0, 0.0, 1.0]
            ]
        },
        {
            "name": "Hand_R",
            "time": [0.0, 0.1, 0.1833, 0.3333, 0.75],
            "transform": [
                [1.0, 0.0, 0.0, -0.0, 0.0, 0.547264, -0.83696, 0.3, -0.0, 0.83696, 0.547265, -0.0, 0.0, 0.0, 0.0, 1.0],
                [1.0, 0.0, -0.0, -0.0, -0.0, 0.547265, -0.83696, 0.3, -0.0, 0.83696, 0.547265, 0.0, 0.0, 0.0, 0.0, 1.0],
                [1.0, 0.0, 0.0, -0.0, -0.0, 0.993937, 0.109947, 0.3, -0.0, -0.109947, 0.993937, -0.0, 0.0, 0.0, 0.0, 1.0],
                [1.0, 0.0, 0.0, -0.0, -0.0, 0.996061, -0.088671, 0.3, -0.0, 0.088671, 0.996061, -0.0, 0.0, 0.0, 0.0, 1.0],
                [1.0, 0.0, 0.0, 0.0, -0.0, 0.993528, -0.113589, 0.3, -0.0, 0.113589, 0.993528, -0.0, 0.0, 0.0, 0.0, 1.0]
            ]
        },
        {
            "name": "Tool_R",
            "time": [0.0, 0.1, 0.1833, 0.3333, 0.75],
            "transform": [
                [0.999382, -0.03458, 0.006329, -0.0, -0.005482, -0.331118, -0.943574, 0.272858, 0.034704, 0.942394, -0.330917, 0.0, 0.0, 0.0, 0.0, 1.0],
                [0.999382, -0.034607, 0.006138, -0.0, -0.005259, -0.319914, -0.947432, 0.272858, 0.034731, 0.946251, -0.319719, -0.0, 0.0, 0.0, 0.0, 1.0],
                [0.999582, -0.028843, 0.002143, -0.0, -0.024321, -0.878323, -0.477449, 0.272858, 0.015644, 0.476905, -0.878142, 1e-06, 0.0, 0.0, 0.0, 1.0],
                [0.999582, -0.028843, 0.002143, -0.0, -0.024321, -0.878323, -0.477449, 0.272857, 0.015644, 0.476905, -0.878142, 0.0, 0.0, 0.0, 0.0, 1.0],
                [0.999582, -0.028843, 0.002143, 0.0, -0.024321, -0.878323, -0.477449, 0.272858, 0.015644, 0.476905, -0.878142, 0.0, 0.0, 0.0, 0.0, 1.0]
            ]
        },
        {
            "name": "Elbow_R",
            "time": [0.0, 0.75],
            "transform": [
                [-1.0, 0.0, 0.0, -0.0, -0.0, -0.0, -1.0, 0.403257, -0.0, -1.0, 0.0, -0.0, 0.0, 0.0, 0.0, 1.0],
                [-1.0, 0.0, -0.0, -0.0, 0.0, -0.0, -1.0, 0.320992, -0.0, -1.0, 0.0, 0.0, 0.0, 0.0, 0.0, 1.0]
            ]
        },
        {
            "name": "Shoulder_L",
            "time": [0.0, 0.1, 0.15, 0.1833, 0.3333, 0.75],
            "transform": [
                [0.369191, -0.817644, -0.441764, -0.0, 0.032919, -0.463542, 0.885463, 0.4, -0.92877, -0.341448, -0.14422, -0.0, 0.0, 0.0, 0.0, 1.0],
                [0.491513, -0.744906, -0.451143, -0.0, 0.053694, -0.49113, 0.86943, 0.4, -0.869213, -0.45156, -0.2014, -0.0, 0.0, 0.0, 0.0, 1.0],
                [-0.0, -0.952114, -0.305743, 0.0, 0.0, -0.305743, 0.952114, 0.4, -1.0, -0.0, 0.0, 0.0, 0.0, 0.0, 0.0, 1.0],
                [-0.373136, -0.81659, -0.440398, -0.0, -0.033104, -0.462661, 0.885917, 0.4, -0.927186, 0.345146, 0.145603, -0.0, 0.0, 0.0, 0.0, 1.0],
                [-0.373136, -0.81659, -0.440398, -0.0, -0.033104, -0.46266, 0.885917, 0.4, -0.927186, 0.345146, 0.145603, 0.0, 0.0, 0.0, 0.0, 1.0],
                [-0.373136, -0.81659, -0.440398, -0.0, -0.033104, -0.462661, 0.885917, 0.4, -0.927186, 0.345146, 0.145603, -0.0, 0.0, 0.0, 0.0, 1.0]
            ]
        },
        {
            "name": "Arm_L",
            "time": [0.0, 0.1, 0.15, 0.1833, 0.3333, 0.75],
            "transform": [
                [0.368291, 0.921846, -0.120672, 0.0, 0.303526, -0.241903, -0.921604, 0.39386, -0.878768, 0.302791, -0.368895, 0.0, 0.0, 0.0, 0.0, 1.0],
                [0.390737, 0.902267, -0.182317, 0.0, 0.295696, -0.310596, -0.903379, 0.39386, -0.871716, 0.299073, -0.388158, 0.0, 0.0, 0.0, 0.0, 1.0],
                [0.237489, 0.932247, 0.272974, -0.0, 0.289839, 0.200208, -0.935901, 0.39386, -0.927142, 0.301385, -0.222654, 0.0, 0.0, 0.0, 0.0, 1.0],
                [0.188464, 0.414911, 0.890129, 0.0, 0.409786, 0.790474, -0.455222, 0.393861, -0.8925, 0.450555, -0.021049, 0.0, 0.0, 0.0, 0.0, 1.0],
                [0.712651, -0.186911, 0.676161, -0.0, 0.053597, 0.975542, 0.21318, 0.393861, -0.699469, -0.115682, 0.705238, -0.0, 0.0, 0.0, 0.0, 1.0],
                [0.735862, -0.182945, 0.651949, -0.0, 0.02317, 0.96905, 0.245775, 0.39386, -0.676734, -0.165751, 0.717326, -0.0, 0.0, 0.0, 0.0, 1.0]
            ]
        },
        {
            "name": "Hand_L",
            "time": [0.0, 0.1, 0.1833, 0.3333, 0.75],
            "transform": [
                [1.0, -0.0, 0.0, -0.0, 0.0, 0.913133, -0.407662, 0.3, -0.0, 0.407662, 0.913133, 0.0, 0.0, 0.0, 0.0, 1.0],
                [1.0, -0.0, 0.0, 0.0, -0.0, 0.913133, -0.407662, 0.3, -0.0, 0.407662, 0.913133, 0.0, 0.0, 0.0, 0.0, 1.0],
                [1.0, 0.0, 0.0, 0.0, -0.0, 0.993938, 0.109947, 0.3, -0.0, -0.109947, 0.993938, 0.0, 0.0, 0.0, 0.0, 1.0],
                [1.0, 0.0, 0.0, 0.0, -0.0, 0.969185, -0.246333, 0.3, -0.0, 0.246333, 0.969185, 0.0, 0.0, 0.0, 0.0, 1.0],
                [1.0, 0.0, 0.0, -0.0, -0.0, 0.957112, -0.289717, 0.3, -0.0, 0.289717, 0.957113, 0.0, 0.0, 0.0, 0.0, 1.0]
            ]
        },
        {
            "name": "Tool_L",
            "time": [0.0, 0.1, 0.15, 0.1833, 0.3333, 0.75],
            "transform": [
                [0.997004, 0.01104, -0.076554, 0.0, -0.036659, -0.804079, -0.593391, 0.272858, -0.068067, 0.594062, -0.8008, -0.0, 0.0, 0.0, 0.0, 1.0],
                [0.997001, 0.011407, -0.076542, -1e-06, -0.037744, -0.791783, -0.609635, 0.272858, -0.067519, 0.610328, -0.788521, 0.0, 0.0, 0.0, 0.0, 1.0],
                [0.998627, 0.045209, 0.026457, -0.0, 0.051946, -0.789706, -0.611283, 0.272858, -0.006737, 0.611449, -0.790511, 0.0, 0.0, 0.0, 0.0, 1.0],
                [0.997001, 0.011407, -0.076541, 0.0, -0.037744, -0.791783, -0.609635, 0.272858, -0.067519, 0.610328, -0.788521, 0.0, 0.0, 0.0, 0.0, 1.0],
                [0.997001, 0.011407, -0.076541, -0.0, -0.037744, -0.791783, -0.609635, 0.272858, -0.067519, 0.610328, -0.788521, 0.0, 0.0, 0.0, 0.0, 1.0],
                [0.997001, 0.011407, -0.076541, -0.0, -0.037743, -0.791783, -0.609635, 0.272858, -0.067519, 0.610328, -0.78852, -0.0, 0.0, 0.0, 0.0, 1.0]
            ]
        },
        {
            "name": "Elbow_L",
            "time": [0.0, 0.75],
            "transform": [
                [-1.0, 0.0, -0.0, -0.0, 0.0, -0.0, -1.0, 0.349672, -0.0, -1.0, -0.0, 0.0, 0.0, 0.0, 0.0, 1.0],
                [-1.0, 0.0, -0.0, -0.0, 0.0, -0.0, -1.0, 0.337868, -0.0, -1.0, 0.0, 1e-06, 0.0, 0.0, 0.0, 1.0]
            ]
        }
    ]
}