{
    "animation": [
        {
            "name": "Root",
            "time": [0.0, 0.1, 0.1833, 0.3333, 0.6],
            "transform": [
                [0.969101, -0.065062, -0.23793, -5e-06, -0.240424, -0.033533, -0.970089, 0.006268, 0.055138, 0.997318, -0.048139, 0.651084, 0.0, 0.0, 0.0, 1.0],
                [0.914993, -0.029986, -0.402354, -5e-06, -0.403456, -0.076347, -0.911808, 0.244943, -0.003377, 0.99663, -0.081955, 0.730981, 0.0, 0.0, 0.0, 1.0],
                [0.321728, 0.035182, 0.946178, -5e-06, 0.939135, 0.1153, -0.323621, 1.132394, -0.12048, 0.992707, 0.004054, 0.640087, 0.0, 0.0, 0.0, 1.0],
                [0.304237, 0.024738, 0.952275, -5e-06, 0.945281, 0.115808, -0.305011, 1.132394, -0.117826, 0.992964, 0.011849, 0.640087, 0.0, 0.0, 0.0, 1.0],
                [0.304237, 0.024738, 0.952275, -5e-06, 0.945281, 0.115808, -0.305011, 1.132394, -0.117826, 0.992964, 0.011849, 0.640087, 0.0, 0.0, 0.0, 1.0]
            ]
        },
        {
            "name": "Thigh_R",
            "time": [0.0, 0.1, 0.1833, 0.3333, 0.6],
            "transform": [
                [0.564976, 0.468629, 0.679109, 0.124994, 0.237764, -0.880606, 0.409875, -0.002831, 0.790108, -0.0701, -0.608946, -1.2e-05, 0.0, 0.0, 0.0, 1.0],
                [0.759933, 0.612979, 0.216234, 0.124994, 0.495507, -0.761616, 0.417626, -0.002831, 0.420683, -0.21022, -0.882515, -1.2e-05, 0.0, 0.0, 0.0, 1.0],
                [0.322696, 0.805779, 0.496573, 0.141047, 0.046874, -0.537598, 0.841896, -0.000433, 0.945341, -0.248399, -0.211253, 0.047427, 0.0, 0.0, 0.0, 1.0],
                [0.342226, 0.801316, 0.490684, 0.141047, 0.063641, -0.540783, 0.83875, -0.000433, 0.93746, -0.255812, -0.236069, 0.047427, 0.0, 0.0, 0.0, 1.0],
                [0.342226, 0.801316, 0.490684, 0.141047, 0.063641, -0.540783, 0.83875, -0.000433, 0.93746, -0.255812, -0.236069, 0.047427, 0.0, 0.0, 0.0, 1.0]
            ]
        },
        {
            "name": "Leg_R",
            "time": [0.0, 0.1, 0.1833, 0.3333, 0.6],
            "transform": [
                [1.0, -0.0, 0.0, 0.0, -1e-06, 0.345903, 0.938271, 0.37472, -1e-06, -0.938271, 0.345902, -0.0, 0.0, 0.0, 0.0, 1.0],
                [1.0, -1e-06, 0.0, -0.0, -0.0, 0.355321, 0.934745, 0.37472, -1e-06, -0.934745, 0.35532, -0.0, 0.0, 0.0, 0.0, 1.0],
                [1.0, -1e-06, 1e-06, -0.0, -0.0, 0.601012, 0.799241, 0.37472, -0.0, -0.799243, 0.601007, 0.0, 0.0, 0.0, 0.0, 1.0],
                [1.0, -1e-06, 1e-06, 0.0, -0.0, 0.600944, 0.799293, 0.37472, -0.0, -0.799294, 0.60094, 0.0, 0.0, 0.0, 0.0, 1.0],
                [1.0, -1e-06, 1e-06, 0.0, -0.0, 0.600944, 0.799293, 0.37472, -0.0, -0.799294, 0.60094, 0.0, 0.0, 0.0, 0.0, 1.0]
            ]
        },
        {
            "name": "Knee_R",
            "time": [0.0, 0.1, 0.1833, 0.3333, 0.6],
            "transform": [
                [1.0, 0.0, -0.0, 0.0, -0.0, 1e-06, -1.0, 0.448006, -0.0, 1.0, 1e-06, -0.0, 0.0, 0.0, 0.0, 1.0],
                [1.0, 0.0, -0.0, 0.0, -0.0, 1e-06, -1.0, 0.447103, -0.0, 1.0, 1e-06, 0.0, 0.0, 0.0, 0.0, 1.0],
                [1.0, 0.0, -0.0, -0.0, -0.0, 1e-06, -1.0, 0.421826, -0.0, 1.0, 1e-06, -0.0, 0.0, 0.0, 0.0, 1.0],
                [1.0, 0.0, -0.0, -0.0, -0.0, 1e-06, -1.0, 0.421833, -0.0, 1.0, 1e-06, -0.0, 0.0, 0.0, 0.0, 1.0],
                [1.0, 0.0, -0.0, -0.0, -0.0, 1e-06, -1.0, 0.421833, -0.0, 1.0, 1e-06, -0.0, 0.0, 0.0, 0.0, 1.0]
            ]
        },
        {
            "name": "Thigh_L",
            "time": [0.0, 0.1, 0.1833, 0.3333, 0.6],
            "transform": [
                [0.972526, -0.190095, -0.134376, -0.125006, -0.039978, -0.705041, 0.708037, -0.002831, -0.229335, -0.683211, -0.693273, -1.2e-05, 0.0, 0.0, 0.0, 1.0],
                [0.914832, -0.16354, -0.369236, -0.125006, -0.032666, -0.941302, 0.335977, -0.002831, -0.402508, -0.295299, -0.866478, -1.2e-05, 0.0, 0.0, 0.0, 1.0],
                [0.837467, -0.450383, -0.309519, -0.125006, -0.351124, -0.877461, 0.32676, -0.00283, -0.418758, -0.164969, -0.892987, -1.1e-05, 0.0, 0.0, 0.0, 1.0],
                [0.838515, -0.453109, -0.302628, -0.125006, -0.346032, -0.871853, 0.346598, -0.00283, -0.420894, -0.185907, -0.887855, -1.2e-05, 0.0, 0.0, 0.0, 1.0],
                [0.838515, -0.453109, -0.302628, -0.125006, -0.346032, -0.871853, 0.346598, -0.00283, -0.420894, -0.185907, -0.887855, -1.2e-05, 0.0, 0.0, 0.0, 1.0]
            ]
        },
        {
            "name": "Leg_L",
            "time": [0.0, 0.1, 0.1833, 0.3333, 0.6],
            "transform": [
                [1.0, 0.0, 1e-06, -0.0, 0.0, 0.69153, 0.722349, 0.37472, -1e-06, -0.722348, 0.691528, 0.0, 0.0, 0.0, 0.0, 1.0],
                [1.0, 0.0, 1e-06, -0.0, 0.0, 0.902622, 0.430434, 0.37472, -1e-06, -0.430432, 0.902623, 0.0, 0.0, 0.0, 0.0, 1.0],
                [1.0, 0.0, 1e-06, -0.0, 0.0, 0.906061, 0.423147, 0.37472, -1e-06, -0.423144, 0.906063, -0.0, 0.0, 0.0, 0.0, 1.0],
                [1.0, 0.0, 1e-06, -0.0, 0.0, 0.904093, 0.427335, 0.37472, -1e-06, -0.427333, 0.904094, 0.0, 0.0, 0.0, 0.0, 1.0],
                [1.0, 0.0, 1e-06, -0.0, 0.0, 0.904093, 0.427335, 0.37472, -1e-06, -0.427333, 0.904094, 0.0, 0.0, 0.0, 0.0, 1.0]
            ]
        },
        {
            "name": "Knee_L",
            "time": [0.0, 0.1, 0.1833, 0.3333, 0.6],
            "transform": [
                [1.0, 0.0, -0.0, 0.0, -0.0, 1e-06, -1.0, 0.411155, -0.0, 1.0, 1e-06, -0.0, 0.0, 0.0, 0.0, 1.0],
                [1.0, 0.0, -0.0, -0.0, -0.0, 1e-06, -1.0, 0.37863, -0.0, 1.0, 1e-06, 0.0, 0.0, 0.0, 0.0, 1.0],
                [1.0, 0.0, -0.0, 0.0, -0.0, 1e-06, -1.0, 0.377907, -0.0, 1.0, 1e-06, 0.0, 0.0, 0.0, 0.0, 1.0],
                [1.0, 0.0, -0.0, -0.0, -0.0, 1e-06, -1.0, 0.378322, -0.0, 1.0, 1e-06, -0.0, 0.0, 0.0, 0.0, 1.0],
                [1.0, 0.0, -0.0, -0.0, -0.0, 1e-06, -1.0, 0.378322, -0.0, 1.0, 1e-06, -0.0, 0.0, 0.0, 0.0, 1.0]
            ]
        },
        {
            "name": "Torso",
            "time": [0.0, 0.1833, 0.6],
            "transform": [
                [0.99978, -0.020971, -0.000198, -0.0, 0.020971, 0.999603, 0.018833, 0.05, -0.000198, -0.018833, 0.999823, -0.0, 0.0, 0.0, 0.0, 1.0],
                [0.999735, -0.021482, -0.008252, 0.0, 0.021303, 0.999548, -0.0212, 0.05, 0.008704, 0.021019, 0.999741, -0.0, 0.0, 0.0, 0.0, 1.0],
                [0.999735, -0.021482, -0.008252, 0.0, 0.021303, 0.999548, -0.0212, 0.05, 0.008704, 0.021019, 0.999741, 0.0, 0.0, 0.0, 0.0, 1.0]
            ]
        },
        {
            "name": "Chest",
            "time": [0.0, 0.1833, 0.6],
            "transform": [
                [0.95914, -0.025664, -0.281766, -0.0, 0.02718, 0.999629, 0.001471, 0.3, 0.281623, -0.00907, 0.959482, -0.0, 0.0, 0.0, 0.0, 1.0],
                [0.997686, 0.062387, 0.027015, 0.0, -0.063952, 0.996053, 0.061556, 0.3, -0.023068, -0.063142, 0.997738, 0.0, 0.0, 0.0, 0.0, 1.0],
                [0.997686, 0.062387, 0.027015, -0.0, -0.063952, 0.996053, 0.061556, 0.3, -0.023068, -0.063142, 0.997738, 0.0, 0.0, 0.0, 0.0, 1.0]
            ]
        },
        {
            "name": "Head",
            "time": [0.0, 0.1, 0.1833, 0.6],
            "transform": [
                [0.865895, 0.078544, 0.49402, -0.0, -0.092246, 0.995731, 0.003374, 0.4, -0.491646, -0.048493, 0.869444, 0.0, 0.0, 0.0, 0.0, 1.0],
                [0.847909, 0.014244, 0.529951, 0.0, -0.011288, 0.999897, -0.008814, 0.4, -0.530022, 0.001492, 0.847982, -0.0, 0.0, 0.0, 0.0, 1.0],
                [0.522056, -0.106955, -0.846179, -0.0, 0.045916, 0.994192, -0.097336, 0.4, 0.851675, 0.011962, 0.523935, -0.0, 0.0, 0.0, 0.0, 1.0],
                [0.522056, -0.106955, -0.846179, 0.0, 0.045916, 0.994192, -0.097336, 0.4, 0.851675, 0.011962, 0.523935, 0.0, 0.0, 0.0, 0.0, 1.0]
            ]
        },
        {
            "name": "Shoulder_R",
            "time": [0.0, 0.1833, 0.6],
            "transform": [
                [-0.347664, 0.870713, 0.347833, -0.0, 0.049678, -0.353348, 0.934172, 0.4, 0.936302, 0.342058, 0.079591, 0.0, 0.0, 0.0, 0.0, 1.0],
                [0.616515, 0.752964, 0.23012, -0.0, 0.037181, -0.319791, 0.946758, 0.4, 0.786465, -0.575134, -0.225152, -0.0, 0.0, 0.0, 0.0, 1.0],
                [0.616515, 0.752964, 0.23012, 0.0, 0.037181, -0.319791, 0.946758, 0.4, 0.786465, -0.575134, -0.225152, 0.0, 0.0, 0.0, 0.0, 1.0]
            ]
        },
        {
            "name": "Arm_R",
            "time": [0.0, 0.1, 0.2167, 0.6],
            "transform": [
                [0.644333, -0.452585, 0.616443, -0.0, 0.759939, 0.469156, -0.449873, 0.39386, -0.085602, 0.758327, 0.64623, 0.0, 0.0, 0.0, 0.0, 1.0],
                [0.915853, -0.388561, -0.101159, 0.0, 0.169091, 0.60177, -0.780565, 0.39386, 0.364172, 0.697778, 0.616835, 0.0, 0.0, 0.0, 0.0, 1.0],
                [-0.068178, -0.699067, -0.711798, 0.0, 0.866475, 0.312169, -0.389578, 0.393861, 0.494543, -0.643316, 0.584441, -0.0, 0.0, 0.0, 0.0, 1.0],
                [-0.068178, -0.699067, -0.711798, 0.0, 0.866475, 0.312169, -0.389578, 0.39386, 0.494543, -0.643316, 0.584441, 0.0, 0.0, 0.0, 0.0, 1.0]
            ]
        },
        {
            "name": "Hand_R",
            "time": [0.0, 0.1333, 0.2167, 0.3333, 0.6],
            "transform": [
                [1.0, 0.0, 0.0, -0.0, -0.0, 0.476564, -0.87914, 0.3, -0.0, 0.87914, 0.476564, -0.0, 0.0, 0.0, 0.0, 1.0],
                [1.0, 0.0, 0.0, 0.0, -0.0, 0.993937, 0.109947, 0.3, -0.0, -0.109947, 0.993937, -0.0, 0.0, 0.0, 0.0, 1.0],
                [1.0, 0.0, 0.0, 0.0, -0.0, 0.996336, -0.08553, 0.3, -0.0, 0.08553, 0.996335, -0.0, 0.0, 0.0, 0.0, 1.0],
                [1.0, 0.0, 0.0, -0.0, -0.0, 0.996336, -0.085529, 0.3, -0.0, 0.085529, 0.996336, 0.0, 0.0, 0.0, 0.0, 1.0],
                [1.0, 0.0, 0.0, -0.0, -0.0, 0.996336, -0.085529, 0.3, -0.0, 0.085529, 0.996336, 0.0, 0.0, 0.0, 0.0, 1.0]
            ]
        },
        {
            "name": "Tool_R",
            "time": [0.0, 0.25, 0.6],
            "transform": [
                [0.004654, 0.109534, -0.993972, -0.0, 0.130104, -0.985601, -0.108002, 0.272858, -0.990901, -0.128751, -0.018828, 0.0, 0.0, 0.0, 0.0, 1.0],
                [0.013482, 0.91914, -0.393702, 0.0, 0.125494, -0.392179, -0.911289, 0.272858, -0.991414, -0.037103, -0.120572, 0.0, 0.0, 0.0, 0.0, 1.0],
                [0.013482, 0.91914, -0.393702, -0.0, 0.125494, -0.392179, -0.911289, 0.272858, -0.991415, -0.037103, -0.120572, 0.0, 0.0, 0.0, 0.0, 1.0]
            ]
        },
        {
            "name": "Elbow_R",
            "time": [0.0, 0.1333, 0.2167, 0.6],
            "transform": [
                [-1.0, -0.0, -0.0, -0.0, 0.0, 0.0, -1.0, 0.410974, 0.0, -1.0, 0.0, -0.0, 0.0, 0.0, 0.0, 1.0],
                [-1.0, -0.0, -0.0, -0.0, -0.0, -0.0, -1.0, 0.3, 0.0, -1.0, 0.0, 0.0, 0.0, 0.0, 0.0, 1.0],
                [-1.0, -0.0, -0.0, 0.0, 0.0, -0.0, -1.0, 0.318349, 0.0, -1.0, 0.0, -0.0, 0.0, 0.0, 0.0, 1.0],
                [-1.0, -0.0, -0.0, -0.0, 0.0, -0.0, -1.0, 0.318349, 0.0, -1.0, 0.0, -0.0, 0.0, 0.0, 0.0, 1.0]
            ]
        },
        {
            "name": "Shoulder_L",
            "time": [0.0, 0.1833, 0.6],
            "transform": [
                [0.088498, -0.949454, -0.301173, -0.0, -0.003899, -0.302687, 0.953082, 0.4, -0.996069, -0.083172, -0.030489, 0.0, 0.0, 0.0, 0.0, 1.0],
                [-0.360741, -0.887084, -0.288006, -0.0, -0.021937, -0.300643, 0.953485, 0.4, -0.932408, 0.350279, 0.088994, -0.0, 0.0, 0.0, 0.0, 1.0],
                [-0.360741, -0.887084, -0.288006, 0.0, -0.021937, -0.300643, 0.953484, 0.4, -0.932408, 0.350279, 0.088994, 0.0, 0.0, 0.0, 0.0, 1.0]
            ]
        },
        {
            "name": "Arm_L",
            "time": [0.0, 0.2333, 0.6],
            "transform": [
                [-0.107112, 0.734308, 0.670312, -0.0, 0.520827, 0.615727, -0.591287, 0.39386, -0.846916, 0.285783, -0.448399, 0.0, 0.0, 0.0, 0.0, 1.0],
                [0.203149, -0.678074, 0.706361, -0.0, -0.367055, 0.616058, 0.696952, 0.39386, -0.907745, -0.400858, -0.123739, 0.0, 0.0, 0.0, 0.0, 1.0],
                [0.203149, -0.678074, 0.706361, -0.0, -0.367055, 0.616058, 0.696952, 0.39386, -0.907745, -0.400858, -0.123739, -0.0, 0.0, 0.0, 0.0, 1.0]
            ]
        },
        {
            "name": "Hand_L",
            "time": [0.0, 0.25, 0.6],
            "transform": [
                [1.0, 0.0, -0.0, -0.0, -0.0, 0.523954, -0.851747, 0.3, -0.0, 0.851747, 0.523954, 0.0, 0.0, 0.0, 0.0, 1.0],
                [1.0, 0.0, 0.0, -0.0, 0.0, 0.82126, -0.570555, 0.3, -0.0, 0.570555, 0.82126, -0.0, 0.0, 0.0, 0.0, 1.0],
                [1.0, 0.0, 0.0, -0.0, 0.0, 0.82126, -0.570555, 0.3, -0.0, 0.570555, 0.82126, 0.0, 0.0, 0.0, 0.0, 1.0]
            ]
        },
        {
            "name": "Tool_L",
            "time": [0.0, 0.1833, 0.6],
            "transform": [
                [0.999997, -0.000754, -0.002376, 0.0, -0.001755, -0.890054, -0.455852, 0.272858, -0.00177, 0.455577, -0.889534, -0.0, 0.0, 0.0, 0.0, 1.0],
                [0.999972, 0.000703, 0.007426, 1e-06, 0.004529, -0.848227, -0.529613, 0.272858, 0.005923, 0.529311, -0.847713, -0.0, 0.0, 0.0, 0.0, 1.0],
                [0.999972, 0.000703, 0.007426, 0.0, 0.004529, -0.848227, -0.529613, 0.272858, 0.005923, 0.529312, -0.847714, -0.0, 0.0, 0.0, 0.0, 1.0]
            ]
        },
        {
            "name": "Elbow_L",
            "time": [0.0, 0.25, 0.6],
            "transform": [
                [-1.0, 0.0, -0.0, -0.0, 0.0, -0.0, -1.0, 0.405844, -0.0, -1.0, -0.0, 0.0, 0.0, 0.0, 0.0, 1.0],
                [-1.0, 0.0, -0.0, 0.0, 0.0, 0.0, -1.0, 0.367224, -0.0, -1.0, -0.0, -0.0, 0.0, 0.0, 0.0, 1.0],
                [-1.0, 0.0, -0.0, 0.0, 0.0, -0.0, -1.0, 0.367224, -0.0, -1.0, -0.0, 0.0, 0.0, 0.0, 0.0, 1.0]
            ]
        }
    ]
}