{
    "animation": [
        {
            "name": "Root",
            "time": [0.0, 0.0833, 0.15, 0.3167, 0.6],
            "transform": [
                [0.726892, 0.09373, -0.680326, -5e-06, -0.676091, 0.27154, -0.684957, -0.000596, 0.120535, 0.957852, 0.260751, 0.616349, 0.0, 0.0, 0.0, 1.0],
                [0.98037, 0.029859, 0.194891, -5e-06, 0.191831, 0.083922, -0.977833, 0.500271, -0.045552, 0.996025, 0.076546, 0.750297, 0.0, 0.0, 0.0, 1.0],
                [0.41292, 0.048053, 0.909499, -5e-06, 0.910551, 0.0, -0.413397, 1.001139, -0.019865, 0.998845, -0.043755, 0.648837, 0.0, 0.0, 0.0, 1.0],
                [0.320169, 0.047814, 0.946153, -5e-06, 0.947152, 0.004786, -0.320749, 1.001139, -0.019865, 0.998845, -0.043755, 0.648837, 0.0, 0.0, 0.0, 1.0],
                [0.320169, 0.047814, 0.946153, -5e-06, 0.947152, 0.004786, -0.320749, 1.001139, -0.019865, 0.998845, -0.043755, 0.648837, 0.0, 0.0, 0.0, 1.0]
            ]
        },
        {
            "name": "Thigh_R",
            "time": [0.0, 0.0833, 0.15, 0.3167, 0.6],
            "transform": [
                [0.707107, 0.549224, 0.445366, 0.124994, 0.178478, -0.748076, 0.63916, -0.002831, 0.684211, -0.372466, -0.626996, -1.2e-05, 0.0, 0.0, 0.0, 1.0],
                [0.488497, 0.736237, 0.46832, 0.124994, 0.218963, -0.622973, 0.750972, -0.00283, 0.844645, -0.264302, -0.465531, -1.2e-05, 0.0, 0.0, 0.0, 1.0],
                [0.420849, 0.690624, 0.588152, 0.124994, 0.123973, -0.686068, 0.716896, -0.002831, 0.898619, -0.228789, -0.374351, -1.2e-05, 0.0, 0.0, 0.0, 1.0],
                [0.310538, 0.717387, 0.623635, 0.124994, 0.13387, -0.682535, 0.718486, -0.002831, 0.941086, -0.139631, -0.307991, -1.2e-05, 0.0, 0.0, 0.0, 1.0],
                [0.310538, 0.717387, 0.623635, 0.124994, 0.13387, -0.682535, 0.718486, -0.002831, 0.941086, -0.139631, -0.307991, -1.2e-05, 0.0, 0.0, 0.0, 1.0]
            ]
        },
        {
            "name": "Leg_R",
            "time": [0.0, 0.0833, 0.15, 0.3167, 0.6],
            "transform": [
                [1.0, -0.0, 1e-06, -0.0, -0.0, 0.796138, 0.605115, 0.37472, -1e-06, -0.605116, 0.796137, 0.0, 0.0, 0.0, 0.0, 1.0],
                [1.0, -0.0, 0.0, -0.0, -0.0, -0.051337, 0.998681, 0.37472, -1e-06, -0.998682, -0.051337, -0.0, 0.0, 0.0, 0.0, 1.0],
                [1.0, -0.0, 1e-06, -0.0, -0.0, 0.689329, 0.724449, 0.37472, -0.0, -0.72445, 0.689328, -0.0, 0.0, 0.0, 0.0, 1.0],
                [1.0, -0.0, 1e-06, -0.0, -0.0, 0.684828, 0.728705, 0.37472, -1e-06, -0.728706, 0.684827, -0.0, 0.0, 0.0, 0.0, 1.0],
                [1.0, -0.0, 1e-06, -0.0, -0.0, 0.684828, 0.728705, 0.37472, -1e-06, -0.728706, 0.684827, -0.0, 0.0, 0.0, 0.0, 1.0]
            ]
        },
        {
            "name": "Knee_R",
            "time": [0.0, 0.0833, 0.15, 0.3167, 0.6],
            "transform": [
                [1.0, 0.0, -0.0, -0.0, -0.0, 1e-06, -1.0, 0.397032, -0.0, 1.0, 1e-06, -0.0, 0.0, 0.0, 0.0, 1.0],
                [1.0, 0.0, -0.0, -0.0, -0.0, 1e-06, -1.0, 0.47972, -0.0, 1.0, 1e-06, -0.0, 0.0, 0.0, 0.0, 1.0],
                [1.0, 0.0, -0.0, -0.0, -0.0, 1e-06, -1.0, 0.411428, -0.0, 1.0, 1e-06, -0.0, 0.0, 0.0, 0.0, 1.0],
                [1.0, 0.0, -0.0, 0.0, -0.0, 1e-06, -1.0, 0.411984, -0.0, 1.0, 1e-06, -0.0, 0.0, 0.0, 0.0, 1.0],
                [1.0, 0.0, -0.0, 0.0, -0.0, 1e-06, -1.0, 0.411984, -0.0, 1.0, 1e-06, -0.0, 0.0, 0.0, 0.0, 1.0]
            ]
        },
        {
            "name": "Thigh_L",
            "time": [0.0, 0.0667, 0.1167, 0.15, 0.3167, 0.6],
            "transform": [
                [0.697652, -0.64952, -0.302332, -0.125007, 0.108118, -0.321711, 0.940645, -0.00283, -0.708231, -0.688929, -0.154218, -1.1e-05, 0.0, 0.0, 0.0, 1.0],
                [0.752128, -0.029989, -0.658334, -0.125006, 0.218736, -0.930971, 0.292308, -0.00283, -0.621656, -0.363854, -0.693652, -1.1e-05, 0.0, 0.0, 0.0, 1.0],
                [0.856108, -0.28772, -0.429296, -0.125006, -0.080853, -0.895026, 0.438621, -0.00283, -0.510432, -0.340796, -0.789504, -1.2e-05, 0.0, 0.0, 0.0, 1.0],
                [0.846962, -0.480726, -0.227059, -0.125006, -0.31157, -0.794867, 0.520682, -0.00283, -0.430787, -0.370253, -0.823004, -1.2e-05, 0.0, 0.0, 0.0, 1.0],
                [0.851374, -0.47149, -0.229908, -0.125006, -0.279188, -0.778343, 0.562347, -0.00283, -0.444089, -0.41458, -0.794297, -1.1e-05, 0.0, 0.0, 0.0, 1.0],
                [0.851374, -0.47149, -0.229908, -0.125006, -0.279188, -0.778343, 0.562347, -0.00283, -0.444089, -0.41458, -0.794297, -1.1e-05, 0.0, 0.0, 0.0, 1.0]
            ]
        },
        {
            "name": "Leg_L",
            "time": [0.0, 0.0667, 0.1167, 0.15, 0.3167, 0.6],
            "transform": [
                [1.0, -1e-06, 1e-06, -0.0, -0.0, 0.563161, 0.826348, 0.37472, -1e-06, -0.826347, 0.563161, -0.0, 0.0, 0.0, 0.0, 1.0],
                [1.0, -0.0, 0.0, -0.0, 0.0, 0.999986, 0.005191, 0.37472, -0.0, -0.005191, 0.999987, 0.0, 0.0, 0.0, 0.0, 1.0],
                [1.0, -1e-06, 1e-06, -0.0, -0.0, 0.740115, 0.67248, 0.37472, -1e-06, -0.67248, 0.740115, -0.0, 0.0, 0.0, 0.0, 1.0],
                [1.0, -1e-06, 1e-06, 0.0, 0.0, 0.67134, 0.741149, 0.37472, -1e-06, -0.741149, 0.671341, 0.0, 0.0, 0.0, 0.0, 1.0],
                [1.0, -1e-06, 1e-06, 0.0, -0.0, 0.67404, 0.738695, 0.37472, -1e-06, -0.738695, 0.67404, 0.0, 0.0, 0.0, 0.0, 1.0],
                [1.0, -1e-06, 1e-06, 0.0, -0.0, 0.67404, 0.738695, 0.37472, -1e-06, -0.738695, 0.67404, 0.0, 0.0, 0.0, 0.0, 1.0]
            ]
        },
        {
            "name": "Knee_L",
            "time": [0.0, 0.0667, 0.1167, 0.15, 0.3167, 0.6],
            "transform": [
                [1.0, 0.0, -0.0, 0.0, -0.0, 1e-06, -1.0, 0.426006, -0.0, 1.0, 1e-06, -0.0, 0.0, 0.0, 0.0, 1.0],
                [1.0, 0.0, -0.0, -0.0, -0.0, 1e-06, -1.0, 0.37472, -0.0, 1.0, 1e-06, -0.0, 0.0, 0.0, 0.0, 1.0],
                [1.0, 0.0, -0.0, 0.0, -0.0, 1e-06, -1.0, 0.404902, -0.0, 1.0, 1e-06, -0.0, 0.0, 0.0, 0.0, 1.0],
                [1.0, 0.0, -0.0, -0.0, -0.0, 1e-06, -1.0, 0.413632, -0.0, 1.0, 1e-06, -0.0, 0.0, 0.0, 0.0, 1.0],
                [1.0, 0.0, -0.0, 0.0, -0.0, 1e-06, -1.0, 0.413304, -0.0, 1.0, 1e-06, 0.0, 0.0, 0.0, 0.0, 1.0],
                [1.0, 0.0, -0.0, 0.0, -0.0, 1e-06, -1.0, 0.413304, -0.0, 1.0, 1e-06, 0.0, 0.0, 0.0, 0.0, 1.0]
            ]
        },
        {
            "name": "Torso",
            "time": [0.0, 0.1167, 0.3167, 0.6],
            "transform": [
                [0.999735, -0.021482, -0.008254, 0.0, 0.021303, 0.999548, -0.021205, 0.05, 0.008706, 0.021023, 0.999741, 0.0, 0.0, 0.0, 0.0, 1.0],
                [0.999735, -0.021482, -0.008253, -0.0, 0.021303, 0.999548, -0.021202, 0.05, 0.008705, 0.021021, 0.999741, -0.0, 0.0, 0.0, 0.0, 1.0],
                [0.999735, -0.021482, -0.008252, 0.0, 0.021303, 0.999548, -0.0212, 0.05, 0.008704, 0.021019, 0.999741, -0.0, 0.0, 0.0, 0.0, 1.0],
                [0.999735, -0.021482, -0.008252, 0.0, 0.021303, 0.999548, -0.0212, 0.05, 0.008704, 0.021019, 0.999741, -0.0, 0.0, 0.0, 0.0, 1.0]
            ]
        },
        {
            "name": "Chest",
            "time": [0.0, 0.1167, 0.3167, 0.6],
            "transform": [
                [0.997686, 0.062387, 0.027016, -0.0, -0.063952, 0.996053, 0.061558, 0.3, -0.023069, -0.063143, 0.997738, -0.0, 0.0, 0.0, 0.0, 1.0],
                [0.997686, 0.062387, 0.027015, 0.0, -0.063952, 0.996053, 0.061557, 0.3, -0.023068, -0.063142, 0.997738, -0.0, 0.0, 0.0, 0.0, 1.0],
                [0.997686, 0.062387, 0.027015, 0.0, -0.063952, 0.996053, 0.061556, 0.3, -0.023068, -0.063142, 0.997738, 0.0, 0.0, 0.0, 0.0, 1.0],
                [0.997686, 0.062387, 0.027015, 0.0, -0.063952, 0.996053, 0.061556, 0.3, -0.023068, -0.063142, 0.997738, 0.0, 0.0, 0.0, 0.0, 1.0]
            ]
        },
        {
            "name": "Head",
            "time": [0.0, 0.1167, 0.3167, 0.6],
            "transform": [
                [0.781032, 0.05185, 0.622335, 0.0, 0.115411, 0.967397, -0.22544, 0.4, -0.613734, 0.2479, 0.749584, 0.0, 0.0, 0.0, 0.0, 1.0],
                [0.870079, -0.055982, -0.489724, -0.0, 0.054578, 0.998362, -0.017159, 0.4, 0.489882, -0.011798, 0.871709, 0.0, 0.0, 0.0, 0.0, 1.0],
                [0.701985, -0.047004, -0.710639, 0.0, 0.035762, 0.998887, -0.030744, 0.4, 0.711293, -0.003832, 0.702885, -0.0, 0.0, 0.0, 0.0, 1.0],
                [0.701985, -0.047004, -0.710639, 0.0, 0.035762, 0.998887, -0.030744, 0.4, 0.711293, -0.003832, 0.702885, -0.0, 0.0, 0.0, 0.0, 1.0]
            ]
        },
        {
            "name": "Shoulder_R",
            "time": [0.0, 0.05, 0.15, 0.6],
            "transform": [
                [0.0, 0.952114, 0.305743, 0.0, 0.0, -0.305743, 0.952114, 0.4, 1.0, 0.0, -0.0, 0.0, 0.0, 0.0, 0.0, 1.0],
                [0.029656, 0.951489, 0.306249, -0.0, 0.001806, -0.306434, 0.95189, 0.4, 0.999558, -0.027676, -0.010805, 0.0, 0.0, 0.0, 0.0, 1.0],
                [0.616515, 0.752963, 0.23012, -0.0, 0.037181, -0.319791, 0.946758, 0.4, 0.786465, -0.575134, -0.225152, 0.0, 0.0, 0.0, 0.0, 1.0],
                [0.616515, 0.752964, 0.23012, 0.0, 0.037181, -0.319791, 0.946758, 0.4, 0.786465, -0.575134, -0.225152, -0.0, 0.0, 0.0, 0.0, 1.0]
            ]
        },
        {
            "name": "Arm_R",
            "time": [0.0, 0.05, 0.1167, 0.3167, 0.6],
            "transform": [
                [0.529621, -0.38997, -0.753276, 0.0, 0.736113, 0.652561, 0.179724, 0.39386, 0.421472, -0.649683, 0.632672, 0.0, 0.0, 0.0, 0.0, 1.0],
                [0.478136, -0.576182, -0.662873, -0.0, 0.786639, 0.616612, 0.031438, 0.393861, 0.390621, -0.536473, 0.748072, -0.0, 0.0, 0.0, 0.0, 1.0],
                [0.064017, -0.879063, 0.472387, 0.0, 0.96844, -0.059536, -0.242031, 0.39386, 0.240884, 0.472973, 0.847509, 0.0, 0.0, 0.0, 0.0, 1.0],
                [-0.143431, -0.827009, 0.543585, 0.0, 0.704328, -0.471158, -0.530973, 0.39386, 0.695233, 0.306704, 0.650064, -0.0, 0.0, 0.0, 0.0, 1.0],
                [-0.143431, -0.827009, 0.543585, 0.0, 0.704328, -0.471158, -0.530973, 0.393861, 0.695233, 0.306704, 0.650064, -0.0, 0.0, 0.0, 0.0, 1.0]
            ]
        },
        {
            "name": "Hand_R",
            "time": [0.0, 0.05, 0.1167, 0.15, 0.6],
            "transform": [
                [1.0, 0.0, 0.0, -0.0, -0.0, 0.965689, -0.259703, 0.3, -0.0, 0.259703, 0.965689, 0.0, 0.0, 0.0, 0.0, 1.0],
                [1.0, 0.0, 0.0, 0.0, -0.0, 0.993938, 0.109947, 0.3, -0.0, -0.109947, 0.993938, 0.0, 0.0, 0.0, 0.0, 1.0],
                [1.0, 0.0, 0.0, 0.0, -0.0, 0.993938, 0.109947, 0.3, -0.0, -0.109947, 0.993937, -0.0, 0.0, 0.0, 0.0, 1.0],
                [1.0, 0.0, 0.0, 0.0, -0.0, 0.949701, -0.31316, 0.3, -0.0, 0.31316, 0.949701, -0.0, 0.0, 0.0, 0.0, 1.0],
                [1.0, 0.0, 0.0, 0.0, -0.0, 0.949701, -0.31316, 0.3, -0.0, 0.31316, 0.9497, -0.0, 0.0, 0.0, 0.0, 1.0]
            ]
        },
        {
            "name": "Tool_R",
            "time": [0.0, 0.2, 0.6],
            "transform": [
                [6e-06, 0.097369, -0.995249, 0.0, 0.120707, -0.987971, -0.096656, 0.272858, -0.992099, -0.120073, -0.011753, 0.0, 0.0, 0.0, 0.0, 1.0],
                [0.002886, 0.733836, -0.679321, -0.0, 0.122825, -0.67444, -0.728042, 0.272858, -0.991836, -0.081296, -0.092033, 1e-06, 0.0, 0.0, 0.0, 1.0],
                [0.002886, 0.733836, -0.679321, 0.0, 0.122825, -0.67444, -0.728042, 0.272858, -0.991836, -0.081296, -0.092033, 1e-06, 0.0, 0.0, 0.0, 1.0]
            ]
        },
        {
            "name": "Elbow_R",
            "time": [0.0, 0.05, 0.1167, 0.15, 0.6],
            "transform": [
                [-1.0, -0.0, 0.0, -0.0, -0.0, 0.0, -1.0, 0.334943, 0.0, -1.0, 0.0, 0.0, 0.0, 0.0, 0.0, 1.0],
                [-1.0, -0.0, -0.0, -0.0, 0.0, 0.0, -1.0, 0.3, 0.0, -1.0, 0.0, 0.0, 0.0, 0.0, 0.0, 1.0],
                [-1.0, -0.0, -0.0, 0.0, 0.0, -0.0, -1.0, 0.3, 0.0, -1.0, 0.0, -0.0, 0.0, 0.0, 0.0, 1.0],
                [-1.0, -0.0, 0.0, -0.0, 0.0, 0.0, -1.0, 0.340173, 0.0, -1.0, 0.0, -0.0, 0.0, 0.0, 0.0, 1.0],
                [-1.0, -0.0, -0.0, 0.0, 0.0, -0.0, -1.0, 0.340173, 0.0, -1.0, 0.0, -0.0, 0.0, 0.0, 0.0, 1.0]
            ]
        },
        {
            "name": "Shoulder_L",
            "time": [0.0, 0.1167, 0.6],
            "transform": [
                [0.272936, -0.949674, -0.153704, 0.0, 0.082803, -0.135987, 0.987244, 0.4, -0.958462, -0.282181, 0.04152, 0.0, 0.0, 0.0, 0.0, 1.0],
                [-0.360741, -0.887084, -0.288006, -0.0, -0.021937, -0.300643, 0.953485, 0.4, -0.932408, 0.350279, 0.088994, 0.0, 0.0, 0.0, 0.0, 1.0],
                [-0.360741, -0.887084, -0.288006, 0.0, -0.021937, -0.300643, 0.953485, 0.4, -0.932408, 0.350279, 0.088994, -0.0, 0.0, 0.0, 0.0, 1.0]
            ]
        },
        {
            "name": "Arm_L",
            "time": [0.0, 0.1167, 0.6],
            "transform": [
                [-0.270037, 0.169648, 0.947786, -0.0, -0.121437, 0.970494, -0.208312, 0.39386, -0.955161, -0.171349, -0.241468, 0.0, 0.0, 0.0, 0.0, 1.0],
                [0.190037, -0.690793, 0.697632, -0.0, -0.641969, 0.450189, 0.62065, 0.39386, -0.742807, -0.565805, -0.357915, -0.0, 0.0, 0.0, 0.0, 1.0],
                [0.190037, -0.690793, 0.697632, -0.0, -0.641969, 0.450189, 0.62065, 0.39386, -0.742807, -0.565805, -0.357915, -0.0, 0.0, 0.0, 0.0, 1.0]
            ]
        },
        {
            "name": "Hand_L",
            "time": [0.0, 0.6],
            "transform": [
                [1.0, 0.0, -0.0, -0.0, 0.0, 0.407075, -0.913395, 0.3, 0.0, 0.913395, 0.407076, 0.0, 0.0, 0.0, 0.0, 1.0],
                [1.0, 0.0, -0.0, 0.0, -0.0, 0.407075, -0.913395, 0.3, -0.0, 0.913395, 0.407075, 0.0, 0.0, 0.0, 0.0, 1.0]
            ]
        },
        {
            "name": "Tool_L",
            "time": [0.0, 0.6],
            "transform": [
                [1.0, 0.0, 0.0, 0.0, -0.0, -0.999836, 0.018122, 0.272858, 0.0, -0.018122, -0.999247, -0.0, 0.0, 0.0, 0.0, 1.0],
                [1.0, -0.0, 0.0, 0.0, -0.0, -0.999836, 0.018122, 0.272858, 0.0, -0.018122, -0.999248, -0.0, 0.0, 0.0, 0.0, 1.0]
            ]
        },
        {
            "name": "Elbow_L",
            "time": [0.0, 0.6],
            "transform": [
                [-1.0, 0.0, 0.0, -0.0, 0.0, -0.0, -1.0, 0.418236, -0.0, -1.0, 0.0, -0.0, 0.0, 0.0, 0.0, 1.0],
                [-1.0, 0.0, -0.0, 0.0, 0.0, -0.0, -1.0, 0.418236, -0.0, -1.0, 0.0, 0.0, 0.0, 0.0, 0.0, 1.0]
            ]
        }
    ]
}