{
    "animation": [
        {
            "name": "Root",
            "time": [0.0, 0.1, 0.2, 0.625],
            "transform": [
                [0.995303, 0.0, -0.096805, -5e-06, -0.096647, -0.057125, -0.993678, 0.14568, -0.00553, 0.998367, -0.056857, 0.76494, 0.0, 0.0, 0.0, 1.0],
                [0.528875, 0.002791, 0.848695, -5e-06, 0.842469, 0.119223, -0.525387, 0.882863, -0.10265, 0.992864, 0.060703, 0.731223, 0.0, 0.0, 0.0, 1.0],
                [0.488732, 0.0, 0.872434, -5e-06, 0.865503, 0.125803, -0.484849, 0.998496, -0.109755, 0.992055, 0.061484, 0.729003, 0.0, 0.0, 0.0, 1.0],
                [0.488732, 0.0, 0.872434, -5e-06, 0.865503, 0.125803, -0.484849, 0.998496, -0.109755, 0.992055, 0.061484, 0.729003, 0.0, 0.0, 0.0, 1.0]
            ]
        },
        {
            "name": "Thigh_R",
            "time": [0.0, 0.1, 0.625],
            "transform": [
                [0.998551, 0.026479, -0.046847, 0.124994, 0.034535, -0.982964, 0.180515, -0.002831, -0.041269, -0.18187, -0.982456, -1.2e-05, 0.0, 0.0, 0.0, 1.0],
                [0.46035, 0.525642, 0.715387, 0.153254, -0.003737, -0.804697, 0.593672, -0.002831, 0.887729, -0.275969, -0.368479, 0.050436, 0.0, 0.0, 0.0, 1.0],
                [0.460349, 0.525642, 0.715387, 0.153254, -0.003737, -0.804697, 0.593672, -0.002831, 0.887729, -0.27597, -0.368479, 0.050436, 0.0, 0.0, 0.0, 1.0]
            ]
        },
        {
            "name": "Leg_R",
            "time": [0.0, 0.1, 0.2, 0.625],
            "transform": [
                [1.0, -1e-06, 1e-06, -0.0, -1e-06, 0.543373, 0.839491, 0.37472, -1e-06, -0.839492, 0.543372, 0.0, 0.0, 0.0, 0.0, 1.0],
                [1.0, 0.0, 1e-06, -0.0, -0.0, 0.861884, 0.507106, 0.37472, -1e-06, -0.507107, 0.861883, -0.0, 0.0, 0.0, 0.0, 1.0],
                [0.999991, -0.001747, 0.003857, 0.0, -0.00034, 0.874804, 0.484478, 0.37472, -0.004221, -0.484475, 0.874794, -0.0, 0.0, 0.0, 0.0, 1.0],
                [0.999991, -0.001747, 0.003857, 0.0, -0.00034, 0.874804, 0.484478, 0.37472, -0.004221, -0.484475, 0.874794, -0.0, 0.0, 0.0, 0.0, 1.0]
            ]
        },
        {
            "name": "Knee_R",
            "time": [0.0, 0.1, 0.2, 0.625],
            "transform": [
                [1.0, 0.0, -0.0, 0.0, -0.0, 1e-06, -1.0, 0.420355, -0.0, 1.0, 1e-06, 0.0, 0.0, 0.0, 0.0, 1.0],
                [1.0, 0.0, -0.0, 0.0, -0.0, 1e-06, -1.0, 0.390194, -0.0, 1.0, 1e-06, -0.0, 0.0, 0.0, 0.0, 1.0],
                [1.0, 0.0, -0.0, -7e-06, -0.0, 1e-06, -1.0, 0.387497, -0.0, 1.0, 1e-06, -0.000756, 0.0, 0.0, 0.0, 1.0],
                [1.0, 0.0, -0.0, -7e-06, -0.0, 1e-06, -1.0, 0.387497, -0.0, 1.0, 1e-06, -0.000756, 0.0, 0.0, 0.0, 1.0]
            ]
        },
        {
            "name": "Thigh_L",
            "time": [0.0, 0.1, 0.625],
            "transform": [
                [0.995461, 0.007833, -0.094845, -0.125006, -0.000676, -0.995999, -0.08936, -0.002831, -0.095166, 0.089019, -0.991473, -1.2e-05, 0.0, 0.0, 0.0, 1.0],
                [0.787669, -0.156717, 0.595833, -0.132071, -0.066923, -0.983148, -0.170119, -0.002831, 0.612453, 0.094123, -0.784883, -0.012624, 0.0, 0.0, 0.0, 1.0],
                [0.787669, -0.156717, 0.595833, -0.132071, -0.066923, -0.983148, -0.170119, -0.002831, 0.612453, 0.094123, -0.784883, -0.012624, 0.0, 0.0, 0.0, 1.0]
            ]
        },
        {
            "name": "Leg_L",
            "time": [0.0, 0.1, 0.2, 0.625],
            "transform": [
                [1.0, -0.0, 1e-06, 0.0, 0.0, 0.999945, 0.010433, 0.37472, -1e-06, -0.010433, 0.999946, -0.0, 0.0, 0.0, 0.0, 1.0],
                [1.0, 0.0, 1e-06, 0.0, -0.0, 0.999945, 0.010427, 0.37472, -1e-06, -0.010427, 0.999946, -0.0, 0.0, 0.0, 0.0, 1.0],
                [1.0, 0.0, 1e-06, 0.0, -0.0, 0.999947, 0.010306, 0.37472, -1e-06, -0.010306, 0.999947, 0.0, 0.0, 0.0, 0.0, 1.0],
                [1.0, 0.0, 1e-06, 0.0, -0.0, 0.999947, 0.010306, 0.37472, -1e-06, -0.010306, 0.999947, 0.0, 0.0, 0.0, 0.0, 1.0]
            ]
        },
        {
            "name": "Knee_L",
            "time": [0.0, 0.1, 0.2, 0.625],
            "transform": [
                [1.0, 0.0, -0.0, -1e-06, -0.0, 1e-06, -1.0, 0.374871, -0.0, 1.0, 1e-06, -0.000824, 0.0, 0.0, 0.0, 1.0],
                [1.0, 0.0, -0.0, -0.0, -0.0, 1e-06, -1.0, 0.374756, -0.0, 1.0, 1e-06, -0.000199, 0.0, 0.0, 0.0, 1.0],
                [1.0, 0.0, -0.0, -0.0, -0.0, 1e-06, -1.0, 0.37474, -0.0, 1.0, 1e-06, -0.000108, 0.0, 0.0, 0.0, 1.0],
                [1.0, 0.0, -0.0, -0.0, -0.0, 1e-06, -1.0, 0.37474, -0.0, 1.0, 1e-06, -0.000108, 0.0, 0.0, 0.0, 1.0]
            ]
        },
        {
            "name": "Torso",
            "time": [0.0, 0.1, 0.625],
            "transform": [
                [1.0, 0.0, -0.0, 0.0, 0.0, 1.0, 0.0, 0.05, 0.0, -0.0, 1.0, -0.0, 0.0, 0.0, 0.0, 1.0],
                [0.99978, -0.020971, -0.000197, 0.0, 0.020971, 0.999603, 0.01883, 0.05, -0.000198, -0.01883, 0.999822, 0.0, 0.0, 0.0, 0.0, 1.0],
                [0.99978, -0.020971, -0.000197, -0.0, 0.020971, 0.999603, 0.01883, 0.05, -0.000198, -0.01883, 0.999823, -0.0, 0.0, 0.0, 0.0, 1.0]
            ]
        },
        {
            "name": "Chest",
            "time": [0.0, 0.1, 0.2, 0.625],
            "transform": [
                [1.0, 0.0, -0.0, 0.0, 0.0, 1.0, 0.0, 0.3, 0.0, -0.0, 1.0, -0.0, 0.0, 0.0, 0.0, 1.0],
                [0.999999, -0.001323, -1e-06, 0.0, 0.001323, 0.999999, 0.001145, 0.3, -1e-06, -0.001145, 0.999999, -0.0, 0.0, 0.0, 0.0, 1.0],
                [1.0, -0.0, -0.0, 0.0, -0.0, 1.0, -0.0, 0.3, 0.0, 0.0, 1.0, -0.0, 0.0, 0.0, 0.0, 1.0],
                [1.0, -0.0, -0.0, 0.0, 0.0, 1.0, -0.0, 0.3, 0.0, 0.0, 1.0, 0.0, 0.0, 0.0, 0.0, 1.0]
            ]
        },
        {
            "name": "Head",
            "time": [0.0, 0.1, 0.2, 0.625],
            "transform": [
                [0.987682, 0.024179, 0.154594, 0.0, -0.031639, 0.998441, 0.045978, 0.4, -0.153242, -0.050303, 0.986908, -0.0, 0.0, 0.0, 0.0, 1.0],
                [0.544751, -0.083193, -0.834461, 0.0, -0.030063, 0.99249, -0.118574, 0.4, 0.838059, 0.08968, 0.538159, -0.0, 0.0, 0.0, 0.0, 1.0],
                [0.497658, -0.090772, -0.862611, 0.0, -0.031974, 0.991913, -0.122824, 0.4, 0.866784, 0.088705, 0.490732, 0.0, 0.0, 0.0, 0.0, 1.0],
                [0.497658, -0.090772, -0.862611, 0.0, -0.031974, 0.991913, -0.122824, 0.4, 0.866784, 0.088705, 0.490732, 0.0, 0.0, 0.0, 0.0, 1.0]
            ]
        },
        {
            "name": "Shoulder_R",
            "time": [0.0, 0.1, 0.2, 0.625],
            "transform": [
                [0.089554, 0.949274, 0.301429, 0.0, -0.003661, -0.302329, 0.953197, 0.4, 0.995975, -0.086466, -0.0236, -0.0, 0.0, 0.0, 0.0, 1.0],
                [0.585138, 0.776343, 0.234318, 0.0, -0.017628, -0.276704, 0.960793, 0.4, 0.810742, -0.566327, -0.148225, -0.0, 0.0, 0.0, 0.0, 1.0],
                [0.613028, 0.756518, 0.227767, 0.0, -0.018015, -0.27483, 0.961324, 0.4, 0.789856, -0.593421, -0.15485, 0.0, 0.0, 0.0, 0.0, 1.0],
                [0.613028, 0.756518, 0.227767, 0.0, -0.018015, -0.27483, 0.961324, 0.4, 0.789856, -0.593421, -0.15485, 0.0, 0.0, 0.0, 0.0, 1.0]
            ]
        },
        {
            "name": "Arm_R",
            "time": [0.0, 0.1, 0.2, 0.625],
            "transform": [
                [-0.402496, 0.244643, -0.882126, 0.0, 0.718227, 0.681864, -0.138609, 0.393861, 0.567581, -0.689356, -0.450156, 0.0, 0.0, 0.0, 0.0, 1.0],
                [-0.2123, -0.936694, 0.278448, 0.0, 0.846272, -0.318711, -0.426905, 0.393861, 0.488624, 0.145011, 0.860359, 0.0, 0.0, 0.0, 0.0, 1.0],
                [-0.201798, -0.890336, 0.408143, 0.0, 0.816071, -0.38327, -0.432588, 0.393861, 0.541578, 0.245778, 0.80392, -0.0, 0.0, 0.0, 0.0, 1.0],
                [-0.201798, -0.890336, 0.408143, 0.0, 0.816071, -0.38327, -0.432588, 0.393861, 0.541578, 0.245778, 0.80392, -0.0, 0.0, 0.0, 0.0, 1.0]
            ]
        },
        {
            "name": "Hand_R",
            "time": [0.0, 0.1, 0.2, 0.625],
            "transform": [
                [0.999985, 0.001325, 0.005391, 0.0, 0.000314, 0.956012, -0.293328, 0.3, -0.005543, 0.293325, 0.955997, 0.0, 0.0, 0.0, 0.0, 1.0],
                [0.99995, 0.007158, 0.006912, 0.0, -0.002554, 0.856037, -0.516909, 0.3, -0.009617, 0.516866, 0.856013, -0.0, 0.0, 0.0, 0.0, 1.0],
                [0.999947, 0.007531, 0.006984, 0.0, -0.002741, 0.851003, -0.525155, 0.3, -0.009898, 0.525108, 0.850978, 0.0, 0.0, 0.0, 0.0, 1.0],
                [0.999947, 0.007531, 0.006984, 0.0, -0.002741, 0.851003, -0.525155, 0.3, -0.009898, 0.525108, 0.850978, -0.0, 0.0, 0.0, 0.0, 1.0]
            ]
        },
        {
            "name": "Tool_R",
            "time": [0.0, 0.1, 0.2, 0.625],
            "transform": [
                [0.062229, 0.523119, -0.849985, 0.0, 0.140219, -0.847771, -0.511491, 0.272858, -0.987576, -0.087312, -0.126039, 0.0, 0.0, 0.0, 0.0, 1.0],
                [0.023831, 0.682244, -0.730736, -0.0, 0.179247, -0.722015, -0.668256, 0.272858, -0.982932, -0.114996, -0.139421, 0.0, 0.0, 0.0, 0.0, 1.0],
                [0.024672, 0.685253, -0.727888, -0.0, 0.180789, -0.719162, -0.670911, 0.272858, -0.982629, -0.114981, -0.141553, -0.0, 0.0, 0.0, 0.0, 1.0],
                [0.024672, 0.685253, -0.727888, -0.0, 0.180789, -0.719162, -0.670911, 0.272858, -0.982629, -0.114981, -0.141553, -0.0, 0.0, 0.0, 0.0, 1.0]
            ]
        },
        {
            "name": "Elbow_R",
            "time": [0.0, 0.1, 0.625],
            "transform": [
                [-1.0, 0.0, 0.0, 0.0, 0.0, -0.0, -1.0, 0.3, -0.0, -1.0, 0.0, 0.0, 0.0, 0.0, 0.0, 1.0],
                [-1.0, 0.0, -0.0, 0.0, 0.0, -0.0, -1.0, 0.366023, -0.0, -1.0, 0.0, -0.0, 0.0, 0.0, 0.0, 1.0],
                [-1.0, 0.0, -0.0, 0.0, 0.0, -0.0, -1.0, 0.366023, -0.0, -1.0, 0.0, -0.0, 0.0, 0.0, 0.0, 1.0]
            ]
        },
        {
            "name": "Shoulder_L",
            "time": [0.0, 0.1, 0.2, 0.625],
            "transform": [
                [0.088498, -0.949454, -0.301173, 0.0, -0.003899, -0.302687, 0.953082, 0.4, -0.996069, -0.083172, -0.030489, -0.0, 0.0, 0.0, 0.0, 1.0],
                [-0.076971, -0.948427, -0.307507, 0.0, 0.003153, -0.308652, 0.95117, 0.4, -0.997028, 0.072243, 0.026748, -0.0, 0.0, 0.0, 0.0, 1.0],
                [-0.087831, -0.947457, -0.30759, 0.0, 0.00358, -0.309082, 0.951029, 0.4, -0.996129, 0.082428, 0.030539, 0.0, 0.0, 0.0, 0.0, 1.0],
                [-0.087831, -0.947457, -0.30759, 0.0, 0.00358, -0.309082, 0.951029, 0.4, -0.996129, 0.082428, 0.030539, 0.0, 0.0, 0.0, 0.0, 1.0]
            ]
        },
        {
            "name": "Arm_L",
            "time": [0.0, 0.1, 0.2, 0.625],
            "transform": [
                [-0.521381, 0.343034, 0.781338, -0.0, -0.252859, 0.81241, -0.525407, 0.39386, -0.814999, -0.471506, -0.336836, 0.0, 0.0, 0.0, 0.0, 1.0],
                [0.039698, -0.542227, 0.839293, -0.0, -0.84468, 0.430509, 0.318084, 0.39386, -0.533797, -0.721562, -0.440918, -0.0, 0.0, 0.0, 0.0, 1.0],
                [0.092484, -0.577072, 0.81144, 0.0, -0.852564, 0.375092, 0.363925, 0.39386, -0.514376, -0.725461, -0.457301, -0.0, 0.0, 0.0, 0.0, 1.0],
                [0.092484, -0.577072, 0.81144, 0.0, -0.852564, 0.375092, 0.363925, 0.39386, -0.514376, -0.725461, -0.457301, 0.0, 0.0, 0.0, 0.0, 1.0]
            ]
        },
        {
            "name": "Hand_L",
            "time": [0.0, 0.1, 0.2, 0.625],
            "transform": [
                [1.0, -2.8e-05, 0.000845, 0.0, 0.000739, 0.515879, -0.856661, 0.3, -0.000412, 0.856661, 0.515879, -0.0, 0.0, 0.0, 0.0, 1.0],
                [1.0, 1.3e-05, 4.1e-05, 0.0, 1.2e-05, 0.838225, -0.545325, 0.3, -4.2e-05, 0.545324, 0.838225, -0.0, 0.0, 0.0, 0.0, 1.0],
                [1.0, 0.0, -0.0, -0.0, -0.0, 0.853948, -0.520357, 0.3, -0.0, 0.520357, 0.853948, -0.0, 0.0, 0.0, 0.0, 1.0],
                [1.0, 0.0, -0.0, -0.0, -0.0, 0.853949, -0.520357, 0.3, -0.0, 0.520357, 0.853948, -0.0, 0.0, 0.0, 0.0, 1.0]
            ]
        },
        {
            "name": "Tool_L",
            "time": [0.0, 0.625],
            "transform": [
                [1.0, -0.0, 0.0, -0.0, -0.0, -0.999835, 0.018122, 0.272858, 0.0, -0.018122, -0.999248, 0.0, 0.0, 0.0, 0.0, 1.0],
                [1.0, 0.0, 0.0, 0.0, -0.0, -0.999836, 0.018122, 0.272858, 0.0, -0.018122, -0.999248, -0.0, 0.0, 0.0, 0.0, 1.0]
            ]
        },
        {
            "name": "Elbow_L",
            "time": [0.0, 0.1, 0.625],
            "transform": [
                [-1.0, 0.0, -0.0, 0.0, 0.0, -0.0, -1.0, 0.402564, -0.0, -1.0, -0.0, 0.0, 0.0, 0.0, 0.0, 1.0],
                [-1.0, 0.0, -0.0, -0.0, 0.0, 0.0, -1.0, 0.367356, -0.0, -1.0, -0.0, -0.0, 0.0, 0.0, 0.0, 1.0],
                [-1.0, 0.0, -0.0, -0.0, 0.0, -0.0, -1.0, 0.367356, -0.0, -1.0, -0.0, -0.0, 0.0, 0.0, 0.0, 1.0]
            ]
        }
    ]
}