{
    "animation": [
        {
            "name": "Root",
            "time": [0.0, 0.1, 0.1833, 0.625],
            "transform": [
                [0.995936, 0.0, -0.09006, -5e-06, -0.09006, 0.0, -0.995936, 0.013615, 0.0, 1.0, 0.0, 0.762913, 0.0, 0.0, 0.0, 1.0],
                [0.736503, -0.002982, -0.676428, -5e-06, -0.671912, 0.11222, -0.73208, 0.591957, 0.078092, 0.993679, 0.080646, 0.682117, 0.0, 0.0, 0.0, 1.0],
                [0.70243, -0.0, -0.711753, -5e-06, -0.706533, 0.120892, -0.697278, 0.667017, 0.086045, 0.992666, 0.084918, 0.675707, 0.0, 0.0, 0.0, 1.0],
                [0.70243, -0.0, -0.711753, -5e-06, -0.706533, 0.120892, -0.697278, 0.667017, 0.086045, 0.992666, 0.084918, 0.675707, 0.0, 0.0, 0.0, 1.0]
            ]
        },
        {
            "name": "Thigh_R",
            "time": [0.0, 0.1, 0.1833, 0.625],
            "transform": [
                [0.995796, -0.000463, -0.091589, 0.124994, 0.007935, -0.99579, 0.091299, -0.002831, -0.091246, -0.091642, -0.991603, -1.2e-05, 0.0, 0.0, 0.0, 1.0],
                [0.914237, 0.312024, 0.258476, 0.124994, 0.294876, -0.94989, 0.103699, -0.002831, 0.27788, -0.018586, -0.960436, -1.2e-05, 0.0, 0.0, 0.0, 1.0],
                [0.887442, 0.334936, 0.316644, 0.124994, 0.314685, -0.942235, 0.114722, -0.002831, 0.336778, -0.002165, -0.941582, -1.2e-05, 0.0, 0.0, 0.0, 1.0],
                [0.887442, 0.334936, 0.316644, 0.124994, 0.314685, -0.942235, 0.114722, -0.002831, 0.336778, -0.002165, -0.941582, -1.2e-05, 0.0, 0.0, 0.0, 1.0]
            ]
        },
        {
            "name": "Leg_R",
            "time": [0.0, 0.1, 0.1833, 0.625],
            "transform": [
                [1.0, -0.0, 1e-06, 0.0, 0.0, 0.985194, 0.17145, 0.37472, -1e-06, -0.17145, 0.985192, 0.0, 0.0, 0.0, 0.0, 1.0],
                [1.0, -0.0, 1e-06, 0.0, 0.0, 0.960979, 0.276624, 0.37472, -1e-06, -0.276624, 0.960977, 0.0, 0.0, 0.0, 0.0, 1.0],
                [1.0, -0.0, 1e-06, 0.0, -0.0, 0.952071, 0.305878, 0.37472, -1e-06, -0.305879, 0.95207, 0.0, 0.0, 0.0, 0.0, 1.0],
                [1.0, -0.0, 1e-06, 0.0, -0.0, 0.952071, 0.305878, 0.37472, -1e-06, -0.305879, 0.95207, 0.0, 0.0, 0.0, 0.0, 1.0]
            ]
        },
        {
            "name": "Knee_R",
            "time": [0.0, 0.625],
            "transform": [
                [1.0, 0.0, -0.0, 0.0, -0.0, 1e-06, -1.0, 0.37472, -0.0, 1.0, 1e-06, 0.0, 0.0, 0.0, 0.0, 1.0],
                [1.0, 0.0, -0.0, 0.0, -0.0, 1e-06, -1.0, 0.37472, -0.0, 1.0, 1e-06, 0.0, 0.0, 0.0, 0.0, 1.0]
            ]
        },
        {
            "name": "Thigh_L",
            "time": [0.0, 0.1, 0.1833, 0.625],
            "transform": [
                [0.995781, -0.060105, -0.069331, -0.125006, -0.001214, -0.764156, 0.64503, -0.002831, -0.091749, -0.642224, -0.761006, -1.2e-05, 0.0, 0.0, 0.0, 1.0],
                [0.716881, -0.547229, -0.431998, -0.125006, -0.044733, -0.654448, 0.754782, -0.002831, -0.695759, -0.521764, -0.493641, -1.2e-05, 0.0, 0.0, 0.0, 1.0],
                [0.679096, -0.579334, -0.450778, -0.125006, -0.043545, -0.64481, 0.763101, -0.002831, -0.732757, -0.498589, -0.463116, -1.2e-05, 0.0, 0.0, 0.0, 1.0],
                [0.679096, -0.579334, -0.450778, -0.125006, -0.043545, -0.64481, 0.763101, -0.002831, -0.732757, -0.498589, -0.463116, -1.2e-05, 0.0, 0.0, 0.0, 1.0]
            ]
        },
        {
            "name": "Leg_L",
            "time": [0.0, 0.1, 0.1833, 0.625],
            "transform": [
                [1.0, -1e-06, 1e-06, 0.0, -1e-06, -0.028909, 0.999583, 0.37472, -1e-06, -0.999582, -0.028909, -0.0, 0.0, 0.0, 0.0, 1.0],
                [1.0, -1e-06, 1e-06, -0.0, -0.0, 0.644049, 0.764984, 0.37472, -1e-06, -0.764984, 0.644049, 0.0, 0.0, 0.0, 0.0, 1.0],
                [1.0, -1e-06, 1e-06, -0.0, -0.0, 0.740408, 0.672158, 0.37472, -2e-06, -0.672157, 0.740409, -0.0, 0.0, 0.0, 0.0, 1.0],
                [1.0, -1e-06, 1e-06, -0.0, -0.0, 0.740408, 0.672158, 0.37472, -2e-06, -0.672157, 0.740409, -0.0, 0.0, 0.0, 0.0, 1.0]
            ]
        },
        {
            "name": "Knee_L",
            "time": [0.0, 0.1, 0.1833, 0.625],
            "transform": [
                [1.0, 0.0, -0.0, 0.0, -0.0, 1e-06, -1.0, 0.483527, -0.0, 1.0, 1e-06, -0.0, 0.0, 0.0, 0.0, 1.0],
                [1.0, 0.0, -0.0, 0.0, -0.0, 1e-06, -1.0, 0.410658, -0.0, 1.0, 1e-06, 0.0, 0.0, 0.0, 0.0, 1.0],
                [1.0, 0.0, -0.0, 0.0, -0.0, 1e-06, -1.0, 0.401816, -0.0, 1.0, 1e-06, 0.0, 0.0, 0.0, 0.0, 1.0],
                [1.0, 0.0, -0.0, 0.0, -0.0, 1e-06, -1.0, 0.401816, -0.0, 1.0, 1e-06, 0.0, 0.0, 0.0, 0.0, 1.0]
            ]
        },
        {
            "name": "Torso",
            "time": [0.0, 0.625],
            "transform": [
                [0.99978, -0.020971, -0.000197, -0.0, 0.020971, 0.999603, 0.01883, 0.05, -0.000198, -0.01883, 0.999823, 0.0, 0.0, 0.0, 0.0, 1.0],
                [0.99978, -0.020971, -0.000197, -0.0, 0.020971, 0.999603, 0.01883, 0.05, -0.000198, -0.01883, 0.999823, -0.0, 0.0, 0.0, 0.0, 1.0]
            ]
        },
        {
            "name": "Chest",
            "time": [0.0, 0.1, 0.1833, 0.625],
            "transform": [
                [0.940872, 0.034455, -0.337006, 0.0, -0.000736, 0.99502, 0.099677, 0.3, 0.338762, -0.093535, 0.936211, -0.0, 0.0, 0.0, 0.0, 1.0],
                [0.836623, 0.086611, -0.540889, 0.0, -0.046475, 0.995084, 0.087455, 0.3, 0.545804, -0.048029, 0.836535, -0.0, 0.0, 0.0, 0.0, 1.0],
                [0.826294, 0.090263, -0.55596, -0.0, -0.050193, 0.994949, 0.086937, 0.3, 0.560999, -0.043931, 0.82665, -0.0, 0.0, 0.0, 0.0, 1.0],
                [0.826294, 0.090263, -0.55596, -0.0, -0.050193, 0.994949, 0.086937, 0.3, 0.560999, -0.043931, 0.82665, -0.0, 0.0, 0.0, 0.0, 1.0]
            ]
        },
        {
            "name": "Head",
            "time": [0.0, 0.1, 0.1833, 0.625],
            "transform": [
                [0.888673, 0.011316, 0.458401, -0.0, 0.01093, 0.998889, -0.045848, 0.4, -0.458411, 0.045754, 0.887562, -0.0, 0.0, 0.0, 0.0, 1.0],
                [0.238439, 0.082022, 0.967688, 0.0, 0.079948, 0.991387, -0.10373, 0.4, -0.967861, 0.102098, 0.229828, -0.0, 0.0, 0.0, 0.0, 1.0],
                [0.174858, 0.095403, 0.979961, -0.0, 0.092171, 0.989338, -0.112762, 0.4, -0.98027, 0.110042, 0.1642, -0.0, 0.0, 0.0, 0.0, 1.0],
                [0.174858, 0.095403, 0.979961, -0.0, 0.092172, 0.989338, -0.112762, 0.4, -0.98027, 0.110042, 0.1642, -0.0, 0.0, 0.0, 0.0, 1.0]
            ]
        },
        {
            "name": "Shoulder_R",
            "time": [0.0, 0.1, 0.1833, 0.625],
            "transform": [
                [0.136302, 0.957972, 0.252409, -0.0, -0.021812, -0.251823, 0.967527, 0.4, 0.990427, -0.137382, -0.013428, -0.0, 0.0, 0.0, 0.0, 1.0],
                [-0.145497, 0.938942, 0.311798, 0.0, -0.004609, -0.315791, 0.948817, 0.4, 0.989348, 0.136613, 0.050274, -0.0, 0.0, 0.0, 0.0, 1.0],
                [-0.167562, 0.933969, 0.315634, -0.0, -0.002458, -0.320555, 0.947227, 0.4, 0.985858, 0.157943, 0.056009, -0.0, 0.0, 0.0, 0.0, 1.0],
                [-0.167562, 0.933969, 0.315634, -0.0, -0.002458, -0.320555, 0.947227, 0.4, 0.985858, 0.157943, 0.056009, -0.0, 0.0, 0.0, 0.0, 1.0]
            ]
        },
        {
            "name": "Arm_R",
            "time": [0.0, 0.1, 0.1833, 0.625],
            "transform": [
                [-0.147864, -0.338918, -0.929124, -0.0, 0.866915, 0.407752, -0.2867, 0.393861, 0.47602, -0.847864, 0.233521, 0.0, 0.0, 0.0, 0.0, 1.0],
                [0.705665, 0.365341, -0.607094, -0.0, 0.276019, 0.647389, 0.710424, 0.393861, 0.652573, -0.66889, 0.355999, 0.0, 0.0, 0.0, 0.0, 1.0],
                [0.736359, 0.433587, -0.519401, -0.0, 0.168808, 0.625662, 0.761611, 0.39386, 0.655195, -0.648498, 0.387519, 0.0, 0.0, 0.0, 0.0, 1.0],
                [0.736359, 0.433587, -0.519401, -0.0, 0.168808, 0.625662, 0.761611, 0.393861, 0.655195, -0.648498, 0.387519, 0.0, 0.0, 0.0, 0.0, 1.0]
            ]
        },
        {
            "name": "Hand_R",
            "time": [0.0, 0.1, 0.1833, 0.625],
            "transform": [
                [0.999973, -0.00677, 0.002946, -0.0, 0.007215, 0.811251, -0.584654, 0.3, 0.001568, 0.584659, 0.811278, -0.0, 0.0, 0.0, 0.0, 1.0],
                [0.999947, -0.008573, 0.005639, -0.0, 0.009518, 0.569498, -0.821938, 0.3, 0.003835, 0.821948, 0.56955, -0.0, 0.0, 0.0, 0.0, 1.0],
                [0.999945, -0.008675, 0.005875, -0.0, 0.009665, 0.547203, -0.836944, 0.3, 0.004045, 0.836955, 0.547257, -0.0, 0.0, 0.0, 0.0, 1.0],
                [0.999945, -0.008675, 0.005875, 0.0, 0.009665, 0.547203, -0.836944, 0.3, 0.004045, 0.836955, 0.547257, 0.0, 0.0, 0.0, 0.0, 1.0]
            ]
        },
        {
            "name": "Tool_R",
            "time": [0.0, 0.1, 0.1833, 0.625],
            "transform": [
                [0.999162, -0.040256, -0.008918, 0.0, -0.02996, -0.560211, -0.827798, 0.272858, 0.028312, 0.826876, -0.560611, 0.0, 0.0, 0.0, 0.0, 1.0],
                [0.999446, -0.033359, 0.004536, 0.0, -0.018165, -0.647762, -0.761618, 0.272858, 0.028329, 0.760655, -0.647617, -0.0, 0.0, 0.0, 0.0, 1.0],
                [0.999461, -0.03275, 0.005569, -0.0, -0.017231, -0.654381, -0.75596, 0.272858, 0.028386, 0.755002, -0.654196, 0.0, 0.0, 0.0, 0.0, 1.0],
                [0.999461, -0.03275, 0.005569, -0.0, -0.017231, -0.654381, -0.75596, 0.272858, 0.028386, 0.755002, -0.654196, -0.0, 0.0, 0.0, 0.0, 1.0]
            ]
        },
        {
            "name": "Elbow_R",
            "time": [0.0, 0.1, 0.1833, 0.625],
            "transform": [
                [-1.0, 0.0, -0.0, -0.0, 0.0, -0.0, -1.0, 0.37015, -0.0, -1.0, 0.0, 0.0, 0.0, 0.0, 0.0, 1.0],
                [-1.0, 0.0, 0.0, -0.0, -0.0, -0.0, -1.0, 0.398045, -0.0, -1.0, 0.0, 0.0, 0.0, 0.0, 0.0, 1.0],
                [-1.0, 0.0, -0.0, 0.0, -0.0, 0.0, -1.0, 0.398415, -0.0, -1.0, 0.0, -0.0, 0.0, 0.0, 0.0, 1.0],
                [-1.0, 0.0, 0.0, 0.0, -0.0, 0.0, -1.0, 0.398415, -0.0, -1.0, 0.0, 0.0, 0.0, 0.0, 0.0, 1.0]
            ]
        },
        {
            "name": "Shoulder_L",
            "time": [0.0, 0.1, 0.1833, 0.625],
            "transform": [
                [0.157637, -0.941754, -0.297069, -0.0, 0.028265, -0.296404, 0.954644, 0.4, -0.987092, -0.158884, -0.020106, -0.0, 0.0, 0.0, 0.0, 1.0],
                [0.43417, -0.868133, -0.2405, 0.0, 0.002608, -0.265763, 0.964035, 0.4, -0.900827, -0.419182, -0.113123, -0.0, 0.0, 0.0, 0.0, 1.0],
                [0.454727, -0.859095, -0.234902, -0.0, 0.0002, -0.263649, 0.964619, 0.4, -0.890631, -0.438685, -0.119716, -0.0, 0.0, 0.0, 0.0, 1.0],
                [0.454727, -0.859095, -0.234902, -0.0, 0.0002, -0.263649, 0.964619, 0.4, -0.890631, -0.438685, -0.119716, -0.0, 0.0, 0.0, 0.0, 1.0]
            ]
        },
        {
            "name": "Arm_L",
            "time": [0.0, 0.1, 0.1833, 0.625],
            "transform": [
                [0.474331, 0.294573, 0.829601, 0.0, 0.178039, 0.890786, -0.418094, 0.39386, -0.862156, 0.346015, 0.370082, 0.0, 0.0, 0.0, 0.0, 1.0],
                [0.637443, 0.659404, 0.398564, -0.0, 0.266298, 0.296858, -0.917039, 0.393861, -0.723016, 0.690696, 0.013632, 0.0, 0.0, 0.0, 0.0, 1.0],
                [0.651252, 0.670482, 0.355422, 0.0, 0.265536, 0.237411, -0.934413, 0.39386, -0.710888, 0.702915, -0.023422, -0.0, 0.0, 0.0, 0.0, 1.0],
                [0.651252, 0.670482, 0.355422, -0.0, 0.265536, 0.237411, -0.934413, 0.39386, -0.710888, 0.702915, -0.023423, 0.0, 0.0, 0.0, 0.0, 1.0]
            ]
        },
        {
            "name": "Hand_L",
            "time": [0.0, 0.1, 0.1833, 0.625],
            "transform": [
                [1.0, 0.0, 0.0, 0.0, -0.0, 0.993937, 0.109947, 0.3, -0.0, -0.109947, 0.993938, 0.0, 0.0, 0.0, 0.0, 1.0],
                [0.999994, 5.4e-05, 0.003387, 0.0, 0.001211, 0.928187, -0.372113, 0.3, -0.003164, 0.372115, 0.928181, 0.0, 0.0, 0.0, 0.0, 1.0],
                [0.999993, -0.000351, 0.003776, -0.0, 0.00186, 0.913134, -0.407655, 0.3, -0.003305, 0.407659, 0.913128, 0.0, 0.0, 0.0, 0.0, 1.0],
                [0.999993, -0.000351, 0.003776, 0.0, 0.00186, 0.913134, -0.407655, 0.3, -0.003305, 0.407659, 0.913128, -0.0, 0.0, 0.0, 0.0, 1.0]
            ]
        },
        {
            "name": "Tool_L",
            "time": [0.0, 0.1, 0.1833, 0.625],
            "transform": [
                [0.977909, -0.159939, 0.13459, -0.0, 0.114541, -0.128603, -0.985059, 0.272858, 0.174756, 0.978137, -0.10739, 0.0, 0.0, 0.0, 0.0, 1.0],
                [0.999876, -0.002918, 0.015461, 0.0, -0.001646, -0.996661, -0.081639, 0.272858, 0.015638, 0.081545, -0.995957, 0.0, 0.0, 0.0, 0.0, 1.0],
                [1.0, 0.0, 0.0, -0.0, -0.0, -0.999836, 0.018122, 0.272858, 0.0, -0.018122, -0.999248, 0.0, 0.0, 0.0, 0.0, 1.0],
                [1.0, -0.0, 0.0, -0.0, -0.0, -0.999836, 0.018122, 0.272858, 0.0, -0.018122, -0.999248, 0.0, 0.0, 0.0, 0.0, 1.0]
            ]
        },
        {
            "name": "Elbow_L",
            "time": [0.0, 0.1, 0.1833, 0.625],
            "transform": [
                [-1.0, 0.0, -0.0, 0.0, 0.0, -0.0, -1.0, 0.3, -0.0, -1.0, -0.0, 0.0, 0.0, 0.0, 0.0, 1.0],
                [-1.0, 0.0, -0.0, 0.0, 0.0, -0.0, -1.0, 0.353479, -0.0, -1.0, -0.0, 0.0, 0.0, 0.0, 0.0, 1.0],
                [-1.0, 0.0, -0.0, -0.0, 0.0, -0.0, -1.0, 0.356834, -0.0, -1.0, -0.0, 0.0, 0.0, 0.0, 0.0, 1.0],
                [-1.0, 0.0, -0.0, 0.0, 0.0, -0.0, -1.0, 0.356834, -0.0, -1.0, -0.0, -0.0, 0.0, 0.0, 0.0, 1.0]
            ]
        }
    ]
}