{
    "animation": [
        {
            "name": "Root",
            "time": [0.0, 0.1167, 0.2, 0.2667, 0.7667],
            "transform": [
                [0.999912, 0.0, -0.013243, -5e-06, -0.013243, 0.0, -0.999912, 0.005278, 0.0, 1.0, 0.0, 0.585007, 0.0, 0.0, 0.0, 1.0],
                [0.999912, 0.0, -0.013243, -5e-06, -0.013243, 0.0, -0.999912, 0.006159, 0.0, 1.0, 0.0, 0.585007, 0.0, 0.0, 0.0, 1.0],
                [0.999943, 0.000448, -0.010657, -5e-06, -0.010216, 0.327412, -0.944826, 2.961379, 0.003066, 0.944881, 0.327398, 0.585506, 0.0, 0.0, 0.0, 1.0],
                [1.0, 0.0, 0.0, -5e-06, 0.0, 0.413874, -0.910334, 4.09428, 0.0, 0.910334, 0.413874, 0.513668, 0.0, 0.0, 0.0, 1.0],
                [1.0, 0.0, 0.0, -5e-06, 0.0, 0.413874, -0.910334, 4.09428, 0.0, 0.910334, 0.413874, 0.513668, 0.0, 0.0, 0.0, 1.0]
            ]
        },
        {
            "name": "Thigh_R",
            "time": [0.0, 0.1167, 0.2, 0.2667, 0.7667],
            "transform": [
                [0.976389, 0.129612, 0.172815, 0.124994, 0.164603, -0.964472, -0.206628, -0.002831, 0.139894, 0.230195, -0.963037, -1.2e-05, 0.0, 0.0, 0.0, 1.0],
                [0.976389, 0.129612, 0.172815, 0.124994, 0.164603, -0.964472, -0.206627, -0.002831, 0.139894, 0.230194, -0.963037, -1.2e-05, 0.0, 0.0, 0.0, 1.0],
                [0.983984, 0.112216, 0.138499, 0.124994, 0.111337, -0.99368, 0.014104, -0.003116, 0.139207, 0.001543, -0.990263, -5.5e-05, 0.0, 0.0, 0.0, 1.0],
                [0.998875, 0.047414, 0.000762, 0.124994, 0.046926, -0.986013, -0.159914, -0.002831, -0.006831, 0.15977, -0.987131, -1.1e-05, 0.0, 0.0, 0.0, 1.0],
                [0.998875, 0.047414, 0.000762, 0.124994, 0.046926, -0.986013, -0.159914, -0.002831, -0.006831, 0.15977, -0.987131, -1.1e-05, 0.0, 0.0, 0.0, 1.0]
            ]
        },
        {
            "name": "Leg_R",
            "time": [0.0, 0.1167, 0.2, 0.2667, 0.7667],
            "transform": [
                [1.0, -1e-06, 1e-06, -0.0, -0.0, 0.722175, 0.691711, 0.37472, -1e-06, -0.691712, 0.722173, -0.0, 0.0, 0.0, 0.0, 1.0],
                [1.0, -1e-06, 1e-06, -0.0, -0.0, 0.722173, 0.691712, 0.37472, -1e-06, -0.691713, 0.722172, 0.0, 0.0, 0.0, 0.0, 1.0],
                [1.0, -0.0, 1e-06, -0.0, -0.0, 0.761949, 0.647637, 0.37472, -1e-06, -0.647638, 0.761948, -0.0, 0.0, 0.0, 0.0, 1.0],
                [1.0, -0.0, 1e-06, -0.0, -0.0, 0.894959, 0.446149, 0.37472, -1e-06, -0.44615, 0.894958, -0.0, 0.0, 0.0, 0.0, 1.0],
                [1.0, -0.0, 1e-06, -0.0, -0.0, 0.894959, 0.446149, 0.37472, -1e-06, -0.44615, 0.894958, -0.0, 0.0, 0.0, 0.0, 1.0]
            ]
        },
        {
            "name": "Knee_R",
            "time": [0.0, 0.1167, 0.2, 0.2667, 0.7667],
            "transform": [
                [1.0, 0.0, -0.0, 0.0, -0.0, 1e-06, -1.0, 0.406094, -0.0, 1.0, 1e-06, -0.0, 0.0, 0.0, 0.0, 1.0],
                [1.0, 0.0, -0.0, -0.0, -0.0, 1e-06, -1.0, 0.405421, -0.0, 1.0, 1e-06, 0.0, 0.0, 0.0, 0.0, 1.0],
                [1.0, 0.0, -0.0, -0.000112, -0.0, 1e-06, -1.0, 0.388831, -0.0, 1.0, 1e-06, 0.001046, 0.0, 0.0, 0.0, 1.0],
                [1.0, 0.0, -0.0, -0.0, -0.0, 1e-06, -1.0, 0.37472, -0.0, 1.0, 1e-06, -0.0, 0.0, 0.0, 0.0, 1.0],
                [1.0, 0.0, -0.0, -0.0, -0.0, 1e-06, -1.0, 0.37472, -0.0, 1.0, 1e-06, -0.0, 0.0, 0.0, 0.0, 1.0]
            ]
        },
        {
            "name": "Thigh_L",
            "time": [0.0, 0.1167, 0.2, 0.2667, 0.7667],
            "transform": [
                [0.999465, -0.021032, -0.025042, -0.125006, 0.010493, -0.519045, 0.854683, -0.002831, -0.030974, -0.854487, -0.518547, -1.2e-05, 0.0, 0.0, 0.0, 1.0],
                [0.999523, -0.02016, -0.023399, -0.125006, 0.00954, -0.519037, 0.854698, -0.002831, -0.029376, -0.854513, -0.518598, -1.1e-05, 0.0, 0.0, 0.0, 1.0],
                [0.999826, -0.015442, -0.010457, -0.125006, 0.007115, -0.202466, 0.979263, -0.002545, -0.017239, -0.979167, -0.202321, 3.2e-05, 0.0, 0.0, 0.0, 1.0],
                [0.999922, 0.007371, 0.01006, -0.125006, -0.010692, 0.091585, 0.99574, -0.002831, 0.006418, -0.99577, 0.091657, -1.1e-05, 0.0, 0.0, 0.0, 1.0],
                [0.999922, 0.007371, 0.01006, -0.125006, -0.010692, 0.091585, 0.99574, -0.002831, 0.006418, -0.99577, 0.091657, -1.1e-05, 0.0, 0.0, 0.0, 1.0]
            ]
        },
        {
            "name": "Leg_L",
            "time": [0.0, 0.1167, 0.2, 0.2667, 0.7667],
            "transform": [
                [1.0, -1e-06, 1e-06, -0.0, -1e-06, 0.561409, 0.827539, 0.37472, -1e-06, -0.827538, 0.561409, 0.0, 0.0, 0.0, 0.0, 1.0],
                [1.0, -1e-06, 5e-06, -0.0, -4e-06, 0.56141, 0.827538, 0.37472, -3e-06, -0.827537, 0.56141, 0.0, 0.0, 0.0, 0.0, 1.0],
                [1.0, -1e-06, 5e-06, 0.0, -4e-06, 0.511772, 0.859122, 0.37472, -3e-06, -0.859121, 0.511772, 0.0, 0.0, 0.0, 0.0, 1.0],
                [1.0, -1e-06, 4e-06, 0.0, -4e-06, 0.293049, 0.956098, 0.37472, -2e-06, -0.956097, 0.29305, 0.0, 0.0, 0.0, 0.0, 1.0],
                [1.0, -1e-06, 4e-06, 0.0, -4e-06, 0.293049, 0.956098, 0.37472, -2e-06, -0.956097, 0.29305, 0.0, 0.0, 0.0, 0.0, 1.0]
            ]
        },
        {
            "name": "Knee_L",
            "time": [0.0, 0.1167, 0.2, 0.2667, 0.7667],
            "transform": [
                [1.0, 0.0, -0.0, 0.0, -0.0, 1e-06, -1.0, 0.418692, -0.0, 1.0, 1e-06, 0.0, 0.0, 0.0, 0.0, 1.0],
                [1.0, 0.0, -0.0, 0.0, -0.0, 1e-06, -1.0, 0.416315, -0.0, 1.0, 1e-06, 0.0, 0.0, 0.0, 0.0, 1.0],
                [1.0, 0.0, -0.0, 0.000112, -0.0, 1e-06, -1.0, 0.426603, -0.0, 1.0, 1e-06, 0.000176, 0.0, 0.0, 0.0, 1.0],
                [1.0, 0.0, -0.0, 0.000146, -0.0, 1e-06, -1.0, 0.44576, -0.0, 1.0, 1e-06, 0.000766, 0.0, 0.0, 0.0, 1.0],
                [1.0, 0.0, -0.0, 0.000146, -0.0, 1e-06, -1.0, 0.44576, -0.0, 1.0, 1e-06, 0.000766, 0.0, 0.0, 0.0, 1.0]
            ]
        },
        {
            "name": "Torso",
            "time": [0.0, 0.1167, 0.2, 0.2667, 0.7667],
            "transform": [
                [1.0, -0.000644, 1.4e-05, -0.0, 0.000644, 0.999112, -0.042126, 0.05, 1.3e-05, 0.042126, 0.999112, -0.0, 0.0, 0.0, 0.0, 1.0],
                [1.0, 0.0, -0.0, 0.0, 0.0, 0.999029, -0.044054, 0.05, 0.0, 0.044054, 0.999029, -0.0, 0.0, 0.0, 0.0, 1.0],
                [0.999999, -0.001302, -0.000135, 0.0, 0.001308, 0.992473, 0.122457, 0.05, -2.5e-05, -0.122457, 0.992474, 0.0, 0.0, 0.0, 0.0, 1.0],
                [1.0, -0.0, -0.0, 0.0, 0.0, 0.987654, 0.156651, 0.05, 0.0, -0.156651, 0.987654, 0.0, 0.0, 0.0, 0.0, 1.0],
                [1.0, -0.0, -0.0, 0.0, 0.0, 0.987654, 0.156651, 0.05, 0.0, -0.156651, 0.987654, 0.0, 0.0, 0.0, 0.0, 1.0]
            ]
        },
        {
            "name": "Chest",
            "time": [0.0, 0.1167, 0.2, 0.2667, 0.7667],
            "transform": [
                [0.999844, -0.002803, -0.017446, -0.0, -0.000254, 0.984958, -0.172797, 0.3, 0.017668, 0.172774, 0.984803, -0.0, 0.0, 0.0, 0.0, 1.0],
                [1.0, -0.0, -0.0, 0.0, -0.0, 0.940908, -0.338662, 0.3, 0.0, 0.338662, 0.940908, 0.0, 0.0, 0.0, 0.0, 1.0],
                [1.0, -0.0, -0.0, 0.0, 0.0, 1.0, -0.0, 0.3, 0.0, -0.0, 1.0, -0.0, 0.0, 0.0, 0.0, 1.0],
                [1.0, -0.0, -0.0, -0.0, 0.0, 0.970065, 0.242848, 0.3, 0.0, -0.242848, 0.970064, 0.0, 0.0, 0.0, 0.0, 1.0],
                [1.0, -0.0, -0.0, -0.0, 0.0, 0.970065, 0.242848, 0.3, 0.0, -0.242848, 0.970064, 0.0, 0.0, 0.0, 0.0, 1.0]
            ]
        },
        {
            "name": "Head",
            "time": [0.0, 0.1167, 0.2, 0.2667, 0.7667],
            "transform": [
                [0.999223, -0.002852, 0.039313, 0.0, -0.004154, 0.984206, 0.17698, 0.4, -0.039197, -0.177005, 0.983429, -0.0, 0.0, 0.0, 0.0, 1.0],
                [0.99997, 0.001242, 0.007577, -0.0, -0.003192, 0.964765, 0.263094, 0.4, -0.006983, -0.263111, 0.96474, 0.0, 0.0, 0.0, 0.0, 1.0],
                [1.0, 0.0, 0.0, -0.0, -0.0, 0.945294, -0.32622, 0.4, 0.0, 0.32622, 0.945294, -0.0, 0.0, 0.0, 0.0, 1.0],
                [1.0, 0.0, -0.0, 0.0, -0.0, 0.8318, -0.555076, 0.4, 0.0, 0.555076, 0.8318, 0.0, 0.0, 0.0, 0.0, 1.0],
                [1.0, 0.0, -0.0, 0.0, -0.0, 0.8318, -0.555076, 0.4, 0.0, 0.555076, 0.8318, 0.0, 0.0, 0.0, 0.0, 1.0]
            ]
        },
        {
            "name": "Shoulder_R",
            "time": [0.0, 0.1167, 0.2, 0.2667, 0.7667],
            "transform": [
                [0.530898, 0.716689, 0.452221, 0.0, -0.061391, -0.499706, 0.864017, 0.4, 0.845209, -0.486467, -0.221294, -0.0, 0.0, 0.0, 0.0, 1.0],
                [0.60585, 0.643463, 0.467869, -0.0, -0.085831, -0.531789, 0.842516, 0.4, 0.790935, -0.550596, -0.266955, 0.0, 0.0, 0.0, 0.0, 1.0],
                [-0.279964, 0.867054, 0.412113, -0.0, 0.01826, -0.424392, 0.905294, 0.4, 0.959837, 0.260975, 0.102982, -0.0, 0.0, 0.0, 0.0, 1.0],
                [-0.279964, 0.867054, 0.412112, 0.0, 0.01826, -0.424392, 0.905294, 0.4, 0.959837, 0.260975, 0.102982, 0.0, 0.0, 0.0, 0.0, 1.0],
                [-0.279964, 0.867054, 0.412112, 0.0, 0.01826, -0.424392, 0.905294, 0.4, 0.959837, 0.260975, 0.102982, 0.0, 0.0, 0.0, 0.0, 1.0]
            ]
        },
        {
            "name": "Arm_R",
            "time": [0.0, 0.1167, 0.2, 0.2667, 0.7667],
            "transform": [
                [0.466072, -0.883549, 0.046017, 0.0, -0.281105, -0.197198, -0.939198, 0.393861, 0.838902, 0.424798, -0.340278, 0.0, 0.0, 0.0, 0.0, 1.0],
                [0.44969, -0.887876, 0.09724, 0.0, -0.256764, -0.232778, -0.938023, 0.39386, 0.855483, 0.396852, -0.332653, -0.0, 0.0, 0.0, 0.0, 1.0],
                [0.069563, 0.60633, -0.792165, 0.0, 0.116595, 0.783704, 0.610093, 0.39386, 0.990741, -0.134803, -0.016179, 0.0, 0.0, 0.0, 0.0, 1.0],
                [0.069563, 0.60633, -0.792165, 0.0, 0.116596, 0.783704, 0.610093, 0.393861, 0.990741, -0.134803, -0.016179, -0.0, 0.0, 0.0, 0.0, 1.0],
                [0.069563, 0.60633, -0.792165, 0.0, 0.116596, 0.783704, 0.610093, 0.393861, 0.990741, -0.134803, -0.016179, -0.0, 0.0, 0.0, 0.0, 1.0]
            ]
        },
        {
            "name": "Hand_R",
            "time": [0.0, 0.1167, 0.2, 0.7667],
            "transform": [
                [0.999945, -0.008675, 0.005875, 0.0, 0.009665, 0.547203, -0.836944, 0.3, 0.004045, 0.836955, 0.547257, -0.0, 0.0, 0.0, 0.0, 1.0],
                [0.999945, -0.008675, 0.005875, -0.0, 0.009664, 0.547203, -0.836944, 0.3, 0.004045, 0.836955, 0.547257, -0.0, 0.0, 0.0, 0.0, 1.0],
                [1.0, -0.0, 0.0, 0.0, -0.0, 0.993938, 0.109947, 0.3, -0.0, -0.109947, 0.993938, -0.0, 0.0, 0.0, 0.0, 1.0],
                [1.0, -0.0, 0.0, 0.0, -0.0, 0.993938, 0.109947, 0.3, -0.0, -0.109947, 0.993938, 0.0, 0.0, 0.0, 0.0, 1.0]
            ]
        },
        {
            "name": "Tool_R",
            "time": [0.0, 0.1167, 0.2, 0.2667, 0.7667],
            "transform": [
                [0.999394, -0.03458, 0.006329, 0.0, -0.005482, -0.331118, -0.943562, 0.272858, 0.034704, 0.942394, -0.330913, 0.0, 0.0, 0.0, 0.0, 1.0],
                [0.999395, -0.034607, 0.006138, -0.0, -0.005259, -0.319914, -0.947421, 0.272858, 0.034731, 0.946251, -0.319715, -0.0, 0.0, 0.0, 0.0, 1.0],
                [0.999395, -0.034607, 0.006139, 0.0, -0.005258, -0.319914, -0.947421, 0.272858, 0.034731, 0.946251, -0.319715, -0.0, 0.0, 0.0, 0.0, 1.0],
                [0.999395, -0.034607, 0.006139, 0.0, -0.005259, -0.319914, -0.947421, 0.272857, 0.034731, 0.946251, -0.319715, 0.0, 0.0, 0.0, 0.0, 1.0],
                [0.999395, -0.034607, 0.006139, 0.0, -0.005259, -0.319914, -0.947421, 0.272857, 0.034731, 0.946251, -0.319715, 0.0, 0.0, 0.0, 0.0, 1.0]
            ]
        },
        {
            "name": "Elbow_R",
            "time": [0.0, 0.1167, 0.2, 0.7667],
            "transform": [
                [-1.0, 0.0, -0.0, -0.0, -0.0, -0.0, -1.0, 0.399723, -0.0, -1.0, 0.0, -0.0, 0.0, 0.0, 0.0, 1.0],
                [-1.0, 0.0, 0.0, -0.0, -0.0, -0.0, -1.0, 0.39986, -0.0, -1.0, 0.0, -0.0, 0.0, 0.0, 0.0, 1.0],
                [-1.0, 0.0, -0.0, 0.0, -0.0, -0.0, -1.0, 0.3, -0.0, -1.0, 0.0, -0.0, 0.0, 0.0, 0.0, 1.0],
                [-1.0, 0.0, -0.0, 0.0, 0.0, -0.0, -1.0, 0.3, -0.0, -1.0, 0.0, 0.0, 0.0, 0.0, 0.0, 1.0]
            ]
        },
        {
            "name": "Shoulder_L",
            "time": [0.0, 0.1167, 0.2, 0.7667],
            "transform": [
                [0.369191, -0.817644, -0.441764, 0.0, 0.032919, -0.463542, 0.885463, 0.4, -0.92877, -0.341448, -0.14422, -0.0, 0.0, 0.0, 0.0, 1.0],
                [0.491513, -0.744906, -0.451143, -0.0, 0.053694, -0.49113, 0.86943, 0.4, -0.869213, -0.45156, -0.2014, 0.0, 0.0, 0.0, 0.0, 1.0],
                [-0.373136, -0.81659, -0.440398, -0.0, -0.033104, -0.462661, 0.885917, 0.4, -0.927186, 0.345146, 0.145603, -0.0, 0.0, 0.0, 0.0, 1.0],
                [-0.373136, -0.81659, -0.440398, 0.0, -0.033104, -0.46266, 0.885917, 0.4, -0.927186, 0.345146, 0.145603, 0.0, 0.0, 0.0, 0.0, 1.0]
            ]
        },
        {
            "name": "Arm_L",
            "time": [0.0, 0.1167, 0.2, 0.7667],
            "transform": [
                [0.368291, 0.921846, -0.120672, 0.0, 0.303526, -0.241903, -0.921605, 0.39386, -0.878768, 0.302791, -0.368895, 0.0, 0.0, 0.0, 0.0, 1.0],
                [0.390737, 0.902267, -0.182317, 0.0, 0.295696, -0.310596, -0.903379, 0.39386, -0.871716, 0.299073, -0.388158, 0.0, 0.0, 0.0, 0.0, 1.0],
                [-0.003659, -0.521185, 0.853436, 0.0, -0.021706, 0.853282, 0.520998, 0.39386, -0.999758, -0.016618, -0.014435, -0.0, 0.0, 0.0, 0.0, 1.0],
                [-0.00366, -0.521185, 0.853436, 0.0, -0.021706, 0.853282, 0.520998, 0.39386, -0.999758, -0.016618, -0.014435, -0.0, 0.0, 0.0, 0.0, 1.0]
            ]
        },
        {
            "name": "Hand_L",
            "time": [0.0, 0.1167, 0.2, 0.7667],
            "transform": [
                [0.999993, -0.000351, 0.003776, 0.0, 0.00186, 0.913134, -0.407655, 0.3, -0.003305, 0.407659, 0.913128, -0.0, 0.0, 0.0, 0.0, 1.0],
                [0.999993, -0.000351, 0.003776, 0.0, 0.00186, 0.913134, -0.407655, 0.3, -0.003305, 0.407659, 0.913128, -0.0, 0.0, 0.0, 0.0, 1.0],
                [1.0, 0.0, 0.0, 0.0, -0.0, 0.993938, 0.109947, 0.3, 0.0, -0.109947, 0.993938, 0.0, 0.0, 0.0, 0.0, 1.0],
                [1.0, 0.0, 0.0, -0.0, 0.0, 0.993938, 0.109947, 0.3, -0.0, -0.109947, 0.993938, -0.0, 0.0, 0.0, 0.0, 1.0]
            ]
        },
        {
            "name": "Tool_L",
            "time": [0.0, 0.1167, 0.2, 0.2667, 0.7667],
            "transform": [
                [0.997004, 0.01104, -0.076554, -0.0, -0.036659, -0.804079, -0.593392, 0.272858, -0.068067, 0.594062, -0.800801, -0.0, 0.0, 0.0, 0.0, 1.0],
                [0.997001, 0.011407, -0.076542, -1e-06, -0.037744, -0.791783, -0.609635, 0.272858, -0.067519, 0.610328, -0.788521, 0.0, 0.0, 0.0, 0.0, 1.0],
                [0.997001, 0.011407, -0.076541, 1e-06, -0.037744, -0.791783, -0.609635, 0.272858, -0.067519, 0.610328, -0.788521, -0.0, 0.0, 0.0, 0.0, 1.0],
                [0.997001, 0.011407, -0.076541, 0.0, -0.037743, -0.791783, -0.609635, 0.272858, -0.067519, 0.610328, -0.788521, -0.0, 0.0, 0.0, 0.0, 1.0],
                [0.997001, 0.011407, -0.076541, -0.0, -0.037744, -0.791783, -0.609635, 0.272858, -0.067519, 0.610328, -0.788521, -0.0, 0.0, 0.0, 0.0, 1.0]
            ]
        },
        {
            "name": "Elbow_L",
            "time": [0.0, 0.1167, 0.2, 0.7667],
            "transform": [
                [-1.0, 0.0, -0.0, 0.0, 0.0, -0.0, -1.0, 0.356395, -0.0, -1.0, -0.0, -0.0, 0.0, 0.0, 0.0, 1.0],
                [-1.0, 0.0, -0.0, 0.0, 0.0, -0.0, -1.0, 0.35612, -0.0, -1.0, -0.0, -0.0, 0.0, 0.0, 0.0, 1.0],
                [-1.0, 0.0, -0.0, 0.0, 0.0, -0.0, -1.0, 0.3, -0.0, -1.0, -0.0, 0.0, 0.0, 0.0, 0.0, 1.0],
                [-1.0, 0.0, -0.0, -0.0, 0.0, -0.0, -1.0, 0.3, -0.0, -1.0, -0.0, -0.0, 0.0, 0.0, 0.0, 1.0]
            ]
        }
    ]
}