{
    "animation": [
        {
            "name": "Root",
            "time": [0.0, 0.1, 0.1833, 0.625],
            "transform": [
                [0.999801, -0.0, -0.019949, -5e-06, -0.019823, -0.112127, -0.993496, 0.006268, -0.002237, 0.993694, -0.112105, 0.764509, 0.0, 0.0, 0.0, 1.0],
                [0.850019, 0.004683, 0.526731, -5e-06, 0.523418, 0.10482, -0.845604, 0.904497, -0.059172, 0.99448, 0.086648, 0.69824, 0.0, 0.0, 0.0, 1.0],
                [0.826652, 0.0, 0.562713, -5e-06, 0.558608, 0.120564, -0.820622, 1.007694, -0.067843, 0.992705, 0.099665, 0.692983, 0.0, 0.0, 0.0, 1.0],
                [0.826652, 0.0, 0.562713, -5e-06, 0.558608, 0.120564, -0.820622, 1.007694, -0.067843, 0.992705, 0.099665, 0.692983, 0.0, 0.0, 0.0, 1.0]
            ]
        },
        {
            "name": "Thigh_R",
            "time": [0.0, 0.1, 0.1833, 0.625],
            "transform": [
                [0.997345, 0.022694, -0.069189, 0.124994, 0.057098, -0.833416, 0.549685, -0.002831, -0.045188, -0.552175, -0.832502, -1.2e-05, 0.0, 0.0, 0.0, 1.0],
                [0.854671, 0.367731, 0.366483, 0.124994, 0.005432, -0.712195, 0.701959, -0.002831, 0.51914, -0.597952, -0.610692, -1.2e-05, 0.0, 0.0, 0.0, 1.0],
                [0.830159, 0.39473, 0.39373, 0.124994, -0.003279, -0.702737, 0.711441, -0.002831, 0.557517, -0.591899, -0.582091, -1.2e-05, 0.0, 0.0, 0.0, 1.0],
                [0.830159, 0.39473, 0.39373, 0.124994, -0.003279, -0.702737, 0.711441, -0.002831, 0.557517, -0.591899, -0.582091, -1.2e-05, 0.0, 0.0, 0.0, 1.0]
            ]
        },
        {
            "name": "Leg_R",
            "time": [0.0, 0.1, 0.1833, 0.625],
            "transform": [
                [1.0, -1e-06, 1e-06, 0.0, -1e-06, 0.106507, 0.994311, 0.37472, -1e-06, -0.994313, 0.106507, -0.0, 0.0, 0.0, 0.0, 1.0],
                [1.0, -0.0, 1e-06, -0.0, -0.0, 0.738011, 0.674789, 0.37472, -1e-06, -0.67479, 0.738009, 0.0, 0.0, 0.0, 0.0, 1.0],
                [1.0, -0.0, 1e-06, 0.0, -0.0, 0.774721, 0.632303, 0.37472, -1e-06, -0.632304, 0.77472, -0.0, 0.0, 0.0, 0.0, 1.0],
                [1.0, -0.0, 1e-06, 0.0, -0.0, 0.774721, 0.632303, 0.37472, -1e-06, -0.632304, 0.77472, -0.0, 0.0, 0.0, 0.0, 1.0]
            ]
        },
        {
            "name": "Knee_R",
            "time": [0.0, 0.1, 0.1833, 0.625],
            "transform": [
                [1.0, 0.0, -0.0, 0.0, -0.0, 1e-06, -1.0, 0.465224, -0.0, 1.0, 1e-06, -0.0, 0.0, 0.0, 0.0, 1.0],
                [1.0, 0.0, -0.0, 0.0, -0.0, 1e-06, -1.0, 0.403813, -0.0, 1.0, 1e-06, -0.0, 0.0, 0.0, 0.0, 1.0],
                [1.0, 0.0, -0.0, 0.0, -0.0, 1e-06, -1.0, 0.401816, -0.0, 1.0, 1e-06, -0.0, 0.0, 0.0, 0.0, 1.0],
                [1.0, 0.0, -0.0, 0.0, -0.0, 1e-06, -1.0, 0.401816, -0.0, 1.0, 1e-06, -0.0, 0.0, 0.0, 0.0, 1.0]
            ]
        },
        {
            "name": "Thigh_L",
            "time": [0.0, 0.1, 0.1833, 0.625],
            "transform": [
                [0.99861, 5e-05, -0.0527, -0.125006, -0.004328, -0.996543, -0.082958, -0.002831, -0.052522, 0.083071, -0.995159, -1.2e-05, 0.0, 0.0, 0.0, 1.0],
                [0.984103, -0.152955, 0.09025, -0.125006, -0.127339, -0.961943, -0.241764, -0.002831, 0.123794, 0.226429, -0.966129, -1.2e-05, 0.0, 0.0, 0.0, 1.0],
                [0.981036, -0.165798, 0.100396, -0.125006, -0.135727, -0.957413, -0.254827, -0.002831, 0.138371, 0.236368, -0.961761, -1.2e-05, 0.0, 0.0, 0.0, 1.0],
                [0.981036, -0.165798, 0.100396, -0.125006, -0.135727, -0.957413, -0.254827, -0.002831, 0.138371, 0.236368, -0.961761, -1.2e-05, 0.0, 0.0, 0.0, 1.0]
            ]
        },
        {
            "name": "Leg_L",
            "time": [0.0, 0.1, 0.1833, 0.625],
            "transform": [
                [1.0, -0.0, 1e-06, 0.0, 0.0, 0.995705, 0.09258, 0.37472, -1e-06, -0.09258, 0.995706, -0.0, 0.0, 0.0, 0.0, 1.0],
                [1.0, -0.0, 1e-06, -0.0, 0.0, 0.999877, 0.015655, 0.37472, -1e-06, -0.015655, 0.999878, -0.0, 0.0, 0.0, 0.0, 1.0],
                [1.0, 0.0, 1e-06, -0.0, -0.0, 0.999954, 0.009543, 0.37472, -1e-06, -0.009543, 0.999955, -0.0, 0.0, 0.0, 0.0, 1.0],
                [1.0, 0.0, 1e-06, -0.0, -0.0, 0.999954, 0.009543, 0.37472, -1e-06, -0.009543, 0.999955, -0.0, 0.0, 0.0, 0.0, 1.0]
            ]
        },
        {
            "name": "Knee_L",
            "time": [0.0, 0.1, 0.625],
            "transform": [
                [1.0, 0.0, -0.0, 0.0, -0.0, 1e-06, -1.0, 0.37472, -0.0, 1.0, 1e-06, -0.0, 0.0, 0.0, 0.0, 1.0],
                [1.0, 0.0, -0.0, -1e-06, -0.0, 1e-06, -1.0, 0.374871, -0.0, 1.0, 1e-06, -0.000824, 0.0, 0.0, 0.0, 1.0],
                [1.0, 0.0, -0.0, -1e-06, -0.0, 1e-06, -1.0, 0.374871, -0.0, 1.0, 1e-06, -0.000824, 0.0, 0.0, 0.0, 1.0]
            ]
        },
        {
            "name": "Torso",
            "time": [0.0, 0.1, 0.625],
            "transform": [
                [0.99978, -0.020971, -0.000197, -0.0, 0.020971, 0.999603, 0.018833, 0.05, -0.000198, -0.018833, 0.999822, 0.0, 0.0, 0.0, 0.0, 1.0],
                [0.99978, -0.020971, -0.000197, 0.0, 0.020971, 0.999603, 0.01883, 0.05, -0.000198, -0.01883, 0.999822, -0.0, 0.0, 0.0, 0.0, 1.0],
                [0.99978, -0.020971, -0.000197, -0.0, 0.020971, 0.999603, 0.01883, 0.05, -0.000198, -0.01883, 0.999823, -0.0, 0.0, 0.0, 0.0, 1.0]
            ]
        },
        {
            "name": "Chest",
            "time": [0.0, 0.1, 0.1833, 0.625],
            "transform": [
                [0.95914, -0.025664, -0.281766, -0.0, 0.02718, 0.99963, 0.001471, 0.3, 0.281624, -0.00907, 0.959482, -0.0, 0.0, 0.0, 0.0, 1.0],
                [0.98918, -0.093439, 0.113102, -0.0, 0.08155, 0.991066, 0.105534, 0.3, -0.121953, -0.095169, 0.987963, -0.0, 0.0, 0.0, 0.0, 1.0],
                [0.984511, -0.100131, 0.143915, -0.0, 0.083942, 0.989873, 0.114483, 0.3, -0.153921, -0.10063, 0.982946, 0.0, 0.0, 0.0, 0.0, 1.0],
                [0.984511, -0.100131, 0.143915, 0.0, 0.083942, 0.989872, 0.114483, 0.3, -0.153921, -0.10063, 0.982946, -0.0, 0.0, 0.0, 0.0, 1.0]
            ]
        },
        {
            "name": "Head",
            "time": [0.0, 0.1, 0.1833, 0.625],
            "transform": [
                [0.952638, 0.009742, 0.30395, -0.0, -0.040467, 0.994659, 0.09495, 0.4, -0.301402, -0.102753, 0.947944, -0.0, 0.0, 0.0, 0.0, 1.0],
                [0.775369, 0.030571, -0.630768, 0.0, -0.153933, 0.977849, -0.141829, 0.4, 0.61246, 0.207066, 0.7629, 0.0, 0.0, 0.0, 0.0, 1.0],
                [0.726322, 0.019466, -0.687079, 0.0, -0.17091, 0.973319, -0.153096, 0.4, 0.665768, 0.228626, 0.71027, -0.0, 0.0, 0.0, 0.0, 1.0],
                [0.726322, 0.019466, -0.687079, 0.0, -0.17091, 0.97332, -0.153096, 0.4, 0.665768, 0.228626, 0.71027, 0.0, 0.0, 0.0, 0.0, 1.0]
            ]
        },
        {
            "name": "Shoulder_R",
            "time": [0.0, 0.1, 0.1833, 0.625],
            "transform": [
                [-0.347664, 0.870713, 0.347833, -0.0, 0.049678, -0.353348, 0.934172, 0.4, 0.936302, 0.342058, 0.079591, -0.0, 0.0, 0.0, 0.0, 1.0],
                [0.618077, 0.764372, 0.183615, 0.0, -0.029147, -0.211129, 0.977023, 0.4, 0.785576, -0.609228, -0.108215, 0.0, 0.0, 0.0, 0.0, 1.0],
                [0.677314, 0.717057, 0.164547, 0.0, -0.0283, -0.198102, 0.979773, 0.4, 0.73515, -0.66827, -0.113885, -0.0, 0.0, 0.0, 0.0, 1.0],
                [0.677314, 0.717057, 0.164547, 0.0, -0.0283, -0.198102, 0.979773, 0.4, 0.73515, -0.66827, -0.113885, 0.0, 0.0, 0.0, 0.0, 1.0]
            ]
        },
        {
            "name": "Arm_R",
            "time": [0.0, 0.1, 0.1833, 0.625],
            "transform": [
                [0.890473, -0.308127, 0.334839, 0.0, -0.038728, 0.681859, 0.730458, 0.39386, -0.453387, -0.66342, 0.595243, -0.0, 0.0, 0.0, 0.0, 1.0],
                [-0.441418, -0.897046, -0.021444, 0.0, 0.234456, -0.138373, 0.962228, 0.393861, -0.86613, 0.419717, 0.271398, -0.0, 0.0, 0.0, 0.0, 1.0],
                [-0.537385, -0.840926, -0.063735, -0.0, 0.197622, -0.199038, 0.959859, 0.39386, -0.819856, 0.503218, 0.273145, -0.0, 0.0, 0.0, 0.0, 1.0],
                [-0.537385, -0.840926, -0.063735, 0.0, 0.197622, -0.199038, 0.959859, 0.39386, -0.819856, 0.503218, 0.273145, 0.0, 0.0, 0.0, 0.0, 1.0]
            ]
        },
        {
            "name": "Hand_R",
            "time": [0.0, 0.1, 0.1833, 0.625],
            "transform": [
                [0.999984, 0.001325, 0.005391, 0.0, -0.00125, 0.999903, -0.013884, 0.3, -0.005409, 0.013877, 0.999889, 0.0, 0.0, 0.0, 0.0, 1.0],
                [1.0, 7.5e-05, 0.000401, -0.0, -0.000115, 0.994899, 0.100884, 0.3, -0.000392, -0.100884, 0.994898, -0.0, 0.0, 0.0, 0.0, 1.0],
                [1.0, 0.0, 0.0, 0.0, -0.0, 0.993938, 0.109947, 0.3, -0.0, -0.109947, 0.993938, 0.0, 0.0, 0.0, 0.0, 1.0],
                [1.0, 0.0, 0.0, 0.0, -0.0, 0.993938, 0.109947, 0.3, -0.0, -0.109947, 0.993938, 0.0, 0.0, 0.0, 0.0, 1.0]
            ]
        },
        {
            "name": "Tool_R",
            "time": [0.0, 0.1, 0.1833, 0.625],
            "transform": [
                [1.000013, -0.0, 0.0, -0.0, -0.0, -0.999836, 0.018122, 0.272858, 0.0, -0.018122, -0.999232, 0.0, 0.0, 0.0, 0.0, 1.0],
                [0.998464, -0.047635, -0.028728, -0.0, -0.046524, -0.431941, -0.90069, 0.272858, 0.030478, 0.900105, -0.433236, 0.0, 0.0, 0.0, 0.0, 1.0],
                [0.998253, -0.049409, -0.032766, -0.0, -0.048145, -0.353063, -0.934349, 0.272858, 0.034577, 0.933738, -0.354616, 0.0, 0.0, 0.0, 0.0, 1.0],
                [0.998254, -0.049409, -0.032766, -0.0, -0.048145, -0.353063, -0.934349, 0.272858, 0.034577, 0.933738, -0.354616, 0.0, 0.0, 0.0, 0.0, 1.0]
            ]
        },
        {
            "name": "Elbow_R",
            "time": [0.0, 0.625],
            "transform": [
                [-1.0, 0.0, 0.0, 0.0, 0.0, -0.0, -1.0, 0.3, -0.0, -1.0, 0.0, 0.0, 0.0, 0.0, 0.0, 1.0],
                [-1.0, 0.0, -0.0, 0.0, 0.0, -0.0, -1.0, 0.3, -0.0, -1.0, 0.0, 0.0, 0.0, 0.0, 0.0, 1.0]
            ]
        },
        {
            "name": "Shoulder_L",
            "time": [0.0, 0.1, 0.1833, 0.625],
            "transform": [
                [0.088498, -0.949454, -0.301173, -0.0, -0.003899, -0.302687, 0.953082, 0.4, -0.996068, -0.083172, -0.030489, -0.0, 0.0, 0.0, 0.0, 1.0],
                [-0.359468, -0.872436, -0.331116, 0.0, 0.033544, -0.366686, 0.92974, 0.4, -0.932554, 0.323105, 0.161077, 0.0, 0.0, 0.0, 0.0, 1.0],
                [-0.392786, -0.858511, -0.329663, 0.0, 0.035105, -0.37221, 0.927485, 0.4, -0.91896, 0.35273, 0.176337, -0.0, 0.0, 0.0, 0.0, 1.0],
                [-0.392786, -0.858511, -0.329663, 0.0, 0.035105, -0.372209, 0.927485, 0.4, -0.91896, 0.35273, 0.176337, 0.0, 0.0, 0.0, 0.0, 1.0]
            ]
        },
        {
            "name": "Arm_L",
            "time": [0.0, 0.1, 0.1833, 0.625],
            "transform": [
                [-0.235634, 0.480293, 0.844864, 0.0, -0.578277, 0.6294, -0.519087, 0.39386, -0.781071, -0.61088, 0.129434, 0.0, 0.0, 0.0, 0.0, 1.0],
                [0.285645, -0.54612, 0.787502, 0.0, -0.415047, 0.670177, 0.615304, 0.39386, -0.863796, -0.502609, -0.035233, 0.0, 0.0, 0.0, 0.0, 1.0],
                [0.309753, -0.611401, 0.728177, 0.0, -0.379342, 0.622787, 0.684278, 0.39386, -0.871867, -0.488185, -0.03902, 0.0, 0.0, 0.0, 0.0, 1.0],
                [0.309753, -0.611401, 0.728177, 0.0, -0.379342, 0.622787, 0.684278, 0.39386, -0.871867, -0.488185, -0.03902, -0.0, 0.0, 0.0, 0.0, 1.0]
            ]
        },
        {
            "name": "Hand_L",
            "time": [0.0, 0.1, 0.625],
            "transform": [
                [0.99932, -0.036878, 0.000448, -0.0, 0.03687, 0.999235, 0.013035, 0.3, -0.000929, -0.01301, 0.999915, -0.0, 0.0, 0.0, 0.0, 1.0],
                [0.99932, -0.036879, 0.000448, 0.0, 0.03687, 0.999235, 0.013036, 0.3, -0.000929, -0.01301, 0.999915, 0.0, 0.0, 0.0, 0.0, 1.0],
                [0.99932, -0.036879, 0.000448, -0.0, 0.03687, 0.999235, 0.013036, 0.3, -0.000928, -0.01301, 0.999915, 0.0, 0.0, 0.0, 0.0, 1.0]
            ]
        },
        {
            "name": "Tool_L",
            "time": [0.0, 0.625],
            "transform": [
                [1.0, 0.0, 0.0, -0.0, 0.0, -0.999836, 0.018122, 0.272858, 0.0, -0.018122, -0.999248, -0.0, 0.0, 0.0, 0.0, 1.0],
                [1.0, -0.0, 0.0, -0.0, -0.0, -0.999836, 0.018122, 0.272858, 0.0, -0.018122, -0.999248, -0.0, 0.0, 0.0, 0.0, 1.0]
            ]
        },
        {
            "name": "Elbow_L",
            "time": [0.0, 0.1, 0.625],
            "transform": [
                [-1.0, 0.0, -0.0, -0.0, 0.0, -0.0, -1.0, 0.402564, -0.0, -1.0, -0.0, -0.0, 0.0, 0.0, 0.0, 1.0],
                [-1.0, 0.0, -0.0, 0.0, 0.0, -0.0, -1.0, 0.3, -0.0, -1.0, 0.0, 0.0, 0.0, 0.0, 0.0, 1.0],
                [-1.0, 0.0, -0.0, -0.0, 0.0, -0.0, -1.0, 0.3, -0.0, -1.0, -0.0, 0.0, 0.0, 0.0, 0.0, 1.0]
            ]
        }
    ]
}