{
    "animation": [
        {
            "name": "Root",
            "time": [0.0, 0.1, 0.1667, 0.3333, 0.6],
            "transform": [
                [0.305851, -0.016288, 0.95194, -5e-06, 0.951506, 0.039926, -0.305029, 2.8e-05, -0.033039, 0.99907, 0.027709, 0.640087, 0.0, 0.0, 0.0, 1.0],
                [0.999786, 0.020433, 0.003353, -5e-06, 0.000124, 0.15601, -0.987755, 0.57171, -0.020706, 0.987544, 0.155974, 0.753112, 0.0, 0.0, 0.0, 1.0],
                [0.403902, 0.13756, -0.904401, -5e-06, -0.890052, 0.287504, -0.353764, 1.006315, 0.211355, 0.94785, 0.238559, 0.640087, 0.0, 0.0, 0.0, 1.0],
                [0.351561, 0.154015, -0.923409, -5e-06, -0.911995, 0.279035, -0.300675, 1.006315, 0.211355, 0.94785, 0.238559, 0.640087, 0.0, 0.0, 0.0, 1.0],
                [0.351561, 0.154015, -0.923409, -5e-06, -0.911995, 0.279035, -0.300675, 1.006315, 0.211355, 0.94785, 0.238559, 0.640087, 0.0, 0.0, 0.0, 1.0]
            ]
        },
        {
            "name": "Thigh_R",
            "time": [0.0, 0.1, 0.1667, 0.6],
            "transform": [
                [0.344858, 0.727296, 0.59339, 0.141047, 0.017222, -0.636965, 0.7707, -0.000433, 0.938496, -0.255562, -0.232189, 0.047427, 0.0, 0.0, 0.0, 1.0],
                [0.772435, 0.079089, 0.630149, 0.141047, -0.101942, -0.963907, 0.24594, -0.000433, 0.626858, -0.25421, -0.736496, 0.047427, 0.0, 0.0, 0.0, 1.0],
                [0.933648, 0.254392, 0.25216, 0.141047, 0.080064, -0.834386, 0.545331, -0.000433, 0.349127, -0.488958, -0.799394, 0.047427, 0.0, 0.0, 0.0, 1.0],
                [0.9342, 0.251785, 0.252732, 0.141047, 0.068747, -0.822209, 0.565016, -0.000433, 0.350061, -0.510462, -0.78542, 0.047427, 0.0, 0.0, 0.0, 1.0]
            ]
        },
        {
            "name": "Leg_R",
            "time": [0.0, 0.1, 0.1667, 0.6],
            "transform": [
                [1.0, -0.0, 1e-06, -0.0, -0.0, 0.655092, 0.755549, 0.37472, -1e-06, -0.75555, 0.655091, -0.0, 0.0, 0.0, 0.0, 1.0],
                [1.0, 0.0, 1e-06, -0.0, -0.0, 0.9799, 0.199491, 0.37472, -1e-06, -0.199491, 0.979899, -0.0, 0.0, 0.0, 0.0, 1.0],
                [1.0, -0.0, 1e-06, 0.0, -0.0, 0.881684, 0.471841, 0.37472, -1e-06, -0.471841, 0.881683, -0.0, 0.0, 0.0, 0.0, 1.0],
                [1.0, -0.0, 1e-06, -0.0, -0.0, 0.88947, 0.456995, 0.37472, -1e-06, -0.456995, 0.889468, -0.0, 0.0, 0.0, 0.0, 1.0]
            ]
        },
        {
            "name": "Knee_R",
            "time": [0.0, 0.1, 0.1667, 0.6],
            "transform": [
                [1.0, 0.0, -0.0, 0.0, -0.0, 1e-06, -1.0, 0.415581, -0.0, 1.0, 1e-06, -0.0, 0.0, 0.0, 0.0, 1.0],
                [1.0, 0.0, -0.0, -0.0, -0.0, 1e-06, -1.0, 0.37472, -0.0, 1.0, 1e-06, -0.0, 0.0, 0.0, 0.0, 1.0],
                [1.0, 0.0, -0.0, 0.0, -0.0, 1e-06, -1.0, 0.382797, -0.0, 1.0, 1e-06, 0.0, 0.0, 0.0, 0.0, 1.0],
                [1.0, 0.0, -0.0, -0.0, -0.0, 1e-06, -1.0, 0.381292, -0.0, 1.0, 1e-06, -0.0, 0.0, 0.0, 0.0, 1.0]
            ]
        },
        {
            "name": "Thigh_L",
            "time": [0.0, 0.1, 0.1667, 0.3333, 0.6],
            "transform": [
                [0.818358, -0.535169, -0.209483, -0.125006, -0.422426, -0.807279, 0.412135, -0.00283, -0.389674, -0.248782, -0.886714, -1.1e-05, 0.0, 0.0, 0.0, 1.0],
                [0.904825, -0.372375, -0.206464, -0.139653, 0.006757, -0.472284, 0.88142, -0.003779, -0.425728, -0.798925, -0.42482, 0.016735, 0.0, 0.0, 0.0, 1.0],
                [0.402504, -0.839805, -0.364303, -0.150788, 0.137388, -0.338036, 0.931051, -0.0045, -0.905049, -0.424802, -0.020682, 0.029466, 0.0, 0.0, 0.0, 1.0],
                [0.299164, -0.869388, -0.393273, -0.150788, 0.186051, -0.351092, 0.91767, -0.0045, -0.935887, -0.347702, 0.056716, 0.029466, 0.0, 0.0, 0.0, 1.0],
                [0.299165, -0.869388, -0.393273, -0.150788, 0.18605, -0.351092, 0.917671, -0.0045, -0.935887, -0.347703, 0.056715, 0.029466, 0.0, 0.0, 0.0, 1.0]
            ]
        },
        {
            "name": "Leg_L",
            "time": [0.0, 0.1, 0.1667, 0.6],
            "transform": [
                [1.0, -1e-06, 1e-06, 0.0, 0.0, 0.854672, 0.519167, 0.37472, -1e-06, -0.519167, 0.854673, 0.0, 0.0, 0.0, 0.0, 1.0],
                [1.0, -1e-06, 0.0, 0.0, -0.0, -0.003181, 0.999995, 0.37472, -1e-06, -0.999995, -0.003181, -0.0, 0.0, 0.0, 0.0, 1.0],
                [1.0, -1e-06, 0.0, 0.0, 0.0, 0.598269, 0.801295, 0.37472, -1e-06, -0.801295, 0.59827, -0.0, 0.0, 0.0, 0.0, 1.0],
                [1.0, -1e-06, 1e-06, -0.0, 0.0, 0.588116, 0.808777, 0.37472, -1e-06, -0.808776, 0.588116, -0.0, 0.0, 0.0, 0.0, 1.0]
            ]
        },
        {
            "name": "Knee_L",
            "time": [0.0, 0.1, 0.1667, 0.6],
            "transform": [
                [1.0, 0.0, -0.0, 0.0, -0.0, 1e-06, -1.0, 0.387691, -0.0, 1.0, 1e-06, -0.0, 0.0, 0.0, 0.0, 1.0],
                [1.0, 0.0, -0.0, 0.0, -0.0, 1e-06, -1.0, 0.47972, -0.0, 1.0, 1e-06, -0.0, 0.0, 0.0, 0.0, 1.0],
                [1.0, 0.0, -0.0, 0.0, -0.0, 1e-06, -1.0, 0.422133, -0.0, 1.0, 1e-06, -0.0, 0.0, 0.0, 0.0, 1.0],
                [1.0, 0.0, -0.0, 0.0, -0.0, 1e-06, -1.0, 0.423265, -0.0, 1.0, 1e-06, -0.0, 0.0, 0.0, 0.0, 1.0]
            ]
        },
        {
            "name": "Torso",
            "time": [0.0, 0.1667, 0.6],
            "transform": [
                [0.999736, -0.021817, -0.007252, 0.0, 0.021227, 0.997082, -0.073323, 0.05, 0.00883, 0.07315, 0.997282, -0.0, 0.0, 0.0, 0.0, 1.0],
                [0.999732, -0.022958, -0.002954, -0.0, 0.020912, 0.950511, -0.309985, 0.05, 0.009924, 0.30984, 0.950737, -0.0, 0.0, 0.0, 0.0, 1.0],
                [0.999732, -0.022958, -0.002954, 0.0, 0.020912, 0.950512, -0.309985, 0.05, 0.009924, 0.309841, 0.950737, 0.0, 0.0, 0.0, 0.0, 1.0]
            ]
        },
        {
            "name": "Chest",
            "time": [0.0, 0.1667, 0.2833, 0.6],
            "transform": [
                [1.0, -0.000192, 0.000308, -0.0, 0.000151, 0.991742, 0.128248, 0.3, -0.00033, -0.128248, 0.991742, -0.0, 0.0, 0.0, 0.0, 1.0],
                [0.999999, -0.000333, 0.001376, 0.0, -9.1e-05, 0.954961, 0.296731, 0.3, -0.001413, -0.296731, 0.95496, -0.0, 0.0, 0.0, 0.0, 1.0],
                [0.999999, -0.000338, 0.001279, -0.0, -0.00011, 0.94238, 0.334545, 0.3, -0.001318, -0.334545, 0.942379, -0.0, 0.0, 0.0, 0.0, 1.0],
                [0.999999, -0.000338, 0.001279, 0.0, -0.00011, 0.94238, 0.334545, 0.3, -0.001318, -0.334545, 0.942379, 0.0, 0.0, 0.0, 0.0, 1.0]
            ]
        },
        {
            "name": "Head",
            "time": [0.0, 0.1, 0.1667, 0.2833, 0.6],
            "transform": [
                [0.422569, 0.004976, -0.906318, 0.0, -0.007018, 0.999973, 0.002218, 0.4, 0.906304, 0.005423, 0.422592, 0.0, 0.0, 0.0, 0.0, 1.0],
                [0.999984, 0.002158, 0.005166, -0.0, -0.001412, 0.990108, -0.140302, 0.4, -0.005418, 0.140292, 0.990095, 0.0, 0.0, 0.0, 0.0, 1.0],
                [0.475191, 0.218517, 0.852317, -0.0, 0.091376, 0.951177, -0.294808, 0.4, -0.875125, 0.217972, 0.432024, -0.0, 0.0, 0.0, 0.0, 1.0],
                [0.450909, 0.214561, 0.866397, 0.0, 0.120811, 0.947074, -0.297415, 0.4, -0.884356, 0.238777, 0.401123, 0.0, 0.0, 0.0, 0.0, 1.0],
                [0.450909, 0.214561, 0.866397, -0.0, 0.120811, 0.947074, -0.297415, 0.4, -0.884356, 0.238777, 0.401123, 0.0, 0.0, 0.0, 0.0, 1.0]
            ]
        },
        {
            "name": "Shoulder_R",
            "time": [0.0, 0.1667, 0.6],
            "transform": [
                [0.269237, 0.952776, 0.140459, 0.0, 0.000649, -0.146024, 0.989281, 0.4, 0.963074, -0.266259, -0.039933, 0.0, 0.0, 0.0, 0.0, 1.0],
                [-0.462217, 0.80424, 0.373568, -0.0, 0.134186, -0.352985, 0.925956, 0.4, 0.876555, 0.478121, 0.055238, -0.0, 0.0, 0.0, 0.0, 1.0],
                [-0.462217, 0.80424, 0.373568, -0.0, 0.134186, -0.352985, 0.925957, 0.4, 0.876555, 0.478121, 0.055238, 0.0, 0.0, 0.0, 0.0, 1.0]
            ]
        },
        {
            "name": "Arm_R",
            "time": [0.0, 0.0667, 0.2167, 0.6],
            "transform": [
                [0.031586, -0.769718, -0.637602, 0.0, -0.212308, 0.618196, -0.756808, 0.393861, 0.976692, 0.159273, -0.143891, -0.0, 0.0, 0.0, 0.0, 1.0],
                [-0.192409, -0.563486, -0.803407, 0.0, -0.000833, 0.818798, -0.574081, 0.39386, 0.981314, -0.109789, -0.158014, 0.0, 0.0, 0.0, 0.0, 1.0],
                [0.092067, 0.484582, -0.869887, -0.0, 0.433201, 0.767101, 0.473173, 0.39386, 0.896583, -0.420399, -0.139297, 0.0, 0.0, 0.0, 0.0, 1.0],
                [0.092067, 0.484582, -0.869887, 0.0, 0.433201, 0.767101, 0.473173, 0.393861, 0.896583, -0.4204, -0.139297, -0.0, 0.0, 0.0, 0.0, 1.0]
            ]
        },
        {
            "name": "Hand_R",
            "time": [0.0, 0.0667, 0.1667, 0.6],
            "transform": [
                [1.0, 0.0, 0.0, 0.0, -0.0, 0.996336, -0.085529, 0.3, -0.0, 0.085529, 0.996336, 0.0, 0.0, 0.0, 0.0, 1.0],
                [1.0, 0.0, 0.0, -0.0, -0.0, 0.78745, -0.616378, 0.3, -0.0, 0.616378, 0.78745, -0.0, 0.0, 0.0, 0.0, 1.0],
                [1.0, 0.0, 0.0, 0.0, -0.0, 0.996336, -0.085529, 0.3, -0.0, 0.085529, 0.996336, -0.0, 0.0, 0.0, 0.0, 1.0],
                [1.0, 0.0, 0.0, 0.0, -0.0, 0.996336, -0.085529, 0.3, -0.0, 0.085529, 0.996336, -0.0, 0.0, 0.0, 0.0, 1.0]
            ]
        },
        {
            "name": "Tool_R",
            "time": [0.0, 0.6],
            "transform": [
                [1.0, 0.00049, -0.000596, -0.0, 5.4e-05, -0.814639, -0.579969, 0.272858, -0.000769, 0.579617, -0.814163, 1e-06, 0.0, 0.0, 0.0, 1.0],
                [1.0, 0.00049, -0.000596, -0.0, 5.4e-05, -0.814639, -0.579969, 0.272858, -0.00077, 0.579616, -0.814163, 1e-06, 0.0, 0.0, 0.0, 1.0]
            ]
        },
        {
            "name": "Elbow_R",
            "time": [0.0, 0.1667, 0.6],
            "transform": [
                [-1.0, -0.0, 0.0, -0.0, -0.0, 0.0, -1.0, 0.318349, 0.0, -1.0, 0.0, 0.0, 0.0, 0.0, 0.0, 1.0],
                [-1.0, -0.0, -0.0, -0.0, -0.0, -0.0, -1.0, 0.318349, 0.0, -1.0, 0.0, 0.0, 0.0, 0.0, 0.0, 1.0],
                [-1.0, -0.0, -0.0, 0.0, 0.0, -0.0, -1.0, 0.318349, 0.0, -1.0, 0.0, -0.0, 0.0, 0.0, 0.0, 1.0]
            ]
        },
        {
            "name": "Shoulder_L",
            "time": [0.0, 0.0333, 0.0667, 0.2167, 0.6],
            "transform": [
                [-0.360741, -0.887084, -0.288006, 0.0, -0.021938, -0.300643, 0.953484, 0.4, -0.932408, 0.350279, 0.088993, 0.0, 0.0, 0.0, 0.0, 1.0],
                [0.315172, -0.926856, -0.203971, 0.0, 0.019121, -0.208679, 0.977797, 0.4, -0.948842, -0.312074, -0.048047, 0.0, 0.0, 0.0, 0.0, 1.0],
                [0.609543, -0.78873, -0.079759, 0.0, -0.139801, -0.205981, 0.968518, 0.4, -0.780329, -0.579203, -0.23582, -0.0, 0.0, 0.0, 0.0, 1.0],
                [0.506324, -0.819124, 0.269577, -0.0, -0.311557, 0.117732, 0.942906, 0.4, -0.804095, -0.561405, -0.195593, -0.0, 0.0, 0.0, 0.0, 1.0],
                [0.506324, -0.819124, 0.269576, -0.0, -0.311557, 0.117732, 0.942906, 0.4, -0.804094, -0.561405, -0.195593, 0.0, 0.0, 0.0, 0.0, 1.0]
            ]
        },
        {
            "name": "Arm_L",
            "time": [0.0, 0.0667, 0.1667, 0.6],
            "transform": [
                [0.951788, 0.248067, 0.18045, -0.0, -0.303976, 0.841734, 0.446187, 0.39386, -0.041207, -0.479527, 0.876559, 0.0, 0.0, 0.0, 0.0, 1.0],
                [0.803732, 0.577006, -0.145189, 0.0, -0.485637, 0.495197, -0.720373, 0.39386, -0.343762, 0.649495, 0.678221, 0.0, 0.0, 0.0, 0.0, 1.0],
                [0.046362, 0.982074, 0.182707, -0.0, -0.967043, 0.089966, -0.238189, 0.39386, -0.250357, -0.165643, 0.953878, 0.0, 0.0, 0.0, 0.0, 1.0],
                [0.046362, 0.982074, 0.182707, 0.0, -0.967043, 0.089966, -0.238189, 0.39386, -0.250357, -0.165643, 0.953878, -0.0, 0.0, 0.0, 0.0, 1.0]
            ]
        },
        {
            "name": "Hand_L",
            "time": [0.0, 0.0667, 0.2167, 0.6],
            "transform": [
                [1.0, 0.0, 0.0, -0.0, -0.0, 0.462688, -0.886522, 0.3, -0.0, 0.886522, 0.462688, 0.0, 0.0, 0.0, 0.0, 1.0],
                [1.0, -0.0, 0.0, -0.0, -0.0, 0.993938, 0.109947, 0.3, -0.0, -0.109947, 0.993938, -0.0, 0.0, 0.0, 0.0, 1.0],
                [1.0, 0.0, 0.0, -0.0, -0.0, 0.999878, -0.01565, 0.3, -0.0, 0.01565, 0.999878, -0.0, 0.0, 0.0, 0.0, 1.0],
                [1.0, 0.0, 0.0, 0.0, -0.0, 0.999878, -0.01565, 0.3, -0.0, 0.01565, 0.999878, 0.0, 0.0, 0.0, 0.0, 1.0]
            ]
        },
        {
            "name": "Tool_L",
            "time": [0.0, 0.0667, 0.1667, 0.6],
            "transform": [
                [0.673962, -0.09033, 0.733223, 0.0, -0.111544, -0.993561, -0.019874, 0.272858, 0.729865, -0.068362, -0.679299, -1e-06, 0.0, 0.0, 0.0, 1.0],
                [-0.034699, -0.816529, 0.57626, 0.0, -0.152038, -0.565583, -0.810556, 0.272858, 0.987183, -0.115677, -0.104465, -0.0, 0.0, 0.0, 0.0, 1.0],
                [-0.00092, -0.903993, 0.427546, 0.0, -0.13852, -0.423309, -0.895333, 0.272858, 0.989775, -0.060017, -0.124768, -1e-06, 0.0, 0.0, 0.0, 1.0],
                [-0.00092, -0.903993, 0.427546, 1e-06, -0.13852, -0.423309, -0.895333, 0.272858, 0.989775, -0.060017, -0.124768, -1e-06, 0.0, 0.0, 0.0, 1.0]
            ]
        },
        {
            "name": "Elbow_L",
            "time": [0.0, 0.0667, 0.2167, 0.6],
            "transform": [
                [-1.0, 0.0, -0.0, -0.0, 0.0, 0.0, -1.0, 0.412447, -0.0, -1.0, -0.0, 0.0, 0.0, 0.0, 0.0, 1.0],
                [-1.0, 0.0, 0.0, -0.0, 0.0, -0.0, -1.0, 0.3, -0.0, -1.0, 0.0, 0.0, 0.0, 0.0, 0.0, 1.0],
                [-1.0, 0.0, -0.0, -0.0, 0.0, -0.0, -1.0, 0.311791, -0.0, -1.0, -0.0, -0.0, 0.0, 0.0, 0.0, 1.0],
                [-1.0, 0.0, -0.0, 0.0, 0.0, -0.0, -1.0, 0.311791, -0.0, -1.0, 0.0, 0.0, 0.0, 0.0, 0.0, 1.0]
            ]
        }
    ]
}