{
    "animation": [
        {
            "name": "Root",
            "time": [0.0, 0.1167, 0.2, 0.3, 0.6167],
            "transform": [
                [0.997913, 0.010231, -0.063759, -5e-06, -0.063592, -0.015878, -0.99785, 0.000946, -0.011221, 0.999822, -0.015194, 0.70821, 0.0, 0.0, 0.0, 1.0],
                [0.997913, 0.010231, -0.063759, -5e-06, -0.062974, -0.064272, -0.995943, 0.000946, -0.014287, 0.99788, -0.063494, 0.739204, 0.0, 0.0, 0.0, 1.0],
                [0.999983, 0.002225, -0.005424, -5e-06, -0.005862, 0.385981, -0.922488, 0.000946, 4.1e-05, 0.922504, 0.385988, 0.585227, 0.0, 0.0, 0.0, 1.0],
                [1.0, 0.0, 0.0, -5e-06, 0.0, 0.427436, -0.904046, 0.000946, 0.0, 0.904046, 0.427436, 0.569829, 0.0, 0.0, 0.0, 1.0],
                [1.0, 0.0, 0.0, -5e-06, 0.0, 0.427436, -0.904046, 0.000946, 0.0, 0.904046, 0.427436, 0.569829, 0.0, 0.0, 0.0, 1.0]
            ]
        },
        {
            "name": "Thigh_R",
            "time": [0.0, 0.1167, 0.2, 0.3, 0.6167],
            "transform": [
                [0.983124, 0.100178, 0.153067, 0.124994, 0.161427, -0.86871, -0.468273, -0.002831, 0.086061, 0.48508, -0.870225, -1.2e-05, 0.0, 0.0, 0.0, 1.0],
                [0.981987, 0.104945, 0.157124, 0.124994, 0.175312, -0.816229, -0.550484, -0.002831, 0.070479, 0.568112, -0.819927, -1.2e-05, 0.0, 0.0, 0.0, 1.0],
                [0.99227, 0.112676, -0.051984, 0.127022, 0.112845, -0.645099, 0.755719, -0.003915, 0.051616, -0.755742, -0.65283, 0.001446, 0.0, 0.0, 0.0, 1.0],
                [0.9929, 0.098101, -0.067268, 0.127225, 0.109812, -0.538619, 0.835362, -0.004023, 0.045718, -0.836815, -0.54557, 0.001592, 0.0, 0.0, 0.0, 1.0],
                [0.9929, 0.098101, -0.067268, 0.127225, 0.109812, -0.538619, 0.835362, -0.004023, 0.045718, -0.836815, -0.54557, 0.001592, 0.0, 0.0, 0.0, 1.0]
            ]
        },
        {
            "name": "Leg_R",
            "time": [0.0, 0.1167, 0.2, 0.3, 0.6167],
            "transform": [
                [1.0, -0.0, 3e-06, -0.0, 0.0, 0.99995, 0.010037, 0.37472, -3e-06, -0.010037, 0.999949, 0.0, 0.0, 0.0, 0.0, 1.0],
                [1.0, -0.0, 3e-06, 0.0, 0.0, 0.99995, 0.010037, 0.37472, -3e-06, -0.010036, 0.999949, -0.0, 0.0, 0.0, 0.0, 1.0],
                [0.999999, 0.00101, -0.00094, 0.0, -0.000266, 0.809708, 0.586833, 0.37472, 0.001354, -0.586833, 0.809706, -0.0, 0.0, 0.0, 0.0, 1.0],
                [0.999999, 0.001137, -0.000995, -0.0, -0.000246, 0.772563, 0.634939, 0.37472, 0.00149, -0.634939, 0.772561, -0.0, 0.0, 0.0, 0.0, 1.0],
                [0.999999, 0.001137, -0.000995, -0.0, -0.000246, 0.772563, 0.634939, 0.37472, 0.00149, -0.634939, 0.772561, -0.0, 0.0, 0.0, 0.0, 1.0]
            ]
        },
        {
            "name": "Knee_R",
            "time": [0.0, 0.1167, 0.2, 0.3, 0.6167],
            "transform": [
                [1.0, 0.0, -0.0, -0.0, -0.0, 1e-06, -1.0, 0.37472, -0.0, 1.0, 1e-06, 0.0, 0.0, 0.0, 0.0, 1.0],
                [1.0, 0.0, -0.0, 0.0, -0.0, 1e-06, -1.0, 0.37472, -0.0, 1.0, 1e-06, -0.0, 0.0, 0.0, 0.0, 1.0],
                [1.0, 0.0, -0.0, -4.3e-05, -0.0, 1e-06, -1.0, 0.397406, -0.0, 1.0, 1e-06, -0.002063, 0.0, 0.0, 0.0, 1.0],
                [1.0, 0.0, -0.0, -4.8e-05, -0.0, 1e-06, -1.0, 0.399675, -0.0, 1.0, 1e-06, -0.00227, 0.0, 0.0, 0.0, 1.0],
                [1.0, 0.0, -0.0, -4.8e-05, -0.0, 1e-06, -1.0, 0.399675, -0.0, 1.0, 1e-06, -0.00227, 0.0, 0.0, 0.0, 1.0]
            ]
        },
        {
            "name": "Thigh_L",
            "time": [0.0, 0.1167, 0.2, 0.3, 0.6167],
            "transform": [
                [0.996871, 0.003683, -0.078965, -0.125006, -0.022745, -0.943305, -0.331146, -0.002831, -0.075707, 0.331906, -0.94027, -1.2e-05, 0.0, 0.0, 0.0, 1.0],
                [0.997148, 0.010442, -0.074744, -0.125006, -0.023972, -0.895269, -0.444879, -0.002831, -0.071562, 0.445403, -0.892466, -1.2e-05, 0.0, 0.0, 0.0, 1.0],
                [0.989334, -0.112124, 0.092982, -0.124975, -0.134509, -0.458267, 0.878578, -0.00192, -0.0559, -0.881713, -0.468462, 0.000319, 0.0, 0.0, 0.0, 1.0],
                [0.987713, -0.107623, 0.113312, -0.124971, -0.142949, -0.329207, 0.933374, -0.001828, -0.06315, -0.938104, -0.340548, 0.000352, 0.0, 0.0, 0.0, 1.0],
                [0.987713, -0.107623, 0.113312, -0.124971, -0.142949, -0.329207, 0.933374, -0.001828, -0.06315, -0.938104, -0.340548, 0.000352, 0.0, 0.0, 0.0, 1.0]
            ]
        },
        {
            "name": "Leg_L",
            "time": [0.0, 0.1167, 0.2, 0.3, 0.6167],
            "transform": [
                [1.0, -0.0, 1e-06, -0.0, 0.0, 0.999941, 0.01082, 0.37472, -1e-06, -0.01082, 0.999942, 0.0, 0.0, 0.0, 0.0, 1.0],
                [1.0, -0.0, 1e-06, 0.0, 0.0, 0.999941, 0.01082, 0.37472, -1e-06, -0.01082, 0.999942, 0.0, 0.0, 0.0, 0.0, 1.0],
                [0.999993, 0.003672, -0.001232, -0.0, -0.001219, 0.600357, 0.799732, 0.37472, 0.003676, -0.799724, 0.600357, -0.0, 0.0, 0.0, 0.0, 1.0],
                [0.999991, 0.004053, -0.001163, -0.0, -0.001149, 0.527355, 0.849644, 0.37472, 0.004057, -0.849635, 0.527356, -0.0, 0.0, 0.0, 0.0, 1.0],
                [0.999991, 0.004053, -0.001163, -0.0, -0.001149, 0.527355, 0.849644, 0.37472, 0.004057, -0.849635, 0.527356, -0.0, 0.0, 0.0, 0.0, 1.0]
            ]
        },
        {
            "name": "Knee_L",
            "time": [0.0, 0.1167, 0.2, 0.3, 0.6167],
            "transform": [
                [1.0, 0.0, -0.0, -0.0, -0.0, 1e-06, -1.0, 0.37472, -0.0, 1.0, 1e-06, 0.0, 0.0, 0.0, 0.0, 1.0],
                [1.0, 0.0, -0.0, 0.0, -0.0, 1e-06, -1.0, 0.37472, -0.0, 1.0, 1e-06, 0.0, 0.0, 0.0, 0.0, 1.0],
                [1.0, 0.0, -0.0, 0.0, -0.0, 1e-06, -1.0, 0.419505, -0.0, 1.0, 1e-06, -0.0, 0.0, 0.0, 0.0, 1.0],
                [1.0, 0.0, -0.0, 0.0, -0.0, 1e-06, -1.0, 0.423983, -0.0, 1.0, 1e-06, -0.0, 0.0, 0.0, 0.0, 1.0],
                [1.0, 0.0, -0.0, 0.0, -0.0, 1e-06, -1.0, 0.423983, -0.0, 1.0, 1e-06, -0.0, 0.0, 0.0, 0.0, 1.0]
            ]
        },
        {
            "name": "Torso",
            "time": [0.0, 0.1167, 0.2, 0.3, 0.6167],
            "transform": [
                [0.999904, -0.013857, -0.000155, 0.0, 0.013857, 0.999655, 0.022315, 0.05, -0.000155, -0.022315, 0.999751, 0.0, 0.0, 0.0, 0.0, 1.0],
                [0.999904, -0.013857, -0.000155, -0.0, 0.013857, 0.999655, 0.022315, 0.05, -0.000155, -0.022315, 0.999751, -0.0, 0.0, 0.0, 0.0, 1.0],
                [0.999999, -0.00126, -1e-06, 0.0, 0.00126, 0.999997, 0.002029, 0.05, -1e-06, -0.002029, 0.999998, 0.0, 0.0, 0.0, 0.0, 1.0],
                [1.0, 0.0, 0.0, 0.0, 0.0, 1.0, 0.0, 0.05, 0.0, 0.0, 1.0, 0.0, 0.0, 0.0, 0.0, 1.0],
                [1.0, 0.0, 0.0, 0.0, 0.0, 1.0, 0.0, 0.05, 0.0, 0.0, 1.0, 0.0, 0.0, 0.0, 0.0, 1.0]
            ]
        },
        {
            "name": "Chest",
            "time": [0.0, 0.1167, 0.2, 0.3, 0.6167],
            "transform": [
                [0.99993, -0.011811, -0.000782, 0.0, 0.011664, 0.994418, -0.104868, 0.3, 0.002016, 0.104851, 0.994486, 0.0, 0.0, 0.0, 0.0, 1.0],
                [0.999947, -0.010264, -0.001018, -0.0, 0.010046, 0.991566, -0.129218, 0.3, 0.002336, 0.1292, 0.991616, -0.0, 0.0, 0.0, 0.0, 1.0],
                [1.0, -0.000919, -0.000191, 0.0, 0.000931, 0.996597, 0.082426, 0.3, 0.000115, -0.082426, 0.996597, -0.0, 0.0, 0.0, 0.0, 1.0],
                [1.0, 0.0, 0.0, 0.0, 0.0, 0.994629, 0.103503, 0.3, 0.0, -0.103504, 0.994629, -0.0, 0.0, 0.0, 0.0, 1.0],
                [1.0, 0.0, 0.0, 0.0, 0.0, 0.994629, 0.103503, 0.3, 0.0, -0.103504, 0.994629, -0.0, 0.0, 0.0, 0.0, 1.0]
            ]
        },
        {
            "name": "Head",
            "time": [0.0, 0.1167, 0.2, 0.3, 0.6167],
            "transform": [
                [0.998044, 0.003191, 0.062437, 0.0, -0.006767, 0.998343, 0.057141, 0.4, -0.062151, -0.057452, 0.996412, 0.0, 0.0, 0.0, 0.0, 1.0],
                [0.997938, -0.002425, 0.064139, 0.0, -0.006648, 0.990005, 0.140875, 0.4, -0.06384, -0.141011, 0.987948, 0.0, 0.0, 0.0, 0.0, 1.0],
                [0.999989, 0.0009, 0.004642, 0.0, 0.001023, 0.917334, -0.398116, 0.4, -0.004616, 0.398116, 0.917323, 0.0, 0.0, 0.0, 0.0, 1.0],
                [0.999999, -0.000558, -0.00114, 0.0, -1.1e-05, 0.894336, -0.447396, 0.4, 0.001269, 0.447395, 0.894335, -0.0, 0.0, 0.0, 0.0, 1.0],
                [0.999999, -0.000558, -0.00114, 0.0, -1.1e-05, 0.894336, -0.447396, 0.4, 0.001269, 0.447395, 0.894335, -0.0, 0.0, 0.0, 0.0, 1.0]
            ]
        },
        {
            "name": "Shoulder_R",
            "time": [0.0, 0.1167, 0.2, 0.3, 0.6167],
            "transform": [
                [0.07248, 0.993279, -0.090236, 0.0, -0.012721, 0.091388, 0.995734, 0.4, 0.997288, -0.071023, 0.01926, 0.0, 0.0, 0.0, 0.0, 1.0],
                [0.087128, 0.981758, -0.168993, 0.0, -0.011727, 0.170637, 0.985264, 0.4, 0.996128, -0.083863, 0.02638, 0.0, 0.0, 0.0, 0.0, 1.0],
                [0.052123, 0.914179, 0.401944, 0.0, -0.005639, -0.402215, 0.915528, 0.4, 0.998624, -0.049986, -0.015809, 0.0, 0.0, 0.0, 0.0, 1.0],
                [0.04899, 0.889668, 0.453972, 0.0, -0.003953, -0.454342, 0.890819, 0.4, 0.998791, -0.045436, -0.018742, -0.0, 0.0, 0.0, 0.0, 1.0],
                [0.04899, 0.889668, 0.453972, 0.0, -0.003953, -0.454342, 0.890819, 0.4, 0.998791, -0.045436, -0.018742, -0.0, 0.0, 0.0, 0.0, 1.0]
            ]
        },
        {
            "name": "Arm_R",
            "time": [0.0, 0.1167, 0.2, 0.3, 0.6167],
            "transform": [
                [-0.012618, -0.829591, 0.558229, 0.0, 0.995788, -0.061132, -0.068341, 0.39386, 0.090821, 0.555015, 0.826868, -0.0, 0.0, 0.0, 0.0, 1.0],
                [-0.065542, -0.553528, 0.830247, 0.0, 0.99407, -0.10858, 0.006084, 0.393861, 0.08678, 0.825722, 0.557361, -0.0, 0.0, 0.0, 0.0, 1.0],
                [-0.222242, -0.885426, -0.408202, 0.0, 0.925464, -0.059831, -0.374082, 0.393861, 0.306799, -0.460912, 0.832727, -0.0, 0.0, 0.0, 0.0, 1.0],
                [-0.247119, -0.824137, -0.509638, 0.0, 0.918098, -0.03094, -0.395144, 0.39386, 0.309884, -0.565545, 0.764284, 0.0, 0.0, 0.0, 0.0, 1.0],
                [-0.247119, -0.824137, -0.509638, 0.0, 0.918098, -0.03094, -0.395144, 0.39386, 0.309884, -0.565545, 0.764284, 0.0, 0.0, 0.0, 0.0, 1.0]
            ]
        },
        {
            "name": "Hand_R",
            "time": [0.0, 0.1167, 0.2, 0.3, 0.6167],
            "transform": [
                [1.0, -0.0, 0.0, -0.0, 0.0, 0.924981, -0.380014, 0.3, -0.0, 0.380014, 0.924981, -0.0, 0.0, 0.0, 0.0, 1.0],
                [1.0, -0.0, 0.0, 0.0, 0.0, 0.924981, -0.380014, 0.3, -0.0, 0.380014, 0.924981, 0.0, 0.0, 0.0, 0.0, 1.0],
                [1.0, 0.0, 0.0, 0.0, -0.0, 0.997769, 0.066763, 0.3, -0.0, -0.066763, 0.997769, 0.0, 0.0, 0.0, 0.0, 1.0],
                [1.0, -0.0, 0.0, 0.0, -0.0, 0.993938, 0.109947, 0.3, -0.0, -0.109947, 0.993938, -0.0, 0.0, 0.0, 0.0, 1.0],
                [1.0, -0.0, 0.0, 0.0, -0.0, 0.993938, 0.109947, 0.3, -0.0, -0.109947, 0.993938, -0.0, 0.0, 0.0, 0.0, 1.0]
            ]
        },
        {
            "name": "Tool_R",
            "time": [0.0, 0.1167, 0.2, 0.3, 0.6167],
            "transform": [
                [1.000013, 0.0, 0.0, 0.0, -0.0, -0.999836, 0.018122, 0.272858, 0.0, -0.018122, -0.999232, 0.0, 0.0, 0.0, 0.0, 1.0],
                [1.000013, 0.0, 0.0, -0.0, 0.0, -0.999836, 0.018122, 0.272858, 0.0, -0.018122, -0.999232, 0.0, 0.0, 0.0, 0.0, 1.0],
                [1.000013, -0.0, 0.0, 0.0, 0.0, -0.528491, -0.848928, 0.272858, 0.0, 0.848431, -0.528181, 0.0, 0.0, 0.0, 0.0, 1.0],
                [1.000013, -0.0, 0.0, -0.0, 0.0, -0.442239, -0.896887, 0.272858, 0.0, 0.896362, -0.441981, 0.0, 0.0, 0.0, 0.0, 1.0],
                [1.000013, -0.0, 0.0, -0.0, 0.0, -0.442239, -0.896887, 0.272858, 0.0, 0.896362, -0.441981, 0.0, 0.0, 0.0, 0.0, 1.0]
            ]
        },
        {
            "name": "Elbow_R",
            "time": [0.0, 0.6167],
            "transform": [
                [-1.0, 0.0, -0.0, -0.0, 0.0, -0.0, -1.0, 0.3, -0.0, -1.0, 0.0, -0.0, 0.0, 0.0, 0.0, 1.0],
                [-1.0, 0.0, 0.0, 0.0, 0.0, -0.0, -1.0, 0.3, -0.0, -1.0, 0.0, -0.0, 0.0, 0.0, 0.0, 1.0]
            ]
        },
        {
            "name": "Shoulder_L",
            "time": [0.0, 0.1167, 0.2, 0.3, 0.6167],
            "transform": [
                [0.279714, -0.935238, -0.217001, 0.0, 0.016883, -0.221197, 0.975083, 0.4, -0.959935, -0.276408, -0.046082, 0.0, 0.0, 0.0, 0.0, 1.0],
                [0.355848, -0.913671, -0.196412, 0.0, 0.015574, -0.204342, 0.978776, 0.4, -0.934414, -0.351355, -0.058485, 0.0, 0.0, 0.0, 0.0, 1.0],
                [-0.22126, -0.927378, -0.301685, 0.0, 0.00465, -0.310352, 0.95061, 0.4, -0.975204, 0.208929, 0.072981, 0.0, 0.0, 0.0, 0.0, 1.0],
                [-0.277105, -0.910362, -0.307333, 0.0, 0.000143, -0.319897, 0.947452, 0.4, -0.960839, 0.2625, 0.088775, -0.0, 0.0, 0.0, 0.0, 1.0],
                [-0.277105, -0.910362, -0.307333, 0.0, 0.000143, -0.319897, 0.947452, 0.4, -0.960839, 0.2625, 0.088775, -0.0, 0.0, 0.0, 0.0, 1.0]
            ]
        },
        {
            "name": "Arm_L",
            "time": [0.0, 0.1167, 0.2, 0.3, 0.6167],
            "transform": [
                [-0.412017, 0.735109, 0.538383, -0.0, -0.067718, 0.564528, -0.822631, 0.39386, -0.908656, -0.375396, -0.182815, 0.0, 0.0, 0.0, 0.0, 1.0],
                [-0.297831, 0.889693, 0.346039, 0.0, 0.119602, 0.39441, -0.911118, 0.39386, -0.947097, -0.229973, -0.223877, 0.0, 0.0, 0.0, 0.0, 1.0],
                [-0.466923, -0.884282, -0.005283, -0.0, -0.786239, 0.412405, 0.460164, 0.39386, -0.404736, 0.219014, -0.887818, -0.0, 0.0, 0.0, 0.0, 1.0],
                [-0.380392, -0.913292, -0.1456, 0.0, -0.833251, 0.270148, 0.482404, 0.39386, -0.401242, 0.304824, -0.863763, 0.0, 0.0, 0.0, 0.0, 1.0],
                [-0.380392, -0.913292, -0.1456, 0.0, -0.833251, 0.270148, 0.482404, 0.39386, -0.401242, 0.304824, -0.863763, 0.0, 0.0, 0.0, 0.0, 1.0]
            ]
        },
        {
            "name": "Hand_L",
            "time": [0.0, 0.6167],
            "transform": [
                [1.0, 0.0, 0.0, 0.0, -0.0, 0.924981, -0.380014, 0.3, -0.0, 0.380014, 0.924981, -0.0, 0.0, 0.0, 0.0, 1.0],
                [1.0, 0.0, 0.0, 0.0, -0.0, 0.924981, -0.380014, 0.3, -0.0, 0.380014, 0.924981, -0.0, 0.0, 0.0, 0.0, 1.0]
            ]
        },
        {
            "name": "Tool_L",
            "time": [0.0, 0.6167],
            "transform": [
                [1.0, 0.0, 0.0, 0.0, 0.0, -0.999836, 0.018122, 0.272858, 0.0, -0.018122, -0.999248, 0.0, 0.0, 0.0, 0.0, 1.0],
                [1.0, 0.0, 0.0, -0.0, 0.0, -0.999836, 0.018122, 0.272858, 0.0, -0.018122, -0.999248, -0.0, 0.0, 0.0, 0.0, 1.0]
            ]
        },
        {
            "name": "Elbow_L",
            "time": [0.0, 0.6167],
            "transform": [
                [-1.0, 0.0, -0.0, -0.000172, 0.0, -0.0, -1.0, 0.349804, -0.0, -1.0, -0.0, -0.003053, 0.0, 0.0, 0.0, 1.0],
                [-1.0, 0.0, -0.0, -0.000172, 0.0, -0.0, -1.0, 0.349804, -0.0, -1.0, -0.0, -0.003054, 0.0, 0.0, 0.0, 1.0]
            ]
        }
    ]
}