{
    "animation": [
        {
            "name": "Root",
            "time": [0.0, 0.3, 0.3667, 0.75],
            "transform": [
                [1.0, 0.0, 0.0, -5e-06, 0.0, 0.26598, -0.963978, 6e-05, 0.0, 0.963978, 0.26598, 0.539844, 0.0, 0.0, 0.0, 1.0],
                [1.0, 0.0, 0.0, -5e-06, 0.0, 0.420625, -0.907235, 0.538357, 0.0, 0.907235, 0.420625, 0.564375, 0.0, 0.0, 0.0, 1.0],
                [1.0, 0.0, 0.0, -5e-06, 0.0, 0.543946, -0.83912, 0.998733, 0.0, 0.83912, 0.543946, 0.544072, 0.0, 0.0, 0.0, 1.0],
                [1.0, 0.0, 0.0, -5e-06, 0.0, 0.543946, -0.83912, 1.032111, 0.0, 0.83912, 0.543946, 0.544072, 0.0, 0.0, 0.0, 1.0]
            ]
        },
        {
            "name": "Thigh_R",
            "time": [0.0, 0.3, 0.3667, 0.75],
            "transform": [
                [0.701339, 0.560424, 0.440508, 0.141047, 0.194409, -0.744923, 0.638194, -0.000433, 0.685805, -0.36195, -0.631398, 0.047427, 0.0, 0.0, 0.0, 1.0],
                [0.987189, 0.152948, -0.045422, 0.141047, 0.101545, -0.382699, 0.918275, -0.000433, 0.123066, -0.911122, -0.393331, 0.047427, 0.0, 0.0, 0.0, 1.0],
                [0.999984, 0.00313, -0.004703, 0.141047, 0.004495, 0.064044, 0.997937, -0.000433, 0.003425, -0.99794, 0.064027, 0.047427, 0.0, 0.0, 0.0, 1.0],
                [0.99997, 0.001385, -0.007548, 0.141047, 0.007448, 0.062773, 0.998, -0.000433, 0.001856, -0.998025, 0.062759, 0.047427, 0.0, 0.0, 0.0, 1.0]
            ]
        },
        {
            "name": "Leg_R",
            "time": [0.0, 0.3, 0.3667, 0.75],
            "transform": [
                [1.0, -1e-06, 0.0, -0.0, -0.0, 0.237497, 0.971388, 0.37472, -1e-06, -0.971389, 0.237495, -0.0, 0.0, 0.0, 0.0, 1.0],
                [1.0, -1e-06, 0.0, 0.0, -0.0, -0.43625, 0.899826, 0.37472, -1e-06, -0.899827, -0.436248, 0.0, 0.0, 0.0, 0.0, 1.0],
                [1.0, -0.0, 0.0, 0.0, -0.0, 0.516578, 0.85624, 0.37472, -1e-06, -0.856243, 0.516573, 0.0, 0.0, 0.0, 0.0, 1.0],
                [1.0, -0.0, 0.0, 0.0, -0.0, 0.440075, 0.89796, 0.37472, -1e-06, -0.897964, 0.440071, 0.0, 0.0, 0.0, 0.0, 1.0]
            ]
        },
        {
            "name": "Knee_R",
            "time": [0.0, 0.3667, 0.75],
            "transform": [
                [1.0, 0.0, -0.0, -0.0, -0.0, 1e-06, -1.0, 0.458189, -0.0, 1.0, 1e-06, -0.0, 0.0, 0.0, 0.0, 1.0],
                [1.0, 0.0, -0.0, 0.0, -0.0, 1e-06, -1.0, 0.430977, -0.0, 1.0, 1e-06, 0.0, 0.0, 0.0, 0.0, 1.0],
                [1.0, 0.0, -0.0, 0.0, -0.0, 1e-06, -1.0, 0.438804, -0.0, 1.0, 1e-06, -0.0, 0.0, 0.0, 0.0, 1.0]
            ]
        },
        {
            "name": "Thigh_L",
            "time": [0.0, 0.3667, 0.75],
            "transform": [
                [0.999726, 0.011966, 0.020107, -0.150788, -0.017899, -0.162286, 0.986581, -0.0045, 0.015068, -0.98667, -0.16203, 0.029466, 0.0, 0.0, 0.0, 1.0],
                [0.980615, -0.049123, -0.189684, -0.125006, -0.034399, -0.996188, 0.080145, -0.002831, -0.192898, -0.072064, -0.978569, -1.2e-05, 0.0, 0.0, 0.0, 1.0],
                [0.9809, -0.008664, -0.194318, -0.125006, -0.040364, -0.986324, -0.15979, -0.002831, -0.190276, 0.164583, -0.967836, -1.2e-05, 0.0, 0.0, 0.0, 1.0]
            ]
        },
        {
            "name": "Leg_L",
            "time": [0.0, 0.3667, 0.75],
            "transform": [
                [1.0, -0.0, 0.0, -0.0, -0.0, 0.42697, 0.904266, 0.37472, -1e-06, -0.904267, 0.426967, 0.0, 0.0, 0.0, 0.0, 1.0],
                [1.0, 0.0, 1e-06, -0.0, 0.0, 0.874398, 0.485213, 0.37472, -1e-06, -0.48521, 0.874397, 0.0, 0.0, 0.0, 0.0, 1.0],
                [1.0, 1e-06, 1e-06, 0.0, 0.0, 0.996067, 0.088606, 0.37472, -1e-06, -0.088604, 0.996067, -0.0, 0.0, 0.0, 0.0, 1.0]
            ]
        },
        {
            "name": "Knee_L",
            "time": [0.0, 0.75],
            "transform": [
                [1.0, 0.0, -0.0, 0.0, -0.0, 1e-06, -1.0, 0.44011, -0.0, 1.0, 1e-06, -0.0, 0.0, 0.0, 0.0, 1.0],
                [1.0, 0.0, -0.0, 0.0, -0.0, 1e-06, -1.0, 0.37472, -0.0, 1.0, 1e-06, -0.0, 0.0, 0.0, 0.0, 1.0]
            ]
        },
        {
            "name": "Torso",
            "time": [0.0, 0.75],
            "transform": [
                [1.0, 0.0, 0.0, 0.0, 0.0, 1.0, 0.0, 0.05, 0.0, 0.0, 1.0, 0.0, 0.0, 0.0, 0.0, 1.0],
                [1.0, 0.0, 0.0, 0.0, 0.0, 1.0, 0.0, 0.05, 0.0, 0.0, 1.0, 0.0, 0.0, 0.0, 0.0, 1.0]
            ]
        },
        {
            "name": "Chest",
            "time": [0.0, 0.3667, 0.75],
            "transform": [
                [0.999985, -0.005378, -0.000551, 0.0, 0.005234, 0.937485, 0.347986, 0.3, -0.001355, -0.347984, 0.9375, -0.0, 0.0, 0.0, 0.0, 1.0],
                [0.999985, -0.005378, -0.000551, 0.0, 0.005234, 0.937485, 0.347986, 0.3, -0.001355, -0.347984, 0.9375, 0.0, 0.0, 0.0, 0.0, 1.0],
                [0.999985, -0.005378, -0.000551, 0.0, 0.005234, 0.937485, 0.347986, 0.3, -0.001355, -0.347984, 0.9375, 0.0, 0.0, 0.0, 0.0, 1.0]
            ]
        },
        {
            "name": "Head",
            "time": [0.0, 0.3667, 0.75],
            "transform": [
                [0.999998, -0.000199, -0.002103, -0.0, -0.000622, 0.923651, -0.383233, 0.4, 0.002019, 0.383234, 0.923649, -0.0, 0.0, 0.0, 0.0, 1.0],
                [0.999935, 0.004815, -0.010328, 0.0, -0.010027, 0.802359, -0.596757, 0.4, 0.005413, 0.596822, 0.802355, -0.0, 0.0, 0.0, 0.0, 1.0],
                [0.999935, 0.004815, -0.010328, 0.0, -0.010027, 0.802359, -0.596757, 0.4, 0.005413, 0.596822, 0.802355, -0.0, 0.0, 0.0, 0.0, 1.0]
            ]
        },
        {
            "name": "Shoulder_R",
            "time": [0.0, 0.05, 0.2167, 0.3, 0.3667, 0.75],
            "transform": [
                [0.245974, 0.960457, -0.130456, -0.0, 0.080199, 0.113963, 0.990243, 0.4, 0.965953, -0.254036, -0.048996, -0.0, 0.0, 0.0, 0.0, 1.0],
                [0.407877, 0.878311, -0.249412, -0.0, 0.118456, 0.219954, 0.968291, 0.4, 0.90532, -0.424488, -0.014327, 0.0, 0.0, 0.0, 0.0, 1.0],
                [0.510525, 0.794889, -0.327894, 0.0, 0.156739, 0.288916, 0.944436, 0.4, 0.845456, -0.533552, 0.022909, -0.0, 0.0, 0.0, 0.0, 1.0],
                [0.509415, 0.795579, -0.327948, 0.0, -0.051075, 0.408386, 0.911379, 0.4, 0.859004, -0.44752, 0.248672, 0.0, 0.0, 0.0, 0.0, 1.0],
                [-0.408344, 0.732169, 0.545144, 0.0, 0.066979, -0.571561, 0.817821, 0.4, 0.910367, 0.370466, 0.184354, -0.0, 0.0, 0.0, 0.0, 1.0],
                [-0.408344, 0.732169, 0.545144, 0.0, 0.066979, -0.571561, 0.817821, 0.4, 0.910367, 0.370466, 0.184354, -0.0, 0.0, 0.0, 0.0, 1.0]
            ]
        },
        {
            "name": "Arm_R",
            "time": [0.0, 0.05, 0.2167, 0.3, 0.3667, 0.75],
            "transform": [
                [0.503033, -0.830903, -0.237818, 0.0, 0.123188, 0.34129, -0.931851, 0.39386, 0.855443, 0.439456, 0.274038, 0.0, 0.0, 0.0, 0.0, 1.0],
                [0.612015, -0.787159, 0.076273, -0.0, 0.133525, 0.007789, -0.991015, 0.393861, 0.779492, 0.616701, 0.109873, -0.0, 0.0, 0.0, 0.0, 1.0],
                [0.705783, -0.672345, 0.22321, -0.0, 0.113508, -0.203682, -0.972435, 0.393861, 0.699276, 0.711664, -0.067439, 0.0, 0.0, 0.0, 0.0, 1.0],
                [0.664307, -0.732051, -0.150988, -0.0, -0.103037, 0.110387, -0.988533, 0.393861, 0.740324, 0.672247, -0.002098, -0.0, 0.0, 0.0, 0.0, 1.0],
                [0.863016, -0.067772, -0.50061, 0.0, 0.162534, 0.97552, 0.148132, 0.393861, 0.478316, -0.209206, 0.852905, 0.0, 0.0, 0.0, 0.0, 1.0],
                [0.86932, -0.035781, -0.492953, 0.0, 0.152662, 0.968045, 0.198954, 0.393861, 0.470082, -0.24821, 0.847004, 0.0, 0.0, 0.0, 0.0, 1.0]
            ]
        },
        {
            "name": "Hand_R",
            "time": [0.0, 0.05, 0.2167, 0.3, 0.75],
            "transform": [
                [1.0, 0.0, 0.0, -0.0, -0.0, 0.904533, -0.426404, 0.3, -0.0, 0.426404, 0.904533, 0.0, 0.0, 0.0, 0.0, 1.0],
                [1.0, 0.0, 0.0, -0.0, -0.0, 0.862791, -0.505561, 0.3, -0.0, 0.50556, 0.862791, -0.0, 0.0, 0.0, 0.0, 1.0],
                [1.0, 0.0, 0.0, 0.0, -0.0, 0.829135, -0.559048, 0.3, -0.0, 0.559048, 0.829135, -0.0, 0.0, 0.0, 0.0, 1.0],
                [1.0, 0.0, 0.0, 0.0, -0.0, 0.993937, 0.109947, 0.3, -0.0, -0.109947, 0.993937, -0.0, 0.0, 0.0, 0.0, 1.0],
                [1.0, 0.0, 0.0, 0.0, -0.0, 0.993938, 0.109947, 0.3, -0.0, -0.109947, 0.993937, 0.0, 0.0, 0.0, 0.0, 1.0]
            ]
        },
        {
            "name": "Tool_R",
            "time": [0.0, 0.05, 0.2167, 0.3, 0.35, 0.75],
            "transform": [
                [1.0, 0.00049, -0.000596, -0.0, 5.4e-05, -0.814639, -0.579969, 0.272858, -0.000769, 0.579616, -0.814163, 0.0, 0.0, 0.0, 0.0, 1.0],
                [1.0, 0.00049, -0.000596, -0.0, 5.4e-05, -0.814639, -0.579969, 0.272858, -0.000769, 0.579616, -0.814163, 0.0, 0.0, 0.0, 0.0, 1.0],
                [1.0, 0.00049, -0.000596, -0.0, 5.4e-05, -0.814639, -0.579969, 0.272858, -0.000769, 0.579617, -0.814163, 0.0, 0.0, 0.0, 0.0, 1.0],
                [0.999838, -0.013728, -0.011696, 0.0, -0.014764, -0.25066, -0.967963, 0.272858, 0.01035, 0.967402, -0.250684, 1e-06, 0.0, 0.0, 0.0, 1.0],
                [1.0, 0.00049, -0.000596, 0.0, 5.4e-05, -0.814639, -0.579969, 0.272858, -0.000769, 0.579616, -0.814163, 1e-06, 0.0, 0.0, 0.0, 1.0],
                [1.0, 0.00049, -0.000596, 0.0, 5.4e-05, -0.814639, -0.579969, 0.272858, -0.00077, 0.579617, -0.814163, 1e-06, 0.0, 0.0, 0.0, 1.0]
            ]
        },
        {
            "name": "Elbow_R",
            "time": [0.0, 0.2167, 0.75],
            "transform": [
                [-1.0, -0.0, -0.0, 0.0, 0.0, -0.0, -1.0, 0.351605, 0.0, -1.0, 0.0, 0.0, 0.0, 0.0, 0.0, 1.0],
                [-1.0, -0.0, -0.0, 0.0, 0.0, 0.0, -1.0, 0.365917, 0.0, -1.0, 0.0, -0.0, 0.0, 0.0, 0.0, 1.0],
                [-1.0, -0.0, -0.0, -0.0, 0.0, 0.0, -1.0, 0.3, 0.0, -1.0, 0.0, 0.0, 0.0, 0.0, 0.0, 1.0]
            ]
        },
        {
            "name": "Shoulder_L",
            "time": [0.0, 0.2167, 0.3, 0.3667, 0.75],
            "transform": [
                [0.601309, -0.777959, 0.182228, -0.0, -0.141155, 0.12105, 0.982559, 0.4, -0.786449, -0.616544, -0.037025, -0.0, 0.0, 0.0, 0.0, 1.0],
                [0.613299, -0.771715, 0.168285, 0.0, -0.116297, 0.122509, 0.98563, 0.4, -0.781242, -0.624057, -0.014614, -0.0, 0.0, 0.0, 0.0, 1.0],
                [0.614323, -0.770901, 0.168279, 0.0, 0.074584, 0.269043, 0.960236, 0.4, -0.785521, -0.577345, 0.222776, 0.0, 0.0, 0.0, 0.0, 1.0],
                [-0.431692, -0.711339, -0.554652, 0.0, -0.066898, -0.587958, 0.806121, 0.4, -0.899537, 0.385101, 0.20623, -0.0, 0.0, 0.0, 0.0, 1.0],
                [-0.431692, -0.711339, -0.554652, 0.0, -0.066898, -0.587958, 0.806121, 0.4, -0.899537, 0.385101, 0.20623, -0.0, 0.0, 0.0, 0.0, 1.0]
            ]
        },
        {
            "name": "Arm_L",
            "time": [0.0, 0.2167, 0.3, 0.3667, 0.75],
            "transform": [
                [0.45763, 0.882038, -0.112176, 0.0, 0.029253, -0.14103, -0.989573, 0.39386, -0.888661, 0.449577, -0.090342, 0.0, 0.0, 0.0, 0.0, 1.0],
                [0.431229, 0.896473, 0.101869, -0.0, 0.285055, -0.028248, -0.958095, 0.39386, -0.856029, 0.442196, -0.267726, -0.0, 0.0, 0.0, 0.0, 1.0],
                [0.469045, 0.848528, 0.244943, 0.0, 0.29492, 0.11094, -0.94906, 0.39386, -0.832478, 0.51739, -0.198212, 0.0, 0.0, 0.0, 0.0, 1.0],
                [0.866892, 0.111299, 0.485912, 0.0, -0.166973, 0.98328, 0.072666, 0.39386, -0.4697, -0.144128, 0.870982, 0.0, 0.0, 0.0, 0.0, 1.0],
                [0.873446, 0.07853, 0.480546, 0.0, -0.15618, 0.979948, 0.123733, 0.39386, -0.461194, -0.183125, 0.868197, 0.0, 0.0, 0.0, 0.0, 1.0]
            ]
        },
        {
            "name": "Hand_L",
            "time": [0.0, 0.2167, 0.3, 0.75],
            "transform": [
                [1.0, 0.0, 0.0, -0.0, -0.0, 0.946492, -0.322726, 0.3, -0.0, 0.322726, 0.946493, 0.0, 0.0, 0.0, 0.0, 1.0],
                [1.0, 0.0, 0.0, -0.0, -0.0, 0.931129, -0.364691, 0.3, -0.0, 0.364691, 0.931129, 0.0, 0.0, 0.0, 0.0, 1.0],
                [1.0, 0.0, 0.0, 0.0, -0.0, 0.993937, 0.109947, 0.3, -0.0, -0.109947, 0.993938, 0.0, 0.0, 0.0, 0.0, 1.0],
                [1.0, 0.0, 0.0, 0.0, -0.0, 0.993938, 0.109947, 0.3, -0.0, -0.109947, 0.993938, 0.0, 0.0, 0.0, 0.0, 1.0]
            ]
        },
        {
            "name": "Tool_L",
            "time": [0.0, 0.2167, 0.3, 0.35, 0.75],
            "transform": [
                [0.982546, -0.141396, 0.120875, 1e-06, -0.04507, -0.811382, -0.582775, 0.272858, 0.180371, 0.566813, -0.803127, -1e-06, 0.0, 0.0, 0.0, 1.0],
                [0.999861, 0.007689, 0.014822, 0.0, 0.014565, -0.835667, -0.549044, 0.272858, 0.008161, 0.548851, -0.835177, -1e-06, 0.0, 0.0, 0.0, 1.0],
                [0.997299, -0.04467, 0.058309, 1e-06, 0.042748, -0.292569, -0.955288, 0.272858, 0.059697, 0.954635, -0.289709, -1e-06, 0.0, 0.0, 0.0, 1.0],
                [0.999861, 0.007689, 0.014823, 0.0, 0.014565, -0.835667, -0.549044, 0.272858, 0.008161, 0.548851, -0.835177, -0.0, 0.0, 0.0, 0.0, 1.0],
                [0.99986, 0.007689, 0.014823, 1e-06, 0.014565, -0.835667, -0.549044, 0.272858, 0.008161, 0.548851, -0.835177, -0.0, 0.0, 0.0, 0.0, 1.0]
            ]
        },
        {
            "name": "Elbow_L",
            "time": [0.0, 0.2167, 0.75],
            "transform": [
                [-1.0, 0.0, -0.0, 0.0, 0.0, -0.0, -1.0, 0.341118, -0.0, -1.0, -0.0, -0.0, 0.0, 0.0, 0.0, 1.0],
                [-1.0, 0.0, -0.0, -0.0, -0.0, -0.0, -1.0, 0.345306, -0.0, -1.0, -0.0, 0.0, 0.0, 0.0, 0.0, 1.0],
                [-1.0, 0.0, -0.0, -0.0, 0.0, -0.0, -1.0, 0.3, -0.0, -1.0, 0.0, 0.0, 0.0, 0.0, 0.0, 1.0]
            ]
        }
    ]
}