{
    "animation": [
        {
            "name": "Root",
            "time": [0.0, 0.0833, 0.2, 0.3, 0.45, 0.5667],
            "transform": [
                [1.0, 0.0, 0.0, -2.6e-05, 0.0, 0.0, -1.0, 0.000988, 0.0, 1.0, 0.0, 0.536753, 0.0, 0.0, 0.0, 1.0],
                [1.0, 0.0, 0.0, -2.6e-05, 0.0, 0.043057, -0.999073, 0.035408, 0.0, 0.999073, 0.043057, 0.536761, 0.0, 0.0, 0.0, 1.0],
                [1.0, 0.0, 0.0, -2.6e-05, 0.0, 0.154997, -0.987915, 0.125248, 0.0, 0.987915, 0.154997, 0.53687, 0.0, 0.0, 0.0, 1.0],
                [1.0, 0.0, 0.0, -2.6e-05, 0.0, 0.195013, -0.980801, 0.157738, 0.0, 0.980801, 0.195013, 0.536941, 0.0, 0.0, 0.0, 1.0],
                [1.0, 0.0, 0.0, -2.6e-05, 0.0, 0.115151, -0.993348, 0.093141, 0.0, 0.993348, 0.115151, 0.536816, 0.0, 0.0, 0.0, 1.0],
                [1.0, 0.0, 0.0, -2.6e-05, 0.0, 0.0, -1.0, 0.000988, 0.0, 1.0, 0.0, 0.536753, 0.0, 0.0, 0.0, 1.0]
            ]
        },
        {
            "name": "Thigh_R",
            "time": [0.0, 0.5667],
            "transform": [
                [0.691179, 0.651969, 0.311781, 0.124994, 0.205947, -0.591227, 0.779766, -0.002831, 0.692717, -0.474747, -0.542916, -1.2e-05, 0.0, 0.0, 0.0, 1.0],
                [0.691179, 0.651969, 0.311781, 0.124994, 0.205947, -0.591227, 0.779766, -0.002831, 0.692717, -0.474747, -0.542916, -1.2e-05, 0.0, 0.0, 0.0, 1.0]
            ]
        },
        {
            "name": "Leg_R",
            "time": [0.0, 0.5667],
            "transform": [
                [0.999916, -0.003547, -0.012429, -0.0, 0.012631, 0.472181, 0.881411, 0.37472, 0.002742, -0.881496, 0.472185, 0.0, 0.0, 0.0, 0.0, 1.0],
                [0.999916, -0.003547, -0.012429, -0.0, 0.012631, 0.472181, 0.881411, 0.37472, 0.002742, -0.881496, 0.472185, 0.0, 0.0, 0.0, 0.0, 1.0]
            ]
        },
        {
            "name": "Knee_R",
            "time": [0.0, 0.5667],
            "transform": [
                [1.0, 0.0, -0.0, 1.9e-05, -0.0, 1e-06, -1.0, 0.43188, -0.0, 1.0, 1e-06, -0.00289, 0.0, 0.0, 0.0, 1.0],
                [1.0, 0.0, -0.0, 1.9e-05, -0.0, 1e-06, -1.0, 0.43188, -0.0, 1.0, 1e-06, -0.00289, 0.0, 0.0, 0.0, 1.0]
            ]
        },
        {
            "name": "Thigh_L",
            "time": [0.0, 0.5667],
            "transform": [
                [0.661601, -0.695047, -0.281412, -0.125006, -0.211732, -0.533175, 0.819081, -0.002831, -0.719342, -0.482321, -0.499913, -1.2e-05, 0.0, 0.0, 0.0, 1.0],
                [0.661601, -0.695047, -0.281412, -0.125006, -0.211732, -0.533175, 0.819081, -0.002831, -0.719342, -0.482321, -0.499913, -1.2e-05, 0.0, 0.0, 0.0, 1.0]
            ]
        },
        {
            "name": "Leg_L",
            "time": [0.0, 0.5667],
            "transform": [
                [0.999998, 0.00078, 0.002059, -0.0, -0.002199, 0.401286, 0.915951, 0.37472, -0.000112, -0.915953, 0.401286, -0.0, 0.0, 0.0, 0.0, 1.0],
                [0.999998, 0.00078, 0.002059, -0.0, -0.002199, 0.401286, 0.915951, 0.37472, -0.000112, -0.915953, 0.401286, -0.0, 0.0, 0.0, 0.0, 1.0]
            ]
        },
        {
            "name": "Knee_L",
            "time": [0.0, 0.5667],
            "transform": [
                [1.0, 0.0, -0.0, 0.000193, -0.0, 1e-06, -1.0, 0.436899, -0.0, 1.0, 1e-06, -0.001642, 0.0, 0.0, 0.0, 1.0],
                [1.0, 0.0, -0.0, 0.000193, -0.0, 1e-06, -1.0, 0.436899, -0.0, 1.0, 1e-06, -0.001642, 0.0, 0.0, 0.0, 1.0]
            ]
        },
        {
            "name": "Torso",
            "time": [0.0, 0.0833, 0.2, 0.3, 0.45, 0.5667],
            "transform": [
                [1.0, 0.0, 0.0, 0.0, 0.0, 0.999733, 0.023127, 0.05, 0.0, -0.023127, 0.999733, 0.0, 0.0, 0.0, 0.0, 1.0],
                [1.0, 0.0, 0.0, 0.0, 0.0, 0.999733, 0.023127, 0.05, 0.0, -0.023127, 0.999733, -0.0, 0.0, 0.0, 0.0, 1.0],
                [0.999905, -0.006096, 0.012394, 0.0, 0.003064, 0.972876, 0.231307, 0.05, -0.013468, -0.231247, 0.972802, -0.0, 0.0, 0.0, 0.0, 1.0],
                [0.999849, -0.008104, 0.015395, 0.0, 0.003393, 0.95872, 0.28433, 0.05, -0.017064, -0.284235, 0.958603, -0.0, 0.0, 0.0, 0.0, 1.0],
                [0.995278, 0.04045, -0.08824, 0.0, -0.024109, 0.983563, 0.178948, 0.05, 0.094028, -0.175976, 0.979894, -0.0, 0.0, 0.0, 0.0, 1.0],
                [1.0, 0.0, 0.0, 0.0, 0.0, 0.999733, 0.023127, 0.05, 0.0, -0.023127, 0.999733, 0.0, 0.0, 0.0, 0.0, 1.0]
            ]
        },
        {
            "name": "Chest",
            "time": [0.0, 0.0833, 0.2, 0.3, 0.45, 0.5667],
            "transform": [
                [0.995183, -0.098023, 0.001701, 0.0, 0.097512, 0.987905, -0.120561, 0.3, 0.010138, 0.120146, 0.992704, 0.0, 0.0, 0.0, 0.0, 1.0],
                [0.992529, -0.121873, 0.005839, 0.0, 0.120917, 0.976091, -0.180627, 0.3, 0.016314, 0.179983, 0.983534, 0.0, 0.0, 0.0, 0.0, 1.0],
                [0.979522, 0.131088, 0.152817, 0.0, -0.193991, 0.817651, 0.542047, 0.3, -0.053896, -0.560592, 0.826336, -0.0, 0.0, 0.0, 0.0, 1.0],
                [0.961502, 0.170124, 0.215804, -0.0, -0.273001, 0.681006, 0.679486, 0.3, -0.031367, -0.712242, 0.701233, -0.0, 0.0, 0.0, 0.0, 1.0],
                [0.997974, 0.044423, -0.04554, 0.0, -0.016516, 0.872199, 0.488872, 0.3, 0.061437, -0.487129, 0.871166, 0.0, 0.0, 0.0, 0.0, 1.0],
                [1.0, -0.0, -0.0, 0.0, 0.0, 0.992027, 0.126027, 0.3, 0.0, -0.126027, 0.992027, 0.0, 0.0, 0.0, 0.0, 1.0]
            ]
        },
        {
            "name": "Head",
            "time": [0.0, 0.0833, 0.2, 0.3, 0.45, 0.5667],
            "transform": [
                [0.999952, -0.000304, 0.009791, -0.0, -0.000523, 0.996433, 0.084388, 0.4, -0.009782, -0.084389, 0.996385, -0.0, 0.0, 0.0, 0.0, 1.0],
                [0.999926, -0.000587, 0.01217, 0.0, -0.001185, 0.989407, 0.145161, 0.4, -0.012126, -0.145164, 0.989333, 0.0, 0.0, 0.0, 0.0, 1.0],
                [0.982976, -0.181901, -0.025899, 0.0, 0.129746, 0.787011, -0.603142, 0.4, 0.130094, 0.589514, 0.797213, 0.0, 0.0, 0.0, 0.0, 1.0],
                [0.973697, -0.227537, -0.011872, 0.0, 0.141531, 0.644842, -0.751098, 0.4, 0.178558, 0.729662, 0.660084, 0.0, 0.0, 0.0, 0.0, 1.0],
                [0.988027, -0.063704, 0.140517, -0.0, 0.128773, 0.842136, -0.523664, 0.4, -0.084975, 0.535489, 0.840257, 0.0, 0.0, 0.0, 0.0, 1.0],
                [1.0, -0.0, 0.0, -0.0, 0.0, 0.986426, -0.164204, 0.4, -0.0, 0.164204, 0.986426, 0.0, 0.0, 0.0, 0.0, 1.0]
            ]
        },
        {
            "name": "Shoulder_R",
            "time": [0.0, 0.0833, 0.2, 0.3, 0.45, 0.5667],
            "transform": [
                [0.015511, 0.951995, 0.30572, -0.0, -0.001765, -0.30573, 0.952117, 0.4, 0.999878, -0.015308, -0.003062, -0.0, 0.0, 0.0, 0.0, 1.0],
                [0.064705, 0.987395, 0.144441, 0.0, -0.002484, -0.144585, 0.989489, 0.4, 0.997901, -0.064384, -0.006902, 0.0, 0.0, 0.0, 0.0, 1.0],
                [0.178447, 0.950597, -0.254009, 0.0, 0.029188, 0.252925, 0.967045, 0.4, 0.983516, -0.17998, 0.017388, 0.0, 0.0, 0.0, 0.0, 1.0],
                [0.197068, 0.925645, -0.323026, 0.0, 0.039827, 0.321656, 0.946018, 0.4, 0.97958, -0.199295, 0.026522, 0.0, 0.0, 0.0, 0.0, 1.0],
                [0.165183, 0.95939, -0.22866, -0.0, 0.03257, 0.226412, 0.973487, 0.4, 0.985725, -0.168251, 0.006152, 0.0, 0.0, 0.0, 0.0, 1.0],
                [0.015511, 0.951995, 0.30572, -0.0, -0.001765, -0.30573, 0.952117, 0.4, 0.999878, -0.015308, -0.003062, 0.0, 0.0, 0.0, 0.0, 1.0]
            ]
        },
        {
            "name": "Arm_R",
            "time": [0.0, 0.0833, 0.2, 0.3, 0.45, 0.5667],
            "transform": [
                [0.053512, -0.539914, 0.840018, -0.0, 0.970877, -0.168599, -0.170214, 0.393861, 0.233527, 0.824662, 0.515167, 0.0, 0.0, 0.0, 0.0, 1.0],
                [0.037106, -0.17588, 0.983712, 0.0, 0.975922, -0.205352, -0.073527, 0.39386, 0.214939, 0.962754, 0.164025, 0.0, 0.0, 0.0, 0.0, 1.0],
                [0.243474, -0.93837, 0.245321, -0.0, 0.969618, 0.229313, -0.08518, 0.39386, 0.023675, 0.258607, 0.965692, -0.0, 0.0, 0.0, 0.0, 1.0],
                [0.31831, -0.925517, -0.205173, 0.0, 0.946862, 0.320937, 0.021266, 0.39386, 0.046165, -0.201039, 0.978494, 0.0, 0.0, 0.0, 0.0, 1.0],
                [0.181094, -0.840533, -0.510597, 0.0, 0.982983, 0.138434, 0.120748, 0.39386, -0.030809, -0.523775, 0.851299, 0.0, 0.0, 0.0, 0.0, 1.0],
                [0.012223, -0.664126, -0.747521, 0.0, 0.945847, 0.250198, -0.206819, 0.39386, 0.324382, -0.704512, 0.63122, -0.0, 0.0, 0.0, 0.0, 1.0]
            ]
        },
        {
            "name": "Hand_R",
            "time": [0.0, 0.0833, 0.3, 0.45, 0.5667],
            "transform": [
                [0.999989, 0.003687, 0.002923, 0.0, -0.003289, 0.992002, -0.126181, 0.3, -0.003365, 0.126169, 0.992003, 0.0, 0.0, 0.0, 0.0, 1.0],
                [0.999983, 0.004689, 0.003501, -0.0, -0.003967, 0.983003, -0.183548, 0.3, -0.004302, 0.183531, 0.983005, -0.0, 0.0, 0.0, 0.0, 1.0],
                [0.999983, 0.004689, 0.003501, -0.0, -0.003967, 0.983003, -0.183548, 0.3, -0.004302, 0.183531, 0.983005, 0.0, 0.0, 0.0, 0.0, 1.0],
                [0.999994, 0.002634, 0.002227, -0.0, -0.002488, 0.998003, -0.063133, 0.3, -0.002389, 0.063127, 0.998003, -0.0, 0.0, 0.0, 0.0, 1.0],
                [1.0, 0.0, 0.0, -0.0, -0.0, 0.993938, 0.109947, 0.3, -0.0, -0.109947, 0.993938, 0.0, 0.0, 0.0, 0.0, 1.0]
            ]
        },
        {
            "name": "Tool_R",
            "time": [0.0, 0.0833, 0.2, 0.3, 0.45, 0.5667],
            "transform": [
                [1.0, 0.0, 0.0, -0.0, -0.0, -0.999836, 0.018122, 0.272858, 0.0, -0.018122, -0.999244, 0.0, 0.0, 0.0, 0.0, 1.0],
                [1.0, 0.0, 0.0, -0.0, 0.0, -0.999836, 0.018122, 0.272857, 0.0, -0.018122, -0.999244, 0.0, 0.0, 0.0, 0.0, 1.0],
                [0.999904, -0.002846, -0.013569, 4.2e-05, -0.01035, -0.804407, -0.593988, 0.27147, -0.009219, 0.593711, -0.80389, -0.006416, 0.0, 0.0, 0.0, 1.0],
                [0.999851, -0.00211, -0.017117, 3.8e-05, -0.013794, -0.693603, -0.720225, 0.270467, -0.010347, 0.71992, -0.693126, -0.007808, 0.0, 0.0, 0.0, 1.0],
                [0.999946, -0.002976, -0.009915, 4e-05, -0.007116, -0.893183, -0.449638, 0.272232, -0.007513, 0.449408, -0.892632, -0.00486, 0.0, 0.0, 0.0, 1.0],
                [1.0, 0.0, 0.0, 0.0, 0.0, -0.999836, 0.018122, 0.272858, 0.0, -0.018122, -0.999244, 0.0, 0.0, 0.0, 0.0, 1.0]
            ]
        },
        {
            "name": "Elbow_R",
            "time": [0.0, 0.5667],
            "transform": [
                [-1.0, 0.0, -0.0, 0.0, 0.0, -0.0, -1.0, 0.3, -0.0, -1.0, 0.0, 0.0, 0.0, 0.0, 0.0, 1.0],
                [-1.0, 0.0, -0.0, -0.0, 0.0, 0.0, -1.0, 0.3, -0.0, -1.0, 0.0, 0.0, 0.0, 0.0, 0.0, 1.0]
            ]
        },
        {
            "name": "Shoulder_L",
            "time": [0.0, 0.5667],
            "transform": [
                [0.013526, -0.952024, -0.305725, -0.0, 0.00154, -0.305733, 0.952116, 0.4, -0.999907, -0.013349, -0.00267, -0.0, 0.0, 0.0, 0.0, 1.0],
                [0.013526, -0.952024, -0.305725, -0.0, 0.00154, -0.305733, 0.952116, 0.4, -0.999907, -0.013349, -0.00267, 0.0, 0.0, 0.0, 0.0, 1.0]
            ]
        },
        {
            "name": "Arm_L",
            "time": [0.0, 0.0833, 0.2, 0.3, 0.45, 0.5667],
            "transform": [
                [0.024682, 0.662624, 0.748546, 0.0, -0.922389, 0.303815, -0.238527, 0.39386, -0.385473, -0.684563, 0.618695, -0.0, 0.0, 0.0, 0.0, 1.0],
                [0.011581, 0.663332, 0.748236, -0.0, -0.908924, 0.318891, -0.268637, 0.39386, -0.416801, -0.676978, 0.606611, -0.0, 0.0, 0.0, 0.0, 1.0],
                [-0.159361, 0.987187, -0.008201, 0.0, -0.96615, -0.157661, -0.204201, 0.39386, -0.202878, -0.024619, 0.978895, -0.0, 0.0, 0.0, 0.0, 1.0],
                [-0.224898, 0.950706, -0.213496, 0.0, -0.959007, -0.254741, -0.124151, 0.39386, -0.172417, 0.176823, 0.969023, -0.0, 0.0, 0.0, 0.0, 1.0],
                [0.111932, 0.971793, 0.207579, -0.0, -0.973328, 0.149315, -0.174181, 0.39386, -0.200262, -0.182546, 0.962586, 0.0, 0.0, 0.0, 0.0, 1.0],
                [0.016389, 0.664, 0.747553, 0.0, -0.944508, 0.255603, -0.206328, 0.39386, -0.328079, -0.702689, 0.631342, 0.0, 0.0, 0.0, 0.0, 1.0]
            ]
        },
        {
            "name": "Hand_L",
            "time": [0.0, 0.5667],
            "transform": [
                [1.0, 0.0, 0.0, -0.0, -0.0, 0.993938, 0.109947, 0.3, -0.0, -0.109947, 0.993938, -0.0, 0.0, 0.0, 0.0, 1.0],
                [1.0, 0.0, 0.0, 0.0, -0.0, 0.993938, 0.109947, 0.3, -0.0, -0.109947, 0.993938, 0.0, 0.0, 0.0, 0.0, 1.0]
            ]
        },
        {
            "name": "Tool_L",
            "time": [0.0, 0.5667],
            "transform": [
                [1.0, 0.0, 0.0, 0.0, 0.0, -0.999836, 0.018122, 0.272857, 0.0, -0.018122, -0.999248, 0.0, 0.0, 0.0, 0.0, 1.0],
                [1.0, 0.0, 0.0, 0.0, 0.0, -0.999836, 0.018122, 0.272857, 0.0, -0.018122, -0.999248, -0.0, 0.0, 0.0, 0.0, 1.0]
            ]
        },
        {
            "name": "Elbow_L",
            "time": [0.0, 0.5667],
            "transform": [
                [-1.0, 0.0, -0.0, -0.0, 0.0, -0.0, -1.0, 0.3, -0.0, -1.0, 0.0, -0.0, 0.0, 0.0, 0.0, 1.0],
                [-1.0, 0.0, -0.0, 0.0, 0.0, -0.0, -1.0, 0.3, -0.0, -1.0, -0.0, 0.0, 0.0, 0.0, 0.0, 1.0]
            ]
        }
    ]
}