{
    "animation": [
        {
            "name": "Root",
            "time": [0.0, 0.1667, 0.25, 0.3167, 0.6167],
            "transform": [
                [0.670001, 0.0, -0.74236, -5e-06, -0.74236, 0.0, -0.670001, 0.000946, 0.0, 1.0, 0.0, 0.706434, 0.0, 0.0, 0.0, 1.0],
                [0.633006, 0.0, -0.774147, -5e-06, -0.774147, 0.0, -0.633006, 0.000946, 0.0, 1.0, 0.0, 0.698191, 0.0, 0.0, 0.0, 1.0],
                [0.991069, 0.05843, 0.119864, -5e-06, 0.108817, 0.165156, -0.980246, 0.957743, -0.077072, 0.984535, 0.157323, 0.737128, 0.0, 0.0, 0.0, 1.0],
                [0.699871, 0.0, 0.71427, -5e-06, 0.687928, 0.269069, -0.67406, 1.812417, -0.192188, 0.963121, 0.188313, 0.671086, 0.0, 0.0, 0.0, 1.0],
                [0.699871, 0.0, 0.71427, -5e-06, 0.687928, 0.269069, -0.67406, 1.812417, -0.192188, 0.963121, 0.188313, 0.671086, 0.0, 0.0, 0.0, 1.0]
            ]
        },
        {
            "name": "Thigh_R",
            "time": [0.0, 0.1667, 0.25, 0.3167, 0.6167],
            "transform": [
                [0.976767, 0.203428, -0.067398, 0.124994, 0.214211, -0.936033, 0.279198, -0.002831, -0.00629, -0.287148, -0.957866, -1.2e-05, 0.0, 0.0, 0.0, 1.0],
                [0.971221, 0.228794, -0.066203, 0.124994, 0.238105, -0.925678, 0.293976, -0.002831, 0.005977, -0.301278, -0.953518, -1.2e-05, 0.0, 0.0, 0.0, 1.0],
                [0.984502, 0.173266, 0.027084, 0.124994, 0.083046, -0.596633, 0.798205, -0.002831, 0.154461, -0.783583, -0.601778, -1.2e-05, 0.0, 0.0, 0.0, 1.0],
                [0.689603, 0.657102, 0.304404, 0.124994, 0.059704, -0.470493, 0.880381, -0.002831, 0.721721, -0.588938, -0.363687, -1.2e-05, 0.0, 0.0, 0.0, 1.0],
                [0.689603, 0.657102, 0.304404, 0.124994, 0.059704, -0.470493, 0.880381, -0.002831, 0.721721, -0.588938, -0.363687, -1.2e-05, 0.0, 0.0, 0.0, 1.0]
            ]
        },
        {
            "name": "Leg_R",
            "time": [0.0, 0.1667, 0.25, 0.3167, 0.6167],
            "transform": [
                [1.0, -1e-06, 3e-06, 0.0, -1e-06, 0.787394, 0.61645, 0.37472, -2e-06, -0.616451, 0.787393, 0.0, 0.0, 0.0, 0.0, 1.0],
                [1.0, -1e-06, 3e-06, 0.0, -1e-06, 0.759316, 0.650723, 0.37472, -2e-06, -0.650724, 0.759315, 0.0, 0.0, 0.0, 0.0, 1.0],
                [1.0, -1e-06, 0.0, -0.0, -0.0, -0.036169, 0.999345, 0.37472, -1e-06, -0.999346, -0.036169, 0.0, 0.0, 0.0, 0.0, 1.0],
                [1.0, -0.0, 1e-06, 0.0, -0.0, 0.708091, 0.706122, 0.37472, -1e-06, -0.706122, 0.70809, -0.0, 0.0, 0.0, 0.0, 1.0],
                [1.0, -0.0, 1e-06, 0.0, -0.0, 0.708091, 0.706122, 0.37472, -1e-06, -0.706122, 0.70809, -0.0, 0.0, 0.0, 0.0, 1.0]
            ]
        },
        {
            "name": "Knee_R",
            "time": [0.0, 0.1667, 0.25, 0.3167, 0.6167],
            "transform": [
                [1.0, -0.0, -0.0, 0.0, -0.0, 1e-06, -1.0, 0.39709, -0.0, 1.0, 1e-06, 0.0, 0.0, 0.0, 0.0, 1.0],
                [1.0, 0.0, -0.0, 0.0, -0.0, 1e-06, -1.0, 0.39709, -0.0, 1.0, 1e-06, 0.0, 0.0, 0.0, 0.0, 1.0],
                [1.0, 0.0, -0.0, -0.00043, -0.0, 1e-06, -1.0, 0.480373, -0.0, 1.0, 1e-06, -0.001081, 0.0, 0.0, 0.0, 1.0],
                [1.0, 0.0, -0.0, -0.000246, -0.0, 1e-06, -1.0, 0.406949, -0.0, 1.0, 1e-06, -0.000831, 0.0, 0.0, 0.0, 1.0],
                [1.0, 0.0, -0.0, -0.000246, -0.0, 1e-06, -1.0, 0.406949, -0.0, 1.0, 1e-06, -0.000831, 0.0, 0.0, 0.0, 1.0]
            ]
        },
        {
            "name": "Thigh_L",
            "time": [0.0, 0.1667, 0.25, 0.3167, 0.6167],
            "transform": [
                [0.791043, -0.37028, -0.486973, -0.125006, -0.096987, -0.86186, 0.497785, -0.002831, -0.604023, -0.346538, -0.717682, -1.2e-05, 0.0, 0.0, 0.0, 1.0],
                [0.776962, -0.405946, -0.481183, -0.125006, -0.110962, -0.840671, 0.530055, -0.002831, -0.619691, -0.358439, -0.698215, -1.2e-05, 0.0, 0.0, 0.0, 1.0],
                [0.99619, 0.049806, 0.07159, -0.125006, 0.053958, -0.996898, -0.057287, -0.002831, 0.068515, 0.060932, -0.995788, -1.2e-05, 0.0, 0.0, 0.0, 1.0],
                [0.973089, -0.209439, 0.09609, -0.125006, -0.193054, -0.968662, -0.156279, -0.002831, 0.12581, 0.133524, -0.983028, -1.2e-05, 0.0, 0.0, 0.0, 1.0],
                [0.973089, -0.209439, 0.09609, -0.125006, -0.193054, -0.968662, -0.156279, -0.002831, 0.12581, 0.133524, -0.983028, -1.2e-05, 0.0, 0.0, 0.0, 1.0]
            ]
        },
        {
            "name": "Leg_L",
            "time": [0.0, 0.1667, 0.25, 0.3167, 0.6167],
            "transform": [
                [1.0, -1e-06, 2e-06, -0.0, -0.0, 0.771533, 0.636189, 0.37472, -2e-06, -0.636189, 0.771533, -0.0, 0.0, 0.0, 0.0, 1.0],
                [1.0, -1e-06, 2e-06, -0.0, -1e-06, 0.741972, 0.670431, 0.37472, -2e-06, -0.67043, 0.741973, -0.0, 0.0, 0.0, 0.0, 1.0],
                [1.0, -0.0, 1e-06, -0.0, 0.0, 0.999948, 0.010143, 0.37472, -1e-06, -0.010143, 0.999949, 0.0, 0.0, 0.0, 0.0, 1.0],
                [1.0, -0.0, 3e-06, -0.0, -0.0, 0.999945, 0.010501, 0.37472, -3e-06, -0.010501, 0.999945, -0.0, 0.0, 0.0, 0.0, 1.0],
                [1.0, -0.0, 3e-06, -0.0, -0.0, 0.999945, 0.010501, 0.37472, -3e-06, -0.010501, 0.999945, -0.0, 0.0, 0.0, 0.0, 1.0]
            ]
        },
        {
            "name": "Knee_L",
            "time": [0.0, 0.1667, 0.25, 0.3167, 0.6167],
            "transform": [
                [1.0, 0.0, -0.0, 0.0, -0.0, 1e-06, -1.0, 0.39709, -0.0, 1.0, 1e-06, -0.0, 0.0, 0.0, 0.0, 1.0],
                [1.0, 0.0, -0.0, 0.0, -0.0, 1e-06, -1.0, 0.39709, -0.0, 1.0, 1e-06, 0.0, 0.0, 0.0, 0.0, 1.0],
                [1.0, 0.0, -0.0, 0.0, -0.0, 1e-06, -1.0, 0.393777, -0.0, 1.0, 1e-06, 0.0, 0.0, 0.0, 0.0, 1.0],
                [1.0, 0.0, -0.0, -0.0, -0.0, 1e-06, -1.0, 0.391481, -0.0, 1.0, 1e-06, -0.0, 0.0, 0.0, 0.0, 1.0],
                [1.0, 0.0, -0.0, -0.0, -0.0, 1e-06, -1.0, 0.391481, -0.0, 1.0, 1e-06, -0.0, 0.0, 0.0, 0.0, 1.0]
            ]
        },
        {
            "name": "Torso",
            "time": [0.0, 0.1667, 0.25, 0.3167, 0.6167],
            "transform": [
                [0.999671, 0.02566, -0.000626, 0.0, -0.02566, 0.998482, -0.04874, 0.05, -0.000626, 0.04874, 0.998811, -0.0, 0.0, 0.0, 0.0, 1.0],
                [0.99944, 0.033446, -0.001005, -0.0, -0.033446, 0.997637, -0.060019, 0.05, -0.001005, 0.060019, 0.998197, 0.0, 0.0, 0.0, 0.0, 1.0],
                [0.999466, 0.03267, -9.8e-05, 0.0, -0.03267, 0.999448, -0.006009, 0.05, -9.8e-05, 0.006009, 0.999982, 0.0, 0.0, 0.0, 0.0, 1.0],
                [0.999484, 0.032104, 0.000505, 0.0, -0.032104, 0.998989, 0.031453, 0.05, 0.000505, -0.031453, 0.999505, 0.0, 0.0, 0.0, 0.0, 1.0],
                [0.999484, 0.032104, 0.000505, 0.0, -0.032104, 0.998989, 0.031453, 0.05, 0.000505, -0.031453, 0.999505, 0.0, 0.0, 0.0, 0.0, 1.0]
            ]
        },
        {
            "name": "Chest",
            "time": [0.0, 0.1667, 0.25, 0.3167, 0.6167],
            "transform": [
                [0.999881, -0.015401, -6.1e-05, 0.0, 0.015401, 0.99985, 0.007945, 0.3, -6.1e-05, -0.007945, 0.999968, 0.0, 0.0, 0.0, 0.0, 1.0],
                [0.999903, -0.013928, -4.2e-05, -0.0, 0.013928, 0.999885, 0.006059, 0.3, -4.2e-05, -0.006059, 0.999982, 0.0, 0.0, 0.0, 0.0, 1.0],
                [0.999591, 0.028582, 0.00051, -0.0, -0.028582, 0.998956, 0.035649, 0.3, 0.00051, -0.035649, 0.999364, -0.0, 0.0, 0.0, 0.0, 1.0],
                [0.998357, 0.057281, 0.00161, -0.0, -0.057281, 0.996779, 0.056125, 0.3, 0.00161, -0.056125, 0.998422, 0.0, 0.0, 0.0, 0.0, 1.0],
                [0.998357, 0.057281, 0.00161, -0.0, -0.057281, 0.996779, 0.056125, 0.3, 0.00161, -0.056125, 0.998422, 0.0, 0.0, 0.0, 0.0, 1.0]
            ]
        },
        {
            "name": "Head",
            "time": [0.0, 0.1667, 0.25, 0.3167, 0.6167],
            "transform": [
                [0.672267, -0.014779, 0.740161, -0.0, -0.013545, 0.999388, 0.032257, 0.4, -0.740185, -0.031711, 0.671655, -0.0, 0.0, 0.0, 0.0, 1.0],
                [0.629401, -0.013309, 0.776966, 0.0, -0.020159, 0.999237, 0.033446, 0.4, -0.776819, -0.036714, 0.628653, -0.0, 0.0, 0.0, 0.0, 1.0],
                [0.985315, -0.13356, -0.106379, 0.0, 0.10947, 0.972254, -0.206733, 0.4, 0.131038, 0.192051, 0.972597, -0.0, 0.0, 0.0, 0.0, 1.0],
                [0.696972, -0.289944, -0.655868, -0.0, 0.000614, 0.914854, -0.403783, 0.4, 0.717098, 0.281023, 0.637806, -0.0, 0.0, 0.0, 0.0, 1.0],
                [0.696972, -0.289944, -0.655868, -0.0, 0.000614, 0.914854, -0.403783, 0.4, 0.717098, 0.281023, 0.637806, -0.0, 0.0, 0.0, 0.0, 1.0]
            ]
        },
        {
            "name": "Shoulder_R",
            "time": [0.0, 0.1667, 0.25, 0.3167, 0.6167],
            "transform": [
                [0.089554, 0.949274, 0.301429, -0.0, -0.00366, -0.302329, 0.953197, 0.4, 0.995975, -0.086466, -0.0236, -0.0, 0.0, 0.0, 0.0, 1.0],
                [0.089554, 0.949274, 0.301429, 0.0, -0.003661, -0.302329, 0.953197, 0.4, 0.995975, -0.086466, -0.0236, -0.0, 0.0, 0.0, 0.0, 1.0],
                [0.255891, 0.95091, 0.174038, 0.0, -0.062222, -0.163457, 0.984586, 0.4, 0.964701, -0.262776, 0.01734, -0.0, 0.0, 0.0, 0.0, 1.0],
                [0.370569, 0.924544, 0.088864, -0.0, -0.087933, -0.060324, 0.994298, 0.4, 0.924633, -0.37627, 0.058944, -0.0, 0.0, 0.0, 0.0, 1.0],
                [0.370569, 0.924544, 0.088864, -0.0, -0.087933, -0.060324, 0.994298, 0.4, 0.924633, -0.37627, 0.058944, -0.0, 0.0, 0.0, 0.0, 1.0]
            ]
        },
        {
            "name": "Arm_R",
            "time": [0.0, 0.1667, 0.25, 0.3167, 0.6167],
            "transform": [
                [-0.013087, 0.443435, -0.896211, -0.0, -0.268046, 0.861928, 0.430386, 0.393861, 0.963318, 0.245858, 0.107581, 0.0, 0.0, 0.0, 0.0, 1.0],
                [-0.035516, 0.459868, -0.887277, 0.0, -0.351176, 0.825474, 0.441893, 0.39386, 0.935636, 0.327284, 0.132177, 0.0, 0.0, 0.0, 0.0, 1.0],
                [0.019963, 0.588512, -0.808242, -0.0, -0.404573, 0.744016, 0.531753, 0.393861, 0.914288, 0.316378, 0.252948, -0.0, 0.0, 0.0, 0.0, 1.0],
                [0.067002, -0.262726, -0.962541, 0.0, -0.41861, 0.868295, -0.26614, 0.393861, 0.905692, 0.420761, -0.051802, 0.0, 0.0, 0.0, 0.0, 1.0],
                [0.067002, -0.262726, -0.962541, 0.0, -0.41861, 0.868295, -0.26614, 0.393861, 0.905692, 0.420761, -0.051802, 0.0, 0.0, 0.0, 0.0, 1.0]
            ]
        },
        {
            "name": "Hand_R",
            "time": [0.0, 0.1667, 0.25, 0.3167, 0.6167],
            "transform": [
                [0.99999, -0.000128, 0.004393, -0.0, 0.004098, 0.388352, -0.921502, 0.3, -0.001588, 0.921511, 0.388349, -0.0, 0.0, 0.0, 0.0, 1.0],
                [0.999991, -0.000426, 0.004168, -0.0, 0.004085, 0.320986, -0.947076, 0.3, -0.000934, 0.947085, 0.320985, 0.0, 0.0, 0.0, 0.0, 1.0],
                [0.999984, 0.003978, -0.003944, 0.0, -0.004841, 0.259499, -0.965732, 0.3, -0.002818, 0.965736, 0.259514, 0.0, 0.0, 0.0, 0.0, 1.0],
                [1.0, -0.000174, 0.000267, 0.0, 0.000179, 0.999789, -0.020565, 0.3, -0.000263, 0.020565, 0.999789, 0.0, 0.0, 0.0, 0.0, 1.0],
                [1.0, -0.000174, 0.000267, 0.0, 0.000179, 0.999789, -0.020565, 0.3, -0.000263, 0.020565, 0.999789, 0.0, 0.0, 0.0, 0.0, 1.0]
            ]
        },
        {
            "name": "Tool_R",
            "time": [0.0, 0.1667, 0.25, 0.3167, 0.6167],
            "transform": [
                [1.000012, 0.0, 0.0, -0.0, 0.0, -0.999836, 0.018122, 0.272858, 0.0, -0.018122, -0.999232, 0.0, 0.0, 0.0, 0.0, 1.0],
                [1.000013, -0.0, 0.0, -0.0, -0.0, -0.999836, 0.018122, 0.272858, 0.0, -0.018122, -0.999232, 0.0, 0.0, 0.0, 0.0, 1.0],
                [-0.035903, 0.996869, -0.070457, 0.0, 0.487717, -0.04406, -0.871883, 0.272858, -0.871756, -0.065628, -0.484318, 0.0, 0.0, 0.0, 0.0, 1.0],
                [-0.061764, 0.997938, -0.017514, 0.0, 0.097574, -0.011426, -0.995151, 0.272858, -0.992733, -0.063136, -0.096618, -0.0, 0.0, 0.0, 0.0, 1.0],
                [-0.061764, 0.997938, -0.017514, 0.0, 0.097574, -0.011426, -0.995151, 0.272858, -0.992733, -0.063136, -0.096618, -0.0, 0.0, 0.0, 0.0, 1.0]
            ]
        },
        {
            "name": "Elbow_R",
            "time": [0.0, 0.1667, 0.25, 0.3167, 0.6167],
            "transform": [
                [-1.0, 0.0, -0.0, -0.0, 0.0, 0.0, -1.0, 0.411848, -0.0, -1.0, 0.0, -0.0, 0.0, 0.0, 0.0, 1.0],
                [-1.0, 0.0, -0.0, -0.0, 0.0, -0.0, -1.0, 0.411848, -0.0, -1.0, 0.0, 0.0, 0.0, 0.0, 0.0, 1.0],
                [-1.0, 0.0, -0.0, 0.0, 0.0, -0.0, -1.0, 0.357383, -0.0, -1.0, 0.0, 0.0, 0.0, 0.0, 0.0, 1.0],
                [-1.0, 0.0, -0.0, 0.0, 0.0, -0.0, -1.0, 0.319623, -0.0, -1.0, 0.0, 0.0, 0.0, 0.0, 0.0, 1.0],
                [-1.0, 0.0, -0.0, 0.0, 0.0, -0.0, -1.0, 0.319623, -0.0, -1.0, 0.0, 0.0, 0.0, 0.0, 0.0, 1.0]
            ]
        },
        {
            "name": "Shoulder_L",
            "time": [0.0, 0.1667, 0.25, 0.3167, 0.6167],
            "transform": [
                [0.005473, -0.952163, -0.30554, -0.0, -0.000233, -0.305545, 0.952177, 0.4, -0.999985, -0.00514, -0.001894, -0.0, 0.0, 0.0, 0.0, 1.0],
                [0.0, -0.952114, -0.305743, 0.0, 0.0, -0.305743, 0.952114, 0.4, -1.0, -0.0, 0.0, -0.0, 0.0, 0.0, 0.0, 1.0],
                [-0.17549, -0.918597, -0.354094, 0.0, -0.057191, -0.349556, 0.935168, 0.4, -0.982819, 0.184364, 0.008808, -0.0, 0.0, 0.0, 0.0, 1.0],
                [-0.289482, -0.875988, -0.385804, -0.0, -0.101011, -0.372854, 0.922376, 0.4, -0.951839, 0.305981, 0.01945, -0.0, 0.0, 0.0, 0.0, 1.0],
                [-0.289482, -0.875988, -0.385804, -0.0, -0.101011, -0.372854, 0.922376, 0.4, -0.951839, 0.305981, 0.01945, -0.0, 0.0, 0.0, 0.0, 1.0]
            ]
        },
        {
            "name": "Arm_L",
            "time": [0.0, 0.1667, 0.25, 0.3167, 0.6167],
            "transform": [
                [0.031298, 0.334656, 0.941821, 0.0, -0.300254, 0.901909, -0.310496, 0.39386, -0.953346, -0.273067, 0.12871, 0.0, 0.0, 0.0, 0.0, 1.0],
                [0.0071, 0.370624, 0.928756, 0.0, -0.24131, 0.901965, -0.358088, 0.39386, -0.970422, -0.221576, 0.09584, 0.0, 0.0, 0.0, 0.0, 1.0],
                [-0.308265, 0.048373, 0.95007, -0.0, -0.122219, 0.988416, -0.089981, 0.39386, -0.943416, -0.143855, -0.298782, -0.0, 0.0, 0.0, 0.0, 1.0],
                [-0.503752, -0.170077, 0.84694, 0.0, -0.11687, 0.984831, 0.128254, 0.39386, -0.855906, -0.034373, -0.515988, -0.0, 0.0, 0.0, 0.0, 1.0],
                [-0.503752, -0.170077, 0.84694, 0.0, -0.11687, 0.984831, 0.128254, 0.39386, -0.855906, -0.034373, -0.515988, -0.0, 0.0, 0.0, 0.0, 1.0]
            ]
        },
        {
            "name": "Hand_L",
            "time": [0.0, 0.1667, 0.25, 0.3167, 0.6167],
            "transform": [
                [0.999878, -0.014925, 0.004654, -0.0, 0.015088, 0.843311, -0.537215, 0.3, 0.004093, 0.537219, 0.843433, 0.0, 0.0, 0.0, 0.0, 1.0],
                [0.999929, -0.011233, 0.004101, -0.0, 0.011378, 0.788265, -0.615231, 0.3, 0.003678, 0.615233, 0.788337, 0.0, 0.0, 0.0, 0.0, 1.0],
                [0.999959, -0.008699, -0.002747, -0.0, 0.004028, 0.691215, -0.722638, 0.3, 0.008185, 0.722597, 0.691221, 0.0, 0.0, 0.0, 0.0, 1.0],
                [0.999938, -0.008484, -0.007232, -0.0, -0.000127, 0.640063, -0.768323, 0.3, 0.011148, 0.768276, 0.640022, 0.0, 0.0, 0.0, 0.0, 1.0],
                [0.999938, -0.008484, -0.007232, -0.0, -0.000127, 0.640063, -0.768323, 0.3, 0.011148, 0.768276, 0.640022, 0.0, 0.0, 0.0, 0.0, 1.0]
            ]
        },
        {
            "name": "Tool_L",
            "time": [0.0, 0.6167],
            "transform": [
                [1.0, 0.0, 0.0, 0.0, 0.0, -0.999836, 0.018122, 0.272858, 0.0, -0.018122, -0.999248, 0.0, 0.0, 0.0, 0.0, 1.0],
                [1.0, -0.0, 0.0, 0.0, -0.0, -0.999836, 0.018122, 0.272858, 0.0, -0.018122, -0.999248, -0.0, 0.0, 0.0, 0.0, 1.0]
            ]
        },
        {
            "name": "Elbow_L",
            "time": [0.0, 0.1667, 0.25, 0.3167, 0.6167],
            "transform": [
                [-1.0, 0.0, -0.0, -0.0, 0.0, -0.0, -1.0, 0.367698, -0.0, -1.0, -0.0, 0.0, 0.0, 0.0, 0.0, 1.0],
                [-1.0, 0.0, -0.0, -0.0, 0.0, -0.0, -1.0, 0.367697, -0.0, -1.0, -0.0, 0.0, 0.0, 0.0, 0.0, 1.0],
                [-1.0, 0.0, -0.0, -0.0, 0.0, -0.0, -1.0, 0.379517, -0.0, -1.0, 0.0, 0.0, 0.0, 0.0, 0.0, 1.0],
                [-1.0, 0.0, -0.0, -0.0, 0.0, -0.0, -1.0, 0.387712, -0.0, -1.0, -0.0, 0.0, 0.0, 0.0, 0.0, 1.0],
                [-1.0, 0.0, -0.0, -0.0, 0.0, -0.0, -1.0, 0.387712, -0.0, -1.0, -0.0, 0.0, 0.0, 0.0, 0.0, 1.0]
            ]
        }
    ]
}