{
    "animation": [
        {
            "name": "Root",
            "time": [0.0, 0.05, 0.1, 0.1833, 0.3667, 0.6],
            "transform": [
                [0.514643, 0.032656, 0.856782, -5e-06, 0.837714, 0.193776, -0.510575, 0.005278, -0.182697, 0.980502, 0.072369, 0.587992, 0.0, 0.0, 0.0, 1.0],
                [0.632938, 0.052089, 0.772448, -5e-06, 0.75212, 0.195228, -0.629446, 0.005278, -0.18359, 0.979374, 0.08439, 0.613855, 0.0, 0.0, 0.0, 1.0],
                [0.96182, -0.001247, 0.27368, -5e-06, 0.261213, 0.302586, -0.916629, 0.278155, -0.081668, 0.953121, 0.29136, 0.663178, 0.0, 0.0, 0.0, 1.0],
                [0.783641, 0.002493, -0.621209, -5e-06, -0.495852, 0.604901, -0.623078, 0.996979, 0.374216, 0.796297, 0.475261, 0.468738, 0.0, 0.0, 0.0, 1.0],
                [0.711065, 0.019815, -0.702848, -5e-06, -0.56845, 0.604518, -0.558053, 0.996979, 0.413826, 0.796345, 0.441115, 0.468738, 0.0, 0.0, 0.0, 1.0],
                [0.711065, 0.019815, -0.702848, -5e-06, -0.56845, 0.604518, -0.558053, 0.996979, 0.413826, 0.796345, 0.441115, 0.468738, 0.0, 0.0, 0.0, 1.0]
            ]
        },
        {
            "name": "Thigh_R",
            "time": [0.0, 0.05, 0.1833, 0.3667, 0.6],
            "transform": [
                [0.582084, 0.79005, 0.192346, 0.124994, 0.084915, -0.294316, 0.951927, -0.002831, 0.808682, -0.537768, -0.238406, -1.2e-05, 0.0, 0.0, 0.0, 1.0],
                [0.600772, 0.756134, 0.259484, 0.124994, 0.051992, -0.360858, 0.93117, -0.002831, 0.797727, -0.545928, -0.256109, -1.2e-05, 0.0, 0.0, 0.0, 1.0],
                [0.60089, 0.385903, 0.700006, 0.124994, 0.149248, -0.914503, 0.37604, -0.002831, 0.785274, -0.121483, -0.607113, -1.2e-05, 0.0, 0.0, 0.0, 1.0],
                [0.596436, 0.40135, 0.695113, 0.124994, 0.108296, -0.898327, 0.425765, -0.002831, 0.795321, -0.178662, -0.579262, -1.2e-05, 0.0, 0.0, 0.0, 1.0],
                [0.596436, 0.40135, 0.695113, 0.124994, 0.108296, -0.898327, 0.425765, -0.002831, 0.795321, -0.178662, -0.579262, -1.2e-05, 0.0, 0.0, 0.0, 1.0]
            ]
        },
        {
            "name": "Leg_R",
            "time": [0.0, 0.05, 0.1833, 0.3667, 0.6],
            "transform": [
                [1.0, -1e-06, 1e-06, 0.0, -0.0, 0.522213, 0.852815, 0.37472, -1e-06, -0.852819, 0.522208, 0.0, 0.0, 0.0, 0.0, 1.0],
                [1.0, -1e-06, 1e-06, 0.0, -0.0, 0.537688, 0.843144, 0.37472, -1e-06, -0.843146, 0.537683, 0.0, 0.0, 0.0, 0.0, 1.0],
                [1.0, -0.0, 1e-06, 0.0, -0.0, 0.924562, 0.381035, 0.37472, -1e-06, -0.381033, 0.92456, -0.0, 0.0, 0.0, 0.0, 1.0],
                [1.0, -0.0, 1e-06, 0.0, -0.0, 0.918358, 0.395754, 0.37472, -1e-06, -0.395753, 0.918356, 0.0, 0.0, 0.0, 0.0, 1.0],
                [1.0, -0.0, 1e-06, 0.0, -0.0, 0.918358, 0.395754, 0.37472, -1e-06, -0.395753, 0.918356, 0.0, 0.0, 0.0, 0.0, 1.0]
            ]
        },
        {
            "name": "Knee_R",
            "time": [0.0, 0.05, 0.1833, 0.3667, 0.6],
            "transform": [
                [1.0, 0.0, -0.0, 0.0, -0.0, 1e-06, -1.0, 0.430385, -0.0, 1.0, 1e-06, -0.0, 0.0, 0.0, 0.0, 1.0],
                [1.0, 0.0, -0.0, 0.0, -0.0, 1e-06, -1.0, 0.428746, -0.0, 1.0, 1e-06, 0.0, 0.0, 0.0, 0.0, 1.0],
                [1.0, 0.0, -0.0, -0.0, -0.0, 1e-06, -1.0, 0.37472, -0.0, 1.0, 1e-06, -0.0, 0.0, 0.0, 0.0, 1.0],
                [1.0, 0.0, -0.0, 0.0, -0.0, 1e-06, -1.0, 0.375211, -0.0, 1.0, 1e-06, 0.0, 0.0, 0.0, 0.0, 1.0],
                [1.0, 0.0, -0.0, 0.0, -0.0, 1e-06, -1.0, 0.375211, -0.0, 1.0, 1e-06, 0.0, 0.0, 0.0, 0.0, 1.0]
            ]
        },
        {
            "name": "Thigh_L",
            "time": [0.0, 0.05, 0.1, 0.1833, 0.3667, 0.6],
            "transform": [
                [0.89424, -0.426828, -0.134728, -0.125006, -0.420034, -0.90425, 0.076802, -0.002831, -0.154608, -0.012088, -0.987902, -1.1e-05, 0.0, 0.0, 0.0, 1.0],
                [0.93971, -0.321335, -0.116993, -0.125006, -0.299585, -0.938534, 0.171459, -0.00283, -0.164897, -0.12607, -0.97822, -1.1e-05, 0.0, 0.0, 0.0, 1.0],
                [0.916033, -0.271852, -0.294924, -0.125006, -0.035464, -0.787297, 0.615551, -0.00283, -0.399532, -0.553404, -0.730833, -1.1e-05, 0.0, 0.0, 0.0, 1.0],
                [0.779131, -0.529435, 0.335636, -0.125006, -0.003491, 0.531748, 0.846894, -0.00283, -0.62685, -0.661014, 0.412453, -1.2e-05, 0.0, 0.0, 0.0, 1.0],
                [0.690639, -0.6208, 0.370976, -0.125007, 0.03558, 0.541508, 0.839942, -0.00283, -0.722324, -0.566898, 0.396074, -1.1e-05, 0.0, 0.0, 0.0, 1.0],
                [0.690639, -0.6208, 0.370975, -0.125007, 0.03558, 0.541508, 0.839942, -0.00283, -0.722324, -0.566898, 0.396074, -1.1e-05, 0.0, 0.0, 0.0, 1.0]
            ]
        },
        {
            "name": "Leg_L",
            "time": [0.0, 0.05, 0.1, 0.1833, 0.3667, 0.6],
            "transform": [
                [1.0, 0.0, 1e-06, 0.0, 0.0, 0.955806, 0.293999, 0.37472, -1e-06, -0.293997, 0.955806, -0.0, 0.0, 0.0, 0.0, 1.0],
                [1.0, 0.0, 1e-06, 0.0, 0.0, 0.840905, 0.541185, 0.37472, -1e-06, -0.541183, 0.840905, -0.0, 0.0, 0.0, 0.0, 1.0],
                [1.0, -0.0, 1e-06, 0.0, 0.0, 0.262341, 0.964976, 0.37472, -1e-06, -0.964975, 0.26234, 0.0, 0.0, 0.0, 0.0, 1.0],
                [1.0, -0.0, 0.0, -0.0, -0.0, 0.095516, 0.995427, 0.37472, -1e-06, -0.995428, 0.095516, -0.0, 0.0, 0.0, 0.0, 1.0],
                [1.0, -1e-06, -0.0, 0.0, -1e-06, 0.057824, 0.998327, 0.37472, -1e-06, -0.998326, 0.057824, -0.0, 0.0, 0.0, 0.0, 1.0],
                [1.0, -1e-06, -0.0, 0.0, -1e-06, 0.057824, 0.998327, 0.37472, -1e-06, -0.998326, 0.057824, 0.0, 0.0, 0.0, 0.0, 1.0]
            ]
        },
        {
            "name": "Knee_L",
            "time": [0.0, 0.05, 0.1833, 0.3667, 0.6],
            "transform": [
                [1.0, 0.0, -0.0, -0.0, -0.0, 1e-06, -1.0, 0.37472, -0.0, 1.0, 1e-06, 0.0, 0.0, 0.0, 0.0, 1.0],
                [1.0, 0.0, -0.0, 0.0, -0.0, 1e-06, -1.0, 0.390022, -0.0, 1.0, 1e-06, -0.0, 0.0, 0.0, 0.0, 1.0],
                [1.0, 0.0, -0.0, 0.0, -0.0, 1e-06, -1.0, 0.47113, -0.0, 1.0, 1e-06, -0.0, 0.0, 0.0, 0.0, 1.0],
                [1.0, 0.0, -0.0, 0.0, -0.0, 1e-06, -1.0, 0.474525, -0.0, 1.0, 1e-06, -0.0, 0.0, 0.0, 0.0, 1.0],
                [1.0, 0.0, -0.0, 0.0, -0.0, 1e-06, -1.0, 0.474525, -0.0, 1.0, 1e-06, -0.0, 0.0, 0.0, 0.0, 1.0]
            ]
        },
        {
            "name": "Torso",
            "time": [0.0, 0.05, 0.1833, 0.6],
            "transform": [
                [1.0, 0.0, -0.0, 0.0, -0.0, 1.0, -0.0, 0.05, -0.0, 0.0, 1.0, 0.0, 0.0, 0.0, 0.0, 1.0],
                [1.0, 0.0, 0.0, 0.0, -0.0, 1.0, -0.0, 0.05, 0.0, -0.0, 1.0, 0.0, 0.0, 0.0, 0.0, 1.0],
                [1.0, 0.0, 0.0, -0.0, -0.0, 1.0, -0.0, 0.05, 0.0, 0.0, 1.0, -0.0, 0.0, 0.0, 0.0, 1.0],
                [1.0, 0.0, -0.0, -0.0, -0.0, 1.0, -0.0, 0.05, 0.0, 0.0, 1.0, 0.0, 0.0, 0.0, 0.0, 1.0]
            ]
        },
        {
            "name": "Chest",
            "time": [0.0, 0.05, 0.1833, 0.6],
            "transform": [
                [0.935623, -0.108411, 0.335941, -0.0, 0.098382, 0.994048, 0.046785, 0.3, -0.339014, -0.010723, 0.94072, 0.0, 0.0, 0.0, 0.0, 1.0],
                [0.934536, -0.115838, 0.336489, -0.0, 0.109218, 0.993268, 0.038606, 0.3, -0.338695, 0.000672, 0.940896, 0.0, 0.0, 0.0, 0.0, 1.0],
                [1.0, 0.0, 0.0, 0.0, 0.0, 1.0, 0.0, 0.3, -0.0, -0.0, 1.0, 0.0, 0.0, 0.0, 0.0, 1.0],
                [1.0, 0.0, -0.0, 0.0, -0.0, 1.0, -0.0, 0.3, 0.0, 0.0, 1.0, -0.0, 0.0, 0.0, 0.0, 1.0]
            ]
        },
        {
            "name": "Head",
            "time": [0.0, 0.05, 0.1, 0.1333, 0.1833, 0.3667, 0.6],
            "transform": [
                [0.587071, -0.091881, -0.804304, -0.0, 0.015065, 0.994606, -0.102624, 0.4, 0.809395, 0.04813, 0.585289, 0.0, 0.0, 0.0, 0.0, 1.0],
                [0.756439, -0.088597, -0.648036, -0.0, 0.030408, 0.994476, -0.100466, 0.4, 0.653357, 0.056291, 0.754954, -0.0, 0.0, 0.0, 0.0, 1.0],
                [0.99152, -0.047789, -0.120849, -0.0, 0.021783, 0.977891, -0.207979, 0.4, 0.128116, 0.203583, 0.970639, 0.0, 0.0, 0.0, 0.0, 1.0],
                [0.965067, 0.103807, 0.24056, -0.0, -0.008227, 0.929715, -0.368188, 0.4, -0.261873, 0.353348, 0.898091, -0.0, 0.0, 0.0, 0.0, 1.0],
                [0.80797, 0.323244, 0.492644, -0.0, 0.003352, 0.833554, -0.552428, 0.4, -0.589214, 0.447996, 0.672403, 0.0, 0.0, 0.0, 0.0, 1.0],
                [0.728127, 0.413657, 0.546552, -0.0, 0.005288, 0.793957, -0.607951, 0.4, -0.685422, 0.445556, 0.575914, -0.0, 0.0, 0.0, 0.0, 1.0],
                [0.728127, 0.413657, 0.546552, -0.0, 0.005288, 0.793957, -0.607951, 0.4, -0.685422, 0.445556, 0.575914, -0.0, 0.0, 0.0, 0.0, 1.0]
            ]
        },
        {
            "name": "Shoulder_R",
            "time": [0.0, 0.0833, 0.2167, 0.6],
            "transform": [
                [0.62416, 0.7663, 0.15234, -0.0, 0.120739, -0.287245, 0.950217, 0.4, 0.77191, -0.574694, -0.27181, 0.0, 0.0, 0.0, 0.0, 1.0],
                [0.641792, 0.766007, -0.036559, 0.0, 0.117911, -0.051459, 0.99169, 0.4, 0.75776, -0.640769, -0.123347, 0.0, 0.0, 0.0, 0.0, 1.0],
                [0.152087, 0.9462, 0.285612, -0.0, 0.020516, -0.291934, 0.956218, 0.4, 0.988154, -0.139569, -0.063812, 0.0, 0.0, 0.0, 0.0, 1.0],
                [0.152087, 0.9462, 0.285612, -0.0, 0.020516, -0.291934, 0.956218, 0.4, 0.988154, -0.139569, -0.063812, -0.0, 0.0, 0.0, 0.0, 1.0]
            ]
        },
        {
            "name": "Arm_R",
            "time": [0.0, 0.0833, 0.2167, 0.6],
            "transform": [
                [-0.063838, -0.911579, -0.406139, 0.0, 0.129932, 0.395913, -0.909049, 0.39386, 0.989466, -0.110803, 0.093169, 0.0, 0.0, 0.0, 0.0, 1.0],
                [0.553878, -0.802784, -0.22081, 0.0, -0.271131, 0.076842, -0.959471, 0.393861, 0.787215, 0.591298, -0.175098, 0.0, 0.0, 0.0, 0.0, 1.0],
                [0.545129, -0.265988, -0.795038, 0.0, 0.006045, 0.949556, -0.31354, 0.393861, 0.838331, 0.166114, 0.519238, -0.0, 0.0, 0.0, 0.0, 1.0],
                [0.545129, -0.265988, -0.795038, -0.0, 0.006044, 0.949556, -0.313539, 0.393861, 0.838331, 0.166114, 0.519238, -0.0, 0.0, 0.0, 0.0, 1.0]
            ]
        },
        {
            "name": "Hand_R",
            "time": [0.0, 0.0833, 0.2167, 0.6],
            "transform": [
                [1.0, 0.0, 0.0, 0.0, -0.0, 0.976708, -0.214574, 0.3, -0.0, 0.214574, 0.976708, 0.0, 0.0, 0.0, 0.0, 1.0],
                [1.0, 0.0, 0.0, 0.0, -0.0, 0.963074, -0.269236, 0.3, -0.0, 0.269236, 0.963074, 0.0, 0.0, 0.0, 0.0, 1.0],
                [1.0, 0.0, 0.0, -0.0, -0.0, 0.993938, 0.109947, 0.3, -0.0, -0.109947, 0.993937, 0.0, 0.0, 0.0, 0.0, 1.0],
                [1.0, 0.0, 0.0, -0.0, -0.0, 0.993937, 0.109947, 0.3, -0.0, -0.109947, 0.993937, 0.0, 0.0, 0.0, 0.0, 1.0]
            ]
        },
        {
            "name": "Tool_R",
            "time": [0.0, 0.0833, 0.1, 0.2167, 0.6],
            "transform": [
                [0.889832, 0.267182, -0.369883, 0.0, 0.199449, -0.956844, -0.211351, 0.272858, -0.410145, 0.114216, -0.904186, 1e-06, 0.0, 0.0, 0.0, 1.0],
                [1.0, 0.0, 0.0, 0.0, -0.0, -0.999836, 0.018122, 0.272858, 0.0, -0.018122, -0.999244, 0.0, 0.0, 0.0, 0.0, 1.0],
                [0.999894, -0.013434, -0.005595, 0.0, -0.011804, -0.523821, -0.851747, 0.272858, 0.008507, 0.851213, -0.523623, 0.0, 0.0, 0.0, 0.0, 1.0],
                [0.999895, -0.013288, -0.005814, 0.0, -0.011612, -0.493131, -0.869878, 0.272858, 0.008687, 0.869334, -0.49295, 1e-06, 0.0, 0.0, 0.0, 1.0],
                [0.999895, -0.013288, -0.005814, 0.0, -0.011612, -0.49313, -0.869878, 0.272858, 0.008687, 0.869334, -0.49295, 1e-06, 0.0, 0.0, 0.0, 1.0]
            ]
        },
        {
            "name": "Elbow_R",
            "time": [0.0, 0.0833, 0.2167, 0.6],
            "transform": [
                [-1.0, 0.0, -0.0, 0.0, 0.0, -0.0, -1.0, 0.33059, -0.0, -1.0, 0.0, -0.0, 0.0, 0.0, 0.0, 1.0],
                [-1.0, -0.0, -0.0, 0.0, 0.0, -0.0, -1.0, 0.33587, 0.0, -1.0, 0.0, 0.0, 0.0, 0.0, 0.0, 1.0],
                [-1.0, -0.0, -0.0, -0.0, 0.0, -0.0, -1.0, 0.3, 0.0, -1.0, 0.0, 0.0, 0.0, 0.0, 0.0, 1.0],
                [-1.0, -0.0, -0.0, -0.0, 0.0, -0.0, -1.0, 0.3, 0.0, -1.0, 0.0, -0.0, 0.0, 0.0, 0.0, 1.0]
            ]
        },
        {
            "name": "Shoulder_L",
            "time": [0.0, 0.05, 0.2333, 0.6],
            "transform": [
                [-0.133796, -0.948436, -0.287347, -0.0, -0.029377, -0.28603, 0.95777, 0.4, -0.990573, 0.136587, 0.010407, 0.0, 0.0, 0.0, 0.0, 1.0],
                [0.309715, -0.909086, -0.278637, -0.0, 0.026272, -0.284752, 0.958241, 0.4, -0.950466, -0.304102, -0.064308, -0.0, 0.0, 0.0, 0.0, 1.0],
                [-0.548011, -0.791234, -0.271353, -0.0, 0.107435, -0.388295, 0.915251, 0.4, -0.829543, 0.472415, 0.297796, -0.0, 0.0, 0.0, 0.0, 1.0],
                [-0.548011, -0.791234, -0.271353, -0.0, 0.107435, -0.388295, 0.915251, 0.4, -0.829543, 0.472415, 0.297796, -0.0, 0.0, 0.0, 0.0, 1.0]
            ]
        },
        {
            "name": "Arm_L",
            "time": [0.0, 0.05, 0.0833, 0.2333, 0.6],
            "transform": [
                [-0.188292, 0.365178, 0.911697, 0.0, -0.668579, 0.632329, -0.391359, 0.39386, -0.719408, -0.683231, 0.125088, 0.0, 0.0, 0.0, 0.0, 1.0],
                [0.18144, 0.282127, 0.942064, -0.0, -0.672635, 0.734432, -0.090398, 0.39386, -0.717386, -0.617262, 0.323024, 0.0, 0.0, 0.0, 0.0, 1.0],
                [0.014667, 0.897534, 0.440701, 0.0, -0.75681, 0.298012, -0.581745, 0.39386, -0.65347, -0.324995, 0.683634, 0.0, 0.0, 0.0, 0.0, 1.0],
                [0.405399, -0.714622, 0.570058, -0.0, -0.285131, 0.493639, 0.821596, 0.39386, -0.868534, -0.495616, -0.00364, 0.0, 0.0, 0.0, 0.0, 1.0],
                [0.405399, -0.714622, 0.570058, 0.0, -0.285131, 0.49364, 0.821596, 0.39386, -0.868534, -0.495616, -0.00364, -0.0, 0.0, 0.0, 0.0, 1.0]
            ]
        },
        {
            "name": "Hand_L",
            "time": [0.0, 0.05, 0.2333, 0.6],
            "transform": [
                [1.0, 0.0, 0.0, 0.0, -0.0, 0.437701, -0.899121, 0.3, -0.0, 0.899121, 0.437701, -0.0, 0.0, 0.0, 0.0, 1.0],
                [1.0, 0.0, -0.0, 0.0, 0.0, 0.412103, -0.911138, 0.3, -0.0, 0.911138, 0.412103, -0.0, 0.0, 0.0, 0.0, 1.0],
                [1.0, 0.0, 0.0, -0.0, -0.0, 0.407076, -0.913395, 0.3, -0.0, 0.913395, 0.407075, -0.0, 0.0, 0.0, 0.0, 1.0],
                [1.0, 0.0, 0.0, 0.0, -0.0, 0.407076, -0.913395, 0.3, 0.0, 0.913395, 0.407075, 0.0, 0.0, 0.0, 0.0, 1.0]
            ]
        },
        {
            "name": "Tool_L",
            "time": [0.0, 0.05, 0.2333, 0.6],
            "transform": [
                [1.0, 0.0, 0.0, 0.0, 0.0, -0.999836, 0.018122, 0.272858, 0.0, -0.018122, -0.999248, -0.0, 0.0, 0.0, 0.0, 1.0],
                [1.0, 0.0, 0.0, 0.0, 0.0, -0.999835, 0.018122, 0.272858, 0.0, -0.018122, -0.999247, -0.0, 0.0, 0.0, 0.0, 1.0],
                [1.0, -0.0, 0.0, 0.0, -0.0, -0.999836, 0.018122, 0.272858, 0.0, -0.018122, -0.999248, -0.0, 0.0, 0.0, 0.0, 1.0],
                [1.0, 0.0, 0.0, 0.0, -0.0, -0.999836, 0.018122, 0.272858, 0.0, -0.018122, -0.999248, -0.0, 0.0, 0.0, 0.0, 1.0]
            ]
        },
        {
            "name": "Elbow_L",
            "time": [0.0, 0.05, 0.2333, 0.6],
            "transform": [
                [-1.0, 0.0, 0.0, 0.0, 0.0, -0.0, -1.0, 0.41507, -0.0, -1.0, 0.0, -0.0, 0.0, 0.0, 0.0, 1.0],
                [-1.0, 0.0, -0.0, 0.0, 0.0, 0.0, -1.0, 0.41772, -0.0, -1.0, -0.0, -0.0, 0.0, 0.0, 0.0, 1.0],
                [-1.0, 0.0, 0.0, -0.0, 0.0, -0.0, -1.0, 0.418236, -0.0, -1.0, -0.0, -0.0, 0.0, 0.0, 0.0, 1.0],
                [-1.0, 0.0, -0.0, -0.0, 0.0, -0.0, -1.0, 0.418236, -0.0, -1.0, -0.0, 0.0, 0.0, 0.0, 0.0, 1.0]
            ]
        }
    ]
}