{
    "animation": [
        {
            "name": "Root",
            "time": [0.0, 0.1167, 0.2, 0.3, 0.6167],
            "transform": [
                [0.999988, 0.000268, -0.004942, -5e-06, -0.004946, 0.01736, -0.999837, 0.000946, -0.000182, 0.999849, 0.017361, 0.747762, 0.0, 0.0, 0.0, 1.0],
                [1.0, 0.0, 0.0, -5e-06, 0.0, 0.0, -1.0, 0.000946, 0.0, 1.0, 0.0, 0.763972, 0.0, 0.0, 0.0, 1.0],
                [1.0, 0.0, 0.0, -5e-06, 0.0, 0.391027, -0.920379, 0.000946, 0.0, 0.920379, 0.391027, 0.587479, 0.0, 0.0, 0.0, 1.0],
                [1.0, 0.0, 0.0, -5e-06, 0.0, 0.427436, -0.904046, 0.000946, 0.0, 0.904046, 0.427436, 0.569829, 0.0, 0.0, 0.0, 1.0],
                [1.0, 0.0, 0.0, -5e-06, 0.0, 0.427436, -0.904046, 0.000946, 0.0, 0.904046, 0.427436, 0.569829, 0.0, 0.0, 0.0, 1.0]
            ]
        },
        {
            "name": "Thigh_R",
            "time": [0.0, 0.1167, 0.2, 0.3, 0.6167],
            "transform": [
                [0.999925, 0.005529, 0.010837, 0.124994, 0.005535, -0.999982, -0.000457, -0.002831, 0.010834, 0.000518, -0.999942, -1.2e-05, 0.0, 0.0, 0.0, 1.0],
                [1.0, -0.0, -0.0, 0.124994, 0.0, -0.999998, 1e-06, -0.002831, -0.0, -0.0, -1.0, -1.2e-05, 0.0, 0.0, 0.0, 1.0],
                [0.994019, 0.09271, -0.057711, 0.127022, 0.102576, -0.61133, 0.784699, -0.003915, 0.03747, -0.785923, -0.617186, 0.001446, 0.0, 0.0, 0.0, 1.0],
                [0.9929, 0.098101, -0.067268, 0.127225, 0.109812, -0.538619, 0.835362, -0.004023, 0.045718, -0.836816, -0.54557, 0.001592, 0.0, 0.0, 0.0, 1.0],
                [0.9929, 0.098101, -0.067268, 0.127225, 0.109812, -0.538619, 0.835362, -0.004023, 0.045718, -0.836816, -0.54557, 0.001592, 0.0, 0.0, 0.0, 1.0]
            ]
        },
        {
            "name": "Leg_R",
            "time": [0.0, 0.1167, 0.2, 0.3, 0.6167],
            "transform": [
                [1.0, 0.000184, 5e-06, 0.0, -0.00018, 0.9667, 0.255916, 0.37472, 4.3e-05, -0.255916, 0.966698, 0.0, 0.0, 0.0, 0.0, 1.0],
                [1.0, 0.0002, 7e-06, -0.0, -0.000194, 0.961196, 0.275868, 0.37472, 4.8e-05, -0.275868, 0.961195, -0.0, 0.0, 0.0, 0.0, 1.0],
                [0.999999, 0.001036, -0.000921, -0.0, -0.000266, 0.795478, 0.605983, 0.37472, 0.001361, -0.605983, 0.795476, -0.0, 0.0, 0.0, 0.0, 1.0],
                [0.999999, 0.001137, -0.000995, 0.0, -0.000246, 0.772563, 0.634939, 0.37472, 0.00149, -0.634939, 0.772561, -0.0, 0.0, 0.0, 0.0, 1.0],
                [0.999999, 0.001137, -0.000995, 0.0, -0.000246, 0.772563, 0.634939, 0.37472, 0.00149, -0.634939, 0.772561, -0.0, 0.0, 0.0, 0.0, 1.0]
            ]
        },
        {
            "name": "Knee_R",
            "time": [0.0, 0.1167, 0.2, 0.3, 0.6167],
            "transform": [
                [1.0, 0.0, -0.0, 0.0, -0.0, 1e-06, -1.0, 0.37472, -0.0, 1.0, 1e-06, 0.0, 0.0, 0.0, 0.0, 1.0],
                [1.0, 0.0, -0.0, -0.0, -0.0, 1e-06, -1.0, 0.37472, -0.0, 1.0, 1e-06, -0.0, 0.0, 0.0, 0.0, 1.0],
                [1.0, 0.0, -0.0, -4.3e-05, -0.0, 1e-06, -1.0, 0.397406, -0.0, 1.0, 1e-06, -0.002063, 0.0, 0.0, 0.0, 1.0],
                [1.0, 0.0, -0.0, -4.8e-05, -0.0, 1e-06, -1.0, 0.399675, -0.0, 1.0, 1e-06, -0.00227, 0.0, 0.0, 0.0, 1.0],
                [1.0, 0.0, -0.0, -4.8e-05, -0.0, 1e-06, -1.0, 0.399675, -0.0, 1.0, 1e-06, -0.00227, 0.0, 0.0, 0.0, 1.0]
            ]
        },
        {
            "name": "Thigh_L",
            "time": [0.0, 0.1167, 0.2, 0.3, 0.6167],
            "transform": [
                [0.997469, -0.044403, -0.055523, -0.125006, -0.018785, -0.917827, 0.396535, -0.002831, -0.068568, -0.394488, -0.916339, -1.2e-05, 0.0, 0.0, 0.0, 1.0],
                [0.997585, -0.044978, -0.052931, -0.125006, -0.019689, -0.91389, 0.405483, -0.002831, -0.066611, -0.403461, -0.912569, -1.2e-05, 0.0, 0.0, 0.0, 1.0],
                [0.989427, -0.107824, 0.096998, -0.124975, -0.132328, -0.397398, 0.908055, -0.00192, -0.059364, -0.911289, -0.407465, 0.000319, 0.0, 0.0, 0.0, 1.0],
                [0.987713, -0.107623, 0.113312, -0.124971, -0.142949, -0.329207, 0.933374, -0.001828, -0.06315, -0.938104, -0.340548, 0.000352, 0.0, 0.0, 0.0, 1.0],
                [0.987713, -0.107623, 0.113312, -0.124971, -0.142949, -0.329207, 0.933374, -0.001828, -0.06315, -0.938104, -0.340548, 0.000352, 0.0, 0.0, 0.0, 1.0]
            ]
        },
        {
            "name": "Leg_L",
            "time": [0.0, 0.1167, 0.2, 0.3, 0.6167],
            "transform": [
                [0.999994, 0.00334, -0.001264, -0.0, -0.001252, 0.65944, 0.751756, 0.37472, 0.003345, -0.751749, 0.65944, -0.0, 0.0, 0.0, 0.0, 1.0],
                [0.999993, 0.00364, -0.001236, 0.0, -0.001224, 0.606261, 0.795265, 0.37472, 0.003644, -0.795257, 0.606261, -0.0, 0.0, 0.0, 0.0, 1.0],
                [0.999991, 0.004016, -0.001171, 0.0, -0.001157, 0.534664, 0.845064, 0.37472, 0.00402, -0.845055, 0.534664, 0.0, 0.0, 0.0, 0.0, 1.0],
                [0.999991, 0.004053, -0.001163, -0.0, -0.001149, 0.527355, 0.849644, 0.37472, 0.004057, -0.849635, 0.527356, -0.0, 0.0, 0.0, 0.0, 1.0],
                [0.999991, 0.004053, -0.001163, -0.0, -0.001149, 0.527355, 0.849644, 0.37472, 0.004057, -0.849635, 0.527356, -0.0, 0.0, 0.0, 0.0, 1.0]
            ]
        },
        {
            "name": "Knee_L",
            "time": [0.0, 0.1167, 0.2, 0.3, 0.6167],
            "transform": [
                [1.0, 0.0, -0.0, 0.0, -0.0, 1e-06, -1.0, 0.415717, -0.0, 1.0, 1e-06, -0.0, 0.0, 0.0, 0.0, 1.0],
                [1.0, 0.0, -0.0, 0.0, -0.0, 1e-06, -1.0, 0.419134, -0.0, 1.0, 1e-06, -0.0, 0.0, 0.0, 0.0, 1.0],
                [1.0, 0.0, -0.0, 0.0, -0.0, 1e-06, -1.0, 0.423542, -0.0, 1.0, 1e-06, -0.0, 0.0, 0.0, 0.0, 1.0],
                [1.0, 0.0, -0.0, 0.0, -0.0, 1e-06, -1.0, 0.423983, -0.0, 1.0, 1e-06, -0.0, 0.0, 0.0, 0.0, 1.0],
                [1.0, 0.0, -0.0, 0.0, -0.0, 1e-06, -1.0, 0.423983, -0.0, 1.0, 1e-06, -0.0, 0.0, 0.0, 0.0, 1.0]
            ]
        },
        {
            "name": "Torso",
            "time": [0.0, 0.1167, 0.2, 0.3, 0.6167],
            "transform": [
                [0.999904, -0.013857, -0.000155, 0.0, 0.01383, 0.998519, -0.052607, 0.05, 0.000883, 0.052599, 0.998615, 0.0, 0.0, 0.0, 0.0, 1.0],
                [0.999904, -0.013857, -0.000155, 0.0, 0.013824, 0.998172, -0.058841, 0.05, 0.00097, 0.058833, 0.998267, 0.0, 0.0, 0.0, 0.0, 1.0],
                [0.999999, -0.001259, -4.8e-05, 0.0, 0.001259, 0.999985, -0.005351, 0.05, 5.4e-05, 0.005351, 0.999986, 0.0, 0.0, 0.0, 0.0, 1.0],
                [1.0, 0.0, 0.0, 0.0, 0.0, 1.0, 0.0, 0.05, 0.0, 0.0, 1.0, 0.0, 0.0, 0.0, 0.0, 1.0],
                [1.0, 0.0, 0.0, 0.0, 0.0, 1.0, 0.0, 0.05, 0.0, 0.0, 1.0, 0.0, 0.0, 0.0, 0.0, 1.0]
            ]
        },
        {
            "name": "Chest",
            "time": [0.0, 0.1167, 0.2, 0.3, 0.6167],
            "transform": [
                [0.999999, -0.001525, -0.000828, 0.0, 0.001471, 0.998092, -0.061731, 0.3, 0.000921, 0.06173, 0.998092, 0.0, 0.0, 0.0, 0.0, 1.0],
                [1.0, -2.2e-05, -0.000947, -0.0, -4.3e-05, 0.997663, -0.06833, 0.3, 0.000947, 0.06833, 0.997662, 0.0, 0.0, 0.0, 0.0, 1.0],
                [1.0, 5e-06, -8.6e-05, -0.0, 3e-06, 0.996125, 0.087947, 0.3, 8.6e-05, -0.087947, 0.996125, -0.0, 0.0, 0.0, 0.0, 1.0],
                [1.0, 0.0, 0.0, 0.0, 0.0, 0.994629, 0.103503, 0.3, 0.0, -0.103504, 0.994629, -0.0, 0.0, 0.0, 0.0, 1.0],
                [1.0, 0.0, 0.0, 0.0, 0.0, 0.994629, 0.103503, 0.3, 0.0, -0.103504, 0.994629, -0.0, 0.0, 0.0, 0.0, 1.0]
            ]
        },
        {
            "name": "Head",
            "time": [0.0, 0.1167, 0.2, 0.3, 0.6167],
            "transform": [
                [0.999983, 0.001198, 0.005664, 0.0, -0.001708, 0.995868, 0.0908, 0.4, -0.005532, -0.090808, 0.995853, -0.0, 0.0, 0.0, 0.0, 1.0],
                [0.999998, -0.000134, 0.001775, 0.0, -9.5e-05, 0.991748, 0.128199, 0.4, -0.001778, -0.128199, 0.991747, -0.0, 0.0, 0.0, 0.0, 1.0],
                [1.0, -0.000449, -0.000893, -0.0, 5.6e-05, 0.916967, -0.398964, 0.4, 0.000998, 0.398963, 0.916966, 0.0, 0.0, 0.0, 0.0, 1.0],
                [0.999999, -0.000558, -0.00114, 0.0, -1.1e-05, 0.894336, -0.447396, 0.4, 0.001269, 0.447395, 0.894335, -0.0, 0.0, 0.0, 0.0, 1.0],
                [0.999999, -0.000558, -0.00114, 0.0, -1.1e-05, 0.894336, -0.447396, 0.4, 0.001269, 0.447395, 0.894335, -0.0, 0.0, 0.0, 0.0, 1.0]
            ]
        },
        {
            "name": "Shoulder_R",
            "time": [0.0, 0.1167, 0.2, 0.3, 0.6167],
            "transform": [
                [-0.378579, 0.894582, 0.237485, 0.0, -0.004287, -0.258275, 0.966062, 0.4, 0.925558, 0.364713, 0.101613, -0.0, 0.0, 0.0, 0.0, 1.0],
                [-0.408118, 0.883448, 0.230127, 0.0, -0.005497, -0.254448, 0.967071, 0.4, 0.912912, 0.393414, 0.108701, -0.0, 0.0, 0.0, 0.0, 1.0],
                [0.552285, 0.826004, -0.112685, -0.0, 0.140537, 0.040986, 0.989227, 0.4, 0.821724, -0.562172, -0.093449, 0.0, 0.0, 0.0, 0.0, 1.0],
                [0.624757, 0.765844, -0.152187, 0.0, 0.168122, 0.058395, 0.984035, 0.4, 0.762504, -0.640369, -0.092272, -0.0, 0.0, 0.0, 0.0, 1.0],
                [0.624757, 0.765844, -0.152187, 0.0, 0.168122, 0.058395, 0.984035, 0.4, 0.762504, -0.640369, -0.092272, -0.0, 0.0, 0.0, 0.0, 1.0]
            ]
        },
        {
            "name": "Arm_R",
            "time": [0.0, 0.1167, 0.2, 0.3, 0.6167],
            "transform": [
                [0.995238, 0.043911, 0.087028, 0.0, -0.032894, 0.991711, -0.124207, 0.39386, -0.09176, 0.120752, 0.988432, 0.0, 0.0, 0.0, 0.0, 1.0],
                [0.977519, 0.095567, 0.187948, 0.0, -0.053863, 0.974992, -0.215617, 0.39386, -0.203853, 0.200646, 0.95822, -0.0, 0.0, 0.0, 0.0, 1.0],
                [-0.193276, -0.767843, -0.610788, -0.0, 0.70675, -0.540758, 0.456164, 0.39386, -0.680551, -0.343508, 0.647188, -0.0, 0.0, 0.0, 0.0, 1.0],
                [-0.291766, -0.661169, -0.691179, 0.0, 0.61159, -0.684555, 0.396664, 0.393861, -0.735412, -0.306985, 0.604094, 0.0, 0.0, 0.0, 0.0, 1.0],
                [-0.291766, -0.661169, -0.691179, 0.0, 0.61159, -0.684555, 0.396664, 0.393861, -0.735412, -0.306985, 0.604094, 0.0, 0.0, 0.0, 0.0, 1.0]
            ]
        },
        {
            "name": "Hand_R",
            "time": [0.0, 0.1167, 0.2, 0.3, 0.6167],
            "transform": [
                [1.0, -0.0, 0.0, -0.0, 0.0, 0.924981, -0.380014, 0.3, -0.0, 0.380014, 0.924981, 0.0, 0.0, 0.0, 0.0, 1.0],
                [1.0, -0.0, 0.0, -0.0, 0.0, 0.924981, -0.380014, 0.3, -0.0, 0.380014, 0.924981, 0.0, 0.0, 0.0, 0.0, 1.0],
                [1.0, -0.0, 0.0, -0.0, 0.0, 0.997769, 0.066763, 0.3, -0.0, -0.066763, 0.997769, 0.0, 0.0, 0.0, 0.0, 1.0],
                [1.0, -0.0, 0.0, -0.0, -0.0, 0.993938, 0.109947, 0.3, -0.0, -0.109947, 0.993938, -0.0, 0.0, 0.0, 0.0, 1.0],
                [1.0, -0.0, 0.0, -0.0, -0.0, 0.993938, 0.109947, 0.3, -0.0, -0.109947, 0.993938, -0.0, 0.0, 0.0, 0.0, 1.0]
            ]
        },
        {
            "name": "Tool_R",
            "time": [0.0, 0.1167, 0.2, 0.3, 0.6167],
            "transform": [
                [0.537025, 0.062622, -0.841233, 0.0, -0.375791, -0.875068, -0.305024, 0.272858, -0.754812, 0.47964, -0.446128, 0.0, 0.0, 0.0, 0.0, 1.0],
                [0.470576, 0.088901, -0.877862, 0.0, -0.413961, -0.856385, -0.308616, 0.272858, -0.778786, 0.508317, -0.36597, -0.0, 0.0, 0.0, 0.0, 1.0],
                [0.995521, 0.031769, -0.089188, 0.0, -0.06311, -0.479567, -0.875222, 0.272858, -0.070537, 0.876406, -0.47513, 0.0, 0.0, 0.0, 0.0, 1.0],
                [1.000013, -0.0, 0.0, 0.0, 0.0, -0.442239, -0.896887, 0.272858, 0.0, 0.896362, -0.441981, 0.0, 0.0, 0.0, 0.0, 1.0],
                [1.000013, -0.0, 0.0, 0.0, 0.0, -0.442239, -0.896887, 0.272858, 0.0, 0.896362, -0.441981, 0.0, 0.0, 0.0, 0.0, 1.0]
            ]
        },
        {
            "name": "Elbow_R",
            "time": [0.0, 0.1167, 0.2, 0.3, 0.6167],
            "transform": [
                [-1.0, 0.0, -0.0, 0.0, -0.0, -0.0, -1.0, 0.345795, -0.0, -1.0, 0.0, 0.0, 0.0, 0.0, 0.0, 1.0],
                [-1.0, 0.0, -0.0, -0.0, 0.0, -0.0, -1.0, 0.349611, -0.0, -1.0, 0.0, 0.0, 0.0, 0.0, 0.0, 1.0],
                [-1.0, 0.0, 0.0, -0.0, -0.0, -0.0, -1.0, 0.30451, -0.0, -1.0, 0.0, 0.0, 0.0, 0.0, 0.0, 1.0],
                [-1.0, 0.0, -0.0, -0.0, 0.0, -0.0, -1.0, 0.3, -0.0, -1.0, 0.0, -0.0, 0.0, 0.0, 0.0, 1.0],
                [-1.0, 0.0, -0.0, -0.0, 0.0, -0.0, -1.0, 0.3, -0.0, -1.0, 0.0, -0.0, 0.0, 0.0, 0.0, 1.0]
            ]
        },
        {
            "name": "Shoulder_L",
            "time": [0.0, 0.1167, 0.2, 0.3, 0.6167],
            "transform": [
                [-0.401547, -0.886375, -0.230433, 0.0, 0.016195, -0.258441, 0.965891, 0.4, -0.915695, 0.384119, 0.118131, -0.0, 0.0, 0.0, 0.0, 1.0],
                [-0.423633, -0.877815, -0.223553, 0.0, 0.017936, -0.254872, 0.966808, 0.4, -0.905656, 0.405562, 0.123716, -0.0, 0.0, 0.0, 0.0, 1.0],
                [0.480776, -0.875262, 0.052636, -0.0, -0.111789, -0.001645, 0.993731, 0.4, -0.869688, -0.483646, -0.098635, 0.0, 0.0, 0.0, 0.0, 1.0],
                [0.554533, -0.827535, 0.087627, 0.0, -0.135395, 0.014176, 0.99069, 0.4, -0.821073, -0.561235, -0.104183, -0.0, 0.0, 0.0, 0.0, 1.0],
                [0.554533, -0.827535, 0.087627, 0.0, -0.135395, 0.014176, 0.99069, 0.4, -0.821073, -0.561235, -0.104183, -0.0, 0.0, 0.0, 0.0, 1.0]
            ]
        },
        {
            "name": "Arm_L",
            "time": [0.0, 0.1167, 0.2, 0.3, 0.6167],
            "transform": [
                [0.973926, 0.119365, -0.192925, 0.0, -0.148826, 0.977995, -0.146205, 0.39386, 0.171228, 0.171106, 0.97026, -0.0, 0.0, 0.0, 0.0, 1.0],
                [0.952053, 0.064401, -0.299078, 0.0, -0.136743, 0.964083, -0.227694, 0.39386, 0.273672, 0.257674, 0.926665, 0.0, 0.0, 0.0, 0.0, 1.0],
                [-0.075414, 0.894308, 0.44105, 0.0, -0.648453, -0.379995, 0.659631, 0.39386, 0.75751, -0.236254, 0.608574, 0.0, 0.0, 0.0, 0.0, 1.0],
                [-0.160968, 0.823522, 0.543968, 0.0, -0.571264, -0.527187, 0.629072, 0.39386, 0.804827, -0.209489, 0.555309, -0.0, 0.0, 0.0, 0.0, 1.0],
                [-0.160968, 0.823522, 0.543968, 0.0, -0.571264, -0.527187, 0.629072, 0.39386, 0.804827, -0.209489, 0.555309, -0.0, 0.0, 0.0, 0.0, 1.0]
            ]
        },
        {
            "name": "Hand_L",
            "time": [0.0, 0.1167, 0.2, 0.3, 0.6167],
            "transform": [
                [1.0, 0.0, 0.0, 0.0, -0.0, 0.924981, -0.380014, 0.3, -0.0, 0.380014, 0.924981, 0.0, 0.0, 0.0, 0.0, 1.0],
                [1.0, 0.0, 0.0, -0.0, -0.0, 0.924981, -0.380014, 0.3, 0.0, 0.380014, 0.924981, 0.0, 0.0, 0.0, 0.0, 1.0],
                [1.0, -0.0, 0.0, 0.0, -0.0, 0.997769, 0.066763, 0.3, -0.0, -0.066763, 0.997769, -0.0, 0.0, 0.0, 0.0, 1.0],
                [1.0, 0.0, 0.0, 0.0, -0.0, 0.993938, 0.109947, 0.3, -0.0, -0.109947, 0.993938, -0.0, 0.0, 0.0, 0.0, 1.0],
                [1.0, 0.0, 0.0, 0.0, -0.0, 0.993938, 0.109947, 0.3, -0.0, -0.109947, 0.993938, -0.0, 0.0, 0.0, 0.0, 1.0]
            ]
        },
        {
            "name": "Tool_L",
            "time": [0.0, 0.1167, 0.2, 0.3, 0.6167],
            "transform": [
                [0.578722, -0.056905, 0.813537, 0.0, 0.316139, -0.903905, -0.288116, 0.272858, 0.751316, 0.423671, -0.504827, 0.0, 0.0, 0.0, 0.0, 1.0],
                [0.516802, -0.079385, 0.852416, 0.0, 0.349954, -0.889114, -0.294973, 0.272858, 0.780856, 0.450474, -0.431464, 0.0, 0.0, 0.0, 0.0, 1.0],
                [0.995893, -0.032431, 0.084529, 0.0, 0.057951, -0.488989, -0.870363, 0.272858, 0.069521, 0.871169, -0.484826, -0.0, 0.0, 0.0, 0.0, 1.0],
                [1.0, -0.0, 0.0, -0.0, -0.0, -0.44646, -0.894804, 0.272858, 0.0, 0.894272, -0.446207, -0.0, 0.0, 0.0, 0.0, 1.0],
                [1.0, -0.0, 0.0, -0.0, -0.0, -0.44646, -0.894804, 0.272858, 0.0, 0.894272, -0.446207, -0.0, 0.0, 0.0, 0.0, 1.0]
            ]
        },
        {
            "name": "Elbow_L",
            "time": [0.0, 0.1167, 0.2, 0.3, 0.6167],
            "transform": [
                [-1.0, 0.0, -0.0, -2.9e-05, 0.0, -0.0, -1.0, 0.354152, -0.0, -1.0, -0.0, -0.000512, 0.0, 0.0, 0.0, 1.0],
                [-1.0, 0.0, -0.0, -1.7e-05, 0.0, -0.0, -1.0, 0.354514, -0.0, -1.0, -0.0, -0.0003, 0.0, 0.0, 0.0, 1.0],
                [-1.0, 0.0, -0.0, -2e-06, 0.0, -0.0, -1.0, 0.304956, -0.0, -1.0, -0.0, -2.7e-05, 0.0, 0.0, 0.0, 1.0],
                [-1.0, 0.0, -0.0, 0.0, 0.0, -0.0, -1.0, 0.3, -0.0, -1.0, -0.0, -0.0, 0.0, 0.0, 0.0, 1.0],
                [-1.0, 0.0, -0.0, 0.0, 0.0, -0.0, -1.0, 0.3, -0.0, -1.0, -0.0, -0.0, 0.0, 0.0, 0.0, 1.0]
            ]
        }
    ]
}