{
    "animation": [
        {
            "name": "Root",
            "time": [0.0, 0.1, 0.1833, 0.3333, 0.6],
            "transform": [
                [0.693915, -0.002107, -0.720054, -5e-06, -0.678905, -0.335133, -0.653279, 0.524422, -0.239938, 0.942168, -0.233984, 0.607598, 0.0, 0.0, 0.0, 1.0],
                [0.693915, -0.002107, -0.720054, -5e-06, -0.688838, -0.2932, -0.662975, 0.800057, -0.209723, 0.956049, -0.204907, 0.607598, 0.0, 0.0, 0.0, 1.0],
                [0.948067, 0.070393, 0.310184, -5e-06, 0.226746, 0.534325, -0.814299, 1.873084, -0.22306, 0.842343, 0.490614, 0.607598, 0.0, 0.0, 0.0, 1.0],
                [0.890664, 0.00049, 0.454663, -5e-06, 0.355137, 0.623658, -0.696369, 2.00214, -0.283895, 0.781698, 0.555295, 0.607598, 0.0, 0.0, 0.0, 1.0],
                [0.890664, 0.00049, 0.454663, -5e-06, 0.355137, 0.623658, -0.696369, 2.00214, -0.283895, 0.781698, 0.555295, 0.607598, 0.0, 0.0, 0.0, 1.0]
            ]
        },
        {
            "name": "Thigh_R",
            "time": [0.0, 0.1, 0.15, 0.1833, 0.25, 0.6],
            "transform": [
                [0.698398, 0.715439, 0.01963, 0.124994, 0.698982, -0.675921, -0.233564, -0.002831, -0.153833, 0.176842, -0.972143, -1.2e-05, 0.0, 0.0, 0.0, 1.0],
                [0.709835, 0.66685, 0.22681, 0.124994, 0.687082, -0.584633, -0.431418, -0.002831, -0.155091, 0.462072, -0.873176, -1.2e-05, 0.0, 0.0, 0.0, 1.0],
                [0.917061, 0.3762, 0.132177, 0.141625, 0.087351, -0.512967, 0.853952, -0.002822, 0.38906, -0.771579, -0.503285, 0.008477, 0.0, 0.0, 0.0, 1.0],
                [0.951435, 0.275856, -0.136649, 0.153994, 0.042654, 0.321477, 0.945956, -0.002815, 0.304878, -0.905843, 0.294099, 0.014791, 0.0, 0.0, 0.0, 1.0],
                [0.885546, 0.464275, -0.016009, 0.158648, -0.051336, 0.132051, 0.989913, -0.002812, 0.461706, -0.87579, 0.140771, 0.017168, 0.0, 0.0, 0.0, 1.0],
                [0.885546, 0.464275, -0.016009, 0.158648, -0.051336, 0.132051, 0.989913, -0.002812, 0.461706, -0.87579, 0.140771, 0.017167, 0.0, 0.0, 0.0, 1.0]
            ]
        },
        {
            "name": "Leg_R",
            "time": [0.0, 0.1, 0.15, 0.1833, 0.25, 0.6],
            "transform": [
                [1.0, -0.0, 1e-06, 0.0, -0.0, 0.794446, 0.607335, 0.37472, -1e-06, -0.607336, 0.794445, 0.0, 0.0, 0.0, 0.0, 1.0],
                [1.0, 0.0, 1e-06, 0.0, -0.0, 0.989002, 0.147906, 0.37472, -0.0, -0.147906, 0.989001, -0.0, 0.0, 0.0, 0.0, 1.0],
                [1.0, -1e-06, 0.0, 0.0, -0.0, -0.108621, 0.994082, 0.37472, -1e-06, -0.994084, -0.108621, 0.0, 0.0, 0.0, 0.0, 1.0],
                [1.0, -1e-06, 0.0, 0.0, -0.0, -0.122257, 0.992498, 0.37472, -1e-06, -0.992499, -0.122257, -0.0, 0.0, 0.0, 0.0, 1.0],
                [1.0, -1e-06, 1e-06, -0.0, -0.0, 0.468932, 0.883234, 0.37472, -1e-06, -0.883235, 0.468932, -0.0, 0.0, 0.0, 0.0, 1.0],
                [1.0, -1e-06, 1e-06, 0.0, -0.0, 0.468932, 0.883234, 0.37472, -1e-06, -0.883235, 0.468931, 0.0, 0.0, 0.0, 0.0, 1.0]
            ]
        },
        {
            "name": "Knee_R",
            "time": [0.0, 0.1, 0.15, 0.1833, 0.25, 0.6],
            "transform": [
                [1.0, 0.0, -0.0, 0.0, -0.0, 1e-06, -1.0, 0.397283, -0.0, 1.0, 1e-06, 0.0, 0.0, 0.0, 0.0, 1.0],
                [1.0, 0.0, -0.0, -0.0, -0.0, 1e-06, -1.0, 0.37472, -0.0, 1.0, 1e-06, 0.0, 0.0, 0.0, 0.0, 1.0],
                [1.0, 0.0, -0.0, 0.0, -0.0, 1e-06, -1.0, 0.47972, -0.0, 1.0, 1e-06, 0.0, 0.0, 0.0, 0.0, 1.0],
                [1.0, 0.0, -0.0, 0.0, -0.0, 1e-06, -1.0, 0.47972, -0.0, 1.0, 1e-06, -0.0, 0.0, 0.0, 0.0, 1.0],
                [1.0, 0.0, -0.0, 0.0, -0.0, 1e-06, -1.0, 0.435894, -0.0, 1.0, 1e-06, -0.0, 0.0, 0.0, 0.0, 1.0],
                [1.0, 0.0, -0.0, 0.0, -0.0, 1e-06, -1.0, 0.435895, -0.0, 1.0, 1e-06, 0.0, 0.0, 0.0, 0.0, 1.0]
            ]
        },
        {
            "name": "Thigh_L",
            "time": [0.0, 0.1, 0.15, 0.1833, 0.3333, 0.6],
            "transform": [
                [0.722216, -0.361704, -0.589553, -0.125006, -0.0327, -0.869269, 0.493257, -0.00283, -0.690893, -0.33696, -0.639628, -1.1e-05, 0.0, 0.0, 0.0, 1.0],
                [0.696417, -0.409822, -0.589109, -0.125007, -0.026783, -0.835171, 0.549337, -0.00283, -0.717137, -0.36679, -0.592604, -1.1e-05, 0.0, 0.0, 0.0, 1.0],
                [0.962389, 0.099327, -0.252865, -0.125007, 0.174814, -0.938887, 0.296533, -0.002831, -0.207958, -0.329584, -0.920938, -1.2e-05, 0.0, 0.0, 0.0, 1.0],
                [0.967377, 0.0925, 0.23585, -0.125006, 0.08796, -0.99568, 0.029724, -0.002831, 0.23758, -0.008008, -0.971334, -1.1e-05, 0.0, 0.0, 0.0, 1.0],
                [0.929215, 0.101231, 0.355403, -0.125007, 0.020333, -0.974296, 0.224352, -0.00283, 0.368979, -0.201245, -0.907389, -1.2e-05, 0.0, 0.0, 0.0, 1.0],
                [0.928792, 0.101414, 0.356454, -0.125007, 0.020237, -0.974274, 0.224457, -0.00283, 0.370047, -0.20126, -0.90695, -1.2e-05, 0.0, 0.0, 0.0, 1.0]
            ]
        },
        {
            "name": "Leg_L",
            "time": [0.0, 0.1, 0.15, 0.1833, 0.3333, 0.6],
            "transform": [
                [1.0, -1e-06, 1e-06, 0.0, -0.0, 0.797989, 0.602672, 0.37472, -1e-06, -0.602672, 0.79799, -0.0, 0.0, 0.0, 0.0, 1.0],
                [1.0, -1e-06, 1e-06, -0.0, -0.0, 0.486387, 0.873744, 0.37472, -1e-06, -0.873743, 0.486387, -0.0, 0.0, 0.0, 0.0, 1.0],
                [1.0, -1e-06, 1e-06, 0.0, -0.0, 0.537681, 0.843149, 0.37472, -1e-06, -0.843148, 0.537681, 0.0, 0.0, 0.0, 0.0, 1.0],
                [1.0, -0.0, 1e-06, 0.0, -0.0, 0.984798, 0.1737, 0.37472, -1e-06, -0.1737, 0.984799, 0.0, 0.0, 0.0, 0.0, 1.0],
                [1.0, -0.0, 1e-06, -0.0, -0.0, 0.959442, 0.281903, 0.37472, -1e-06, -0.281903, 0.959443, -0.0, 0.0, 0.0, 0.0, 1.0],
                [1.0, 0.0, 1e-06, -0.0, -0.0, 0.95943, 0.281945, 0.37472, -1e-06, -0.281945, 0.959431, -0.0, 0.0, 0.0, 0.0, 1.0]
            ]
        },
        {
            "name": "Knee_L",
            "time": [0.0, 0.1, 0.15, 0.1833, 0.3333, 0.6],
            "transform": [
                [1.0, 0.0, -0.0, 0.0, -0.0, 1e-06, -1.0, 0.396757, -0.0, 1.0, 1e-06, -0.0, 0.0, 0.0, 0.0, 1.0],
                [1.0, 0.0, -0.0, 0.0, -0.0, 1e-06, -1.0, 0.43411, -0.0, 1.0, 0.0, -0.0, 0.0, 0.0, 0.0, 1.0],
                [1.0, 0.0, -0.0, 0.0, -0.0, 1e-06, -1.0, 0.428747, -0.0, 1.0, 1e-06, 0.0, 0.0, 0.0, 0.0, 1.0],
                [1.0, 0.0, -0.0, 0.0, -0.0, 1e-06, -1.0, 0.37472, -0.0, 1.0, 1e-06, -0.0, 0.0, 0.0, 0.0, 1.0],
                [1.0, 0.0, -0.0, 0.0, -0.0, 1e-06, -1.0, 0.37472, -0.0, 1.0, 1e-06, -0.0, 0.0, 0.0, 0.0, 1.0],
                [1.0, 0.0, -0.0, -0.0, -0.0, 1e-06, -1.0, 0.37472, -0.0, 1.0, 1e-06, 0.0, 0.0, 0.0, 0.0, 1.0]
            ]
        },
        {
            "name": "Torso",
            "time": [0.0, 0.1833, 0.6],
            "transform": [
                [1.0, -0.0, -0.0, 0.0, -0.0, 1.0, -0.0, 0.05, -0.0, -0.0, 1.0, 0.0, 0.0, 0.0, 0.0, 1.0],
                [1.0, 0.0, 0.0, -0.0, -0.0, 1.0, -0.0, 0.05, 0.0, -0.0, 1.0, -0.0, 0.0, 0.0, 0.0, 1.0],
                [1.0, -0.0, 0.0, 0.0, 0.0, 1.0, -0.0, 0.05, -0.0, 0.0, 1.0, -0.0, 0.0, 0.0, 0.0, 1.0]
            ]
        },
        {
            "name": "Chest",
            "time": [0.0, 0.1833, 0.25, 0.6],
            "transform": [
                [0.979636, -0.199878, -0.01904, -0.0, 0.199763, 0.960724, 0.192627, 0.3, -0.020209, -0.192507, 0.981088, 0.0, 0.0, 0.0, 0.0, 1.0],
                [0.999968, -0.007975, -7e-06, 0.0, 0.007974, 0.999939, 0.007674, 0.3, -5.4e-05, -0.007674, 0.999971, 0.0, 0.0, 0.0, 0.0, 1.0],
                [1.0, 0.0, 0.0, -0.0, -0.0, 1.0, 0.0, 0.3, -0.0, 0.0, 1.0, 0.0, 0.0, 0.0, 0.0, 1.0],
                [1.0, 0.0, -0.0, -0.0, -0.0, 1.0, -0.0, 0.3, -0.0, 0.0, 1.0, -0.0, 0.0, 0.0, 0.0, 1.0]
            ]
        },
        {
            "name": "Head",
            "time": [0.0, 0.1, 0.1833, 0.25, 0.6],
            "transform": [
                [0.693181, -0.04762, 0.719189, 0.0, -0.001291, 0.997732, 0.067308, 0.4, -0.720763, -0.047585, 0.691547, -0.0, 0.0, 0.0, 0.0, 1.0],
                [0.69321, -0.01244, 0.720628, 0.0, -0.001242, 0.999829, 0.018455, 0.4, -0.720735, -0.013688, 0.693076, -0.0, 0.0, 0.0, 0.0, 1.0],
                [0.951186, -0.20599, -0.229812, 0.0, 0.057649, 0.850134, -0.523401, 0.4, 0.303186, 0.484603, 0.820511, 0.0, 0.0, 0.0, 0.0, 1.0],
                [0.890388, -0.274766, -0.362922, -0.0, 0.012871, 0.812155, -0.583299, 0.4, 0.45502, 0.514692, 0.72667, 0.0, 0.0, 0.0, 0.0, 1.0],
                [0.890388, -0.274766, -0.362922, 0.0, 0.012871, 0.812155, -0.583299, 0.4, 0.45502, 0.514692, 0.72667, -0.0, 0.0, 0.0, 0.0, 1.0]
            ]
        },
        {
            "name": "Shoulder_R",
            "time": [0.0, 0.15, 0.2167, 0.6],
            "transform": [
                [-0.277244, 0.918898, 0.280645, 0.0, -0.013409, -0.295767, 0.955166, 0.4, 0.960706, 0.261051, 0.094321, -0.0, 0.0, 0.0, 0.0, 1.0],
                [0.159593, 0.98613, -0.045585, -0.0, 0.126062, 0.02544, 0.991696, 0.4, 0.979101, -0.164014, -0.120254, 0.0, 0.0, 0.0, 0.0, 1.0],
                [0.299198, 0.936428, -0.183255, -0.0, 0.208328, 0.123312, 0.970254, 0.4, 0.931171, -0.328476, -0.15819, -0.0, 0.0, 0.0, 0.0, 1.0],
                [0.299198, 0.936428, -0.183255, 0.0, 0.208328, 0.123312, 0.970255, 0.4, 0.931171, -0.328476, -0.15819, -0.0, 0.0, 0.0, 0.0, 1.0]
            ]
        },
        {
            "name": "Arm_R",
            "time": [0.0, 0.1, 0.15, 0.1833, 0.2167, 0.3333, 0.6],
            "transform": [
                [-0.007615, 0.138395, -0.990348, 0.0, -0.190821, 0.971976, 0.137295, 0.393861, 0.981595, 0.190025, 0.019007, -0.0, 0.0, 0.0, 0.0, 1.0],
                [-0.232154, -0.383741, -0.893783, 0.0, 0.003647, 0.918538, -0.395316, 0.393861, 0.972672, -0.095034, -0.211843, -0.0, 0.0, 0.0, 0.0, 1.0],
                [0.253426, -0.9657, -0.056559, -0.0, -0.198355, 0.00535, -0.980116, 0.393861, 0.9468, 0.259606, -0.190196, -0.0, 0.0, 0.0, 0.0, 1.0],
                [0.536907, -0.65304, -0.534106, -0.0, -0.316814, 0.430687, -0.845067, 0.39386, 0.781895, 0.622934, 0.024347, 0.0, 0.0, 0.0, 0.0, 1.0],
                [0.550866, -0.497752, -0.669918, 0.0, -0.368157, 0.575445, -0.73029, 0.39386, 0.749004, 0.648927, 0.133743, 0.0, 0.0, 0.0, 0.0, 1.0],
                [0.579397, -0.405648, -0.706929, 0.0, -0.414351, 0.600306, -0.684066, 0.393861, 0.701864, 0.689263, 0.179735, -0.0, 0.0, 0.0, 0.0, 1.0],
                [0.579397, -0.405648, -0.706929, 0.0, -0.414351, 0.600306, -0.684066, 0.39386, 0.701864, 0.689263, 0.179735, -0.0, 0.0, 0.0, 0.0, 1.0]
            ]
        },
        {
            "name": "Hand_R",
            "time": [0.0, 0.1167, 0.15, 0.2167, 0.6],
            "transform": [
                [1.0, 0.0, -0.0, -0.0, -0.0, 0.17638, -0.984322, 0.3, -0.0, 0.984322, 0.17638, 0.0, 0.0, 0.0, 0.0, 1.0],
                [1.0, 0.0, 0.0, -0.0, -0.0, 0.481823, -0.876269, 0.3, -0.0, 0.876268, 0.481823, 0.0, 0.0, 0.0, 0.0, 1.0],
                [1.0, 0.0, 0.0, 0.0, -0.0, 0.997976, 0.063598, 0.3, -0.0, -0.063598, 0.997976, 0.0, 0.0, 0.0, 0.0, 1.0],
                [1.0, 0.0, 0.0, 0.0, -0.0, 0.993937, 0.109947, 0.3, -0.0, -0.109947, 0.993938, 0.0, 0.0, 0.0, 0.0, 1.0],
                [1.0, 0.0, 0.0, 0.0, -0.0, 0.993937, 0.109947, 0.3, -0.0, -0.109947, 0.993938, 0.0, 0.0, 0.0, 0.0, 1.0]
            ]
        },
        {
            "name": "Tool_R",
            "time": [0.0, 0.0833, 0.15, 0.1667, 0.1833, 0.2167, 0.6],
            "transform": [
                [0.02752, 0.982776, 0.182742, 0.0, 0.987213, 0.001995, -0.159395, 0.272858, -0.15691, 0.184682, -0.969582, 0.0, 0.0, 0.0, 0.0, 1.0],
                [0.267059, 0.958663, 0.098206, 0.0, 0.771601, -0.151664, -0.617762, 0.272858, -0.576981, 0.240611, -0.779754, 0.0, 0.0, 0.0, 0.0, 1.0],
                [-0.008583, 0.999095, -0.041671, 0.0, 0.121869, -0.040317, -0.991727, 0.272858, -0.991921, -0.013582, -0.121351, 0.0, 0.0, 0.0, 0.0, 1.0],
                [-0.039531, 0.998883, -0.025878, 0.0, -0.100056, -0.029726, -0.994538, 0.272858, -0.993609, -0.036705, 0.101048, 0.0, 0.0, 0.0, 0.0, 1.0],
                [-0.041724, 0.998752, -0.027463, 0.0, 0.031444, -0.026161, -0.999163, 0.272858, -0.998043, -0.042528, -0.030306, 0.0, 0.0, 0.0, 0.0, 1.0],
                [-0.061763, 0.997938, -0.017514, 0.0, 0.097573, -0.011426, -0.995163, 0.272858, -0.992721, -0.063136, -0.096619, 0.0, 0.0, 0.0, 0.0, 1.0],
                [-0.061763, 0.997938, -0.017514, 0.0, 0.097573, -0.011426, -0.995163, 0.272858, -0.992721, -0.063136, -0.096619, 0.0, 0.0, 0.0, 0.0, 1.0]
            ]
        },
        {
            "name": "Elbow_R",
            "time": [0.0, 0.15, 0.2167, 0.6],
            "transform": [
                [-1.0, -0.0, -0.0, -0.0, 0.0, -0.0, -1.0, 0.440909, 0.0, -1.0, 0.0, -0.0, 0.0, 0.0, 0.0, 1.0],
                [-1.0, -0.0, -0.0, 0.0, 0.0, -0.0, -1.0, 0.304361, 0.0, -1.0, 0.0, 0.0, 0.0, 0.0, 0.0, 1.0],
                [-1.0, -0.0, -0.0, -0.0, 0.0, -0.0, -1.0, 0.300001, 0.0, -1.0, 0.0, 0.0, 0.0, 0.0, 0.0, 1.0],
                [-1.0, -0.0, -0.0, 0.0, 0.0, -0.0, -1.0, 0.3, 0.0, -1.0, 0.0, 0.0, 0.0, 0.0, 0.0, 1.0]
            ]
        },
        {
            "name": "Shoulder_L",
            "time": [0.0, 0.1833, 0.25, 0.6],
            "transform": [
                [0.327186, -0.894499, -0.304665, 0.0, 0.016209, -0.31705, 0.94827, 0.4, -0.944821, -0.315199, -0.089236, -0.0, 0.0, 0.0, 0.0, 1.0],
                [-0.092375, -0.920864, -0.378783, 0.0, -0.041934, -0.376474, 0.925478, 0.4, -0.994841, 0.101375, -0.003839, 0.0, 0.0, 0.0, 0.0, 1.0],
                [-0.10959, -0.918372, -0.380239, -0.0, -0.044797, -0.377591, 0.924888, 0.4, -0.992967, 0.118392, 0.00024, 0.0, 0.0, 0.0, 0.0, 1.0],
                [-0.10959, -0.918373, -0.380239, 0.0, -0.044797, -0.377591, 0.924888, 0.4, -0.992967, 0.118392, 0.00024, -0.0, 0.0, 0.0, 0.0, 1.0]
            ]
        },
        {
            "name": "Arm_L",
            "time": [0.0, 0.1833, 0.25, 0.6],
            "transform": [
                [-0.061389, 0.503921, 0.861565, 0.0, 0.152136, 0.857831, -0.490897, 0.39386, -0.986451, 0.100939, -0.129326, -0.0, 0.0, 0.0, 0.0, 1.0],
                [-0.46857, -0.725902, 0.503497, -0.0, -0.623135, 0.675575, 0.394082, 0.39386, -0.626215, -0.129092, -0.768889, 0.0, 0.0, 0.0, 0.0, 1.0],
                [-0.456183, -0.760456, 0.462173, 0.0, -0.653018, 0.638892, 0.406675, 0.39386, -0.604537, -0.116289, -0.788043, 0.0, 0.0, 0.0, 0.0, 1.0],
                [-0.456183, -0.760456, 0.462173, 0.0, -0.653018, 0.638892, 0.406675, 0.39386, -0.604537, -0.116289, -0.788043, -0.0, 0.0, 0.0, 0.0, 1.0]
            ]
        },
        {
            "name": "Hand_L",
            "time": [0.0, 0.1833, 0.25, 0.6],
            "transform": [
                [1.0, 0.0, 0.0, -0.0, -0.0, 0.936093, -0.351754, 0.3, -0.0, 0.351754, 0.936093, -0.0, 0.0, 0.0, 0.0, 1.0],
                [1.0, 0.0, 0.0, 0.0, -0.0, 0.93615, -0.351601, 0.3, -0.0, 0.351601, 0.93615, 0.0, 0.0, 0.0, 0.0, 1.0],
                [1.0, 0.0, 0.0, -0.0, -0.0, 0.936093, -0.351754, 0.3, -0.0, 0.351754, 0.936093, -0.0, 0.0, 0.0, 0.0, 1.0],
                [1.0, 0.0, 0.0, -0.0, -0.0, 0.936093, -0.351754, 0.3, -0.0, 0.351754, 0.936093, 0.0, 0.0, 0.0, 0.0, 1.0]
            ]
        },
        {
            "name": "Tool_L",
            "time": [0.0, 0.1833, 0.25, 0.6],
            "transform": [
                [1.0, 0.0, 0.0, 0.0, 0.0, -0.999835, 0.018122, 0.272858, 0.0, -0.018122, -0.999248, -0.0, 0.0, 0.0, 0.0, 1.0],
                [1.0, 0.0, 0.0, 0.0, 0.0, -0.999836, 0.018122, 0.272858, 0.0, -0.018122, -0.999248, -0.0, 0.0, 0.0, 0.0, 1.0],
                [1.0, 0.0, 0.0, 0.0, 0.0, -0.999836, 0.018122, 0.272858, 0.0, -0.018122, -0.999248, -0.0, 0.0, 0.0, 0.0, 1.0],
                [1.0, 0.0, 0.0, 0.0, 0.0, -0.999836, 0.018122, 0.272858, 0.0, -0.018122, -0.999247, -0.0, 0.0, 0.0, 0.0, 1.0]
            ]
        },
        {
            "name": "Elbow_L",
            "time": [0.0, 0.1833, 0.25, 0.6],
            "transform": [
                [-1.0, 0.0, -0.0, -0.0, 0.0, -0.0, -1.0, 0.344008, -0.0, -1.0, -0.0, 0.0, 0.0, 0.0, 0.0, 1.0],
                [-1.0, 0.0, -0.0, 0.0, 0.0, -0.0, -1.0, 0.343993, -0.0, -1.0, -0.0, 0.0, 0.0, 0.0, 0.0, 1.0],
                [-1.0, 0.0, -0.0, -0.0, 0.0, -0.0, -1.0, 0.344008, -0.0, -1.0, 0.0, -0.0, 0.0, 0.0, 0.0, 1.0],
                [-1.0, 0.0, -0.0, 0.0, 0.0, 0.0, -1.0, 0.344008, -0.0, -1.0, -0.0, 0.0, 0.0, 0.0, 0.0, 1.0]
            ]
        }
    ]
}