{
    "animation": [
        {
            "name": "Coord",
            "time": [0.0, 0.1667, 0.2667, 0.35, 0.75, 1.2333],
            "transform": [
                [1.0, 0.0, 0.0, 0.0, 0.0, 0.0, -1.0, 0.0, 0.0, 1.0, 0.0, 0.0, 0.0, 0.0, 0.0, 1.0],
                [1.0, 0.0, 0.0, 0.0, 0.0, 0.0, -1.0, 0.0, 0.0, 1.0, 0.0, 0.0, 0.0, 0.0, 0.0, 1.0],
                [1.0, 0.0, 0.0, 0.0, 0.0, 0.0, -1.0, 0.686393, 0.0, 1.0, 0.0, 0.0, 0.0, 0.0, 0.0, 1.0],
                [1.0, 0.0, 0.0, 0.0, 0.0, 0.0, -1.0, 1.002006, 0.0, 1.0, 0.0, 0.0, 0.0, 0.0, 0.0, 1.0],
                [1.0, 0.0, 0.0, 0.0, 0.0, 0.0, -1.0, 1.002006, 0.0, 1.0, 0.0, 0.0, 0.0, 0.0, 0.0, 1.0],
                [1.0, 0.0, 0.0, 0.0, 0.0, 0.0, -1.0, 1.002822, 0.0, 1.0, 0.0, 0.0, 0.0, 0.0, 0.0, 1.0]
            ]
        },
        {
            "name": "Root",
            "time": [0.0, 0.1667, 0.2667, 0.35, 0.5667, 0.75, 1.0, 1.2333],
            "transform": [
                [-0.173077, -0.048242, 0.983726, -5e-06, -0.255137, 0.966902, 0.002528, 0.579175, -0.951288, -0.250548, -0.179657, -0.000946, 0.0, 0.0, 0.0, 1.0],
                [-0.461484, -0.060715, 0.885069, -5e-06, -0.09917, 0.994933, 0.016543, 0.579175, -0.881588, -0.080138, -0.465166, -0.000946, 0.0, 0.0, 0.0, 1.0],
                [0.938879, 0.000652, -0.344247, -0.004073, -0.006672, 0.999845, -0.016305, 0.751958, 0.344183, 0.017606, 0.938738, -0.004679, 0.0, 0.0, 0.0, 1.0],
                [-0.086714, -0.019688, -0.996039, -0.006766, -0.04356, 0.998923, -0.015953, 0.673168, 0.995281, 0.042004, -0.087478, -0.007149, 0.0, 0.0, 0.0, 1.0],
                [-0.22338, 0.053619, -0.973256, -0.006766, -0.026034, 0.997801, 0.060947, 0.673168, 0.974384, 0.038952, -0.221493, -0.007149, 0.0, 0.0, 0.0, 1.0],
                [-0.22338, 0.053619, -0.973256, -0.006766, -0.026034, 0.997801, 0.060947, 0.673168, 0.974384, 0.038952, -0.221493, -0.007149, 0.0, 0.0, 0.0, 1.0],
                [0.664786, 0.034305, -0.746246, -0.003194, -0.026747, 0.999398, 0.022116, 0.715924, 0.746555, 0.005257, 0.665303, -0.104476, 0.0, 0.0, 0.0, 1.0],
                [1.0, 0.0, 0.0, -5e-06, 0.0, 1.0, 0.0, 0.754104, 0.0, 0.0, 1.0, 0.000226, 0.0, 0.0, 0.0, 1.0]
            ]
        },
        {
            "name": "Thigh_R",
            "time": [0.0, 0.1667, 0.2167, 0.2667, 0.35, 0.5667, 0.75, 0.8833, 1.0, 1.1167, 1.2333],
            "transform": [
                [0.411929, 0.909509, 0.05572, 0.124993, 0.518291, -0.284156, 0.806616, -0.002831, 0.749458, -0.303388, -0.588445, -1.2e-05, 0.0, 0.0, 0.0, 1.0],
                [0.405538, 0.846406, 0.345155, 0.124993, 0.531345, -0.525533, 0.664444, -0.002831, 0.743781, -0.086061, -0.66286, -1.2e-05, 0.0, 0.0, 0.0, 1.0],
                [0.63951, 0.56849, 0.517536, 0.124993, 0.139414, -0.747783, 0.649139, -0.002831, 0.756035, -0.342979, -0.557472, -1.2e-05, 0.0, 0.0, 0.0, 1.0],
                [0.755245, 0.180092, 0.630216, 0.124993, 0.179206, -0.98161, 0.06575, -0.002831, 0.630468, 0.063282, -0.773632, -1.2e-05, 0.0, 0.0, 0.0, 1.0],
                [0.845436, 0.505475, 0.172429, 0.124993, 0.388813, -0.803862, 0.450142, -0.002831, 0.366145, -0.313522, -0.876152, -1.2e-05, 0.0, 0.0, 0.0, 1.0],
                [0.87583, 0.444102, 0.188929, 0.124993, 0.292717, -0.800052, 0.523671, -0.002831, 0.383717, -0.403343, -0.830708, -1.2e-05, 0.0, 0.0, 0.0, 1.0],
                [0.87583, 0.444102, 0.188929, 0.124993, 0.292717, -0.800052, 0.523671, -0.002831, 0.383717, -0.403343, -0.830708, -1.2e-05, 0.0, 0.0, 0.0, 1.0],
                [0.900981, 0.431465, -0.045498, 0.124993, 0.280997, -0.500419, 0.818914, -0.002831, 0.330565, -0.750609, -0.57211, -1.2e-05, 0.0, 0.0, 0.0, 1.0],
                [0.949527, 0.246784, 0.193637, 0.124993, 0.15551, -0.906436, 0.392667, -0.002831, 0.272424, -0.342735, -0.899065, -1.2e-05, 0.0, 0.0, 0.0, 1.0],
                [0.980501, 0.11232, 0.161248, 0.124994, 0.089039, -0.985416, 0.14499, -0.002831, 0.175182, -0.127805, -0.976206, -1.2e-05, 0.0, 0.0, 0.0, 1.0],
                [0.991854, 0.041018, 0.120589, 0.124994, 0.035014, -0.998057, 0.051497, -0.002831, 0.122467, -0.046854, -0.991366, -1.1e-05, 0.0, 0.0, 0.0, 1.0]
            ]
        },
        {
            "name": "Leg_R",
            "time": [0.0, 0.1667, 0.2167, 0.2667, 0.35, 0.5667, 0.75, 0.8833, 1.0, 1.1167, 1.2333],
            "transform": [
                [1.0, -0.0, 0.0, 0.0, -0.0, 0.618418, 0.785849, 0.37472, -0.0, -0.78585, 0.618417, -0.0, 0.0, 0.0, 0.0, 1.0],
                [1.0, -0.0, 1e-06, 0.0, -0.0, 0.707814, 0.706399, 0.37472, -0.0, -0.7064, 0.707813, -0.0, 0.0, 0.0, 0.0, 1.0],
                [1.0, -1e-06, 0.0, 0.0, 0.0, 0.549823, 0.835281, 0.37472, -1e-06, -0.835282, 0.549822, 0.0, 0.0, 0.0, 0.0, 1.0],
                [1.0, 0.0, 1e-06, 0.0, -0.0, 0.985497, 0.169694, 0.37472, -1e-06, -0.169694, 0.985496, -0.0, 0.0, 0.0, 0.0, 1.0],
                [1.0, 0.0, 1e-06, 0.0, -0.0, 0.94693, 0.321442, 0.37472, -0.0, -0.321443, 0.946928, -0.0, 0.0, 0.0, 0.0, 1.0],
                [1.0, 0.0, 1e-06, 0.0, -0.0, 0.977269, 0.212007, 0.37472, -0.0, -0.212007, 0.977267, 0.0, 0.0, 0.0, 0.0, 1.0],
                [1.0, 0.0, 1e-06, 0.0, -0.0, 0.977269, 0.212007, 0.37472, -0.0, -0.212007, 0.977267, 0.0, 0.0, 0.0, 0.0, 1.0],
                [1.0, -1e-06, 0.0, 0.0, -0.0, 0.139613, 0.990205, 0.37472, -1e-06, -0.990207, 0.139613, 0.0, 0.0, 0.0, 0.0, 1.0],
                [1.0, -0.0, 1e-06, 0.0, -0.0, 0.769896, 0.638169, 0.37472, -1e-06, -0.63817, 0.769895, -0.0, 0.0, 0.0, 0.0, 1.0],
                [1.0, -0.0, 1e-06, -0.0, -0.0, 0.897723, 0.440562, 0.37472, -1e-06, -0.440562, 0.897721, 0.0, 0.0, 0.0, 0.0, 1.0],
                [1.0, -0.0, 1e-06, 0.0, 0.0, 0.963749, 0.266813, 0.37472, -1e-06, -0.266813, 0.963748, -0.0, 0.0, 0.0, 0.0, 1.0]
            ]
        },
        {
            "name": "Knee_R",
            "time": [0.0, 0.1667, 0.2167, 0.2667, 0.35, 0.5667, 0.75, 0.8833, 1.0, 1.1167, 1.2333],
            "transform": [
                [1.0, 0.0, -0.0, 0.0, -0.0, 1e-06, -1.0, 0.419853, -0.0, 1.0, 1e-06, 0.0, 0.0, 0.0, 0.0, 1.0],
                [1.0, 0.0, -0.0, 0.0, -0.0, 1e-06, -1.0, 0.409108, -0.0, 1.0, 1e-06, -0.0, 0.0, 0.0, 0.0, 1.0],
                [1.0, 0.0, -0.0, 0.0, -0.0, 1e-06, -1.0, 0.427448, -0.0, 1.0, 1e-06, 0.0, 0.0, 0.0, 0.0, 1.0],
                [1.0, 0.0, -0.0, 0.0, -0.0, 1e-06, -1.0, 0.37472, -0.0, 1.0, 1e-06, -0.0, 0.0, 0.0, 0.0, 1.0],
                [1.0, 0.0, -0.0, 0.0, -0.0, 1e-06, -1.0, 0.37472, 0.0, 1.0, 1e-06, -0.0, 0.0, 0.0, 0.0, 1.0],
                [1.0, 0.0, -0.0, 0.0, -0.0, 1e-06, -1.0, 0.37472, -0.0, 1.0, 1e-06, -0.0, 0.0, 0.0, 0.0, 1.0],
                [1.0, 0.0, -0.0, 0.0, -0.0, 1e-06, -1.0, 0.37472, -0.0, 1.0, 1e-06, -0.0, 0.0, 0.0, 0.0, 1.0],
                [1.0, 0.0, -0.0, 0.0, -0.0, 1e-06, -1.0, 0.467143, -0.0, 1.0, 1e-06, -0.0, 0.0, 0.0, 0.0, 1.0],
                [1.0, 0.0, -0.0, 0.0, -0.0, 1e-06, -1.0, 0.400822, -0.0, 1.0, 1e-06, -0.0, 0.0, 0.0, 0.0, 1.0],
                [1.0, 0.0, -0.0, 0.0, -0.0, 1e-06, -1.0, 0.379641, -0.0, 1.0, 1e-06, 0.0, 0.0, 0.0, 0.0, 1.0],
                [1.0, 0.0, -0.0, 0.0, -0.0, 1e-06, -1.0, 0.37472, -0.0, 1.0, 1e-06, 0.0, 0.0, 0.0, 0.0, 1.0]
            ]
        },
        {
            "name": "Thigh_L",
            "time": [0.0, 0.1, 0.1667, 0.2667, 0.35, 0.5667, 0.75, 0.8833, 1.0, 1.1167, 1.2333],
            "transform": [
                [0.405314, -0.752869, -0.518564, -0.125006, -0.102554, -0.601112, 0.792557, -0.002831, -0.908406, -0.268053, -0.320849, -1.2e-05, 0.0, 0.0, 0.0, 1.0],
                [0.325639, -0.647608, -0.688885, -0.125006, -0.167649, -0.756602, 0.632019, -0.002831, -0.930511, -0.090319, -0.35495, -1.2e-05, 0.0, 0.0, 0.0, 1.0],
                [0.325552, -0.710028, -0.6244, -0.125006, -0.083412, -0.679367, 0.729042, -0.002831, -0.941837, -0.185259, -0.280395, -1.2e-05, 0.0, 0.0, 0.0, 1.0],
                [0.925449, -0.332839, -0.181, -0.125006, -0.090974, -0.65898, 0.746638, -0.002831, -0.367786, -0.67451, -0.640133, -1.2e-05, 0.0, 0.0, 0.0, 1.0],
                [0.154043, -0.586124, -0.795442, -0.125006, -0.159083, -0.809262, 0.565498, -0.002831, -0.975173, 0.039431, -0.217904, -1.2e-05, 0.0, 0.0, 0.0, 1.0],
                [0.153688, -0.58484, -0.796456, -0.125006, -0.156074, -0.810282, 0.564875, -0.002831, -0.975715, 0.037492, -0.21581, -1.2e-05, 0.0, 0.0, 0.0, 1.0],
                [0.153688, -0.58484, -0.796456, -0.125006, -0.156074, -0.810282, 0.564875, -0.002831, -0.975715, 0.037492, -0.21581, -1.2e-05, 0.0, 0.0, 0.0, 1.0],
                [0.351936, -0.531271, -0.770644, -0.125006, -0.035158, -0.830239, 0.556298, -0.002831, -0.935363, -0.168688, -0.31087, -1.2e-05, 0.0, 0.0, 0.0, 1.0],
                [0.691054, -0.279204, -0.666699, -0.125006, 0.090044, -0.881942, 0.462677, -0.002831, -0.717171, -0.379768, -0.58433, -1.2e-05, 0.0, 0.0, 0.0, 1.0],
                [0.951671, -0.148342, -0.268916, -0.125006, 0.062304, -0.764156, 0.642015, -0.002831, -0.300732, -0.627742, -0.717983, -1.2e-05, 0.0, 0.0, 0.0, 1.0],
                [0.999634, -0.026784, 0.003561, -0.125006, -0.026898, -0.973986, 0.225008, -0.002831, -0.002558, -0.225021, -0.97435, -1.1e-05, 0.0, 0.0, 0.0, 1.0]
            ]
        },
        {
            "name": "Leg_L",
            "time": [0.0, 0.1, 0.1667, 0.2667, 0.35, 0.5667, 0.75, 0.8833, 1.0, 1.1167, 1.2333],
            "transform": [
                [1.0, -1e-06, 0.0, -0.0, -0.0, 0.254018, 0.9672, 0.37472, -1e-06, -0.967199, 0.254019, -0.0, 0.0, 0.0, 0.0, 1.0],
                [1.0, -1e-06, 0.0, -0.0, 0.0, 0.87415, 0.485655, 0.37472, -1e-06, -0.485655, 0.874151, 0.0, 0.0, 0.0, 0.0, 1.0],
                [1.0, -1e-06, 1e-06, -0.0, 0.0, 0.847368, 0.531005, 0.37472, -1e-06, -0.531005, 0.847369, -0.0, 0.0, 0.0, 0.0, 1.0],
                [1.0, -1e-06, 1e-06, 0.0, -1e-06, -0.259658, 0.965701, 0.37472, -1e-06, -0.965701, -0.259658, 0.0, 0.0, 0.0, 0.0, 1.0],
                [1.0, -1e-06, 1e-06, 0.0, 0.0, 0.794635, 0.607088, 0.37472, -1e-06, -0.607087, 0.794635, -0.0, 0.0, 0.0, 0.0, 1.0],
                [1.0, -1e-06, 1e-06, -0.0, 0.0, 0.795256, 0.606274, 0.37472, -1e-06, -0.606273, 0.795257, 0.0, 0.0, 0.0, 0.0, 1.0],
                [1.0, -1e-06, 1e-06, -0.0, 0.0, 0.795256, 0.606274, 0.37472, -1e-06, -0.606273, 0.795257, 0.0, 0.0, 0.0, 0.0, 1.0],
                [1.0, -1e-06, 1e-06, -0.0, 0.0, 0.779454, 0.626459, 0.37472, -1e-06, -0.626458, 0.779455, -0.0, 0.0, 0.0, 0.0, 1.0],
                [1.0, -1e-06, 1e-06, -0.0, 0.0, 0.892163, 0.451713, 0.37472, -1e-06, -0.451712, 0.892164, -0.0, 0.0, 0.0, 0.0, 1.0],
                [1.0, -1e-06, 1e-06, 0.0, -0.0, 0.47825, 0.878224, 0.37472, -1e-06, -0.878224, 0.47825, -0.0, 0.0, 0.0, 0.0, 1.0],
                [1.0, -0.0, 1e-06, -0.0, 0.0, 0.97617, 0.217004, 0.37472, -1e-06, -0.217004, 0.976171, 0.0, 0.0, 0.0, 0.0, 1.0]
            ]
        },
        {
            "name": "Knee_L",
            "time": [0.0, 0.1, 0.1667, 0.2667, 0.35, 0.5667, 0.75, 0.8833, 1.0, 1.1167, 1.2333],
            "transform": [
                [1.0, 0.0, -0.0, 0.0, -0.0, 1e-06, -1.0, 0.456659, -0.0, 1.0, 1e-06, -0.0, 0.0, 0.0, 0.0, 1.0],
                [1.0, 0.0, -0.0, -0.0, -0.0, 1e-06, -1.0, 0.38421, -0.0, 1.0, 1e-06, -0.0, 0.0, 0.0, 0.0, 1.0],
                [1.0, 0.0, -0.0, -0.0, -0.0, 1e-06, -1.0, 0.38894, -0.0, 1.0, 1e-06, -0.0, 0.0, 0.0, 0.0, 1.0],
                [1.0, 0.0, -0.0, 0.0, -0.0, 1e-06, -1.0, 0.47972, -0.0, 1.0, 1e-06, -0.0, 0.0, 0.0, 0.0, 1.0],
                [1.0, 0.0, -0.0, 0.0, -0.0, 1e-06, -1.0, 0.397255, -0.0, 1.0, 1e-06, -0.0, 0.0, 0.0, 0.0, 1.0],
                [1.0, 0.0, -0.0, -0.0, -0.0, 1e-06, -1.0, 0.397163, -0.0, 1.0, 1e-06, 0.0, 0.0, 0.0, 0.0, 1.0],
                [1.0, 0.0, -0.0, -0.0, -0.0, 1e-06, -1.0, 0.397163, -0.0, 1.0, 1e-06, 0.0, 0.0, 0.0, 0.0, 1.0],
                [1.0, 0.0, -0.0, -0.0, -0.0, 1e-06, -1.0, 0.399464, -0.0, 1.0, 1e-06, -0.0, 0.0, 0.0, 0.0, 1.0],
                [1.0, 0.0, -0.0, 0.0, -0.0, 1e-06, -1.0, 0.380759, -0.0, 1.0, 1e-06, -0.0, 0.0, 0.0, 0.0, 1.0],
                [1.0, 0.0, -0.0, 0.0, -0.0, 1e-06, -1.0, 0.434944, -0.0, 1.0, 1e-06, -0.0, 0.0, 0.0, 0.0, 1.0],
                [1.0, 0.0, -0.0, -0.0, -0.0, 1e-06, -1.0, 0.37472, -0.0, 1.0, 1e-06, 0.0, 0.0, 0.0, 0.0, 1.0]
            ]
        },
        {
            "name": "Torso",
            "time": [0.0, 1.2333],
            "transform": [
                [1.0, 0.0, 0.0, 0.0, -0.0, 1.0, -0.0, 0.05, -0.0, -0.0, 1.0, 0.0, 0.0, 0.0, 0.0, 1.0],
                [1.0, 0.0, 0.0, 0.0, 0.0, 1.0, 0.0, 0.05, 0.0, 0.0, 1.0, 0.0, 0.0, 0.0, 0.0, 1.0]
            ]
        },
        {
            "name": "Chest",
            "time": [0.0, 0.1667, 0.2667, 0.35, 0.75, 1.2333],
            "transform": [
                [0.991206, 0.132305, 0.002563, 0.0, -0.132178, 0.988954, 0.06708, 0.3, 0.00634, -0.066829, 0.997744, -0.0, 0.0, 0.0, 0.0, 1.0],
                [0.996263, 0.086373, -0.000676, -0.0, -0.086135, 0.994041, 0.066808, 0.3, 0.006442, -0.0665, 0.997766, 0.0, 0.0, 0.0, 0.0, 1.0],
                [1.0, 0.0, 0.0, 0.0, 0.0, 1.0, 0.0, 0.3, -0.0, -0.0, 1.0, -0.0, 0.0, 0.0, 0.0, 1.0],
                [0.999497, 0.031703, -0.000123, -0.0, -0.031702, 0.999404, -0.013645, 0.3, -0.00031, 0.013642, 0.999907, 0.0, 0.0, 0.0, 0.0, 1.0],
                [0.999497, 0.031703, -0.000123, 0.0, -0.031702, 0.999404, -0.013645, 0.3, -0.00031, 0.013642, 0.999907, -0.0, 0.0, 0.0, 0.0, 1.0],
                [1.0, 0.0, 0.0, 0.0, 0.0, 1.0, 0.0, 0.3, 0.0, 0.0, 1.0, 0.0, 0.0, 0.0, 0.0, 1.0]
            ]
        },
        {
            "name": "Head",
            "time": [0.0, 0.1667, 0.2667, 0.35, 0.5667, 0.75, 1.2333],
            "transform": [
                [0.105653, -0.345756, -0.932357, -0.0, -0.037335, 0.935565, -0.351176, 0.4, 0.993702, 0.071912, 0.085937, 0.0, 0.0, 0.0, 0.0, 1.0],
                [0.0024, -0.146421, -0.989219, -0.0, -0.060698, 0.987377, -0.146296, 0.4, 0.998153, 0.060395, -0.006518, -0.0, 0.0, 0.0, 0.0, 1.0],
                [0.991835, -0.008503, 0.127245, 0.0, 0.005749, 0.999742, 0.021996, 0.4, -0.127399, -0.021084, 0.991628, 0.0, 0.0, 0.0, 0.0, 1.0],
                [0.393255, -0.073412, 0.916494, -0.0, -0.000253, 0.996799, 0.079953, 0.4, -0.919429, -0.031674, 0.391978, 0.0, 0.0, 0.0, 0.0, 1.0],
                [0.102675, -0.086393, 0.990956, 0.0, 0.027433, 0.996088, 0.083998, 0.4, -0.994337, 0.018561, 0.104644, 0.0, 0.0, 0.0, 0.0, 1.0],
                [0.102675, -0.086393, 0.990956, 0.0, 0.027433, 0.996088, 0.083998, 0.4, -0.994337, 0.018561, 0.104644, 0.0, 0.0, 0.0, 0.0, 1.0],
                [1.0, 0.0, 0.0, 0.0, 0.0, 1.0, 0.0, 0.4, 0.0, 0.0, 1.0, 0.0, 0.0, 0.0, 0.0, 1.0]
            ]
        },
        {
            "name": "Shoulder_R",
            "time": [0.0, 0.1667, 0.2667, 0.4167, 0.5667, 0.75, 1.2333],
            "transform": [
                [0.438911, 0.898416, 0.014364, -0.0, 0.306871, -0.164904, 0.937356, 0.4, 0.844504, -0.407008, -0.348076, 0.0, 0.0, 0.0, 0.0, 1.0],
                [0.291669, 0.95346, -0.076434, -0.0, 0.178288, 0.024318, 0.983678, 0.4, 0.939756, -0.300535, -0.162898, -0.0, 0.0, 0.0, 0.0, 1.0],
                [0.282542, 0.958785, -0.030019, 0.0, -0.250455, 0.103942, 0.962532, 0.4, 0.925982, -0.264438, 0.269501, 0.0, 0.0, 0.0, 0.0, 1.0],
                [0.288508, 0.935553, -0.203722, 0.0, 0.692861, -0.057142, 0.718803, 0.4, 0.660838, -0.348531, -0.664695, -0.0, 0.0, 0.0, 0.0, 1.0],
                [0.323148, 0.931063, -0.169402, 0.0, 0.645871, -0.086148, 0.75857, 0.4, 0.691683, -0.354542, -0.629186, 0.0, 0.0, 0.0, 0.0, 1.0],
                [0.323148, 0.931063, -0.169402, 0.0, 0.645871, -0.086148, 0.75857, 0.4, 0.691683, -0.354542, -0.629186, 0.0, 0.0, 0.0, 0.0, 1.0],
                [0.0, 0.952114, 0.305743, 0.0, 0.0, -0.305743, 0.952114, 0.4, 1.0, 0.0, -0.0, 0.0, 0.0, 0.0, 0.0, 1.0]
            ]
        },
        {
            "name": "Arm_R",
            "time": [0.0, 0.1667, 0.2667, 0.4167, 0.75, 1.2333],
            "transform": [
                [-0.230902, -0.895311, -0.380922, 0.003165, 0.54871, 0.203483, -0.810872, 0.347229, 0.803494, -0.396248, 0.444281, -0.031052, 0.0, 0.0, 0.0, 1.0],
                [-0.167777, -0.438508, -0.882928, 0.010503, -0.554275, 0.782614, -0.283361, 0.239122, 0.815248, 0.441843, -0.374359, -0.103043, 0.0, 0.0, 0.0, 1.0],
                [-0.167777, -0.438508, -0.882928, 0.010503, -0.554275, 0.782614, -0.283361, 0.239122, 0.815248, 0.441843, -0.374359, -0.103043, 0.0, 0.0, 0.0, 1.0],
                [0.214104, -0.898279, -0.383736, -0.060592, 0.357896, 0.437667, -0.824838, 0.356893, 0.908884, 0.039264, 0.415197, -0.123818, 0.0, 0.0, 0.0, 1.0],
                [0.214104, -0.89828, -0.383736, -0.060592, 0.357896, 0.437667, -0.824838, 0.356893, 0.908884, 0.039264, 0.415197, -0.123818, 0.0, 0.0, 0.0, 1.0],
                [0.966866, 0.10227, -0.233905, 0.041404, 0.160522, 0.468894, 0.868545, 0.388439, 0.198503, -0.877314, 0.436941, 0.027489, 0.0, 0.0, 0.0, 1.0]
            ]
        },
        {
            "name": "Hand_R",
            "time": [0.0, 0.1667, 0.2667, 0.4167, 0.75, 1.2333],
            "transform": [
                [1.0, 0.0, 0.0, -0.0, -0.0, 0.972334, -0.233594, 0.3, -0.0, 0.233594, 0.972334, 0.0, 0.0, 0.0, 0.0, 1.0],
                [1.0, 0.0, 0.0, -0.0, -0.0, 0.728154, -0.685414, 0.3, -0.0, 0.685414, 0.728154, 0.0, 0.0, 0.0, 0.0, 1.0],
                [1.0, 0.0, -0.0, 0.0, -0.0, 0.728153, -0.685414, 0.3, -0.0, 0.685414, 0.728154, 0.0, 0.0, 0.0, 0.0, 1.0],
                [1.0, 0.0, 0.0, -0.0, -0.0, 0.681332, -0.731974, 0.3, -0.0, 0.731974, 0.681332, 0.0, 0.0, 0.0, 0.0, 1.0],
                [1.0, 0.0, 0.0, 0.0, 0.0, 0.681333, -0.731974, 0.3, -0.0, 0.731974, 0.681332, 0.0, 0.0, 0.0, 0.0, 1.0],
                [1.0, 0.0, 0.0, -0.0, -0.0, 0.993938, 0.109947, 0.3, -0.0, -0.109947, 0.993937, -0.0, 0.0, 0.0, 0.0, 1.0]
            ]
        },
        {
            "name": "Tool_R",
            "time": [0.0, 0.0333, 0.1667, 0.2667, 0.4167, 0.75, 1.2333],
            "transform": [
                [0.449134, 0.88717, -0.105871, -0.0, 0.159667, -0.196285, -0.96746, 0.244517, -0.87856, 0.417366, -0.229684, 0.052071, 0.0, 0.0, 0.0, 1.0],
                [0.657853, 0.753094, -0.00886, -0.0, 0.222641, -0.205696, -0.952954, 0.232429, -0.719058, 0.624559, -0.302818, 0.074282, 0.0, 0.0, 0.0, 1.0],
                [0.993033, -0.085811, -0.080761, 0.0, -0.102087, -0.968788, -0.225893, 0.191999, -0.058822, 0.232416, -0.970227, 0.148564, 0.0, 0.0, 0.0, 1.0],
                [0.835991, 0.536158, 0.116849, 0.0, 0.12201, 0.025994, -0.992189, 0.191999, -0.534689, 0.843219, -0.04367, 0.148564, 0.0, 0.0, 0.0, 1.0],
                [0.469529, 0.346875, -0.811924, 0.087695, -0.613313, 0.78965, -0.017315, 0.249805, 0.634747, 0.505803, 0.583161, 0.033389, 0.0, 0.0, 0.0, 1.0],
                [0.469529, 0.346875, -0.811924, 0.087695, -0.613313, 0.78965, -0.017315, 0.249805, 0.634747, 0.505803, 0.583161, 0.033389, 0.0, 0.0, 0.0, 1.0],
                [1.0, -0.0, 0.0, 0.010061, 0.0, -0.987188, -0.159561, 0.220343, 0.0, 0.159456, -0.986606, -0.020904, 0.0, 0.0, 0.0, 1.0]
            ]
        },
        {
            "name": "Elbow_R",
            "time": [0.0, 0.1667, 0.2667, 0.4167, 0.75, 1.2333],
            "transform": [
                [-1.0, 0.0, 0.0, -0.0, -0.0, -0.0, -1.0, 0.332419, -0.0, -1.0, 0.0, -0.0, 0.0, 0.0, 0.0, 1.0],
                [-1.0, 0.0, -0.0, -0.0, 0.0, -0.0, -1.0, 0.381092, -0.0, -1.0, 0.0, 0.0, 0.0, 0.0, 0.0, 1.0],
                [-1.0, 0.0, 0.0, 0.0, -0.0, -0.0, -1.0, 0.381092, -0.0, -1.0, 0.0, 0.0, 0.0, 0.0, 0.0, 1.0],
                [-1.0, 0.0, -0.0, -0.0, -0.0, -0.0, -1.0, 0.387281, -0.0, -1.0, 0.0, 0.0, 0.0, 0.0, 0.0, 1.0],
                [-1.0, 0.0, -0.0, 0.0, -0.0, -0.0, -1.0, 0.387281, -0.0, -1.0, 0.0, 0.0, 0.0, 0.0, 0.0, 1.0],
                [-1.0, 0.0, -0.0, 0.0, 0.0, 0.0, -1.0, 0.3, -0.0, -1.0, 0.0, 0.0, 0.0, 0.0, 0.0, 1.0]
            ]
        },
        {
            "name": "Shoulder_L",
            "time": [0.0, 0.1667, 0.2667, 0.4167, 0.5667, 0.75, 1.2333],
            "transform": [
                [0.064689, -0.86919, -0.490228, -0.0, -0.322641, -0.483089, 0.813958, 0.4, -0.944308, 0.105513, -0.311687, 0.0, 0.0, 0.0, 0.0, 1.0],
                [0.640903, -0.749723, -0.1648, -0.0, -0.220911, -0.385749, 0.895766, 0.4, -0.735148, -0.537692, -0.412849, -0.0, 0.0, 0.0, 0.0, 1.0],
                [0.643461, -0.756371, -0.117733, 0.0, 0.080952, -0.085703, 0.993027, 0.4, -0.761186, -0.648505, 0.006083, 0.0, 0.0, 0.0, 0.0, 1.0],
                [0.622493, -0.78248, 0.015083, 0.0, -0.657426, -0.512357, 0.552523, 0.4, -0.424611, -0.353858, -0.833361, -0.0, 0.0, 0.0, 0.0, 1.0],
                [0.588882, -0.807192, 0.040728, 0.0, -0.666162, -0.456225, 0.589989, 0.4, -0.457653, -0.374566, -0.806383, 0.0, 0.0, 0.0, 0.0, 1.0],
                [0.588882, -0.807192, 0.040728, 0.0, -0.666162, -0.456225, 0.589989, 0.4, -0.457653, -0.374566, -0.806383, 0.0, 0.0, 0.0, 0.0, 1.0],
                [0.131196, -0.955362, -0.264709, 0.0, -0.004545, -0.267594, 0.963521, 0.4, -0.991346, -0.125207, -0.03945, 0.0, 0.0, 0.0, 0.0, 1.0]
            ]
        },
        {
            "name": "Arm_L",
            "time": [0.0, 0.1667, 0.2667, 0.4167, 0.75, 1.2333],
            "transform": [
                [-0.33984, 0.940198, -0.02315, 0.025107, -0.075649, -0.051862, -0.995785, 0.380968, -0.937436, -0.336656, 0.08875, -0.005295, 0.0, 0.0, 0.0, 1.0],
                [-0.464768, 0.874329, 0.139784, 0.083314, -0.883925, -0.448949, -0.130851, 0.35108, -0.051651, -0.184374, 0.981498, -0.017569, 0.0, 0.0, 0.0, 1.0],
                [-0.555579, 0.82217, -0.12397, 0.083314, -0.819178, -0.566788, -0.087741, 0.35108, -0.142403, 0.052807, 0.988399, -0.017569, 0.0, 0.0, 0.0, 1.0],
                [0.489755, 0.830304, 0.26596, 0.090793, 0.477382, -0.000123, -0.878696, 0.280243, -0.729552, 0.55731, -0.396433, 0.008098, 0.0, 0.0, 0.0, 1.0],
                [0.489755, 0.830304, 0.26596, 0.090793, 0.477382, -0.000123, -0.878696, 0.280243, -0.729552, 0.55731, -0.396433, 0.008098, 0.0, 0.0, 0.0, 1.0],
                [-0.160789, -0.004552, 0.986978, 7.1e-05, -0.883274, 0.44689, -0.141833, 0.38855, -0.440425, -0.894577, -0.075876, 0.01657, 0.0, 0.0, 0.0, 1.0]
            ]
        },
        {
            "name": "Hand_L",
            "time": [0.0, 0.1667, 0.2667, 0.4167, 0.75, 1.2333],
            "transform": [
                [1.0, 0.0, 0.0, 0.0, 0.0, 0.56805, -0.822994, 0.3, -0.0, 0.822994, 0.56805, -0.0, 0.0, 0.0, 0.0, 1.0],
                [1.0, 0.0, 0.0, -0.0, 0.0, 0.946747, -0.32198, 0.3, -0.0, 0.32198, 0.946747, -0.0, 0.0, 0.0, 0.0, 1.0],
                [1.0, 0.0, 0.0, 0.0, -0.0, 0.946746, -0.321981, 0.3, -0.0, 0.32198, 0.946746, 0.0, 0.0, 0.0, 0.0, 1.0],
                [1.0, 0.0, 0.0, -0.0, -0.0, 0.945926, -0.324382, 0.3, -0.0, 0.324382, 0.945927, -0.0, 0.0, 0.0, 0.0, 1.0],
                [1.0, 0.0, 0.0, 0.0, 0.0, 0.945926, -0.324382, 0.3, -0.0, 0.324382, 0.945926, 0.0, 0.0, 0.0, 0.0, 1.0],
                [1.0, 0.0, 0.0, 0.0, -0.0, 0.99671, -0.081049, 0.3, -0.0, 0.081049, 0.99671, -0.0, 0.0, 0.0, 0.0, 1.0]
            ]
        },
        {
            "name": "Tool_L",
            "time": [0.0, 1.2333],
            "transform": [
                [1.0, 0.0, 0.0, 0.0, 0.0, -0.999836, 0.018122, 0.272858, 0.0, -0.018122, -0.999248, -0.0, 0.0, 0.0, 0.0, 1.0],
                [1.0, 0.0, 0.0, -0.0, 0.0, -0.999836, 0.018122, 0.272858, 0.0, -0.018122, -0.999247, 0.0, 0.0, 0.0, 0.0, 1.0]
            ]
        },
        {
            "name": "Elbow_L",
            "time": [0.0, 0.1667, 0.2667, 0.4167, 0.75, 1.2333],
            "transform": [
                [-1.0, 0.0, -0.0, -0.0, 0.0, -0.0, -1.0, 0.400911, -0.0, -1.0, -0.0, -0.0, 0.0, 0.0, 0.0, 1.0],
                [-1.0, 0.0, -0.0, -0.0, 0.0, -0.0, -1.0, 0.341044, -0.0, -1.0, -0.0, 0.0, 0.0, 0.0, 0.0, 1.0],
                [-1.0, 0.0, -0.0, 0.0, 0.0, -0.0, -1.0, 0.341044, -0.0, -1.0, -0.0, -0.0, 0.0, 0.0, 0.0, 1.0],
                [-1.0, 0.0, -0.0, -0.0, 0.0, -0.0, -1.0, 0.341282, -0.0, -1.0, 0.0, -0.0, 0.0, 0.0, 0.0, 1.0],
                [-1.0, 0.0, -0.0, -0.0, 0.0, -0.0, -1.0, 0.341282, -0.0, -1.0, 0.0, 0.0, 0.0, 0.0, 0.0, 1.0],
                [-1.0, 0.0, -0.0, 0.0, 0.0, -0.0, -1.0, 0.317928, -0.0, -1.0, -0.0, 0.0, 0.0, 0.0, 0.0, 1.0]
            ]
        }
    ]
}