{
    "animation": [
        {
            "name": "Root",
            "time": [0.0, 0.15, 0.2, 0.25, 0.45, 0.7],
            "transform": [
                [0.930575, 0.0, -0.3661, -5e-06, -0.3661, 0.0, -0.930575, 0.000946, 0.0, 1.0, 0.0, 0.748507, 0.0, 0.0, 0.0, 1.0],
                [0.939053, 0.0, -0.343774, -5e-06, -0.343774, 0.0, -0.939053, 0.000946, 0.0, 1.0, 0.0, 0.747497, 0.0, 0.0, 0.0, 1.0],
                [0.99929, 0.036469, -0.009434, -5e-06, -0.014969, 0.154618, -0.987861, 0.690392, -0.034568, 0.987301, 0.155054, 0.772898, 0.0, 0.0, 0.0, 1.0],
                [0.905025, 0.002209, 0.425353, -5e-06, 0.395031, 0.36646, -0.842412, 1.651191, -0.157736, 0.930431, 0.330783, 0.697004, 0.0, 0.0, 0.0, 1.0],
                [0.900016, 0.0, 0.435856, -5e-06, 0.404378, 0.373132, -0.835016, 1.684837, -0.162632, 0.927778, 0.335825, 0.682875, 0.0, 0.0, 0.0, 1.0],
                [0.900016, 0.0, 0.435856, -5e-06, 0.404378, 0.373132, -0.835016, 1.684837, -0.162632, 0.927778, 0.335825, 0.682875, 0.0, 0.0, 0.0, 1.0]
            ]
        },
        {
            "name": "Thigh_R",
            "time": [0.0, 0.15, 0.2, 0.25, 0.45, 0.7],
            "transform": [
                [0.991161, 0.121055, -0.054257, 0.124994, 0.114821, -0.987695, -0.106162, -0.002831, -0.06644, 0.098994, -0.992868, -1.2e-05, 0.0, 0.0, 0.0, 1.0],
                [0.99182, 0.116964, -0.051094, 0.124994, 0.111265, -0.988446, -0.102908, -0.002831, -0.06254, 0.096382, -0.993378, -1.2e-05, 0.0, 0.0, 0.0, 1.0],
                [0.998968, 0.035134, -0.028771, 0.124994, 0.045367, -0.800086, 0.598165, -0.002831, -0.002004, -0.598851, -0.800857, -1.2e-05, 0.0, 0.0, 0.0, 1.0],
                [0.903942, 0.383595, 0.189058, 0.124994, -0.009902, -0.423184, 0.905989, -0.002831, 0.42754, -0.820832, -0.378737, -1.2e-05, 0.0, 0.0, 0.0, 1.0],
                [0.913026, 0.378796, 0.151315, 0.124994, 0.022018, -0.416184, 0.909014, -0.002831, 0.407307, -0.826619, -0.388328, -1.2e-05, 0.0, 0.0, 0.0, 1.0],
                [0.913026, 0.378796, 0.151315, 0.124994, 0.022018, -0.416184, 0.909014, -0.002831, 0.407307, -0.826619, -0.388328, -1.2e-05, 0.0, 0.0, 0.0, 1.0]
            ]
        },
        {
            "name": "Leg_R",
            "time": [0.0, 0.15, 0.2, 0.25, 0.45, 0.7],
            "transform": [
                [1.0, -0.0, 1e-06, 0.0, 0.0, 0.992016, 0.126121, 0.37472, -1e-06, -0.126121, 0.992014, 0.0, 0.0, 0.0, 0.0, 1.0],
                [1.0, -0.0, 1e-06, 0.0, 0.0, 0.989379, 0.145367, 0.37472, -1e-06, -0.145367, 0.989377, -0.0, 0.0, 0.0, 0.0, 1.0],
                [0.999987, 0.003197, -0.003999, 0.0, 0.000862, 0.664756, 0.747059, 0.37472, 0.005047, -0.747054, 0.664744, -0.0, 0.0, 0.0, 0.0, 1.0],
                [1.0, 0.000468, -0.000644, -0.0, 9.7e-05, 0.730937, 0.682445, 0.37472, 0.00079, -0.682446, 0.730935, -0.0, 0.0, 0.0, 0.0, 1.0],
                [1.0, -1e-06, 1e-06, 0.0, -0.0, 0.742468, 0.669881, 0.37472, -1e-06, -0.669882, 0.742467, 0.0, 0.0, 0.0, 0.0, 1.0],
                [1.0, -1e-06, 1e-06, 0.0, -0.0, 0.742468, 0.669881, 0.37472, -1e-06, -0.669882, 0.742467, 0.0, 0.0, 0.0, 0.0, 1.0]
            ]
        },
        {
            "name": "Knee_R",
            "time": [0.0, 0.15, 0.2, 0.25, 0.45, 0.7],
            "transform": [
                [1.0, 0.0, -0.0, 0.0, -0.0, 1e-06, -1.0, 0.409452, -0.0, 1.0, 1e-06, -0.0, 0.0, 0.0, 0.0, 1.0],
                [1.0, 0.0, -0.0, 0.0, -0.0, 1e-06, -1.0, 0.407949, -0.0, 1.0, 1e-06, -0.0, 0.0, 0.0, 0.0, 1.0],
                [1.0, 0.0, -0.0, -9.9e-05, -0.0, 1e-06, -1.0, 0.412269, -0.0, 1.0, 1e-06, -0.001106, 0.0, 0.0, 0.0, 1.0],
                [1.0, 0.0, -0.0, -1.6e-05, -0.0, 1e-06, -1.0, 0.401547, -0.0, 1.0, 1e-06, -0.000174, 0.0, 0.0, 0.0, 1.0],
                [1.0, 0.0, -0.0, 0.0, -0.0, 1e-06, -1.0, 0.399551, -0.0, 1.0, 1e-06, -0.0, 0.0, 0.0, 0.0, 1.0],
                [1.0, 0.0, -0.0, 0.0, -0.0, 1e-06, -1.0, 0.399551, -0.0, 1.0, 1e-06, -0.0, 0.0, 0.0, 0.0, 1.0]
            ]
        },
        {
            "name": "Thigh_L",
            "time": [0.0, 0.15, 0.2, 0.25, 0.45, 0.7],
            "transform": [
                [0.924439, -0.122074, -0.361263, -0.125006, -0.009232, -0.954261, 0.298829, -0.002831, -0.381218, -0.272914, -0.883284, -1.2e-05, 0.0, 0.0, 0.0, 1.0],
                [0.931371, -0.11799, -0.34442, -0.125006, -0.006841, -0.951532, 0.307472, -0.002831, -0.364006, -0.284014, -0.887038, -1.2e-05, 0.0, 0.0, 0.0, 1.0],
                [0.999214, 0.034896, -0.018804, -0.125006, 0.037937, -0.979395, 0.198357, -0.002831, -0.011494, -0.198914, -0.97995, -1.2e-05, 0.0, 0.0, 0.0, 1.0],
                [0.953371, -0.027615, -0.300535, -0.125006, -0.029977, -0.999545, -0.003249, -0.002831, -0.300308, 0.012107, -0.953765, -1.2e-05, 0.0, 0.0, 0.0, 1.0],
                [0.935581, -0.03669, -0.3512, -0.125006, -0.044453, -0.998912, -0.014066, -0.002831, -0.350302, 0.028772, -0.936195, -1.2e-05, 0.0, 0.0, 0.0, 1.0],
                [0.935581, -0.03669, -0.3512, -0.125006, -0.044453, -0.998912, -0.014066, -0.002831, -0.350302, 0.028772, -0.936195, -1.2e-05, 0.0, 0.0, 0.0, 1.0]
            ]
        },
        {
            "name": "Leg_L",
            "time": [0.0, 0.15, 0.2, 0.25, 0.45, 0.7],
            "transform": [
                [1.0, -0.0, 1e-06, -0.0, 0.0, 0.96041, 0.278588, 0.37472, -1e-06, -0.278588, 0.960411, 0.0, 0.0, 0.0, 0.0, 1.0],
                [1.0, -0.0, 1e-06, -0.0, 0.0, 0.957501, 0.288429, 0.37472, -1e-06, -0.288429, 0.957502, -0.0, 0.0, 0.0, 0.0, 1.0],
                [1.0, -0.0, 1e-06, 0.0, 0.0, 0.984368, 0.176123, 0.37472, -1e-06, -0.176123, 0.984368, 0.0, 0.0, 0.0, 0.0, 1.0],
                [1.0, -0.0, 1e-06, 0.0, 0.0, 0.999873, 0.015917, 0.37472, -1e-06, -0.015917, 0.999874, 0.0, 0.0, 0.0, 0.0, 1.0],
                [1.0, -0.0, 1e-06, 0.0, 0.0, 0.999947, 0.010295, 0.37472, -1e-06, -0.010295, 0.999947, -0.0, 0.0, 0.0, 0.0, 1.0],
                [1.0, -0.0, 1e-06, 0.0, 0.0, 0.999947, 0.010295, 0.37472, -1e-06, -0.010295, 0.999947, -0.0, 0.0, 0.0, 0.0, 1.0]
            ]
        },
        {
            "name": "Knee_L",
            "time": [0.0, 0.15, 0.2, 0.25, 0.45, 0.7],
            "transform": [
                [1.0, 0.0, -0.0, -0.0, -0.0, 1e-06, -1.0, 0.367852, -0.0, 1.0, 1e-06, 0.0, 0.0, 0.0, 0.0, 1.0],
                [1.0, 0.0, -0.0, -0.0, -0.0, 1e-06, -1.0, 0.369893, -0.0, 1.0, 1e-06, -0.0, 0.0, 0.0, 0.0, 1.0],
                [1.0, 0.0, -0.0, 0.0, -0.0, 1e-06, -1.0, 0.37472, -0.0, 1.0, 1e-06, 0.0, 0.0, 0.0, 0.0, 1.0],
                [1.0, 0.0, -0.0, 0.0, -0.0, 1e-06, -1.0, 0.381109, -0.0, 1.0, 1e-06, 0.0, 0.0, 0.0, 0.0, 1.0],
                [1.0, 0.0, -0.0, 0.0, -0.0, 1e-06, -1.0, 0.381294, -0.0, 1.0, 1e-06, -0.0, 0.0, 0.0, 0.0, 1.0],
                [1.0, 0.0, -0.0, 0.0, -0.0, 1e-06, -1.0, 0.381294, -0.0, 1.0, 1e-06, -0.0, 0.0, 0.0, 0.0, 1.0]
            ]
        },
        {
            "name": "Torso",
            "time": [0.0, 0.15, 0.2, 0.25, 0.45, 0.7],
            "transform": [
                [0.999997, -0.002573, -3e-06, -0.0, 0.002573, 0.999994, 0.00229, 0.05, -3e-06, -0.00229, 0.999997, -0.0, 0.0, 0.0, 0.0, 1.0],
                [0.998703, 0.050781, -0.003541, 0.0, -0.050781, 0.98903, -0.138714, 0.05, -0.003541, 0.138714, 0.990326, -0.0, 0.0, 0.0, 0.0, 1.0],
                [0.999547, 0.030063, -0.001237, -0.0, -0.030063, 0.996169, -0.082121, 0.05, -0.001237, 0.082121, 0.996622, -0.0, 0.0, 0.0, 0.0, 1.0],
                [0.995436, 0.094999, 0.009119, 0.0, -0.094999, 0.977216, 0.189798, 0.05, 0.009119, -0.189798, 0.981781, -0.0, 0.0, 0.0, 0.0, 1.0],
                [0.994209, 0.106798, 0.011958, -0.0, -0.106798, 0.969515, 0.220532, 0.05, 0.011959, -0.220532, 0.975306, -0.0, 0.0, 0.0, 0.0, 1.0],
                [0.994209, 0.106798, 0.011958, -0.0, -0.106798, 0.969515, 0.220532, 0.05, 0.011959, -0.220532, 0.975306, -0.0, 0.0, 0.0, 0.0, 1.0]
            ]
        },
        {
            "name": "Chest",
            "time": [0.0, 0.15, 0.2, 0.25, 0.45, 0.7],
            "transform": [
                [0.997205, 0.074303, -0.007815, -0.0, -0.074303, 0.975355, -0.207757, 0.3, -0.007815, 0.207757, 0.978149, 0.0, 0.0, 0.0, 0.0, 1.0],
                [0.996117, 0.087393, -0.010606, 0.0, -0.087393, 0.967147, -0.238723, 0.3, -0.010606, 0.238723, 0.97103, -0.0, 0.0, 0.0, 0.0, 1.0],
                [0.99864, 0.051994, -0.003714, -0.0, -0.051994, 0.988496, -0.142028, 0.3, -0.003714, 0.142028, 0.989855, 0.0, 0.0, 0.0, 0.0, 1.0],
                [0.999998, 0.001761, -4e-06, 0.0, -0.001761, 0.999987, -0.004811, 0.3, -4e-06, 0.004811, 0.999988, 0.0, 0.0, 0.0, 0.0, 1.0],
                [1.0, -0.0, -0.0, -0.0, -0.0, 1.0, -0.0, 0.3, -0.0, -0.0, 1.0, -0.0, 0.0, 0.0, 0.0, 1.0],
                [1.0, -0.0, -0.0, -0.0, -0.0, 1.0, -0.0, 0.3, -0.0, -0.0, 1.0, -0.0, 0.0, 0.0, 0.0, 1.0]
            ]
        },
        {
            "name": "Head",
            "time": [0.0, 0.15, 0.2, 0.25, 0.45, 0.7],
            "transform": [
                [0.930399, -0.034397, 0.36493, 0.0, -0.010203, 0.992771, 0.119588, 0.4, -0.366406, -0.114988, 0.923323, 0.0, 0.0, 0.0, 0.0, 1.0],
                [0.939138, -0.058324, 0.338553, -0.0, -0.008228, 0.981381, 0.191892, 0.4, -0.343441, -0.182999, 0.921173, 0.0, 0.0, 0.0, 0.0, 1.0],
                [0.996883, -0.074607, 0.025639, -0.0, 0.075351, 0.996723, -0.029399, 0.4, -0.023362, 0.031239, 0.999239, 0.0, 0.0, 0.0, 0.0, 1.0],
                [0.906293, -0.224401, -0.358159, 0.0, 0.01071, 0.859332, -0.511305, 0.4, 0.422515, 0.459556, 0.78121, -0.0, 0.0, 0.0, 0.0, 1.0],
                [0.900998, -0.234816, -0.364778, 0.0, -0.000464, 0.840326, -0.542082, 0.4, 0.433822, 0.488584, 0.757023, -0.0, 0.0, 0.0, 0.0, 1.0],
                [0.900998, -0.234816, -0.364778, 0.0, -0.000464, 0.840326, -0.542082, 0.4, 0.433822, 0.488584, 0.757023, -0.0, 0.0, 0.0, 0.0, 1.0]
            ]
        },
        {
            "name": "Shoulder_R",
            "time": [0.0, 0.15, 0.2, 0.25, 0.45, 0.7],
            "transform": [
                [0.658767, 0.75189, 0.026213, 0.0, -0.02539, -0.012604, 0.999598, 0.4, 0.751918, -0.659168, 0.010787, 0.0, 0.0, 0.0, 0.0, 1.0],
                [0.721019, 0.692861, -0.008648, -0.0, -0.013836, 0.026875, 0.999543, 0.4, 0.692777, -0.72057, 0.028964, 0.0, 0.0, 0.0, 0.0, 1.0],
                [0.612963, 0.789715, 0.025026, -0.0, 0.0358, -0.0594, 0.997592, 0.4, 0.7893, -0.610591, -0.064682, 0.0, 0.0, 0.0, 0.0, 1.0],
                [0.443143, 0.891281, 0.096134, 0.0, 0.113688, -0.162248, 0.980179, 0.4, 0.889212, -0.42343, -0.173227, -0.0, 0.0, 0.0, 0.0, 1.0],
                [0.436766, 0.894081, 0.099267, 0.0, 0.115612, -0.165223, 0.979457, 0.4, 0.892115, -0.416317, -0.17553, -0.0, 0.0, 0.0, 0.0, 1.0],
                [0.436766, 0.894081, 0.099267, 0.0, 0.115612, -0.165223, 0.979457, 0.4, 0.892115, -0.416317, -0.17553, -0.0, 0.0, 0.0, 0.0, 1.0]
            ]
        },
        {
            "name": "Arm_R",
            "time": [0.0, 0.15, 0.2, 0.25, 0.45, 0.7],
            "transform": [
                [0.166308, -0.980898, 0.100903, 0.0, 0.874738, 0.099522, -0.474266, 0.39386, 0.455165, 0.167138, 0.87458, -0.0, 0.0, 0.0, 0.0, 1.0],
                [0.194815, -0.933276, 0.301733, -0.0, 0.872037, 0.023983, -0.488852, 0.393861, 0.448997, 0.358358, 0.818523, -0.0, 0.0, 0.0, 0.0, 1.0],
                [0.202987, -0.975278, -0.087341, 0.0, 0.955609, 0.216765, -0.19956, 0.393861, 0.213559, -0.042955, 0.975985, -0.0, 0.0, 0.0, 0.0, 1.0],
                [0.368601, -0.745138, -0.555791, -0.0, 0.924936, 0.234238, 0.299379, 0.393861, -0.092891, -0.624422, 0.775544, 0.0, 0.0, 0.0, 0.0, 1.0],
                [0.376316, -0.732847, -0.566853, -0.0, 0.921004, 0.229408, 0.31484, 0.393861, -0.100689, -0.640553, 0.761284, 0.0, 0.0, 0.0, 0.0, 1.0],
                [0.376316, -0.732847, -0.566853, -0.0, 0.921004, 0.229408, 0.31484, 0.393861, -0.100689, -0.640553, 0.761284, 0.0, 0.0, 0.0, 0.0, 1.0]
            ]
        },
        {
            "name": "Hand_R",
            "time": [0.0, 0.15, 0.2, 0.25, 0.45, 0.7],
            "transform": [
                [0.999995, -0.000971, -0.00305, 0.0, 5.8e-05, 0.958208, -0.286075, 0.3, 0.003201, 0.286073, 0.958203, 0.0, 0.0, 0.0, 0.0, 1.0],
                [0.99999, -0.001473, -0.004166, 0.0, 5e-05, 0.946486, -0.322746, 0.3, 0.004418, 0.322742, 0.946477, 0.0, 0.0, 0.0, 0.0, 1.0],
                [0.999996, -0.00065, -0.002543, -0.0, 0.000265, 0.988902, -0.148572, 0.3, 0.002611, 0.14857, 0.988899, 0.0, 0.0, 0.0, 0.0, 1.0],
                [1.0, -1.1e-05, -8.8e-05, 0.0, 2e-05, 0.994857, 0.101294, 0.3, 8.6e-05, -0.101294, 0.994857, -0.0, 0.0, 0.0, 0.0, 1.0],
                [1.0, -0.0, 0.0, 0.0, -0.0, 0.993938, 0.109947, 0.3, -0.0, -0.109947, 0.993938, -0.0, 0.0, 0.0, 0.0, 1.0],
                [1.0, -0.0, 0.0, 0.0, -0.0, 0.993938, 0.109947, 0.3, -0.0, -0.109947, 0.993938, -0.0, 0.0, 0.0, 0.0, 1.0]
            ]
        },
        {
            "name": "Tool_R",
            "time": [0.0, 0.15, 0.2, 0.25, 0.45, 0.7],
            "transform": [
                [1.000013, 0.0, 0.0, -0.0, 0.0, -0.999836, 0.018122, 0.272858, 0.0, -0.018122, -0.999232, -0.0, 0.0, 0.0, 0.0, 1.0],
                [1.000012, 0.0, 0.0, -0.0, 0.0, -0.999836, 0.018122, 0.272858, 0.0, -0.018122, -0.999232, -0.0, 0.0, 0.0, 0.0, 1.0],
                [0.979431, -0.129681, -0.154668, -0.0, -0.156176, -0.972336, -0.1737, 0.272858, -0.127792, 0.194157, -0.971991, 0.0, 0.0, 0.0, 0.0, 1.0],
                [0.885335, -0.243069, -0.396378, -0.0, -0.399201, -0.834456, -0.379899, 0.272858, -0.238287, 0.494271, -0.835294, 0.0, 0.0, 0.0, 0.0, 1.0],
                [0.880899, -0.24533, -0.404778, -0.0, -0.407627, -0.827878, -0.385304, 0.272858, -0.240448, 0.504105, -0.828773, 0.0, 0.0, 0.0, 0.0, 1.0],
                [0.880899, -0.24533, -0.404778, -0.0, -0.407627, -0.827878, -0.385304, 0.272858, -0.240448, 0.504105, -0.828773, 0.0, 0.0, 0.0, 0.0, 1.0]
            ]
        },
        {
            "name": "Elbow_R",
            "time": [0.0, 0.15, 0.2, 0.25, 0.45, 0.7],
            "transform": [
                [-1.0, 0.0, -0.0, 0.0, 0.0, -0.0, -1.0, 0.317988, -0.0, -1.0, 0.0, 0.0, 0.0, 0.0, 0.0, 1.0],
                [-1.0, 0.0, -0.0, 0.0, 0.0, -0.0, -1.0, 0.318004, -0.0, -1.0, 0.0, 0.0, 0.0, 0.0, 0.0, 1.0],
                [-1.0, 0.0, -0.0, -0.0, 0.0, -0.0, -1.0, 0.318051, -0.0, -1.0, 0.0, 0.0, 0.0, 0.0, 0.0, 1.0],
                [-1.0, 0.0, -0.0, 0.0, -0.0, -0.0, -1.0, 0.318095, -0.0, -1.0, 0.0, -0.0, 0.0, 0.0, 0.0, 1.0],
                [-1.0, 0.0, -0.0, 0.0, 0.0, -0.0, -1.0, 0.3, -0.0, -1.0, 0.0, -0.0, 0.0, 0.0, 0.0, 1.0],
                [-1.0, 0.0, -0.0, 0.0, 0.0, -0.0, -1.0, 0.3, -0.0, -1.0, 0.0, -0.0, 0.0, 0.0, 0.0, 1.0]
            ]
        },
        {
            "name": "Shoulder_L",
            "time": [0.0, 0.15, 0.2, 0.25, 0.45, 0.7],
            "transform": [
                [0.647344, -0.702832, -0.294912, 0.0, 0.189201, -0.226638, 0.955426, 0.4, -0.738342, -0.674286, -0.013736, 0.0, 0.0, 0.0, 0.0, 1.0],
                [0.707514, -0.642225, -0.29491, -0.0, 0.210463, -0.206889, 0.955459, 0.4, -0.674633, -0.738068, -0.011212, 0.0, 0.0, 0.0, 0.0, 1.0],
                [0.835669, -0.431036, -0.340389, -0.0, 0.262318, -0.23127, 0.936858, 0.4, -0.482542, -0.872193, -0.080197, 0.0, 0.0, 0.0, 0.0, 1.0],
                [0.880887, -0.445118, -0.16096, 0.0, 0.136303, -0.087107, 0.98683, 0.4, -0.453277, -0.891225, -0.01606, -0.0, 0.0, 0.0, 0.0, 1.0],
                [0.883191, -0.450436, -0.130695, 0.0, 0.117319, -0.057628, 0.991421, 0.4, -0.454103, -0.890947, 0.001948, -0.0, 0.0, 0.0, 0.0, 1.0],
                [0.883191, -0.450436, -0.130695, 0.0, 0.117319, -0.057628, 0.991421, 0.4, -0.454103, -0.890947, 0.001948, -0.0, 0.0, 0.0, 0.0, 1.0]
            ]
        },
        {
            "name": "Arm_L",
            "time": [0.0, 0.15, 0.2, 0.25, 0.45, 0.7],
            "transform": [
                [0.680159, 0.733061, -0.002435, 0.0, -0.075629, 0.066866, -0.994892, 0.39386, -0.729153, 0.676868, 0.10092, 0.0, 0.0, 0.0, 0.0, 1.0],
                [0.778348, 0.617821, -0.111678, -0.0, -0.037212, -0.132168, -0.990529, 0.39386, -0.62673, 0.775131, -0.079882, -0.0, 0.0, 0.0, 0.0, 1.0],
                [0.553299, 0.818034, 0.157097, 0.0, -0.411184, 0.432239, -0.802557, 0.39386, -0.724423, 0.379458, 0.57552, 0.0, 0.0, 0.0, 0.0, 1.0],
                [0.272923, 0.716129, 0.642395, -0.0, -0.957887, 0.140331, 0.250521, 0.39386, 0.089257, -0.683714, 0.72427, -0.0, 0.0, 0.0, 0.0, 1.0],
                [0.254259, 0.712033, 0.654493, 0.0, -0.95305, 0.069386, 0.294756, 0.39386, 0.164463, -0.698709, 0.696245, -0.0, 0.0, 0.0, 0.0, 1.0],
                [0.254259, 0.712033, 0.654493, 0.0, -0.95305, 0.069386, 0.294756, 0.39386, 0.164463, -0.698709, 0.696245, -0.0, 0.0, 0.0, 0.0, 1.0]
            ]
        },
        {
            "name": "Hand_L",
            "time": [0.0, 0.15, 0.7],
            "transform": [
                [0.99999, -0.004523, -0.000138, 0.0, 0.004515, 0.995166, 0.098102, 0.3, -0.000307, -0.098102, 0.995177, -0.0, 0.0, 0.0, 0.0, 1.0],
                [1.0, -0.0, 0.0, 0.0, 0.0, 0.993938, 0.109947, 0.3, -0.0, -0.109947, 0.993938, 0.0, 0.0, 0.0, 0.0, 1.0],
                [1.0, 0.0, 0.0, 0.0, -0.0, 0.993938, 0.109947, 0.3, -0.0, -0.109947, 0.993938, 0.0, 0.0, 0.0, 0.0, 1.0]
            ]
        },
        {
            "name": "Tool_L",
            "time": [0.0, 0.7],
            "transform": [
                [1.0, -0.0, 0.0, -0.0, -0.0, -0.999836, 0.018122, 0.272858, 0.0, -0.018122, -0.999248, -0.0, 0.0, 0.0, 0.0, 1.0],
                [1.0, -0.0, 0.0, 0.0, -0.0, -0.999836, 0.018122, 0.272858, 0.0, -0.018122, -0.999248, -0.0, 0.0, 0.0, 0.0, 1.0]
            ]
        },
        {
            "name": "Elbow_L",
            "time": [0.0, 0.15, 0.2, 0.25, 0.45, 0.7],
            "transform": [
                [-1.0, 0.0, -0.0, 0.000268, 0.0, -0.0, -1.0, 0.434308, -0.0, -1.0, -0.0, -0.002544, 0.0, 0.0, 0.0, 1.0],
                [-1.0, 0.0, -0.0, 0.000257, 0.0, -0.0, -1.0, 0.428497, -0.0, -1.0, -0.0, -0.002434, 0.0, 0.0, 0.0, 1.0],
                [-1.0, 0.0, -0.0, 0.000223, 0.0, -0.0, -1.0, 0.411868, -0.0, -1.0, -0.0, -0.002119, 0.0, 0.0, 0.0, 1.0],
                [-1.0, 0.0, -0.0, 0.000192, 0.0, -0.0, -1.0, 0.39627, -0.0, -1.0, -0.0, -0.001824, 0.0, 0.0, 0.0, 1.0],
                [-1.0, 0.0, -0.0, 0.0, 0.0, -0.0, -1.0, 0.3, -0.0, -1.0, 0.0, 0.0, 0.0, 0.0, 0.0, 1.0],
                [-1.0, 0.0, -0.0, 0.0, 0.0, -0.0, -1.0, 0.3, -0.0, -1.0, 0.0, 0.0, 0.0, 0.0, 0.0, 1.0]
            ]
        }
    ]
}