{
    "animation": [
        {
            "name": "Coord",
            "time": [0.0, 0.1167, 0.25, 0.4167, 1.2333],
            "transform": [
                [1.0, 0.0, 0.0, 0.0, 0.0, 0.0, -1.0, 0.19019, 0.0, 1.0, 0.0, 0.0, 0.0, 0.0, 0.0, 1.0],
                [1.0, 0.0, 0.0, 0.0, 0.0, 0.0, -1.0, 0.412079, 0.0, 1.0, 0.0, 0.0, 0.0, 0.0, 0.0, 1.0],
                [1.0, 0.0, 0.0, 0.0, 0.0, 0.0, -1.0, 0.46771, 0.0, 1.0, 0.0, 0.0, 0.0, 0.0, 0.0, 1.0],
                [1.0, 0.0, 0.0, 0.0, 0.0, 0.0, -1.0, 1.433458, 0.0, 1.0, 0.0, 0.0, 0.0, 0.0, 0.0, 1.0],
                [1.0, 0.0, 0.0, 0.0, 0.0, 0.0, -1.0, 1.433458, 0.0, 1.0, 0.0, 0.0, 0.0, 0.0, 0.0, 1.0]
            ]
        },
        {
            "name": "Root",
            "time": [0.0, 0.1167, 0.25, 0.35, 0.4167, 0.6, 0.75, 1.0, 1.2333],
            "transform": [
                [0.861261, -0.05352, -0.505337, -5e-06, 0.041585, 0.998526, -0.03488, 0.688773, 0.506459, 0.009026, 0.862217, -0.000315, 0.0, 0.0, 0.0, 1.0],
                [0.392498, -0.11217, -0.912887, -5e-06, 0.059907, 0.993546, -0.096323, 0.612553, 0.9178, -0.016882, 0.396684, -0.000946, 0.0, 0.0, 0.0, 1.0],
                [-0.02394, -0.095039, -0.995186, -5e-06, 0.059907, 0.993546, -0.096323, 0.579175, 0.997917, -0.061925, -0.018092, -0.000946, 0.0, 0.0, 0.0, 1.0],
                [0.99308, 0.00602, -0.117288, -5e-06, 0.009311, 0.991506, 0.129726, 0.619353, 0.117073, -0.12992, 0.984589, -0.000946, 0.0, 0.0, 0.0, 1.0],
                [0.445515, 0.007782, 0.89524, -5e-06, -0.273849, 0.953218, 0.127994, 0.579175, -0.852363, -0.302184, 0.426805, -0.000946, 0.0, 0.0, 0.0, 1.0],
                [0.006377, -0.015989, 0.999852, -5e-06, -0.345051, 0.938426, 0.017208, 0.579175, -0.938562, -0.34511, 0.000467, -0.000946, 0.0, 0.0, 0.0, 1.0],
                [0.006377, -0.015989, 0.999852, -5e-06, -0.345051, 0.938426, 0.017208, 0.579175, -0.938562, -0.34511, 0.000467, -0.000946, 0.0, 0.0, 0.0, 1.0],
                [0.711716, 0.064856, 0.699467, -5e-06, -0.169606, 0.982135, 0.081511, 0.666639, -0.681685, -0.176647, 0.710001, 0.380428, 0.0, 0.0, 0.0, 1.0],
                [1.0, 0.0, 0.0, -5e-06, 0.0, 1.0, 0.0, 0.754104, 0.0, 0.0, 1.0, 0.000226, 0.0, 0.0, 0.0, 1.0]
            ]
        },
        {
            "name": "Thigh_R",
            "time": [0.0, 0.1167, 0.25, 0.3, 0.35, 0.3833, 0.4167, 0.6, 0.75, 0.8833, 1.0, 1.1333, 1.2333],
            "transform": [
                [0.986307, 0.162643, 0.027296, 0.124994, 0.159881, -0.983586, 0.083614, -0.002831, 0.040447, -0.078105, -0.996125, -1.2e-05, 0.0, 0.0, 0.0, 1.0],
                [0.858741, 0.450219, -0.244675, 0.124994, 0.491484, -0.858767, 0.144774, -0.002831, -0.14494, -0.244576, -0.958736, -1.2e-05, 0.0, 0.0, 0.0, 1.0],
                [0.845315, 0.463266, -0.26613, 0.124994, 0.530172, -0.788917, 0.310685, -0.002831, -0.066025, -0.40372, -0.912497, -1.2e-05, 0.0, 0.0, 0.0, 1.0],
                [0.947949, 0.309521, -0.074749, 0.124994, 0.302903, -0.804169, 0.511429, -0.002831, 0.098187, -0.507449, -0.856069, -1.2e-05, 0.0, 0.0, 0.0, 1.0],
                [0.976305, 0.109757, 0.186495, 0.124994, -0.167788, -0.160281, 0.972706, -0.002831, 0.136653, -0.980948, -0.138068, -1.2e-05, 0.0, 0.0, 0.0, 1.0],
                [0.856923, 0.503985, 0.108081, 0.124994, -0.025396, -0.168147, 0.985435, -0.002831, 0.514818, -0.847185, -0.13129, -1.2e-05, 0.0, 0.0, 0.0, 1.0],
                [0.668367, 0.742308, 0.047558, 0.124994, 0.12112, -0.171691, 0.977677, -0.002831, 0.733904, -0.647685, -0.204662, -1.2e-05, 0.0, 0.0, 0.0, 1.0],
                [0.438524, 0.893863, -0.093288, 0.124994, 0.475412, -0.142631, 0.868124, -0.002831, 0.762679, -0.425043, -0.487502, -1.2e-05, 0.0, 0.0, 0.0, 1.0],
                [0.440338, 0.892737, -0.095496, 0.124994, 0.479401, -0.143855, 0.865725, -0.002831, 0.759128, -0.426992, -0.491326, -1.2e-05, 0.0, 0.0, 0.0, 1.0],
                [0.629985, 0.715312, -0.302399, 0.124994, 0.402419, 0.032352, 0.914884, -0.002831, 0.664211, -0.698053, -0.267475, -1.2e-05, 0.0, 0.0, 0.0, 1.0],
                [0.829311, 0.549374, 0.102131, 0.124994, 0.28928, -0.578468, 0.762687, -0.002831, 0.47808, -0.602959, -0.638654, -1.2e-05, 0.0, 0.0, 0.0, 1.0],
                [0.970195, 0.188943, 0.151726, 0.124994, 0.091107, -0.864605, 0.49412, -0.002831, 0.224544, -0.465568, -0.856052, -1.2e-05, 0.0, 0.0, 0.0, 1.0],
                [0.991854, 0.041017, 0.120588, 0.124994, 0.035014, -0.998057, 0.051496, -0.002831, 0.122466, -0.046854, -0.991366, -1.2e-05, 0.0, 0.0, 0.0, 1.0]
            ]
        },
        {
            "name": "Leg_R",
            "time": [0.0, 0.1167, 0.25, 0.3, 0.35, 0.3833, 0.4167, 0.6, 0.75, 0.8833, 1.0, 1.1333, 1.2333],
            "transform": [
                [1.0, -0.0, 1e-06, -0.0, -0.0, 0.788865, 0.614567, 0.37472, -1e-06, -0.614568, 0.788864, 0.0, 0.0, 0.0, 0.0, 1.0],
                [1.0, -1e-06, 1e-06, -0.0, -0.0, 0.750297, 0.661101, 0.37472, -1e-06, -0.661102, 0.750296, 0.0, 0.0, 0.0, 0.0, 1.0],
                [1.0, -0.0, 1e-06, -0.0, -0.0, 0.846829, 0.531865, 0.37472, -1e-06, -0.531866, 0.846828, -0.0, 0.0, 0.0, 0.0, 1.0],
                [1.0, -1e-06, 0.0, -0.0, -0.0, 0.085905, 0.996302, 0.37472, -1e-06, -0.996304, 0.085905, -0.0, 0.0, 0.0, 0.0, 1.0],
                [1.0, -1e-06, -0.0, -0.0, -0.0, -0.236767, 0.971566, 0.37472, -1e-06, -0.971568, -0.236766, 0.0, 0.0, 0.0, 0.0, 1.0],
                [1.0, -0.0, 1e-06, -0.0, -0.0, 0.721005, 0.69293, 0.37472, -1e-06, -0.692931, 0.721003, 0.0, 0.0, 0.0, 0.0, 1.0],
                [1.0, -0.0, 1e-06, -0.0, -0.0, 0.664705, 0.747106, 0.37472, -0.0, -0.747107, 0.664704, 0.0, 0.0, 0.0, 0.0, 1.0],
                [1.0, -0.0, 0.0, 0.0, -0.0, 0.587641, 0.809121, 0.37472, -0.0, -0.809123, 0.58764, -0.0, 0.0, 0.0, 0.0, 1.0],
                [1.0, -0.0, 0.0, 0.0, -0.0, 0.587641, 0.809122, 0.37472, -0.0, -0.809123, 0.58764, 0.0, 0.0, 0.0, 0.0, 1.0],
                [1.0, -1e-06, 0.0, 0.0, -0.0, -0.04688, 0.9989, 0.37472, -1e-06, -0.998901, -0.04688, -0.0, 0.0, 0.0, 0.0, 1.0],
                [1.0, -0.0, 0.0, 0.0, -0.0, 0.617585, 0.786504, 0.37472, -1e-06, -0.786505, 0.617584, 0.0, 0.0, 0.0, 0.0, 1.0],
                [1.0, -1e-06, 1e-06, 0.0, -0.0, 0.732436, 0.680836, 0.37472, -1e-06, -0.680837, 0.732435, 0.0, 0.0, 0.0, 0.0, 1.0],
                [1.0, -0.0, 1e-06, 0.0, 0.0, 0.963749, 0.266812, 0.37472, -1e-06, -0.266812, 0.963748, 0.0, 0.0, 0.0, 0.0, 1.0]
            ]
        },
        {
            "name": "Knee_R",
            "time": [0.0, 0.1167, 0.25, 0.3, 0.35, 0.3833, 0.4167, 0.6, 0.75, 0.8833, 1.0, 1.1333, 1.2333],
            "transform": [
                [1.0, 0.0, -0.0, 0.0, -0.0, 1e-06, -1.0, 0.398103, -0.0, 1.0, 1e-06, 0.0, 0.0, 0.0, 0.0, 1.0],
                [1.0, 0.0, -0.0, 0.0, -0.0, 1e-06, -1.0, 0.403531, -0.0, 1.0, 1e-06, 0.0, 0.0, 0.0, 0.0, 1.0],
                [1.0, 0.0, -0.0, -0.0, -0.0, 1e-06, -1.0, 0.389031, -0.0, 1.0, 1e-06, 0.0, 0.0, 0.0, 0.0, 1.0],
                [1.0, -0.0, -0.0, 0.0, -0.0, 1e-06, -1.0, 0.471997, -0.0, 1.0, 1e-06, 0.0, 0.0, 0.0, 0.0, 1.0],
                [1.0, 0.0, -0.0, 0.0, -0.0, 1e-06, -1.0, 0.47972, -0.0, 1.0, 1e-06, -0.0, 0.0, 0.0, 0.0, 1.0],
                [1.0, 0.0, -0.0, -0.0, -0.0, 1e-06, -1.0, 0.407415, -0.0, 1.0, 1e-06, 0.0, 0.0, 0.0, 0.0, 1.0],
                [1.0, 0.0, -0.0, -0.0, -0.0, 1e-06, -1.0, 0.414433, -0.0, 1.0, 1e-06, 0.0, 0.0, 0.0, 0.0, 1.0],
                [1.0, 0.0, -0.0, 0.0, -0.0, 1e-06, -1.0, 0.423318, -0.0, 1.0, 1e-06, -0.0, 0.0, 0.0, 0.0, 1.0],
                [1.0, 0.0, -0.0, -0.0, -0.0, 1e-06, -1.0, 0.423318, -0.0, 1.0, 1e-06, -0.0, 0.0, 0.0, 0.0, 1.0],
                [1.0, 0.0, -0.0, 0.0, -0.0, 1e-06, -1.0, 0.47972, -0.0, 1.0, 1e-06, -0.0, 0.0, 0.0, 0.0, 1.0],
                [1.0, 0.0, -0.0, 0.0, -0.0, 1e-06, -1.0, 0.419949, -0.0, 1.0, 1e-06, -0.0, 0.0, 0.0, 0.0, 1.0],
                [1.0, 0.0, -0.0, 0.0, -0.0, 1e-06, -1.0, 0.405921, -0.0, 1.0, 1e-06, 0.0, 0.0, 0.0, 0.0, 1.0],
                [1.0, 0.0, -0.0, 0.0, -0.0, 1e-06, -1.0, 0.37472, -0.0, 1.0, 1e-06, -0.0, 0.0, 0.0, 0.0, 1.0]
            ]
        },
        {
            "name": "Thigh_L",
            "time": [0.0, 0.1167, 0.25, 0.35, 0.4167, 0.6, 0.75, 0.8833, 1.0, 1.1333, 1.2333],
            "transform": [
                [0.882274, -0.417083, -0.218248, -0.125006, -0.106857, -0.628982, 0.770041, -0.002831, -0.458445, -0.656066, -0.599504, -1.2e-05, 0.0, 0.0, 0.0, 1.0],
                [0.366849, -0.81638, -0.446032, -0.125006, -0.348315, -0.565122, 0.747872, -0.002831, -0.86261, -0.118997, -0.491673, -1.2e-05, 0.0, 0.0, 0.0, 1.0],
                [0.224239, -0.851006, -0.474875, -0.125006, -0.469083, -0.521375, 0.712831, -0.002831, -0.854211, 0.062912, -0.516105, -1.2e-05, 0.0, 0.0, 0.0, 1.0],
                [0.723194, -0.389692, -0.570201, -0.125006, 0.064978, -0.783554, 0.617916, -0.002831, -0.68758, -0.483924, -0.541341, -1.2e-05, 0.0, 0.0, 0.0, 1.0],
                [0.374101, -0.473793, -0.797225, -0.125006, -0.219712, -0.880453, 0.420153, -0.002831, -0.900985, 0.017981, -0.433477, -1.2e-05, 0.0, 0.0, 0.0, 1.0],
                [0.321697, -0.429183, -0.843986, -0.125006, 0.022843, -0.887592, 0.460063, -0.002831, -0.946567, -0.16728, -0.275732, -1.2e-05, 0.0, 0.0, 0.0, 1.0],
                [0.321695, -0.429187, -0.843985, -0.125006, 0.022844, -0.88759, 0.460067, -0.002831, -0.946567, -0.167281, -0.27573, -1.2e-05, 0.0, 0.0, 0.0, 1.0],
                [0.501757, -0.395157, -0.769474, -0.125006, -0.041545, -0.899539, 0.43486, -0.002831, -0.864009, -0.186226, -0.467767, -1.2e-05, 0.0, 0.0, 0.0, 1.0],
                [0.737429, -0.154388, -0.657542, -0.125006, 0.109713, -0.933215, 0.342157, -0.002831, -0.666453, -0.324458, -0.671243, -1.2e-05, 0.0, 0.0, 0.0, 1.0],
                [0.99266, -0.100754, 0.066893, -0.125006, -0.117829, -0.681131, 0.722617, -0.002831, -0.027243, -0.725195, -0.688004, -1.2e-05, 0.0, 0.0, 0.0, 1.0],
                [0.999634, -0.026784, 0.00356, -0.125006, -0.026897, -0.973986, 0.225008, -0.002831, -0.002559, -0.225021, -0.97435, -1.2e-05, 0.0, 0.0, 0.0, 1.0]
            ]
        },
        {
            "name": "Leg_L",
            "time": [0.0, 0.1167, 0.25, 0.35, 0.4167, 0.6, 0.75, 0.8833, 1.0, 1.1333, 1.2333],
            "transform": [
                [1.0, -1e-06, 1e-06, -0.0, -1e-06, 0.108001, 0.994151, 0.37472, -1e-06, -0.99415, 0.108002, -0.0, 0.0, 0.0, 0.0, 1.0],
                [1.0, -1e-06, 1e-06, 0.0, -0.0, 0.645887, 0.763433, 0.37472, -1e-06, -0.763433, 0.645887, -0.0, 0.0, 0.0, 0.0, 1.0],
                [1.0, -1e-06, 1e-06, -0.0, -0.0, 0.45819, 0.888855, 0.37472, -1e-06, -0.888854, 0.45819, -0.0, 0.0, 0.0, 0.0, 1.0],
                [1.0, -1e-06, 1e-06, 0.0, -1e-06, 0.30368, 0.952774, 0.37472, -1e-06, -0.952774, 0.30368, 0.0, 0.0, 0.0, 0.0, 1.0],
                [1.0, -1e-06, 1e-06, 0.0, 0.0, 0.875789, 0.482694, 0.37472, -1e-06, -0.482694, 0.875789, 0.0, 0.0, 0.0, 0.0, 1.0],
                [1.0, -1e-06, 1e-06, 0.0, 0.0, 0.896694, 0.442651, 0.37472, -1e-06, -0.442651, 0.896694, 0.0, 0.0, 0.0, 0.0, 1.0],
                [1.0, -1e-06, 1e-06, 0.0, 0.0, 0.896693, 0.442653, 0.37472, -1e-06, -0.442652, 0.896694, 0.0, 0.0, 0.0, 0.0, 1.0],
                [1.0, -1e-06, 1e-06, -0.0, 0.0, 0.625082, 0.780559, 0.37472, -1e-06, -0.780559, 0.625082, -0.0, 0.0, 0.0, 0.0, 1.0],
                [1.0, -1e-06, 1e-06, -0.0, -0.0, 0.625917, 0.77989, 0.37472, -1e-06, -0.779889, 0.625918, -0.0, 0.0, 0.0, 0.0, 1.0],
                [1.0, -1e-06, 1e-06, -0.0, -0.0, 0.292225, 0.95635, 0.37472, -1e-06, -0.956349, 0.292225, 0.0, 0.0, 0.0, 0.0, 1.0],
                [1.0, -0.0, 1e-06, 0.0, 0.0, 0.97617, 0.217005, 0.37472, -1e-06, -0.217005, 0.976171, 0.0, 0.0, 0.0, 0.0, 1.0]
            ]
        },
        {
            "name": "Knee_L",
            "time": [0.0, 0.1167, 0.25, 0.35, 0.4167, 0.6, 0.75, 0.8833, 1.0, 1.1333, 1.2333],
            "transform": [
                [1.0, 0.0, -0.0, -0.0, -0.0, 1e-06, -1.0, 0.470003, -0.0, 1.0, 1e-06, -0.0, 0.0, 0.0, 0.0, 1.0],
                [1.0, 0.0, -0.0, 0.0, -0.0, 1e-06, -1.0, 0.41667, -0.0, 1.0, 1e-06, -0.0, 0.0, 0.0, 0.0, 1.0],
                [1.0, 0.0, -0.0, -0.0, -0.0, 1e-06, -1.0, 0.436983, 0.0, 1.0, 1e-06, -0.0, 0.0, 0.0, 0.0, 1.0],
                [1.0, 0.0, -0.0, 0.0, -0.0, 1e-06, -1.0, 0.452015, -0.0, 1.0, 1e-06, 0.0, 0.0, 0.0, 0.0, 1.0],
                [1.0, 0.0, -0.0, 0.0, -0.0, 1e-06, -1.0, 0.383906, -0.0, 1.0, 1e-06, -0.0, 0.0, 0.0, 0.0, 1.0],
                [1.0, 0.0, -0.0, 0.0, -0.0, 1e-06, -1.0, 0.37985, -0.0, 1.0, 1e-06, 0.0, 0.0, 0.0, 0.0, 1.0],
                [1.0, 0.0, -0.0, -0.0, -0.0, 1e-06, -1.0, 0.37985, -0.0, 1.0, 1e-06, 0.0, 0.0, 0.0, 0.0, 1.0],
                [1.0, 0.0, -0.0, 0.0, -0.0, 1e-06, -1.0, 0.419089, -0.0, 1.0, 1e-06, -0.0, 0.0, 0.0, 0.0, 1.0],
                [1.0, 0.0, -0.0, -0.0, -0.0, 1e-06, -1.0, 0.418993, -0.0, 1.0, 1e-06, -0.0, 0.0, 0.0, 0.0, 1.0],
                [1.0, 0.0, -0.0, -0.0, -0.0, 1e-06, -1.0, 0.453092, -0.0, 1.0, 1e-06, 0.0, 0.0, 0.0, 0.0, 1.0],
                [1.0, 0.0, -0.0, 0.0, -0.0, 1e-06, -1.0, 0.37472, -0.0, 1.0, 1e-06, 0.0, 0.0, 0.0, 0.0, 1.0]
            ]
        },
        {
            "name": "Torso",
            "time": [0.0, 1.2333],
            "transform": [
                [1.0, -0.0, -0.0, 0.0, 0.0, 1.0, -0.0, 0.05, -0.0, 0.0, 1.0, -0.0, 0.0, 0.0, 0.0, 1.0],
                [1.0, 0.0, 0.0, 0.0, 0.0, 1.0, 0.0, 0.05, 0.0, 0.0, 1.0, 0.0, 0.0, 0.0, 0.0, 1.0]
            ]
        },
        {
            "name": "Chest",
            "time": [0.0, 0.1167, 0.25, 0.35, 0.4167, 0.75, 1.2333],
            "transform": [
                [0.999683, -0.025064, -0.002262, 0.0, 0.025082, 0.984954, 0.170989, 0.3, -0.002057, -0.170991, 0.985271, -0.0, 0.0, 0.0, 0.0, 1.0],
                [0.998526, -0.053291, -0.010268, 0.0, 0.053373, 0.929986, 0.3637, 0.3, -0.009832, -0.363712, 0.93146, -0.0, 0.0, 0.0, 0.0, 1.0],
                [0.998526, -0.053291, -0.010268, -0.0, 0.053373, 0.929986, 0.3637, 0.3, -0.009833, -0.363712, 0.93146, 0.0, 0.0, 0.0, 0.0, 1.0],
                [0.999069, -0.035982, -0.023781, 0.0, 0.04015, 0.977289, 0.208074, 0.3, 0.015754, -0.208836, 0.977824, -0.0, 0.0, 0.0, 0.0, 1.0],
                [0.990892, 0.13462, 0.003362, -0.0, -0.134541, 0.988637, 0.067053, 0.3, 0.005702, -0.066895, 0.997744, -0.0, 0.0, 0.0, 0.0, 1.0],
                [0.990892, 0.13462, 0.003362, -0.0, -0.134541, 0.988637, 0.067053, 0.3, 0.005702, -0.066895, 0.997744, 0.0, 0.0, 0.0, 0.0, 1.0],
                [1.0, 0.0, 0.0, 0.0, 0.0, 1.0, 0.0, 0.3, 0.0, 0.0, 1.0, 0.0, 0.0, 0.0, 0.0, 1.0]
            ]
        },
        {
            "name": "Head",
            "time": [0.0, 0.1167, 0.25, 0.35, 0.4167, 0.6, 0.75, 1.0, 1.1333, 1.2333],
            "transform": [
                [0.883886, 0.014345, 0.467482, -0.0, 0.053928, 0.989737, -0.132334, 0.4, -0.464583, 0.142179, 0.874041, -0.0, 0.0, 0.0, 0.0, 1.0],
                [0.495047, 0.112129, 0.861601, -0.0, 0.184774, 0.955369, -0.230497, 0.4, -0.848992, 0.273309, 0.452234, 0.0, 0.0, 0.0, 0.0, 1.0],
                [0.495047, 0.112129, 0.861601, -0.0, 0.184774, 0.955369, -0.230497, 0.4, -0.848992, 0.273309, 0.452234, -0.0, 0.0, 0.0, 0.0, 1.0],
                [0.98593, 0.052101, 0.158834, -0.0, 0.001857, 0.946714, -0.322069, 0.4, -0.167151, 0.317832, 0.933297, -0.0, 0.0, 0.0, 0.0, 1.0],
                [0.483623, -0.370628, -0.792933, 0.0, 0.031572, 0.912721, -0.407362, 0.4, 0.874707, 0.171975, 0.453115, -0.0, 0.0, 0.0, 0.0, 1.0],
                [0.145376, -0.385835, -0.911042, -0.0, -0.011547, 0.9201, -0.391514, 0.4, 0.989309, 0.067437, 0.129306, -0.0, 0.0, 0.0, 0.0, 1.0],
                [0.145376, -0.385835, -0.911042, -0.0, -0.011547, 0.9201, -0.391514, 0.4, 0.989309, 0.067437, 0.129306, -0.0, 0.0, 0.0, 0.0, 1.0],
                [0.709948, -0.170904, -0.683203, 0.0, 0.04791, 0.979581, -0.195257, 0.4, 0.702623, 0.10589, 0.70364, 0.0, 0.0, 0.0, 0.0, 1.0],
                [0.950033, -0.066142, -0.305061, -0.0, 0.054645, 0.997442, -0.046085, 0.4, 0.307329, 0.027112, 0.951217, -0.0, 0.0, 0.0, 0.0, 1.0],
                [1.0, 0.0, 0.0, 0.0, 0.0, 1.0, 0.0, 0.4, 0.0, 0.0, 1.0, 0.0, 0.0, 0.0, 0.0, 1.0]
            ]
        },
        {
            "name": "Shoulder_R",
            "time": [0.0, 0.1167, 0.35, 0.4167, 0.6, 0.75, 1.0, 1.0833, 1.2333],
            "transform": [
                [-0.011592, 0.965592, 0.259804, -0.0, 0.0209, -0.25953, 0.965509, 0.4, 0.999714, 0.016622, -0.017173, -0.0, 0.0, 0.0, 0.0, 1.0],
                [-0.026356, 0.978254, 0.205726, -0.0, 0.044532, -0.204444, 0.977865, 0.4, 0.99866, 0.034934, -0.038175, 0.0, 0.0, 0.0, 0.0, 1.0],
                [-0.110805, 0.993774, -0.011593, -0.0, -0.000723, 0.011584, 0.999933, 0.4, 0.993842, 0.110806, -0.000565, -0.0, 0.0, 0.0, 0.0, 1.0],
                [0.542072, 0.839892, 0.027166, 0.0, 0.197206, -0.15857, 0.967453, 0.4, 0.816864, -0.519072, -0.251588, -0.0, 0.0, 0.0, 0.0, 1.0],
                [0.491571, 0.869418, 0.049692, -0.0, 0.292453, -0.218563, 0.930968, 0.4, 0.820261, -0.443104, -0.361704, -0.0, 0.0, 0.0, 0.0, 1.0],
                [0.491571, 0.869418, 0.049692, -0.0, 0.292453, -0.218563, 0.930968, 0.4, 0.820261, -0.443104, -0.361704, -0.0, 0.0, 0.0, 0.0, 1.0],
                [0.0, 0.952114, 0.305743, 0.0, 0.0, -0.305743, 0.952114, 0.4, 1.0, -0.0, -0.0, 0.0, 0.0, 0.0, 0.0, 1.0],
                [-0.205893, 0.946919, 0.246885, 0.0, -0.009029, -0.254118, 0.967131, 0.4, 0.978533, 0.196896, 0.06087, 0.0, 0.0, 0.0, 0.0, 1.0],
                [0.0, 0.952114, 0.305743, 0.0, 0.0, -0.305743, 0.952114, 0.4, 1.0, 0.0, -0.0, 0.0, 0.0, 0.0, 0.0, 1.0]
            ]
        },
        {
            "name": "Arm_R",
            "time": [0.0, 0.1167, 0.35, 0.4167, 0.75, 0.9167, 1.0833, 1.2333],
            "transform": [
                [0.772392, -0.425213, -0.471809, 0.041486, 0.631063, 0.59786, 0.49429, 0.388004, 0.071897, -0.679527, 0.730119, 0.023949, 0.0, 0.0, 0.0, 1.0],
                [0.259634, -0.902748, -0.34298, 0.041582, 0.950122, 0.302341, -0.076545, 0.387497, 0.172798, -0.306, 0.936219, 0.019818, 0.0, 0.0, 0.0, 1.0],
                [0.259634, -0.902748, -0.34298, 0.041582, 0.950122, 0.30234, -0.076545, 0.387496, 0.172798, -0.306, 0.936219, 0.019818, 0.0, 0.0, 0.0, 1.0],
                [-0.450252, -0.873236, -0.186366, -0.0, 0.773923, -0.277564, -0.569212, 0.39386, 0.445328, -0.400521, 0.800791, 0.0, 0.0, 0.0, 0.0, 1.0],
                [-0.450252, -0.873236, -0.186366, 0.0, 0.773923, -0.277564, -0.569212, 0.393861, 0.445328, -0.400521, 0.800791, -0.0, 0.0, 0.0, 0.0, 1.0],
                [0.510984, -0.795355, -0.326046, 0.020702, 0.663629, 0.606095, -0.438457, 0.39115, 0.546344, 0.007672, 0.837525, 0.013744, 0.0, 0.0, 0.0, 1.0],
                [0.991796, 0.12702, -0.014387, 0.041404, -0.053237, 0.512735, 0.856895, 0.388439, 0.11622, -0.849098, 0.515291, 0.027489, 0.0, 0.0, 0.0, 1.0],
                [0.966866, 0.10227, -0.233905, 0.041404, 0.160522, 0.468894, 0.868545, 0.388439, 0.198503, -0.877314, 0.436941, 0.027489, 0.0, 0.0, 0.0, 1.0]
            ]
        },
        {
            "name": "Hand_R",
            "time": [0.0, 0.1167, 0.35, 0.4167, 0.75, 0.9167, 1.0833, 1.2333],
            "transform": [
                [1.0, 0.0, 0.0, 0.0, -0.0, 0.868629, -0.495463, 0.3, -0.0, 0.495463, 0.868629, 0.0, 0.0, 0.0, 0.0, 1.0],
                [1.0, 0.0, -0.0, 0.0, -0.0, 0.324279, -0.945961, 0.3, -0.0, 0.945961, 0.324279, -0.0, 0.0, 0.0, 0.0, 1.0],
                [1.0, 0.0, 0.0, 0.0, -0.0, 0.324279, -0.945961, 0.3, -0.0, 0.945961, 0.324279, -0.0, 0.0, 0.0, 0.0, 1.0],
                [1.0, -0.0, 0.0, 0.0, -0.0, 0.999995, -0.003148, 0.3, -0.0, 0.003148, 0.999995, 0.0, 0.0, 0.0, 0.0, 1.0],
                [1.0, 0.0, 0.0, 0.0, -0.0, 0.999995, -0.003148, 0.3, -0.0, 0.003148, 0.999995, 0.0, 0.0, 0.0, 0.0, 1.0],
                [1.0, 0.0, -0.0, 0.0, 0.0, 0.070465, -0.997515, 0.3, -0.0, 0.997514, 0.070465, -0.0, 0.0, 0.0, 0.0, 1.0],
                [1.0, 0.0, 0.0, -0.0, -0.0, 0.993937, 0.109947, 0.3, -0.0, -0.109947, 0.993937, -0.0, 0.0, 0.0, 0.0, 1.0],
                [1.0, 0.0, 0.0, 0.0, -0.0, 0.993938, 0.109947, 0.3, -0.0, -0.109947, 0.993937, 0.0, 0.0, 0.0, 0.0, 1.0]
            ]
        },
        {
            "name": "Tool_R",
            "time": [0.0, 0.1167, 0.35, 0.4167, 0.75, 1.0, 1.2333],
            "transform": [
                [0.755646, -0.17607, -0.630871, 0.005417, -0.354006, -0.920174, -0.167211, 0.244581, -0.550748, 0.349467, -0.757209, -0.011256, 0.0, 0.0, 0.0, 1.0],
                [0.02221, -0.158215, -0.987155, -0.0, -0.63194, -0.767347, 0.108768, 0.272858, -0.774248, 0.621031, -0.116954, 0.0, 0.0, 0.0, 0.0, 1.0],
                [0.02221, -0.158215, -0.987155, -0.0, -0.63194, -0.767347, 0.108768, 0.272858, -0.774247, 0.621031, -0.116955, -0.0, 0.0, 0.0, 0.0, 1.0],
                [-0.107744, 0.864418, -0.491095, -0.0, 0.067048, -0.486528, -0.871089, 0.272858, -0.991328, -0.126711, -0.005543, 0.0, 0.0, 0.0, 0.0, 1.0],
                [-0.107744, 0.864418, -0.491095, -0.0, 0.067048, -0.486528, -0.871089, 0.272858, -0.991328, -0.126711, -0.005543, -0.0, 0.0, 0.0, 0.0, 1.0],
                [1.0, -0.0, 0.0, 0.010061, 0.0, -0.987188, -0.159561, 0.220344, 0.0, 0.159456, -0.986606, -0.020904, 0.0, 0.0, 0.0, 1.0],
                [1.0, -0.0, 0.0, 0.010061, 0.0, -0.987188, -0.159561, 0.220344, 0.0, 0.159456, -0.986606, -0.020904, 0.0, 0.0, 0.0, 1.0]
            ]
        },
        {
            "name": "Elbow_R",
            "time": [0.0, 0.1167, 0.35, 0.4167, 0.75, 0.9167, 1.0833, 1.2333],
            "transform": [
                [-1.0, 0.0, -0.0, 0.0, 0.0, -0.0, -1.0, 0.358901, -0.0, -1.0, 0.0, -0.0, 0.0, 0.0, 0.0, 1.0],
                [-1.0, 0.0, -0.0, 0.0, 0.0, -0.0, -1.0, 0.426576, -0.0, -1.0, 0.0, -0.0, 0.0, 0.0, 0.0, 1.0],
                [-1.0, 0.0, -0.0, 0.0, 0.0, -0.0, -1.0, 0.426576, -0.0, -1.0, 0.0, 0.0, 0.0, 0.0, 0.0, 1.0],
                [-1.0, 0.0, 0.0, 0.0, -0.0, -0.0, -1.0, 0.310619, -0.0, -1.0, 0.0, 0.0, 0.0, 0.0, 0.0, 1.0],
                [-1.0, 0.0, -0.0, -0.0, -0.0, 0.0, -1.0, 0.310619, -0.0, -1.0, -0.0, -0.0, 0.0, 0.0, 0.0, 1.0],
                [-1.0, 0.0, 0.0, 0.0, 0.0, -0.0, -1.0, 0.4472, -0.0, -1.0, 0.0, 0.0, 0.0, 0.0, 0.0, 1.0],
                [-1.0, 0.0, -0.0, -0.0, 0.0, -0.0, -1.0, 0.3, -0.0, -1.0, 0.0, 0.0, 0.0, 0.0, 0.0, 1.0],
                [-1.0, 0.0, -0.0, 0.0, 0.0, 0.0, -1.0, 0.3, -0.0, -1.0, 0.0, 0.0, 0.0, 0.0, 0.0, 1.0]
            ]
        },
        {
            "name": "Shoulder_L",
            "time": [0.0, 0.1167, 0.35, 0.4167, 0.6, 0.75, 1.2333],
            "transform": [
                [0.39957, -0.887103, -0.231065, -0.0, -0.028085, -0.263789, 0.964171, 0.4, -0.916272, -0.378765, -0.130317, -0.0, 0.0, 0.0, 0.0, 1.0],
                [0.671846, -0.722767, -0.161961, -0.0, -0.055612, -0.267267, 0.962016, 0.4, -0.7386, -0.63732, -0.219757, 0.0, 0.0, 0.0, 0.0, 1.0],
                [0.72147, -0.59627, -0.352055, -0.0, 0.120018, -0.393047, 0.911652, 0.4, -0.681965, -0.699983, -0.212009, -0.0, 0.0, 0.0, 0.0, 1.0],
                [-0.190049, -0.810368, -0.554243, 0.0, -0.239315, -0.509265, 0.826666, 0.4, -0.95216, 0.289746, -0.097148, -0.0, 0.0, 0.0, 0.0, 1.0],
                [-0.132119, -0.830453, -0.541195, -0.0, -0.350161, -0.471678, 0.809263, 0.4, -0.927325, 0.296424, -0.228475, -0.0, 0.0, 0.0, 0.0, 1.0],
                [-0.132119, -0.830453, -0.541195, -0.0, -0.350161, -0.471678, 0.809263, 0.4, -0.927325, 0.296424, -0.228475, -0.0, 0.0, 0.0, 0.0, 1.0],
                [0.131196, -0.955362, -0.264709, 0.0, -0.004545, -0.267594, 0.963521, 0.4, -0.991346, -0.125207, -0.03945, 0.0, 0.0, 0.0, 0.0, 1.0]
            ]
        },
        {
            "name": "Arm_L",
            "time": [0.0, 0.1167, 0.35, 0.4167, 0.75, 1.2333],
            "transform": [
                [-0.313433, 0.684273, 0.65843, 0.037964, -0.699816, 0.302236, -0.647233, 0.331122, -0.641886, -0.663644, 0.384134, 0.007045, 0.0, 0.0, 0.0, 1.0],
                [-0.18498, 0.962971, -0.196137, 0.082172, -0.449811, -0.260411, -0.854316, 0.264122, -0.873758, -0.069807, 0.481326, -0.004067, 0.0, 0.0, 0.0, 1.0],
                [-0.18498, 0.962971, -0.196136, 0.082172, -0.449811, -0.260411, -0.854316, 0.264122, -0.873758, -0.069807, 0.481326, -0.004067, 0.0, 0.0, 0.0, 1.0],
                [-0.229939, 0.971672, -0.054604, 0.0, 0.397932, 0.042668, -0.916422, 0.39386, -0.888132, -0.23245, -0.39647, -0.0, 0.0, 0.0, 0.0, 1.0],
                [-0.229939, 0.971672, -0.054604, -0.0, 0.397932, 0.042668, -0.916422, 0.393861, -0.888132, -0.232451, -0.39647, -0.0, 0.0, 0.0, 0.0, 1.0],
                [-0.160789, -0.004552, 0.986978, 7.1e-05, -0.883274, 0.44689, -0.141833, 0.38855, -0.440425, -0.894577, -0.075876, 0.01657, 0.0, 0.0, 0.0, 1.0]
            ]
        },
        {
            "name": "Hand_L",
            "time": [0.0, 0.1167, 0.35, 0.4167, 0.75, 1.2333],
            "transform": [
                [1.0, 0.0, 0.0, 0.0, -0.0, 0.957238, -0.289302, 0.3, -0.0, 0.289302, 0.957238, 0.0, 0.0, 0.0, 0.0, 1.0],
                [1.0, 0.0, 0.0, 0.0, -0.0, 0.857081, -0.515183, 0.3, 0.0, 0.515183, 0.857081, -0.0, 0.0, 0.0, 0.0, 1.0],
                [1.0, 0.0, 0.0, -0.0, -0.0, 0.857081, -0.515183, 0.3, -0.0, 0.515183, 0.857081, 0.0, 0.0, 0.0, 0.0, 1.0],
                [1.0, 0.0, 0.0, 0.0, 0.0, 0.348996, -0.937125, 0.3, -0.0, 0.937125, 0.348996, 0.0, 0.0, 0.0, 0.0, 1.0],
                [1.0, 0.0, -0.0, -0.0, -0.0, 0.348996, -0.937125, 0.3, -0.0, 0.937124, 0.348996, 0.0, 0.0, 0.0, 0.0, 1.0],
                [1.0, 0.0, 0.0, -0.0, -0.0, 0.99671, -0.081049, 0.3, -0.0, 0.081049, 0.99671, -0.0, 0.0, 0.0, 0.0, 1.0]
            ]
        },
        {
            "name": "Tool_L",
            "time": [0.0, 0.75, 1.2333],
            "transform": [
                [1.0, 0.0, 0.0, 0.0, 0.0, -0.999836, 0.018122, 0.272858, 0.0, -0.018122, -0.999248, 0.0, 0.0, 0.0, 0.0, 1.0],
                [1.0, -0.0, 0.0, 0.0, 0.0, -0.999836, 0.018122, 0.272858, 0.0, -0.018122, -0.999248, 0.0, 0.0, 0.0, 0.0, 1.0],
                [1.0, 0.0, 0.0, -0.0, 0.0, -0.999836, 0.018122, 0.272858, 0.0, -0.018122, -0.999247, -0.0, 0.0, 0.0, 0.0, 1.0]
            ]
        },
        {
            "name": "Elbow_L",
            "time": [0.0, 0.1167, 0.35, 0.4167, 0.75, 1.2333],
            "transform": [
                [-1.0, 0.0, -0.0, 0.0, 0.0, -0.0, -1.0, 0.337828, -0.0, -1.0, -0.0, 0.0, 0.0, 0.0, 0.0, 1.0],
                [-1.0, 0.0, 0.0, 0.0, 0.0, -0.0, -1.0, 0.361042, -0.0, -1.0, -0.0, -0.0, 0.0, 0.0, 0.0, 1.0],
                [-1.0, 0.0, 0.0, 0.0, -0.0, -0.0, -1.0, 0.361042, -0.0, -1.0, 0.0, 0.0, 0.0, 0.0, 0.0, 1.0],
                [-1.0, 0.0, -0.0, 0.0, 0.0, -0.0, -1.0, 0.424117, -0.0, -1.0, 0.0, 0.0, 0.0, 0.0, 0.0, 1.0],
                [-1.0, 0.0, 0.0, 0.0, 0.0, -0.0, -1.0, 0.424117, -0.0, -1.0, -0.0, 0.0, 0.0, 0.0, 0.0, 1.0],
                [-1.0, 0.0, -0.0, -0.0, 0.0, -0.0, -1.0, 0.317928, -0.0, -1.0, 0.0, 0.0, 0.0, 0.0, 0.0, 1.0]
            ]
        }
    ]
}