{
    "animation": [
        {
            "name": "Coord",
            "time": [0.0, 0.1167, 0.2167, 0.3, 0.3667, 0.4667, 0.85, 1.4167],
            "transform": [
                [1.0, 0.0, 0.0, 0.0, 0.0, 0.0, -1.0, 0.122079, 0.0, 1.0, 0.0, 0.0, 0.0, 0.0, 0.0, 1.0],
                [1.0, 0.0, 0.0, 0.0, 0.0, 0.0, -1.0, 0.40693, 0.0, 1.0, 0.0, 0.0, 0.0, 0.0, 0.0, 1.0],
                [1.0, 0.0, 0.0, 0.0, 0.0, 0.0, -1.0, 0.40693, 0.0, 1.0, 0.0, 0.0, 0.0, 0.0, 0.0, 1.0],
                [1.0, 0.0, 0.0, 0.0, 0.0, 0.0, -1.0, 0.440309, 0.0, 1.0, 0.0, 0.0, 0.0, 0.0, 0.0, 1.0],
                [1.0, 0.0, 0.0, 0.0, 0.0, 0.0, -1.0, 1.416737, 0.0, 1.0, 0.0, 0.0, 0.0, 0.0, 0.0, 1.0],
                [1.0, 0.0, 0.0, 0.0, 0.0, 0.0, -1.0, 1.999927, 0.0, 1.0, 0.0, 0.0, 0.0, 0.0, 0.0, 1.0],
                [1.0, 0.0, 0.0, 0.0, 0.0, 0.0, -1.0, 1.999927, 0.0, 1.0, 0.0, 0.0, 0.0, 0.0, 0.0, 1.0],
                [1.0, 0.0, 0.0, 0.0, 0.0, 0.0, -1.0, 2.001311, 0.0, 1.0, 0.0, 0.0, 0.0, 0.0, 0.0, 1.0]
            ]
        },
        {
            "name": "Root",
            "time": [0.0, 0.1167, 0.2167, 0.3, 0.3333, 0.3667, 0.4667, 0.85, 1.1333, 1.4167],
            "transform": [
                [0.951783, -0.003866, -0.306747, -5e-06, 0.013317, 0.999499, 0.028724, 0.712756, 0.306482, -0.031424, 0.951358, 0.000227, 0.0, 0.0, 0.0, 1.0],
                [0.741933, 0.01845, -0.670221, -5e-06, 0.050956, 0.995179, 0.083804, 0.679307, 0.668535, -0.096328, 0.737415, 0.000227, 0.0, 0.0, 0.0, 1.0],
                [0.495043, 0.025192, -0.868503, -5e-06, 0.073787, 0.99475, 0.070911, 0.616277, 0.86573, -0.099188, 0.490585, 0.000227, 0.0, 0.0, 0.0, 1.0],
                [0.292807, 0.046362, -0.955047, -5e-06, 0.073787, 0.99475, 0.070911, 0.60515, 0.95332, -0.091233, 0.287849, 0.000226, 0.0, 0.0, 0.0, 1.0],
                [0.669456, 0.033842, -0.742081, -5e-06, 0.088342, 0.988246, 0.124765, 0.602953, 0.73758, -0.149082, 0.658597, 0.000226, 0.0, 0.0, 0.0, 1.0],
                [0.920312, -0.00222, -0.391178, -5e-06, 0.078399, 0.980743, 0.178879, 0.661197, 0.383248, -0.195292, 0.902764, 0.000226, 0.0, 0.0, 0.0, 1.0],
                [0.920312, -0.00222, -0.391178, -5e-06, 0.078399, 0.980743, 0.178879, 0.639835, 0.383248, -0.195292, 0.902764, -0.037158, 0.0, 0.0, 0.0, 1.0],
                [0.920312, -0.00222, -0.391178, -5e-06, 0.078399, 0.980743, 0.178879, 0.639835, 0.383248, -0.195292, 0.902764, -0.037158, 0.0, 0.0, 0.0, 1.0],
                [0.979828, -0.011026, -0.19954, -5e-06, 0.03031, 0.995125, 0.093847, 0.696969, 0.197533, -0.098002, 0.975385, -0.060412, 0.0, 0.0, 0.0, 1.0],
                [1.0, 0.0, 0.0, -5e-06, 0.0, 1.0, 0.0, 0.754104, 0.0, 0.0, 1.0, 0.000226, 0.0, 0.0, 0.0, 1.0]
            ]
        },
        {
            "name": "Thigh_R",
            "time": [0.0, 0.1167, 0.2167, 0.3, 0.3333, 0.3667, 0.4667, 0.6333, 0.85, 1.0, 1.1333, 1.2833, 1.4167],
            "transform": [
                [0.991023, 0.110868, 0.074701, 0.124994, 0.099718, -0.985211, 0.13932, -0.002831, 0.089043, -0.130618, -0.987426, -1.2e-05, 0.0, 0.0, 0.0, 1.0],
                [0.960196, 0.279266, 0.005783, 0.124994, 0.279034, -0.959928, 0.025949, -0.002831, 0.012797, -0.0233, -0.999647, -1.2e-05, 0.0, 0.0, 0.0, 1.0],
                [0.89995, 0.411511, -0.144036, 0.124994, 0.431188, -0.888966, 0.154315, -0.002831, -0.064542, -0.20098, -0.977467, -1.2e-05, 0.0, 0.0, 0.0, 1.0],
                [0.86538, 0.456318, -0.207099, 0.124994, 0.496811, -0.835302, 0.235466, -0.002831, -0.065544, -0.306655, -0.949561, -1.2e-05, 0.0, 0.0, 0.0, 1.0],
                [0.927316, 0.360742, -0.099744, 0.124994, 0.370372, -0.922856, 0.105631, -0.002831, -0.053944, -0.134893, -0.989391, -1.2e-05, 0.0, 0.0, 0.0, 1.0],
                [0.986437, 0.153378, 0.058442, 0.124994, 0.15968, -0.979166, -0.125426, -0.002831, 0.037987, 0.133059, -0.99038, -1.2e-05, 0.0, 0.0, 0.0, 1.0],
                [0.983106, 0.174656, 0.054744, 0.124994, 0.18171, -0.967248, -0.177222, -0.002831, 0.021998, 0.184178, -0.982647, -1.1e-05, 0.0, 0.0, 0.0, 1.0],
                [0.982981, 0.174851, 0.056348, 0.124994, 0.18219, -0.967213, -0.176922, -0.002831, 0.023565, 0.184179, -0.982611, -1.1e-05, 0.0, 0.0, 0.0, 1.0],
                [0.982981, 0.174851, 0.056348, 0.124994, 0.18219, -0.967213, -0.176922, -0.002831, 0.023565, 0.184179, -0.982611, -1.1e-05, 0.0, 0.0, 0.0, 1.0],
                [0.989221, 0.145872, -0.01268, 0.124994, 0.134885, -0.874149, 0.466546, -0.002831, 0.056972, -0.463225, -0.884407, -1.1e-05, 0.0, 0.0, 0.0, 1.0],
                [0.995766, 0.058649, 0.070785, 0.124994, 0.031026, -0.939261, 0.341793, -0.002831, 0.086532, -0.338147, -0.937106, -1.1e-05, 0.0, 0.0, 0.0, 1.0],
                [0.99281, 0.052303, 0.107669, 0.124994, 0.034522, -0.986372, 0.16085, -0.002831, 0.114614, -0.155974, -0.981088, -1.2e-05, 0.0, 0.0, 0.0, 1.0],
                [0.991854, 0.041016, 0.120589, 0.124994, 0.035014, -0.998057, 0.051496, -0.002831, 0.122467, -0.046852, -0.991366, -1.2e-05, 0.0, 0.0, 0.0, 1.0]
            ]
        },
        {
            "name": "Leg_R",
            "time": [0.0, 0.1167, 0.2167, 0.3, 0.3333, 0.3667, 0.4667, 0.6333, 0.85, 1.0, 1.1333, 1.2833, 1.4167],
            "transform": [
                [1.0, 0.0, 1e-06, 0.0, 0.0, 0.829066, 0.559155, 0.37472, -1e-06, -0.559152, 0.829064, -0.0, 0.0, 0.0, 0.0, 1.0],
                [1.0, 0.0, 1e-06, 0.0, -0.0, 0.922972, 0.384871, 0.37472, -1e-06, -0.38487, 0.92297, -0.0, 0.0, 0.0, 0.0, 1.0],
                [1.0, 0.0, 1e-06, 0.0, -0.0, 0.831117, 0.556102, 0.37472, -1e-06, -0.5561, 0.831114, 0.0, 0.0, 0.0, 0.0, 1.0],
                [1.0, -0.0, 0.0, 0.0, -0.0, 0.860457, 0.509526, 0.37472, -1e-06, -0.509524, 0.860454, 0.0, 0.0, 0.0, 0.0, 1.0],
                [1.0, 0.0, 0.0, -0.0, -0.0, 0.802379, 0.596818, 0.37472, -1e-06, -0.596816, 0.802376, 0.0, 0.0, 0.0, 0.0, 1.0],
                [1.0, 0.0, 1e-06, -0.0, 0.0, 0.971352, 0.237656, 0.37472, -1e-06, -0.237654, 0.971348, 0.0, 0.0, 0.0, 0.0, 1.0],
                [1.0, 0.0, 1e-06, -0.0, 0.0, 0.970987, 0.239141, 0.37472, -1e-06, -0.239138, 0.970984, 0.0, 0.0, 0.0, 0.0, 1.0],
                [1.0, 0.0, 1e-06, -0.0, 0.0, 0.970986, 0.239145, 0.37472, -1e-06, -0.239143, 0.970983, -0.0, 0.0, 0.0, 0.0, 1.0],
                [1.0, 0.0, 1e-06, -0.0, 0.0, 0.970986, 0.239145, 0.37472, -1e-06, -0.239143, 0.970983, -0.0, 0.0, 0.0, 0.0, 1.0],
                [1.0, -0.0, 1e-06, 0.0, -0.0, 0.124456, 0.992225, 0.37472, -1e-06, -0.992226, 0.124455, -0.0, 0.0, 0.0, 0.0, 1.0],
                [1.0, -0.0, 1e-06, -0.0, 0.0, 0.713939, 0.70021, 0.37472, -1e-06, -0.700209, 0.713937, 0.0, 0.0, 0.0, 0.0, 1.0],
                [1.0, 0.0, 1e-06, -0.0, 0.0, 0.885133, 0.465341, 0.37472, -1e-06, -0.465339, 0.885132, 0.0, 0.0, 0.0, 0.0, 1.0],
                [1.0, 0.0, 1e-06, 0.0, 0.0, 0.96375, 0.266812, 0.37472, -1e-06, -0.26681, 0.963749, -0.0, 0.0, 0.0, 0.0, 1.0]
            ]
        },
        {
            "name": "Knee_R",
            "time": [0.0, 0.1167, 0.2167, 0.3, 0.3667, 0.4667, 0.6333, 0.85, 1.0, 1.1333, 1.2833, 1.4167],
            "transform": [
                [1.0, 0.0, -0.0, 0.0, -0.0, 1e-06, -1.0, 0.391954, -0.0, 1.0, 1e-06, -0.0, 0.0, 0.0, 0.0, 1.0],
                [1.0, 0.0, -0.0, 0.0, -0.0, 1e-06, -1.0, 0.37472, -0.0, 1.0, 1e-06, -0.0, 0.0, 0.0, 0.0, 1.0],
                [1.0, 0.0, -0.0, 0.0, -0.0, 1e-06, -1.0, 0.391624, -0.0, 1.0, 1e-06, 0.0, 0.0, 0.0, 0.0, 1.0],
                [1.0, 0.0, -0.0, 0.0, -0.0, 1e-06, -1.0, 0.386681, -0.0, 1.0, 1e-06, -0.0, 0.0, 0.0, 0.0, 1.0],
                [1.0, 0.0, -0.0, -0.0, -0.0, 1e-06, -1.0, 0.37472, -0.0, 1.0, 1e-06, -0.0, 0.0, 0.0, 0.0, 1.0],
                [1.0, 0.0, -0.0, -0.0, -0.0, 1e-06, -1.0, 0.37472, -0.0, 1.0, 1e-06, 0.0, 0.0, 0.0, 0.0, 1.0],
                [1.0, 0.0, -0.0, 0.0, -0.0, 1e-06, -1.0, 0.37472, -0.0, 1.0, 1e-06, 0.0, 0.0, 0.0, 0.0, 1.0],
                [1.0, 0.0, -0.0, 0.0, -0.0, 1e-06, -1.0, 0.37472, -0.0, 1.0, 1e-06, 0.0, 0.0, 0.0, 0.0, 1.0],
                [1.0, 0.0, -0.0, -0.0, -0.0, 1e-06, -1.0, 0.468516, -0.0, 1.0, 1e-06, 0.0, 0.0, 0.0, 0.0, 1.0],
                [1.0, 0.0, -0.0, 0.0, -0.0, 1e-06, -1.0, 0.408326, -0.0, 1.0, 1e-06, 0.0, 0.0, 0.0, 0.0, 1.0],
                [1.0, 0.0, -0.0, -0.0, -0.0, 1e-06, -1.0, 0.382136, -0.0, 1.0, 1e-06, 0.0, 0.0, 0.0, 0.0, 1.0],
                [1.0, 0.0, -0.0, -0.0, -0.0, 1e-06, -1.0, 0.37472, -0.0, 1.0, 1e-06, 0.0, 0.0, 0.0, 0.0, 1.0]
            ]
        },
        {
            "name": "Thigh_L",
            "time": [0.0, 0.1167, 0.2167, 0.3, 0.3333, 0.3667, 0.4667, 0.5333, 0.85, 1.0, 1.1333, 1.2833, 1.4167],
            "transform": [
                [0.922608, -0.325937, -0.206296, -0.125006, -0.01172, -0.558255, 0.829586, -0.002831, -0.385558, -0.762965, -0.518873, -1.2e-05, 0.0, 0.0, 0.0, 1.0],
                [0.844761, -0.438287, -0.307056, -0.125006, -0.115241, -0.709313, 0.695409, -0.002831, -0.522587, -0.552069, -0.64971, -1.2e-05, 0.0, 0.0, 0.0, 1.0],
                [0.483705, -0.768282, -0.419253, -0.125006, -0.056924, -0.505622, 0.860874, -0.002831, -0.873378, -0.392543, -0.288308, -1.2e-05, 0.0, 0.0, 0.0, 1.0],
                [0.338979, -0.82677, -0.448937, -0.125006, -0.113145, -0.509553, 0.852966, -0.002831, -0.933964, -0.238343, -0.266275, -1.2e-05, 0.0, 0.0, 0.0, 1.0],
                [0.746238, -0.622246, -0.236515, -0.125006, -0.143709, -0.497512, 0.855469, -0.002831, -0.649981, -0.604394, -0.460687, -1.1e-05, 0.0, 0.0, 0.0, 1.0],
                [0.913566, -0.331406, -0.235726, -0.125006, 0.014879, -0.552, 0.83371, -0.002831, -0.406417, -0.765157, -0.49936, -1.1e-05, 0.0, 0.0, 0.0, 1.0],
                [0.91418, -0.327006, -0.239462, -0.125006, 0.008388, -0.575427, 0.817809, -0.002831, -0.405221, -0.749633, -0.523303, -1.1e-05, 0.0, 0.0, 0.0, 1.0],
                [0.913966, -0.345617, -0.212636, -0.125006, 0.011696, -0.501356, 0.865161, -0.002831, -0.405621, -0.793215, -0.454182, -1.1e-05, 0.0, 0.0, 0.0, 1.0],
                [0.912492, -0.347482, -0.215899, -0.125006, 0.013762, -0.501383, 0.865116, -0.002831, -0.40886, -0.792383, -0.452728, -1.1e-05, 0.0, 0.0, 0.0, 1.0],
                [0.935793, -0.269494, -0.227294, -0.125006, 0.020665, -0.601683, 0.798466, -0.002831, -0.35194, -0.751897, -0.557484, -1.2e-05, 0.0, 0.0, 0.0, 1.0],
                [0.970835, -0.142268, -0.192971, -0.125006, 0.021286, -0.750575, 0.660442, -0.002831, -0.238799, -0.645287, -0.725657, -1.1e-05, 0.0, 0.0, 0.0, 1.0],
                [0.996658, -0.058448, -0.057045, -0.125006, -0.008397, -0.768114, 0.640257, -0.002831, -0.081239, -0.637639, -0.766039, -1.2e-05, 0.0, 0.0, 0.0, 1.0],
                [0.999634, -0.026785, 0.003561, -0.125006, -0.026898, -0.973985, 0.225008, -0.002831, -0.002558, -0.22502, -0.97435, -1.2e-05, 0.0, 0.0, 0.0, 1.0]
            ]
        },
        {
            "name": "Leg_L",
            "time": [0.0, 0.1167, 0.2167, 0.3, 0.3333, 0.3667, 0.4667, 0.5333, 0.85, 1.0, 1.1333, 1.2833, 1.4167],
            "transform": [
                [1.0, -0.0, 1e-06, 0.0, 0.0, 0.147281, 0.989095, 0.37472, -1e-06, -0.989095, 0.14728, -0.0, 0.0, 0.0, 0.0, 1.0],
                [1.0, 0.0, 1e-06, 0.0, 0.0, 0.863304, 0.504683, 0.37472, -1e-06, -0.504684, 0.863304, -0.0, 0.0, 0.0, 0.0, 1.0],
                [1.0, 0.0, 1e-06, -0.0, -0.0, 0.527351, 0.849647, 0.37472, -1e-06, -0.849648, 0.527351, -0.0, 0.0, 0.0, 0.0, 1.0],
                [1.0, -0.0, 1e-06, -0.0, -0.0, 0.41257, 0.910926, 0.37472, -1e-06, -0.910926, 0.41257, -0.0, 0.0, 0.0, 0.0, 1.0],
                [1.0, 0.0, 0.0, 0.0, 0.0, 0.870987, 0.491306, 0.37472, -1e-06, -0.491307, 0.870987, 0.0, 0.0, 0.0, 0.0, 1.0],
                [1.0, 0.0, 0.0, -0.0, -0.0, 0.768312, 0.640075, 0.37472, -1e-06, -0.640077, 0.768311, -0.0, 0.0, 0.0, 0.0, 1.0],
                [1.0, -0.0, 1e-06, 0.0, 0.0, 0.392816, 0.919617, 0.37472, -1e-06, -0.919617, 0.392815, -0.0, 0.0, 0.0, 0.0, 1.0],
                [1.0, -0.0, 1e-06, -0.0, -0.0, 0.507349, 0.86174, 0.37472, -1e-06, -0.861741, 0.507348, 0.0, 0.0, 0.0, 0.0, 1.0],
                [1.0, -0.0, 0.0, -0.0, -0.0, 0.507349, 0.861741, 0.37472, -1e-06, -0.861742, 0.507348, 0.0, 0.0, 0.0, 0.0, 1.0],
                [1.0, 0.0, 1e-06, -0.0, 0.0, 0.61312, 0.78999, 0.37472, -1e-06, -0.789991, 0.613119, 0.0, 0.0, 0.0, 0.0, 1.0],
                [1.0, 0.0, 1e-06, -0.0, 0.0, 0.796898, 0.604114, 0.37472, -1e-06, -0.604114, 0.796898, 0.0, 0.0, 0.0, 0.0, 1.0],
                [1.0, -0.0, 1e-06, 0.0, 0.0, 0.634938, 0.772563, 0.37472, -1e-06, -0.772563, 0.634938, 0.0, 0.0, 0.0, 0.0, 1.0],
                [1.0, 0.0, 1e-06, -0.0, 0.0, 0.97617, 0.217005, 0.37472, -1e-06, -0.217005, 0.976171, -0.0, 0.0, 0.0, 0.0, 1.0]
            ]
        },
        {
            "name": "Knee_L",
            "time": [0.0, 0.1167, 0.2167, 0.3, 0.3333, 0.3667, 0.4667, 0.5333, 0.85, 1.0, 1.1333, 1.2833, 1.4167],
            "transform": [
                [1.0, 0.0, -0.0, 0.0, -0.0, 1e-06, -1.0, 0.466447, -0.0, 1.0, 1e-06, -0.0, 0.0, 0.0, 0.0, 1.0],
                [1.0, 0.0, -0.0, -0.0, -0.0, 1e-06, -1.0, 0.386177, -0.0, 1.0, 1e-06, -0.0, 0.0, 0.0, 0.0, 1.0],
                [1.0, 0.0, -0.0, 0.0, -0.0, 1e-06, -1.0, 0.429843, -0.0, 1.0, 1e-06, -0.0, 0.0, 0.0, 0.0, 1.0],
                [1.0, 0.0, -0.0, 0.0, -0.0, 1e-06, -1.0, 0.441534, -0.0, 1.0, 1e-06, -0.0, 0.0, 0.0, 0.0, 1.0],
                [1.0, 0.0, -0.0, -0.0, -0.0, 1e-06, -1.0, 0.384792, -0.0, 1.0, 1e-06, 0.0, 0.0, 0.0, 0.0, 1.0],
                [1.0, 0.0, -0.0, -0.0, -0.0, 1e-06, -1.0, 0.401044, -0.0, 1.0, 1e-06, -0.0, 0.0, 0.0, 0.0, 1.0],
                [1.0, 0.0, -0.0, 0.0, -0.0, 1e-06, -1.0, 0.443472, -0.0, 1.0, 1e-06, -0.0, 0.0, 0.0, 0.0, 1.0],
                [1.0, 0.0, -0.0, 0.0, -0.0, 1e-06, -1.0, 0.431941, -0.0, 1.0, 1e-06, 0.0, 0.0, 0.0, 0.0, 1.0],
                [1.0, 0.0, -0.0, 0.0, -0.0, 1e-06, -1.0, 0.431941, -0.0, 1.0, 1e-06, -0.0, 0.0, 0.0, 0.0, 1.0],
                [1.0, 0.0, -0.0, 0.0, -0.0, 1e-06, -1.0, 0.420457, -0.0, 1.0, 1e-06, 0.0, 0.0, 0.0, 0.0, 1.0],
                [1.0, 0.0, -0.0, -0.0, -0.0, 1e-06, -1.0, 0.396919, -0.0, 1.0, 1e-06, -0.0, 0.0, 0.0, 0.0, 1.0],
                [1.0, 0.0, -0.0, 0.0, -0.0, 1e-06, -1.0, 0.41795, -0.0, 1.0, 1e-06, 0.0, 0.0, 0.0, 0.0, 1.0],
                [1.0, 0.0, -0.0, -0.0, -0.0, 1e-06, -1.0, 0.37472, -0.0, 1.0, 1e-06, 0.0, 0.0, 0.0, 0.0, 1.0]
            ]
        },
        {
            "name": "Torso",
            "time": [0.0, 0.1167, 0.3, 0.3667, 0.85, 1.4167],
            "transform": [
                [1.0, -0.0, 0.0, -0.0, -0.0, 1.0, 0.0, 0.05, 0.0, 0.0, 1.0, 0.0, 0.0, 0.0, 0.0, 1.0],
                [1.0, -0.0, 0.0, -0.0, 0.0, 1.0, 0.0, 0.05, -0.0, -0.0, 1.0, -0.0, 0.0, 0.0, 0.0, 1.0],
                [1.0, 0.0, -0.0, -0.0, -0.0, 1.0, -0.0, 0.05, 0.0, 0.0, 1.0, -0.0, 0.0, 0.0, 0.0, 1.0],
                [1.0, -0.0, 0.0, -0.0, -0.0, 1.0, 0.0, 0.05, 0.0, -0.0, 1.0, 0.0, 0.0, 0.0, 0.0, 1.0],
                [1.0, -0.0, 0.0, 0.0, -0.0, 1.0, 0.0, 0.05, 0.0, -0.0, 1.0, -0.0, 0.0, 0.0, 0.0, 1.0],
                [1.0, 0.0, 0.0, 0.0, 0.0, 1.0, 0.0, 0.05, 0.0, 0.0, 1.0, 0.0, 0.0, 0.0, 0.0, 1.0]
            ]
        },
        {
            "name": "Chest",
            "time": [0.0, 0.1167, 0.2167, 0.3, 0.3667, 0.85, 1.4167],
            "transform": [
                [0.998819, -0.048579, -0.001108, -0.0, 0.048577, 0.997702, 0.047227, 0.3, -0.001189, -0.047225, 0.998884, 0.0, 0.0, 0.0, 0.0, 1.0],
                [0.994392, -0.105687, 0.003753, 0.0, 0.10309, 0.97665, 0.188484, 0.3, -0.023586, -0.18704, 0.982069, -0.0, 0.0, 0.0, 0.0, 1.0],
                [0.98691, -0.160781, -0.012593, -0.0, 0.16076, 0.974538, 0.156307, 0.3, -0.012859, -0.156285, 0.987628, 0.0, 0.0, 0.0, 0.0, 1.0],
                [0.98691, -0.160781, -0.012593, 0.0, 0.16076, 0.974538, 0.156307, 0.3, -0.012859, -0.156285, 0.987628, -0.0, 0.0, 0.0, 0.0, 1.0],
                [0.996768, -0.077309, 0.021862, -0.0, 0.071664, 0.97857, 0.19304, 0.3, -0.036318, -0.190849, 0.980947, -0.0, 0.0, 0.0, 0.0, 1.0],
                [0.996768, -0.077309, 0.021862, 0.0, 0.071664, 0.97857, 0.19304, 0.3, -0.036318, -0.190849, 0.980947, -0.0, 0.0, 0.0, 0.0, 1.0],
                [1.0, 0.0, 0.0, 0.0, 0.0, 1.0, 0.0, 0.3, 0.0, 0.0, 1.0, 0.0, 0.0, 0.0, 0.0, 1.0]
            ]
        },
        {
            "name": "Head",
            "time": [0.0, 0.1167, 0.2167, 0.3, 0.3333, 0.3667, 0.45, 0.85, 1.4167],
            "transform": [
                [0.952397, 0.041946, 0.301961, -0.0, -0.013084, 0.995201, -0.096976, 0.4, -0.30458, 0.088409, 0.948375, 0.0, 0.0, 0.0, 0.0, 1.0],
                [0.739721, 0.151415, 0.655657, 0.0, 0.063471, 0.954312, -0.291994, 0.4, -0.669914, 0.25761, 0.696314, -0.0, 0.0, 0.0, 0.0, 1.0],
                [0.50358, 0.227349, 0.833499, -0.0, 0.073629, 0.949951, -0.303598, 0.4, -0.860806, 0.214256, 0.461636, -0.0, 0.0, 0.0, 0.0, 1.0],
                [0.312578, 0.21903, 0.924295, 0.0, 0.159242, 0.947199, -0.27831, 0.4, -0.936449, 0.234181, 0.261195, 0.0, 0.0, 0.0, 0.0, 1.0],
                [0.688596, 0.243399, 0.683076, 0.0, 0.107426, 0.89735, -0.428045, 0.4, -0.717144, 0.368131, 0.591764, 0.0, 0.0, 0.0, 0.0, 1.0],
                [0.92969, 0.159512, 0.332013, 0.0, -0.015856, 0.917863, -0.396579, 0.4, -0.368002, 0.363431, 0.855857, 0.0, 0.0, 0.0, 0.0, 1.0],
                [0.929984, 0.143731, 0.338336, 0.0, -0.016039, 0.93538, -0.35328, 0.4, -0.36725, 0.323119, 0.872194, 0.0, 0.0, 0.0, 0.0, 1.0],
                [0.929984, 0.143731, 0.338336, 0.0, -0.016039, 0.93538, -0.35328, 0.4, -0.36725, 0.323119, 0.872194, -0.0, 0.0, 0.0, 0.0, 1.0],
                [1.0, 0.0, 0.0, 0.0, 0.0, 1.0, 0.0, 0.4, 0.0, 0.0, 1.0, 0.0, 0.0, 0.0, 0.0, 1.0]
            ]
        },
        {
            "name": "Shoulder_R",
            "time": [0.0, 0.1167, 0.2, 0.3, 0.3333, 0.3667, 0.5167, 0.85, 1.0667, 1.25, 1.4167],
            "transform": [
                [-0.020156, 0.949543, 0.312987, -0.0, 0.007916, -0.312889, 0.949757, 0.4, 0.999765, 0.021621, -0.001209, 0.0, 0.0, 0.0, 0.0, 1.0],
                [0.541205, 0.830823, 0.129727, 0.0, -0.026789, -0.13716, 0.990186, 0.4, 0.840464, -0.539369, -0.051975, -0.0, 0.0, 0.0, 0.0, 1.0],
                [-0.06025, 0.942933, 0.327486, 0.0, 0.024191, -0.326606, 0.944851, 0.4, 0.99789, 0.06485, -0.003133, 0.0, 0.0, 0.0, 0.0, 1.0],
                [0.050066, 0.952092, 0.301686, 0.0, -0.003031, -0.301919, 0.953329, 0.4, 0.998741, -0.048643, -0.01223, 0.0, 0.0, 0.0, 0.0, 1.0],
                [0.795226, 0.605874, -0.02304, 0.0, -0.000532, 0.038697, 0.999251, 0.4, 0.606312, -0.794618, 0.031095, 0.0, 0.0, 0.0, 0.0, 1.0],
                [0.840109, 0.534685, -0.091257, 0.0, 0.058152, 0.078488, 0.995218, 0.4, 0.53929, -0.841398, 0.034845, 0.0, 0.0, 0.0, 0.0, 1.0],
                [0.551902, 0.830327, 0.07721, 0.0, -0.01474, -0.082861, 0.996452, 0.4, 0.833779, -0.551082, -0.033492, -0.0, 0.0, 0.0, 0.0, 1.0],
                [0.551902, 0.830327, 0.07721, 0.0, -0.01474, -0.082861, 0.996452, 0.4, 0.833779, -0.551082, -0.033492, -0.0, 0.0, 0.0, 0.0, 1.0],
                [0.87224, 0.487903, -0.033877, -0.0, 0.042941, -0.007398, 0.99905, 0.4, 0.48719, -0.872866, -0.027404, -0.0, 0.0, 0.0, 0.0, 1.0],
                [0.0, 0.952114, 0.305743, 0.0, 0.0, -0.305743, 0.952114, 0.4, 1.0, -0.0, -0.0, 0.0, 0.0, 0.0, 0.0, 1.0],
                [0.0, 0.952114, 0.305743, 0.0, 0.0, -0.305743, 0.952114, 0.4, 1.0, 0.0, -0.0, 0.0, 0.0, 0.0, 0.0, 1.0]
            ]
        },
        {
            "name": "Arm_R",
            "time": [0.0, 0.1167, 0.2, 0.3, 0.3667, 0.45, 0.5167, 0.85, 1.0667, 1.25, 1.4167],
            "transform": [
                [0.858151, 0.012248, -0.513252, 0.03027, 0.301138, 0.797667, 0.522535, 0.345167, 0.415804, -0.602974, 0.68083, -0.001519, 0.0, 0.0, 0.0, 1.0],
                [0.517161, -0.473095, -0.71325, 0.008002, 0.163545, 0.872613, -0.460217, 0.258623, 0.840117, 0.121359, 0.528654, -0.059535, 0.0, 0.0, 0.0, 1.0],
                [0.517161, -0.473095, -0.71325, 0.008002, 0.163545, 0.872613, -0.460217, 0.258623, 0.840118, 0.121359, 0.528654, -0.059535, 0.0, 0.0, 0.0, 1.0],
                [0.517161, -0.473095, -0.71325, 0.008002, 0.163545, 0.872613, -0.460217, 0.258624, 0.840117, 0.121359, 0.528654, -0.059535, 0.0, 0.0, 0.0, 1.0],
                [0.105505, -0.817497, -0.566187, 0.034638, -0.406272, 0.484244, -0.774888, 0.247094, 0.907641, 0.31178, -0.281036, 0.006266, 0.0, 0.0, 0.0, 1.0],
                [0.141122, -0.911462, -0.386421, 0.02569, -0.49831, 0.271877, -0.823268, 0.26168, 0.855437, 0.308739, -0.415823, 0.015813, 0.0, 0.0, 0.0, 1.0],
                [0.187366, -0.93171, -0.311143, 0.01572, -0.467863, 0.193868, -0.862275, 0.250459, 0.863711, 0.307134, -0.399589, 0.014514, 0.0, 0.0, 0.0, 1.0],
                [0.187366, -0.93171, -0.311143, 0.01572, -0.467863, 0.193868, -0.862275, 0.250459, 0.863711, 0.307134, -0.399589, 0.014514, 0.0, 0.0, 0.0, 1.0],
                [0.538393, -0.791243, -0.289942, 0.0, -0.037867, 0.321002, -0.946321, 0.39386, 0.841842, 0.520472, 0.142863, -0.0, 0.0, 0.0, 0.0, 1.0],
                [0.966866, 0.10227, -0.233905, 0.041404, 0.160522, 0.468894, 0.868545, 0.388439, 0.198503, -0.877314, 0.436941, 0.027489, 0.0, 0.0, 0.0, 1.0],
                [0.966866, 0.10227, -0.233905, 0.041404, 0.160522, 0.468894, 0.868545, 0.388439, 0.198503, -0.877314, 0.436941, 0.027489, 0.0, 0.0, 0.0, 1.0]
            ]
        },
        {
            "name": "Hand_R",
            "time": [0.0, 0.1167, 0.2, 0.3, 0.3667, 0.5167, 0.85, 1.0667, 1.25, 1.4167],
            "transform": [
                [1.0, 0.0, -0.0, 0.0, -0.0, 0.929572, -0.36864, 0.3, -0.0, 0.36864, 0.929572, 0.0, 0.0, 0.0, 0.0, 1.0],
                [1.0, 0.0, -0.0, -0.0, -0.0, 0.190709, -0.981647, 0.3, -0.0, 0.981646, 0.190709, -0.0, 0.0, 0.0, 0.0, 1.0],
                [1.0, 0.0, -0.0, 0.0, -0.0, 0.190709, -0.981647, 0.3, -0.0, 0.981647, 0.190709, 0.0, 0.0, 0.0, 0.0, 1.0],
                [1.0, 0.0, 0.0, -0.0, -0.0, 0.190709, -0.981647, 0.3, -0.0, 0.981647, 0.190709, 0.0, 0.0, 0.0, 0.0, 1.0],
                [1.0, 0.0, 0.0, 0.0, -0.0, 0.878381, -0.477961, 0.3, -0.0, 0.477961, 0.878381, -0.0, 0.0, 0.0, 0.0, 1.0],
                [1.0, 0.0, 0.0, -0.0, -0.0, 0.720906, -0.693033, 0.3, -0.0, 0.693033, 0.720906, -0.0, 0.0, 0.0, 0.0, 1.0],
                [1.0, 0.0, 0.0, -0.0, -0.0, 0.720906, -0.693033, 0.3, -0.0, 0.693033, 0.720906, -0.0, 0.0, 0.0, 0.0, 1.0],
                [1.0, 0.0, 0.0, -0.0, 0.0, 0.915288, -0.402801, 0.3, -0.0, 0.4028, 0.915288, 0.0, 0.0, 0.0, 0.0, 1.0],
                [1.0, 0.0, 0.0, 0.0, -0.0, 0.993937, 0.109947, 0.3, -0.0, -0.109947, 0.993938, 0.0, 0.0, 0.0, 0.0, 1.0],
                [1.0, 0.0, 0.0, -0.0, -0.0, 0.993937, 0.109947, 0.3, -0.0, -0.109947, 0.993937, -0.0, 0.0, 0.0, 0.0, 1.0]
            ]
        },
        {
            "name": "Tool_R",
            "time": [0.0, 0.1167, 0.2, 0.3, 0.3333, 0.3667, 0.4, 0.5167, 0.85, 1.0667, 1.25, 1.4167],
            "transform": [
                [0.635023, 0.499285, 0.589458, -0.012465, 0.772298, -0.393157, -0.498982, 0.258344, -0.017366, 0.771641, -0.63489, 0.00912, 0.0, 0.0, 0.0, 1.0],
                [0.569721, 0.816039, 0.097457, -0.039496, 0.081292, 0.062047, -0.994757, 0.303944, -0.817323, 0.574317, -0.03098, 0.045149, 0.0, 0.0, 0.0, 1.0],
                [0.211252, 0.937602, 0.276179, -0.039496, 0.859613, -0.043729, -0.509071, 0.303944, -0.464945, 0.344745, -0.814736, 0.045149, 0.0, 0.0, 0.0, 1.0],
                [0.192745, 0.961344, 0.196643, -0.039496, 0.885314, -0.08395, -0.457353, 0.303944, -0.422905, 0.262087, -0.866763, 0.045149, 0.0, 0.0, 0.0, 1.0],
                [-0.108851, 0.986235, -0.124465, -0.045252, -0.079557, -0.133451, -0.987857, 0.255994, -0.990284, -0.097571, 0.092922, 0.066534, 0.0, 0.0, 0.0, 1.0],
                [-0.330076, 0.94252, -0.052033, -0.048208, -0.560531, -0.240057, -0.792577, 0.231216, -0.759066, -0.232309, 0.607181, 0.086229, 0.0, 0.0, 0.0, 1.0],
                [-0.392304, 0.919058, -0.037822, -0.042102, -0.636425, -0.300888, -0.710233, 0.242301, -0.663739, -0.254409, 0.702527, 0.109145, 0.0, 0.0, 0.0, 1.0],
                [-0.340455, 0.935233, -0.097113, -0.027946, -0.628687, -0.303222, -0.716107, 0.268628, -0.698766, -0.182643, 0.690785, 0.127593, 0.0, 0.0, 0.0, 1.0],
                [-0.340455, 0.935233, -0.097113, -0.027946, -0.628687, -0.303222, -0.716107, 0.268628, -0.698766, -0.182643, 0.690785, 0.127593, 0.0, 0.0, 0.0, 1.0],
                [1.0, -0.0, 0.0, -0.011531, 0.0, -0.927022, -0.375008, 0.247775, 0.0, 0.374776, -0.926477, 0.063458, 0.0, 0.0, 0.0, 1.0],
                [1.0, -0.0, 0.0, 0.010061, -0.0, -0.987188, -0.159561, 0.220343, 0.0, 0.159456, -0.986606, -0.020904, 0.0, 0.0, 0.0, 1.0],
                [1.0, -0.0, 0.0, 0.010061, 0.0, -0.987188, -0.159561, 0.220343, 0.0, 0.159456, -0.986606, -0.020904, 0.0, 0.0, 0.0, 1.0]
            ]
        },
        {
            "name": "Elbow_R",
            "time": [0.0, 0.1167, 0.2, 0.3, 0.3667, 0.5167, 0.85, 1.0667, 1.25, 1.4167],
            "transform": [
                [-1.0, 0.0, 0.0, 0.0, -0.0, -0.0, -1.0, 0.345704, -0.0, -1.0, 0.0, 0.0, 0.0, 0.0, 0.0, 1.0],
                [-1.0, 0.0, -0.0, -0.0, -0.0, -0.0, -1.0, 0.439543, -0.0, -1.0, 0.0, -0.0, 0.0, 0.0, 0.0, 1.0],
                [-1.0, 0.0, -0.0, 0.0, 0.0, -0.0, -1.0, 0.439543, -0.0, -1.0, 0.0, 0.0, 0.0, 0.0, 0.0, 1.0],
                [-1.0, 0.0, -0.0, -0.0, 0.0, 0.0, -1.0, 0.439543, -0.0, -1.0, 0.0, 0.0, 0.0, 0.0, 0.0, 1.0],
                [-1.0, 0.0, -0.0, 0.0, 0.0, -0.0, -1.0, 0.357023, -0.0, -1.0, 0.0, -0.0, 0.0, 0.0, 0.0, 1.0],
                [-1.0, 0.0, 0.0, 0.0, 0.0, -0.0, -1.0, 0.382077, -0.0, -1.0, 0.0, -0.0, 0.0, 0.0, 0.0, 1.0],
                [-1.0, 0.0, 0.0, 0.0, 0.0, -0.0, -1.0, 0.382077, -0.0, -1.0, 0.0, -0.0, 0.0, 0.0, 0.0, 1.0],
                [-1.0, 0.0, -0.0, -0.0, 0.0, -0.0, -1.0, 0.349174, -0.0, -1.0, 0.0, 0.0, 0.0, 0.0, 0.0, 1.0],
                [-1.0, 0.0, -0.0, -0.0, 0.0, -0.0, -1.0, 0.3, -0.0, -1.0, 0.0, -0.0, 0.0, 0.0, 0.0, 1.0],
                [-1.0, 0.0, -0.0, -0.0, 0.0, -0.0, -1.0, 0.3, -0.0, -1.0, 0.0, -0.0, 0.0, 0.0, 0.0, 1.0]
            ]
        },
        {
            "name": "Shoulder_L",
            "time": [0.0, 0.1167, 0.2167, 0.3, 0.3333, 0.3667, 0.5167, 0.85, 1.4167],
            "transform": [
                [0.322913, -0.940136, -0.108954, -0.0, -0.094308, -0.146511, 0.984703, 0.4, -0.941718, -0.307699, -0.135973, 0.0, 0.0, 0.0, 0.0, 1.0],
                [0.165293, -0.98614, -0.014364, 0.0, -0.216257, -0.05045, 0.975032, 0.4, -0.962243, -0.15806, -0.221599, -0.0, 0.0, 0.0, 0.0, 1.0],
                [0.643109, -0.701127, 0.307947, -0.0, -0.376121, 0.061083, 0.924555, 0.4, -0.667041, -0.710415, -0.224425, -0.0, 0.0, 0.0, 0.0, 1.0],
                [0.574365, -0.776791, 0.258265, 0.0, -0.340973, 0.059802, 0.938169, 0.4, -0.744206, -0.626913, -0.230517, 0.0, 0.0, 0.0, 0.0, 1.0],
                [-0.112351, -0.97464, -0.193529, 0.0, -0.121459, -0.179831, 0.97617, 0.4, -0.986217, 0.13318, -0.098175, 0.0, 0.0, 0.0, 0.0, 1.0],
                [-0.219589, -0.932142, -0.287908, 0.0, -0.129645, -0.264612, 0.955601, 0.4, -0.96694, 0.247165, -0.062741, 0.0, 0.0, 0.0, 0.0, 1.0],
                [-0.434833, -0.816103, -0.380654, 0.0, -0.126455, -0.363182, 0.923097, 0.4, -0.891588, 0.449528, 0.054723, -0.0, 0.0, 0.0, 0.0, 1.0],
                [-0.434833, -0.816103, -0.380654, 0.0, -0.126455, -0.363182, 0.923097, 0.4, -0.891588, 0.449528, 0.054723, -0.0, 0.0, 0.0, 0.0, 1.0],
                [0.131196, -0.955362, -0.264709, 0.0, -0.004545, -0.267594, 0.963521, 0.4, -0.991346, -0.125207, -0.03945, 0.0, 0.0, 0.0, 0.0, 1.0]
            ]
        },
        {
            "name": "Arm_L",
            "time": [0.0, 0.1167, 0.2167, 0.3, 0.3667, 0.45, 0.5167, 0.85, 1.4167],
            "transform": [
                [-0.277039, 0.498091, 0.821678, 0.032362, -0.81329, 0.333825, -0.476572, 0.356723, -0.511673, -0.800291, 0.31261, 0.013034, 0.0, 0.0, 0.0, 1.0],
                [-0.242309, 0.893314, -0.378519, 0.107707, -0.578318, -0.446247, -0.682943, 0.28246, -0.778996, 0.053421, 0.62475, 0.004782, 0.0, 0.0, 0.0, 1.0],
                [-0.242309, 0.893314, -0.378519, 0.107707, -0.578318, -0.446247, -0.682943, 0.28246, -0.778996, 0.053421, 0.62475, 0.004782, 0.0, 0.0, 0.0, 1.0],
                [-0.242309, 0.893314, -0.378519, 0.107707, -0.578318, -0.446247, -0.682943, 0.28246, -0.778996, 0.053421, 0.62475, 0.004783, 0.0, 0.0, 0.0, 1.0],
                [-0.17434, 0.984034, 0.035795, 0.071405, -0.230544, -0.005449, -0.973047, 0.261961, -0.957316, -0.177894, 0.227813, 0.063384, 0.0, 0.0, 0.0, 1.0],
                [-0.235213, 0.970707, -0.049016, 0.08151, -0.145408, -0.085008, -0.985713, 0.257815, -0.961005, -0.224726, 0.161144, 0.074227, 0.0, 0.0, 0.0, 1.0],
                [-0.251027, 0.962463, -0.103199, 0.089377, -0.107958, -0.133785, -0.985112, 0.256648, -0.961941, -0.236148, 0.13749, 0.072659, 0.0, 0.0, 0.0, 1.0],
                [-0.251027, 0.962463, -0.103199, 0.089377, -0.107958, -0.133785, -0.985112, 0.256648, -0.961941, -0.236148, 0.13749, 0.072659, 0.0, 0.0, 0.0, 1.0],
                [-0.160789, -0.004552, 0.986978, 7.1e-05, -0.883274, 0.44689, -0.141833, 0.38855, -0.440425, -0.894577, -0.075876, 0.01657, 0.0, 0.0, 0.0, 1.0]
            ]
        },
        {
            "name": "Hand_L",
            "time": [0.0, 0.1167, 0.2167, 0.3, 0.3667, 0.5167, 0.85, 1.4167],
            "transform": [
                [1.0, 0.0, 0.0, -0.0, -0.0, 0.981576, -0.191073, 0.3, -0.0, 0.191073, 0.981576, 0.0, 0.0, 0.0, 0.0, 1.0],
                [1.0, 0.0, 0.0, 0.0, -0.0, 0.89925, -0.437435, 0.3, -0.0, 0.437435, 0.89925, -0.0, 0.0, 0.0, 0.0, 1.0],
                [1.0, -0.0, 0.0, -0.0, 0.0, 0.89925, -0.437435, 0.3, -0.0, 0.437435, 0.89925, 0.0, 0.0, 0.0, 0.0, 1.0],
                [1.0, -0.0, -0.0, -0.0, 0.0, 0.89925, -0.437435, 0.3, -0.0, 0.437435, 0.89925, -0.0, 0.0, 0.0, 0.0, 1.0],
                [1.0, -0.0, 0.0, -0.0, -0.0, 0.576692, -0.816963, 0.3, 0.0, 0.816962, 0.576692, -0.0, 0.0, 0.0, 0.0, 1.0],
                [1.0, 0.0, 0.0, 0.0, -0.0, 0.181131, -0.983459, 0.3, 0.0, 0.983459, 0.181131, -0.0, 0.0, 0.0, 0.0, 1.0],
                [1.0, 0.0, 0.0, 0.0, -0.0, 0.181131, -0.983459, 0.3, 0.0, 0.983459, 0.181131, -0.0, 0.0, 0.0, 0.0, 1.0],
                [1.0, 0.0, 0.0, 0.0, -0.0, 0.99671, -0.081049, 0.3, -0.0, 0.081049, 0.99671, 0.0, 0.0, 0.0, 0.0, 1.0]
            ]
        },
        {
            "name": "Tool_L",
            "time": [0.0, 1.4167],
            "transform": [
                [1.0, 0.0, 0.0, 0.0, -0.0, -0.999836, 0.018122, 0.272858, 0.0, -0.018122, -0.999248, 0.0, 0.0, 0.0, 0.0, 1.0],
                [1.0, 0.0, 0.0, 0.0, 0.0, -0.999836, 0.018122, 0.272858, 0.0, -0.018122, -0.999247, -0.0, 0.0, 0.0, 0.0, 1.0]
            ]
        },
        {
            "name": "Elbow_L",
            "time": [0.0, 0.1167, 0.2167, 0.3, 0.3667, 0.5167, 0.85, 1.4167],
            "transform": [
                [-1.0, 0.0, -0.0, -0.0, 0.0, -0.0, -1.0, 0.328341, -0.0, -1.0, -0.0, 0.0, 0.0, 0.0, 0.0, 1.0],
                [-1.0, 0.0, -0.0, 0.0, 0.0, -0.0, -1.0, 0.352751, -0.0, -1.0, -0.0, -0.0, 0.0, 0.0, 0.0, 1.0],
                [-1.0, 0.0, -0.0, -0.0, 0.0, -0.0, -1.0, 0.352751, -0.0, -1.0, -0.0, 0.0, 0.0, 0.0, 0.0, 1.0],
                [-1.0, 0.0, -0.0, -0.0, -0.0, -0.0, -1.0, 0.352751, -0.0, -1.0, -0.0, 0.0, 0.0, 0.0, 0.0, 1.0],
                [-1.0, 0.0, 0.0, -0.0, -0.0, -0.0, -1.0, 0.399923, -0.0, -1.0, -0.0, -0.0, 0.0, 0.0, 0.0, 1.0],
                [-1.0, 0.0, 0.0, 0.0, 0.0, -0.0, -1.0, 0.440456, -0.0, -1.0, -0.0, -0.0, 0.0, 0.0, 0.0, 1.0],
                [-1.0, 0.0, 0.0, 0.0, 0.0, -0.0, -1.0, 0.440456, -0.0, -1.0, -0.0, -0.0, 0.0, 0.0, 0.0, 1.0],
                [-1.0, 0.0, -0.0, 0.0, 0.0, -0.0, -1.0, 0.317928, -0.0, -1.0, -0.0, -0.0, 0.0, 0.0, 0.0, 1.0]
            ]
        }
    ]
}