{
    "animation": [
        {
            "name": "Coord",
            "time": [0.0, 0.2, 0.3167, 1.1833],
            "transform": [
                [1.0, 0.0, 0.0, 0.0, 0.0, 0.0, -1.0, 0.0, 0.0, 1.0, 0.0, 0.0, 0.0, 0.0, 0.0, 1.0],
                [1.0, 0.0, 0.0, 0.0, 0.0, 0.0, -1.0, 0.0, 0.0, 1.0, 0.0, 0.0, 0.0, 0.0, 0.0, 1.0],
                [1.0, 0.0, 0.0, 0.0, 0.0, 0.0, -1.0, 1.003341, 0.0, 1.0, 0.0, 0.0, 0.0, 0.0, 0.0, 1.0],
                [1.0, 0.0, 0.0, 0.0, 0.0, 0.0, -1.0, 1.003341, 0.0, 1.0, 0.0, 0.0, 0.0, 0.0, 0.0, 1.0]
            ]
        },
        {
            "name": "Root",
            "time": [0.0, 0.2, 0.2667, 0.3167, 0.85, 1.1833],
            "transform": [
                [0.548593, -0.049351, -0.834632, -0.006766, -0.075973, 0.991184, -0.108543, 0.646388, 0.832631, 0.122955, 0.540007, -0.007149, 0.0, 0.0, 0.0, 1.0],
                [0.79802, -0.004824, -0.602612, -0.006766, -0.125579, 0.976684, -0.17412, 0.68581, 0.589402, 0.214627, 0.778808, -0.007149, 0.0, 0.0, 0.0, 1.0],
                [0.965904, 0.004441, -0.258862, -0.006766, 0.012905, 0.997784, 0.065268, 0.729487, 0.258578, -0.066383, 0.963707, -0.007149, 0.0, 0.0, 0.0, 1.0],
                [1.0, 0.0, 0.0, -0.006766, 0.0, 0.999911, -0.013305, 0.68581, 0.0, 0.013305, 0.999911, -0.007149, 0.0, 0.0, 0.0, 1.0],
                [1.0, 0.0, 0.0, -0.006766, 0.0, 0.999911, -0.013305, 0.68581, 0.0, 0.013305, 0.999911, -0.007149, 0.0, 0.0, 0.0, 1.0],
                [1.0, 0.0, 0.0, -5e-06, 0.0, 1.0, 0.0, 0.754104, 0.0, 0.0, 1.0, 0.000226, 0.0, 0.0, 0.0, 1.0]
            ]
        },
        {
            "name": "Thigh_R",
            "time": [0.0, 0.2, 0.2667, 0.3167, 0.85, 0.9333, 1.0167, 1.1, 1.1833],
            "transform": [
                [0.908719, 0.365177, -0.202175, 0.124993, 0.387457, -0.918129, 0.08314, -0.002831, -0.155262, -0.153884, -0.975814, -1.2e-05, 0.0, 0.0, 0.0, 1.0],
                [0.933872, 0.356206, -0.031625, 0.124993, 0.337974, -0.908038, -0.247461, -0.002831, -0.116864, 0.220408, -0.968382, -1.2e-05, 0.0, 0.0, 0.0, 1.0],
                [0.99853, -0.010708, 0.053132, 0.124993, -0.030667, -0.919902, 0.390943, -0.002831, 0.04469, -0.391996, -0.918881, -1.2e-05, 0.0, 0.0, 0.0, 1.0],
                [0.999828, 0.011523, -0.014484, 0.124993, 0.017912, -0.799565, 0.60031, -0.002831, -0.004664, -0.600465, -0.799637, -1.2e-05, 0.0, 0.0, 0.0, 1.0],
                [0.999828, 0.011523, -0.014484, 0.124993, 0.017912, -0.799565, 0.60031, -0.002831, -0.004664, -0.600465, -0.799637, -1.2e-05, 0.0, 0.0, 0.0, 1.0],
                [0.999829, 0.016861, 0.007482, 0.124993, 0.009655, -0.823954, 0.566572, -0.002831, 0.015718, -0.566402, -0.823979, -1.2e-05, 0.0, 0.0, 0.0, 1.0],
                [0.998195, 0.017818, 0.057345, 0.124994, -0.008457, -0.903725, 0.428026, -0.002831, 0.05945, -0.427737, -0.901946, -1.2e-05, 0.0, 0.0, 0.0, 1.0],
                [0.994407, 0.050878, 0.09255, 0.124994, 0.007989, -0.910039, 0.414442, -0.002831, 0.10531, -0.411384, -0.905358, -1.2e-05, 0.0, 0.0, 0.0, 1.0],
                [0.991854, 0.041017, 0.120588, 0.124994, 0.035014, -0.998057, 0.051496, -0.002831, 0.122466, -0.046854, -0.991366, -1.2e-05, 0.0, 0.0, 0.0, 1.0]
            ]
        },
        {
            "name": "Leg_R",
            "time": [0.0, 0.2, 0.2667, 0.3167, 0.85, 0.9333, 1.0167, 1.1, 1.1833],
            "transform": [
                [1.0, -1e-06, 1e-06, 0.0, -0.0, 0.632082, 0.774902, 0.37472, -1e-06, -0.774903, 0.632081, 0.0, 0.0, 0.0, 0.0, 1.0],
                [1.0, -0.0, 1e-06, 0.0, -0.0, 0.842401, 0.538852, 0.37472, -1e-06, -0.538853, 0.842399, 0.0, 0.0, 0.0, 0.0, 1.0],
                [1.0, -0.0, 1e-06, 0.0, 0.0, 0.832263, 0.554381, 0.37472, -1e-06, -0.554382, 0.832262, -0.0, 0.0, 0.0, 0.0, 1.0],
                [1.0, -1e-06, 1e-06, 0.0, -0.0, 0.793964, 0.607965, 0.37472, -1e-06, -0.607966, 0.793963, 0.0, 0.0, 0.0, 0.0, 1.0],
                [1.0, -1e-06, 1e-06, -0.0, -0.0, 0.793964, 0.607965, 0.37472, -1e-06, -0.607966, 0.793963, 0.0, 0.0, 0.0, 0.0, 1.0],
                [1.0, -0.0, 1e-06, 0.0, -0.0, 0.841, 0.541036, 0.37472, -1e-06, -0.541037, 0.840998, -0.0, 0.0, 0.0, 0.0, 1.0],
                [1.0, -0.0, 1e-06, 0.0, 0.0, 0.967198, 0.254025, 0.37472, -1e-06, -0.254025, 0.967197, 0.0, 0.0, 0.0, 0.0, 1.0],
                [1.0, -1e-06, 1e-06, -0.0, -0.0, 0.778518, 0.627622, 0.37472, -1e-06, -0.627623, 0.778517, -0.0, 0.0, 0.0, 0.0, 1.0],
                [1.0, -0.0, 1e-06, 0.0, 0.0, 0.963749, 0.266812, 0.37472, -1e-06, -0.266812, 0.963748, 0.0, 0.0, 0.0, 0.0, 1.0]
            ]
        },
        {
            "name": "Knee_R",
            "time": [0.0, 0.2, 0.2667, 0.85, 0.9333, 1.0167, 1.1, 1.1833],
            "transform": [
                [1.0, 0.0, -0.0, -0.0, -0.0, 1e-06, -1.0, 0.418281, -0.0, 1.0, 1e-06, -0.0, 0.0, 0.0, 0.0, 1.0],
                [1.0, 0.0, -0.0, 0.0, -0.0, 1e-06, -1.0, 0.389774, -0.0, 1.0, 1e-06, 0.0, 0.0, 0.0, 0.0, 1.0],
                [1.0, 0.0, -0.0, -0.0, -0.0, 1e-06, -1.0, 0.391439, -0.0, 1.0, 1e-06, -0.0, 0.0, 0.0, 0.0, 1.0],
                [1.0, 0.0, -0.0, 0.0, -0.0, 1e-06, -1.0, 0.397354, -0.0, 1.0, 1e-06, 0.0, 0.0, 0.0, 0.0, 1.0],
                [1.0, 0.0, -0.0, 0.0, -0.0, 1e-06, -1.0, 0.390007, -0.0, 1.0, 1e-06, -0.0, 0.0, 0.0, 0.0, 1.0],
                [1.0, 0.0, -0.0, -0.0, -0.0, 1e-06, -1.0, 0.37472, -0.0, 1.0, 1e-06, 0.0, 0.0, 0.0, 0.0, 1.0],
                [1.0, 0.0, -0.0, 0.0, -0.0, 1e-06, -1.0, 0.399599, -0.0, 1.0, 1e-06, 0.0, 0.0, 0.0, 0.0, 1.0],
                [1.0, 0.0, -0.0, 0.0, -0.0, 1e-06, -1.0, 0.37472, -0.0, 1.0, 1e-06, -0.0, 0.0, 0.0, 0.0, 1.0]
            ]
        },
        {
            "name": "Thigh_L",
            "time": [0.0, 0.2, 0.2667, 0.3167, 0.85, 0.9333, 1.0167, 1.1, 1.1833],
            "transform": [
                [0.49356, -0.565527, -0.660741, -0.125006, -0.088354, -0.788397, 0.608788, -0.00283, -0.865212, -0.242094, -0.439088, -1.2e-05, 0.0, 0.0, 0.0, 1.0],
                [0.797986, -0.198519, -0.569041, -0.125006, -0.014036, -0.950057, 0.311759, -0.002831, -0.602512, -0.240792, -0.760919, -1.2e-05, 0.0, 0.0, 0.0, 1.0],
                [0.974154, -0.028148, -0.224122, -0.125006, 0.026157, -0.971473, 0.235703, -0.002831, -0.224363, -0.235473, -0.945628, -1.2e-05, 0.0, 0.0, 0.0, 1.0],
                [0.999667, 0.023693, -0.010208, -0.125006, 0.020275, -0.966182, -0.257063, -0.002831, -0.015953, 0.256771, -0.96634, -1.2e-05, 0.0, 0.0, 0.0, 1.0],
                [0.999667, 0.023693, -0.010208, -0.125006, 0.020275, -0.966182, -0.257063, -0.002831, -0.015953, 0.256772, -0.96634, -1.2e-05, 0.0, 0.0, 0.0, 1.0],
                [0.999992, 0.000493, -0.003894, -0.125006, 0.002604, -0.825801, 0.563955, -0.002831, -0.002937, -0.56396, -0.825796, -1.2e-05, 0.0, 0.0, 0.0, 1.0],
                [0.999714, -0.021131, 0.011132, -0.125006, -0.023848, -0.908597, 0.416992, -0.002831, 0.001304, -0.417138, -0.908842, -1.2e-05, 0.0, 0.0, 0.0, 1.0],
                [0.999656, -0.025157, 0.007352, -0.125006, -0.026203, -0.953022, 0.301766, -0.002831, -0.000585, -0.301854, -0.953354, -1.1e-05, 0.0, 0.0, 0.0, 1.0],
                [0.999634, -0.026784, 0.00356, -0.125006, -0.026897, -0.973986, 0.225008, -0.002831, -0.002559, -0.225021, -0.97435, -1.2e-05, 0.0, 0.0, 0.0, 1.0]
            ]
        },
        {
            "name": "Leg_L",
            "time": [0.0, 0.2, 0.2667, 0.3167, 0.85, 0.9333, 1.0167, 1.1, 1.1833],
            "transform": [
                [1.0, -1e-06, 1e-06, -0.0, 0.0, 0.72418, 0.689611, 0.37472, -1e-06, -0.689611, 0.72418, 0.0, 0.0, 0.0, 0.0, 1.0],
                [1.0, -1e-06, 1e-06, 0.0, 0.0, 0.956121, 0.292972, 0.37472, -1e-06, -0.292972, 0.956121, -0.0, 0.0, 0.0, 0.0, 1.0],
                [1.0, -1e-06, 1e-06, -0.0, 0.0, 0.838166, 0.545415, 0.37472, -1e-06, -0.545415, 0.838166, -0.0, 0.0, 0.0, 0.0, 1.0],
                [1.0, -0.0, 1e-06, -0.0, 0.0, 0.936352, 0.351062, 0.37472, -1e-06, -0.351061, 0.936353, 0.0, 0.0, 0.0, 0.0, 1.0],
                [1.0, -0.0, 1e-06, -0.0, 0.0, 0.936352, 0.351061, 0.37472, -1e-06, -0.351061, 0.936353, 0.0, 0.0, 0.0, 0.0, 1.0],
                [1.0, -1e-06, 1e-06, -0.0, -1e-06, 0.210774, 0.977535, 0.37472, -1e-06, -0.977534, 0.210774, 0.0, 0.0, 0.0, 0.0, 1.0],
                [1.0, -1e-06, 1e-06, -0.0, 0.0, 0.795, 0.606609, 0.37472, -1e-06, -0.606609, 0.795001, -0.0, 0.0, 0.0, 0.0, 1.0],
                [1.0, -0.0, 1e-06, -0.0, 0.0, 0.923035, 0.384715, 0.37472, -1e-06, -0.384715, 0.923036, -0.0, 0.0, 0.0, 0.0, 1.0],
                [1.0, -0.0, 1e-06, -0.0, 0.0, 0.97617, 0.217005, 0.37472, -1e-06, -0.217005, 0.976171, 0.0, 0.0, 0.0, 0.0, 1.0]
            ]
        },
        {
            "name": "Knee_L",
            "time": [0.0, 0.2, 0.2667, 0.85, 0.9333, 1.0167, 1.1, 1.1833],
            "transform": [
                [1.0, 0.0, -0.0, -0.0, -0.0, 1e-06, -1.0, 0.407003, -0.0, 1.0, 1e-06, -0.0, 0.0, 0.0, 0.0, 1.0],
                [1.0, 0.0, -0.0, 0.0, -0.0, 1e-06, -1.0, 0.37472, -0.0, 1.0, 1e-06, -0.0, 0.0, 0.0, 0.0, 1.0],
                [1.0, 0.0, -0.0, -0.0, -0.0, 1e-06, -1.0, 0.390475, -0.0, 1.0, 1e-06, -0.0, 0.0, 0.0, 0.0, 1.0],
                [1.0, 0.0, -0.0, 0.0, -0.0, 1e-06, -1.0, 0.37472, -0.0, 1.0, 1e-06, 0.0, 0.0, 0.0, 0.0, 1.0],
                [1.0, 0.0, -0.0, 0.0, -0.0, 1e-06, -1.0, 0.460651, -0.0, 1.0, 1e-06, -0.0, 0.0, 0.0, 0.0, 1.0],
                [1.0, 0.0, -0.0, 0.0, -0.0, 1e-06, -1.0, 0.397201, -0.0, 1.0, 1e-06, -0.0, 0.0, 0.0, 0.0, 1.0],
                [1.0, 0.0, -0.0, -0.0, -0.0, 1e-06, -1.0, 0.37472, -0.0, 1.0, 1e-06, -0.0, 0.0, 0.0, 0.0, 1.0],
                [1.0, 0.0, -0.0, 0.0, -0.0, 1e-06, -1.0, 0.37472, -0.0, 1.0, 1e-06, 0.0, 0.0, 0.0, 0.0, 1.0]
            ]
        },
        {
            "name": "Torso",
            "time": [0.0, 0.2, 0.3167, 0.4167, 0.85, 1.1833],
            "transform": [
                [1.0, -0.0, -0.0, -0.0, 0.0, 1.0, 0.0, 0.05, -0.0, 0.0, 1.0, 0.0, 0.0, 0.0, 0.0, 1.0],
                [1.0, 0.0, -0.0, 0.0, -0.0, 1.0, -0.0, 0.05, -0.0, -0.0, 1.0, -0.0, 0.0, 0.0, 0.0, 1.0],
                [1.0, 0.0, 0.0, 0.0, 0.0, 0.99785, 0.065534, 0.05, 0.0, -0.065534, 0.99785, 0.0, 0.0, 0.0, 0.0, 1.0],
                [1.0, 0.0, 0.0, 0.0, 0.0, 0.999355, 0.035909, 0.05, 0.0, -0.035909, 0.999355, 0.0, 0.0, 0.0, 0.0, 1.0],
                [1.0, 0.0, 0.0, 0.0, 0.0, 0.999355, 0.035909, 0.05, 0.0, -0.035909, 0.999355, 0.0, 0.0, 0.0, 0.0, 1.0],
                [1.0, 0.0, 0.0, 0.0, 0.0, 1.0, 0.0, 0.05, 0.0, 0.0, 1.0, 0.0, 0.0, 0.0, 0.0, 1.0]
            ]
        },
        {
            "name": "Chest",
            "time": [0.0, 0.2, 0.3167, 0.4167, 0.85, 1.1833],
            "transform": [
                [0.847777, -0.138255, 0.512016, 0.0, -0.000237, 0.965325, 0.26105, 0.3, -0.530353, -0.221434, 0.818348, -0.0, 0.0, 0.0, 0.0, 1.0],
                [0.847673, 0.002623, 0.530513, -0.0, -0.011059, 0.999858, 0.012727, 0.3, -0.530405, -0.016655, 0.847581, -0.0, 0.0, 0.0, 0.0, 1.0],
                [1.0, 0.0, 0.0, 0.0, 0.0, 0.996211, 0.086975, 0.3, 0.0, -0.086975, 0.996211, -0.0, 0.0, 0.0, 0.0, 1.0],
                [1.0, 0.0, 0.0, 0.0, 0.0, 0.999785, 0.020746, 0.3, 0.0, -0.020746, 0.999785, 0.0, 0.0, 0.0, 0.0, 1.0],
                [1.0, 0.0, 0.0, 0.0, 0.0, 0.999785, 0.020746, 0.3, 0.0, -0.020746, 0.999785, 0.0, 0.0, 0.0, 0.0, 1.0],
                [1.0, 0.0, 0.0, 0.0, 0.0, 1.0, 0.0, 0.3, 0.0, 0.0, 1.0, 0.0, 0.0, 0.0, 0.0, 1.0]
            ]
        },
        {
            "name": "Head",
            "time": [0.0, 0.2, 0.3167, 0.4167, 0.85, 1.1833],
            "transform": [
                [0.921229, -0.00369, 0.389003, -0.0, 0.059585, 0.989495, -0.13172, 0.4, -0.384431, 0.144523, 0.911771, -0.0, 0.0, 0.0, 0.0, 1.0],
                [0.996449, -0.022838, 0.081045, 0.0, 0.020984, 0.9995, 0.023656, 0.4, -0.081544, -0.021872, 0.99643, 0.0, 0.0, 0.0, 0.0, 1.0],
                [1.0, 0.0, 0.0, -0.0, 0.0, 0.988106, -0.153774, 0.4, 0.0, 0.153774, 0.988106, 0.0, 0.0, 0.0, 0.0, 1.0],
                [1.0, 0.0, 0.0, -0.0, 0.0, 0.998556, -0.053728, 0.4, 0.0, 0.053728, 0.998556, 0.0, 0.0, 0.0, 0.0, 1.0],
                [1.0, 0.0, 0.0, -0.0, 0.0, 0.998556, -0.053728, 0.4, 0.0, 0.053728, 0.998556, 0.0, 0.0, 0.0, 0.0, 1.0],
                [1.0, 0.0, 0.0, 0.0, 0.0, 1.0, 0.0, 0.4, 0.0, 0.0, 1.0, 0.0, 0.0, 0.0, 0.0, 1.0]
            ]
        },
        {
            "name": "Shoulder_R",
            "time": [0.0, 0.0667, 0.2, 0.2333, 0.2833, 0.3167, 0.4167, 0.85, 1.1833],
            "transform": [
                [0.072676, 0.978321, -0.193922, -0.0, -0.093202, 0.200248, 0.975302, 0.4, 0.992991, -0.052807, 0.105735, -0.0, 0.0, 0.0, 0.0, 1.0],
                [-0.076438, 0.966021, -0.246903, 0.0, -0.3641, 0.203483, 0.908859, 0.4, 0.928218, 0.159369, 0.336174, 0.0, 0.0, 0.0, 0.0, 1.0],
                [-0.389153, 0.871851, -0.297381, 0.0, -0.416054, 0.121673, 0.901163, 0.4, 0.821863, 0.474417, 0.315387, 0.0, 0.0, 0.0, 0.0, 1.0],
                [0.65732, 0.747401, -0.096545, 0.0, 0.125218, 0.018011, 0.991966, 0.4, 0.743136, -0.664128, -0.081749, -0.0, 0.0, 0.0, 0.0, 1.0],
                [0.65732, 0.747401, -0.096545, -0.0, 0.125218, 0.018011, 0.991966, 0.4, 0.743135, -0.664128, -0.08175, 0.0, 0.0, 0.0, 0.0, 1.0],
                [0.65732, 0.747401, -0.096545, -0.0, 0.418388, -0.255369, 0.87163, 0.4, 0.626803, -0.613333, -0.480563, 0.0, 0.0, 0.0, 0.0, 1.0],
                [0.65732, 0.747401, -0.096545, -0.0, 0.167996, -0.020437, 0.985576, 0.4, 0.734648, -0.664058, -0.138994, 0.0, 0.0, 0.0, 0.0, 1.0],
                [0.65732, 0.747401, -0.096545, -0.0, 0.167996, -0.020437, 0.985576, 0.4, 0.734648, -0.664058, -0.138994, 0.0, 0.0, 0.0, 0.0, 1.0],
                [0.0, 0.952114, 0.305743, 0.0, 0.0, -0.305743, 0.952114, 0.4, 1.0, 0.0, -0.0, 0.0, 0.0, 0.0, 0.0, 1.0]
            ]
        },
        {
            "name": "Arm_R",
            "time": [0.0, 0.0667, 0.2, 0.2333, 0.2833, 0.3167, 0.4167, 0.85, 1.1833],
            "transform": [
                [0.056019, -0.157337, 0.985955, -0.026526, 0.961755, -0.256685, -0.095605, 0.338733, 0.268122, 0.953602, 0.13694, -0.068984, 0.0, 0.0, 0.0, 1.0],
                [-0.165193, 0.186478, 0.968472, -0.01762, 0.967302, -0.160983, 0.19599, 0.333985, 0.192455, 0.96918, -0.153787, -0.054649, 0.0, 0.0, 0.0, 1.0],
                [-0.165193, 0.186478, 0.968472, -0.01762, 0.967302, -0.160983, 0.19599, 0.333985, 0.192455, 0.96918, -0.153787, -0.054649, 0.0, 0.0, 0.0, 1.0],
                [0.520634, -0.263059, 0.812244, 0.120594, 0.727016, -0.362209, -0.583311, 0.300685, 0.447647, 0.894206, 0.00267, 0.007295, 0.0, 0.0, 0.0, 1.0],
                [0.264982, -0.904961, 0.332911, 0.168444, 0.94635, 0.17785, -0.269798, 0.2479, 0.184949, 0.386542, 0.903537, -0.016632, 0.0, 0.0, 0.0, 1.0],
                [0.269627, -0.958344, -0.094222, 0.053167, 0.931449, 0.234724, 0.27804, 0.349507, -0.244342, -0.16273, 0.955937, 0.008494, 0.0, 0.0, 0.0, 1.0],
                [0.328913, -0.889735, -0.316525, 0.128593, 0.84993, 0.132806, 0.509884, 0.285203, -0.411625, -0.436731, 0.799894, -0.030066, 0.0, 0.0, 0.0, 1.0],
                [0.328913, -0.889735, -0.316525, 0.128593, 0.84993, 0.132806, 0.509884, 0.285203, -0.411625, -0.436731, 0.799894, -0.030066, 0.0, 0.0, 0.0, 1.0],
                [0.966866, 0.10227, -0.233905, 0.041404, 0.160522, 0.468894, 0.868545, 0.388439, 0.198503, -0.877314, 0.436941, 0.027489, 0.0, 0.0, 0.0, 1.0]
            ]
        },
        {
            "name": "Hand_R",
            "time": [0.0, 0.0667, 0.2, 0.2333, 0.85, 1.1833],
            "transform": [
                [1.0, 0.0, -0.0, -0.0, 0.0, 0.554238, -0.832359, 0.3, -0.0, 0.832358, 0.554238, 0.0, 0.0, 0.0, 0.0, 1.0],
                [1.0, 0.0, -0.0, 0.0, -0.0, 0.520155, -0.854072, 0.3, -0.0, 0.854072, 0.520155, -0.0, 0.0, 0.0, 0.0, 1.0],
                [1.0, 0.0, 0.0, 0.0, -0.0, 0.520155, -0.854072, 0.3, -0.0, 0.854072, 0.520155, -0.0, 0.0, 0.0, 0.0, 1.0],
                [1.0, -0.0, 0.0, 0.0, -0.0, 0.993937, 0.109947, 0.3, -0.0, -0.109947, 0.993937, 0.0, 0.0, 0.0, 0.0, 1.0],
                [1.0, 0.0, 0.0, -0.0, -0.0, 0.993937, 0.109947, 0.3, -0.0, -0.109947, 0.993937, 0.0, 0.0, 0.0, 0.0, 1.0],
                [1.0, 0.0, 0.0, 0.0, -0.0, 0.993937, 0.109947, 0.3, -0.0, -0.109947, 0.993937, -0.0, 0.0, 0.0, 0.0, 1.0]
            ]
        },
        {
            "name": "Tool_R",
            "time": [0.0, 0.0667, 0.2, 0.2333, 0.25, 0.2667, 0.2833, 0.3167, 0.4167, 0.85, 1.1833],
            "transform": [
                [0.848627, -0.459677, -0.261783, -0.034064, -0.517411, -0.6183, -0.5916, 0.297833, 0.110014, 0.637113, -0.762103, -0.001371, 0.0, 0.0, 0.0, 1.0],
                [0.858839, -0.494945, 0.132002, -0.06849, -0.344731, -0.749067, -0.565738, 0.261116, 0.37866, 0.440104, -0.813475, -0.002945, 0.0, 0.0, 0.0, 1.0],
                [0.850557, -0.525316, 0.024424, 0.0, -0.441402, -0.738394, -0.509842, 0.272858, 0.285688, 0.42261, -0.859418, -0.0, 0.0, 0.0, 0.0, 1.0],
                [0.862543, -0.479692, -0.160986, -0.026407, -0.505509, -0.803153, -0.315289, 0.280439, 0.021926, 0.353113, -0.934691, -0.000234, 0.0, 0.0, 0.0, 1.0],
                [0.838586, -0.462495, -0.287876, -0.026407, -0.536964, -0.790873, -0.293582, 0.280439, -0.091844, 0.400527, -0.911021, -0.000234, 0.0, 0.0, 0.0, 1.0],
                [0.858734, -0.380356, -0.343374, -0.026407, -0.49306, -0.795793, -0.351576, 0.280439, -0.139453, 0.470927, -0.870401, -0.000234, 0.0, 0.0, 0.0, 1.0],
                [0.888192, -0.313047, -0.336329, -0.026407, -0.441997, -0.782083, -0.4393, 0.28044, -0.125446, 0.538512, -0.832517, -0.000234, 0.0, 0.0, 0.0, 1.0],
                [0.897684, -0.283933, -0.336967, -0.036409, -0.440631, -0.57323, -0.690834, 0.285368, 0.002985, 0.768167, -0.639317, -0.00029, 0.0, 0.0, 0.0, 1.0],
                [0.887307, -0.410247, -0.210676, -0.026407, -0.458477, -0.735291, -0.499146, 0.280439, 0.049831, 0.539158, -0.840025, -0.000234, 0.0, 0.0, 0.0, 1.0],
                [0.887307, -0.410247, -0.210676, -0.026407, -0.458477, -0.735291, -0.499146, 0.280439, 0.049831, 0.539158, -0.840025, -0.000234, 0.0, 0.0, 0.0, 1.0],
                [1.0, -0.0, 0.0, 0.010061, 0.0, -0.987188, -0.159561, 0.220344, 0.0, 0.159456, -0.986606, -0.020904, 0.0, 0.0, 0.0, 1.0]
            ]
        },
        {
            "name": "Elbow_R",
            "time": [0.0, 0.0667, 0.2, 0.2333, 0.85, 1.1833],
            "transform": [
                [-1.0, 0.0, 0.0, -0.0, -0.0, 0.0, -1.0, 0.402474, -0.0, -1.0, 0.0, 0.0, 0.0, 0.0, 0.0, 1.0],
                [-1.0, 0.0, 0.0, -0.0, 0.0, -0.0, -1.0, 0.406262, -0.0, -1.0, 0.0, -0.0, 0.0, 0.0, 0.0, 1.0],
                [-1.0, 0.0, 0.0, -0.0, 0.0, -0.0, -1.0, 0.406262, -0.0, -1.0, 0.0, -0.0, 0.0, 0.0, 0.0, 1.0],
                [-1.0, 0.0, 0.0, -0.0, 0.0, -0.0, -1.0, 0.3, -0.0, -1.0, 0.0, 0.0, 0.0, 0.0, 0.0, 1.0],
                [-1.0, 0.0, -0.0, -0.0, 0.0, -0.0, -1.0, 0.3, -0.0, -1.0, 0.0, -0.0, 0.0, 0.0, 0.0, 1.0],
                [-1.0, 0.0, -0.0, -0.0, 0.0, -0.0, -1.0, 0.3, -0.0, -1.0, 0.0, -0.0, 0.0, 0.0, 0.0, 1.0]
            ]
        },
        {
            "name": "Shoulder_L",
            "time": [0.0, 0.0667, 0.2, 0.2333, 0.2833, 0.3167, 0.4167, 0.85, 1.1833],
            "transform": [
                [-0.51417, -0.787421, -0.339997, -0.0, -0.459895, -0.081494, 0.884226, 0.4, -0.723966, 0.611005, -0.320229, -0.0, 0.0, 0.0, 0.0, 1.0],
                [-0.749835, -0.600074, -0.278673, 0.0, -0.308827, -0.055055, 0.949523, 0.4, -0.585127, 0.798047, -0.144037, 0.0, 0.0, 0.0, 0.0, 1.0],
                [-0.535414, -0.827163, -0.170685, 0.0, -0.21515, -0.061849, 0.97462, 0.4, -0.816727, 0.558548, -0.14485, 0.0, 0.0, 0.0, 0.0, 1.0],
                [0.680108, -0.723916, 0.115754, 0.0, -0.136339, 0.030245, 0.9902, 0.4, -0.720322, -0.689225, -0.078128, -0.0, 0.0, 0.0, 0.0, 1.0],
                [0.680108, -0.723916, 0.115754, -0.0, -0.136339, 0.030245, 0.9902, 0.4, -0.720323, -0.689225, -0.078128, 0.0, 0.0, 0.0, 0.0, 1.0],
                [0.680108, -0.723916, 0.115754, -0.0, -0.419198, -0.254477, 0.871501, 0.4, -0.601436, -0.641239, -0.476536, 0.0, 0.0, 0.0, 0.0, 1.0],
                [0.680108, -0.723916, 0.115754, -0.0, -0.177779, -0.009675, 0.984023, 0.4, -0.71123, -0.689821, -0.135277, 0.0, 0.0, 0.0, 0.0, 1.0],
                [0.680108, -0.723916, 0.115754, -0.0, -0.177779, -0.009675, 0.984023, 0.4, -0.71123, -0.689821, -0.135277, 0.0, 0.0, 0.0, 0.0, 1.0],
                [0.131196, -0.955362, -0.264709, 0.0, -0.004545, -0.267594, 0.963521, 0.4, -0.991346, -0.125207, -0.03945, 0.0, 0.0, 0.0, 0.0, 1.0]
            ]
        },
        {
            "name": "Arm_L",
            "time": [0.0, 0.0667, 0.2, 0.2333, 0.2833, 0.3167, 0.4167, 0.85, 1.1833],
            "transform": [
                [0.756853, -0.644077, -0.11108, 0.090793, -0.282871, -0.169587, -0.944047, 0.280243, 0.589201, 0.745926, -0.310543, 0.008098, 0.0, 0.0, 0.0, 1.0],
                [0.437258, -0.880789, -0.181703, 0.090793, -0.417061, -0.019592, -0.908667, 0.280243, 0.796784, 0.473103, -0.37591, 0.008098, 0.0, 0.0, 0.0, 1.0],
                [0.437258, -0.880789, -0.181703, 0.043531, -0.417061, -0.019592, -0.908667, 0.279192, 0.796784, 0.473103, -0.37591, 0.033484, 0.0, 0.0, 0.0, 1.0],
                [0.794497, 0.251966, 0.552527, -0.114559, 0.560256, 0.046885, -0.826991, 0.262891, -0.234279, 0.966599, -0.103915, -0.047975, 0.0, 0.0, 0.0, 1.0],
                [0.06784, 0.859027, 0.507415, -0.160717, 0.00893, 0.508044, -0.861285, 0.22704, -0.997656, 0.062961, 0.026795, -0.046116, 0.0, 0.0, 0.0, 1.0],
                [-0.248447, 0.852706, 0.459528, -0.051532, -0.453701, 0.316705, -0.832978, 0.344342, -0.855821, -0.415439, 0.308189, 0.003828, 0.0, 0.0, 0.0, 1.0],
                [-0.448459, 0.743837, 0.495572, -0.125291, -0.639093, 0.120759, -0.75959, 0.281408, -0.624856, -0.657362, 0.421226, -0.029854, 0.0, 0.0, 0.0, 1.0],
                [-0.448459, 0.743837, 0.495572, -0.125291, -0.639093, 0.120759, -0.75959, 0.281408, -0.624856, -0.657362, 0.421226, -0.029854, 0.0, 0.0, 0.0, 1.0],
                [-0.160789, -0.004552, 0.986978, 7.1e-05, -0.883274, 0.44689, -0.141833, 0.38855, -0.440425, -0.894577, -0.075876, 0.01657, 0.0, 0.0, 0.0, 1.0]
            ]
        },
        {
            "name": "Hand_L",
            "time": [0.0, 0.0667, 0.2, 0.2333, 0.85, 1.1833],
            "transform": [
                [1.0, 0.0, 0.0, -0.0, -0.0, 0.929563, -0.368664, 0.3, -0.0, 0.368664, 0.929563, -0.0, 0.0, 0.0, 0.0, 1.0],
                [1.0, 0.0, 0.0, -0.0, -0.0, 0.889542, -0.456855, 0.3, -0.0, 0.456854, 0.889542, -0.0, 0.0, 0.0, 0.0, 1.0],
                [1.0, 0.0, -0.0, -0.0, 0.0, 0.889542, -0.456855, 0.3, -0.0, 0.456855, 0.889542, -0.0, 0.0, 0.0, 0.0, 1.0],
                [1.0, 0.0, 0.0, -0.0, -0.0, 0.854205, -0.519937, 0.3, -0.0, 0.519937, 0.854205, -0.0, 0.0, 0.0, 0.0, 1.0],
                [1.0, 0.0, 0.0, -0.0, -0.0, 0.854205, -0.519937, 0.3, -0.0, 0.519937, 0.854205, -0.0, 0.0, 0.0, 0.0, 1.0],
                [1.0, 0.0, 0.0, 0.0, -0.0, 0.99671, -0.081049, 0.3, -0.0, 0.081049, 0.99671, 0.0, 0.0, 0.0, 0.0, 1.0]
            ]
        },
        {
            "name": "Tool_L",
            "time": [0.0, 1.1833],
            "transform": [
                [1.0, 0.0, 0.0, -0.0, 0.0, -0.999836, 0.018122, 0.272858, 0.0, -0.018122, -0.999247, -0.0, 0.0, 0.0, 0.0, 1.0],
                [1.0, 0.0, 0.0, 0.0, 0.0, -0.999836, 0.018122, 0.272858, 0.0, -0.018122, -0.999247, 0.0, 0.0, 0.0, 0.0, 1.0]
            ]
        },
        {
            "name": "Elbow_L",
            "time": [0.0, 0.0667, 0.2, 0.2333, 0.85, 1.1833],
            "transform": [
                [-1.0, 0.0, -0.0, -0.0, 0.0, -0.0, -1.0, 0.345707, -0.0, -1.0, -0.0, -0.0, 0.0, 0.0, 0.0, 1.0],
                [-1.0, 0.0, -0.0, 0.0, 0.0, -0.0, -1.0, 0.354786, -0.0, -1.0, -0.0, -0.0, 0.0, 0.0, 0.0, 1.0],
                [-1.0, 0.0, -0.0, -0.0, 0.0, -0.0, -1.0, 0.354786, -0.0, -1.0, -0.0, -0.0, 0.0, 0.0, 0.0, 1.0],
                [-1.0, 0.0, -0.0, -0.0, 0.0, -0.0, -1.0, 0.361563, -0.0, -1.0, -0.0, -0.0, 0.0, 0.0, 0.0, 1.0],
                [-1.0, 0.0, 0.0, -0.0, -0.0, -0.0, -1.0, 0.361563, -0.0, -1.0, -0.0, 0.0, 0.0, 0.0, 0.0, 1.0],
                [-1.0, 0.0, -0.0, 0.0, 0.0, -0.0, -1.0, 0.317928, -0.0, -1.0, -0.0, 0.0, 0.0, 0.0, 0.0, 1.0]
            ]
        }
    ]
}