{
    "animation": [
        {
            "name": "Root",
            "time": [0.0, 0.0833, 0.25, 0.5833],
            "transform": [
                [0.621119, 0.0, -0.783716, 1.4e-05, -0.783716, 0.0, -0.621119, 0.000989, 0.0, 1.0, 0.0, 0.68892, 0.0, 0.0, 0.0, 1.0],
                [0.774955, 0.0, -0.632016, 5e-06, -0.632016, 0.0, -0.774955, 0.271354, 0.0, 1.0, 0.0, 0.68892, 0.0, 0.0, 0.0, 1.0],
                [0.701854, 0.0, 0.71232, -4.9e-05, 0.71232, 0.0, -0.701854, 0.989341, 0.0, 1.0, 0.0, 0.68892, 0.0, 0.0, 0.0, 1.0],
                [0.701854, 0.0, 0.71232, -4.9e-05, 0.71232, 0.0, -0.701854, 0.989341, 0.0, 1.0, 0.0, 0.68892, 0.0, 0.0, 0.0, 1.0]
            ]
        },
        {
            "name": "Thigh_R",
            "time": [0.0, 0.0833, 0.25, 0.5833],
            "transform": [
                [0.975208, 0.14067, -0.170821, 0.126425, 0.192206, -0.920995, 0.338854, -0.002014, -0.109659, -0.363285, -0.925202, -0.003719, 0.0, 0.0, 0.0, 1.0],
                [0.993644, 0.104548, -0.041725, 0.126061, 0.112553, -0.916762, 0.383246, -0.001967, 0.001816, -0.385505, -0.922704, -0.003948, 0.0, 0.0, 0.0, 1.0],
                [0.717957, 0.410947, 0.561837, 0.129223, 0.026343, -0.822596, 0.568014, -0.000995, 0.695589, -0.393009, -0.601415, -0.004027, 0.0, 0.0, 0.0, 1.0],
                [0.717957, 0.410947, 0.561837, 0.129223, 0.026343, -0.822596, 0.568014, -0.000995, 0.695589, -0.393009, -0.601415, -0.004027, 0.0, 0.0, 0.0, 1.0]
            ]
        },
        {
            "name": "Leg_R",
            "time": [0.0, 0.0833, 0.25, 0.5833],
            "transform": [
                [1.0, -1e-06, 2e-06, 0.0, -1e-06, 0.725498, 0.688225, 0.37472, -2e-06, -0.688226, 0.725497, -0.0, 0.0, 0.0, 0.0, 1.0],
                [1.0, -1e-06, 4e-06, 0.0, -2e-06, 0.682178, 0.731186, 0.37472, -3e-06, -0.731187, 0.682177, -0.0, 0.0, 0.0, 0.0, 1.0],
                [1.0, -0.0, 2e-06, 0.0, -1e-06, 0.826126, 0.563486, 0.37472, -2e-06, -0.563487, 0.826125, -0.0, 0.0, 0.0, 0.0, 1.0],
                [1.0, -0.0, 2e-06, 0.0, -1e-06, 0.826126, 0.563486, 0.37472, -2e-06, -0.563487, 0.826125, -0.0, 0.0, 0.0, 0.0, 1.0]
            ]
        },
        {
            "name": "Knee_R",
            "time": [0.0, 0.5833],
            "transform": [
                [1.0, 0.0, -0.0, 0.0, -0.0, 1e-06, -1.0, 0.37472, -0.0, 1.0, 1e-06, -0.0, 0.0, 0.0, 0.0, 1.0],
                [1.0, 0.0, -0.0, 0.0, -0.0, 1e-06, -1.0, 0.37472, -0.0, 1.0, 1e-06, -0.0, 0.0, 0.0, 0.0, 1.0]
            ]
        },
        {
            "name": "Thigh_L",
            "time": [0.0, 0.0833, 0.25, 0.5833],
            "transform": [
                [0.5725, -0.461034, -0.678005, -0.129736, -0.059317, -0.848054, 0.526578, -0.001255, -0.817756, -0.261249, -0.512858, -0.002644, 0.0, 0.0, 0.0, 1.0],
                [0.699125, -0.363722, -0.615573, -0.128742, -0.031591, -0.875815, 0.481612, -0.001541, -0.714301, -0.317261, -0.623794, -0.003223, 0.0, 0.0, 0.0, 1.0],
                [0.906039, -0.183826, 0.381183, -0.126867, -0.183405, -0.982311, -0.037781, -0.002648, 0.381385, -0.035679, -0.923727, -0.000382, 0.0, 0.0, 0.0, 1.0],
                [0.906039, -0.183826, 0.381183, -0.126867, -0.183405, -0.982311, -0.037781, -0.002648, 0.381385, -0.035679, -0.923727, -0.000382, 0.0, 0.0, 0.0, 1.0]
            ]
        },
        {
            "name": "Leg_L",
            "time": [0.0, 0.0833, 0.25, 0.5833],
            "transform": [
                [1.0, -1e-06, 4e-06, 0.0, -2e-06, 0.71426, 0.69988, 0.37472, -4e-06, -0.69988, 0.714261, -0.0, 0.0, 0.0, 0.0, 1.0],
                [1.0, -1e-06, 1e-06, -0.0, -0.0, 0.675046, 0.737776, 0.37472, -1e-06, -0.737775, 0.675047, 0.0, 0.0, 0.0, 0.0, 1.0],
                [1.0, -0.0, 1e-06, -0.0, -0.0, 0.873989, 0.485946, 0.37472, -1e-06, -0.485945, 0.873989, 0.0, 0.0, 0.0, 0.0, 1.0],
                [1.0, -0.0, 1e-06, -0.0, -0.0, 0.873989, 0.485946, 0.37472, -1e-06, -0.485945, 0.873989, 0.0, 0.0, 0.0, 0.0, 1.0]
            ]
        },
        {
            "name": "Knee_L",
            "time": [0.0, 0.5833],
            "transform": [
                [1.0, 0.0, -0.0, 0.0, -0.0, 1e-06, -1.0, 0.37472, -0.0, 1.0, 1e-06, -0.0, 0.0, 0.0, 0.0, 1.0],
                [1.0, 0.0, -0.0, -0.0, -0.0, 1e-06, -1.0, 0.37472, -0.0, 1.0, 1e-06, 0.0, 0.0, 0.0, 0.0, 1.0]
            ]
        },
        {
            "name": "Torso",
            "time": [0.0, 0.5833],
            "transform": [
                [1.0, -0.0, 0.0, 0.0, -0.0, 0.996195, 0.087155, 0.05, -0.0, -0.087155, 0.996195, -0.0, 0.0, 0.0, 0.0, 1.0],
                [1.0, 0.0, 0.0, -0.0, -0.0, 0.996195, 0.087155, 0.05, -0.0, -0.087155, 0.996195, 0.0, 0.0, 0.0, 0.0, 1.0]
            ]
        },
        {
            "name": "Chest",
            "time": [0.0, 0.0833, 0.25, 0.5833],
            "transform": [
                [1.0, -0.0, -0.0, -0.0, 0.0, 0.996195, 0.087155, 0.3, 0.0, -0.087155, 0.996195, 0.0, 0.0, 0.0, 0.0, 1.0],
                [1.0, 0.0, -0.0, 0.0, 0.0, 0.996195, 0.087155, 0.3, 0.0, -0.087155, 0.996195, 0.0, 0.0, 0.0, 0.0, 1.0],
                [1.0, -0.0, -0.0, 0.0, 0.0, 0.996195, 0.087156, 0.3, 0.0, -0.087155, 0.996195, -0.0, 0.0, 0.0, 0.0, 1.0],
                [1.0, -0.0, -0.0, 0.0, 0.0, 0.996195, 0.087156, 0.3, 0.0, -0.087155, 0.996195, -0.0, 0.0, 0.0, 0.0, 1.0]
            ]
        },
        {
            "name": "Head",
            "time": [0.0, 0.0833, 0.25, 0.5833],
            "transform": [
                [0.619219, 0.000289, 0.785218, 0.0, 0.140445, 0.983834, -0.111116, 0.4, -0.772556, 0.179085, 0.609168, -0.0, 0.0, 0.0, 0.0, 1.0],
                [0.773892, -0.000842, 0.633317, 0.0, 0.114133, 0.983812, -0.138159, 0.4, -0.622949, 0.179202, 0.76146, 0.0, 0.0, 0.0, 0.0, 1.0],
                [0.698618, -0.005514, -0.715473, -0.0, -0.120147, 0.984867, -0.124907, 0.4, 0.705335, 0.173224, 0.687384, -0.0, 0.0, 0.0, 0.0, 1.0],
                [0.698618, -0.005514, -0.715473, -0.0, -0.120147, 0.984867, -0.124907, 0.4, 0.705335, 0.173224, 0.687384, -0.0, 0.0, 0.0, 0.0, 1.0]
            ]
        },
        {
            "name": "Shoulder_R",
            "time": [0.0, 0.0833, 0.25, 0.5833],
            "transform": [
                [-0.213186, 0.920109, 0.328557, 0.0, -0.015279, -0.339387, 0.940523, 0.4, 0.976892, 0.195486, 0.086411, -0.0, 0.0, 0.0, 0.0, 1.0],
                [-0.133298, 0.937642, 0.321026, 0.0, -0.017777, -0.326126, 0.945159, 0.4, 0.990916, 0.120281, 0.060141, 0.0, 0.0, 0.0, 0.0, 1.0],
                [0.369764, 0.901037, 0.226731, -0.0, -0.006854, -0.241374, 0.970408, 0.4, 0.9291, -0.360375, -0.083076, -0.0, 0.0, 0.0, 0.0, 1.0],
                [0.369764, 0.901037, 0.226731, -0.0, -0.006854, -0.241374, 0.970408, 0.4, 0.9291, -0.360375, -0.083076, -0.0, 0.0, 0.0, 0.0, 1.0]
            ]
        },
        {
            "name": "Arm_R",
            "time": [0.0, 0.0833, 0.25, 0.5833],
            "transform": [
                [-0.412619, 0.455574, -0.788795, -0.0, 0.743722, 0.668483, -0.002955, 0.39386, 0.525949, -0.587864, -0.614649, 0.0, 0.0, 0.0, 0.0, 1.0],
                [-0.391005, 0.21142, -0.895777, -0.0, 0.219184, 0.966649, 0.132474, 0.39386, 0.893909, -0.144542, -0.424305, 0.0, 0.0, 0.0, 0.0, 1.0],
                [-0.249833, -0.710077, 0.658312, -0.0, 0.942103, -0.335298, -0.00413, 0.39386, 0.223663, 0.619166, 0.752734, -0.0, 0.0, 0.0, 0.0, 1.0],
                [-0.249833, -0.710077, 0.658312, -0.0, 0.942103, -0.335298, -0.00413, 0.39386, 0.223663, 0.619166, 0.752734, -0.0, 0.0, 0.0, 0.0, 1.0]
            ]
        },
        {
            "name": "Hand_R",
            "time": [0.0, 0.0833, 0.25, 0.5833],
            "transform": [
                [0.999996, 0.002535, 0.001503, -0.0, -0.001664, 0.906632, -0.421919, 0.3, -0.002432, 0.421915, 0.906632, 0.0, 0.0, 0.0, 0.0, 1.0],
                [0.999997, 0.00201, 0.001581, 0.0, -0.001708, 0.985048, -0.172273, 0.3, -0.001903, 0.17227, 0.985048, -0.0, 0.0, 0.0, 0.0, 1.0],
                [1.0, -0.0, 0.0, 0.0, 0.0, 0.993938, 0.109947, 0.3, -0.0, -0.109947, 0.993938, -0.0, 0.0, 0.0, 0.0, 1.0],
                [1.0, -0.0, 0.0, 0.0, 0.0, 0.993938, 0.109947, 0.3, -0.0, -0.109947, 0.993938, -0.0, 0.0, 0.0, 0.0, 1.0]
            ]
        },
        {
            "name": "Tool_R",
            "time": [0.0, 0.0833, 0.5833],
            "transform": [
                [1.000015, -0.0, 0.0, -0.0, -0.0, -0.999836, 0.018122, 0.272858, 0.0, -0.018122, -0.999228, -0.0, 0.0, 0.0, 0.0, 1.0],
                [0.010909, 0.837586, -0.546189, -0.007963, 0.10627, -0.544107, -0.832246, 0.269053, -0.993703, -0.048941, -0.094896, -0.000552, 0.0, 0.0, 0.0, 1.0],
                [0.010909, 0.837586, -0.546189, -0.007964, 0.10627, -0.544107, -0.832246, 0.269053, -0.993703, -0.048941, -0.094896, -0.000552, 0.0, 0.0, 0.0, 1.0]
            ]
        },
        {
            "name": "Elbow_R",
            "time": [0.0, 0.5833],
            "transform": [
                [-1.0, 0.0, -0.0, -0.0, 0.0, 0.0, -1.0, 0.3, -0.0, -1.0, 0.0, 0.0, 0.0, 0.0, 0.0, 1.0],
                [-1.0, 0.0, -0.0, 0.0, 0.0, -0.0, -1.0, 0.3, -0.0, -1.0, 0.0, -0.0, 0.0, 0.0, 0.0, 1.0]
            ]
        },
        {
            "name": "Shoulder_L",
            "time": [0.0, 0.0833, 0.25, 0.5833],
            "transform": [
                [-0.16962, -0.928103, -0.331442, 0.0, -0.021919, -0.33268, 0.942785, 0.4, -0.985266, 0.16718, 0.036086, -0.0, 0.0, 0.0, 0.0, 1.0],
                [-0.169619, -0.928103, -0.331442, 0.0, -0.02192, -0.332679, 0.942785, 0.4, -0.985266, 0.16718, 0.036085, 0.0, 0.0, 0.0, 0.0, 1.0],
                [-0.169619, -0.928103, -0.331441, -0.0, -0.021921, -0.332678, 0.942786, 0.4, -0.985266, 0.16718, 0.036084, -0.0, 0.0, 0.0, 0.0, 1.0],
                [-0.169619, -0.928103, -0.331441, -0.0, -0.021921, -0.332678, 0.942786, 0.4, -0.985266, 0.16718, 0.036084, -0.0, 0.0, 0.0, 0.0, 1.0]
            ]
        },
        {
            "name": "Arm_L",
            "time": [0.0, 0.0833, 0.25, 0.5833],
            "transform": [
                [-0.021604, 0.61268, 0.790036, 0.0, -0.578796, 0.636662, -0.509565, 0.39386, -0.815186, -0.468278, 0.340862, -0.0, 0.0, 0.0, 0.0, 1.0],
                [-0.040076, 0.474876, 0.87914, -0.0, -0.485095, 0.759955, -0.43261, 0.39386, -0.873543, -0.443803, 0.199904, -0.0, 0.0, 0.0, 0.0, 1.0],
                [-0.374766, -0.503434, 0.778527, 0.0, -0.467173, 0.827869, 0.310455, 0.39386, -0.800812, -0.247359, -0.545448, -0.0, 0.0, 0.0, 0.0, 1.0],
                [-0.374766, -0.503434, 0.778527, 0.0, -0.467173, 0.827869, 0.310455, 0.39386, -0.800812, -0.247359, -0.545448, -0.0, 0.0, 0.0, 0.0, 1.0]
            ]
        },
        {
            "name": "Hand_L",
            "time": [0.0, 0.5833],
            "transform": [
                [0.999995, 0.002129, -0.002482, 0.0, -0.002911, 0.233677, -0.97231, 0.3, -0.00149, 0.972312, 0.233682, 0.0, 0.0, 0.0, 0.0, 1.0],
                [0.999995, 0.002129, -0.002482, -0.0, -0.002911, 0.233677, -0.97231, 0.3, -0.00149, 0.972312, 0.233682, -0.0, 0.0, 0.0, 0.0, 1.0]
            ]
        },
        {
            "name": "Tool_L",
            "time": [0.0, 0.5833],
            "transform": [
                [1.0, -0.0, 0.0, 0.0, 0.0, -0.999836, 0.018122, 0.272857, 0.0, -0.018122, -0.999248, 0.0, 0.0, 0.0, 0.0, 1.0],
                [1.0, 0.0, 0.0, 0.0, -0.0, -0.999836, 0.018122, 0.272857, 0.0, -0.018122, -0.999247, 0.0, 0.0, 0.0, 0.0, 1.0]
            ]
        },
        {
            "name": "Elbow_L",
            "time": [0.0, 0.5833],
            "transform": [
                [-1.0, 0.0, 0.0, 0.0, 0.0, -0.0, -1.0, 0.3, -0.0, -1.0, -0.0, 0.0, 0.0, 0.0, 0.0, 1.0],
                [-1.0, 0.0, -0.0, -0.0, 0.0, -0.0, -1.0, 0.3, -0.0, -1.0, -0.0, -0.0, 0.0, 0.0, 0.0, 1.0]
            ]
        }
    ]
}