{
    "animation": [
        {
            "name": "Root",
            "time": [0.0, 0.0833, 0.1667, 0.3667, 0.9],
            "transform": [
                [-0.079774, 0.073684, -0.994086, -5e-06, -0.980935, 0.171484, 0.091429, 0.300729, 0.177207, 0.982427, 0.058599, 0.533736, 0.0, 0.0, 0.0, 1.0],
                [0.710995, 0.089769, -0.697444, -5e-06, -0.699947, -0.004902, -0.714178, 0.514501, -0.06753, 0.995951, 0.059348, 0.637528, 0.0, 0.0, 0.0, 1.0],
                [0.965003, 0.034095, 0.260011, -5e-06, 0.240676, 0.278565, -0.929772, 0.874474, -0.104131, 0.959812, 0.26061, 0.748775, 0.0, 0.0, 0.0, 1.0],
                [0.921686, -0.104674, 0.373548, -5e-06, 0.387754, 0.278113, -0.878806, 1.200698, -0.0119, 0.954828, 0.296921, 0.661323, 0.0, 0.0, 0.0, 1.0],
                [0.921686, -0.104674, 0.373548, -5e-06, 0.387754, 0.278113, -0.878806, 1.200698, -0.0119, 0.954828, 0.296921, 0.661323, 0.0, 0.0, 0.0, 1.0]
            ]
        },
        {
            "name": "Thigh_R",
            "time": [0.0, 0.05, 0.1667, 0.3167, 0.9],
            "transform": [
                [0.925024, 0.141978, -0.352379, 0.124994, 0.360613, -0.619978, 0.696838, -0.002831, -0.119533, -0.771662, -0.624697, -1.2e-05, 0.0, 0.0, 0.0, 1.0],
                [0.809997, 0.491933, -0.319227, 0.124994, 0.567734, -0.794172, 0.216715, -0.002831, -0.146913, -0.356773, -0.922566, -1.2e-05, 0.0, 0.0, 0.0, 1.0],
                [0.859527, 0.151638, 0.488076, 0.124994, 0.101669, -0.986613, 0.127487, -0.002831, 0.500876, -0.059954, -0.86344, -1.2e-05, 0.0, 0.0, 0.0, 1.0],
                [0.916378, 0.283113, 0.283013, 0.124994, -0.094361, -0.534287, 0.840018, -0.002831, 0.389032, -0.796478, -0.462897, -1.2e-05, 0.0, 0.0, 0.0, 1.0],
                [0.91738, 0.288058, 0.274655, 0.124994, -0.103603, -0.493449, 0.863581, -0.002831, 0.384291, -0.820685, -0.422839, -1.2e-05, 0.0, 0.0, 0.0, 1.0]
            ]
        },
        {
            "name": "Leg_R",
            "time": [0.0, 0.05, 0.1667, 0.3167, 0.9],
            "transform": [
                [1.0, -0.0, 1e-06, -0.0, -0.0, 0.465759, 0.884915, 0.37472, -1e-06, -0.884911, 0.465758, -0.0, 0.0, 0.0, 0.0, 1.0],
                [1.0, -0.0, 0.0, 0.0, -1e-06, 0.790513, 0.612448, 0.37472, -1e-06, -0.612444, 0.790515, 0.0, 0.0, 0.0, 0.0, 1.0],
                [1.0, -0.0, 1e-06, -0.0, -0.0, 0.840758, 0.541415, 0.37472, -1e-06, -0.54141, 0.840759, -0.0, 0.0, 0.0, 0.0, 1.0],
                [1.0, 0.0, 1e-06, 0.0, -0.0, 0.820722, 0.571331, 0.37472, -1e-06, -0.571329, 0.820721, -0.0, 0.0, 0.0, 0.0, 1.0],
                [1.0, -0.0, 1e-06, 0.0, -0.0, 0.739776, 0.672856, 0.37472, -1e-06, -0.672854, 0.739775, -0.0, 0.0, 0.0, 0.0, 1.0]
            ]
        },
        {
            "name": "Knee_R",
            "time": [0.0, 0.05, 0.1667, 0.3167, 0.3667, 0.9],
            "transform": [
                [1.0, 0.0, -0.0, 0.0, -0.0, 1e-06, -1.0, 0.436217, -0.0, 1.0, 1e-06, -0.0, 0.0, 0.0, 0.0, 1.0],
                [1.0, 0.0, -0.0, -0.0, -0.0, 1e-06, -1.0, 0.397862, -0.0, 1.0, 1e-06, 0.0, 0.0, 0.0, 0.0, 1.0],
                [1.0, 0.0, -0.0, -0.0, -0.0, 1e-06, -1.0, 0.390047, -0.0, 1.0, 1e-06, -0.0, 0.0, 0.0, 0.0, 1.0],
                [1.0, 0.0, -0.0, 0.0, -0.0, 1e-06, -1.0, 0.39328, -0.0, 1.0, 1e-06, 0.0, 0.0, 0.0, 0.0, 1.0],
                [1.0, 0.0, -0.0, 0.0, -0.0, 1e-06, -1.0, 0.404946, -0.0, 1.0, 1e-06, 0.0, 0.0, 0.0, 0.0, 1.0],
                [1.0, 0.0, -0.0, -0.0, -0.0, 1e-06, -1.0, 0.404947, -0.0, 1.0, 1e-06, -0.0, 0.0, 0.0, 0.0, 1.0]
            ]
        },
        {
            "name": "Thigh_L",
            "time": [0.0, 0.1667, 0.3667, 0.9],
            "transform": [
                [0.087134, -0.984079, -0.154895, -0.125006, -0.032401, -0.158205, 0.986874, -0.002831, -0.995669, -0.080971, -0.045672, -1.2e-05, 0.0, 0.0, 0.0, 1.0],
                [0.965876, 0.167153, 0.197844, -0.125006, 0.075619, -0.912576, 0.401851, -0.002831, 0.247719, -0.373175, -0.894078, -1.2e-05, 0.0, 0.0, 0.0, 1.0],
                [0.990636, -0.135936, -0.012671, -0.125006, -0.124679, -0.938602, 0.321679, -0.002831, -0.055621, -0.317085, -0.946764, -1.2e-05, 0.0, 0.0, 0.0, 1.0],
                [0.990636, -0.135936, -0.012671, -0.125006, -0.124679, -0.938602, 0.321679, -0.002831, -0.055621, -0.317085, -0.946764, -1.2e-05, 0.0, 0.0, 0.0, 1.0]
            ]
        },
        {
            "name": "Leg_L",
            "time": [0.0, 0.1667, 0.3667, 0.9],
            "transform": [
                [1.0, -0.0, 0.0, 0.0, -0.0, 0.200495, 0.979694, 0.37472, -1e-06, -0.979695, 0.200495, -0.0, 0.0, 0.0, 0.0, 1.0],
                [1.0, 0.0, 1e-06, 0.0, -0.0, 0.989526, 0.144367, 0.37472, -1e-06, -0.144366, 0.989522, 0.0, 0.0, 0.0, 0.0, 1.0],
                [1.0, 0.0, 1e-06, -0.0, 0.0, 0.727416, 0.686199, 0.37472, -1e-06, -0.686198, 0.727412, -0.0, 0.0, 0.0, 0.0, 1.0],
                [1.0, 0.0, 1e-06, -0.0, 0.0, 0.727416, 0.686199, 0.37472, -1e-06, -0.686198, 0.727412, -0.0, 0.0, 0.0, 0.0, 1.0]
            ]
        },
        {
            "name": "Knee_L",
            "time": [0.0, 0.1667, 0.3667, 0.9],
            "transform": [
                [1.0, 0.0, -0.0, -0.0, -0.0, 1e-06, -1.0, 0.461594, -0.0, 1.0, 1e-06, -0.0, 0.0, 0.0, 0.0, 1.0],
                [1.0, 0.0, -0.0, -0.0, -0.0, 1e-06, -1.0, 0.37472, -0.0, 1.0, 1e-06, -0.0, 0.0, 0.0, 0.0, 1.0],
                [1.0, 0.0, -0.0, -0.0, -0.0, 1e-06, -1.0, 0.406581, -0.0, 1.0, 1e-06, -0.0, 0.0, 0.0, 0.0, 1.0],
                [1.0, 0.0, -0.0, -0.0, -0.0, 1e-06, -1.0, 0.406581, -0.0, 1.0, 1e-06, -0.0, 0.0, 0.0, 0.0, 1.0]
            ]
        },
        {
            "name": "Torso",
            "time": [0.0, 0.9],
            "transform": [
                [0.99957, 0.014788, 0.025317, 0.0, -0.017999, 0.991126, 0.131704, 0.05, -0.023145, -0.132103, 0.990966, 0.0, 0.0, 0.0, 0.0, 1.0],
                [0.99957, 0.014788, 0.025317, -0.0, -0.017999, 0.991126, 0.131704, 0.05, -0.023145, -0.132103, 0.990966, 0.0, 0.0, 0.0, 0.0, 1.0]
            ]
        },
        {
            "name": "Chest",
            "time": [0.0, 0.1667, 0.3667, 0.9],
            "transform": [
                [0.993015, 0.071366, 0.093959, 0.0, -0.099363, 0.935247, 0.339765, 0.3, -0.063627, -0.346728, 0.935805, -0.0, 0.0, 0.0, 0.0, 1.0],
                [0.998798, 0.047649, 0.011528, 0.0, -0.048661, 0.992156, 0.115148, 0.3, -0.005951, -0.11557, 0.993281, 0.0, 0.0, 0.0, 0.0, 1.0],
                [0.999011, 0.044303, 0.00384, 0.0, -0.044468, 0.994716, 0.092534, 0.3, 0.00028, -0.092613, 0.995702, 0.0, 0.0, 0.0, 0.0, 1.0],
                [0.999011, 0.044303, 0.00384, 0.0, -0.044468, 0.994716, 0.092534, 0.3, 0.00028, -0.092613, 0.995702, 0.0, 0.0, 0.0, 0.0, 1.0]
            ]
        },
        {
            "name": "Head",
            "time": [0.0, 0.1667, 0.3667, 0.9],
            "transform": [
                [0.536879, -0.152693, 0.829726, 0.0, 0.35779, 0.931871, -0.06002, 0.4, -0.764034, 0.329091, 0.554934, -0.0, 0.0, 0.0, 0.0, 1.0],
                [0.952886, -0.156922, -0.259583, -0.0, 0.03371, 0.905266, -0.423505, 0.4, 0.301449, 0.394802, 0.867906, 0.0, 0.0, 0.0, 0.0, 1.0],
                [0.931633, -0.053811, -0.359395, 0.0, -0.114308, 0.895383, -0.430376, 0.4, 0.344955, 0.442034, 0.828017, -0.0, 0.0, 0.0, 0.0, 1.0],
                [0.931633, -0.053811, -0.359395, 0.0, -0.114308, 0.895383, -0.430376, 0.4, 0.344955, 0.442034, 0.828017, -0.0, 0.0, 0.0, 0.0, 1.0]
            ]
        },
        {
            "name": "Shoulder_R",
            "time": [0.0, 0.25, 0.55, 0.9],
            "transform": [
                [-0.216515, 0.752979, 0.621404, 0.0, 0.446901, -0.489457, 0.748807, 0.4, 0.867987, 0.439834, -0.230532, -0.0, 0.0, 0.0, 0.0, 1.0],
                [0.476767, 0.878228, 0.037524, -0.0, -0.234017, 0.085663, 0.968451, 0.4, 0.847307, -0.470507, 0.246362, -0.0, 0.0, 0.0, 0.0, 1.0],
                [0.477435, 0.877879, 0.037201, 0.0, -0.233172, 0.085764, 0.968646, 0.4, 0.847164, -0.47114, 0.245643, -0.0, 0.0, 0.0, 0.0, 1.0],
                [0.477435, 0.877879, 0.037201, 0.0, -0.233172, 0.085764, 0.968646, 0.4, 0.847164, -0.47114, 0.245643, -0.0, 0.0, 0.0, 0.0, 1.0]
            ]
        },
        {
            "name": "Arm_R",
            "time": [0.0, 0.25, 0.55, 0.9],
            "transform": [
                [0.457678, -0.692923, -0.557125, -0.0, -0.198784, 0.530997, -0.823727, 0.393861, 0.866612, 0.487749, 0.105284, 0.0, 0.0, 0.0, 0.0, 1.0],
                [0.028943, -0.919941, -0.390987, -0.0, -0.342306, 0.358379, -0.868557, 0.39386, 0.939143, 0.158976, -0.304528, -0.0, 0.0, 0.0, 0.0, 1.0],
                [0.02782, -0.918186, -0.395172, 0.0, -0.34172, 0.362772, -0.866962, 0.39386, 0.93939, 0.159157, -0.30367, -0.0, 0.0, 0.0, 0.0, 1.0],
                [0.02782, -0.918186, -0.395172, 0.0, -0.34172, 0.362772, -0.866962, 0.39386, 0.93939, 0.159157, -0.30367, -0.0, 0.0, 0.0, 0.0, 1.0]
            ]
        },
        {
            "name": "Hand_R",
            "time": [0.0, 0.25, 0.55, 0.9],
            "transform": [
                [1.0, 0.0, 0.0, -0.0, -0.0, 0.936131, -0.351652, 0.3, -0.0, 0.351652, 0.936131, -0.0, 0.0, 0.0, 0.0, 1.0],
                [1.0, 0.0, 0.0, -0.0, -0.0, 0.997571, 0.06966, 0.3, -0.0, -0.06966, 0.997571, 0.0, 0.0, 0.0, 0.0, 1.0],
                [1.0, 0.0, 0.0, 0.0, -0.0, 0.993938, 0.109947, 0.3, -0.0, -0.109947, 0.993937, -0.0, 0.0, 0.0, 0.0, 1.0],
                [1.0, 0.0, 0.0, 0.0, -0.0, 0.993938, 0.109947, 0.3, -0.0, -0.109947, 0.993937, -0.0, 0.0, 0.0, 0.0, 1.0]
            ]
        },
        {
            "name": "Tool_R",
            "time": [0.0, 0.1667, 0.3667, 0.9],
            "transform": [
                [1.0, -0.0, 0.0, -0.0, 0.0, -0.999836, 0.018122, 0.272858, 0.0, -0.018122, -0.999244, 0.0, 0.0, 0.0, 0.0, 1.0],
                [0.997687, 0.067612, -0.007046, 0.0, -0.025462, 0.275575, -0.960943, 0.272858, -0.062992, 0.958334, 0.276484, -0.0, 0.0, 0.0, 0.0, 1.0],
                [0.997453, 0.071294, -0.002384, 0.0, -0.031306, 0.407472, -0.912681, 0.272858, -0.06406, 0.909896, 0.408414, 0.0, 0.0, 0.0, 0.0, 1.0],
                [0.997453, 0.071294, -0.002384, 0.0, -0.031306, 0.407472, -0.912681, 0.272858, -0.06406, 0.909896, 0.408414, -0.0, 0.0, 0.0, 0.0, 1.0]
            ]
        },
        {
            "name": "Elbow_R",
            "time": [0.0, 0.25, 0.55, 0.9],
            "transform": [
                [-1.0, 0.0, -0.0, 0.0, 0.0, 0.0, -1.0, 0.343998, -0.0, -1.0, 0.0, -0.0, 0.0, 0.0, 0.0, 1.0],
                [-1.0, 0.0, -0.0, 0.0, 0.0, -0.0, -1.0, 0.303791, -0.0, -1.0, 0.0, -0.0, 0.0, 0.0, 0.0, 1.0],
                [-1.0, 0.0, -0.0, 0.0, 0.0, 0.0, -1.0, 0.300001, -0.0, -1.0, 0.0, -0.0, 0.0, 0.0, 0.0, 1.0],
                [-1.0, 0.0, -0.0, 0.0, 0.0, 0.0, -1.0, 0.300001, -0.0, -1.0, 0.0, -0.0, 0.0, 0.0, 0.0, 1.0]
            ]
        },
        {
            "name": "Shoulder_L",
            "time": [0.0, 0.1167, 0.25, 0.55, 0.9],
            "transform": [
                [-0.064701, -0.935013, -0.34866, 0.0, -0.016591, -0.348336, 0.937223, 0.4, -0.997767, 0.066424, 0.007024, -0.0, 0.0, 0.0, 0.0, 1.0],
                [-0.18559, -0.904669, -0.383575, 0.0, -0.042683, -0.382566, 0.922942, 0.4, -0.9817, 0.187661, 0.032386, -0.0, 0.0, 0.0, 0.0, 1.0],
                [-0.535814, -0.642979, -0.547249, -0.0, -0.215275, -0.522687, 0.824897, 0.4, -0.816432, 0.5598, 0.141646, -0.0, 0.0, 0.0, 0.0, 1.0],
                [-0.544986, -0.631244, -0.551834, 0.0, -0.222265, -0.525848, 0.821025, 0.4, -0.808448, 0.570101, 0.146277, -0.0, 0.0, 0.0, 0.0, 1.0],
                [-0.544986, -0.631244, -0.551834, 0.0, -0.222265, -0.525848, 0.821025, 0.4, -0.808448, 0.570101, 0.146277, -0.0, 0.0, 0.0, 0.0, 1.0]
            ]
        },
        {
            "name": "Arm_L",
            "time": [0.0, 0.1167, 0.25, 0.55, 0.9],
            "transform": [
                [0.279438, 0.378453, 0.882433, 0.0, -0.360629, 0.893125, -0.268839, 0.39386, -0.889866, -0.243107, 0.386054, -0.0, 0.0, 0.0, 0.0, 1.0],
                [0.304389, 0.401594, 0.863753, -0.0, -0.293652, 0.902179, -0.315975, 0.39386, -0.906154, -0.157464, 0.392543, 0.0, 0.0, 0.0, 0.0, 1.0],
                [0.194734, -0.230897, 0.953292, 0.0, -0.28673, 0.916043, 0.280447, 0.39386, -0.938011, -0.327949, 0.11218, -0.0, 0.0, 0.0, 0.0, 1.0],
                [0.189516, -0.260523, 0.946685, 0.0, -0.288111, 0.906961, 0.307268, 0.39386, -0.938656, -0.330983, 0.096825, -0.0, 0.0, 0.0, 0.0, 1.0],
                [0.189516, -0.260523, 0.946685, 0.0, -0.288111, 0.906961, 0.307268, 0.39386, -0.938656, -0.330983, 0.096825, -0.0, 0.0, 0.0, 0.0, 1.0]
            ]
        },
        {
            "name": "Hand_L",
            "time": [0.0, 0.1167, 0.25, 0.55, 0.9],
            "transform": [
                [1.0, 0.0, 0.0, 0.0, 0.0, 0.528986, -0.848631, 0.3, -0.0, 0.848631, 0.528986, 0.0, 0.0, 0.0, 0.0, 1.0],
                [1.0, 0.0, 0.0, 0.0, -0.0, 0.906055, -0.423162, 0.3, -0.0, 0.423162, 0.906054, -0.0, 0.0, 0.0, 0.0, 1.0],
                [1.0, 0.0, -0.0, 0.0, -0.0, 0.394429, -0.918927, 0.3, -0.0, 0.918927, 0.394429, -0.0, 0.0, 0.0, 0.0, 1.0],
                [1.0, 0.0, 0.0, -0.0, -0.0, 0.409074, -0.912502, 0.3, -0.0, 0.912501, 0.409075, 0.0, 0.0, 0.0, 0.0, 1.0],
                [1.0, 0.0, 0.0, -0.0, -0.0, 0.409074, -0.912502, 0.3, -0.0, 0.912501, 0.409075, 0.0, 0.0, 0.0, 0.0, 1.0]
            ]
        },
        {
            "name": "Tool_L",
            "time": [0.0, 0.9],
            "transform": [
                [1.0, 0.0, 0.0, 0.0, 0.0, -0.999836, 0.018122, 0.272858, 0.0, -0.018122, -0.999248, 0.0, 0.0, 0.0, 0.0, 1.0],
                [1.0, 0.0, 0.0, 0.0, 0.0, -0.999835, 0.018122, 0.272858, 0.0, -0.018122, -0.999248, -0.0, 0.0, 0.0, 0.0, 1.0]
            ]
        },
        {
            "name": "Elbow_L",
            "time": [0.0, 0.1167, 0.25, 0.55, 0.9],
            "transform": [
                [-1.0, 0.0, -0.0, 0.0, 0.0, -0.0, -1.0, 0.40529, -0.0, -1.0, -0.0, 0.0, 0.0, 0.0, 0.0, 1.0],
                [-1.0, 0.0, -0.0, -0.0, 0.0, -0.0, -1.0, 0.351269, -0.0, -1.0, -0.0, 0.0, 0.0, 0.0, 0.0, 1.0],
                [-1.0, 0.0, -0.0, -0.0, 0.0, -0.0, -1.0, 0.41953, -0.0, -1.0, -0.0, -0.0, 0.0, 0.0, 0.0, 1.0],
                [-1.0, 0.0, -0.0, -0.0, 0.0, -0.0, -1.0, 0.418031, -0.0, -1.0, -0.0, 0.0, 0.0, 0.0, 0.0, 1.0],
                [-1.0, 0.0, -0.0, -0.0, 0.0, -0.0, -1.0, 0.418031, -0.0, -1.0, -0.0, 0.0, 0.0, 0.0, 0.0, 1.0]
            ]
        }
    ]
}