{
    "animation": [
        {
            "name": "Root",
            "time": [0.0, 0.0833, 0.2167, 0.3167, 0.35, 0.5, 0.75, 0.9],
            "transform": [
                [-0.028661, -0.068092, -0.997267, -5e-06, -0.995417, 0.093003, 0.022257, 0.203942, 0.091234, 0.993335, -0.070446, 0.666793, 0.0, 0.0, 0.0, 1.0],
                [-0.523205, -0.060803, -0.850035, -5e-06, -0.852205, 0.035486, 0.522003, 0.398189, -0.001575, 0.997519, -0.070383, 0.743334, 0.0, 0.0, 0.0, 1.0],
                [-0.66285, 0.037899, 0.747792, -5e-06, 0.748736, 0.040067, 0.661656, 0.729042, -0.004886, 0.998478, -0.054935, 0.755335, 0.0, 0.0, 0.0, 1.0],
                [0.419233, 0.064558, 0.90558, -5e-06, 0.907877, -0.028081, -0.418295, 0.851805, -0.001575, 0.997519, -0.070383, 0.667732, 0.0, 0.0, 0.0, 1.0],
                [0.711217, 0.041773, 0.70173, -5e-06, 0.702456, -0.003972, -0.711716, 0.965914, -0.026944, 0.999119, -0.032168, 0.608855, 0.0, 0.0, 0.0, 1.0],
                [0.959444, 0.07146, -0.27269, -5e-06, -0.28183, 0.264425, -0.922308, 1.070563, 0.006198, 0.961755, 0.273841, 0.448974, 0.0, 0.0, 0.0, 1.0],
                [0.930411, 0.094811, -0.354042, -5e-06, -0.366464, 0.256979, -0.89424, 1.070563, 0.006198, 0.961755, 0.273841, 0.448974, 0.0, 0.0, 0.0, 1.0],
                [0.930411, 0.094811, -0.354042, -5e-06, -0.366464, 0.256979, -0.89424, 1.070563, 0.006198, 0.961755, 0.273841, 0.448974, 0.0, 0.0, 0.0, 1.0]
            ]
        },
        {
            "name": "Thigh_R",
            "time": [0.0, 0.0833, 0.2167, 0.35, 0.4333, 0.75, 0.9],
            "transform": [
                [0.736243, 0.577598, -0.352597, 0.124994, 0.636374, -0.768154, 0.070446, -0.002831, -0.230161, -0.276247, -0.93312, -1.2e-05, 0.0, 0.0, 0.0, 1.0],
                [0.606333, 0.678209, -0.415199, 0.124994, 0.771647, -0.627959, 0.101119, -0.002831, -0.19215, -0.381697, -0.904093, -1.2e-05, 0.0, 0.0, 0.0, 1.0],
                [0.709773, -0.216263, 0.670411, 0.124994, -0.697892, -0.086527, 0.710956, -0.002831, -0.095743, -0.97249, -0.212344, -1.2e-05, 0.0, 0.0, 0.0, 1.0],
                [0.960775, -0.096946, 0.259831, 0.124994, -0.276934, -0.285544, 0.91748, -0.002831, -0.014753, -0.953447, -0.301194, -1.2e-05, 0.0, 0.0, 0.0, 1.0],
                [0.98474, 0.03984, -0.169412, 0.124994, 0.172032, -0.075588, 0.982186, -0.002831, 0.026324, -0.99634, -0.08129, -1.2e-05, 0.0, 0.0, 0.0, 1.0],
                [0.992354, -0.1184, 0.034833, 0.124994, -0.021472, 0.112285, 0.993444, -0.002831, -0.121535, -0.986595, 0.108882, -1.2e-05, 0.0, 0.0, 0.0, 1.0],
                [0.992354, -0.1184, 0.034833, 0.124994, -0.021472, 0.112285, 0.993444, -0.002831, -0.121535, -0.986595, 0.108882, -1.2e-05, 0.0, 0.0, 0.0, 1.0]
            ]
        },
        {
            "name": "Leg_R",
            "time": [0.0, 0.0833, 0.2167, 0.35, 0.4333, 0.75, 0.9],
            "transform": [
                [1.0, -0.0, 1e-06, 0.0, -0.0, 0.815727, 0.57844, 0.37472, -1e-06, -0.578436, 0.815728, 0.0, 0.0, 0.0, 0.0, 1.0],
                [1.0, -0.0, 1e-06, 0.0, -1e-06, 0.999984, 0.005555, 0.37472, -1e-06, -0.005555, 0.999987, 0.0, 0.0, 0.0, 0.0, 1.0],
                [1.0, -0.0, 1e-06, -0.0, 0.0, 0.441763, 0.897135, 0.37472, -0.0, -0.897131, 0.441762, -0.0, 0.0, 0.0, 0.0, 1.0],
                [1.0, -1e-06, 0.0, -0.0, -0.0, -0.592603, 0.805498, 0.37472, -1e-06, -0.805494, -0.592604, -0.0, 0.0, 0.0, 0.0, 1.0],
                [1.0, -0.0, 0.0, 0.0, -0.0, 0.206056, 0.978543, 0.37472, -1e-06, -0.97854, 0.206054, 0.0, 0.0, 0.0, 0.0, 1.0],
                [1.0, -0.0, 0.0, 0.0, -0.0, 0.191251, 0.981543, 0.37472, -1e-06, -0.981542, 0.19125, -0.0, 0.0, 0.0, 0.0, 1.0],
                [1.0, -0.0, 0.0, 0.0, -0.0, 0.191251, 0.981543, 0.37472, -1e-06, -0.981542, 0.19125, -0.0, 0.0, 0.0, 0.0, 1.0]
            ]
        },
        {
            "name": "Knee_R",
            "time": [0.0, 0.0833, 0.3167, 0.35, 0.5, 0.9],
            "transform": [
                [1.0, 0.0, -0.0, -0.0, -0.0, 1e-06, -1.0, 0.39406, -0.0, 1.0, 1e-06, -0.0, 0.0, 0.0, 0.0, 1.0],
                [1.0, -0.0, -0.0, 0.0, -0.0, 1e-06, -1.0, 0.37472, -0.0, 1.0, 1e-06, 0.0, 0.0, 0.0, 0.0, 1.0],
                [1.0, 0.0, -0.0, -0.0, -0.0, 1e-06, -1.0, 0.47972, -0.0, 1.0, 1e-06, -0.0, 0.0, 0.0, 0.0, 1.0],
                [1.0, 0.0, -0.0, 0.0, -0.0, 1e-06, -1.0, 0.47972, -0.0, 1.0, 1e-06, -0.0, 0.0, 0.0, 0.0, 1.0],
                [1.0, 0.0, -0.0, 0.0, -0.0, 1e-06, -1.0, 0.465145, -0.0, 1.0, 1e-06, -0.0, 0.0, 0.0, 0.0, 1.0],
                [1.0, 0.0, -0.0, 0.0, -0.0, 1e-06, -1.0, 0.462441, -0.0, 1.0, 1e-06, -0.0, 0.0, 0.0, 0.0, 1.0]
            ]
        },
        {
            "name": "Thigh_L",
            "time": [0.0, 0.0833, 0.3167, 0.35, 0.5, 0.75, 0.9],
            "transform": [
                [0.47531, -0.691822, -0.543564, -0.125006, -0.141914, -0.670009, 0.72866, -0.002831, -0.868297, -0.269199, -0.416644, -1.2e-05, 0.0, 0.0, 0.0, 1.0],
                [0.444516, -0.300841, -0.843742, -0.125006, -0.061105, -0.949905, 0.306501, -0.002831, -0.893684, -0.084686, -0.440632, -1.2e-05, 0.0, 0.0, 0.0, 1.0],
                [0.47729, -0.370551, -0.796798, -0.125006, -0.430939, -0.888922, 0.155255, -0.002831, -0.765822, 0.269271, -0.58396, -1.2e-05, 0.0, 0.0, 0.0, 1.0],
                [0.492595, -0.349051, -0.79719, -0.125006, -0.513843, -0.855967, 0.057275, -0.002831, -0.702362, 0.38142, -0.601005, -1.2e-05, 0.0, 0.0, 0.0, 1.0],
                [0.48279, -0.083777, -0.87172, -0.125006, -0.372005, -0.920756, -0.117542, -0.002831, -0.792796, 0.381034, -0.475698, -1.2e-05, 0.0, 0.0, 0.0, 1.0],
                [0.466354, 0.00361, -0.884591, -0.125006, -0.344761, -0.920174, -0.185514, -0.002831, -0.814648, 0.39149, -0.427882, -1.2e-05, 0.0, 0.0, 0.0, 1.0],
                [0.466354, 0.00361, -0.884591, -0.125006, -0.344761, -0.920174, -0.185514, -0.002831, -0.814648, 0.391489, -0.427883, -1.2e-05, 0.0, 0.0, 0.0, 1.0]
            ]
        },
        {
            "name": "Leg_L",
            "time": [0.0, 0.0833, 0.3167, 0.35, 0.5, 0.75, 0.9],
            "transform": [
                [1.0, 0.0, 1e-06, 0.0, 0.0, 0.649791, 0.760113, 0.37472, -1e-06, -0.760115, 0.649788, -0.0, 0.0, 0.0, 0.0, 1.0],
                [1.0, 1e-06, 1e-06, 0.0, 0.0, 0.93241, 0.361406, 0.37472, -1e-06, -0.361406, 0.932407, -0.0, 0.0, 0.0, 0.0, 1.0],
                [1.0, 0.0, 1e-06, 0.0, 0.0, 0.787206, 0.616691, 0.37472, -1e-06, -0.616691, 0.787203, 0.0, 0.0, 0.0, 0.0, 1.0],
                [1.0, 0.0, 1e-06, -0.0, 0.0, 0.782549, 0.622589, 0.37472, -1e-06, -0.622589, 0.782548, 0.0, 0.0, 0.0, 0.0, 1.0],
                [1.0, -0.0, 1e-06, -0.0, 0.0, 0.702065, 0.712114, 0.37472, -1e-06, -0.712114, 0.702062, -0.0, 0.0, 0.0, 0.0, 1.0],
                [1.0, 0.0, 1e-06, 0.0, 0.0, 0.742372, 0.669989, 0.37472, -1e-06, -0.669989, 0.742369, 0.0, 0.0, 0.0, 0.0, 1.0],
                [1.0, 0.0, 1e-06, 0.0, 0.0, 0.742371, 0.669989, 0.37472, -1e-06, -0.66999, 0.742369, -0.0, 0.0, 0.0, 0.0, 1.0]
            ]
        },
        {
            "name": "Knee_L",
            "time": [0.0, 0.0833, 0.3167, 0.35, 0.5, 0.9],
            "transform": [
                [1.0, 0.0, -0.0, 0.0, -0.0, 1e-06, -1.0, 0.41621, -0.0, 1.0, 1e-06, -0.0, 0.0, 0.0, 0.0, 1.0],
                [1.0, 0.0, -0.0, 0.0, -0.0, 1e-06, -1.0, 0.37472, -0.0, 1.0, 1e-06, 0.0, 0.0, 0.0, 0.0, 1.0],
                [1.0, 0.0, -0.0, 0.0, -0.0, 1e-06, -1.0, 0.398345, -0.0, 1.0, 1e-06, -0.0, 0.0, 0.0, 0.0, 1.0],
                [1.0, 0.0, -0.0, -0.0, -0.0, 1e-06, -1.0, 0.39902, -0.0, 1.0, 1e-06, -0.0, 0.0, 0.0, 0.0, 1.0],
                [1.0, 0.0, -0.0, -0.0, -0.0, 1e-06, -1.0, 0.409836, -0.0, 1.0, 1e-06, 0.0, 0.0, 0.0, 0.0, 1.0],
                [1.0, 0.0, -0.0, 0.0, -0.0, 1e-06, -1.0, 0.4046, -0.0, 1.0, 1e-06, 0.0, 0.0, 0.0, 0.0, 1.0]
            ]
        },
        {
            "name": "Torso",
            "time": [0.0, 0.0833, 0.3167, 0.35, 0.5, 0.9],
            "transform": [
                [0.999575, 0.013343, 0.025909, -0.0, -0.01811, 0.98093, 0.193517, 0.05, -0.022833, -0.193904, 0.980755, -0.0, 0.0, 0.0, 0.0, 1.0],
                [0.999578, 0.012115, 0.026389, -0.0, -0.018115, 0.970442, 0.240654, 0.05, -0.022694, -0.241031, 0.970252, 0.0, 0.0, 0.0, 0.0, 1.0],
                [0.999577, 0.009146, 0.027599, -0.0, -0.017767, 0.94353, 0.330809, 0.05, -0.023015, -0.33116, 0.943294, 0.0, 0.0, 0.0, 0.0, 1.0],
                [0.999698, 0.007278, 0.023462, 0.0, -0.013701, 0.957938, 0.286649, 0.05, -0.020389, -0.286884, 0.957749, 0.0, 0.0, 0.0, 0.0, 1.0],
                [1.0, -0.0, -0.0, 0.0, 0.0, 1.0, -0.0, 0.05, -0.0, 0.0, 1.0, 0.0, 0.0, 0.0, 0.0, 1.0],
                [1.0, -0.0, 0.0, 0.0, 0.0, 1.0, -0.0, 0.05, -0.0, -0.0, 1.0, 0.0, 0.0, 0.0, 0.0, 1.0]
            ]
        },
        {
            "name": "Chest",
            "time": [0.0, 0.0833, 0.3167, 0.35, 0.5, 0.9],
            "transform": [
                [0.998382, -0.056809, 0.002442, 0.0, 0.055586, 0.984134, 0.168492, 0.3, -0.011975, -0.168083, 0.9857, 0.0, 0.0, 0.0, 0.0, 1.0],
                [0.998395, -0.056623, 0.001087, 0.0, 0.0539, 0.955924, 0.288624, 0.3, -0.017382, -0.288102, 0.957442, 0.0, 0.0, 0.0, 0.0, 1.0],
                [0.998412, -0.05598, -0.006284, -0.0, 0.053694, 0.911989, 0.406684, 0.3, -0.017036, -0.406376, 0.913547, -0.0, 0.0, 0.0, 0.0, 1.0],
                [0.99838, -0.055598, -0.012075, 0.0, 0.055975, 0.921888, 0.383393, 0.3, -0.010184, -0.383448, 0.923506, -0.0, 0.0, 0.0, 0.0, 1.0],
                [0.997925, -0.057734, -0.0285, -0.0, 0.062808, 0.970281, 0.233687, 0.3, 0.014161, -0.234992, 0.971894, 0.0, 0.0, 0.0, 0.0, 1.0],
                [0.997925, -0.057734, -0.0285, 0.0, 0.062808, 0.970281, 0.233687, 0.3, 0.014162, -0.234992, 0.971894, 0.0, 0.0, 0.0, 0.0, 1.0]
            ]
        },
        {
            "name": "Head",
            "time": [0.0, 0.0833, 0.3167, 0.35, 0.5, 0.75, 0.9],
            "transform": [
                [0.972549, 0.182063, -0.144922, 0.0, -0.217385, 0.933039, -0.286675, 0.4, 0.083026, 0.310309, 0.947003, 0.0, 0.0, 0.0, 0.0, 1.0],
                [0.842014, 0.119082, -0.526148, 0.0, -0.271711, 0.9362, -0.222941, 0.4, 0.466032, 0.330679, 0.82065, -0.0, 0.0, 0.0, 0.0, 1.0],
                [0.842014, 0.119082, -0.526148, -0.0, -0.27171, 0.9362, -0.222941, 0.4, 0.466031, 0.330679, 0.82065, -0.0, 0.0, 0.0, 0.0, 1.0],
                [0.898889, 0.101129, -0.426346, -0.0, -0.235013, 0.932483, -0.274306, 0.4, 0.36982, 0.346767, 0.861966, -0.0, 0.0, 0.0, 0.0, 1.0],
                [0.955079, 0.041176, 0.293477, -0.0, 0.105217, 0.878669, -0.465694, 0.4, -0.277045, 0.475653, 0.834865, 0.0, 0.0, 0.0, 0.0, 1.0],
                [0.929542, 0.039861, 0.366555, 0.0, 0.142823, 0.877604, -0.457617, 0.4, -0.339931, 0.477727, 0.810076, -0.0, 0.0, 0.0, 0.0, 1.0],
                [0.929542, 0.039861, 0.366555, 0.0, 0.142823, 0.877604, -0.457617, 0.4, -0.339931, 0.477727, 0.810076, -0.0, 0.0, 0.0, 0.0, 1.0]
            ]
        },
        {
            "name": "Shoulder_R",
            "time": [0.0, 0.0833, 0.3167, 0.35, 0.5, 0.75, 0.9],
            "transform": [
                [0.478103, 0.858067, 0.187451, 0.0, 0.097806, -0.26411, 0.95952, 0.4, 0.872841, -0.440416, -0.210196, 0.0, 0.0, 0.0, 0.0, 1.0],
                [0.72496, 0.686753, 0.052941, 0.0, 0.117715, -0.19926, 0.972851, 0.4, 0.678658, -0.699046, -0.225297, -0.0, 0.0, 0.0, 0.0, 1.0],
                [0.669771, 0.741147, -0.045901, -0.0, 0.118648, -0.045792, 0.99188, 0.4, 0.733027, -0.669778, -0.118606, -0.0, 0.0, 0.0, 0.0, 1.0],
                [0.508469, 0.858963, 0.060334, -0.0, 0.050449, -0.099664, 0.993741, 0.4, 0.859601, -0.502243, -0.09401, -0.0, 0.0, 0.0, 0.0, 1.0],
                [-0.46984, 0.712309, 0.521407, -0.0, 0.108131, -0.539773, 0.834837, 0.4, 0.876103, 0.44862, 0.176585, 0.0, 0.0, 0.0, 0.0, 1.0],
                [-0.509277, 0.673913, 0.535236, 0.0, 0.125269, -0.557259, 0.820835, 0.4, 0.851437, 0.485081, 0.199379, -0.0, 0.0, 0.0, 0.0, 1.0],
                [-0.509277, 0.673913, 0.535236, 0.0, 0.125269, -0.557259, 0.820835, 0.4, 0.851437, 0.485081, 0.199379, -0.0, 0.0, 0.0, 0.0, 1.0]
            ]
        },
        {
            "name": "Arm_R",
            "time": [0.0, 0.0833, 0.3167, 0.35, 0.5, 0.75, 0.9],
            "transform": [
                [0.380636, -0.842011, -0.382274, 0.0, 0.441594, 0.528721, -0.724879, 0.39386, 0.812472, 0.107105, 0.573077, -0.0, 0.0, 0.0, 0.0, 1.0],
                [0.217715, -0.968331, 0.122206, 0.0, 0.583121, 0.028645, -0.81188, 0.39386, 0.782668, 0.24802, 0.570891, 0.0, 0.0, 0.0, 0.0, 1.0],
                [0.568741, -0.818546, -0.08072, 0.0, -0.081503, 0.041571, -0.995806, 0.393861, 0.818469, 0.572934, -0.04307, 0.0, 0.0, 0.0, 0.0, 1.0],
                [0.559519, -0.749621, -0.353564, -0.0, -0.1971, 0.294006, -0.93526, 0.39386, 0.80504, 0.592983, 0.016752, -0.0, 0.0, 0.0, 0.0, 1.0],
                [0.579947, 0.175581, -0.795508, 0.0, -0.27583, 0.961143, 0.011051, 0.39386, 0.766537, 0.213016, 0.605842, 0.0, 0.0, 0.0, 0.0, 1.0],
                [0.574244, 0.232759, -0.784899, -0.0, -0.283419, 0.955969, 0.076136, 0.393861, 0.76806, 0.178735, 0.614928, -0.0, 0.0, 0.0, 0.0, 1.0],
                [0.574244, 0.232759, -0.784899, -0.0, -0.283419, 0.955969, 0.076136, 0.393861, 0.76806, 0.178735, 0.614928, -0.0, 0.0, 0.0, 0.0, 1.0]
            ]
        },
        {
            "name": "Hand_R",
            "time": [0.0, 0.0833, 0.3167, 0.35, 0.5, 0.9],
            "transform": [
                [1.0, 0.0, 0.0, 0.0, -0.0, 0.998113, -0.0614, 0.3, -0.0, 0.0614, 0.998113, 0.0, 0.0, 0.0, 0.0, 1.0],
                [1.0, 0.0, 0.0, 0.0, -0.0, 0.998113, -0.0614, 0.3, -0.0, 0.0614, 0.998113, 0.0, 0.0, 0.0, 0.0, 1.0],
                [1.0, 0.0, 0.0, 0.0, -0.0, 0.998113, -0.0614, 0.3, -0.0, 0.0614, 0.998113, -0.0, 0.0, 0.0, 0.0, 1.0],
                [1.0, 0.0, 0.0, -0.0, -0.0, 0.999289, -0.037716, 0.3, -0.0, 0.037716, 0.999289, -0.0, 0.0, 0.0, 0.0, 1.0],
                [1.0, 0.0, 0.0, -0.0, -0.0, 0.993938, 0.109947, 0.3, -0.0, -0.109947, 0.993937, -0.0, 0.0, 0.0, 0.0, 1.0],
                [1.0, 0.0, 0.0, 0.0, -0.0, 0.993937, 0.109947, 0.3, -0.0, -0.109947, 0.993937, 0.0, 0.0, 0.0, 0.0, 1.0]
            ]
        },
        {
            "name": "Tool_R",
            "time": [0.0, 0.25, 0.3833, 0.5, 0.75, 0.9],
            "transform": [
                [-0.999231, 0.011107, -0.037612, -0.0, 0.007192, -0.89089, -0.454162, 0.272858, -0.03853, -0.453824, 0.889593, 0.0, 0.0, 0.0, 0.0, 1.0],
                [0.99233, -0.043512, 0.11571, -0.0, -0.044709, -0.99897, 0.007765, 0.272858, 0.115185, -0.012882, -0.992665, -0.0, 0.0, 0.0, 0.0, 1.0],
                [0.997894, -0.053781, 0.036271, -0.0, -0.00122, -0.574598, -0.818435, 0.272858, 0.064819, 0.816177, -0.573123, 0.0, 0.0, 0.0, 0.0, 1.0],
                [0.99683, -0.062115, 0.049717, -0.0, -0.003071, -0.654461, -0.75609, 0.272858, 0.079455, 0.753087, -0.652199, 0.0, 0.0, 0.0, 0.0, 1.0],
                [0.996637, -0.066661, 0.047655, -0.0, -0.004773, -0.627802, -0.778359, 0.272858, 0.081755, 0.775048, -0.625647, 0.0, 0.0, 0.0, 0.0, 1.0],
                [0.996637, -0.066661, 0.047655, -0.0, -0.004773, -0.627802, -0.778359, 0.272858, 0.081755, 0.775048, -0.625647, 0.0, 0.0, 0.0, 0.0, 1.0]
            ]
        },
        {
            "name": "Elbow_R",
            "time": [0.0, 0.0833, 0.3167, 0.35, 0.5, 0.9],
            "transform": [
                [-1.0, 0.0, -0.0, 0.0, -0.0, -0.0, -1.0, 0.316082, -0.0, -1.0, 0.0, 0.0, 0.0, 0.0, 0.0, 1.0],
                [-1.0, 0.0, -0.0, 0.0, 0.0, 0.0, -1.0, 0.316082, -0.0, -1.0, 0.0, 0.0, 0.0, 0.0, 0.0, 1.0],
                [-1.0, 0.0, -0.0, 0.0, 0.0, 0.0, -1.0, 0.316082, -0.0, -1.0, 0.0, 0.0, 0.0, 0.0, 0.0, 1.0],
                [-1.0, 0.0, -0.0, -0.0, 0.0, -0.0, -1.0, 0.31386, -0.0, -1.0, 0.0, -0.0, 0.0, 0.0, 0.0, 1.0],
                [-1.0, 0.0, -0.0, -0.0, 0.0, -0.0, -1.0, 0.3, -0.0, -1.0, 0.0, -0.0, 0.0, 0.0, 0.0, 1.0],
                [-1.0, 0.0, -0.0, 0.0, 0.0, -0.0, -1.0, 0.3, -0.0, -1.0, 0.0, 0.0, 0.0, 0.0, 0.0, 1.0]
            ]
        },
        {
            "name": "Shoulder_L",
            "time": [0.0, 0.0833, 0.3167, 0.35, 0.5, 0.9],
            "transform": [
                [-0.484029, -0.797979, -0.35909, 0.0, -0.082328, -0.367016, 0.926564, 0.4, -0.871171, 0.478047, 0.11195, 0.0, 0.0, 0.0, 0.0, 1.0],
                [-0.715136, -0.61089, -0.339698, 0.0, -0.093662, -0.397855, 0.912655, 0.4, -0.692682, 0.684489, 0.227303, -0.0, 0.0, 0.0, 0.0, 1.0],
                [-0.715136, -0.61089, -0.339698, -0.0, -0.093663, -0.397854, 0.912655, 0.4, -0.692682, 0.684489, 0.227302, -0.0, 0.0, 0.0, 0.0, 1.0],
                [-0.61858, -0.708647, -0.339379, -0.0, -0.073105, -0.378152, 0.922853, 0.4, -0.782314, 0.595668, 0.182112, -0.0, 0.0, 0.0, 0.0, 1.0],
                [0.186517, -0.962614, -0.19643, -0.0, -0.025233, -0.204566, 0.978527, 0.4, -0.982128, -0.177556, -0.062444, 0.0, 0.0, 0.0, 0.0, 1.0],
                [0.186517, -0.962614, -0.19643, 0.0, -0.025232, -0.204566, 0.978528, 0.4, -0.982128, -0.177556, -0.062444, -0.0, 0.0, 0.0, 0.0, 1.0]
            ]
        },
        {
            "name": "Arm_L",
            "time": [0.0, 0.0833, 0.3167, 0.35, 0.5, 0.9],
            "transform": [
                [-0.092312, -0.221224, 0.970844, 0.0, -0.253565, 0.948087, 0.191929, 0.39386, -0.962904, -0.228454, -0.143615, 0.0, 0.0, 0.0, 0.0, 1.0],
                [-0.10524, -0.328703, 0.938552, 0.0, -0.353056, 0.89466, 0.273743, 0.39386, -0.929665, -0.302553, -0.210205, -0.0, 0.0, 0.0, 0.0, 1.0],
                [-0.10524, -0.328703, 0.938552, -0.0, -0.353056, 0.89466, 0.273743, 0.39386, -0.929665, -0.302553, -0.210204, -0.0, 0.0, 0.0, 0.0, 1.0],
                [-0.102363, -0.184213, 0.977541, -0.0, -0.298941, 0.942975, 0.146396, 0.39386, -0.948766, -0.277241, -0.151595, -0.0, 0.0, 0.0, 0.0, 1.0],
                [0.102272, 0.688129, 0.718345, 0.0, -0.008735, 0.722725, -0.691081, 0.39386, -0.994718, 0.064404, 0.079926, -0.0, 0.0, 0.0, 0.0, 1.0],
                [0.102272, 0.688129, 0.718345, 0.0, -0.008735, 0.722725, -0.691081, 0.39386, -0.994718, 0.064404, 0.079926, 0.0, 0.0, 0.0, 0.0, 1.0]
            ]
        },
        {
            "name": "Hand_L",
            "time": [0.0, 0.0833, 0.3167, 0.35, 0.5, 0.9],
            "transform": [
                [1.0, 0.0, 0.0, -0.0, 0.0, 0.405466, -0.914111, 0.3, 0.0, 0.914111, 0.405466, -0.0, 0.0, 0.0, 0.0, 1.0],
                [1.0, 0.0, -0.0, 0.0, -0.0, 0.313058, -0.949734, 0.3, -0.0, 0.949734, 0.313058, 0.0, 0.0, 0.0, 0.0, 1.0],
                [1.0, 0.0, 0.0, -0.0, -0.0, 0.313058, -0.949735, 0.3, 0.0, 0.949734, 0.313058, -0.0, 0.0, 0.0, 0.0, 1.0],
                [1.0, 0.0, 0.0, 0.0, 0.0, 0.397868, -0.917443, 0.3, -0.0, 0.917443, 0.397868, 0.0, 0.0, 0.0, 0.0, 1.0],
                [1.0, 0.0, 0.0, 0.0, -0.0, 0.831896, -0.554933, 0.3, -0.0, 0.554933, 0.831896, 0.0, 0.0, 0.0, 0.0, 1.0],
                [1.0, 0.0, -0.0, 0.0, 0.0, 0.831896, -0.554933, 0.3, -0.0, 0.554933, 0.831896, 0.0, 0.0, 0.0, 0.0, 1.0]
            ]
        },
        {
            "name": "Tool_L",
            "time": [0.0, 0.9],
            "transform": [
                [1.0, -0.0, 0.0, 0.0, -0.0, -0.999836, 0.018122, 0.272858, 0.0, -0.018122, -0.999248, -0.0, 0.0, 0.0, 0.0, 1.0],
                [1.0, 0.0, 0.0, -0.0, 0.0, -0.999836, 0.018122, 0.272858, 0.0, -0.018122, -0.999248, -0.0, 0.0, 0.0, 0.0, 1.0]
            ]
        },
        {
            "name": "Elbow_L",
            "time": [0.0, 0.0833, 0.3167, 0.35, 0.5, 0.9],
            "transform": [
                [-1.0, 0.0, -0.0, 0.0, 0.0, -0.0, -1.0, 0.418401, -0.0, -1.0, 0.0, -0.0, 0.0, 0.0, 0.0, 1.0],
                [-1.0, 0.0, -0.0, 0.0, 0.0, -0.0, -1.0, 0.427686, -0.0, -1.0, -0.0, 0.0, 0.0, 0.0, 0.0, 1.0],
                [-1.0, 0.0, 0.0, -0.0, 0.0, -0.0, -1.0, 0.427686, -0.0, -1.0, -0.0, 0.0, 0.0, 0.0, 0.0, 1.0],
                [-1.0, -0.0, -0.0, 0.0, -0.0, -0.0, -1.0, 0.419179, 0.0, -1.0, -0.0, 0.0, 0.0, 0.0, 0.0, 1.0],
                [-1.0, -0.0, -0.0, -0.0, 0.0, -0.0, -1.0, 0.365453, 0.0, -1.0, -0.0, 0.0, 0.0, 0.0, 0.0, 1.0],
                [-1.0, -0.0, -0.0, 0.0, 0.0, -0.0, -1.0, 0.365452, 0.0, -1.0, -0.0, 0.0, 0.0, 0.0, 0.0, 1.0]
            ]
        }
    ]
}