{
    "animation": [
        {
            "name": "Root",
            "time": [0.0, 0.1167, 0.2167, 0.2833, 0.3833, 0.5, 0.9],
            "transform": [
                [0.862954, -0.091391, 0.496949, -5e-06, 0.50473, 0.201884, -0.839339, 5.1e-05, -0.023618, 0.975136, 0.220344, 0.671433, 0.0, 0.0, 0.0, 1.0],
                [0.390346, 0.116115, 0.913316, -5e-06, 0.918049, -0.123871, -0.37662, 5.1e-05, 0.069402, 0.985481, -0.154952, 0.71985, 0.0, 0.0, 0.0, 1.0],
                [0.333586, 0.146634, 0.931246, -5e-06, 0.938318, -0.146992, -0.312974, 5.1e-05, 0.090993, 0.978208, -0.186624, 0.724813, 0.0, 0.0, 0.0, 1.0],
                [0.66978, 0.040193, 0.741471, -5e-06, 0.738129, -0.144948, -0.658904, 0.160667, 0.080991, 0.988623, -0.126751, 0.680255, 0.0, 0.0, 0.0, 1.0],
                [0.653205, -0.153989, -0.741358, -5e-06, -0.713256, 0.203492, -0.670713, 0.723939, 0.254143, 0.966891, 0.023088, 0.523992, 0.0, 0.0, 0.0, 1.0],
                [0.480959, -0.129264, -0.867162, -5e-06, -0.829102, 0.254541, -0.497793, 0.813829, 0.285075, 0.958384, 0.015251, 0.499055, 0.0, 0.0, 0.0, 1.0],
                [0.480959, -0.129264, -0.867162, -5e-06, -0.829102, 0.254541, -0.497793, 0.813829, 0.285075, 0.958384, 0.015251, 0.499055, 0.0, 0.0, 0.0, 1.0]
            ]
        },
        {
            "name": "Thigh_R",
            "time": [0.0, 0.1167, 0.2167, 0.2833, 0.3833, 0.5, 0.9],
            "transform": [
                [0.862127, 0.369296, 0.346925, 0.124994, -0.072054, -0.588368, 0.805375, -0.002831, 0.501543, -0.719331, -0.480641, -1.2e-05, 0.0, 0.0, 0.0, 1.0],
                [0.464604, 0.344122, 0.815917, 0.124994, 0.22036, -0.937343, 0.26986, -0.002831, 0.857662, 0.054419, -0.511326, -1.2e-05, 0.0, 0.0, 0.0, 1.0],
                [0.417469, 0.281565, 0.863967, 0.124994, 0.255434, -0.948804, 0.18579, -0.002831, 0.87205, 0.143127, -0.468019, -1.2e-05, 0.0, 0.0, 0.0, 1.0],
                [0.5649, 0.319287, 0.760883, 0.124994, 0.114072, -0.943465, 0.311217, -0.002831, 0.817236, -0.089008, -0.569387, -1.2e-05, 0.0, 0.0, 0.0, 1.0],
                [0.968455, 0.242448, -0.057568, 0.124994, 0.24852, -0.95666, 0.151768, -0.002831, -0.018277, -0.161285, -0.986738, -1.2e-05, 0.0, 0.0, 0.0, 1.0],
                [0.921859, 0.305509, -0.238409, 0.124994, 0.329623, -0.941669, 0.067845, -0.002831, -0.203777, -0.141126, -0.968792, -1.2e-05, 0.0, 0.0, 0.0, 1.0],
                [0.921859, 0.305509, -0.238409, 0.124994, 0.329623, -0.941669, 0.067845, -0.002831, -0.203777, -0.141126, -0.968792, -1.2e-05, 0.0, 0.0, 0.0, 1.0]
            ]
        },
        {
            "name": "Leg_R",
            "time": [0.0, 0.1167, 0.2167, 0.2833, 0.3833, 0.5, 0.9],
            "transform": [
                [1.0, -0.0, 1e-06, 0.0, -0.0, 0.73306, 0.680167, 0.37472, -1e-06, -0.680165, 0.733059, 0.0, 0.0, 0.0, 0.0, 1.0],
                [1.0, -0.0, 1e-06, -0.0, -0.0, 0.899577, 0.436762, 0.37472, -1e-06, -0.436758, 0.899581, -0.0, 0.0, 0.0, 0.0, 1.0],
                [1.0, -0.0, 1e-06, 0.0, -1e-06, 0.934905, 0.354899, 0.37472, -1e-06, -0.354895, 0.934909, 0.0, 0.0, 0.0, 0.0, 1.0],
                [1.0, -0.0, 0.0, -0.0, -0.0, 0.623474, 0.781848, 0.37472, -1e-06, -0.781841, 0.623477, -0.0, 0.0, 0.0, 0.0, 1.0],
                [1.0, -0.0, 1e-06, -0.0, 0.0, 0.556263, 0.83101, 0.37472, -1e-06, -0.831004, 0.556264, -0.0, 0.0, 0.0, 0.0, 1.0],
                [1.0, -0.0, 1e-06, 0.0, -0.0, 0.708328, 0.705888, 0.37472, -1e-06, -0.705883, 0.708328, -0.0, 0.0, 0.0, 0.0, 1.0],
                [1.0, -0.0, 1e-06, 0.0, -0.0, 0.708328, 0.705888, 0.37472, -1e-06, -0.705883, 0.708328, -0.0, 0.0, 0.0, 0.0, 1.0]
            ]
        },
        {
            "name": "Knee_R",
            "time": [0.0, 0.1167, 0.2167, 0.2833, 0.3833, 0.5, 0.9],
            "transform": [
                [1.0, 0.0, -0.0, 0.0, -0.0, 1e-06, -1.0, 0.405839, -0.0, 1.0, 1e-06, 0.0, 0.0, 0.0, 0.0, 1.0],
                [1.0, 0.0, -0.0, -0.0, -0.0, 1e-06, -1.0, 0.379261, -0.0, 1.0, 1e-06, -0.0, 0.0, 0.0, 0.0, 1.0],
                [1.0, 0.0, -0.0, -0.0, -0.0, 1e-06, -1.0, 0.37472, -0.0, 1.0, 1e-06, 0.0, 0.0, 0.0, 0.0, 1.0],
                [1.0, 0.0, -0.0, 0.0, -0.0, 1e-06, -1.0, 0.419274, -0.0, 1.0, 1e-06, -0.0, 0.0, 0.0, 0.0, 1.0],
                [1.0, 0.0, -0.0, 0.0, -0.0, 1e-06, -1.0, 0.426754, -0.0, 1.0, 1e-06, -0.0, 0.0, 0.0, 0.0, 1.0],
                [1.0, 0.0, -0.0, 0.0, -0.0, 1e-06, -1.0, 0.409043, -0.0, 1.0, 1e-06, -0.0, 0.0, 0.0, 0.0, 1.0],
                [1.0, 0.0, -0.0, 0.0, -0.0, 1e-06, -1.0, 0.409043, -0.0, 1.0, 1e-06, -0.0, 0.0, 0.0, 0.0, 1.0]
            ]
        },
        {
            "name": "Thigh_L",
            "time": [0.0, 0.1167, 0.2167, 0.2833, 0.3833, 0.5, 0.9],
            "transform": [
                [0.98681, -0.161664, 0.008325, -0.125006, -0.158243, -0.952546, 0.260023, -0.002831, -0.034106, -0.257909, -0.965567, -1.2e-05, 0.0, 0.0, 0.0, 1.0],
                [0.928302, -0.353567, 0.115081, -0.125006, -0.355198, -0.934765, -0.006693, -0.002831, 0.109941, -0.034662, -0.993334, -1.2e-05, 0.0, 0.0, 0.0, 1.0],
                [0.919048, -0.383416, 0.091337, -0.125006, -0.383431, -0.92339, -0.018068, -0.002831, 0.091269, -0.018414, -0.995656, -1.2e-05, 0.0, 0.0, 0.0, 1.0],
                [0.925604, -0.326301, -0.191793, -0.125006, -0.243423, -0.901231, 0.358505, -0.002831, -0.28983, -0.285144, -0.913614, -1.2e-05, 0.0, 0.0, 0.0, 1.0],
                [0.478269, -0.876616, -0.052925, -0.125006, 0.002231, -0.059054, 0.998252, -0.002831, -0.87821, -0.47755, -0.026291, -1.2e-05, 0.0, 0.0, 0.0, 1.0],
                [0.379175, -0.918532, 0.111912, -0.125006, -0.105597, 0.077198, 0.991407, -0.002831, -0.919279, -0.387734, -0.067725, -1.2e-05, 0.0, 0.0, 0.0, 1.0],
                [0.379175, -0.918532, 0.111912, -0.125006, -0.105597, 0.077198, 0.991407, -0.002831, -0.919279, -0.387734, -0.067725, -1.2e-05, 0.0, 0.0, 0.0, 1.0]
            ]
        },
        {
            "name": "Leg_L",
            "time": [0.0, 0.1167, 0.2167, 0.2833, 0.3833, 0.5, 0.9],
            "transform": [
                [1.0, 0.0, 1e-06, -0.0, 0.0, 0.762303, 0.647222, 0.37472, -1e-06, -0.647221, 0.7623, 0.0, 0.0, 0.0, 0.0, 1.0],
                [1.0, 0.0, 1e-06, -0.0, 0.0, 0.900415, 0.435032, 0.37472, -1e-06, -0.435031, 0.900415, 0.0, 0.0, 0.0, 0.0, 1.0],
                [1.0, 0.0, 1e-06, 0.0, 0.0, 0.914121, 0.405441, 0.37472, -1e-06, -0.405439, 0.914121, 0.0, 0.0, 0.0, 0.0, 1.0],
                [1.0, -0.0, 1e-06, 0.0, 0.0, 0.549008, 0.835817, 0.37472, -1e-06, -0.835816, 0.549008, 0.0, 0.0, 0.0, 0.0, 1.0],
                [1.0, -0.0, 0.0, 0.0, -0.0, 0.121887, 0.992542, 0.37472, -1e-06, -0.992545, 0.121886, -0.0, 0.0, 0.0, 0.0, 1.0],
                [1.0, -0.0, 0.0, 0.0, -0.0, 0.210844, 0.977518, 0.37472, -1e-06, -0.97752, 0.210844, 0.0, 0.0, 0.0, 0.0, 1.0],
                [1.0, -0.0, 0.0, 0.0, -0.0, 0.210844, 0.977518, 0.37472, -1e-06, -0.97752, 0.210844, 0.0, 0.0, 0.0, 0.0, 1.0]
            ]
        },
        {
            "name": "Knee_L",
            "time": [0.0, 0.1167, 0.2167, 0.2833, 0.3833, 0.5, 0.9],
            "transform": [
                [1.0, 0.0, -0.0, -0.0, -0.0, 1e-06, -1.0, 0.401883, -0.0, 1.0, 1e-06, -0.0, 0.0, 0.0, 0.0, 1.0],
                [1.0, 0.0, -0.0, -0.0, -0.0, 1e-06, -1.0, 0.379088, -0.0, 1.0, 1e-06, 0.0, 0.0, 0.0, 0.0, 1.0],
                [1.0, 0.0, -0.0, 0.0, -0.0, 1e-06, -1.0, 0.37616, -0.0, 1.0, 1e-06, -0.0, 0.0, 0.0, 0.0, 1.0],
                [1.0, 0.0, -0.0, 0.0, -0.0, 1e-06, -1.0, 0.427535, -0.0, 1.0, 1e-06, 0.0, 0.0, 0.0, 0.0, 1.0],
                [1.0, 0.0, -0.0, -0.0, -0.0, 1e-06, -1.0, 0.468748, -0.0, 1.0, 1e-06, -0.0, 0.0, 0.0, 0.0, 1.0],
                [1.0, 0.0, -0.0, 0.0, -0.0, 1e-06, -1.0, 0.460645, -0.0, 1.0, 1e-06, -0.0, 0.0, 0.0, 0.0, 1.0],
                [1.0, 0.0, -0.0, 0.0, -0.0, 1e-06, -1.0, 0.460645, -0.0, 1.0, 1e-06, -0.0, 0.0, 0.0, 0.0, 1.0]
            ]
        },
        {
            "name": "Torso",
            "time": [0.0, 0.1167, 0.9],
            "transform": [
                [0.99957, 0.014788, 0.025317, -0.0, -0.017999, 0.991126, 0.131703, 0.05, -0.023144, -0.132102, 0.990966, -0.0, 0.0, 0.0, 0.0, 1.0],
                [0.99957, 0.014788, 0.025317, 0.0, -0.017999, 0.991126, 0.131704, 0.05, -0.023144, -0.132103, 0.990966, -0.0, 0.0, 0.0, 0.0, 1.0],
                [0.99957, 0.014788, 0.025317, -0.0, -0.017999, 0.991126, 0.131704, 0.05, -0.023145, -0.132103, 0.990966, -0.0, 0.0, 0.0, 0.0, 1.0]
            ]
        },
        {
            "name": "Chest",
            "time": [0.0, 0.1167, 0.2167, 0.2833, 0.3833, 0.5, 0.9],
            "transform": [
                [0.9996, 0.028152, 0.002819, 0.0, -0.028284, 0.996789, 0.074905, 0.3, -0.000701, -0.074955, 0.997187, 0.0, 0.0, 0.0, 0.0, 1.0],
                [0.998777, -0.049401, 0.001901, -0.0, 0.049417, 0.998729, -0.009919, 0.3, -0.001409, 0.01, 0.999949, 0.0, 0.0, 0.0, 0.0, 1.0],
                [0.998353, -0.057331, 0.002179, 0.0, 0.057362, 0.99818, -0.018609, 0.3, -0.001108, 0.018703, 0.999825, 0.0, 0.0, 0.0, 0.0, 1.0],
                [0.998353, -0.057331, 0.002179, 0.0, 0.057362, 0.99818, -0.018608, 0.3, -0.001108, 0.018703, 0.999825, -0.0, 0.0, 0.0, 0.0, 1.0],
                [0.998353, -0.057331, 0.002179, 0.0, 0.057362, 0.99818, -0.018606, 0.3, -0.001108, 0.0187, 0.999825, -0.0, 0.0, 0.0, 0.0, 1.0],
                [0.998353, -0.057331, 0.002179, 0.0, 0.057362, 0.99818, -0.018606, 0.3, -0.001108, 0.0187, 0.999825, -0.0, 0.0, 0.0, 0.0, 1.0],
                [0.998353, -0.057331, 0.002179, 0.0, 0.057362, 0.99818, -0.018606, 0.3, -0.001108, 0.0187, 0.999825, 0.0, 0.0, 0.0, 0.0, 1.0]
            ]
        },
        {
            "name": "Head",
            "time": [0.0, 0.1167, 0.2167, 0.2833, 0.3833, 0.5, 0.9],
            "transform": [
                [0.875595, -0.059992, -0.479306, -0.0, -0.125345, 0.930051, -0.34539, 0.4, 0.4665, 0.362501, 0.806828, -0.0, 0.0, 0.0, 0.0, 1.0],
                [0.416842, 0.077321, -0.905684, -0.0, -0.007095, 0.996622, 0.081819, 0.4, 0.908951, -0.027679, 0.415983, -0.0, 0.0, 0.0, 0.0, 1.0],
                [0.361131, 0.113566, -0.925574, 0.0, 0.009086, 0.992081, 0.125271, 0.4, 0.932471, -0.053649, 0.357239, -0.0, 0.0, 0.0, 0.0, 1.0],
                [0.685028, 0.104658, -0.72096, 0.0, -0.07534, 0.994498, 0.072781, 0.4, 0.724611, 0.00446, 0.689144, 0.0, 0.0, 0.0, 0.0, 1.0],
                [0.673114, 0.23607, 0.700849, -0.0, -0.042721, 0.958513, -0.281831, 0.4, -0.738304, 0.159763, 0.655273, 0.0, 0.0, 0.0, 0.0, 1.0],
                [0.507488, 0.264515, 0.820054, 0.0, 0.001588, 0.951426, -0.307873, 0.4, -0.861658, 0.157543, 0.482417, 0.0, 0.0, 0.0, 0.0, 1.0],
                [0.507488, 0.264515, 0.820054, 0.0, 0.001588, 0.951426, -0.307873, 0.4, -0.861658, 0.157543, 0.482417, -0.0, 0.0, 0.0, 0.0, 1.0]
            ]
        },
        {
            "name": "Shoulder_R",
            "time": [0.0, 0.1167, 0.2167, 0.2833, 0.3833, 0.5, 0.9],
            "transform": [
                [0.482877, 0.874624, 0.043144, -0.0, -0.193033, 0.058257, 0.979461, 0.4, 0.854147, -0.481288, 0.196962, -0.0, 0.0, 0.0, 0.0, 1.0],
                [0.509181, 0.856091, 0.08855, -0.0, -0.003405, -0.100882, 0.994892, 0.4, 0.860652, -0.506882, -0.048452, -0.0, 0.0, 0.0, 0.0, 1.0],
                [0.506563, 0.852594, 0.128361, 0.0, 0.007403, -0.153171, 0.988172, 0.4, 0.862171, -0.499621, -0.083902, -0.0, 0.0, 0.0, 0.0, 1.0],
                [0.344769, 0.917162, 0.19987, 0.0, 0.014623, -0.218146, 0.975807, 0.4, 0.938574, -0.333505, -0.088622, 0.0, 0.0, 0.0, 0.0, 1.0],
                [-0.264584, 0.902606, 0.339555, -0.0, 0.11178, -0.321026, 0.940451, 0.4, 0.957862, 0.286784, -0.015955, 0.0, 0.0, 0.0, 0.0, 1.0],
                [-0.353795, 0.865611, 0.354324, 0.0, 0.131601, -0.328987, 0.935119, 0.4, 0.926018, 0.37747, 0.002479, 0.0, 0.0, 0.0, 0.0, 1.0],
                [-0.353795, 0.865611, 0.354324, 0.0, 0.131601, -0.328987, 0.935119, 0.4, 0.926018, 0.37747, 0.002479, -0.0, 0.0, 0.0, 0.0, 1.0]
            ]
        },
        {
            "name": "Arm_R",
            "time": [0.0, 0.2167, 0.2833, 0.3833, 0.5, 0.9],
            "transform": [
                [0.153476, -0.9171, -0.36793, 0.0, -0.047543, 0.365057, -0.929771, 0.39386, 0.987008, 0.16019, 0.012425, 0.0, 0.0, 0.0, 0.0, 1.0],
                [0.02782, -0.918186, -0.395171, 0.0, -0.34172, 0.362772, -0.866963, 0.393861, 0.93939, 0.159157, -0.30367, -0.0, 0.0, 0.0, 0.0, 1.0],
                [0.024114, -0.777823, -0.62802, 0.0, -0.295917, 0.594498, -0.747667, 0.393861, 0.954909, 0.203871, -0.215835, 0.0, 0.0, 0.0, 0.0, 1.0],
                [0.118487, 0.129002, -0.98454, -0.0, -0.151387, 0.98228, 0.110486, 0.393861, 0.981347, 0.135956, 0.135917, 0.0, 0.0, 0.0, 0.0, 1.0],
                [0.14271, 0.2729, -0.951398, -0.0, -0.140285, 0.95711, 0.253496, 0.393861, 0.979772, 0.097291, 0.174874, -0.0, 0.0, 0.0, 0.0, 1.0],
                [0.14271, 0.2729, -0.951398, -0.0, -0.140285, 0.95711, 0.253496, 0.39386, 0.979772, 0.097291, 0.174874, -0.0, 0.0, 0.0, 0.0, 1.0]
            ]
        },
        {
            "name": "Hand_R",
            "time": [0.0, 0.0833, 0.2167, 0.2833, 0.3833, 0.5, 0.9],
            "transform": [
                [1.0, 0.0, 0.0, 0.0, -0.0, 0.998864, -0.047649, 0.3, -0.0, 0.047649, 0.998864, -0.0, 0.0, 0.0, 0.0, 1.0],
                [1.0, 0.0, 0.0, 0.0, -0.0, 0.893277, -0.449506, 0.3, -0.0, 0.449506, 0.893277, -0.0, 0.0, 0.0, 0.0, 1.0],
                [1.0, 0.0, 0.0, 0.0, -0.0, 0.993937, 0.109947, 0.3, -0.0, -0.109947, 0.993937, 0.0, 0.0, 0.0, 0.0, 1.0],
                [1.0, 0.0, 0.0, -0.0, -0.0, 0.997089, 0.076245, 0.3, -0.0, -0.076245, 0.997089, -0.0, 0.0, 0.0, 0.0, 1.0],
                [1.0, 0.0, 0.0, 0.0, -0.0, 0.999097, -0.042487, 0.3, -0.0, 0.042487, 0.999097, 0.0, 0.0, 0.0, 0.0, 1.0],
                [1.0, -0.0, 0.0, -0.0, -0.0, 0.998113, -0.0614, 0.3, -0.0, 0.0614, 0.998113, -0.0, 0.0, 0.0, 0.0, 1.0],
                [1.0, 0.0, 0.0, 0.0, -0.0, 0.998113, -0.0614, 0.3, -0.0, 0.0614, 0.998113, 0.0, 0.0, 0.0, 0.0, 1.0]
            ]
        },
        {
            "name": "Tool_R",
            "time": [0.0, 0.0833, 0.15, 0.25, 0.2833, 0.3833, 0.5, 0.9],
            "transform": [
                [0.990032, -0.123131, 0.068378, 0.0, 0.13477, 0.969235, -0.205963, 0.272858, -0.040888, 0.213009, 0.975588, -0.0, 0.0, 0.0, 0.0, 1.0],
                [0.007776, -0.132933, -0.991095, 0.0, -0.210817, 0.96863, -0.131574, 0.272858, 0.976914, 0.209848, -0.020482, 0.0, 0.0, 0.0, 0.0, 1.0],
                [0.223804, -0.913139, -0.34072, -0.0, -0.956473, -0.138603, -0.256806, 0.272858, 0.187154, 0.383135, -0.903879, 0.0, 0.0, 0.0, 0.0, 1.0],
                [0.999861, 0.011019, 0.01257, 0.0, 0.008208, -0.978718, 0.205046, 0.272858, 0.014554, -0.204803, -0.97809, 0.0, 0.0, 0.0, 0.0, 1.0],
                [0.99836, 0.009443, 0.056472, -0.0, 0.039133, -0.832518, -0.552614, 0.272858, 0.041771, 0.55358, -0.831036, 0.0, 0.0, 0.0, 0.0, 1.0],
                [0.999895, 0.007661, 0.012317, 0.0, 0.012811, -0.864693, -0.502138, 0.272858, 0.006799, 0.501936, -0.864193, -0.0, 0.0, 0.0, 0.0, 1.0],
                [0.999973, 0.006915, 0.002689, -0.0, 0.007345, -0.871291, -0.490713, 0.272858, -0.00105, 0.490419, -0.870807, 0.0, 0.0, 0.0, 0.0, 1.0],
                [0.999973, 0.006915, 0.002689, 0.0, 0.007345, -0.87129, -0.490713, 0.272858, -0.00105, 0.490419, -0.870807, -0.0, 0.0, 0.0, 0.0, 1.0]
            ]
        },
        {
            "name": "Elbow_R",
            "time": [0.0, 0.0833, 0.2167, 0.2833, 0.3833, 0.5, 0.9],
            "transform": [
                [-1.0, 0.0, -0.0, 0.0, 0.0, -0.0, -1.0, 0.314791, -0.0, -1.0, 0.0, 0.0, 0.0, 0.0, 0.0, 1.0],
                [-1.0, 0.0, 0.0, 0.0, -0.0, -0.0, -1.0, 0.354013, -0.0, -1.0, 0.0, -0.0, 0.0, 0.0, 0.0, 1.0],
                [-1.0, 0.0, 0.0, 0.0, -0.0, -0.0, -1.0, 0.3, -0.0, -1.0, 0.0, 0.0, 0.0, 0.0, 0.0, 1.0],
                [-1.0, 0.0, 0.0, -0.0, -0.0, -0.0, -1.0, 0.303172, -0.0, -1.0, 0.0, -0.0, 0.0, 0.0, 0.0, 1.0],
                [-1.0, 0.0, -0.0, 0.0, 0.0, -0.0, -1.0, 0.314307, -0.0, -1.0, 0.0, -0.0, 0.0, 0.0, 0.0, 1.0],
                [-1.0, 0.0, -0.0, 0.0, 0.0, -0.0, -1.0, 0.316082, -0.0, -1.0, 0.0, 0.0, 0.0, 0.0, 0.0, 1.0],
                [-1.0, 0.0, -0.0, 0.0, 0.0, -0.0, -1.0, 0.316082, -0.0, -1.0, 0.0, 0.0, 0.0, 0.0, 0.0, 1.0]
            ]
        },
        {
            "name": "Shoulder_L",
            "time": [0.0, 0.1167, 0.2167, 0.2833, 0.3833, 0.5, 0.9],
            "transform": [
                [-0.560897, -0.658049, -0.50236, -0.0, -0.182383, -0.493675, 0.850307, 0.4, -0.807546, 0.568556, 0.156884, -0.0, 0.0, 0.0, 0.0, 1.0],
                [-0.596263, -0.767013, -0.236983, -0.0, 0.024548, -0.312481, 0.949606, 0.4, -0.802414, 0.560398, 0.205149, -0.0, 0.0, 0.0, 0.0, 1.0],
                [-0.579628, -0.788271, -0.206541, 0.0, 0.05275, -0.289226, 0.955806, 0.4, -0.813172, 0.543117, 0.209225, -0.0, 0.0, 0.0, 0.0, 1.0],
                [-0.417383, -0.876951, -0.238221, 0.0, 0.028337, -0.27458, 0.961147, 0.4, -0.908289, 0.394415, 0.139455, 0.0, 0.0, 0.0, 0.0, 1.0],
                [0.188602, -0.94857, -0.25425, -0.0, -0.085778, -0.273819, 0.957948, 0.4, -0.9783, -0.158861, -0.133009, 0.0, 0.0, 0.0, 0.0, 1.0],
                [0.281008, -0.928734, -0.241841, 0.0, -0.102711, -0.279652, 0.954592, 0.4, -0.954193, -0.243408, -0.173976, 0.0, 0.0, 0.0, 0.0, 1.0],
                [0.281008, -0.928734, -0.241841, 0.0, -0.102711, -0.279652, 0.954592, 0.4, -0.954193, -0.243408, -0.173976, -0.0, 0.0, 0.0, 0.0, 1.0]
            ]
        },
        {
            "name": "Arm_L",
            "time": [0.0, 0.1167, 0.2167, 0.2833, 0.3833, 0.5, 0.9],
            "transform": [
                [0.144423, -0.340974, 0.928913, -0.0, -0.325623, 0.870094, 0.37001, 0.39386, -0.934405, -0.355913, 0.014633, 0.0, 0.0, 0.0, 0.0, 1.0],
                [-0.038948, -0.694275, 0.718656, -0.0, -0.535069, 0.621893, 0.571796, 0.39386, -0.84391, -0.36226, -0.395706, -0.0, 0.0, 0.0, 0.0, 1.0],
                [-0.083288, -0.719415, 0.689569, 0.0, -0.563266, 0.604818, 0.562962, 0.39386, -0.822067, -0.341523, -0.455596, 0.0, 0.0, 0.0, 0.0, 1.0],
                [-0.13126, -0.585688, 0.799838, 0.0, -0.462058, 0.749967, 0.473342, 0.39386, -0.877083, -0.30744, -0.369062, -0.0, 0.0, 0.0, 0.0, 1.0],
                [-0.040375, -0.024364, 0.998888, -0.0, -0.050134, 0.998493, 0.022328, 0.39386, -0.997926, -0.049177, -0.041536, -0.0, 0.0, 0.0, 0.0, 1.0],
                [-0.003461, 0.061472, 0.998103, 0.0, 0.007676, 0.998081, -0.061444, 0.39386, -0.999965, 0.007448, -0.003926, 0.0, 0.0, 0.0, 0.0, 1.0],
                [-0.003461, 0.061472, 0.998103, 0.0, 0.007676, 0.998081, -0.061444, 0.393861, -0.999965, 0.007448, -0.003926, 0.0, 0.0, 0.0, 0.0, 1.0]
            ]
        },
        {
            "name": "Hand_L",
            "time": [0.0, 0.1167, 0.2167, 0.2833, 0.3833, 0.5, 0.9],
            "transform": [
                [1.0, 0.0, -0.0, 0.0, -0.0, 0.375939, -0.926645, 0.3, -0.0, 0.926645, 0.375939, 0.0, 0.0, 0.0, 0.0, 1.0],
                [1.0, 0.0, -0.0, 0.0, 0.0, 0.210993, -0.977488, 0.3, 0.0, 0.977488, 0.210993, -0.0, 0.0, 0.0, 0.0, 1.0],
                [1.0, 0.0, -0.0, -0.0, 0.0, 0.193682, -0.981065, 0.3, -0.0, 0.981064, 0.193682, -0.0, 0.0, 0.0, 0.0, 1.0],
                [1.0, 0.0, 0.0, -0.0, 0.0, 0.285979, -0.958236, 0.3, -0.0, 0.958236, 0.285979, 0.0, 0.0, 0.0, 0.0, 1.0],
                [1.0, 0.0, 0.0, -0.0, 0.0, 0.585906, -0.810379, 0.3, 0.0, 0.810379, 0.585906, 0.0, 0.0, 0.0, 0.0, 1.0],
                [1.0, 0.0, -0.0, -0.0, 0.0, 0.628109, -0.778126, 0.3, -0.0, 0.778126, 0.628109, 0.0, 0.0, 0.0, 0.0, 1.0],
                [1.0, 0.0, -0.0, 0.0, 0.0, 0.628109, -0.778126, 0.3, -0.0, 0.778126, 0.628109, 0.0, 0.0, 0.0, 0.0, 1.0]
            ]
        },
        {
            "name": "Tool_L",
            "time": [0.0, 0.9],
            "transform": [
                [1.0, 0.0, 0.0, 0.0, 0.0, -0.999836, 0.018122, 0.272858, 0.0, -0.018122, -0.999248, 0.0, 0.0, 0.0, 0.0, 1.0],
                [1.0, -0.0, 0.0, -0.0, -0.0, -0.999836, 0.018122, 0.272858, 0.0, -0.018122, -0.999248, -0.0, 0.0, 0.0, 0.0, 1.0]
            ]
        },
        {
            "name": "Elbow_L",
            "time": [0.0, 0.1167, 0.2167, 0.2833, 0.3833, 0.5, 0.9],
            "transform": [
                [-1.0, 0.0, -0.0, 0.0, 0.0, -0.0, -1.0, 0.421407, -0.0, -1.0, -0.0, 0.0, 0.0, 0.0, 0.0, 1.0],
                [-1.0, 0.0, -0.0, 0.0, 0.0, 0.0, -1.0, 0.437602, -0.0, -1.0, -0.0, -0.0, 0.0, 0.0, 0.0, 1.0],
                [-1.0, 0.0, -0.0, -0.0, 0.0, -0.0, -1.0, 0.439259, -0.0, -1.0, 0.0, -0.0, 0.0, 0.0, 0.0, 1.0],
                [-1.0, 0.0, -0.0, 0.0, 0.0, 0.0, -1.0, 0.430346, -0.0, -1.0, -0.0, 0.0, 0.0, 0.0, 0.0, 1.0],
                [-1.0, 0.0, -0.0, -0.0, -0.0, -0.0, -1.0, 0.398862, -0.0, -1.0, -0.0, -0.0, 0.0, 0.0, 0.0, 1.0],
                [-1.0, 0.0, -0.0, -0.0, -0.0, -0.0, -1.0, 0.393884, -0.0, -1.0, -0.0, 0.0, 0.0, 0.0, 0.0, 1.0],
                [-1.0, 0.0, 0.0, 0.0, -0.0, -0.0, -1.0, 0.393884, -0.0, -1.0, -0.0, -0.0, 0.0, 0.0, 0.0, 1.0]
            ]
        }
    ]
}