{
    "animation": [
        {
            "name": "Root",
            "time": [0.0, 0.1167, 0.2, 0.3, 0.3667, 0.85],
            "transform": [
                [0.36754, -0.051765, 0.928566, -5e-06, 0.924663, 0.127233, -0.358902, -9e-06, -0.099566, 0.990521, 0.094628, 0.58102, 0.0, 0.0, 0.0, 1.0],
                [0.103463, -0.00591, 0.994616, -5e-06, 0.994628, -0.002542, -0.103479, -9e-06, 0.00314, 0.999979, 0.005616, 0.68458, 0.0, 0.0, 0.0, 1.0],
                [0.908909, -0.004682, 0.416968, -0.161705, 0.41697, -0.000571, -0.90892, 0.745273, 0.004493, 0.999989, 0.001433, 0.677559, 0.0, 0.0, 0.0, 1.0],
                [0.324412, -0.000111, -0.945916, -5e-06, -0.945916, 8.1e-05, -0.324412, 0.970116, 0.000113, 1.0, -7.9e-05, 0.668612, 0.0, 0.0, 0.0, 1.0],
                [0.282219, 0.0, -0.95935, -5e-06, -0.95935, 0.0, -0.282219, 0.992111, 0.0, 1.0, 0.0, 0.66825, 0.0, 0.0, 0.0, 1.0],
                [0.282219, 0.0, -0.95935, -5e-06, -0.95935, 0.0, -0.282219, 0.992111, 0.0, 1.0, 0.0, 0.66825, 0.0, 0.0, 0.0, 1.0]
            ]
        },
        {
            "name": "Thigh_R",
            "time": [0.0, 0.1167, 0.2, 0.3, 0.3667, 0.85],
            "transform": [
                [0.437745, 0.847156, 0.301169, 0.124994, 0.061362, -0.362335, 0.930026, -0.002831, 0.897003, -0.388633, -0.210595, -1.2e-05, 0.0, 0.0, 0.0, 1.0],
                [0.151997, 0.59327, 0.790523, 0.124994, 0.090379, -0.804805, 0.586615, -0.00283, 0.98424, -0.017716, -0.175948, -1.2e-05, 0.0, 0.0, 0.0, 1.0],
                [0.800682, 0.010068, 0.599005, 0.124994, 0.238027, -0.922897, -0.302656, -0.002831, 0.549774, 0.38491, -0.741345, -1.2e-05, 0.0, 0.0, 0.0, 1.0],
                [0.853345, 0.298923, -0.427137, 0.124994, 0.335031, -0.942152, 0.009984, -0.002831, -0.399444, -0.151624, -0.904132, -1.2e-05, 0.0, 0.0, 0.0, 1.0],
                [0.844289, 0.348298, -0.407264, 0.124994, 0.371081, -0.928273, -0.024596, -0.002831, -0.38662, -0.130361, -0.912979, -1.2e-05, 0.0, 0.0, 0.0, 1.0],
                [0.844289, 0.348298, -0.407264, 0.124994, 0.371081, -0.928273, -0.024596, -0.002831, -0.38662, -0.130361, -0.912979, -1.2e-05, 0.0, 0.0, 0.0, 1.0]
            ]
        },
        {
            "name": "Leg_R",
            "time": [0.0, 0.1167, 0.2, 0.3, 0.3667, 0.85],
            "transform": [
                [1.0, -0.0, 1e-06, 0.0, -0.0, 0.497741, 0.867325, 0.37472, -0.0, -0.867326, 0.49774, 0.0, 0.0, 0.0, 0.0, 1.0],
                [1.0, 0.0, 1e-06, 0.0, -1e-06, 0.879813, 0.475322, 0.37472, -1e-06, -0.475322, 0.879811, 0.0, 0.0, 0.0, 0.0, 1.0],
                [1.0, 0.0, 1e-06, -0.0, -0.0, 0.981983, 0.188975, 0.37472, -1e-06, -0.188975, 0.981981, -0.0, 0.0, 0.0, 0.0, 1.0],
                [1.0, -0.0, 1e-06, -0.0, -0.0, 0.847312, 0.531095, 0.37472, -1e-06, -0.531096, 0.847311, -0.0, 0.0, 0.0, 0.0, 1.0],
                [1.0, -0.0, 1e-06, -0.0, -0.0, 0.891488, 0.453045, 0.37472, -1e-06, -0.453046, 0.891487, 0.0, 0.0, 0.0, 0.0, 1.0],
                [1.0, -0.0, 1e-06, -0.0, -0.0, 0.891488, 0.453045, 0.37472, -1e-06, -0.453046, 0.891487, 0.0, 0.0, 0.0, 0.0, 1.0]
            ]
        },
        {
            "name": "Knee_R",
            "time": [0.0, 0.1167, 0.2, 0.3, 0.3667, 0.85],
            "transform": [
                [1.0, 0.0, -0.0, 0.0, -0.0, 1e-06, -1.0, 0.432939, -0.0, 1.0, 1e-06, -0.0, 0.0, 0.0, 0.0, 1.0],
                [1.0, 0.0, -0.0, 0.0, -0.0, 1e-06, -1.0, 0.383152, -0.0, 1.0, 1e-06, 0.0, 0.0, 0.0, 0.0, 1.0],
                [1.0, 0.0, -0.0, -0.0, -0.0, 1e-06, -1.0, 0.37472, -0.0, 1.0, 1e-06, -0.0, 0.0, 0.0, 0.0, 1.0],
                [1.0, -0.0, -0.0, 0.0, -0.0, 1e-06, -1.0, 0.388949, 0.0, 1.0, 1e-06, -0.0, 0.0, 0.0, 0.0, 1.0],
                [1.0, 0.0, -0.0, 0.0, -0.0, 1e-06, -1.0, 0.380894, -0.0, 1.0, 1e-06, -0.0, 0.0, 0.0, 0.0, 1.0],
                [1.0, 0.0, -0.0, 0.0, -0.0, 1e-06, -1.0, 0.380894, -0.0, 1.0, 1e-06, -0.0, 0.0, 0.0, 0.0, 1.0]
            ]
        },
        {
            "name": "Thigh_L",
            "time": [0.0, 0.1167, 0.2, 0.2333, 0.3, 0.3667, 0.85],
            "transform": [
                [0.625087, -0.666894, -0.405607, -0.125006, -0.301504, -0.685602, 0.662604, -0.002831, -0.719972, -0.291893, -0.629633, -1.2e-05, 0.0, 0.0, 0.0, 1.0],
                [0.617935, -0.542475, -0.5691, -0.125006, -0.301364, -0.831976, 0.465827, -0.00283, -0.726177, -0.116344, -0.677591, -1.2e-05, 0.0, 0.0, 0.0, 1.0],
                [0.929281, 0.271983, 0.249923, -0.125006, -0.040774, -0.596945, 0.801245, -0.002831, 0.367115, -0.754773, -0.54364, -1.2e-05, 0.0, 0.0, 0.0, 1.0],
                [0.951336, -0.237781, -0.196008, -0.125006, 0.008441, -0.615725, 0.787915, -0.002831, -0.308038, -0.751227, -0.583755, -1.2e-05, 0.0, 0.0, 0.0, 1.0],
                [0.244728, -0.643132, -0.725596, -0.125006, 0.012773, -0.746149, 0.665656, -0.002831, -0.969507, -0.172172, -0.174389, -1.2e-05, 0.0, 0.0, 0.0, 1.0],
                [0.246291, -0.649214, -0.719626, -0.125006, -0.01502, -0.744966, 0.666933, -0.002831, -0.969079, -0.15345, -0.19323, -1.2e-05, 0.0, 0.0, 0.0, 1.0],
                [0.24629, -0.649215, -0.719626, -0.125006, -0.01502, -0.744966, 0.666933, -0.002831, -0.969079, -0.15345, -0.193229, -1.2e-05, 0.0, 0.0, 0.0, 1.0]
            ]
        },
        {
            "name": "Leg_L",
            "time": [0.0, 0.1167, 0.2, 0.3, 0.3667, 0.85],
            "transform": [
                [1.0, -1e-06, 1e-06, 0.0, 0.0, 0.658759, 0.752354, 0.37472, -1e-06, -0.752354, 0.65876, -0.0, 0.0, 0.0, 0.0, 1.0],
                [1.0, -1e-06, 1e-06, 0.0, 0.0, 0.882275, 0.470734, 0.37472, -1e-06, -0.470733, 0.882276, 0.0, 0.0, 0.0, 0.0, 1.0],
                [1.0, -1e-06, 0.0, -0.0, 0.0, 0.220711, 0.97534, 0.37472, -1e-06, -0.975339, 0.220711, 0.0, 0.0, 0.0, 0.0, 1.0],
                [1.0, -1e-06, 1e-06, 0.0, 0.0, 0.770713, 0.637182, 0.37472, -1e-06, -0.637181, 0.770714, -0.0, 0.0, 0.0, 0.0, 1.0],
                [1.0, -1e-06, 1e-06, -0.0, 0.0, 0.727348, 0.686269, 0.37472, -1e-06, -0.686269, 0.727348, -0.0, 0.0, 0.0, 0.0, 1.0],
                [1.0, -1e-06, 1e-06, -0.0, 0.0, 0.727348, 0.686269, 0.37472, -1e-06, -0.686269, 0.727348, 0.0, 0.0, 0.0, 0.0, 1.0]
            ]
        },
        {
            "name": "Knee_L",
            "time": [0.0, 0.1167, 0.3, 0.3667, 0.85],
            "transform": [
                [1.0, 0.0, -0.0, -0.0, -0.0, 1e-06, -1.0, 0.455569, -0.0, 1.0, 1e-06, -0.0, 0.0, 0.0, 0.0, 1.0],
                [1.0, 0.0, -0.0, 0.0, -0.0, 1e-06, -1.0, 0.382684, -0.0, 1.0, 1e-06, -0.0, 0.0, 0.0, 0.0, 1.0],
                [1.0, 0.0, -0.0, 0.0, -0.0, 1e-06, -1.0, 0.400707, -0.0, 1.0, 1e-06, 0.0, 0.0, 0.0, 0.0, 1.0],
                [1.0, 0.0, -0.0, 0.0, -0.0, 1e-06, -1.0, 0.406589, -0.0, 1.0, 1e-06, -0.0, 0.0, 0.0, 0.0, 1.0],
                [1.0, 0.0, -0.0, 0.0, -0.0, 1e-06, -1.0, 0.406589, -0.0, 1.0, 1e-06, 0.0, 0.0, 0.0, 0.0, 1.0]
            ]
        },
        {
            "name": "Torso",
            "time": [0.0, 0.1167, 0.2833, 0.85],
            "transform": [
                [1.0, 0.0, -0.0, -0.0, 0.0, 1.0, 0.0, 0.05, -0.0, -0.0, 1.0, -0.0, 0.0, 0.0, 0.0, 1.0],
                [1.0, 0.0, -0.0, -0.0, 0.0, 1.0, 0.0, 0.05, -0.0, 0.0, 1.0, 0.0, 0.0, 0.0, 0.0, 1.0],
                [1.0, -0.0, -0.0, -0.0, 0.0, 1.0, -0.0, 0.05, -0.0, -0.0, 1.0, 0.0, 0.0, 0.0, 0.0, 1.0],
                [1.0, 0.0, 0.0, 0.0, 0.0, 1.0, 0.0, 0.05, 0.0, 0.0, 1.0, 0.0, 0.0, 0.0, 0.0, 1.0]
            ]
        },
        {
            "name": "Chest",
            "time": [0.0, 0.1167, 0.2833, 0.85],
            "transform": [
                [0.99026, 0.043996, 0.132094, 0.0, -0.056357, 0.994224, 0.091339, 0.3, -0.127313, -0.097893, 0.98702, 0.0, 0.0, 0.0, 0.0, 1.0],
                [0.991682, -0.037067, 0.12326, -0.0, 0.039642, 0.999042, -0.018505, 0.3, -0.122457, 0.023237, 0.992202, 0.0, 0.0, 0.0, 0.0, 1.0],
                [0.978652, -0.02322, -0.204208, 0.0, 0.026347, 0.999573, 0.012609, 0.3, 0.203828, -0.01772, 0.978846, 0.0, 0.0, 0.0, 0.0, 1.0],
                [0.978652, -0.02322, -0.204208, 0.0, 0.026347, 0.999573, 0.012609, 0.3, 0.203828, -0.01772, 0.978846, 0.0, 0.0, 0.0, 0.0, 1.0]
            ]
        },
        {
            "name": "Head",
            "time": [0.0, 0.1167, 0.2, 0.2833, 0.85],
            "transform": [
                [0.380083, -0.140398, -0.914235, -0.0, -0.103189, 0.975807, -0.192753, 0.4, 0.919179, 0.167601, 0.3564, 0.0, 0.0, 0.0, 0.0, 1.0],
                [0.330855, 0.023011, -0.943401, -0.0, -0.001794, 0.999716, 0.023755, 0.4, 0.94368, -0.006167, 0.330802, 0.0, 0.0, 0.0, 0.0, 1.0],
                [0.932826, 0.012578, -0.360108, -0.0, -0.010611, 0.999916, 0.007439, 0.4, 0.360171, -0.003118, 0.932881, 0.0, 0.0, 0.0, 0.0, 1.0],
                [0.222006, 0.024258, 0.974744, -0.0, 0.012789, 0.999532, -0.027788, 0.4, -0.974962, 0.018635, 0.221591, -0.0, 0.0, 0.0, 0.0, 1.0],
                [0.222006, 0.024258, 0.974744, -0.0, 0.012789, 0.999532, -0.027788, 0.4, -0.974962, 0.018635, 0.221591, 0.0, 0.0, 0.0, 0.0, 1.0]
            ]
        },
        {
            "name": "Shoulder_R",
            "time": [0.0, 0.1167, 0.3, 0.85],
            "transform": [
                [0.655917, 0.753435, 0.045914, -0.0, 0.158071, -0.19658, 0.967662, 0.4, 0.738096, -0.627449, -0.248036, 0.0, 0.0, 0.0, 0.0, 1.0],
                [0.666729, 0.74409, 0.042445, -0.0, 0.157495, -0.196326, 0.967807, 0.4, 0.728469, -0.63858, -0.248087, 0.0, 0.0, 0.0, 0.0, 1.0],
                [0.0, 0.952114, 0.305743, -0.0, 0.0, -0.305743, 0.952114, 0.4, 1.0, -0.0, -0.0, 0.0, 0.0, 0.0, 0.0, 1.0],
                [0.0, 0.952114, 0.305743, -0.0, 0.0, -0.305743, 0.952114, 0.4, 1.0, -0.0, -0.0, 0.0, 0.0, 0.0, 0.0, 1.0]
            ]
        },
        {
            "name": "Arm_R",
            "time": [0.0, 0.1167, 0.15, 0.2, 0.3, 0.85],
            "transform": [
                [0.758283, -0.219369, -0.613908, -0.0, -0.20098, 0.817157, -0.540241, 0.39386, 0.620172, 0.53304, 0.575548, 0.0, 0.0, 0.0, 0.0, 1.0],
                [0.556981, -0.387481, -0.734595, -0.0, -0.421106, 0.63061, -0.65192, 0.39386, 0.71585, 0.67245, 0.188068, 0.0, 0.0, 0.0, 0.0, 1.0],
                [0.068615, -0.547385, -0.834063, 0.0, -0.267066, 0.795443, -0.54401, 0.393861, 0.961232, 0.260077, -0.091608, 0.0, 0.0, 0.0, 0.0, 1.0],
                [0.236497, -0.366405, -0.899898, -0.0, -0.255268, 0.870206, -0.421401, 0.393861, 0.937501, 0.329376, 0.11227, 0.0, 0.0, 0.0, 0.0, 1.0],
                [0.1598, -0.149772, -0.975721, 0.0, 0.093339, 0.986287, -0.136107, 0.39386, 0.982727, -0.069322, 0.171588, -0.0, 0.0, 0.0, 0.0, 1.0],
                [0.1598, -0.149772, -0.975721, -0.0, 0.093339, 0.986287, -0.136107, 0.393861, 0.982727, -0.069322, 0.171588, -0.0, 0.0, 0.0, 0.0, 1.0]
            ]
        },
        {
            "name": "Hand_R",
            "time": [0.0, 0.1167, 0.2, 0.3, 0.85],
            "transform": [
                [1.0, 0.0, 0.0, 0.0, -0.0, 0.52238, -0.852713, 0.3, -0.0, 0.852713, 0.52238, 0.0, 0.0, 0.0, 0.0, 1.0],
                [1.0, 0.0, 0.0, 0.0, 0.0, 0.381846, -0.924226, 0.3, -0.0, 0.924226, 0.381847, 0.0, 0.0, 0.0, 0.0, 1.0],
                [1.0, 0.0, 0.0, 0.0, -0.0, 0.999819, 0.01905, 0.3, -0.0, -0.01905, 0.999819, -0.0, 0.0, 0.0, 0.0, 1.0],
                [1.0, -0.0, 0.0, 0.0, -0.0, 0.999531, 0.030636, 0.3, -0.0, -0.030636, 0.999531, 0.0, 0.0, 0.0, 0.0, 1.0],
                [1.0, 0.0, 0.0, -0.0, -0.0, 0.999531, 0.030636, 0.3, -0.0, -0.030636, 0.999531, -0.0, 0.0, 0.0, 0.0, 1.0]
            ]
        },
        {
            "name": "Tool_R",
            "time": [0.0, 0.1167, 0.15, 0.1667, 0.1833, 0.2333, 0.3, 0.85],
            "transform": [
                [0.688928, -0.126954, 0.713626, -0.0, -0.055805, -0.99091, -0.122409, 0.272858, 0.72225, 0.04447, -0.689343, 0.0, 0.0, 0.0, 0.0, 1.0],
                [0.62618, -0.093009, 0.774111, -0.0, -0.102893, -0.994034, -0.036203, 0.272858, 0.772401, -0.056958, -0.63164, -0.0, 0.0, 0.0, 0.0, 1.0],
                [0.975356, -0.092729, 0.200205, 0.0, -0.012637, -0.929383, -0.368901, 0.272858, 0.220144, 0.357058, -0.907118, -0.0, 0.0, 0.0, 0.0, 1.0],
                [0.999999, -0.00078, 0.001642, 0.0, 0.001006, -0.514948, -0.857221, 0.272858, 0.001513, 0.856709, -0.51465, -0.0, 0.0, 0.0, 0.0, 1.0],
                [0.999998, -0.001895, 0.000799, 0.0, 0.001166, 0.201996, -0.979386, 0.272858, 0.001693, 0.978807, 0.201867, 0.0, 0.0, 0.0, 0.0, 1.0],
                [0.999991, -0.001165, 0.004129, -0.0, 0.002452, -0.634608, -0.772831, 0.272858, 0.003519, 0.772369, -0.634232, 0.0, 0.0, 0.0, 0.0, 1.0],
                [0.999904, -0.013687, 0.002379, 0.0, -0.010874, -0.877717, -0.479057, 0.272858, 0.00864, 0.478692, -0.877266, 0.0, 0.0, 0.0, 0.0, 1.0],
                [0.999904, -0.013687, 0.002379, 0.0, -0.010874, -0.877716, -0.479057, 0.272858, 0.00864, 0.478692, -0.877266, 0.0, 0.0, 0.0, 0.0, 1.0]
            ]
        },
        {
            "name": "Elbow_R",
            "time": [0.0, 0.2, 0.3, 0.85],
            "transform": [
                [-1.0, 0.0, -0.0, 0.0, 0.0, -0.0, -1.0, 0.406017, -0.0, -1.0, -0.0, 0.0, 0.0, 0.0, 0.0, 1.0],
                [-1.0, 0.0, 0.0, 0.0, -0.0, -0.0, -1.0, 0.308539, -0.0, -1.0, 0.0, -0.0, 0.0, 0.0, 0.0, 1.0],
                [-1.0, 0.0, -0.0, 0.0, 0.0, 0.0, -1.0, 0.307453, -0.0, -1.0, 0.0, 0.0, 0.0, 0.0, 0.0, 1.0],
                [-1.0, 0.0, -0.0, -0.0, -0.0, 0.0, -1.0, 0.307453, -0.0, -1.0, 0.0, -0.0, 0.0, 0.0, 0.0, 1.0]
            ]
        },
        {
            "name": "Shoulder_L",
            "time": [0.0, 0.85],
            "transform": [
                [-0.656552, -0.693519, -0.296598, -0.0, 0.046113, -0.429389, 0.901942, 0.4, -0.75287, 0.578494, 0.313897, 0.0, 0.0, 0.0, 0.0, 1.0],
                [-0.656552, -0.693519, -0.296598, -0.0, 0.046113, -0.429389, 0.901941, 0.4, -0.75287, 0.578494, 0.313897, 0.0, 0.0, 0.0, 0.0, 1.0]
            ]
        },
        {
            "name": "Arm_L",
            "time": [0.0, 0.85],
            "transform": [
                [-0.107779, -0.556481, 0.82384, -0.0, -0.85377, 0.476382, 0.210089, 0.39386, -0.509373, -0.680727, -0.52645, 0.0, 0.0, 0.0, 0.0, 1.0],
                [-0.107778, -0.556481, 0.82384, -0.0, -0.85377, 0.476382, 0.210089, 0.39386, -0.509373, -0.680727, -0.52645, 0.0, 0.0, 0.0, 0.0, 1.0]
            ]
        },
        {
            "name": "Hand_L",
            "time": [0.0, 0.85],
            "transform": [
                [1.0, 0.0, -0.0, 0.0, -0.0, 0.289351, -0.957223, 0.3, -0.0, 0.957223, 0.289351, -0.0, 0.0, 0.0, 0.0, 1.0],
                [1.0, 0.0, 0.0, 0.0, -0.0, 0.289351, -0.957224, 0.3, -0.0, 0.957223, 0.289351, 0.0, 0.0, 0.0, 0.0, 1.0]
            ]
        },
        {
            "name": "Tool_L",
            "time": [0.0, 0.85],
            "transform": [
                [0.997004, 0.01104, -0.076554, -0.0, -0.036659, -0.804079, -0.593392, 0.272858, -0.068067, 0.594062, -0.8008, -0.0, 0.0, 0.0, 0.0, 1.0],
                [0.997004, 0.01104, -0.076554, 0.0, -0.036659, -0.804079, -0.593392, 0.272858, -0.068067, 0.594062, -0.8008, -0.0, 0.0, 0.0, 0.0, 1.0]
            ]
        },
        {
            "name": "Elbow_L",
            "time": [0.0, 0.85],
            "transform": [
                [-1.0, 0.0, 0.0, 0.0, 0.0, -0.0, -1.0, 0.430016, -0.0, -1.0, 0.0, -0.0, 0.0, 0.0, 0.0, 1.0],
                [-1.0, 0.0, -0.0, 0.0, 0.0, -0.0, -1.0, 0.430016, -0.0, -1.0, -0.0, 0.0, 0.0, 0.0, 0.0, 1.0]
            ]
        }
    ]
}