{
    "animation": [
        {
            "name": "Root",
            "time": [0.0, 0.1, 0.15, 0.2333, 0.2833, 0.85],
            "transform": [
                [0.831211, -0.004006, -0.555943, -5e-06, -0.55584, 0.01456, -0.831162, 0.000946, 0.011424, 0.999886, 0.009875, 0.739945, 0.0, 0.0, 0.0, 1.0],
                [0.641865, 0.0, -0.766818, -5e-06, -0.75953, 0.137547, -0.635764, 0.000946, 0.105473, 0.990495, 0.088286, 0.641615, 0.0, 0.0, 0.0, 1.0],
                [0.99673, -0.01458, 0.079478, -5e-06, 0.080804, 0.179493, -0.980435, 0.501635, 2.9e-05, 0.983651, 0.180084, 0.722931, 0.0, 0.0, 0.0, 1.0],
                [0.512674, -0.041717, 0.857569, -5e-06, 0.850106, 0.164671, -0.500202, 1.002324, -0.12035, 0.985466, 0.119887, 0.555554, 0.0, 0.0, 0.0, 1.0],
                [0.429414, -0.057204, 0.901294, -5e-06, 0.895053, 0.159952, -0.416288, 1.002324, -0.12035, 0.985466, 0.119887, 0.555554, 0.0, 0.0, 0.0, 1.0],
                [0.429414, -0.057204, 0.901294, -5e-06, 0.895053, 0.159952, -0.416288, 1.002324, -0.12035, 0.985466, 0.119887, 0.555554, 0.0, 0.0, 0.0, 1.0]
            ]
        },
        {
            "name": "Thigh_R",
            "time": [0.0, 0.0333, 0.1, 0.15, 0.2333, 0.2833, 0.85],
            "transform": [
                [0.985186, 0.135218, -0.105474, 0.124994, 0.134786, -0.990809, -0.011253, -0.002831, -0.106026, -0.00313, -0.994359, -1.2e-05, 0.0, 0.0, 0.0, 1.0],
                [0.960617, 0.231107, -0.154286, 0.124994, 0.224358, -0.972652, -0.060056, -0.002831, -0.163947, 0.023075, -0.986199, -1.2e-05, 0.0, 0.0, 0.0, 1.0],
                [0.926826, 0.288255, -0.240626, 0.124994, 0.304128, -0.95213, 0.030822, -0.002831, -0.220223, -0.101747, -0.970129, -1.2e-05, 0.0, 0.0, 0.0, 1.0],
                [0.996731, 0.048226, 0.064808, 0.124994, -0.004672, -0.766489, 0.642238, -0.002831, 0.080647, -0.64044, -0.763761, -1.2e-05, 0.0, 0.0, 0.0, 1.0],
                [0.545803, 0.811142, 0.210107, 0.124994, -0.006467, -0.246663, 0.96908, -0.002831, 0.837888, -0.530284, -0.129384, -1.2e-05, 0.0, 0.0, 0.0, 1.0],
                [0.522636, 0.83191, 0.186481, 0.124994, 0.059148, -0.253584, 0.965503, -0.002831, 0.850501, -0.493576, -0.181739, -1.2e-05, 0.0, 0.0, 0.0, 1.0],
                [0.522636, 0.83191, 0.186481, 0.124994, 0.059148, -0.253584, 0.965503, -0.002831, 0.850501, -0.493576, -0.181739, -1.2e-05, 0.0, 0.0, 0.0, 1.0]
            ]
        },
        {
            "name": "Leg_R",
            "time": [0.0, 0.0333, 0.1, 0.15, 0.2333, 0.2833, 0.85],
            "transform": [
                [1.0, -0.0, 1e-06, 0.0, 0.0, 0.966715, 0.255858, 0.37472, -1e-06, -0.255859, 0.966713, -0.0, 0.0, 0.0, 0.0, 1.0],
                [1.0, -0.0, 1e-06, 0.0, 0.0, 0.95772, 0.287704, 0.37472, -1e-06, -0.287704, 0.957719, 0.0, 0.0, 0.0, 0.0, 1.0],
                [1.0, -0.0, 1e-06, 0.0, -0.0, 0.893362, 0.449338, 0.37472, -1e-06, -0.449339, 0.893361, -0.0, 0.0, 0.0, 0.0, 1.0],
                [1.0, -1e-06, 1e-06, -0.0, -0.0, 0.280359, 0.959895, 0.37472, -1e-06, -0.959896, 0.280359, 0.0, 0.0, 0.0, 0.0, 1.0],
                [1.0, -0.0, 1e-06, 0.0, -0.0, 0.389742, 0.920923, 0.37472, -1e-06, -0.920925, 0.389742, -0.0, 0.0, 0.0, 0.0, 1.0],
                [1.0, -0.0, 0.0, -0.0, -0.0, 0.376746, 0.926316, 0.37472, -0.0, -0.926317, 0.376746, 0.0, 0.0, 0.0, 0.0, 1.0],
                [1.0, -0.0, 0.0, -0.0, -0.0, 0.376746, 0.926316, 0.37472, -0.0, -0.926317, 0.376746, 0.0, 0.0, 0.0, 0.0, 1.0]
            ]
        },
        {
            "name": "Knee_R",
            "time": [0.0, 0.0333, 0.1, 0.2333, 0.2833, 0.85],
            "transform": [
                [1.0, -0.0, -0.0, 0.0, -0.0, 1e-06, -1.0, 0.37472, 0.0, 1.0, 1e-06, -0.0, 0.0, 0.0, 0.0, 1.0],
                [1.0, 0.0, -0.0, 0.0, -0.0, 1e-06, -1.0, 0.37472, -0.0, 1.0, 1e-06, 0.0, 0.0, 0.0, 0.0, 1.0],
                [1.0, 0.0, -0.0, 0.0, -0.0, 1e-06, -1.0, 0.380521, -0.0, 1.0, 1e-06, 0.0, 0.0, 0.0, 0.0, 1.0],
                [1.0, 0.0, -0.0, 0.0, -0.0, 1e-06, -1.0, 0.443772, -0.0, 1.0, 1e-06, -0.0, 0.0, 0.0, 0.0, 1.0],
                [1.0, 0.0, -0.0, -0.0, -0.0, 1e-06, -1.0, 0.445035, -0.0, 1.0, 1e-06, -0.0, 0.0, 0.0, 0.0, 1.0],
                [1.0, 0.0, -0.0, -0.0, -0.0, 1e-06, -1.0, 0.445035, -0.0, 1.0, 1e-06, -0.0, 0.0, 0.0, 0.0, 1.0]
            ]
        },
        {
            "name": "Thigh_L",
            "time": [0.0, 0.0333, 0.1, 0.15, 0.2333, 0.2833, 0.85],
            "transform": [
                [0.856833, -0.20765, -0.471929, -0.125006, -0.01854, -0.927131, 0.374279, -0.002831, -0.515259, -0.311946, -0.798247, -1.2e-05, 0.0, 0.0, 0.0, 1.0],
                [0.856665, -0.351408, -0.377673, -0.125006, -0.065535, -0.800307, 0.595998, -0.002831, -0.511693, -0.48582, -0.708625, -1.2e-05, 0.0, 0.0, 0.0, 1.0],
                [0.662767, -0.637433, -0.392959, -0.125006, -0.024179, -0.542712, 0.83957, -0.002831, -0.748434, -0.546939, -0.375105, -1.2e-05, 0.0, 0.0, 0.0, 1.0],
                [0.983367, -0.059559, -0.171582, -0.125006, 0.021906, -0.898916, 0.437572, -0.002831, -0.180299, -0.434053, -0.882661, -1.2e-05, 0.0, 0.0, 0.0, 1.0],
                [0.617769, -0.680185, -0.3946, -0.125006, -0.333473, -0.681057, 0.651887, -0.002831, -0.712149, -0.271127, -0.64756, -1.2e-05, 0.0, 0.0, 0.0, 1.0],
                [0.62052, -0.688098, -0.376133, -0.125006, -0.29023, -0.647101, 0.705, -0.002831, -0.728505, -0.328301, -0.601247, -1.2e-05, 0.0, 0.0, 0.0, 1.0],
                [0.62052, -0.688098, -0.376133, -0.125006, -0.29023, -0.647101, 0.705, -0.002831, -0.728505, -0.328301, -0.601247, -1.2e-05, 0.0, 0.0, 0.0, 1.0]
            ]
        },
        {
            "name": "Leg_L",
            "time": [0.0, 0.0333, 0.1, 0.15, 0.2333, 0.2833, 0.85],
            "transform": [
                [1.0, -1e-06, 1e-06, -0.0, 0.0, 0.942688, 0.333675, 0.37472, -1e-06, -0.333675, 0.942689, -0.0, 0.0, 0.0, 0.0, 1.0],
                [1.0, -1e-06, 1e-06, -0.0, 0.0, 0.778331, 0.627854, 0.37472, -1e-06, -0.627853, 0.778332, 0.0, 0.0, 0.0, 0.0, 1.0],
                [1.0, -1e-06, 1e-06, -0.0, 0.0, 0.51509, 0.857136, 0.37472, -1e-06, -0.857135, 0.515091, 0.0, 0.0, 0.0, 0.0, 1.0],
                [1.0, -1e-06, 1e-06, 0.0, 0.0, 0.792465, 0.609917, 0.37472, -1e-06, -0.609916, 0.792466, -0.0, 0.0, 0.0, 0.0, 1.0],
                [1.0, -1e-06, 1e-06, 0.0, -0.0, 0.596588, 0.802548, 0.37472, -1e-06, -0.802547, 0.596589, -0.0, 0.0, 0.0, 0.0, 1.0],
                [1.0, -1e-06, 1e-06, -0.0, 0.0, 0.589731, 0.8076, 0.37472, -1e-06, -0.807599, 0.589732, 0.0, 0.0, 0.0, 0.0, 1.0],
                [1.0, -1e-06, 1e-06, -0.0, 0.0, 0.589731, 0.8076, 0.37472, -1e-06, -0.807599, 0.589732, 0.0, 0.0, 0.0, 0.0, 1.0]
            ]
        },
        {
            "name": "Knee_L",
            "time": [0.0, 0.0333, 0.1, 0.2333, 0.2833, 0.85],
            "transform": [
                [1.0, 0.0, -0.0, -0.0, -0.0, 1e-06, -1.0, 0.37472, -0.0, 1.0, 1e-06, -0.0, 0.0, 0.0, 0.0, 1.0],
                [1.0, 0.0, -0.0, -0.0, -0.0, 1e-06, -1.0, 0.399625, -0.0, 1.0, 1e-06, 0.0, 0.0, 0.0, 0.0, 1.0],
                [1.0, 0.0, -0.0, 0.0, -0.0, 1e-06, -1.0, 0.431132, -0.0, 1.0, 1e-06, 0.0, 0.0, 0.0, 0.0, 1.0],
                [1.0, 0.0, -0.0, 0.0, -0.0, 1e-06, -1.0, 0.422321, -0.0, 1.0, 1e-06, -0.0, 0.0, 0.0, 0.0, 1.0],
                [1.0, 0.0, -0.0, 0.0, -0.0, 1e-06, -1.0, 0.423086, 0.0, 1.0, 1e-06, 0.0, 0.0, 0.0, 0.0, 1.0],
                [1.0, 0.0, -0.0, 0.0, -0.0, 1e-06, -1.0, 0.423086, 0.0, 1.0, 1e-06, 0.0, 0.0, 0.0, 0.0, 1.0]
            ]
        },
        {
            "name": "Torso",
            "time": [0.0, 0.1, 0.2333, 0.85],
            "transform": [
                [0.99978, -0.020971, -0.000197, -0.0, 0.020971, 0.999603, 0.01883, 0.05, -0.000198, -0.01883, 0.999823, -0.0, 0.0, 0.0, 0.0, 1.0],
                [0.99978, -0.020971, -0.000197, 0.0, 0.020971, 0.999603, 0.018833, 0.05, -0.000198, -0.018833, 0.999822, 0.0, 0.0, 0.0, 0.0, 1.0],
                [0.99978, -0.020971, -0.000197, 0.0, 0.020971, 0.999603, 0.01883, 0.05, -0.000198, -0.01883, 0.999823, -0.0, 0.0, 0.0, 0.0, 1.0],
                [0.99978, -0.020971, -0.000197, 0.0, 0.020971, 0.999603, 0.01883, 0.05, -0.000198, -0.01883, 0.999823, -0.0, 0.0, 0.0, 0.0, 1.0]
            ]
        },
        {
            "name": "Chest",
            "time": [0.0, 0.1, 0.2333, 0.85],
            "transform": [
                [0.999641, -0.019725, -0.018116, 0.0, 0.020036, 0.999653, 0.017111, 0.3, 0.017772, -0.017468, 0.99969, -0.0, 0.0, 0.0, 0.0, 1.0],
                [0.991569, 0.004875, -0.129488, -0.0, -0.004196, 0.999976, 0.005516, 0.3, 0.129512, -0.004926, 0.991566, -0.0, 0.0, 0.0, 0.0, 1.0],
                [0.988914, 0.063779, 0.134093, 0.0, -0.079849, 0.989786, 0.118098, 0.3, -0.125191, -0.127496, 0.983906, 0.0, 0.0, 0.0, 0.0, 1.0],
                [0.988914, 0.063779, 0.134093, -0.0, -0.079849, 0.989786, 0.118098, 0.3, -0.125192, -0.127496, 0.983907, -0.0, 0.0, 0.0, 0.0, 1.0]
            ]
        },
        {
            "name": "Head",
            "time": [0.0, 0.0333, 0.1, 0.15, 0.2333, 0.2833, 0.85],
            "transform": [
                [0.827047, 0.039807, 0.560722, 0.0, -0.005312, 0.997998, -0.063016, 0.4, -0.562108, 0.049138, 0.825603, 0.0, 0.0, 0.0, 0.0, 1.0],
                [0.756019, 0.047633, 0.652814, -0.0, -0.004822, 0.997727, -0.067216, 0.4, -0.654531, 0.047669, 0.75453, 0.0, 0.0, 0.0, 0.0, 1.0],
                [0.533229, 0.122662, 0.837031, 0.0, 0.009605, 0.988491, -0.150976, 0.4, -0.845916, 0.088544, 0.525914, -0.0, 0.0, 0.0, 0.0, 1.0],
                [0.997061, -0.025891, -0.07211, 0.0, 0.005886, 0.964274, -0.264842, 0.4, 0.076391, 0.26364, 0.961592, -0.0, 0.0, 0.0, 0.0, 1.0],
                [0.476128, -0.181625, -0.860415, -0.0, -0.099897, 0.960933, -0.258124, 0.4, 0.873683, 0.208853, 0.439383, 0.0, 0.0, 0.0, 0.0, 1.0],
                [0.392891, -0.178725, -0.90205, 0.0, -0.126276, 0.961153, -0.245435, 0.4, 0.910874, 0.210336, 0.35506, -0.0, 0.0, 0.0, 0.0, 1.0],
                [0.392891, -0.178725, -0.90205, 0.0, -0.126276, 0.961153, -0.245435, 0.4, 0.910874, 0.210336, 0.35506, -0.0, 0.0, 0.0, 0.0, 1.0]
            ]
        },
        {
            "name": "Shoulder_R",
            "time": [0.0, 0.0333, 0.1, 0.15, 0.2333, 0.85],
            "transform": [
                [0.020479, 0.952929, 0.302501, 0.0, -0.006165, -0.302439, 0.953149, 0.4, 0.999771, -0.021385, -0.000319, 0.0, 0.0, 0.0, 0.0, 1.0],
                [-0.048739, 0.952069, 0.301976, -0.0, -0.008659, -0.302727, 0.953038, 0.4, 0.998774, 0.043836, 0.022999, 0.0, 0.0, 0.0, 0.0, 1.0],
                [0.043858, 0.950267, 0.308332, 0.0, -0.003534, -0.308479, 0.951224, 0.4, 0.999031, -0.042808, -0.010171, -0.0, 0.0, 0.0, 0.0, 1.0],
                [0.043858, 0.950267, 0.308332, 0.0, -0.003534, -0.308479, 0.951224, 0.4, 0.999031, -0.042808, -0.010171, -0.0, 0.0, 0.0, 0.0, 1.0],
                [0.563015, 0.823126, 0.07401, -0.0, 0.162889, -0.198317, 0.966508, 0.4, 0.810235, -0.532103, -0.245734, 0.0, 0.0, 0.0, 0.0, 1.0],
                [0.563015, 0.823126, 0.07401, 0.0, 0.162889, -0.198317, 0.966508, 0.4, 0.810235, -0.532103, -0.245734, -0.0, 0.0, 0.0, 0.0, 1.0]
            ]
        },
        {
            "name": "Arm_R",
            "time": [0.0, 0.0333, 0.1, 0.15, 0.2333, 0.85],
            "transform": [
                [0.00414, -0.131805, -0.991267, -0.0, 0.826126, 0.559011, -0.070879, 0.393861, 0.563471, -0.818618, 0.111202, -0.0, 0.0, 0.0, 0.0, 1.0],
                [0.086122, -0.368924, -0.925461, 0.0, 0.520846, 0.808535, -0.273844, 0.393861, 0.849295, -0.458439, 0.261785, -0.0, 0.0, 0.0, 0.0, 1.0],
                [0.358693, -0.541046, -0.760663, 0.0, 0.282538, 0.839593, -0.463956, 0.393861, 0.889669, -0.048498, 0.454023, 0.0, 0.0, 0.0, 0.0, 1.0],
                [0.168845, -0.177924, 0.969451, 0.0, 0.88778, 0.454733, -0.071164, 0.393861, -0.428179, 0.872675, 0.234737, -0.0, 0.0, 0.0, 0.0, 1.0],
                [0.277226, -0.921516, -0.271942, 0.0, 0.439313, -0.130143, 0.888857, 0.393861, -0.854488, -0.365883, 0.368755, 0.0, 0.0, 0.0, 0.0, 1.0],
                [0.277226, -0.921517, -0.271943, -0.0, 0.439313, -0.130143, 0.888857, 0.39386, -0.854488, -0.365882, 0.368755, -0.0, 0.0, 0.0, 0.0, 1.0]
            ]
        },
        {
            "name": "Hand_R",
            "time": [0.0, 0.0333, 0.1, 0.2, 0.2333, 0.85],
            "transform": [
                [1.0, 0.0, 0.0, 0.0, -0.0, 0.95914, -0.282931, 0.3, -0.0, 0.282931, 0.95914, 0.0, 0.0, 0.0, 0.0, 1.0],
                [1.0, 0.0, 0.0, 0.0, -0.0, 0.732286, -0.680997, 0.3, -0.0, 0.680997, 0.732286, 0.0, 0.0, 0.0, 0.0, 1.0],
                [1.0, 0.0, 0.0, -0.0, -0.0, 0.292438, -0.956284, 0.3, -0.0, 0.956284, 0.292438, -0.0, 0.0, 0.0, 0.0, 1.0],
                [1.0, 0.0, 0.0, -0.0, -0.0, 0.996107, 0.088154, 0.3, -0.0, -0.088154, 0.996107, 0.0, 0.0, 0.0, 0.0, 1.0],
                [1.0, 0.0, 0.0, 0.0, 0.0, 0.999918, -0.012789, 0.3, -0.0, 0.012789, 0.999918, 0.0, 0.0, 0.0, 0.0, 1.0],
                [1.0, 0.0, 0.0, -0.0, -0.0, 0.999918, -0.012789, 0.3, -0.0, 0.012789, 0.999918, 0.0, 0.0, 0.0, 0.0, 1.0]
            ]
        },
        {
            "name": "Tool_R",
            "time": [0.0, 0.1, 0.15, 0.1833, 0.2667, 0.85],
            "transform": [
                [0.97951, 0.201178, -0.009393, 0.007016, 0.198803, -0.973302, -0.114719, 0.266779, -0.0322, 0.110425, -0.992767, -0.005808, 0.0, 0.0, 0.0, 1.0],
                [0.041048, 0.841016, 0.539451, 0.050738, 0.711952, 0.354189, -0.606362, 0.228897, -0.700605, 0.408715, -0.583885, -0.042, 0.0, 0.0, 0.0, 1.0],
                [0.999951, -0.00879, 0.004574, 0.0, -0.009063, -0.997943, 0.063459, 0.272858, 0.004004, -0.06347, -0.997383, -0.0, 0.0, 0.0, 0.0, 1.0],
                [0.999963, -0.006248, -0.005975, 0.0, -0.007973, -0.3993, -0.916786, 0.272858, 0.00334, 0.916252, -0.399108, 0.0, 0.0, 0.0, 0.0, 1.0],
                [0.999986, -0.001631, -0.005082, -0.0, -0.005059, -0.592893, -0.805265, 0.272858, -0.001699, 0.804797, -0.59255, 0.0, 0.0, 0.0, 0.0, 1.0],
                [0.999986, -0.001631, -0.005082, 0.0, -0.005059, -0.592893, -0.805266, 0.272858, -0.001699, 0.804797, -0.592551, -0.0, 0.0, 0.0, 0.0, 1.0]
            ]
        },
        {
            "name": "Elbow_R",
            "time": [0.0, 0.1, 0.2333, 0.85],
            "transform": [
                [-1.0, 0.0, -0.0, 0.0, 0.0, -0.0, -1.0, 0.337205, -0.0, -1.0, 0.0, 0.0, 0.0, 0.0, 0.0, 1.0],
                [-1.0, 0.0, 0.0, -0.0, -0.0, -0.0, -1.0, 0.429713, -0.0, -1.0, 0.0, -0.0, 0.0, 0.0, 0.0, 1.0],
                [-1.0, 0.0, -0.0, 0.0, 0.0, -0.0, -1.0, 0.311523, -0.0, -1.0, 0.0, -0.0, 0.0, 0.0, 0.0, 1.0],
                [-1.0, 0.0, -0.0, 0.0, 0.0, -0.0, -1.0, 0.311523, -0.0, -1.0, 0.0, 0.0, 0.0, 0.0, 0.0, 1.0]
            ]
        },
        {
            "name": "Shoulder_L",
            "time": [0.0, 0.1, 0.2333, 0.85],
            "transform": [
                [-0.087728, -0.919783, -0.382495, 0.0, 0.020602, -0.385569, 0.922449, 0.4, -0.995931, 0.073045, 0.052775, 0.0, 0.0, 0.0, 0.0, 1.0],
                [-0.656552, -0.69352, -0.296598, 0.0, 0.046113, -0.429389, 0.901942, 0.4, -0.75287, 0.578494, 0.313897, -0.0, 0.0, 0.0, 0.0, 1.0],
                [-0.656552, -0.69352, -0.296598, -0.0, 0.046113, -0.429389, 0.901942, 0.4, -0.75287, 0.578494, 0.313897, 0.0, 0.0, 0.0, 0.0, 1.0],
                [-0.656552, -0.69352, -0.296598, 0.0, 0.046113, -0.429389, 0.901941, 0.4, -0.75287, 0.578494, 0.313897, -0.0, 0.0, 0.0, 0.0, 1.0]
            ]
        },
        {
            "name": "Arm_L",
            "time": [0.0, 0.1, 0.2333, 0.85],
            "transform": [
                [0.024771, -0.735377, 0.677205, 0.0, -0.896006, 0.284093, 0.34127, 0.39386, -0.443351, -0.615233, -0.651865, -0.0, 0.0, 0.0, 0.0, 1.0],
                [0.17038, -0.698516, 0.695015, 0.0, -0.839422, 0.266519, 0.473643, 0.39386, -0.516082, -0.66411, -0.54094, -0.0, 0.0, 0.0, 0.0, 1.0],
                [-0.107778, -0.556481, 0.82384, -0.0, -0.85377, 0.476382, 0.210089, 0.393861, -0.509373, -0.680727, -0.52645, 0.0, 0.0, 0.0, 0.0, 1.0],
                [-0.107778, -0.556481, 0.82384, -0.0, -0.85377, 0.476382, 0.210089, 0.39386, -0.509373, -0.680727, -0.52645, 0.0, 0.0, 0.0, 0.0, 1.0]
            ]
        },
        {
            "name": "Hand_L",
            "time": [0.0, 0.2333, 0.85],
            "transform": [
                [1.0, 0.0, -0.0, 0.0, -0.0, 0.289344, -0.957225, 0.3, -0.0, 0.957225, 0.289344, -0.0, 0.0, 0.0, 0.0, 1.0],
                [1.0, 0.0, -0.0, 0.0, -0.0, 0.289351, -0.957223, 0.3, -0.0, 0.957223, 0.28935, 0.0, 0.0, 0.0, 0.0, 1.0],
                [1.0, 0.0, -0.0, 0.0, -0.0, 0.289351, -0.957224, 0.3, -0.0, 0.957223, 0.289351, 0.0, 0.0, 0.0, 0.0, 1.0]
            ]
        },
        {
            "name": "Tool_L",
            "time": [0.0, 0.2333, 0.85],
            "transform": [
                [0.997004, 0.01104, -0.076554, 0.0, -0.036659, -0.804078, -0.593391, 0.272858, -0.068067, 0.594062, -0.8008, -0.0, 0.0, 0.0, 0.0, 1.0],
                [0.997004, 0.01104, -0.076554, -0.0, -0.036659, -0.804079, -0.593392, 0.272858, -0.068067, 0.594062, -0.8008, -0.0, 0.0, 0.0, 0.0, 1.0],
                [0.997005, 0.01104, -0.076554, -0.0, -0.036659, -0.804079, -0.593392, 0.272858, -0.068067, 0.594062, -0.8008, -0.0, 0.0, 0.0, 0.0, 1.0]
            ]
        },
        {
            "name": "Elbow_L",
            "time": [0.0, 0.2333, 0.85],
            "transform": [
                [-1.0, 0.0, -0.0, 0.0, 0.0, -0.0, -1.0, 0.430016, -0.0, -1.0, 0.0, -0.0, 0.0, 0.0, 0.0, 1.0],
                [-1.0, 0.0, -0.0, 0.0, 0.0, -0.0, -1.0, 0.430016, -0.0, -1.0, -0.0, 0.0, 0.0, 0.0, 0.0, 1.0],
                [-1.0, 0.0, -0.0, 0.0, 0.0, -0.0, -1.0, 0.430016, -0.0, -1.0, 0.0, -0.0, 0.0, 0.0, 0.0, 1.0]
            ]
        }
    ]
}