{
    "animation": [
        {
            "name": "Root",
            "time": [0.0, 0.0833, 0.2, 0.2833, 0.3333, 0.4, 0.85],
            "transform": [
                [0.887032, 0.219832, -0.406015, -5e-06, -0.455679, 0.275172, -0.846544, 0.313012, -0.074374, 0.935924, 0.344259, 0.702256, 0.0, 0.0, 0.0, 1.0],
                [0.390407, 0.224204, -0.892925, -5e-06, -0.907774, -0.06785, -0.413936, 0.941135, -0.153391, 0.972177, 0.177038, 0.549943, 0.0, 0.0, 0.0, 1.0],
                [-0.822742, -0.014779, 0.568222, -5e-06, 0.567993, -0.059863, 0.820854, 1.53003, 0.021884, 0.998097, 0.057646, 0.725254, 0.0, 0.0, 0.0, 1.0],
                [0.806611, 0.019689, 0.590755, -5e-06, 0.570833, 0.233417, -0.787189, 2.297988, -0.153391, 0.972177, 0.177038, 0.634478, 0.0, 0.0, 0.0, 1.0],
                [0.973927, -0.022314, 0.225761, -5e-06, 0.211868, 0.445238, -0.869985, 2.974178, -0.081104, 0.895134, 0.438358, 0.549943, 0.0, 0.0, 0.0, 1.0],
                [0.991594, 0.027979, 0.12633, -5e-06, 0.100817, 0.444918, -0.889878, 2.971133, -0.081104, 0.895134, 0.438358, 0.549943, 0.0, 0.0, 0.0, 1.0],
                [0.991594, 0.027979, 0.12633, -5e-06, 0.100817, 0.444918, -0.889878, 2.971133, -0.081104, 0.895134, 0.438358, 0.549943, 0.0, 0.0, 0.0, 1.0]
            ]
        },
        {
            "name": "Thigh_R",
            "time": [0.0, 0.0833, 0.15, 0.2, 0.2833, 0.3333, 0.4, 0.85],
            "transform": [
                [0.911605, 0.338892, 0.232651, 0.124994, 0.00226, -0.570092, 0.821577, -0.002831, 0.411059, -0.748426, -0.520467, -1.2e-05, 0.0, 0.0, 0.0, 1.0],
                [0.733752, 0.676177, 0.066269, 0.124994, 0.198359, -0.306487, 0.930978, -0.002831, 0.649817, -0.66996, -0.359013, -1.2e-05, 0.0, 0.0, 0.0, 1.0],
                [0.801849, 0.595545, 0.048592, 0.124994, 0.260703, -0.421865, 0.868368, -0.002831, 0.537653, -0.683631, -0.493534, -1.2e-05, 0.0, 0.0, 0.0, 1.0],
                [0.975087, -0.221758, -0.005194, 0.124994, 0.01024, 0.021609, 0.999714, -0.002831, -0.221583, -0.97486, 0.023341, -1.2e-05, 0.0, 0.0, 0.0, 1.0],
                [0.793392, 0.604749, -0.069319, 0.124994, 0.031936, 0.072367, 0.996867, -0.002831, 0.607871, -0.793119, 0.038101, -1.2e-05, 0.0, 0.0, 0.0, 1.0],
                [0.977451, 0.194346, -0.082575, 0.124994, 0.078368, 0.029251, 0.996496, -0.002831, 0.196081, -0.980495, 0.013361, -1.1e-05, 0.0, 0.0, 0.0, 1.0],
                [0.99046, 0.131347, -0.041673, 0.124994, 0.040186, 0.013962, 0.999095, -0.002831, 0.13181, -0.991236, 0.00855, -1.2e-05, 0.0, 0.0, 0.0, 1.0],
                [0.99046, 0.131347, -0.041673, 0.124994, 0.040186, 0.013962, 0.999095, -0.002831, 0.13181, -0.991236, 0.00855, -1.2e-05, 0.0, 0.0, 0.0, 1.0]
            ]
        },
        {
            "name": "Leg_R",
            "time": [0.0, 0.0833, 0.15, 0.2, 0.2833, 0.3333, 0.4, 0.85],
            "transform": [
                [1.0, -1e-06, 1e-06, -0.0, -0.0, 0.462375, 0.886684, 0.37472, -1e-06, -0.886685, 0.462375, -0.0, 0.0, 0.0, 0.0, 1.0],
                [1.0, -1e-06, 0.0, -0.0, -0.0, 0.0531, 0.998588, 0.37472, -1e-06, -0.99859, 0.0531, 0.0, 0.0, 0.0, 0.0, 1.0],
                [1.0, -1e-06, 0.0, 0.0, -0.0, 0.024307, 0.999704, 0.37472, -1e-06, -0.999705, 0.024307, 0.0, 0.0, 0.0, 0.0, 1.0],
                [1.0, -1e-06, 0.0, -0.0, 0.0, 0.503593, 0.863941, 0.37472, -1e-06, -0.863942, 0.503592, -0.0, 0.0, 0.0, 0.0, 1.0],
                [1.0, -1e-06, 0.0, 0.0, -0.0, -0.223069, 0.974802, 0.37472, -1e-06, -0.974803, -0.223069, 0.0, 0.0, 0.0, 0.0, 1.0],
                [1.0, -1e-06, 0.0, 0.0, 0.0, 0.634359, 0.773038, 0.37472, -1e-06, -0.773039, 0.634358, -0.0, 0.0, 0.0, 0.0, 1.0],
                [1.0, -1e-06, 0.0, 0.0, 0.0, 0.687718, 0.725978, 0.37472, -1e-06, -0.725979, 0.687717, 0.0, 0.0, 0.0, 0.0, 1.0],
                [1.0, -1e-06, 0.0, 0.0, 0.0, 0.687718, 0.725978, 0.37472, -1e-06, -0.725979, 0.687717, 0.0, 0.0, 0.0, 0.0, 1.0]
            ]
        },
        {
            "name": "Knee_R",
            "time": [0.0, 0.0833, 0.15, 0.2, 0.3333, 0.85],
            "transform": [
                [1.0, -0.0, -0.0, -0.0, -0.0, 1e-06, -1.0, 0.43656, -0.0, 1.0, 1e-06, -0.0, 0.0, 0.0, 0.0, 1.0],
                [1.0, 0.0, -0.0, 0.0, -0.0, 1e-06, -1.0, 0.47495, -0.0, 1.0, 1e-06, -0.0, 0.0, 0.0, 0.0, 1.0],
                [1.0, 0.0, -0.0, 0.0, -0.0, 1e-06, -1.0, 0.477537, -0.0, 1.0, 1e-06, 0.0, 0.0, 0.0, 0.0, 1.0],
                [1.0, 0.0, -0.0, -0.0, -0.0, 1e-06, -1.0, 0.432332, -0.0, 1.0, 1e-06, -0.0, 0.0, 0.0, 0.0, 1.0],
                [1.0, 0.0, -0.0, 0.0, -0.0, 1e-06, -1.0, 0.418018, -0.0, 1.0, 1e-06, -0.0, 0.0, 0.0, 0.0, 1.0],
                [1.0, 0.0, -0.0, 0.0, -0.0, 1e-06, -1.0, 0.411627, -0.0, 1.0, 1e-06, 0.0, 0.0, 0.0, 0.0, 1.0]
            ]
        },
        {
            "name": "Thigh_L",
            "time": [0.0, 0.0833, 0.15, 0.2, 0.25, 0.2833, 0.3333, 0.4, 0.85],
            "transform": [
                [0.94875, -0.274816, -0.156039, -0.125006, 0.072743, -0.29059, 0.954078, -0.002831, -0.307539, -0.916533, -0.255707, -1.2e-05, 0.0, 0.0, 0.0, 1.0],
                [0.857478, -0.485725, -0.16971, -0.125006, -0.111006, -0.49672, 0.860782, -0.002831, -0.502402, -0.719263, -0.479846, -1.2e-05, 0.0, 0.0, 0.0, 1.0],
                [0.95288, -0.218144, -0.210789, -0.125006, -0.125537, -0.916165, 0.380634, -0.002831, -0.276151, -0.336237, -0.90038, -1.2e-05, 0.0, 0.0, 0.0, 1.0],
                [0.967611, -0.03032, -0.250616, -0.125006, -0.011065, -0.996901, 0.077885, -0.002831, -0.252201, -0.072589, -0.964948, -1.2e-05, 0.0, 0.0, 0.0, 1.0],
                [0.940637, -0.116936, -0.318632, -0.125006, 0.011536, -0.927221, 0.374338, -0.002831, -0.339216, -0.355792, -0.870829, -1.2e-05, 0.0, 0.0, 0.0, 1.0],
                [0.954857, -0.032985, -0.295228, -0.125006, -0.148077, -0.914397, -0.376764, -0.002831, -0.257528, 0.403473, -0.878002, -1.2e-05, 0.0, 0.0, 0.0, 1.0],
                [0.958335, -0.096992, -0.268672, -0.125006, -0.165486, -0.955178, -0.245456, -0.00283, -0.232822, 0.279691, -0.931432, -1.2e-05, 0.0, 0.0, 0.0, 1.0],
                [0.957601, -0.018597, -0.287496, -0.125006, -0.104566, -0.952298, -0.286694, -0.00283, -0.26845, 0.304602, -0.913866, -1.2e-05, 0.0, 0.0, 0.0, 1.0],
                [0.957601, -0.018597, -0.287496, -0.125006, -0.104566, -0.952298, -0.286694, -0.00283, -0.26845, 0.304602, -0.913866, -1.2e-05, 0.0, 0.0, 0.0, 1.0]
            ]
        },
        {
            "name": "Leg_L",
            "time": [0.0, 0.0833, 0.15, 0.2, 0.25, 0.2833, 0.3333, 0.4, 0.85],
            "transform": [
                [1.0, -1e-06, 0.0, 0.0, -0.0, -0.021437, 0.999771, 0.37472, -1e-06, -0.99977, -0.021437, -0.0, 0.0, 0.0, 0.0, 1.0],
                [1.0, -1e-06, 0.0, -0.0, 0.0, 0.576173, 0.817328, 0.37472, -1e-06, -0.817327, 0.576174, 0.0, 0.0, 0.0, 0.0, 1.0],
                [1.0, -1e-06, 1e-06, 0.0, -0.0, 0.578842, 0.81544, 0.37472, -1e-06, -0.81544, 0.578842, -0.0, 0.0, 0.0, 0.0, 1.0],
                [1.0, -1e-06, 1e-06, 0.0, 0.0, 0.88188, 0.471473, 0.37472, -1e-06, -0.471473, 0.881881, -0.0, 0.0, 0.0, 0.0, 1.0],
                [1.0, -1e-06, 1e-06, -0.0, -0.0, 0.645992, 0.763344, 0.37472, -1e-06, -0.763343, 0.645993, 0.0, 0.0, 0.0, 0.0, 1.0],
                [1.0, -0.0, 1e-06, 0.0, 0.0, 0.999986, 0.005145, 0.37472, -1e-06, -0.005144, 0.999987, 0.0, 0.0, 0.0, 0.0, 1.0],
                [1.0, -0.0, 1e-06, 0.0, 0.0, 0.999984, 0.00561, 0.37472, -1e-06, -0.00561, 0.999985, -0.0, 0.0, 0.0, 0.0, 1.0],
                [1.0, -0.0, 1e-06, -0.0, 0.0, 0.999986, 0.005304, 0.37472, -1e-06, -0.005304, 0.999986, -0.0, 0.0, 0.0, 0.0, 1.0],
                [1.0, -0.0, 1e-06, -0.0, 0.0, 0.999986, 0.005304, 0.37472, -1e-06, -0.005304, 0.999986, -0.0, 0.0, 0.0, 0.0, 1.0]
            ]
        },
        {
            "name": "Knee_L",
            "time": [0.0, 0.0833, 0.15, 0.2, 0.25, 0.2833, 0.3333, 0.85],
            "transform": [
                [1.0, 0.0, -0.0, 0.0, -0.0, 1e-06, -1.0, 0.47972, -0.0, 1.0, 1e-06, -0.0, 0.0, 0.0, 0.0, 1.0],
                [1.0, 0.0, -0.0, -0.0, -0.0, 1e-06, -1.0, 0.424584, -0.0, 1.0, 1e-06, 0.0, 0.0, 0.0, 0.0, 1.0],
                [1.0, 0.0, -0.0, 0.0, -0.0, 1e-06, -1.0, 0.424291, -0.0, 1.0, 1e-06, -0.0, 0.0, 0.0, 0.0, 1.0],
                [1.0, 0.0, -0.0, 0.0, -0.0, 1e-06, -1.0, 0.38276, -0.0, 1.0, 1e-06, -0.0, 0.0, 0.0, 0.0, 1.0],
                [1.0, 0.0, -0.0, -0.0, -0.0, 1e-06, -1.0, 0.416657, -0.0, 1.0, 1e-06, -0.0, 0.0, 0.0, 0.0, 1.0],
                [1.0, 0.0, -0.0, 0.0, -0.0, 1e-06, -1.0, 0.37472, -0.0, 1.0, 1e-06, 0.0, 0.0, 0.0, 0.0, 1.0],
                [1.0, 0.0, -0.0, 0.0, -0.0, 1e-06, -1.0, 0.37472, -0.0, 1.0, 1e-06, -0.0, 0.0, 0.0, 0.0, 1.0],
                [1.0, 0.0, -0.0, -0.0, -0.0, 1e-06, -1.0, 0.37472, 0.0, 1.0, 1e-06, -0.0, 0.0, 0.0, 0.0, 1.0]
            ]
        },
        {
            "name": "Torso",
            "time": [0.0, 0.15, 0.3333, 0.85],
            "transform": [
                [0.999902, 0.014012, -0.000328, 0.0, -0.014009, 0.99987, 0.007929, 0.05, 0.000439, -0.007923, 0.999968, -0.0, 0.0, 0.0, 0.0, 1.0],
                [0.998424, 0.056116, -0.000645, 0.0, -0.056067, 0.997921, 0.031775, 0.05, 0.002426, -0.031688, 0.999495, -0.0, 0.0, 0.0, 0.0, 1.0],
                [0.999755, 0.016939, -0.014264, 0.0, -0.01605, 0.998051, 0.060303, 0.05, 0.015257, -0.060059, 0.998078, 0.0, 0.0, 0.0, 0.0, 1.0],
                [0.999755, 0.016939, -0.014264, -0.0, -0.01605, 0.998051, 0.060303, 0.05, 0.015257, -0.060059, 0.998078, -0.0, 0.0, 0.0, 0.0, 1.0]
            ]
        },
        {
            "name": "Chest",
            "time": [0.0, 0.0833, 0.15, 0.3333, 0.85],
            "transform": [
                [0.988309, -0.061046, 0.139707, -0.0, 0.032023, 0.979016, 0.201249, 0.3, -0.149061, -0.194422, 0.969526, 0.0, 0.0, 0.0, 0.0, 1.0],
                [0.902297, -0.239068, 0.358757, 0.0, 0.157093, 0.957271, 0.242807, 0.3, -0.401475, -0.162726, 0.901298, -0.0, 0.0, 0.0, 0.0, 1.0],
                [0.842555, -0.058749, -0.535397, 0.0, 0.197375, 0.958563, 0.205426, 0.3, 0.501143, -0.278756, 0.819238, -0.0, 0.0, 0.0, 0.0, 1.0],
                [0.999504, 0.031372, 0.002581, -0.0, -0.031337, 0.983895, 0.175977, 0.3, 0.002981, -0.175971, 0.984391, 0.0, 0.0, 0.0, 0.0, 1.0],
                [0.999504, 0.031372, 0.002581, 0.0, -0.031337, 0.983895, 0.175977, 0.3, 0.002981, -0.175971, 0.984391, -0.0, 0.0, 0.0, 0.0, 1.0]
            ]
        },
        {
            "name": "Head",
            "time": [0.0, 0.0833, 0.15, 0.2, 0.25, 0.3333, 0.4, 0.85],
            "transform": [
                [0.901234, -0.148147, -0.407222, 0.0, -0.102302, 0.840441, -0.532159, 0.4, 0.421083, 0.52126, 0.742278, -0.0, 0.0, 0.0, 0.0, 1.0],
                [0.661044, -0.053847, -0.748412, -0.0, -0.199971, 0.948706, -0.244885, 0.4, 0.72321, 0.31154, 0.616369, -0.0, 0.0, 0.0, 0.0, 1.0],
                [0.893352, 0.253084, 0.371308, 0.0, -0.067061, 0.892145, -0.446743, 0.4, -0.444325, 0.374199, 0.813972, -0.0, 0.0, 0.0, 0.0, 1.0],
                [0.995976, 0.078631, -0.043004, -0.0, -0.087672, 0.954363, -0.285489, 0.4, 0.018593, 0.288111, 0.957417, -0.0, 0.0, 0.0, 0.0, 1.0],
                [0.846621, -0.076346, -0.526692, 0.0, -0.133491, 0.927555, -0.34903, 0.4, 0.515183, 0.365804, 0.775096, -0.0, 0.0, 0.0, 0.0, 1.0],
                [0.97537, -0.083043, -0.204348, -0.0, -0.036217, 0.853558, -0.519736, 0.4, 0.217583, 0.514336, 0.829528, -0.0, 0.0, 0.0, 0.0, 1.0],
                [0.9914, -0.102394, -0.081497, 0.0, 0.04548, 0.853504, -0.519099, 0.4, 0.12271, 0.510928, 0.85082, 0.0, 0.0, 0.0, 0.0, 1.0],
                [0.9914, -0.102394, -0.081497, 0.0, 0.04548, 0.853504, -0.519099, 0.4, 0.12271, 0.510928, 0.85082, 0.0, 0.0, 0.0, 0.0, 1.0]
            ]
        },
        {
            "name": "Shoulder_R",
            "time": [0.0, 0.0833, 0.1333, 0.1667, 0.3333, 0.3667, 0.85],
            "transform": [
                [0.833224, 0.548088, -0.073048, 0.0, 0.387974, -0.48539, 0.7835, 0.4, 0.393971, -0.681172, -0.617083, -0.0, 0.0, 0.0, 0.0, 1.0],
                [0.833224, 0.548088, -0.073048, -0.0, 0.387974, -0.48539, 0.7835, 0.4, 0.393971, -0.681172, -0.617083, -0.0, 0.0, 0.0, 0.0, 1.0],
                [0.635454, 0.565131, 0.526141, -0.0, -0.54323, -0.157037, 0.824767, 0.4, 0.548725, -0.809917, 0.207206, -0.0, 0.0, 0.0, 0.0, 1.0],
                [-0.219965, 0.914028, 0.340833, 0.0, -0.719183, -0.388006, 0.576391, 0.4, 0.659083, -0.118336, 0.742702, 0.0, 0.0, 0.0, 0.0, 1.0],
                [-0.28009, 0.908971, 0.308742, -0.0, 0.371988, -0.193719, 0.907798, 0.4, 0.884971, 0.369113, -0.283867, -0.0, 0.0, 0.0, 0.0, 1.0],
                [-0.288974, 0.898582, 0.330219, -0.0, 0.478976, -0.162952, 0.862571, 0.399999, 0.8289, 0.407428, -0.383311, -0.0, 0.0, 0.0, 0.0, 1.0],
                [-0.288974, 0.898582, 0.330219, 0.0, 0.478976, -0.162952, 0.862571, 0.4, 0.8289, 0.407428, -0.38331, 0.0, 0.0, 0.0, 0.0, 1.0]
            ]
        },
        {
            "name": "Arm_R",
            "time": [0.0, 0.0833, 0.1333, 0.1667, 0.25, 0.3333, 0.3667, 0.85],
            "transform": [
                [0.387537, -0.920204, 0.055138, 0.073048, -0.917705, -0.390771, -0.071531, 0.221468, 0.087369, -0.02288, -0.995914, 0.027558, 0.0, 0.0, 0.0, 1.0],
                [0.387537, -0.920204, 0.055138, 0.073048, -0.917705, -0.390771, -0.071531, 0.221468, 0.087369, -0.02288, -0.995914, 0.027558, 0.0, 0.0, 0.0, 1.0],
                [-0.488925, -0.702894, 0.516617, 0.0, -0.430177, -0.320933, -0.843771, 0.39386, 0.758881, -0.634777, -0.145456, 0.0, 0.0, 0.0, 0.0, 1.0],
                [-0.672298, -0.706195, -0.222044, -0.021175, -0.41702, 0.609111, -0.674595, 0.386885, 0.611645, -0.360932, -0.704002, 0.06713, 0.0, 0.0, 0.0, 1.0],
                [0.143584, -0.264632, -0.9536, 0.014018, -0.319099, 0.89974, -0.297732, 0.371299, 0.936781, 0.347043, 0.044745, 0.072579, 0.0, 0.0, 0.0, 1.0],
                [0.787044, 0.302353, -0.537721, 0.045339, -0.05878, 0.904444, 0.422523, 0.38748, 0.61409, -0.300937, 0.72961, 0.031578, 0.0, 0.0, 0.0, 1.0],
                [0.854754, 0.327154, -0.402948, 0.041871, -0.079128, 0.849402, 0.52178, 0.395333, 0.512967, -0.414109, 0.751916, 0.016977, 0.0, 0.0, 0.0, 1.0],
                [0.854753, 0.327154, -0.402948, 0.041871, -0.079128, 0.849403, 0.52178, 0.395333, 0.512968, -0.414109, 0.751916, 0.016977, 0.0, 0.0, 0.0, 1.0]
            ]
        },
        {
            "name": "Hand_R",
            "time": [0.0, 0.0833, 0.1333, 0.1667, 0.1833, 0.25, 0.85],
            "transform": [
                [1.0, 0.0, 0.0, -0.0, -0.0, 0.993937, 0.109947, 0.3, -0.0, -0.109947, 0.993937, 0.0, 0.0, 0.0, 0.0, 1.0],
                [1.0, 0.0, 0.0, -0.0, -0.0, 0.993937, 0.109947, 0.3, -0.0, -0.109947, 0.993937, 0.0, 0.0, 0.0, 0.0, 1.0],
                [1.0, 0.0, 0.0, 0.0, -0.0, 0.993763, 0.111509, 0.3, -0.0, -0.111509, 0.993763, 0.0, 0.0, 0.0, 0.0, 1.0],
                [1.0, 0.0, 0.0, 0.0, -0.0, 0.686434, -0.727192, 0.3, -0.0, 0.727192, 0.686434, -0.0, 0.0, 0.0, 0.0, 1.0],
                [1.0, 0.0, 0.0, 0.0, -0.0, 0.999822, 0.018885, 0.3, -0.0, -0.018885, 0.999822, 0.0, 0.0, 0.0, 0.0, 1.0],
                [1.0, 0.0, 0.0, 0.0, -0.0, 0.998093, 0.061728, 0.3, -0.0, -0.061728, 0.998093, -0.0, 0.0, 0.0, 0.0, 1.0],
                [1.0, 0.0, 0.0, 0.0, -0.0, 0.998093, 0.061728, 0.3, -0.0, -0.061728, 0.998093, -0.0, 0.0, 0.0, 0.0, 1.0]
            ]
        },
        {
            "name": "Tool_R",
            "time": [0.0, 0.0833, 0.1167, 0.1333, 0.1667, 0.1833, 0.85],
            "transform": [
                [0.048695, 0.984154, -0.170499, -0.042584, 0.998774, -0.049503, -0.000485, 0.288613, -0.008901, -0.170165, -0.984772, -0.019478, 0.0, 0.0, 0.0, 1.0],
                [0.048695, 0.984154, -0.170499, -0.042584, 0.998774, -0.049503, -0.000485, 0.288613, -0.008901, -0.170165, -0.984772, -0.019477, 0.0, 0.0, 0.0, 1.0],
                [0.669023, 0.743188, 0.009017, 0.034574, 0.739759, -0.664665, -0.104775, 0.268547, -0.071823, 0.076715, -0.993865, 0.003398, 0.0, 0.0, 0.0, 1.0],
                [0.994912, -0.07122, 0.071263, 0.006453, -0.047112, -0.954095, -0.295775, 0.277385, 0.089004, 0.290729, -0.952032, -0.001822, 0.0, 0.0, 0.0, 1.0],
                [0.996317, -0.08207, 0.024848, -0.010286, -0.085743, -0.957057, 0.276931, 0.276664, 0.001051, -0.277886, -0.959994, -0.004705, 0.0, 0.0, 0.0, 1.0],
                [0.999695, -0.019018, -0.015783, -0.015347, -0.024502, -0.846239, -0.53224, 0.278536, -0.003232, 0.532138, -0.845949, -0.00702, 0.0, 0.0, 0.0, 1.0],
                [0.999695, -0.019018, -0.015783, -0.015347, -0.024502, -0.846239, -0.53224, 0.278536, -0.003232, 0.532138, -0.845949, -0.00702, 0.0, 0.0, 0.0, 1.0]
            ]
        },
        {
            "name": "Elbow_R",
            "time": [0.0, 0.0833, 0.1333, 0.1667, 0.1833, 0.25, 0.85],
            "transform": [
                [-1.0, 0.0, -0.0, -0.0, 0.0, -0.0, -1.0, 0.3, -0.0, -1.0, 0.0, 0.0, 0.0, 0.0, 0.0, 1.0],
                [-1.0, 0.0, -0.0, -0.0, 0.0, -0.0, -1.0, 0.3, -0.0, -1.0, 0.0, 0.0, 0.0, 0.0, 0.0, 1.0],
                [-1.0, 0.0, -0.0, -0.0, -0.0, -0.0, -1.0, 0.3, -0.0, -1.0, 0.0, 0.0, 0.0, 0.0, 0.0, 1.0],
                [-1.0, 0.0, -0.0, 0.0, 0.0, -0.0, -1.0, 0.386626, -0.0, -1.0, 0.0, -0.0, 0.0, 0.0, 0.0, 1.0],
                [-1.0, 0.0, -0.0, -0.0, 0.0, -0.0, -1.0, 0.308554, -0.0, -1.0, 0.0, 0.0, 0.0, 0.0, 0.0, 1.0],
                [-1.0, 0.0, -0.0, -0.0, 0.0, 0.0, -1.0, 0.304536, -0.0, -1.0, 0.0, -0.0, 0.0, 0.0, 0.0, 1.0],
                [-1.0, 0.0, -0.0, 0.0, 0.0, -0.0, -1.0, 0.304536, -0.0, -1.0, 0.0, -0.0, 0.0, 0.0, 0.0, 1.0]
            ]
        },
        {
            "name": "Shoulder_L",
            "time": [0.0, 0.0833, 0.1333, 0.1667, 0.2167, 0.85],
            "transform": [
                [0.3552, -0.928755, -0.106055, 0.0, -0.703423, -0.34028, 0.624024, 0.4, -0.615653, -0.147051, -0.774175, -0.0, 0.0, 0.0, 0.0, 1.0],
                [0.3552, -0.928755, -0.106055, -0.0, -0.703423, -0.34028, 0.624024, 0.4, -0.615654, -0.147052, -0.774175, -0.0, 0.0, 0.0, 0.0, 1.0],
                [-0.112157, -0.927965, -0.35539, -0.0, -0.533027, -0.245655, 0.809651, 0.4, -0.838631, 0.280241, -0.467079, -0.0, 0.0, 0.0, 0.0, 1.0],
                [-0.172765, -0.956398, -0.23549, 0.0, -0.200585, -0.199912, 0.959063, 0.4, -0.964323, 0.212928, -0.157301, 0.0, 0.0, 0.0, 0.0, 1.0],
                [0.297007, -0.889475, -0.347305, -0.0, -0.311981, -0.43415, 0.845093, 0.4, -0.902471, -0.142646, -0.406445, 0.0, 0.0, 0.0, 0.0, 1.0],
                [0.297007, -0.889475, -0.347305, 0.0, -0.311981, -0.43415, 0.845093, 0.4, -0.902471, -0.142646, -0.406445, 0.0, 0.0, 0.0, 0.0, 1.0]
            ]
        },
        {
            "name": "Arm_L",
            "time": [0.0, 0.0833, 0.1167, 0.1333, 0.15, 0.1667, 0.2167, 0.85],
            "transform": [
                [0.268573, 0.155232, 0.950669, -0.108041, -0.924954, 0.317108, 0.209528, 0.371499, -0.268939, -0.935599, 0.22875, -0.003527, 0.0, 0.0, 0.0, 1.0],
                [0.268573, 0.155232, 0.950669, -0.108041, -0.924954, 0.317108, 0.209528, 0.371499, -0.268939, -0.935599, 0.22875, -0.003527, 0.0, 0.0, 0.0, 1.0],
                [0.224399, 0.124715, 0.966484, 0.0, -0.673909, 0.736253, 0.061462, 0.39386, -0.703912, -0.665114, 0.249261, 0.0, 0.0, 0.0, 0.0, 1.0],
                [0.214118, 0.073989, 0.974002, 0.0, -0.072587, 0.995575, -0.059671, 0.39386, -0.974107, -0.057923, 0.218541, -0.0, 0.0, 0.0, 0.0, 1.0],
                [0.033163, 0.594181, 0.803647, -0.064702, -0.003377, 0.804152, -0.594415, 0.380112, -0.999444, 0.016999, 0.028674, 0.017975, 0.0, 0.0, 0.0, 1.0],
                [0.003929, 0.209423, 0.977817, -0.06473, 0.073325, 0.975132, -0.209143, 0.362674, -0.9973, 0.07252, -0.011524, 0.087911, 0.0, 0.0, 0.0, 1.0],
                [-0.020451, -0.052534, 0.99841, -0.011186, -0.663698, 0.747557, 0.02574, 0.445684, -0.747721, -0.662117, -0.050155, 0.053225, 0.0, 0.0, 0.0, 1.0],
                [-0.020451, -0.052534, 0.99841, -0.011186, -0.663698, 0.747557, 0.02574, 0.445685, -0.747721, -0.662116, -0.050155, 0.053225, 0.0, 0.0, 0.0, 1.0]
            ]
        },
        {
            "name": "Hand_L",
            "time": [0.0, 0.0833, 0.1333, 0.15, 0.1667, 0.2167, 0.85],
            "transform": [
                [1.0, 0.0, -0.0, 0.0, -0.0, 0.089385, -0.995998, 0.3, -0.0, 0.995998, 0.089384, 0.0, 0.0, 0.0, 0.0, 1.0],
                [1.0, 0.0, 0.0, 0.0, -0.0, 0.089385, -0.995998, 0.3, -0.0, 0.995998, 0.089384, 0.0, 0.0, 0.0, 0.0, 1.0],
                [1.0, 0.0, -0.0, -0.0, 0.0, 0.10503, -0.994469, 0.3, -0.0, 0.994469, 0.10503, -0.0, 0.0, 0.0, 0.0, 1.0],
                [1.0, -0.0, 0.0, 0.0, 0.0, 0.6598, -0.751442, 0.3, -0.0, 0.751442, 0.6598, 0.0, 0.0, 0.0, 0.0, 1.0],
                [1.0, 0.0, 0.0, -0.0, 0.0, 0.808081, -0.589072, 0.3, 0.0, 0.589072, 0.808081, -0.0, 0.0, 0.0, 0.0, 1.0],
                [1.0, 0.0, 0.0, 0.0, -0.0, 0.552547, -0.833482, 0.3, -0.0, 0.833482, 0.552547, 0.0, 0.0, 0.0, 0.0, 1.0],
                [1.0, 0.0, -0.0, -0.0, 0.0, 0.552547, -0.833482, 0.3, -0.0, 0.833482, 0.552547, 0.0, 0.0, 0.0, 0.0, 1.0]
            ]
        },
        {
            "name": "Tool_L",
            "time": [0.0, 0.0833, 0.1167, 0.1333, 0.15, 0.1667, 0.2167, 0.85],
            "transform": [
                [0.989189, -0.081549, 0.121882, 0.019384, -0.036561, -0.942019, -0.333563, 0.177616, 0.141932, 0.325297, -0.934265, -0.04285, 0.0, 0.0, 0.0, 1.0],
                [0.989189, -0.081549, 0.121882, 0.019384, -0.036561, -0.942019, -0.333563, 0.177616, 0.141932, 0.325297, -0.934265, -0.04285, 0.0, 0.0, 0.0, 1.0],
                [0.917196, 0.300253, 0.261914, 0.040572, 0.394234, -0.7791, -0.487424, 0.307324, 0.057677, 0.549984, -0.83247, -0.011677, 0.0, 0.0, 0.0, 1.0],
                [0.84589, 0.426962, 0.319646, 0.019557, 0.532999, -0.654739, -0.535938, 0.31021, -0.019523, 0.623338, -0.78095, 0.006684, 0.0, 0.0, 0.0, 1.0],
                [0.833226, 0.462011, 0.303775, 0.025823, 0.550395, -0.745589, -0.375715, 0.315466, 0.052881, 0.479959, -0.875018, 0.017654, 0.0, 0.0, 0.0, 1.0],
                [0.937155, 0.326663, 0.122606, 0.036532, 0.301849, -0.935291, 0.184708, 0.309135, 0.174909, -0.136021, -0.974536, 0.021467, 0.0, 0.0, 0.0, 1.0],
                [0.994308, 0.075845, 0.07483, 0.009789, 0.083653, -0.990688, -0.107422, 0.256427, 0.065948, 0.112992, -0.990807, -0.007158, 0.0, 0.0, 0.0, 1.0],
                [0.994308, 0.075845, 0.07483, 0.009789, 0.083653, -0.990688, -0.107422, 0.256427, 0.065948, 0.112992, -0.990807, -0.007158, 0.0, 0.0, 0.0, 1.0]
            ]
        },
        {
            "name": "Elbow_L",
            "time": [0.0, 0.0833, 0.1333, 0.15, 0.1667, 0.2167, 0.85],
            "transform": [
                [-1.0, 0.0, -0.0, -0.0, -0.0, -0.0, -1.0, 0.4472, -0.0, -1.0, -0.0, 0.0, 0.0, 0.0, 0.0, 1.0],
                [-1.0, 0.0, -0.0, 0.0, 0.0, -0.0, -1.0, 0.4472, -0.0, -1.0, -0.0, 0.0, 0.0, 0.0, 0.0, 1.0],
                [-1.0, 0.0, 0.0, -0.0, 0.0, -0.0, -1.0, 0.4472, -0.0, -1.0, -0.0, 0.0, 0.0, 0.0, 0.0, 1.0],
                [-1.0, 0.0, 0.0, 0.0, 0.0, -0.0, -1.0, 0.390001, -0.0, -1.0, 0.0, 0.0, 0.0, 0.0, 0.0, 1.0],
                [-1.0, 0.0, 0.0, 0.0, 0.0, -0.0, -1.0, 0.369353, -0.0, -1.0, 0.0, -0.0, 0.0, 0.0, 0.0, 1.0],
                [-1.0, 0.0, -0.0, 0.0, 0.0, -0.0, -1.0, 0.402664, -0.0, -1.0, -0.0, 0.0, 0.0, 0.0, 0.0, 1.0],
                [-1.0, 0.0, 0.0, -0.0, 0.0, -0.0, -1.0, 0.402664, -0.0, -1.0, -0.0, 0.0, 0.0, 0.0, 0.0, 1.0]
            ]
        }
    ]
}