{
    "animation": [
        {
            "name": "Root",
            "time": [0.0, 0.0667, 0.1333, 0.2167, 0.8333],
            "transform": [
                [0.877457, 0.0, 0.479656, -5e-06, 0.479656, 0.0, -0.877457, 0.000946, 0.0, 1.0, 0.0, 0.645843, 0.0, 0.0, 0.0, 1.0],
                [0.664168, -0.031226, 0.746931, -5e-06, 0.731677, 0.232155, -0.640899, 0.178886, -0.153391, 0.972177, 0.177038, 0.549943, 0.0, 0.0, 0.0, 1.0],
                [0.978137, 8.1e-05, -0.20796, -5e-06, -0.188452, 0.423212, -0.886215, 0.214212, 0.087939, 0.906031, 0.413975, 0.536182, 0.0, 0.0, 0.0, 1.0],
                [0.947201, 0.000139, -0.320639, -5e-06, -0.289705, 0.428911, -0.855632, 0.262243, 0.137406, 0.903347, 0.406305, 0.484948, 0.0, 0.0, 0.0, 1.0],
                [0.947201, 0.000139, -0.320639, -5e-06, -0.289705, 0.428911, -0.855632, 0.262243, 0.137406, 0.903347, 0.406305, 0.484948, 0.0, 0.0, 0.0, 1.0]
            ]
        },
        {
            "name": "Thigh_R",
            "time": [0.0, 0.0667, 0.1167, 0.1333, 0.15, 0.2167, 0.8333],
            "transform": [
                [0.863385, 0.422898, 0.275178, 0.124994, 0.114489, -0.695381, 0.709462, -0.002831, 0.491384, -0.581033, -0.6488, -1.2e-05, 0.0, 0.0, 0.0, 1.0],
                [0.733752, 0.676177, 0.066269, 0.124994, 0.198359, -0.306488, 0.930978, -0.002831, 0.649817, -0.66996, -0.359013, -1.2e-05, 0.0, 0.0, 0.0, 1.0],
                [0.984837, -0.060727, -0.162506, 0.124994, 0.16035, -0.038868, 0.986295, -0.002831, -0.066212, -0.997395, -0.028542, -1.2e-05, 0.0, 0.0, 0.0, 1.0],
                [0.979411, -0.199823, -0.028718, 0.124994, 0.029071, -0.00117, 0.999577, -0.002831, -0.199772, -0.979829, 0.004663, -1.2e-05, 0.0, 0.0, 0.0, 1.0],
                [0.975087, -0.221758, -0.005194, 0.124994, 0.01024, 0.021609, 0.999714, -0.002831, -0.221583, -0.97486, 0.023341, -1.2e-05, 0.0, 0.0, 0.0, 1.0],
                [0.960099, -0.268101, 0.079571, 0.124994, -0.044335, 0.135011, 0.989852, -0.002831, -0.276124, -0.953882, 0.117737, -1.2e-05, 0.0, 0.0, 0.0, 1.0],
                [0.960099, -0.268101, 0.079571, 0.124994, -0.044335, 0.135011, 0.989852, -0.002831, -0.276124, -0.953882, 0.117737, -1.2e-05, 0.0, 0.0, 0.0, 1.0]
            ]
        },
        {
            "name": "Leg_R",
            "time": [0.0, 0.0667, 0.1167, 0.1333, 0.15, 0.2167, 0.8333],
            "transform": [
                [1.0, -0.0, 1e-06, 0.0, -0.0, 0.632529, 0.774537, 0.37472, -1e-06, -0.774538, 0.632528, -0.0, 0.0, 0.0, 0.0, 1.0],
                [1.0, -1e-06, 0.0, -0.0, -0.0, 0.0531, 0.998588, 0.37472, -1e-06, -0.99859, 0.0531, 0.0, 0.0, 0.0, 0.0, 1.0],
                [1.0, -1e-06, 0.0, -0.0, 0.0, 0.323057, 0.946379, 0.37472, -1e-06, -0.94638, 0.323057, -0.0, 0.0, 0.0, 0.0, 1.0],
                [1.0, -1e-06, 0.0, -0.0, 0.0, 0.472007, 0.881595, 0.37472, -1e-06, -0.881596, 0.472006, 0.0, 0.0, 0.0, 0.0, 1.0],
                [1.0, -1e-06, 0.0, 0.0, 0.0, 0.503593, 0.863941, 0.37472, -1e-06, -0.863942, 0.503592, 0.0, 0.0, 0.0, 0.0, 1.0],
                [1.0, -1e-06, 0.0, -0.0, 0.0, 0.299393, 0.954129, 0.37472, -1e-06, -0.954131, 0.299393, -0.0, 0.0, 0.0, 0.0, 1.0],
                [1.0, -1e-06, 0.0, -0.0, 0.0, 0.299393, 0.954129, 0.37472, -1e-06, -0.954131, 0.299393, -0.0, 0.0, 0.0, 0.0, 1.0]
            ]
        },
        {
            "name": "Knee_R",
            "time": [0.0, 0.0667, 0.1167, 0.1333, 0.15, 0.2167, 0.8333],
            "transform": [
                [1.0, 0.0, -0.0, 0.0, -0.0, 1e-06, -1.0, 0.418229, -0.0, 1.0, 1e-06, -0.0, 0.0, 0.0, 0.0, 1.0],
                [1.0, 0.0, -0.0, -0.0, -0.0, 1e-06, -1.0, 0.47495, -0.0, 1.0, 1e-06, -0.0, 0.0, 0.0, 0.0, 1.0],
                [1.0, 0.0, -0.0, 0.0, -0.0, 1e-06, -1.0, 0.450182, -0.0, 1.0, 1e-06, -0.0, 0.0, 0.0, 0.0, 1.0],
                [1.0, 0.0, -0.0, 0.0, -0.0, 1e-06, -1.0, 0.435582, -0.0, 1.0, 1e-06, 0.0, 0.0, 0.0, 0.0, 1.0],
                [1.0, 0.0, -0.0, 0.0, -0.0, 1e-06, -1.0, 0.432332, -0.0, 1.0, 1e-06, -0.0, 0.0, 0.0, 0.0, 1.0],
                [1.0, 0.0, -0.0, 0.0, -0.0, 1e-06, -1.0, 0.452418, -0.0, 1.0, 0.0, -0.0, 0.0, 0.0, 0.0, 1.0],
                [1.0, 0.0, -0.0, 0.0, -0.0, 1e-06, -1.0, 0.452418, -0.0, 1.0, 0.0, -0.0, 0.0, 0.0, 0.0, 1.0]
            ]
        },
        {
            "name": "Thigh_L",
            "time": [0.0, 0.0333, 0.0667, 0.1167, 0.2167, 0.8333],
            "transform": [
                [0.826397, -0.509377, -0.240003, -0.125006, -0.448943, -0.853302, 0.265188, -0.002831, -0.339876, -0.111403, -0.933849, -1.2e-05, 0.0, 0.0, 0.0, 1.0],
                [0.850824, -0.501801, -0.155866, -0.125006, -0.437735, -0.840981, 0.318022, -0.002831, -0.290664, -0.202353, -0.935183, -1.2e-05, 0.0, 0.0, 0.0, 1.0],
                [0.861115, -0.496719, -0.108399, -0.125006, -0.436205, -0.831356, 0.344344, -0.002831, -0.26116, -0.249236, -0.932564, -1.2e-05, 0.0, 0.0, 0.0, 1.0],
                [0.954955, -0.176763, -0.238359, -0.125006, -0.11738, -0.962728, 0.243674, -0.002831, -0.272548, -0.204719, -0.94011, -1.2e-05, 0.0, 0.0, 0.0, 1.0],
                [0.946131, 0.084802, -0.31248, -0.125006, -0.007559, -0.959044, -0.283157, -0.00283, -0.323694, 0.270266, -0.90674, -1.2e-05, 0.0, 0.0, 0.0, 1.0],
                [0.946131, 0.084802, -0.31248, -0.125006, -0.007559, -0.959044, -0.283157, -0.00283, -0.323694, 0.270266, -0.90674, -1.2e-05, 0.0, 0.0, 0.0, 1.0]
            ]
        },
        {
            "name": "Leg_L",
            "time": [0.0, 0.0333, 0.0667, 0.1167, 0.2167, 0.8333],
            "transform": [
                [1.0, -1e-06, 1e-06, 0.0, -0.0, 0.780058, 0.625707, 0.37472, -1e-06, -0.625707, 0.780059, 0.0, 0.0, 0.0, 0.0, 1.0],
                [1.0, -1e-06, 1e-06, -0.0, 0.0, 0.727734, 0.68586, 0.37472, -1e-06, -0.685859, 0.727734, -0.0, 0.0, 0.0, 0.0, 1.0],
                [1.0, -1e-06, 1e-06, -0.0, -0.0, 0.74807, 0.66362, 0.37472, -1e-06, -0.663619, 0.748071, -0.0, 0.0, 0.0, 0.0, 1.0],
                [1.0, -1e-06, 1e-06, 0.0, -0.0, 0.562008, 0.827132, 0.37472, -1e-06, -0.827131, 0.562009, -0.0, 0.0, 0.0, 0.0, 1.0],
                [1.0, -0.0, 1e-06, 0.0, 0.0, 0.937333, 0.348435, 0.37472, -1e-06, -0.348434, 0.937333, -0.0, 0.0, 0.0, 0.0, 1.0],
                [1.0, -0.0, 1e-06, 0.0, 0.0, 0.937333, 0.348435, 0.37472, -1e-06, -0.348434, 0.937333, -0.0, 0.0, 0.0, 0.0, 1.0]
            ]
        },
        {
            "name": "Knee_L",
            "time": [0.0, 0.0333, 0.0667, 0.1167, 0.2167, 0.8333],
            "transform": [
                [1.0, 0.0, -0.0, 0.0, -0.0, 1e-06, -1.0, 0.399378, -0.0, 1.0, 1e-06, 0.0, 0.0, 0.0, 0.0, 1.0],
                [1.0, 0.0, -0.0, 0.0, -0.0, 1e-06, -1.0, 0.406539, -0.0, 1.0, 1e-06, -0.0, 0.0, 0.0, 0.0, 1.0],
                [1.0, 0.0, -0.0, -0.0, -0.0, 1e-06, -1.0, 0.403833, -0.0, 1.0, 1e-06, -0.0, 0.0, 0.0, 0.0, 1.0],
                [1.0, 0.0, -0.0, 0.0, -0.0, 1e-06, -1.0, 0.426131, -0.0, 1.0, 1e-06, -0.0, 0.0, 0.0, 0.0, 1.0],
                [1.0, 0.0, -0.0, 0.0, -0.0, 1e-06, -1.0, 0.37472, -0.0, 1.0, 1e-06, 0.0, 0.0, 0.0, 0.0, 1.0],
                [1.0, 0.0, -0.0, 0.0, -0.0, 1e-06, -1.0, 0.37472, -0.0, 1.0, 1e-06, 0.0, 0.0, 0.0, 0.0, 1.0]
            ]
        },
        {
            "name": "Torso",
            "time": [0.0, 0.1167, 0.8333],
            "transform": [
                [0.988911, 0.148238, 0.008976, 0.0, -0.148502, 0.986451, 0.069723, 0.05, 0.001481, -0.070283, 0.997526, 0.0, 0.0, 0.0, 0.0, 1.0],
                [0.998424, 0.056116, -0.000645, 0.0, -0.056067, 0.997921, 0.031775, 0.05, 0.002426, -0.031688, 0.999495, 0.0, 0.0, 0.0, 0.0, 1.0],
                [0.998424, 0.056116, -0.000645, 0.0, -0.056067, 0.997922, 0.031775, 0.05, 0.002426, -0.031688, 0.999495, -0.0, 0.0, 0.0, 0.0, 1.0]
            ]
        },
        {
            "name": "Chest",
            "time": [0.0, 0.0667, 0.1167, 0.2167, 0.8333],
            "transform": [
                [0.953199, -0.125684, 0.274981, 0.0, 0.049476, 0.962083, 0.268232, 0.3, -0.298267, -0.242074, 0.923275, 0.0, 0.0, 0.0, 0.0, 1.0],
                [0.902297, -0.239068, 0.358757, -0.0, 0.157093, 0.95727, 0.242807, 0.3, -0.401475, -0.162726, 0.901298, 0.0, 0.0, 0.0, 0.0, 1.0],
                [0.842555, -0.058749, -0.535397, 0.0, 0.197375, 0.958563, 0.205426, 0.3, 0.501143, -0.278756, 0.819238, 0.0, 0.0, 0.0, 0.0, 1.0],
                [0.853281, -0.091239, -0.513407, 0.0, 0.216943, 0.957434, 0.19041, 0.3, 0.47418, -0.273853, 0.836754, 0.0, 0.0, 0.0, 0.0, 1.0],
                [0.853281, -0.091239, -0.513407, 0.0, 0.216943, 0.957434, 0.19041, 0.3, 0.47418, -0.273853, 0.836754, 0.0, 0.0, 0.0, 0.0, 1.0]
            ]
        },
        {
            "name": "Head",
            "time": [0.0, 0.0667, 0.1, 0.1167, 0.1333, 0.2167, 0.8333],
            "transform": [
                [0.686705, -0.112948, -0.718108, 0.0, -0.135289, 0.95074, -0.27891, 0.4, 0.714236, 0.288681, 0.637597, -0.0, 0.0, 0.0, 0.0, 1.0],
                [0.661044, -0.053847, -0.748412, 0.0, -0.199971, 0.948706, -0.244885, 0.4, 0.72321, 0.31154, 0.616369, 0.0, 0.0, 0.0, 0.0, 1.0],
                [0.992987, 0.117147, 0.015939, -0.0, -0.080547, 0.769026, -0.634122, 0.4, -0.086543, 0.628391, 0.773069, 0.0, 0.0, 0.0, 0.0, 1.0],
                [0.87399, 0.381726, 0.300712, 0.0, -0.091647, 0.737194, -0.669437, 0.4, -0.477225, 0.557521, 0.679284, 0.0, 0.0, 0.0, 0.0, 1.0],
                [0.725057, 0.441283, 0.528736, -0.0, 0.04785, 0.733608, -0.677886, 0.4, -0.687025, 0.516806, 0.510792, 0.0, 0.0, 0.0, 0.0, 1.0],
                [0.669884, 0.491525, 0.55647, -0.0, 0.061661, 0.71007, -0.701426, 0.4, -0.739901, 0.504187, 0.445357, -0.0, 0.0, 0.0, 0.0, 1.0],
                [0.669884, 0.491525, 0.55647, -0.0, 0.061661, 0.71007, -0.701426, 0.4, -0.739901, 0.504187, 0.445357, -0.0, 0.0, 0.0, 0.0, 1.0]
            ]
        },
        {
            "name": "Shoulder_R",
            "time": [0.0, 0.0333, 0.0667, 0.1, 0.15, 0.8333],
            "transform": [
                [0.833224, 0.548088, -0.073048, 0.0, 0.387974, -0.48539, 0.7835, 0.4, 0.393971, -0.681172, -0.617083, -0.0, 0.0, 0.0, 0.0, 1.0],
                [0.635454, 0.565131, 0.526141, -0.0, -0.54323, -0.157037, 0.824767, 0.4, 0.548725, -0.809917, 0.207206, -0.0, 0.0, 0.0, 0.0, 1.0],
                [-0.222933, 0.847515, 0.481683, 0.0, -0.645044, -0.498724, 0.578959, 0.4, 0.730903, -0.181638, 0.657867, 0.0, 0.0, 0.0, 0.0, 1.0],
                [0.010532, 0.973083, 0.230211, -0.0, 0.348523, -0.219359, 0.91127, 0.4, 0.937241, 0.070636, -0.341452, 0.0, 0.0, 0.0, 0.0, 1.0],
                [0.061881, 0.979592, 0.191235, -0.0, 0.304253, -0.200997, 0.931145, 0.4, 0.950579, 0.000564, -0.310481, 0.0, 0.0, 0.0, 0.0, 1.0],
                [0.061881, 0.979591, 0.191235, -0.0, 0.304253, -0.200997, 0.931145, 0.4, 0.950579, 0.000564, -0.310481, -0.0, 0.0, 0.0, 0.0, 1.0]
            ]
        },
        {
            "name": "Arm_R",
            "time": [0.0, 0.0333, 0.0667, 0.1, 0.15, 0.8333],
            "transform": [
                [0.387537, -0.920204, 0.055138, 0.027247, -0.917705, -0.390771, -0.071531, 0.319836, 0.087369, -0.02288, -0.995913, 0.007276, 0.0, 0.0, 0.0, 1.0],
                [-0.488914, -0.74275, 0.457479, 0.0, -0.43024, -0.250894, -0.867148, 0.39386, 0.758852, -0.620786, -0.196895, 0.0, 0.0, 0.0, 0.0, 1.0],
                [-0.672298, -0.706195, -0.222044, -0.030873, -0.41702, 0.609111, -0.674595, 0.328071, 0.611645, -0.360932, -0.704002, 0.067836, 0.0, 0.0, 0.0, 1.0],
                [0.600329, 0.065773, -0.797044, 0.07713, -0.684876, 0.556913, -0.469887, 0.393289, 0.412979, 0.827963, 0.379376, 0.052559, 0.0, 0.0, 0.0, 1.0],
                [0.663109, 0.245322, -0.707181, 0.041421, -0.481074, 0.863482, -0.15155, 0.398498, 0.573459, 0.440701, 0.6906, 0.030858, 0.0, 0.0, 0.0, 1.0],
                [0.663109, 0.245322, -0.707181, 0.041421, -0.481074, 0.863482, -0.15155, 0.398498, 0.573459, 0.440701, 0.6906, 0.030858, 0.0, 0.0, 0.0, 1.0]
            ]
        },
        {
            "name": "Hand_R",
            "time": [0.0, 0.0333, 0.0667, 0.0833, 0.2167, 0.8333],
            "transform": [
                [1.0, -0.0, 0.0, 0.0, -0.0, 0.993937, 0.109947, 0.3, -0.0, -0.109947, 0.993937, 0.0, 0.0, 0.0, 0.0, 1.0],
                [1.0, 0.0, 0.0, -0.0, -0.0, 0.993763, 0.111509, 0.3, -0.0, -0.111509, 0.993763, 0.0, 0.0, 0.0, 0.0, 1.0],
                [1.0, 0.0, 0.0, -0.0, 0.0, 0.686434, -0.727192, 0.3, -0.0, 0.727192, 0.686434, -0.0, 0.0, 0.0, 0.0, 1.0],
                [1.0, 0.0, 0.0, 0.0, -0.0, 0.999822, 0.018885, 0.3, -0.0, -0.018885, 0.999822, -0.0, 0.0, 0.0, 0.0, 1.0],
                [1.0, 0.0, 0.0, 0.0, -0.0, 0.998093, 0.061728, 0.3, -0.0, -0.061728, 0.998093, -0.0, 0.0, 0.0, 0.0, 1.0],
                [1.0, 0.0, 0.0, 0.0, -0.0, 0.998093, 0.061728, 0.3, -0.0, -0.061728, 0.998093, -0.0, 0.0, 0.0, 0.0, 1.0]
            ]
        },
        {
            "name": "Tool_R",
            "time": [0.0, 0.0167, 0.0333, 0.0667, 0.0833, 0.8333],
            "transform": [
                [0.048695, 0.984154, -0.170499, -0.042584, 0.998774, -0.049503, -0.000485, 0.288613, -0.008901, -0.170165, -0.984771, -0.019477, 0.0, 0.0, 0.0, 1.0],
                [0.669023, 0.743188, 0.009017, 0.034574, 0.739759, -0.664665, -0.104775, 0.268546, -0.071823, 0.076715, -0.993865, 0.003398, 0.0, 0.0, 0.0, 1.0],
                [0.994912, -0.07122, 0.071263, 0.006453, -0.047112, -0.954095, -0.295775, 0.277386, 0.089004, 0.290729, -0.952032, -0.001822, 0.0, 0.0, 0.0, 1.0],
                [0.996317, -0.08207, 0.024848, -0.010286, -0.085743, -0.957057, 0.276931, 0.276664, 0.001051, -0.277886, -0.959994, -0.004705, 0.0, 0.0, 0.0, 1.0],
                [0.999695, -0.019018, -0.015783, -0.015347, -0.024502, -0.846239, -0.53224, 0.278536, -0.003232, 0.532138, -0.845949, -0.00702, 0.0, 0.0, 0.0, 1.0],
                [0.999695, -0.019018, -0.015783, -0.015347, -0.024502, -0.846239, -0.53224, 0.278536, -0.003232, 0.532138, -0.845949, -0.00702, 0.0, 0.0, 0.0, 1.0]
            ]
        },
        {
            "name": "Elbow_R",
            "time": [0.0, 0.0333, 0.0667, 0.1, 0.8333],
            "transform": [
                [-1.0, 0.0, 0.0, 0.0, 0.0, 0.0, -1.0, 0.3, -0.0, -1.0, 0.0, 0.0, 0.0, 0.0, 0.0, 1.0],
                [-1.0, 0.0, -0.0, -0.0, 0.0, 0.0, -1.0, 0.3, -0.0, -1.0, 0.0, 0.0, 0.0, 0.0, 0.0, 1.0],
                [-1.0, 0.0, 0.0, 0.0, -0.0, -0.0, -1.0, 0.386625, -0.0, -1.0, 0.0, -0.0, 0.0, 0.0, 0.0, 1.0],
                [-1.0, 0.0, -0.0, 0.0, 0.0, 0.0, -1.0, 0.30804, -0.0, -1.0, 0.0, 0.0, 0.0, 0.0, 0.0, 1.0],
                [-1.0, 0.0, 0.0, 0.0, -0.0, -0.0, -1.0, 0.304536, -0.0, -1.0, 0.0, -0.0, 0.0, 0.0, 0.0, 1.0]
            ]
        },
        {
            "name": "Shoulder_L",
            "time": [0.0, 0.0333, 0.0667, 0.1167, 0.2167, 0.8333],
            "transform": [
                [0.3552, -0.928755, -0.106055, 0.0, -0.703423, -0.34028, 0.624024, 0.4, -0.615653, -0.147051, -0.774175, -0.0, 0.0, 0.0, 0.0, 1.0],
                [-0.112157, -0.927965, -0.35539, -0.0, -0.533027, -0.245655, 0.809651, 0.4, -0.838631, 0.280241, -0.467079, -0.0, 0.0, 0.0, 0.0, 1.0],
                [-0.299138, -0.943073, -0.145359, 0.0, -0.240248, -0.07299, 0.967964, 0.4, -0.92347, 0.324477, -0.204737, 0.0, 0.0, 0.0, 0.0, 1.0],
                [-0.063535, -0.945273, -0.320036, 0.0, -0.345824, -0.279961, 0.89556, 0.4, -0.936146, 0.167576, -0.30911, 0.0, 0.0, 0.0, 0.0, 1.0],
                [0.136756, -0.957076, -0.255545, -0.0, -0.524953, -0.288786, 0.800642, 0.4, -0.840073, 0.024657, -0.541913, -0.0, 0.0, 0.0, 0.0, 1.0],
                [0.136756, -0.957076, -0.255545, -0.0, -0.524953, -0.288786, 0.800642, 0.4, -0.840073, 0.024657, -0.541913, -0.0, 0.0, 0.0, 0.0, 1.0]
            ]
        },
        {
            "name": "Arm_L",
            "time": [0.0, 0.0167, 0.0333, 0.05, 0.0667, 0.1167, 0.1667, 0.8333],
            "transform": [
                [0.268573, 0.155232, 0.950669, -0.0, -0.924954, 0.317108, 0.209528, 0.39386, -0.268939, -0.935599, 0.22875, 0.0, 0.0, 0.0, 0.0, 1.0],
                [0.224399, 0.124715, 0.966484, -0.0, -0.673909, 0.736253, 0.061462, 0.39386, -0.703912, -0.665114, 0.249261, 0.0, 0.0, 0.0, 0.0, 1.0],
                [0.214118, 0.073989, 0.974002, 0.0, -0.072587, 0.995575, -0.059671, 0.39386, -0.974107, -0.057923, 0.218541, 0.0, 0.0, 0.0, 0.0, 1.0],
                [0.064158, 0.408434, 0.91053, -0.0, -0.095035, 0.910764, -0.401843, 0.39386, -0.993404, -0.06075, 0.097249, -0.0, 0.0, 0.0, 0.0, 1.0],
                [0.00456, 0.213913, 0.976842, -0.048665, 0.059152, 0.975084, -0.213804, 0.413459, -0.998239, 0.058757, -0.008207, 0.084444, 0.0, 0.0, 0.0, 1.0],
                [0.481339, -0.443418, 0.756104, -0.0, -0.772196, 0.193656, 0.605153, 0.39386, -0.41476, -0.875144, -0.249191, 0.0, 0.0, 0.0, 0.0, 1.0],
                [0.560085, -0.271644, 0.782633, 0.0, -0.79949, 0.070305, 0.596551, 0.39386, -0.217073, -0.959826, -0.1778, 0.0, 0.0, 0.0, 0.0, 1.0],
                [0.560085, -0.271644, 0.782633, 0.0, -0.79949, 0.070305, 0.596551, 0.39386, -0.217073, -0.959826, -0.1778, -0.0, 0.0, 0.0, 0.0, 1.0]
            ]
        },
        {
            "name": "Hand_L",
            "time": [0.0, 0.0333, 0.05, 0.0667, 0.1167, 0.1667, 0.8333],
            "transform": [
                [1.0, 0.0, -0.0, 0.0, 0.0, 0.089384, -0.995998, 0.3, -0.0, 0.995998, 0.089384, -0.0, 0.0, 0.0, 0.0, 1.0],
                [1.0, -0.0, -0.0, -0.0, -0.0, 0.10503, -0.994469, 0.3, 0.0, 0.994469, 0.10503, 0.0, 0.0, 0.0, 0.0, 1.0],
                [1.0, 0.0, -0.0, -0.0, 0.0, 0.6598, -0.751442, 0.3, 0.0, 0.751442, 0.6598, -0.0, 0.0, 0.0, 0.0, 1.0],
                [1.0, 0.0, 0.0, -0.0, -0.0, 0.808081, -0.589072, 0.3, -0.0, 0.589072, 0.808081, -0.0, 0.0, 0.0, 0.0, 1.0],
                [1.0, 0.0, 0.0, 0.0, -0.0, 0.152665, -0.988278, 0.3, -0.0, 0.988278, 0.152665, -0.0, 0.0, 0.0, 0.0, 1.0],
                [1.0, 0.0, 0.0, -0.0, -0.0, 0.124486, -0.992222, 0.3, -0.0, 0.992221, 0.124486, -0.0, 0.0, 0.0, 0.0, 1.0],
                [1.0, 0.0, -0.0, -0.0, -0.0, 0.124486, -0.992222, 0.3, -0.0, 0.992222, 0.124486, 0.0, 0.0, 0.0, 0.0, 1.0]
            ]
        },
        {
            "name": "Tool_L",
            "time": [0.0, 0.0167, 0.0333, 0.05, 0.0667, 0.1167, 0.2167, 0.8333],
            "transform": [
                [0.989189, -0.081549, 0.121882, 0.019384, -0.036561, -0.942019, -0.333563, 0.177616, 0.141932, 0.325297, -0.934265, -0.04285, 0.0, 0.0, 0.0, 1.0],
                [0.884323, 0.366046, 0.289799, 0.026818, 0.466418, -0.720152, -0.513648, 0.30698, 0.020673, 0.589041, -0.807105, -0.003145, 0.0, 0.0, 0.0, 1.0],
                [0.81838, 0.465912, 0.336422, 0.001591, 0.572387, -0.608646, -0.549474, 0.306378, -0.051208, 0.641855, -0.764339, 0.013039, 0.0, 0.0, 0.0, 1.0],
                [0.858482, 0.483527, 0.170913, -0.047697, 0.508217, -0.846771, -0.157145, 0.326451, 0.068705, 0.221626, -0.972099, 0.038098, 0.0, 0.0, 0.0, 1.0],
                [0.950851, 0.29355, 0.098545, 0.010119, 0.257499, -0.926355, 0.274883, 0.301695, 0.171881, -0.235867, -0.955844, 0.013557, 0.0, 0.0, 0.0, 1.0],
                [0.999067, 0.013755, -0.040943, 0.001897, 0.002695, -0.965938, -0.258759, 0.278265, -0.043082, 0.258243, -0.964505, 0.002542, 0.0, 0.0, 0.0, 1.0],
                [0.999123, -0.026944, 0.032065, 0.009624, -0.016448, -0.956515, -0.291219, 0.233792, 0.038494, 0.290254, -0.955555, -0.017515, 0.0, 0.0, 0.0, 1.0],
                [0.999123, -0.026944, 0.032065, 0.009624, -0.016448, -0.956515, -0.291219, 0.233792, 0.038494, 0.290254, -0.955555, -0.017515, 0.0, 0.0, 0.0, 1.0]
            ]
        },
        {
            "name": "Elbow_L",
            "time": [0.0, 0.0333, 0.05, 0.0667, 0.1167, 0.8333],
            "transform": [
                [-1.0, 0.0, 0.0, 0.0, 0.0, 0.0, -1.0, 0.4472, -0.0, -1.0, -0.0, -0.0, 0.0, 0.0, 0.0, 1.0],
                [-1.0, 0.0, -0.0, -0.0, 0.0, -0.0, -1.0, 0.4472, -0.0, -1.0, -0.0, 0.0, 0.0, 0.0, 0.0, 1.0],
                [-1.0, 0.0, -0.0, -0.0, 0.0, -0.0, -1.0, 0.390001, -0.0, -1.0, -0.0, -0.0, 0.0, 0.0, 0.0, 1.0],
                [-1.0, 0.0, -0.0, -0.0, 0.0, -0.0, -1.0, 0.369353, -0.0, -1.0, -0.0, -0.0, 0.0, 0.0, 0.0, 1.0],
                [-1.0, 0.0, -0.0, -0.0, 0.0, -0.0, -1.0, 0.443162, -0.0, -1.0, -0.0, -0.0, 0.0, 0.0, 0.0, 1.0],
                [-1.0, 0.0, -0.0, 0.0, 0.0, -0.0, -1.0, 0.445828, -0.0, -1.0, -0.0, 0.0, 0.0, 0.0, 0.0, 1.0]
            ]
        }
    ]
}