{
    "animation": [
        {
            "name": "Coord",
            "time": [0.0, 0.0833, 0.7333, 1.2167],
            "transform": [
                [1.0, 0.0, 0.0, 0.0, 0.0, 0.0, -1.0, 1.007778, 0.0, 1.0, 0.0, 0.0, 0.0, 0.0, 0.0, 1.0],
                [1.0, 0.0, 0.0, 0.0, 0.0, 0.0, -1.0, 2.003181, 0.0, 1.0, 0.0, 0.0, 0.0, 0.0, 0.0, 1.0],
                [1.0, 0.0, 0.0, 0.0, 0.0, 0.0, -1.0, 2.003181, 0.0, 1.0, 0.0, 0.0, 0.0, 0.0, 0.0, 1.0],
                [1.0, 0.0, 0.0, 0.0, 0.0, 0.0, -1.0, 2.003181, 0.0, 1.0, 0.0, 0.0, 0.0, 0.0, 0.0, 1.0]
            ]
        },
        {
            "name": "Root",
            "time": [0.0, 0.0833, 0.1333, 0.1833, 0.7333, 0.9833, 1.2167],
            "transform": [
                [0.9846, -0.008462, -0.174619, -5e-06, 0.014856, 0.999265, 0.035344, 0.707278, 0.174191, -0.037394, 0.984002, -0.000946, 0.0, 0.0, 0.0, 1.0],
                [0.398628, -0.038336, 0.916311, 0.0017, -0.109281, 0.990022, 0.088961, 0.631728, -0.910579, -0.135598, 0.390461, -0.000925, 0.0, 0.0, 0.0, 1.0],
                [0.19492, -0.066416, 0.978568, 0.0017, -0.109281, 0.990022, 0.088961, 0.609503, -0.974712, -0.124279, 0.185718, -0.026855, 0.0, 0.0, 0.0, 1.0],
                [0.251749, -0.059013, 0.965992, 0.0017, -0.109281, 0.990022, 0.088961, 0.63111, -0.961603, -0.12796, 0.242788, 0.000927, 0.0, 0.0, 0.0, 1.0],
                [0.251749, -0.059013, 0.965992, 0.0017, -0.109281, 0.990022, 0.088961, 0.63111, -0.961603, -0.12796, 0.242788, 0.000927, 0.0, 0.0, 0.0, 1.0],
                [0.885107, -0.006864, 0.465336, -0.021346, -0.028491, 0.997217, 0.068902, 0.731305, -0.464514, -0.074243, 0.882448, -0.177881, 0.0, 0.0, 0.0, 1.0],
                [0.854689, 0.0, -0.51914, -5e-06, 0.0, 1.0, 0.0, 0.755725, 0.51914, 0.0, 0.854689, -0.000947, 0.0, 0.0, 0.0, 1.0]
            ]
        },
        {
            "name": "Thigh_R",
            "time": [0.0, 0.0833, 0.1333, 0.1833, 0.7333, 0.8667, 0.9833, 1.1, 1.2167],
            "transform": [
                [0.989279, -0.024134, -0.144025, 0.124994, 0.003745, -0.981731, 0.190229, -0.002831, -0.145985, -0.188728, -0.971118, -1.2e-05, 0.0, 0.0, 0.0, 1.0],
                [0.378805, 0.812692, 0.44276, 0.124994, 0.070441, -0.502342, 0.861794, -0.002831, 0.922791, -0.295263, -0.247538, -1.2e-05, 0.0, 0.0, 0.0, 1.0],
                [0.348841, 0.844241, 0.406895, 0.124994, 0.192202, -0.489386, 0.850623, -0.002831, 0.917261, -0.218526, -0.332985, -1.2e-05, 0.0, 0.0, 0.0, 1.0],
                [0.355934, 0.821647, 0.445203, 0.124994, 0.160469, -0.523061, 0.837052, -0.002831, 0.92063, -0.226493, -0.318025, -1.2e-05, 0.0, 0.0, 0.0, 1.0],
                [0.355934, 0.821647, 0.445203, 0.124994, 0.160469, -0.523061, 0.837052, -0.002831, 0.92063, -0.226493, -0.318025, -1.2e-05, 0.0, 0.0, 0.0, 1.0],
                [0.566669, 0.609217, 0.554743, 0.148044, 0.028768, -0.687493, 0.72562, 0.000986, 0.823443, -0.395226, -0.407108, 0.03341, 0.0, 0.0, 0.0, 1.0],
                [0.82174, 0.288597, 0.491381, 0.124994, 0.001474, -0.863351, 0.504599, -0.002831, 0.569861, -0.413923, -0.709877, -1.2e-05, 0.0, 0.0, 0.0, 1.0],
                [0.982976, 0.140383, 0.118528, 0.124994, -0.008094, -0.611406, 0.791275, -0.002831, 0.183551, -0.778762, -0.599864, -1.1e-05, 0.0, 0.0, 0.0, 1.0],
                [0.993083, 0.062316, -0.099514, 0.124994, 0.082524, -0.973334, 0.214025, -0.002831, -0.083523, -0.220756, -0.971747, -1.2e-05, 0.0, 0.0, 0.0, 1.0]
            ]
        },
        {
            "name": "Leg_R",
            "time": [0.0, 0.0833, 0.1333, 0.1833, 0.7333, 0.8667, 0.9833, 1.1, 1.2167],
            "transform": [
                [1.0, -1e-06, 1e-06, 0.0, -1e-06, 0.032175, 0.999482, 0.37472, -1e-06, -0.999483, 0.032175, 0.0, 0.0, 0.0, 0.0, 1.0],
                [1.0, -0.0, 0.0, -0.0, -0.0, 0.566786, 0.823865, 0.37472, -0.0, -0.823866, 0.566785, 0.0, 0.0, 0.0, 0.0, 1.0],
                [1.0, -0.0, 0.0, -0.0, -0.0, 0.426468, 0.904502, 0.37472, -0.0, -0.904503, 0.426468, -0.0, 0.0, 0.0, 0.0, 1.0],
                [1.0, -0.0, 1e-06, -0.0, -0.0, 0.565536, 0.824723, 0.37472, -0.0, -0.824725, 0.565535, 0.0, 0.0, 0.0, 0.0, 1.0],
                [1.0, -0.0, 1e-06, -0.0, -0.0, 0.565536, 0.824723, 0.37472, -0.0, -0.824725, 0.565535, 0.0, 0.0, 0.0, 0.0, 1.0],
                [1.0, -0.0, 1e-06, 0.0, -0.0, 0.644806, 0.764346, 0.37472, -0.0, -0.764347, 0.644805, -0.0, 0.0, 0.0, 0.0, 1.0],
                [1.0, -0.0, 1e-06, 0.0, -0.0, 0.883327, 0.468758, 0.37472, -1e-06, -0.468759, 0.883326, 0.0, 0.0, 0.0, 0.0, 1.0],
                [1.0, -1e-06, 0.0, -0.0, -0.0, 0.163203, 0.986592, 0.37472, -1e-06, -0.986593, 0.163203, -0.0, 0.0, 0.0, 0.0, 1.0],
                [1.0, -0.0, 1e-06, -0.0, 0.0, 0.944044, 0.329821, 0.37472, -1e-06, -0.329821, 0.944043, 0.0, 0.0, 0.0, 0.0, 1.0]
            ]
        },
        {
            "name": "Knee_R",
            "time": [0.0, 0.0833, 0.1333, 0.1833, 0.7333, 0.8667, 0.9833, 1.1, 1.2167],
            "transform": [
                [1.0, 0.0, -0.0, 0.0, -0.0, 1e-06, -1.0, 0.476831, -0.0, 1.0, 1e-06, -0.0, 0.0, 0.0, 0.0, 1.0],
                [1.0, 0.0, -0.0, -0.0, -0.0, 0.0, -1.0, 0.425612, -0.0, 1.0, 0.0, 0.0, 0.0, 0.0, 0.0, 1.0],
                [1.0, 0.0, -0.0, -0.0, -0.0, 1e-06, -1.0, 0.440159, -0.0, 1.0, 1e-06, -0.0, 0.0, 0.0, 0.0, 1.0],
                [1.0, 0.0, -0.0, 0.0, -0.0, 1e-06, -1.0, 0.425748, -0.0, 1.0, 1e-06, 0.0, 0.0, 0.0, 0.0, 1.0],
                [1.0, 0.0, -0.0, 0.0, -0.0, 1e-06, -1.0, 0.425748, -0.0, 1.0, 1e-06, 0.0, 0.0, 0.0, 0.0, 1.0],
                [1.0, 0.0, -0.0, 0.0, -0.0, 1e-06, -1.0, 0.416797, -0.0, 1.0, 1e-06, -1e-06, 0.0, 0.0, 0.0, 1.0],
                [1.0, 0.0, -0.0, -0.0, -0.0, 1e-06, -1.0, 0.382484, -0.0, 1.0, 1e-06, -0.0, 0.0, 0.0, 0.0, 1.0],
                [1.0, 0.0, -0.0, 0.0, -0.0, 1e-06, -1.0, 0.465, -0.0, 1.0, 1e-06, -0.0, 0.0, 0.0, 0.0, 1.0],
                [1.0, 0.0, -0.0, 0.0, -0.0, 1e-06, -1.0, 0.37472, -0.0, 1.0, 1e-06, 0.0, 0.0, 0.0, 0.0, 1.0]
            ]
        },
        {
            "name": "Thigh_L",
            "time": [0.0, 0.0833, 0.1333, 0.1833, 0.7333, 0.8667, 0.9833, 1.1, 1.2167],
            "transform": [
                [0.984122, -0.078543, -0.159165, -0.125006, -0.012214, -0.924602, 0.380739, -0.002831, -0.177069, -0.37275, -0.910881, -1.2e-05, 0.0, 0.0, 0.0, 1.0],
                [0.936879, -0.267183, 0.225544, -0.125006, -0.330391, -0.887606, 0.320931, -0.002831, 0.114447, -0.375191, -0.919855, -1.2e-05, 0.0, 0.0, 0.0, 1.0],
                [0.909345, -0.274571, 0.312573, -0.125006, -0.392808, -0.81417, 0.427585, -0.002831, 0.137085, -0.511603, -0.848215, -1.2e-05, 0.0, 0.0, 0.0, 1.0],
                [0.931282, -0.25318, 0.261939, -0.125006, -0.344247, -0.846851, 0.405384, -0.002831, 0.119188, -0.467699, -0.875815, -1.2e-05, 0.0, 0.0, 0.0, 1.0],
                [0.931282, -0.25318, 0.261939, -0.125006, -0.344247, -0.846851, 0.405384, -0.002831, 0.119188, -0.467699, -0.875815, -1.2e-05, 0.0, 0.0, 0.0, 1.0],
                [0.969669, 0.064651, 0.235712, -0.125006, -0.12498, -0.697617, 0.705486, -0.002831, 0.210047, -0.713548, -0.668378, -1.2e-05, 0.0, 0.0, 0.0, 1.0],
                [0.952152, 0.136715, 0.273339, -0.125006, 0.021943, -0.92264, 0.385038, -0.002831, 0.304834, -0.360617, -0.881494, -1.2e-05, 0.0, 0.0, 0.0, 1.0],
                [0.994205, -0.017758, -0.106016, -0.125006, 0.009487, -0.967917, 0.251089, -0.00283, -0.107074, -0.25064, -0.96214, -1.2e-05, 0.0, 0.0, 0.0, 1.0],
                [0.866621, -0.133576, -0.480753, -0.125006, -0.028073, -0.975027, 0.220303, -0.002831, -0.498175, -0.177423, -0.84873, -1.2e-05, 0.0, 0.0, 0.0, 1.0]
            ]
        },
        {
            "name": "Leg_L",
            "time": [0.0, 0.0833, 0.1333, 0.1833, 0.7333, 0.8667, 0.9833, 1.1, 1.2167],
            "transform": [
                [1.0, -1e-06, 1e-06, 0.0, -0.0, 0.697406, 0.716676, 0.37472, -1e-06, -0.716676, 0.697406, 0.0, 0.0, 0.0, 0.0, 1.0],
                [1.0, -1e-06, 1e-06, 0.0, -0.0, 0.743186, 0.669085, 0.37472, -1e-06, -0.669085, 0.743186, -0.0, 0.0, 0.0, 0.0, 1.0],
                [1.0, -0.0, 1e-06, -0.0, -0.0, 0.700917, 0.713243, 0.37472, -1e-06, -0.713242, 0.700918, 0.0, 0.0, 0.0, 0.0, 1.0],
                [1.0, -1e-06, 1e-06, 0.0, -0.0, 0.735145, 0.67791, 0.37472, -1e-06, -0.67791, 0.735145, 0.0, 0.0, 0.0, 0.0, 1.0],
                [1.0, -1e-06, 1e-06, 0.0, -0.0, 0.735145, 0.67791, 0.37472, -1e-06, -0.67791, 0.735145, 0.0, 0.0, 0.0, 0.0, 1.0],
                [1.0, -1e-06, 1e-06, 0.0, -0.0, 0.105621, 0.994407, 0.37472, -1e-06, -0.994406, 0.105621, -0.0, 0.0, 0.0, 0.0, 1.0],
                [1.0, -0.0, 1e-06, 0.0, -0.0, 0.844559, 0.535462, 0.37472, -1e-06, -0.535462, 0.84456, -0.0, 0.0, 0.0, 0.0, 1.0],
                [1.0, -0.0, 1e-06, 0.0, 0.0, 0.935827, 0.35246, 0.37472, -1e-06, -0.352459, 0.935827, -0.0, 0.0, 0.0, 0.0, 1.0],
                [1.0, -0.0, 1e-06, -0.0, 0.0, 0.975374, 0.220556, 0.37472, -1e-06, -0.220556, 0.975375, -0.0, 0.0, 0.0, 0.0, 1.0]
            ]
        },
        {
            "name": "Knee_L",
            "time": [0.0, 0.0833, 0.1333, 0.1833, 0.7333, 0.8667, 0.9833, 1.1, 1.2167],
            "transform": [
                [1.0, 0.0, -0.0, 0.0, -0.0, 1e-06, -1.0, 0.410421, -0.0, 1.0, 1e-06, 0.0, 0.0, 0.0, 0.0, 1.0],
                [1.0, -0.0, -0.0, -0.0, -0.0, 1e-06, -1.0, 0.404491, 0.0, 1.0, 1e-06, -0.0, 0.0, 0.0, 0.0, 1.0],
                [1.0, 0.0, -0.0, -0.0, -0.0, 1e-06, -1.0, 0.40998, -0.0, 1.0, 1e-06, 0.0, 0.0, 0.0, 0.0, 1.0],
                [1.0, -0.0, -0.0, 0.0, -0.0, 1e-06, -1.0, 0.405563, 0.0, 1.0, 1e-06, 0.0, 0.0, 0.0, 0.0, 1.0],
                [1.0, -0.0, -0.0, 0.0, -0.0, 1e-06, -1.0, 0.405563, 0.0, 1.0, 1e-06, 0.0, 0.0, 0.0, 0.0, 1.0],
                [1.0, 0.0, -0.0, 0.0, -0.0, 1e-06, -1.0, 0.470218, -0.0, 1.0, 1e-06, -0.0, 0.0, 0.0, 0.0, 1.0],
                [1.0, 0.0, -0.0, 0.0, -0.0, 1e-06, -1.0, 0.389413, -0.0, 1.0, 1e-06, -0.0, 0.0, 0.0, 0.0, 1.0],
                [1.0, 0.0, -0.0, 0.0, -0.0, 1e-06, -1.0, 0.37472, -0.0, 1.0, 1e-06, -0.0, 0.0, 0.0, 0.0, 1.0],
                [1.0, 0.0, -0.0, -0.0, -0.0, 1e-06, -1.0, 0.37472, -0.0, 1.0, 1e-06, 0.0, 0.0, 0.0, 0.0, 1.0]
            ]
        },
        {
            "name": "Torso",
            "time": [0.0, 0.0833, 0.7333, 1.2167],
            "transform": [
                [1.0, 0.0, 0.0, 0.0, -0.0, 1.0, -0.0, 0.05, -0.0, 0.0, 1.0, 0.0, 0.0, 0.0, 0.0, 1.0],
                [1.0, -0.0, -0.0, 0.0, 0.0, 1.0, -0.0, 0.05, -0.0, 0.0, 1.0, -0.0, 0.0, 0.0, 0.0, 1.0],
                [1.0, 0.0, -0.0, -0.0, -0.0, 1.0, 0.0, 0.05, -0.0, 0.0, 1.0, -0.0, 0.0, 0.0, 0.0, 1.0],
                [1.0, 0.0, 0.0, -0.0, 0.0, 1.0, 0.0, 0.05, 0.0, 0.0, 1.0, 0.0, 0.0, 0.0, 0.0, 1.0]
            ]
        },
        {
            "name": "Chest",
            "time": [0.0, 0.0833, 0.7333, 1.2167],
            "transform": [
                [0.955468, 0.007584, 0.294997, -0.0, -0.012804, 0.999794, 0.015766, 0.3, -0.294817, -0.018841, 0.955368, 0.0, 0.0, 0.0, 0.0, 1.0],
                [0.934677, 0.180155, 0.306468, 0.0, -0.200413, 0.979061, 0.035694, 0.3, -0.293621, -0.094783, 0.951211, -0.0, 0.0, 0.0, 0.0, 1.0],
                [0.934677, 0.180155, 0.306468, -0.0, -0.200413, 0.979061, 0.035694, 0.3, -0.293621, -0.094783, 0.951211, 0.0, 0.0, 0.0, 0.0, 1.0],
                [0.955468, 0.007584, 0.294997, -0.0, -0.012804, 0.999794, 0.015766, 0.3, -0.294817, -0.018841, 0.955368, 0.0, 0.0, 0.0, 0.0, 1.0]
            ]
        },
        {
            "name": "Head",
            "time": [0.0, 0.0833, 0.1333, 0.1833, 0.7333, 0.9833, 1.2167],
            "transform": [
                [0.993245, 0.006194, -0.115868, -0.0, -0.006316, 0.99998, -0.000683, 0.4, 0.115861, 0.00141, 0.993264, 0.0, 0.0, 0.0, 0.0, 1.0],
                [0.098516, -0.325597, -0.940363, 0.0, -0.051847, 0.941996, -0.331594, 0.4, 0.993784, 0.081422, 0.075921, -0.0, 0.0, 0.0, 0.0, 1.0],
                [-0.056555, -0.324823, -0.944082, 0.0, -0.105581, 0.942239, -0.317864, 0.4, 0.992801, 0.0817, -0.087583, -0.0, 0.0, 0.0, 0.0, 1.0],
                [-0.038569, -0.32491, -0.944958, -0.0, -0.099475, 0.942213, -0.319906, 0.4, 0.994292, 0.081661, -0.068661, -0.0, 0.0, 0.0, 0.0, 1.0],
                [-0.038569, -0.32491, -0.944958, -0.0, -0.099475, 0.942213, -0.319906, 0.4, 0.994292, 0.081661, -0.068661, -0.0, 0.0, 0.0, 0.0, 1.0],
                [0.725927, -0.163706, -0.668005, 0.0, 0.041692, 0.979947, -0.194846, 0.4, 0.686507, 0.113593, 0.718195, 0.0, 0.0, 0.0, 0.0, 1.0],
                [0.96952, -0.01311, 0.244663, 0.0, 0.016397, 0.999801, -0.0114, 0.4, -0.244465, 0.015065, 0.969541, -0.0, 0.0, 0.0, 0.0, 1.0]
            ]
        },
        {
            "name": "Shoulder_R",
            "time": [0.0, 0.05, 0.1, 0.7333, 1.2167],
            "transform": [
                [0.11929, 0.921554, 0.369469, -0.0, -0.033915, -0.368127, 0.929157, 0.4, 0.99228, -0.12337, -0.012659, 0.0, 0.0, 0.0, 0.0, 1.0],
                [-0.549904, 0.82832, 0.107196, -0.0, -0.208498, -0.260418, 0.942715, 0.4, 0.808786, 0.496052, 0.315908, 0.0, 0.0, 0.0, 0.0, 1.0],
                [-0.276942, 0.948282, 0.155127, -0.0, -0.126954, -0.196136, 0.972324, 0.4, 0.952463, 0.249583, 0.174706, -0.0, 0.0, 0.0, 0.0, 1.0],
                [-0.276942, 0.948282, 0.155127, -0.0, -0.126954, -0.196136, 0.972324, 0.4, 0.952463, 0.249583, 0.174706, -0.0, 0.0, 0.0, 0.0, 1.0],
                [-0.231826, 0.900538, 0.367815, 0.0, -0.035997, -0.385799, 0.92188, 0.4, 0.972091, 0.200476, 0.121855, -0.0, 0.0, 0.0, 0.0, 1.0]
            ]
        },
        {
            "name": "Arm_R",
            "time": [0.0, 0.05, 0.1, 0.1333, 0.1667, 0.7333, 1.2167],
            "transform": [
                [0.15993, 0.892244, -0.422284, -0.0, 0.272191, 0.371346, 0.887702, 0.393861, 0.94886, -0.256912, -0.183472, 0.0, 0.0, 0.0, 0.0, 1.0],
                [0.237527, 0.960391, -0.145707, 0.002961, -0.084474, 0.169854, 0.981842, 0.37226, 0.967701, -0.220906, 0.121473, 0.016724, 0.0, 0.0, 0.0, 1.0],
                [0.043097, -0.20349, -0.978128, 0.008726, -0.471205, 0.859166, -0.199502, 0.33019, 0.88097, 0.469497, -0.058858, 0.049296, 0.0, 0.0, 0.0, 1.0],
                [0.043769, -0.079953, -0.995837, 0.008726, -0.470453, 0.877705, -0.091146, 0.330191, 0.881339, 0.472484, 0.000802, 0.049296, 0.0, 0.0, 0.0, 1.0],
                [0.043614, -0.028669, -0.998637, 0.008726, -0.471013, 0.880934, -0.045861, 0.33019, 0.881048, 0.472371, 0.024918, 0.049296, 0.0, 0.0, 0.0, 1.0],
                [0.043614, -0.028669, -0.998637, 0.008726, -0.471013, 0.880934, -0.045861, 0.33019, 0.881048, 0.472371, 0.024918, 0.049296, 0.0, 0.0, 0.0, 1.0],
                [0.638629, -0.003838, -0.769505, -0.0, 0.701445, 0.414106, 0.580079, 0.39386, 0.316431, -0.910221, 0.267152, 0.0, 0.0, 0.0, 0.0, 1.0]
            ]
        },
        {
            "name": "Hand_R",
            "time": [0.0, 0.05, 0.1, 0.1667, 0.7333, 1.2167],
            "transform": [
                [1.0, -0.0, 0.0, 0.0, -0.0, 0.311364, -0.950291, 0.3, -0.0, 0.950291, 0.311364, 0.0, 0.0, 0.0, 0.0, 1.0],
                [1.0, 0.0, -0.0, 0.0, -0.0, 0.142206, -0.989837, 0.3, -0.0, 0.989837, 0.142206, -0.0, 0.0, 0.0, 0.0, 1.0],
                [1.0, 0.0, 0.0, 0.0, -0.0, 0.993938, 0.109947, 0.3, -0.0, -0.109947, 0.993937, 0.0, 0.0, 0.0, 0.0, 1.0],
                [1.0, 0.0, 0.0, -0.0, -0.0, 0.982819, -0.184573, 0.3, -0.0, 0.184573, 0.982819, -0.0, 0.0, 0.0, 0.0, 1.0],
                [1.0, 0.0, 0.0, 0.0, -0.0, 0.982819, -0.184573, 0.3, -0.0, 0.184573, 0.982819, -0.0, 0.0, 0.0, 0.0, 1.0],
                [1.0, 0.0, 0.0, 0.0, -0.0, 0.998093, 0.061735, 0.3, -0.0, -0.061735, 0.998093, -0.0, 0.0, 0.0, 0.0, 1.0]
            ]
        },
        {
            "name": "Tool_R",
            "time": [0.0, 0.05, 0.1, 0.1667, 0.7333, 1.2167],
            "transform": [
                [1.0, -0.0, 0.0, -0.003593, 0.0, -0.999836, 0.018122, 0.326765, 0.0, -0.018122, -0.999244, -0.002643, 0.0, 0.0, 0.0, 1.0],
                [0.902667, 0.420889, 0.089695, -0.025378, 0.430203, -0.887816, -0.163429, 0.290134, 0.010845, 0.18599, -0.981889, 0.011424, 0.0, 0.0, 0.0, 1.0],
                [0.008821, 0.98387, -0.17867, -0.067805, 0.276947, -0.174091, -0.944983, 0.218791, -0.960273, -0.041124, -0.273863, 0.038822, 0.0, 0.0, 0.0, 1.0],
                [-0.030383, 0.983869, -0.176294, -0.067805, 0.064048, -0.174096, -0.982644, 0.218791, -0.996893, -0.041124, -0.057702, 0.038822, 0.0, 0.0, 0.0, 1.0],
                [-0.030383, 0.983869, -0.176294, -0.067805, 0.064048, -0.174096, -0.982644, 0.218791, -0.996893, -0.041124, -0.057702, 0.038822, 0.0, 0.0, 0.0, 1.0],
                [0.983941, -0.155676, 0.087325, -0.003593, -0.151506, -0.987059, -0.052552, 0.326765, 0.094318, 0.038444, -0.994205, -0.002643, 0.0, 0.0, 0.0, 1.0]
            ]
        },
        {
            "name": "Elbow_R",
            "time": [0.0, 0.05, 0.1, 0.1667, 0.7333, 1.2167],
            "transform": [
                [-1.0, 0.0, -0.0, 0.0, 0.0, 0.0, -1.0, 0.427853, -0.0, -1.0, 0.0, -0.0, 0.0, 0.0, 0.0, 1.0],
                [-1.0, 0.0, 0.0, 0.0, 0.0, -0.0, -1.0, 0.444153, -0.0, -1.0, 0.0, -0.0, 0.0, 0.0, 0.0, 1.0],
                [-1.0, 0.0, -0.0, 0.0, 0.0, -0.0, -1.0, 0.3, -0.0, -1.0, 0.0, 0.0, 0.0, 0.0, 0.0, 1.0],
                [-1.0, 0.0, -0.0, -0.0, 0.0, -0.0, -1.0, 0.32772, -0.0, -1.0, 0.0, 0.0, 0.0, 0.0, 0.0, 1.0],
                [-1.0, 0.0, -0.0, -0.0, 0.0, -0.0, -1.0, 0.32772, -0.0, -1.0, 0.0, -0.0, 0.0, 0.0, 0.0, 1.0],
                [-1.0, 0.0, -0.0, 0.0, 0.0, -0.0, -1.0, 0.304535, -0.0, -1.0, 0.0, -0.0, 0.0, 0.0, 0.0, 1.0]
            ]
        },
        {
            "name": "Shoulder_L",
            "time": [0.0, 0.0833, 0.7333, 1.2167],
            "transform": [
                [-0.0, -0.952114, -0.305743, -0.0, 0.0, -0.305743, 0.952114, 0.4, -1.0, 0.0, 0.0, 0.0, 0.0, 0.0, 0.0, 1.0],
                [-0.0, -0.952114, -0.305743, 0.0, 0.0, -0.305743, 0.952114, 0.4, -1.0, 0.0, 0.0, -0.0, 0.0, 0.0, 0.0, 1.0],
                [-0.0, -0.952114, -0.305743, -0.0, 0.0, -0.305743, 0.952114, 0.4, -1.0, 0.0, 0.0, -0.0, 0.0, 0.0, 0.0, 1.0],
                [-0.0, -0.952114, -0.305743, 0.0, 0.0, -0.305743, 0.952114, 0.4, -1.0, -0.0, 0.0, -0.0, 0.0, 0.0, 0.0, 1.0]
            ]
        },
        {
            "name": "Arm_L",
            "time": [0.0, 0.0833, 0.7333, 1.2167],
            "transform": [
                [-0.106374, -0.304367, 0.946597, 0.0, -0.928574, 0.370848, 0.014893, 0.39386, -0.355576, -0.877401, -0.322076, 0.0, 0.0, 0.0, 0.0, 1.0],
                [-0.106374, -0.304367, 0.946597, -0.0, -0.928574, 0.370848, 0.014893, 0.393861, -0.355576, -0.877401, -0.322076, 0.0, 0.0, 0.0, 0.0, 1.0],
                [-0.106374, -0.304367, 0.946597, 0.0, -0.928574, 0.370848, 0.014893, 0.39386, -0.355576, -0.877401, -0.322076, -0.0, 0.0, 0.0, 0.0, 1.0],
                [-0.106374, -0.304367, 0.946597, 0.0, -0.928574, 0.370848, 0.014893, 0.39386, -0.355576, -0.877401, -0.322076, -0.0, 0.0, 0.0, 0.0, 1.0]
            ]
        },
        {
            "name": "Hand_L",
            "time": [0.0, 0.0833, 0.7333, 1.2167],
            "transform": [
                [1.0, 0.0, -0.0, 0.0, -0.0, 0.440372, -0.897816, 0.3, -0.0, 0.897816, 0.440372, 0.0, 0.0, 0.0, 0.0, 1.0],
                [1.0, 0.0, -0.0, 0.0, -0.0, 0.440372, -0.897816, 0.3, -0.0, 0.897816, 0.440372, -0.0, 0.0, 0.0, 0.0, 1.0],
                [1.0, 0.0, -0.0, 0.0, -0.0, 0.440372, -0.897816, 0.3, -0.0, 0.897816, 0.440372, 0.0, 0.0, 0.0, 0.0, 1.0],
                [1.0, 0.0, 0.0, 0.0, -0.0, 0.440372, -0.897816, 0.3, -0.0, 0.897816, 0.440372, -0.0, 0.0, 0.0, 0.0, 1.0]
            ]
        },
        {
            "name": "Tool_L",
            "time": [0.0, 0.0833, 0.7333, 1.2167],
            "transform": [
                [1.0, -0.0, 0.0, -0.0, 0.0, -0.633326, -0.773885, 0.22346, 0.0, 0.773423, -0.632961, 0.060325, 0.0, 0.0, 0.0, 1.0],
                [1.0, -0.0, 0.0, -0.0, 0.0, -0.633326, -0.773885, 0.22346, 0.0, 0.773423, -0.632961, 0.060325, 0.0, 0.0, 0.0, 1.0],
                [1.0, -0.0, 0.0, -0.0, 0.0, -0.633326, -0.773885, 0.22346, 0.0, 0.773423, -0.632961, 0.060325, 0.0, 0.0, 0.0, 1.0],
                [1.0, -0.0, 0.0, -0.0, 0.0, -0.633326, -0.773885, 0.22346, 0.0, 0.773423, -0.632961, 0.060325, 0.0, 0.0, 0.0, 1.0]
            ]
        },
        {
            "name": "Elbow_L",
            "time": [0.0, 0.0833, 0.7333, 1.2167],
            "transform": [
                [-1.0, 0.0, -0.0, -0.0, 0.0, -0.0, -1.0, 0.414791, -0.0, -1.0, -0.0, 0.0, 0.0, 0.0, 0.0, 1.0],
                [-1.0, 0.0, -0.0, -0.0, -0.0, -0.0, -1.0, 0.414791, -0.0, -1.0, 0.0, -0.0, 0.0, 0.0, 0.0, 1.0],
                [-1.0, 0.0, 0.0, 0.0, -0.0, -0.0, -1.0, 0.414791, -0.0, -1.0, -0.0, 0.0, 0.0, 0.0, 0.0, 1.0],
                [-1.0, 0.0, -0.0, 0.0, 0.0, 0.0, -1.0, 0.414791, -0.0, -1.0, -0.0, 0.0, 0.0, 0.0, 0.0, 1.0]
            ]
        }
    ]
}