{
    "animation": [
        {
            "name": "Root",
            "time": [0.0, 0.0833, 0.1833, 0.25, 0.35, 0.85],
            "transform": [
                [0.283119, -0.039444, -0.958274, -5e-06, -0.951894, 0.110569, -0.285785, 3.8e-05, 0.117228, 0.993085, -0.006242, 0.623911, 0.0, 0.0, 0.0, 1.0],
                [0.282432, -0.051989, -0.957878, -5e-06, -0.946799, 0.145489, -0.287061, 3.8e-05, 0.154285, 0.987993, -0.008132, 0.60979, 0.0, 0.0, 0.0, 1.0],
                [0.948424, 0.004341, 0.316976, -5e-06, 0.316672, 0.032903, -0.947964, 0.589099, -0.014545, 0.999449, 0.029831, 0.658525, 0.0, 0.0, 0.0, 1.0],
                [0.211252, 0.0, 0.977432, -5e-06, 0.977432, 0.0, -0.211252, 0.997493, 0.0, 1.0, 0.0, 0.60979, 0.0, 0.0, 0.0, 1.0],
                [0.131737, 0.0, 0.991285, -5e-06, 0.991285, 0.0, -0.131737, 0.997493, 0.0, 1.0, 0.0, 0.60979, 0.0, 0.0, 0.0, 1.0],
                [0.131737, 0.0, 0.991285, -5e-06, 0.991285, 0.0, -0.131737, 0.997493, 0.0, 1.0, 0.0, 0.60979, 0.0, 0.0, 0.0, 1.0]
            ]
        },
        {
            "name": "Thigh_R",
            "time": [0.0, 0.0833, 0.1833, 0.25, 0.35, 0.85],
            "transform": [
                [0.880162, 0.435781, 0.18817, 0.124994, 0.355779, -0.868072, 0.34622, -0.002831, 0.314222, -0.237782, -0.919089, -1.2e-05, 0.0, 0.0, 0.0, 1.0],
                [0.79993, 0.483427, 0.35554, 0.124994, 0.320278, -0.844968, 0.428309, -0.002831, 0.507477, -0.228745, -0.830749, -1.2e-05, 0.0, 0.0, 0.0, 1.0],
                [0.620775, 0.598058, 0.506915, 0.124994, 0.026271, -0.662088, 0.748964, -0.002831, 0.783548, -0.45162, -0.426721, -1.2e-05, 0.0, 0.0, 0.0, 1.0],
                [0.449657, 0.752392, 0.481365, 0.124994, 0.190388, -0.607271, 0.771345, -0.002831, 0.872674, -0.255194, -0.416312, -1.2e-05, 0.0, 0.0, 0.0, 1.0],
                [0.375486, 0.770907, 0.5145, 0.124994, 0.204248, -0.610296, 0.765389, -0.002831, 0.904042, -0.182307, -0.386615, -1.2e-05, 0.0, 0.0, 0.0, 1.0],
                [0.375486, 0.770907, 0.5145, 0.124994, 0.204248, -0.610296, 0.765389, -0.002831, 0.904042, -0.182307, -0.386615, -1.2e-05, 0.0, 0.0, 0.0, 1.0]
            ]
        },
        {
            "name": "Leg_R",
            "time": [0.0, 0.0833, 0.1833, 0.25, 0.35, 0.85],
            "transform": [
                [1.0, -0.0, 0.0, -0.0, -0.0, 0.757919, 0.652348, 0.37472, -1e-06, -0.652349, 0.757918, 0.0, 0.0, 0.0, 0.0, 1.0],
                [1.0, -0.0, 0.0, 0.0, 0.0, 0.717384, 0.696678, 0.37472, -1e-06, -0.696679, 0.717383, -0.0, 0.0, 0.0, 0.0, 1.0],
                [1.0, -1e-06, 0.0, 0.0, -0.0, 0.122961, 0.992411, 0.37472, -1e-06, -0.992412, 0.122961, 0.0, 0.0, 0.0, 0.0, 1.0],
                [1.0, -0.0, 1e-06, 0.0, -0.0, 0.594374, 0.804188, 0.37472, -0.0, -0.804189, 0.594373, -0.0, 0.0, 0.0, 0.0, 1.0],
                [1.0, -0.0, 1e-06, 0.0, -0.0, 0.593688, 0.804695, 0.37472, -0.0, -0.804696, 0.593687, 0.0, 0.0, 0.0, 0.0, 1.0],
                [1.0, -0.0, 1e-06, 0.0, -0.0, 0.593688, 0.804695, 0.37472, -0.0, -0.804696, 0.593687, 0.0, 0.0, 0.0, 0.0, 1.0]
            ]
        },
        {
            "name": "Knee_R",
            "time": [0.0, 0.0833, 0.1833, 0.25, 0.85],
            "transform": [
                [1.0, 0.0, -0.0, -0.0, -0.0, 1e-06, -1.0, 0.402489, -0.0, 1.0, 1e-06, 0.0, 0.0, 0.0, 0.0, 1.0],
                [1.0, 0.0, -0.0, -0.0, -0.0, 1e-06, -1.0, 0.407883, -0.0, 1.0, 1e-06, -0.0, 0.0, 0.0, 0.0, 1.0],
                [1.0, 0.0, -0.0, 0.0, -0.0, 1e-06, -1.0, 0.468651, -0.0, 1.0, 1e-06, 0.0, 0.0, 0.0, 0.0, 1.0],
                [1.0, 0.0, -0.0, 0.0, -0.0, 1e-06, -1.0, 0.422569, -0.0, 1.0, 1e-06, -0.0, 0.0, 0.0, 0.0, 1.0],
                [1.0, 0.0, -0.0, 0.0, -0.0, 1e-06, -1.0, 0.422645, -0.0, 1.0, 1e-06, 0.0, 0.0, 0.0, 0.0, 1.0]
            ]
        },
        {
            "name": "Thigh_L",
            "time": [0.0, 0.0833, 0.1333, 0.1833, 0.2167, 0.25, 0.35, 0.85],
            "transform": [
                [0.243747, -0.849413, -0.468066, -0.125006, -0.046596, -0.492322, 0.869165, -0.002831, -0.968718, -0.190046, -0.159581, -1.2e-05, 0.0, 0.0, 0.0, 1.0],
                [0.241025, -0.891998, -0.382421, -0.125006, -0.055472, -0.406056, 0.912163, -0.002831, -0.968932, -0.19864, -0.147351, -1.2e-05, 0.0, 0.0, 0.0, 1.0],
                [0.592472, -0.642414, -0.486088, -0.125006, -0.017708, -0.613633, 0.789392, -0.002831, -0.805396, -0.459085, -0.374937, -1.2e-05, 0.0, 0.0, 0.0, 1.0],
                [0.843535, -0.391263, -0.367915, -0.125006, -0.183672, -0.85389, 0.486965, -0.002831, -0.504691, -0.343197, -0.792151, -1.2e-05, 0.0, 0.0, 0.0, 1.0],
                [0.557051, -0.645334, -0.522721, -0.125006, -0.396369, -0.759704, 0.515501, -0.00283, -0.729783, -0.079969, -0.678985, -1.2e-05, 0.0, 0.0, 0.0, 1.0],
                [0.224404, -0.697199, -0.680849, -0.125006, -0.268713, -0.715852, 0.644475, -0.002831, -0.936715, 0.038331, -0.347987, -1.2e-05, 0.0, 0.0, 0.0, 1.0],
                [0.231798, -0.704838, -0.670428, -0.125006, -0.204386, -0.709104, 0.674832, -0.002831, -0.951049, -0.019399, -0.308428, -1.2e-05, 0.0, 0.0, 0.0, 1.0],
                [0.231798, -0.704838, -0.670428, -0.125006, -0.204386, -0.709104, 0.674832, -0.002831, -0.951049, -0.019399, -0.308428, -1.2e-05, 0.0, 0.0, 0.0, 1.0]
            ]
        },
        {
            "name": "Leg_L",
            "time": [0.0, 0.0833, 0.1333, 0.1833, 0.2167, 0.25, 0.35, 0.85],
            "transform": [
                [1.0, -1e-06, 1e-06, 0.0, 0.0, 0.576015, 0.81744, 0.37472, -1e-06, -0.817439, 0.576015, -0.0, 0.0, 0.0, 0.0, 1.0],
                [1.0, -1e-06, 1e-06, 0.0, -0.0, 0.538987, 0.842314, 0.37472, -1e-06, -0.842314, 0.538987, 0.0, 0.0, 0.0, 0.0, 1.0],
                [1.0, -1e-06, 1e-06, 0.0, -0.0, 0.385027, 0.922906, 0.37472, -1e-06, -0.922905, 0.385027, -0.0, 0.0, 0.0, 0.0, 1.0],
                [1.0, -1e-06, 1e-06, -0.0, -0.0, 0.493496, 0.869748, 0.37472, -1e-06, -0.869748, 0.493497, 0.0, 0.0, 0.0, 0.0, 1.0],
                [1.0, -1e-06, 1e-06, 0.0, 0.0, 0.718833, 0.695183, 0.37472, -1e-06, -0.695182, 0.718834, -0.0, 0.0, 0.0, 0.0, 1.0],
                [1.0, -0.0, 1e-06, -0.0, 0.0, 0.956601, 0.291399, 0.37472, -1e-06, -0.291398, 0.956602, 0.0, 0.0, 0.0, 0.0, 1.0],
                [1.0, -0.0, 1e-06, -0.0, -0.0, 0.95351, 0.30136, 0.37472, -1e-06, -0.30136, 0.953511, 0.0, 0.0, 0.0, 0.0, 1.0],
                [1.0, -0.0, 1e-06, -0.0, -0.0, 0.95351, 0.30136, 0.37472, -1e-06, -0.30136, 0.953511, 0.0, 0.0, 0.0, 0.0, 1.0]
            ]
        },
        {
            "name": "Knee_L",
            "time": [0.0, 0.0833, 0.1333, 0.1833, 0.2167, 0.25, 0.85],
            "transform": [
                [1.0, 0.0, -0.0, 0.0, -0.0, 1e-06, -1.0, 0.424602, -0.0, 1.0, 1e-06, 0.0, 0.0, 0.0, 0.0, 1.0],
                [1.0, 0.0, -0.0, 0.0, -0.0, 1e-06, -1.0, 0.428608, -0.0, 1.0, 1e-06, 0.0, 0.0, 0.0, 0.0, 1.0],
                [1.0, 0.0, -0.0, 0.0, -0.0, 1e-06, -1.0, 0.444231, -0.0, 1.0, 1e-06, -0.0, 0.0, 0.0, 0.0, 1.0],
                [1.0, 0.0, -0.0, -0.0, -0.0, 1e-06, -1.0, 0.433378, -0.0, 1.0, 1e-06, 0.0, 0.0, 0.0, 0.0, 1.0],
                [1.0, 0.0, -0.0, -0.0, -0.0, 1e-06, -1.0, 0.407696, -0.0, 1.0, 1e-06, -0.0, 0.0, 0.0, 0.0, 1.0],
                [1.0, 0.0, -0.0, -0.0, -0.0, 1e-06, -1.0, 0.37472, -0.0, 1.0, 1e-06, 0.0, 0.0, 0.0, 0.0, 1.0],
                [1.0, 0.0, -0.0, -0.0, -0.0, 1e-06, -1.0, 0.37472, -0.0, 1.0, 1e-06, 0.0, 0.0, 0.0, 0.0, 1.0]
            ]
        },
        {
            "name": "Torso",
            "time": [0.0, 0.85],
            "transform": [
                [1.0, -0.0, -0.0, 0.0, -0.0, 1.0, 0.0, 0.05, 0.0, 0.0, 1.0, 0.0, 0.0, 0.0, 0.0, 1.0],
                [1.0, 0.0, 0.0, -0.0, 0.0, 1.0, 0.0, 0.05, -0.0, 0.0, 1.0, -0.0, 0.0, 0.0, 0.0, 1.0]
            ]
        },
        {
            "name": "Chest",
            "time": [0.0, 0.0833, 0.1833, 0.85],
            "transform": [
                [0.965847, -0.152772, -0.209284, 0.0, 0.189196, 0.967675, 0.166762, 0.3, 0.177043, -0.200663, 0.96353, 0.0, 0.0, 0.0, 0.0, 1.0],
                [0.957337, -0.192963, -0.215107, 0.0, 0.239091, 0.946991, 0.214576, 0.3, 0.1623, -0.256852, 0.952726, -0.0, 0.0, 0.0, 0.0, 1.0],
                [0.999061, -0.043321, 0.000203, -0.0, 0.043321, 0.999017, -0.009363, 0.3, 0.000203, 0.009363, 0.999956, 0.0, 0.0, 0.0, 0.0, 1.0],
                [0.999061, -0.043321, 0.000203, -0.0, 0.043321, 0.999017, -0.009363, 0.3, 0.000203, 0.009363, 0.999956, -0.0, 0.0, 0.0, 0.0, 1.0]
            ]
        },
        {
            "name": "Head",
            "time": [0.0, 0.0833, 0.1333, 0.1833, 0.2333, 0.2833, 0.85],
            "transform": [
                [0.222401, 0.207735, 0.952567, 0.0, 0.031702, 0.974979, -0.220024, 0.4, -0.97444, 0.079132, 0.210251, -0.0, 0.0, 0.0, 0.0, 1.0],
                [0.22326, 0.264784, 0.938107, 0.0, 0.037654, 0.959338, -0.279738, 0.4, -0.974031, 0.097778, 0.204211, -0.0, 0.0, 0.0, 0.0, 1.0],
                [0.741211, 0.174534, 0.648185, -0.0, -0.070562, 0.980516, -0.183331, 0.4, -0.667553, 0.09015, 0.739084, 0.0, 0.0, 0.0, 0.0, 1.0],
                [0.947576, 0.016147, -0.319122, 0.0, -0.027759, 0.999107, -0.031873, 0.4, 0.318322, 0.03906, 0.947177, -0.0, 0.0, 0.0, 0.0, 1.0],
                [0.342275, 0.044713, -0.938536, -0.0, -0.00834, 0.998972, 0.044551, 0.4, 0.939563, -0.007421, 0.342296, 0.0, 0.0, 0.0, 0.0, 1.0],
                [0.34248, 0.021951, -0.939268, -0.0, -0.001824, 0.999741, 0.022699, 0.4, 0.939523, -0.00606, 0.342432, 0.0, 0.0, 0.0, 0.0, 1.0],
                [0.34248, 0.021951, -0.939269, -0.0, -0.001824, 0.999741, 0.022699, 0.4, 0.939523, -0.00606, 0.342432, 0.0, 0.0, 0.0, 0.0, 1.0]
            ]
        },
        {
            "name": "Shoulder_R",
            "time": [0.0, 0.0833, 0.3167, 0.85],
            "transform": [
                [0.377355, 0.877334, 0.29646, 0.0, 0.181029, -0.383835, 0.905483, 0.4, 0.908202, -0.288021, -0.303665, -0.0, 0.0, 0.0, 0.0, 1.0],
                [0.286202, 0.868605, 0.40449, 0.0, 0.300594, -0.482231, 0.822859, 0.4, 0.909798, -0.113916, -0.399113, -0.0, 0.0, 0.0, 0.0, 1.0],
                [0.826037, 0.520731, 0.215643, -0.0, -0.08449, -0.263877, 0.960849, 0.4, 0.557247, -0.811916, -0.173976, -0.0, 0.0, 0.0, 0.0, 1.0],
                [0.826037, 0.520731, 0.215643, -0.0, -0.08449, -0.263877, 0.960849, 0.4, 0.557247, -0.811916, -0.173976, 0.0, 0.0, 0.0, 0.0, 1.0]
            ]
        },
        {
            "name": "Arm_R",
            "time": [0.0, 0.0833, 0.2, 0.3, 0.85],
            "transform": [
                [0.536772, -0.473771, -0.698152, 0.0, 0.685853, 0.726945, 0.034007, 0.39386, 0.491407, -0.497084, 0.715141, 0.0, 0.0, 0.0, 0.0, 1.0],
                [0.59748, -0.564238, -0.569783, -0.0, 0.7276, 0.680146, 0.089441, 0.39386, 0.33707, -0.468014, 0.816913, 0.0, 0.0, 0.0, 0.0, 1.0],
                [0.183424, -0.951816, -0.245768, -0.0, 0.919454, 0.254564, -0.299668, 0.39386, 0.347792, -0.171006, 0.921844, 0.0, 0.0, 0.0, 0.0, 1.0],
                [-0.187561, -0.947666, -0.258359, 0.0, 0.752782, 0.030282, -0.657573, 0.39386, 0.630984, -0.317823, 0.707706, -0.0, 0.0, 0.0, 0.0, 1.0],
                [-0.187561, -0.947666, -0.258359, 0.0, 0.752782, 0.030282, -0.657573, 0.393861, 0.630984, -0.317823, 0.707706, -0.0, 0.0, 0.0, 0.0, 1.0]
            ]
        },
        {
            "name": "Hand_R",
            "time": [0.0, 0.0833, 0.1333, 0.2333, 0.85],
            "transform": [
                [1.0, 0.0, 0.0, -0.0, 0.0, 0.888451, -0.458972, 0.3, -0.0, 0.458972, 0.888451, 0.0, 0.0, 0.0, 0.0, 1.0],
                [1.0, -0.0, 0.0, 0.0, -0.0, 0.803078, -0.595875, 0.3, -0.0, 0.595875, 0.803078, 0.0, 0.0, 0.0, 0.0, 1.0],
                [1.0, 0.0, 0.0, -0.0, -0.0, 0.999775, 0.021234, 0.3, -0.0, -0.021234, 0.999775, 0.0, 0.0, 0.0, 0.0, 1.0],
                [1.0, 0.0, 0.0, 0.0, -0.0, 0.988746, -0.149604, 0.3, -0.0, 0.149604, 0.988746, -0.0, 0.0, 0.0, 0.0, 1.0],
                [1.0, -0.0, 0.0, -0.0, -0.0, 0.988746, -0.149604, 0.3, -0.0, 0.149604, 0.988746, 0.0, 0.0, 0.0, 0.0, 1.0]
            ]
        },
        {
            "name": "Tool_R",
            "time": [0.0, 0.0833, 0.1833, 0.2333, 0.2833, 0.35, 0.85],
            "transform": [
                [0.349017, 0.212896, -0.912613, 0.0, -0.00248, -0.973639, -0.228081, 0.272858, -0.936559, 0.081808, -0.33909, 0.0, 0.0, 0.0, 0.0, 1.0],
                [0.01257, 0.100615, -0.994846, 0.0, 0.130981, -0.986518, -0.098118, 0.272858, -0.990717, -0.129007, -0.025565, -0.0, 0.0, 0.0, 0.0, 1.0],
                [-0.018441, 0.770726, -0.6369, 0.0, 0.477201, -0.552987, -0.682997, 0.272858, -0.878075, -0.316344, -0.357389, -0.0, 0.0, 0.0, 0.0, 1.0],
                [0.016711, 0.698767, -0.715155, -0.0, 0.37908, -0.666283, -0.642157, 0.272858, -0.924662, -0.260222, -0.275866, -0.0, 0.0, 0.0, 0.0, 1.0],
                [-0.09108, 0.689741, -0.718306, 0.0, 0.266262, -0.678176, -0.684969, 0.272858, -0.959017, -0.253501, -0.121818, -0.0, 0.0, 0.0, 0.0, 1.0],
                [-0.124029, 0.698746, -0.704536, 0.0, 0.245615, -0.666304, -0.704068, 0.272858, -0.960828, -0.260222, -0.088936, 0.0, 0.0, 0.0, 0.0, 1.0],
                [-0.124029, 0.698746, -0.704536, 0.0, 0.245615, -0.666304, -0.704068, 0.272858, -0.960828, -0.260222, -0.088936, 0.0, 0.0, 0.0, 0.0, 1.0]
            ]
        },
        {
            "name": "Elbow_R",
            "time": [0.0, 0.0833, 0.1333, 0.2333, 0.85],
            "transform": [
                [-1.0, 0.0, 0.0, -0.0, -0.0, 0.0, -1.0, 0.355009, -0.0, -1.0, 0.0, -0.0, 0.0, 0.0, 0.0, 1.0],
                [-1.0, 0.0, 0.0, 0.0, 0.0, -0.0, -1.0, 0.370145, -0.0, -1.0, 0.0, -0.0, 0.0, 0.0, 0.0, 1.0],
                [-1.0, 0.0, -0.0, -0.0, 0.0, 0.0, -1.0, 0.308334, -0.0, -1.0, -0.0, 0.0, 0.0, 0.0, 0.0, 1.0],
                [-1.0, 0.0, 0.0, -0.0, -0.0, 0.0, -1.0, 0.324396, -0.0, -1.0, -0.0, -0.0, 0.0, 0.0, 0.0, 1.0],
                [-1.0, 0.0, 0.0, -0.0, 0.0, 0.0, -1.0, 0.324396, -0.0, -1.0, 0.0, 0.0, 0.0, 0.0, 0.0, 1.0]
            ]
        },
        {
            "name": "Shoulder_L",
            "time": [0.0, 0.85],
            "transform": [
                [-0.656552, -0.693519, -0.296598, 0.0, 0.046113, -0.429389, 0.901942, 0.4, -0.75287, 0.578495, 0.313897, -0.0, 0.0, 0.0, 0.0, 1.0],
                [-0.656552, -0.693519, -0.296598, -0.0, 0.046113, -0.429389, 0.901942, 0.4, -0.75287, 0.578495, 0.313897, 0.0, 0.0, 0.0, 0.0, 1.0]
            ]
        },
        {
            "name": "Arm_L",
            "time": [0.0, 0.0833, 0.85],
            "transform": [
                [-0.120657, -0.515967, 0.848068, -0.0, -0.846364, 0.49991, 0.183732, 0.39386, -0.518757, -0.695606, -0.497014, 0.0, 0.0, 0.0, 0.0, 1.0],
                [-0.124635, -0.502791, 0.855376, -0.0, -0.843898, 0.507117, 0.175121, 0.39386, -0.521825, -0.700024, -0.487509, -0.0, 0.0, 0.0, 0.0, 1.0],
                [-0.124635, -0.502791, 0.855376, -0.0, -0.843898, 0.507117, 0.175121, 0.39386, -0.521825, -0.700024, -0.487509, -0.0, 0.0, 0.0, 0.0, 1.0]
            ]
        },
        {
            "name": "Hand_L",
            "time": [0.0, 0.0833, 0.85],
            "transform": [
                [1.0, 0.0, 0.0, 0.0, -0.0, 0.20564, -0.978628, 0.3, -0.0, 0.978628, 0.20564, 0.0, 0.0, 0.0, 0.0, 1.0],
                [1.0, 0.0, 0.0, 0.0, 0.0, 0.179548, -0.983749, 0.3, -0.0, 0.983749, 0.179548, 0.0, 0.0, 0.0, 0.0, 1.0],
                [1.0, -0.0, -0.0, 0.0, -0.0, 0.179548, -0.983749, 0.3, -0.0, 0.983749, 0.179548, 0.0, 0.0, 0.0, 0.0, 1.0]
            ]
        },
        {
            "name": "Tool_L",
            "time": [0.0, 0.0833, 0.85],
            "transform": [
                [0.997004, 0.01104, -0.076554, -0.0, -0.036659, -0.804079, -0.593392, 0.272858, -0.068067, 0.594062, -0.8008, -0.0, 0.0, 0.0, 0.0, 1.0],
                [0.997004, 0.01104, -0.076554, -0.0, -0.036659, -0.804079, -0.593392, 0.272858, -0.068067, 0.594062, -0.8008, -0.0, 0.0, 0.0, 0.0, 1.0],
                [0.997004, 0.01104, -0.076554, 0.0, -0.036659, -0.804079, -0.593392, 0.272858, -0.068067, 0.594062, -0.8008, -0.0, 0.0, 0.0, 0.0, 1.0]
            ]
        },
        {
            "name": "Elbow_L",
            "time": [0.0, 0.0833, 0.85],
            "transform": [
                [-1.0, 0.0, -0.0, -0.0, 0.0, -0.0, -1.0, 0.438115, -0.0, -1.0, 0.0, -0.0, 0.0, 0.0, 0.0, 1.0],
                [-1.0, 0.0, -0.0, -0.0, 0.0, -0.0, -1.0, 0.440607, -0.0, -1.0, 0.0, 0.0, 0.0, 0.0, 0.0, 1.0],
                [-1.0, 0.0, -0.0, 0.0, 0.0, 0.0, -1.0, 0.440607, -0.0, -1.0, -0.0, 0.0, 0.0, 0.0, 0.0, 1.0]
            ]
        }
    ]
}