{
    "animation": [
        {
            "name": "Root",
            "time": [0.0, 0.2, 0.25, 0.4, 0.6, 0.65, 0.8],
            "transform": [
                [0.980916, 0.070952, -0.181025, -5e-06, -0.169889, -0.140043, -0.975462, 0.000946, -0.094562, 0.9876, -0.125316, 0.763972, 0.0, 0.0, 0.0, 1.0],
                [0.998382, -0.016503, -0.054408, -5e-06, -0.055839, -0.104386, -0.992968, 0.000946, 0.010708, 0.9944, -0.105139, 0.763972, 0.0, 0.0, 0.0, 1.0],
                [0.996804, -0.075234, 0.026874, -5e-06, 0.020303, -0.086787, -0.99602, 0.000946, 0.077267, 0.993382, -0.084982, 0.763972, 0.0, 0.0, 0.0, 1.0],
                [0.991675, -0.10769, 0.070593, -5e-06, 0.062236, -0.079091, -0.994923, 0.000946, 0.112726, 0.991034, -0.071731, 0.763972, 0.0, 0.0, 0.0, 1.0],
                [0.998382, -0.016503, -0.054409, -5e-06, -0.055839, -0.104386, -0.992968, 0.000946, 0.010708, 0.9944, -0.105139, 0.763972, 0.0, 0.0, 0.0, 1.0],
                [0.989823, 0.040663, -0.136368, -5e-06, -0.130293, -0.126331, -0.983394, 0.000946, -0.057215, 0.991154, -0.119747, 0.763972, 0.0, 0.0, 0.0, 1.0],
                [0.980916, 0.070952, -0.181025, -5e-06, -0.169889, -0.140043, -0.975462, 0.000946, -0.094562, 0.9876, -0.125316, 0.763972, 0.0, 0.0, 0.0, 1.0]
            ]
        },
        {
            "name": "Thigh_R",
            "time": [0.0, 0.2, 0.25, 0.4, 0.6, 0.65, 0.8],
            "transform": [
                [0.981108, 0.01294, -0.193025, 0.124994, 0.073805, -0.947335, 0.311624, -0.002831, -0.178826, -0.319983, -0.930393, -1.2e-05, 0.0, 0.0, 0.0, 1.0],
                [0.718718, 0.48973, 0.493567, 0.124994, -0.071932, -0.65368, 0.753344, -0.002831, 0.691571, -0.576945, -0.434585, -1.2e-05, 0.0, 0.0, 0.0, 1.0],
                [0.87377, 0.400155, 0.276411, 0.124994, -0.185692, -0.250793, 0.950064, -0.002831, 0.449494, -0.881464, -0.14483, -1.2e-05, 0.0, 0.0, 0.0, 1.0],
                [0.990856, 0.097012, 0.093769, 0.124994, -0.09774, 0.037018, 0.994523, -0.002831, 0.09301, -0.994594, 0.046161, -1.2e-05, 0.0, 0.0, 0.0, 1.0],
                [0.998654, -0.051867, -0.000614, 0.124994, -0.020324, -0.402163, 0.915343, -0.002831, -0.047723, -0.914098, -0.402676, -1.2e-05, 0.0, 0.0, 0.0, 1.0],
                [0.990894, -0.042354, -0.127808, 0.124994, 0.043356, -0.798308, 0.600687, -0.002831, -0.127472, -0.600758, -0.789203, -1.2e-05, 0.0, 0.0, 0.0, 1.0],
                [0.981109, 0.012941, -0.193025, 0.124994, 0.073805, -0.947335, 0.311624, -0.002832, -0.178826, -0.319983, -0.930394, -1.2e-05, 0.0, 0.0, 0.0, 1.0]
            ]
        },
        {
            "name": "Leg_R",
            "time": [0.0, 0.2, 0.25, 0.4, 0.6, 0.65, 0.8],
            "transform": [
                [1.0, -0.0, 1e-06, 0.0, 0.0, 0.999947, 0.010283, 0.37472, -1e-06, -0.010283, 0.999947, 0.0, 0.0, 0.0, 0.0, 1.0],
                [0.999998, -1e-06, 0.001837, 0.0, -0.001795, 0.211454, 0.977386, 0.37472, -0.000389, -0.977388, 0.211454, -0.0, 0.0, 0.0, 0.0, 1.0],
                [1.0, -0.000185, 0.000887, -0.0, -0.000906, -0.194161, 0.980969, 0.37472, -9e-06, -0.980969, -0.194161, -0.0, 0.0, 0.0, 0.0, 1.0],
                [1.0, -1e-06, 0.0, 0.0, -0.0, -0.345591, 0.938385, 0.37472, -1e-06, -0.938385, -0.345591, 0.0, 0.0, 0.0, 0.0, 1.0],
                [1.0, -1e-06, 8.3e-05, -0.0, -8.1e-05, 0.211454, 0.977388, 0.37472, -1.8e-05, -0.977388, 0.211454, -0.0, 0.0, 0.0, 0.0, 1.0],
                [1.0, 1.7e-05, 4e-05, -0.0, -3.5e-05, 0.855509, 0.517788, 0.37472, -2.6e-05, -0.517788, 0.855509, -0.0, 0.0, 0.0, 0.0, 1.0],
                [1.0, -0.0, 1e-06, 0.0, 0.0, 0.999947, 0.010283, 0.37472, -1e-06, -0.010283, 0.999947, -0.0, 0.0, 0.0, 0.0, 1.0]
            ]
        },
        {
            "name": "Knee_R",
            "time": [0.0, 0.25, 0.4, 0.65, 0.8],
            "transform": [
                [1.0, 0.0, -0.0, 0.0, -0.0, 1e-06, -1.0, 0.37472, -0.0, 1.0, 1e-06, 0.0, 0.0, 0.0, 0.0, 1.0],
                [1.0, 0.0, -0.0, -0.000244, -0.0, 1e-06, -1.0, 0.449456, -0.0, 1.0, 1e-06, -0.002307, 0.0, 0.0, 0.0, 1.0],
                [1.0, 0.0, -0.0, -0.000326, -0.0, 1e-06, -1.0, 0.474368, -0.0, 1.0, 1e-06, -0.003076, 0.0, 0.0, 0.0, 1.0],
                [1.0, 0.0, -0.0, -8.1e-05, -0.0, 1e-06, -1.0, 0.399632, -0.0, 1.0, 1e-06, -0.000769, 0.0, 0.0, 0.0, 1.0],
                [1.0, 0.0, -0.0, 0.0, -0.0, 1e-06, -1.0, 0.37472, -0.0, 1.0, 1e-06, -0.0, 0.0, 0.0, 0.0, 1.0]
            ]
        },
        {
            "name": "Thigh_L",
            "time": [0.0, 0.2, 0.25, 0.4, 0.6, 0.65, 0.8],
            "transform": [
                [0.981742, -0.174743, -0.07515, -0.125006, 0.078049, 0.009762, 0.996902, -0.002831, -0.173468, -0.984566, 0.023221, -1.2e-05, 0.0, 0.0, 0.0, 1.0],
                [0.998477, -0.055004, -0.004243, -0.125006, -0.018949, -0.414177, 0.909999, -0.002831, -0.051811, -0.908533, -0.414589, -1.2e-05, 0.0, 0.0, 0.0, 1.0],
                [0.997255, -0.023276, 0.070284, -0.125006, -0.06675, -0.693367, 0.717486, -0.002831, 0.032033, -0.720208, -0.693018, -1.2e-05, 0.0, 0.0, 0.0, 1.0],
                [0.991365, -0.047262, 0.122321, -0.125006, -0.10846, -0.819806, 0.562276, -0.00283, 0.073705, -0.570687, -0.817853, -1.2e-05, 0.0, 0.0, 0.0, 1.0],
                [0.675532, -0.676636, -0.29295, -0.125006, 0.048711, -0.355489, 0.93341, -0.002831, -0.73572, -0.644818, -0.207186, -1.2e-05, 0.0, 0.0, 0.0, 1.0],
                [0.873764, -0.462825, -0.149429, -0.125006, 0.110946, -0.109464, 0.98778, -0.002831, -0.473526, -0.879665, -0.044297, -1.2e-05, 0.0, 0.0, 0.0, 1.0],
                [0.981742, -0.174743, -0.07515, -0.125006, 0.078049, 0.009762, 0.996902, -0.002831, -0.173468, -0.984566, 0.023221, -1.2e-05, 0.0, 0.0, 0.0, 1.0]
            ]
        },
        {
            "name": "Leg_L",
            "time": [0.0, 0.2, 0.25, 0.4, 0.6, 0.65, 0.8],
            "transform": [
                [1.0, -1e-06, 0.0, 0.0, -1e-06, -0.340078, 0.940398, 0.37472, -1e-06, -0.940398, -0.340078, 0.0, 0.0, 0.0, 0.0, 1.0],
                [1.0, -1e-06, 5.8e-05, -0.0, -5.7e-05, 0.168817, 0.985647, 0.37472, -1.1e-05, -0.985647, 0.168817, 0.0, 0.0, 0.0, 0.0, 1.0],
                [1.0, 7e-06, 3.1e-05, 0.0, -2.8e-05, 0.666087, 0.745874, 0.37472, -1.5e-05, -0.745874, 0.666087, -0.0, 0.0, 0.0, 0.0, 1.0],
                [1.0, -0.0, 4e-06, 0.0, -1e-06, 0.882643, 0.470044, 0.37472, -4e-06, -0.470044, 0.882643, -0.0, 0.0, 0.0, 0.0, 1.0],
                [1.0, -1e-06, 9e-06, -0.0, -8e-06, 0.168817, 0.985648, 0.37472, -3e-06, -0.985647, 0.168817, -0.0, 0.0, 0.0, 0.0, 1.0],
                [1.0, 1e-06, 3.6e-05, 0.0, -3.5e-05, -0.186885, 0.982382, 0.37472, 7e-06, -0.982382, -0.186885, -0.0, 0.0, 0.0, 0.0, 1.0],
                [1.0, -1e-06, 6e-05, 0.0, -5.7e-05, -0.340077, 0.940398, 0.37472, 1.9e-05, -0.940398, -0.340077, 0.0, 0.0, 0.0, 0.0, 1.0]
            ]
        },
        {
            "name": "Knee_L",
            "time": [0.0, 0.25, 0.4, 0.65, 0.8],
            "transform": [
                [1.0, 0.0, -0.0, 0.0, -0.0, 1e-06, -1.0, 0.465228, -0.0, 1.0, 1e-06, 0.0, 0.0, 0.0, 0.0, 1.0],
                [1.0, 0.0, -0.0, -5.4e-05, -0.0, 1e-06, -1.0, 0.405693, -0.0, 1.0, 1e-06, 0.000314, 0.0, 0.0, 0.0, 1.0],
                [1.0, 0.0, -0.0, -7.2e-05, -0.0, 1e-06, -1.0, 0.385847, -0.0, 1.0, 1e-06, 0.000419, 0.0, 0.0, 0.0, 1.0],
                [1.0, 0.0, -0.0, -1.8e-05, -0.0, 1e-06, -1.0, 0.445383, -0.0, 1.0, 1e-06, 0.000105, 0.0, 0.0, 0.0, 1.0],
                [1.0, 0.0, -0.0, 0.0, -0.0, 1e-06, -1.0, 0.465228, -0.0, 1.0, 1e-06, 0.0, 0.0, 0.0, 0.0, 1.0]
            ]
        },
        {
            "name": "Torso",
            "time": [0.0, 0.8],
            "transform": [
                [1.0, 0.0, 0.0, 0.0, 0.0, 1.0, -0.0, 0.05, -0.0, 0.0, 1.0, 0.0, 0.0, 0.0, 0.0, 1.0],
                [1.0, 0.0, 0.0, 0.0, 0.0, 1.0, -0.0, 0.05, -0.0, 0.0, 1.0, 0.0, 0.0, 0.0, 0.0, 1.0]
            ]
        },
        {
            "name": "Chest",
            "time": [0.0, 0.2, 0.25, 0.4, 0.6, 0.65, 0.8],
            "transform": [
                [0.997093, 0.075956, -0.005956, -0.0, -0.075956, 0.997111, 0.000226, 0.3, 0.005956, 0.000227, 0.999982, -0.0, 0.0, 0.0, 0.0, 1.0],
                [0.999966, 0.005789, -0.005937, 0.0, -0.00579, 0.999983, -0.000191, 0.3, 0.005936, 0.000225, 0.999982, 0.0, 0.0, 0.0, 0.0, 1.0],
                [0.999198, -0.039602, -0.005921, -0.0, 0.0396, 0.999215, -0.00046, 0.3, 0.005935, 0.000226, 0.999982, 0.0, 0.0, 0.0, 0.0, 1.0],
                [0.997906, -0.064408, -0.005909, -0.0, 0.064405, 0.997924, -0.000608, 0.3, 0.005936, 0.000226, 0.999982, 0.0, 0.0, 0.0, 0.0, 1.0],
                [0.999966, 0.005789, -0.005937, 0.0, -0.00579, 0.999983, -0.000191, 0.3, 0.005936, 0.000225, 0.999982, -0.0, 0.0, 0.0, 0.0, 1.0],
                [0.998672, 0.051166, -0.005951, 0.0, -0.051167, 0.99869, 7.9e-05, 0.3, 0.005947, 0.000226, 0.999982, 0.0, 0.0, 0.0, 0.0, 1.0],
                [0.997093, 0.075956, -0.005956, -0.0, -0.075956, 0.997111, 0.000226, 0.3, 0.005956, 0.000227, 0.999982, -0.0, 0.0, 0.0, 0.0, 1.0]
            ]
        },
        {
            "name": "Head",
            "time": [0.0, 0.2, 0.25, 0.4, 0.6, 0.65, 0.8],
            "transform": [
                [0.994816, -0.061882, 0.0807, -0.0, 0.088708, 0.916078, -0.391065, 0.4, -0.049728, 0.396196, 0.916818, 0.0, 0.0, 0.0, 0.0, 1.0],
                [0.998991, 0.037035, 0.025425, 0.0, -0.024061, 0.919072, -0.393354, 0.4, -0.037935, 0.392345, 0.919035, -0.0, 0.0, 0.0, 0.0, 1.0],
                [0.994843, 0.100903, -0.010304, 0.0, -0.096866, 0.91507, -0.391488, 0.4, -0.030074, 0.390468, 0.920125, 0.0, 0.0, 0.0, 0.0, 1.0],
                [0.990303, 0.135697, -0.029779, 0.0, -0.136526, 0.910896, -0.389397, 0.4, -0.025715, 0.389686, 0.920589, 0.0, 0.0, 0.0, 0.0, 1.0],
                [0.998991, 0.037035, 0.025425, 0.0, -0.024061, 0.919072, -0.393354, 0.4, -0.037935, 0.392345, 0.919035, -0.0, 0.0, 0.0, 0.0, 1.0],
                [0.997763, -0.026946, 0.061189, 0.0, 0.04888, 0.918406, -0.392609, 0.4, -0.045617, 0.394721, 0.917668, -0.0, 0.0, 0.0, 0.0, 1.0],
                [0.994816, -0.061882, 0.0807, -0.0, 0.088708, 0.916078, -0.391065, 0.4, -0.049728, 0.396196, 0.916818, 0.0, 0.0, 0.0, 0.0, 1.0]
            ]
        },
        {
            "name": "Shoulder_R",
            "time": [0.0, 0.2, 0.25, 0.4, 0.6, 0.65, 0.8],
            "transform": [
                [0.0, 0.952114, 0.305743, -0.0, 0.0, -0.305743, 0.952114, 0.4, 1.0, 0.0, -0.0, 0.0, 0.0, 0.0, 0.0, 1.0],
                [0.014097, 0.991322, 0.1307, 0.0, 0.010514, -0.130853, 0.991346, 0.4, 0.999845, -0.0126, -0.012267, -0.0, 0.0, 0.0, 0.0, 1.0],
                [0.022109, 0.999644, 0.014926, 0.0, 0.018578, -0.015337, 0.99971, 0.4, 0.999583, -0.021825, -0.018911, 0.0, 0.0, 0.0, 0.0, 1.0],
                [0.026084, 0.998473, -0.048692, 0.0, 0.023372, 0.048087, 0.99857, 0.4, 0.999386, -0.027185, -0.022082, 0.0, 0.0, 0.0, 0.0, 1.0],
                [0.014097, 0.991322, 0.1307, 0.0, 0.010514, -0.130853, 0.991346, 0.4, 0.999845, -0.0126, -0.012267, -0.0, 0.0, 0.0, 0.0, 1.0],
                [0.005202, 0.969596, 0.244656, 0.0, 0.003429, -0.244675, 0.969599, 0.4, 0.99998, -0.004205, -0.004598, -0.0, 0.0, 0.0, 0.0, 1.0],
                [0.0, 0.952114, 0.305743, -0.0, 0.0, -0.305743, 0.952114, 0.4, 1.0, 0.0, -0.0, 0.0, 0.0, 0.0, 0.0, 1.0]
            ]
        },
        {
            "name": "Arm_R",
            "time": [0.0, 0.2, 0.25, 0.4, 0.6, 0.65, 0.8],
            "transform": [
                [-0.2193, -0.970413, -0.101025, -0.0, 0.715667, -0.089621, -0.692668, 0.39386, 0.66312, -0.224202, 0.714146, -0.0, 0.0, 0.0, 0.0, 1.0],
                [0.873303, -0.40367, 0.272751, 0.0, 0.131262, -0.344191, -0.929679, 0.39386, 0.469162, 0.847693, -0.247596, 0.0, 0.0, 0.0, 0.0, 1.0],
                [0.931056, -0.3635, -0.031655, 0.0, -0.078234, -0.114142, -0.990379, 0.39386, 0.356389, 0.924575, -0.134711, -0.0, 0.0, 0.0, 0.0, 1.0],
                [0.89001, -0.395691, -0.226516, -0.0, -0.185507, 0.139565, -0.972681, 0.39386, 0.416495, 0.907717, 0.050811, 0.0, 0.0, 0.0, 0.0, 1.0],
                [0.492298, -0.849358, 0.19035, -0.0, 0.371019, 0.006938, -0.928599, 0.39386, 0.787393, 0.527772, 0.318544, 0.0, 0.0, 0.0, 0.0, 1.0],
                [0.02941, -0.996793, 0.074429, -0.0, 0.612158, -0.040903, -0.789677, 0.393861, 0.790189, 0.068786, 0.608991, 0.0, 0.0, 0.0, 0.0, 1.0],
                [-0.2193, -0.970413, -0.101025, -0.0, 0.715667, -0.089621, -0.692668, 0.39386, 0.66312, -0.224203, 0.714146, -0.0, 0.0, 0.0, 0.0, 1.0]
            ]
        },
        {
            "name": "Hand_R",
            "time": [0.0, 0.2, 0.25, 0.4, 0.6, 0.65, 0.8],
            "transform": [
                [1.0, 0.0, 0.0, 0.0, -0.0, 0.66533, -0.746549, 0.3, -0.0, 0.746549, 0.66533, -0.0, 0.0, 0.0, 0.0, 1.0],
                [1.0, 0.0, 0.0, 0.0, -0.0, 0.987421, -0.158112, 0.3, -0.0, 0.158112, 0.987421, -0.0, 0.0, 0.0, 0.0, 1.0],
                [1.0, 0.0, 0.0, 0.0, -0.0, 0.999793, -0.020334, 0.3, -0.0, 0.020334, 0.999793, -0.0, 0.0, 0.0, 0.0, 1.0],
                [1.0, 0.0, 0.0, 0.0, 0.0, 1.0, -0.000574, 0.3, -0.0, 0.000574, 1.0, -0.0, 0.0, 0.0, 0.0, 1.0],
                [1.0, -0.0, -0.0, 0.0, 0.0, 0.807407, -0.589995, 0.3, -0.0, 0.589995, 0.807407, 0.0, 0.0, 0.0, 0.0, 1.0],
                [1.0, 0.0, 0.0, 0.0, -0.0, 0.698729, -0.715387, 0.3, -0.0, 0.715387, 0.698729, 0.0, 0.0, 0.0, 0.0, 1.0],
                [1.0, 0.0, 0.0, -0.0, -0.0, 0.66533, -0.746549, 0.3, -0.0, 0.746549, 0.66533, 0.0, 0.0, 0.0, 0.0, 1.0]
            ]
        },
        {
            "name": "Tool_R",
            "time": [0.0, 0.8],
            "transform": [
                [1.0, 0.0, 0.0, -0.0, 0.0, -0.999836, 0.018122, 0.272858, 0.0, -0.018122, -0.999244, 0.0, 0.0, 0.0, 0.0, 1.0],
                [1.0, 0.0, 0.0, 0.0, 0.0, -0.999836, 0.018122, 0.272858, 0.0, -0.018122, -0.999244, 0.0, 0.0, 0.0, 0.0, 1.0]
            ]
        },
        {
            "name": "Elbow_R",
            "time": [0.0, 0.2, 0.25, 0.65, 0.8],
            "transform": [
                [-1.0, 0.0, -0.0, 0.0, 0.0, -0.0, -1.0, 0.385899, -0.0, -1.0, 0.0, -0.0, 0.0, 0.0, 0.0, 1.0],
                [-1.0, 0.0, -0.0, 0.0, 0.0, -0.0, -1.0, 0.3, -0.0, -1.0, 0.0, -0.0, 0.0, 0.0, 0.0, 1.0],
                [-1.0, 0.0, 0.0, 0.0, 0.0, -0.0, -1.0, 0.314317, -0.0, -1.0, 0.0, -0.0, 0.0, 0.0, 0.0, 1.0],
                [-1.0, 0.0, -0.0, 0.0, 0.0, -0.0, -1.0, 0.371582, -0.0, -1.0, 0.0, 0.0, 0.0, 0.0, 0.0, 1.0],
                [-1.0, 0.0, -0.0, 0.0, 0.0, -0.0, -1.0, 0.385899, -0.0, -1.0, 0.0, 0.0, 0.0, 0.0, 0.0, 1.0]
            ]
        },
        {
            "name": "Shoulder_L",
            "time": [0.0, 0.2, 0.25, 0.4, 0.6, 0.65, 0.8],
            "transform": [
                [0.072185, -0.956475, 0.282746, -0.0, -0.0172, 0.28225, 0.959187, 0.4, -0.997243, -0.074102, 0.003923, 0.0, 0.0, 0.0, 0.0, 1.0],
                [0.037413, -0.999228, -0.011993, 0.0, -0.003168, -0.01212, 0.999922, 0.4, -0.999295, -0.037372, -0.003619, -0.0, 0.0, 0.0, 0.0, 1.0],
                [0.013352, -0.978998, -0.203435, 0.0, 0.000159, -0.203451, 0.979085, 0.4, -0.999911, -0.013105, -0.00256, 0.0, 0.0, 0.0, 0.0, 1.0],
                [-0.0, -0.952114, -0.305743, 0.0, 0.0, -0.305743, 0.952114, 0.4, -1.0, 0.0, 0.0, 0.0, 0.0, 0.0, 0.0, 1.0],
                [0.037413, -0.999228, -0.011994, 0.0, -0.003168, -0.01212, 0.999922, 0.4, -0.999295, -0.037372, -0.003619, -0.0, 0.0, 0.0, 0.0, 1.0],
                [0.060368, -0.981838, 0.179862, 0.0, -0.011043, 0.179523, 0.983692, 0.4, -0.998115, -0.06137, -5e-06, -0.0, 0.0, 0.0, 0.0, 1.0],
                [0.072185, -0.956475, 0.282746, -0.0, -0.0172, 0.28225, 0.959187, 0.4, -0.997243, -0.074102, 0.003923, 0.0, 0.0, 0.0, 0.0, 1.0]
            ]
        },
        {
            "name": "Arm_L",
            "time": [0.0, 0.2, 0.25, 0.4, 0.6, 0.65, 0.8],
            "transform": [
                [0.845129, 0.531499, -0.057141, -0.0, -0.196146, 0.208889, -0.958067, 0.39386, -0.497276, 0.820898, 0.280789, -0.0, 0.0, 0.0, 0.0, 1.0],
                [0.461242, 0.886103, -0.04558, 0.0, -0.499723, 0.216986, -0.838567, 0.39386, -0.733166, 0.409559, 0.542889, -0.0, 0.0, 0.0, 0.0, 1.0],
                [0.132246, 0.983999, 0.119404, 0.0, -0.674818, 0.177612, -0.716293, 0.39386, -0.726039, 0.014151, 0.687508, -0.0, 0.0, 0.0, 0.0, 1.0],
                [-0.070145, 0.962188, 0.263198, 0.0, -0.744253, 0.125202, -0.656058, 0.39386, -0.664204, -0.241905, 0.707329, -0.0, 0.0, 0.0, 0.0, 1.0],
                [0.764083, 0.482166, -0.428595, 0.0, -0.275056, -0.357463, -0.892505, 0.39386, -0.583542, 0.799835, -0.140509, -0.0, 0.0, 0.0, 0.0, 1.0],
                [0.826517, 0.52255, -0.209312, 0.0, -0.203085, -0.069989, -0.976657, 0.39386, -0.525001, 0.849731, 0.048275, 0.0, 0.0, 0.0, 0.0, 1.0],
                [0.845129, 0.531499, -0.057141, 0.0, -0.196146, 0.208889, -0.958067, 0.39386, -0.497276, 0.820898, 0.280789, -0.0, 0.0, 0.0, 0.0, 1.0]
            ]
        },
        {
            "name": "Hand_L",
            "time": [0.0, 0.2, 0.25, 0.4, 0.6, 0.65, 0.8],
            "transform": [
                [1.0, 0.0, 0.0, -0.0, -0.0, 1.0, 0.0, 0.3, -0.0, -0.0, 1.0, 0.0, 0.0, 0.0, 0.0, 1.0],
                [1.0, 0.0, -0.0, -0.0, -0.0, 0.388037, -0.921644, 0.3, -0.0, 0.921644, 0.388037, -0.0, 0.0, 0.0, 0.0, 1.0],
                [1.0, 0.0, -0.0, 0.0, -0.0, 0.238032, -0.971258, 0.3, -0.0, 0.971258, 0.238032, -0.0, 0.0, 0.0, 0.0, 1.0],
                [1.0, 0.0, -0.0, -0.0, -0.0, 0.211101, -0.977464, 0.3, -0.0, 0.977464, 0.211101, -0.0, 0.0, 0.0, 0.0, 1.0],
                [1.0, 0.0, 0.0, 0.0, -0.0, 1.0, -0.000537, 0.3, -0.0, 0.000537, 1.0, 0.0, 0.0, 0.0, 0.0, 1.0],
                [1.0, 0.0, 0.0, -0.0, -0.0, 1.0, -6.7e-05, 0.3, -0.0, 6.7e-05, 1.0, 0.0, 0.0, 0.0, 0.0, 1.0],
                [1.0, 0.0, 0.0, -0.0, -0.0, 1.0, 0.0, 0.3, -0.0, -0.0, 1.0, 0.0, 0.0, 0.0, 0.0, 1.0]
            ]
        },
        {
            "name": "Tool_L",
            "time": [0.0, 0.8],
            "transform": [
                [1.0, -0.0, 0.0, 0.0, 0.0, -0.999836, 0.018122, 0.272858, 0.0, -0.018122, -0.999247, 0.0, 0.0, 0.0, 0.0, 1.0],
                [1.0, 0.0, 0.0, 0.0, 0.0, -0.999836, 0.018122, 0.272858, 0.0, -0.018122, -0.999247, 0.0, 0.0, 0.0, 0.0, 1.0]
            ]
        },
        {
            "name": "Elbow_L",
            "time": [0.0, 0.25, 0.4, 0.6, 0.8],
            "transform": [
                [-1.0, 0.0, -0.0, -0.0, 0.0, -0.0, -1.0, 0.3, -0.0, -1.0, -0.0, 0.0, 0.0, 0.0, 0.0, 1.0],
                [-1.0, 0.0, -0.0, -0.000327, 0.0, -0.0, -1.0, 0.403827, -0.0, -1.0, -0.0, 0.002675, 0.0, 0.0, 0.0, 1.0],
                [-1.0, 0.0, -0.0, -0.000436, 0.0, -0.0, -1.0, 0.438435, -0.0, -1.0, -0.0, 0.003567, 0.0, 0.0, 0.0, 1.0],
                [-1.0, 0.0, -0.0, 0.0, 0.0, -0.0, -1.0, 0.3, -0.0, -1.0, -0.0, 0.0, 0.0, 0.0, 0.0, 1.0],
                [-1.0, 0.0, -0.0, -0.0, 0.0, -0.0, -1.0, 0.3, -0.0, -1.0, -0.0, 0.0, 0.0, 0.0, 0.0, 1.0]
            ]
        }
    ]
}