{
    "animation": [
        {
            "name": "Root",
            "time": [0.0, 2.0, 4.0],
            "transform": [
                [1.0, 0.0, 0.0, -5e-06, 0.0, 0.039267, -0.999229, 0.000946, -0.0, 0.999229, 0.039267, 0.763972, 0.0, 0.0, 0.0, 1.0],
                [1.0, 0.0, 0.0, -5e-06, 0.0, 0.219238, -0.975671, 0.000946, -0.0, 0.975671, 0.219238, 0.763972, 0.0, 0.0, 0.0, 1.0],
                [1.0, 0.0, 0.0, -5e-06, 0.0, 0.039267, -0.999229, 0.000946, -0.0, 0.999229, 0.039267, 0.763972, 0.0, 0.0, 0.0, 1.0]
            ]
        },
        {
            "name": "Thigh_R",
            "time": [0.0, 2.0, 4.0],
            "transform": [
                [0.990016, 0.134029, 0.043631, 0.124994, 0.047857, -0.610779, 0.790354, -0.002831, 0.132579, -0.780375, -0.611095, -1.2e-05, 0.0, 0.0, 0.0, 1.0],
                [0.990016, 0.134029, 0.043631, 0.124994, 0.006973, -0.355732, 0.934562, -0.002831, 0.14078, -0.924927, -0.353115, -1.2e-05, 0.0, 0.0, 0.0, 1.0],
                [0.990016, 0.134029, 0.043631, 0.124994, 0.047857, -0.610779, 0.790354, -0.002831, 0.132579, -0.780375, -0.611095, -1.2e-05, 0.0, 0.0, 0.0, 1.0]
            ]
        },
        {
            "name": "Leg_R",
            "time": [0.0, 2.0, 4.0],
            "transform": [
                [0.999844, 0.00918, -0.01508, 0.0, -0.007089, 0.991046, 0.133328, 0.37472, 0.016169, -0.1332, 0.990958, -0.0, 0.0, 0.0, 0.0, 1.0],
                [0.999844, 0.00918, -0.01508, 0.0, -0.007089, 0.991046, 0.133328, 0.37472, 0.016169, -0.133201, 0.990958, 0.0, 0.0, 0.0, 0.0, 1.0],
                [0.999844, 0.00918, -0.01508, 0.0, -0.007089, 0.991046, 0.133328, 0.37472, 0.016169, -0.1332, 0.990958, -0.0, 0.0, 0.0, 0.0, 1.0]
            ]
        },
        {
            "name": "Knee_R",
            "time": [0.0, 2.0, 4.0],
            "transform": [
                [1.0, 0.0, -0.0, 0.0, -0.0, 1e-06, -1.0, 0.37472, -0.0, 1.0, 1e-06, -0.0, 0.0, 0.0, 0.0, 1.0],
                [1.0, 0.0, -0.0, -0.0, -0.0, 1e-06, -1.0, 0.37472, -0.0, 1.0, 1e-06, 0.0, 0.0, 0.0, 0.0, 1.0],
                [1.0, 0.0, -0.0, 0.0, -0.0, 1e-06, -1.0, 0.37472, -0.0, 1.0, 1e-06, -0.0, 0.0, 0.0, 0.0, 1.0]
            ]
        },
        {
            "name": "Thigh_L",
            "time": [0.0, 2.0, 4.0],
            "transform": [
                [0.988929, -0.1411, -0.045932, -0.125006, -0.050381, -0.610426, 0.790468, -0.002831, -0.139573, -0.779401, -0.610779, -1.2e-05, 0.0, 0.0, 0.0, 1.0],
                [0.988929, -0.141099, -0.045932, -0.125006, -0.007341, -0.35568, 0.934579, -0.002831, -0.148206, -0.923893, -0.352779, -1.2e-05, 0.0, 0.0, 0.0, 1.0],
                [0.988929, -0.1411, -0.045932, -0.125006, -0.050381, -0.610426, 0.790468, -0.002831, -0.139573, -0.779401, -0.610779, -1.2e-05, 0.0, 0.0, 0.0, 1.0]
            ]
        },
        {
            "name": "Leg_L",
            "time": [0.0, 2.0, 4.0],
            "transform": [
                [1.0, 0.00046, -0.000973, -0.0, -0.000182, 0.963266, 0.268551, 0.37472, 0.001061, -0.268551, 0.963264, -0.0, 0.0, 0.0, 0.0, 1.0],
                [1.0, 0.00046, -0.000973, -0.0, -0.000182, 0.963266, 0.268551, 0.37472, 0.001061, -0.268551, 0.963264, -0.0, 0.0, 0.0, 0.0, 1.0],
                [1.0, 0.00046, -0.000973, -0.0, -0.000182, 0.963266, 0.268551, 0.37472, 0.001061, -0.268551, 0.963264, -0.0, 0.0, 0.0, 0.0, 1.0]
            ]
        },
        {
            "name": "Knee_L",
            "time": [0.0, 2.0, 4.0],
            "transform": [
                [1.0, 0.0, -0.0, 0.0, -0.0, 1e-06, -1.0, 0.37472, -0.0, 1.0, 1e-06, 0.0, 0.0, 0.0, 0.0, 1.0],
                [1.0, 0.0, -0.0, -0.0, -0.0, 1e-06, -1.0, 0.37472, -0.0, 1.0, 1e-06, 0.0, 0.0, 0.0, 0.0, 1.0],
                [1.0, 0.0, -0.0, 0.0, -0.0, 1e-06, -1.0, 0.37472, -0.0, 1.0, 1e-06, 0.0, 0.0, 0.0, 0.0, 1.0]
            ]
        },
        {
            "name": "Torso",
            "time": [0.0, 2.0, 4.0],
            "transform": [
                [1.0, 0.0, -0.0, 0.0, -0.0, 0.995965, -0.089743, 0.05, -0.0, 0.089743, 0.995965, 0.0, 0.0, 0.0, 0.0, 1.0],
                [1.0, 0.0, -0.0, -0.0, 0.0, 0.995965, -0.089743, 0.05, 0.0, 0.089743, 0.995965, 0.0, 0.0, 0.0, 0.0, 1.0],
                [1.0, 0.0, -0.0, 0.0, -0.0, 0.995965, -0.089743, 0.05, -0.0, 0.089743, 0.995965, 0.0, 0.0, 0.0, 0.0, 1.0]
            ]
        },
        {
            "name": "Chest",
            "time": [0.0, 2.0, 4.0],
            "transform": [
                [1.0, -0.0, -0.0, -0.0, 0.0, 0.902104, 0.431519, 0.3, 0.0, -0.431519, 0.902104, 0.0, 0.0, 0.0, 0.0, 1.0],
                [1.0, -0.0, -0.0, -0.0, 0.0, 0.902104, 0.431519, 0.3, 0.0, -0.431519, 0.902104, 0.0, 0.0, 0.0, 0.0, 1.0],
                [1.0, -0.0, -0.0, -0.0, 0.0, 0.902104, 0.431519, 0.3, 0.0, -0.431519, 0.902104, 0.0, 0.0, 0.0, 0.0, 1.0]
            ]
        },
        {
            "name": "Head",
            "time": [0.0, 2.0, 4.0],
            "transform": [
                [1.0, -0.0, 0.0, -0.0, 0.0, 0.92238, -0.386283, 0.4, -0.0, 0.386283, 0.92238, -0.0, 0.0, 0.0, 0.0, 1.0],
                [1.0, -0.0, 0.0, -0.0, 0.0, 0.841916, -0.539608, 0.4, -0.0, 0.539608, 0.841916, -0.0, 0.0, 0.0, 0.0, 1.0],
                [1.0, -0.0, 0.0, -0.0, 0.0, 0.92238, -0.386283, 0.4, -0.0, 0.386283, 0.92238, -0.0, 0.0, 0.0, 0.0, 1.0]
            ]
        },
        {
            "name": "Shoulder_R",
            "time": [0.0, 2.0, 4.0],
            "transform": [
                [0.093479, 0.952114, 0.291102, -0.0, 0.291102, -0.305743, 0.906521, 0.4, 0.952114, 0.0, -0.305743, -0.0, 0.0, 0.0, 0.0, 1.0],
                [0.093479, 0.952114, 0.291102, -0.0, -0.078401, -0.284435, 0.955484, 0.4, 0.99253, -0.11214, 0.048057, -0.0, 0.0, 0.0, 0.0, 1.0],
                [0.093479, 0.952114, 0.291102, -0.0, 0.291102, -0.305743, 0.906521, 0.4, 0.952114, 0.0, -0.305743, -0.0, 0.0, 0.0, 0.0, 1.0]
            ]
        },
        {
            "name": "Arm_R",
            "time": [0.0, 2.0, 4.0],
            "transform": [
                [0.515514, -0.659462, -0.547135, 0.0, 0.749156, 0.656814, -0.085799, 0.39386, 0.415947, -0.365658, 0.832636, 0.0, 0.0, 0.0, 0.0, 1.0],
                [0.540642, -0.745786, -0.389243, 0.0, 0.770879, 0.624451, -0.125724, 0.39386, 0.336826, -0.232088, 0.912515, 0.0, 0.0, 0.0, 0.0, 1.0],
                [0.515514, -0.659462, -0.547135, 0.0, 0.749156, 0.656814, -0.085799, 0.39386, 0.415947, -0.365658, 0.832636, 0.0, 0.0, 0.0, 0.0, 1.0]
            ]
        },
        {
            "name": "Hand_R",
            "time": [0.0, 2.0, 4.0],
            "transform": [
                [1.0, -0.0, 0.0, -0.0, 0.0, 0.988565, -0.150795, 0.3, -0.0, 0.150795, 0.988565, -0.0, 0.0, 0.0, 0.0, 1.0],
                [1.0, 0.0, 0.0, 0.0, -0.0, 0.980457, -0.196733, 0.3, -0.0, 0.196733, 0.980457, -0.0, 0.0, 0.0, 0.0, 1.0],
                [1.0, -0.0, 0.0, -0.0, 0.0, 0.988565, -0.150795, 0.3, -0.0, 0.150795, 0.988565, -0.0, 0.0, 0.0, 0.0, 1.0]
            ]
        },
        {
            "name": "Tool_R",
            "time": [0.0, 2.0, 4.0],
            "transform": [
                [1.0, 0.0, 0.0, -0.0, 0.0, -0.999836, 0.018122, 0.272858, 0.0, -0.018122, -0.999241, -0.0, 0.0, 0.0, 0.0, 1.0],
                [1.0, 0.0, 0.0, -0.0, -0.0, -0.999836, 0.018122, 0.272858, 0.0, -0.018122, -0.999241, 0.0, 0.0, 0.0, 0.0, 1.0],
                [1.0, 0.0, 0.0, -0.0, 0.0, -0.999836, 0.018122, 0.272858, 0.0, -0.018122, -0.999241, -0.0, 0.0, 0.0, 0.0, 1.0]
            ]
        },
        {
            "name": "Elbow_R",
            "time": [0.0, 2.0, 4.0],
            "transform": [
                [-1.0, 0.0, -0.0, -0.0, 0.0, -0.0, -1.0, 0.324509, -0.0, -1.0, 0.0, -0.0, 0.0, 0.0, 0.0, 1.0],
                [-1.0, 0.0, 0.0, -0.0, -0.0, 0.0, -1.0, 0.328881, -0.0, -1.0, 0.0, -0.0, 0.0, 0.0, 0.0, 1.0],
                [-1.0, 0.0, -0.0, -0.0, 0.0, -0.0, -1.0, 0.324509, -0.0, -1.0, 0.0, -0.0, 0.0, 0.0, 0.0, 1.0]
            ]
        },
        {
            "name": "Shoulder_L",
            "time": [0.0, 2.0, 4.0],
            "transform": [
                [0.093479, -0.952114, -0.291103, -0.0, -0.291103, -0.305743, 0.906521, 0.4, -0.952114, 0.0, -0.305743, -0.0, 0.0, 0.0, 0.0, 1.0],
                [0.093479, -0.952114, -0.291103, -0.0, 0.0784, -0.284436, 0.955484, 0.4, -0.99253, -0.11214, 0.048058, -0.0, 0.0, 0.0, 0.0, 1.0],
                [0.093479, -0.952114, -0.291103, -0.0, -0.291103, -0.305743, 0.906521, 0.4, -0.952114, 0.0, -0.305743, -0.0, 0.0, 0.0, 0.0, 1.0]
            ]
        },
        {
            "name": "Arm_L",
            "time": [0.0, 2.0, 4.0],
            "transform": [
                [0.462799, 0.776007, 0.428523, -0.0, -0.697852, 0.617029, -0.363701, 0.39386, -0.546645, -0.130725, 0.827097, 0.0, 0.0, 0.0, 0.0, 1.0],
                [0.487666, 0.798288, 0.353439, -0.0, -0.705182, 0.598854, -0.379597, 0.39386, -0.514686, -0.064122, 0.854978, 0.0, 0.0, 0.0, 0.0, 1.0],
                [0.462799, 0.776007, 0.428523, -0.0, -0.697852, 0.617029, -0.363701, 0.39386, -0.546645, -0.130725, 0.827097, 0.0, 0.0, 0.0, 0.0, 1.0]
            ]
        },
        {
            "name": "Hand_L",
            "time": [0.0, 2.0, 4.0],
            "transform": [
                [1.0, -0.0, 0.0, 0.0, -0.0, 0.976252, -0.216639, 0.3, -0.0, 0.216639, 0.976252, -0.0, 0.0, 0.0, 0.0, 1.0],
                [1.0, 0.0, 0.0, -0.0, -0.0, 0.966954, -0.254952, 0.3, 0.0, 0.254952, 0.966954, 0.0, 0.0, 0.0, 0.0, 1.0],
                [1.0, -0.0, 0.0, 0.0, -0.0, 0.976252, -0.216639, 0.3, -0.0, 0.216639, 0.976252, -0.0, 0.0, 0.0, 0.0, 1.0]
            ]
        },
        {
            "name": "Tool_L",
            "time": [0.0, 2.0, 4.0],
            "transform": [
                [1.0, 0.0, 0.0, 0.0, 0.0, -0.999836, 0.018122, 0.272858, 0.0, -0.018122, -0.999243, -0.0, 0.0, 0.0, 0.0, 1.0],
                [1.0, 0.0, 0.0, 0.0, 0.0, -0.999836, 0.018122, 0.272858, 0.0, -0.018122, -0.999243, -0.0, 0.0, 0.0, 0.0, 1.0],
                [1.0, 0.0, 0.0, 0.0, 0.0, -0.999836, 0.018122, 0.272858, 0.0, -0.018122, -0.999243, -0.0, 0.0, 0.0, 0.0, 1.0]
            ]
        },
        {
            "name": "Elbow_L",
            "time": [0.0, 2.0, 4.0],
            "transform": [
                [-1.0, 0.0, -0.0, 0.0, 0.0, -0.0, -1.0, 0.330788, -0.0, -1.0, -0.0, -0.0, 0.0, 0.0, 0.0, 1.0],
                [-1.0, 0.0, -0.0, -0.0, 0.0, -0.0, -1.0, 0.334483, -0.0, -1.0, -0.0, 0.0, 0.0, 0.0, 0.0, 1.0],
                [-1.0, 0.0, -0.0, 0.0, 0.0, -0.0, -1.0, 0.330788, -0.0, -1.0, -0.0, -0.0, 0.0, 0.0, 0.0, 1.0]
            ]
        }
    ]
}