{
    "animation": [
        {
            "name": "Root",
            "time": [0.0, 1.3333, 2.6667],
            "transform": [
                [1.0, 0.0, 0.0, -5e-06, 0.0, 0.0, -1.0, 0.000946, 0.0, 1.0, 0.0, 0.763972, 0.0, 0.0, 0.0, 1.0],
                [1.0, 0.0, 0.0, -5e-06, 0.0, 0.0, -1.0, 0.000946, 0.0, 1.0, 0.0, 0.710557, 0.0, 0.0, 0.0, 1.0],
                [1.0, 0.0, 0.0, -5e-06, 0.0, 0.0, -1.0, 0.000946, 0.0, 1.0, 0.0, 0.763972, 0.0, 0.0, 0.0, 1.0]
            ]
        },
        {
            "name": "Thigh_R",
            "time": [0.0, 1.3333, 2.6667],
            "transform": [
                [0.992947, 0.103845, -0.057212, 0.124994, 0.115868, -0.747628, 0.653931, -0.002831, 0.025134, -0.655948, -0.754388, -1.2e-05, 0.0, 0.0, 0.0, 1.0],
                [0.999267, 0.038025, 0.004498, 0.124994, 0.031801, -0.889598, 0.455635, -0.002831, 0.021327, -0.455158, -0.890155, -1.2e-05, 0.0, 0.0, 0.0, 1.0],
                [0.992947, 0.103845, -0.057212, 0.124994, 0.115868, -0.747628, 0.653931, -0.002831, 0.025134, -0.655948, -0.754388, -1.2e-05, 0.0, 0.0, 0.0, 1.0]
            ]
        },
        {
            "name": "Leg_R",
            "time": [0.0, 1.3333, 2.6667],
            "transform": [
                [0.999854, 0.013927, -0.009905, 0.0, -0.000127, 0.585591, 0.810607, 0.37472, 0.01709, -0.810487, 0.585507, 0.0, 0.0, 0.0, 0.0, 1.0],
                [0.999854, 0.015292, -0.00763, -0.0, 0.002521, 0.309606, 0.950862, 0.37472, 0.016903, -0.950742, 0.309522, 0.0, 0.0, 0.0, 0.0, 1.0],
                [0.999854, 0.013927, -0.009905, 0.0, -0.000127, 0.585591, 0.810607, 0.37472, 0.01709, -0.810487, 0.585507, 0.0, 0.0, 0.0, 0.0, 1.0]
            ]
        },
        {
            "name": "Knee_R",
            "time": [0.0, 1.3333, 2.6667],
            "transform": [
                [1.0, 0.0, -0.0, 0.0, -0.0, 1e-06, -1.0, 0.423545, -0.0, 1.0, 1e-06, -0.0, 0.0, 0.0, 0.0, 1.0],
                [1.0, 0.0, -0.0, -0.0, -0.0, 1e-06, -1.0, 0.451459, -0.0, 1.0, 1e-06, -0.0, 0.0, 0.0, 0.0, 1.0],
                [1.0, 0.0, -0.0, 0.0, -0.0, 1e-06, -1.0, 0.423545, -0.0, 1.0, 1e-06, -0.0, 0.0, 0.0, 0.0, 1.0]
            ]
        },
        {
            "name": "Thigh_L",
            "time": [0.0, 1.3333, 2.6667],
            "transform": [
                [0.993356, -0.114798, -0.008039, -0.125006, -0.113571, -0.989214, 0.092486, -0.002831, -0.018569, -0.090958, -0.995682, -1.2e-05, 0.0, 0.0, 0.0, 1.0],
                [0.999474, -0.032409, 0.0, -0.125006, -0.029934, -0.923134, 0.383307, -0.002831, -0.012422, -0.383104, -0.923621, -1.2e-05, 0.0, 0.0, 0.0, 1.0],
                [0.993356, -0.114798, -0.008039, -0.125006, -0.113571, -0.989214, 0.092486, -0.002831, -0.018569, -0.090958, -0.995682, -1.2e-05, 0.0, 0.0, 0.0, 1.0]
            ]
        },
        {
            "name": "Leg_L",
            "time": [0.0, 1.3333, 2.6667],
            "transform": [
                [0.999999, 0.000603, -0.000892, -0.0, -1.8e-05, 0.837751, 0.546053, 0.37472, 0.001076, -0.546054, 0.837749, -0.0, 0.0, 0.0, 0.0, 1.0],
                [1.0, 0.000691, -0.000825, -0.0, 9.2e-05, 0.708631, 0.705579, 0.37472, 0.001072, -0.70558, 0.70863, 0.0, 0.0, 0.0, 0.0, 1.0],
                [0.999999, 0.000603, -0.000892, -0.0, -1.8e-05, 0.837751, 0.546053, 0.37472, 0.001076, -0.546054, 0.837749, -0.0, 0.0, 0.0, 0.0, 1.0]
            ]
        },
        {
            "name": "Knee_L",
            "time": [0.0, 1.3333, 2.6667],
            "transform": [
                [1.0, 0.0, -0.0, -0.0, -0.0, 1e-06, -1.0, 0.390543, -0.0, 1.0, 1e-06, -0.0, 0.0, 0.0, 0.0, 1.0],
                [1.0, 0.0, -0.0, 0.0, -0.0, 1e-06, -1.0, 0.409004, -0.0, 1.0, 1e-06, 0.0, 0.0, 0.0, 0.0, 1.0],
                [1.0, 0.0, -0.0, -0.0, -0.0, 1e-06, -1.0, 0.390543, -0.0, 1.0, 1e-06, -0.0, 0.0, 0.0, 0.0, 1.0]
            ]
        },
        {
            "name": "Torso",
            "time": [0.0, 1.3333, 2.6667],
            "transform": [
                [1.0, 0.0, 0.0, 0.0, 0.0, 0.995965, -0.089743, 0.05, 0.0, 0.089743, 0.995965, 0.0, 0.0, 0.0, 0.0, 1.0],
                [1.0, 0.0, -0.0, 0.0, -0.0, 0.999605, -0.028104, 0.05, -0.0, 0.028104, 0.999605, 0.0, 0.0, 0.0, 0.0, 1.0],
                [1.0, 0.0, 0.0, 0.0, 0.0, 0.995965, -0.089743, 0.05, 0.0, 0.089743, 0.995965, 0.0, 0.0, 0.0, 0.0, 1.0]
            ]
        },
        {
            "name": "Chest",
            "time": [0.0, 1.3333, 2.6667],
            "transform": [
                [1.0, 0.0, 0.0, 0.0, -0.0, 0.896652, 0.442737, 0.3, -0.0, -0.442737, 0.896652, -0.0, 0.0, 0.0, 0.0, 1.0],
                [1.0, 0.0, 0.0, -0.0, -0.0, 0.896652, 0.442737, 0.3, -0.0, -0.442737, 0.896652, 0.0, 0.0, 0.0, 0.0, 1.0],
                [1.0, 0.0, 0.0, 0.0, -0.0, 0.896652, 0.442737, 0.3, -0.0, -0.442737, 0.896652, -0.0, 0.0, 0.0, 0.0, 1.0]
            ]
        },
        {
            "name": "Head",
            "time": [0.0, 1.3333, 2.6667],
            "transform": [
                [1.0, -0.0, 0.0, 0.0, 0.0, 0.934623, -0.35564, 0.4, -0.0, 0.35564, 0.934623, 0.0, 0.0, 0.0, 0.0, 1.0],
                [1.0, -0.0, 0.0, 0.0, 0.0, 0.906372, -0.42248, 0.4, -0.0, 0.42248, 0.906372, -0.0, 0.0, 0.0, 0.0, 1.0],
                [1.0, -0.0, 0.0, 0.0, 0.0, 0.934623, -0.35564, 0.4, -0.0, 0.35564, 0.934623, 0.0, 0.0, 0.0, 0.0, 1.0]
            ]
        },
        {
            "name": "Shoulder_R",
            "time": [0.0, 0.3333, 1.6667, 2.6667],
            "transform": [
                [0.088979, 0.955853, 0.280049, 0.0, 0.29135, -0.293844, 0.910368, 0.4, 0.952469, 0.000589, -0.304634, 0.0, 0.0, 0.0, 0.0, 1.0],
                [0.093479, 0.952114, 0.291102, -0.0, 0.291102, -0.305743, 0.906521, 0.4, 0.952114, 0.0, -0.305743, 0.0, 0.0, 0.0, 0.0, 1.0],
                [0.060889, 0.975774, 0.210138, 0.0, 0.291618, -0.218734, 0.93119, 0.4, 0.954595, 0.004581, -0.297871, 0.0, 0.0, 0.0, 0.0, 1.0],
                [0.088979, 0.955853, 0.280049, 0.0, 0.29135, -0.293844, 0.910368, 0.4, 0.952469, 0.000589, -0.304634, 0.0, 0.0, 0.0, 0.0, 1.0]
            ]
        },
        {
            "name": "Arm_R",
            "time": [0.0, 0.3333, 1.6667, 2.6667],
            "transform": [
                [0.218861, -0.185979, -0.957869, 0.0, 0.836523, 0.541131, 0.086069, 0.39386, 0.502325, -0.820116, 0.274007, 0.0, 0.0, 0.0, 0.0, 1.0],
                [0.215198, -0.174869, -0.960787, 0.0, 0.836165, 0.541246, 0.088775, 0.39386, 0.504498, -0.82248, 0.262694, 1e-06, 0.0, 0.0, 0.0, 1.0],
                [0.241067, -0.254511, -0.936542, 0.0, 0.838993, 0.539714, 0.069287, 0.39386, 0.487831, -0.802455, 0.34364, 1e-06, 0.0, 0.0, 0.0, 1.0],
                [0.218861, -0.185979, -0.957869, 0.0, 0.836523, 0.541131, 0.086069, 0.39386, 0.502325, -0.820116, 0.274007, 0.0, 0.0, 0.0, 0.0, 1.0]
            ]
        },
        {
            "name": "Hand_R",
            "time": [0.0, 0.3333, 1.6667, 2.6667],
            "transform": [
                [1.0, 0.0, 0.0, -0.0, -0.0, 0.905795, -0.423717, 0.3, -0.0, 0.423717, 0.905795, -0.0, 0.0, 0.0, 0.0, 1.0],
                [1.0, 0.0, 0.0, 0.0, -0.0, 0.915749, -0.401752, 0.3, -0.0, 0.401752, 0.915749, -0.0, 0.0, 0.0, 0.0, 1.0],
                [1.0, 0.0, 0.0, 0.0, -0.0, 0.832073, -0.554666, 0.3, -0.0, 0.554666, 0.832073, -0.0, 0.0, 0.0, 0.0, 1.0],
                [1.0, 0.0, 0.0, -0.0, -0.0, 0.905795, -0.423717, 0.3, -0.0, 0.423717, 0.905795, -0.0, 0.0, 0.0, 0.0, 1.0]
            ]
        },
        {
            "name": "Tool_R",
            "time": [0.0, 0.3333, 1.6667, 2.6667],
            "transform": [
                [1.0, 0.0, 0.0, -0.0, -0.0, -0.999836, 0.018122, 0.272858, 0.0, -0.018122, -0.999241, -0.0, 0.0, 0.0, 0.0, 1.0],
                [1.0, -0.0, 0.0, 0.0, -0.0, -0.999836, 0.018122, 0.272858, 0.0, -0.018122, -0.999241, 0.0, 0.0, 0.0, 0.0, 1.0],
                [1.0, 0.0, 0.0, 0.0, 0.0, -0.999836, 0.018122, 0.272858, 0.0, -0.018122, -0.999241, 0.0, 0.0, 0.0, 0.0, 1.0],
                [1.0, 0.0, 0.0, -0.0, -0.0, -0.999836, 0.018122, 0.272858, 0.0, -0.018122, -0.999241, -0.0, 0.0, 0.0, 0.0, 1.0]
            ]
        },
        {
            "name": "Elbow_R",
            "time": [0.0, 0.3333, 1.6667, 2.6667],
            "transform": [
                [-1.0, 0.0, -0.0, 0.0, 0.0, 0.0, -1.0, 0.351327, -0.0, -1.0, 0.0, -0.0, 0.0, 0.0, 0.0, 1.0],
                [-1.0, 0.0, 0.0, 0.0, 0.0, -0.0, -1.0, 0.349067, -0.0, -1.0, 0.0, -0.0, 0.0, 0.0, 0.0, 1.0],
                [-1.0, 0.0, 0.0, 0.0, 0.0, -0.0, -1.0, 0.365423, -0.0, -1.0, 0.0, -0.0, 0.0, 0.0, 0.0, 1.0],
                [-1.0, 0.0, -0.0, 0.0, 0.0, 0.0, -1.0, 0.351327, -0.0, -1.0, 0.0, -0.0, 0.0, 0.0, 0.0, 1.0]
            ]
        },
        {
            "name": "Shoulder_L",
            "time": [0.0, 0.3333, 1.6667, 2.6667],
            "transform": [
                [0.088979, -0.955853, -0.280049, 0.0, -0.29135, -0.293844, 0.910368, 0.4, -0.952469, 0.000589, -0.304634, 0.0, 0.0, 0.0, 0.0, 1.0],
                [0.093479, -0.952114, -0.291103, -0.0, -0.291103, -0.305743, 0.906521, 0.4, -0.952114, 0.0, -0.305743, 0.0, 0.0, 0.0, 0.0, 1.0],
                [0.060889, -0.975774, -0.210138, 0.0, -0.291618, -0.218734, 0.93119, 0.4, -0.954595, 0.004581, -0.297871, 0.0, 0.0, 0.0, 0.0, 1.0],
                [0.088979, -0.955853, -0.280049, 0.0, -0.29135, -0.293844, 0.910368, 0.4, -0.952469, 0.000589, -0.304634, 0.0, 0.0, 0.0, 0.0, 1.0]
            ]
        },
        {
            "name": "Arm_L",
            "time": [0.0, 0.3333, 1.6667, 2.6667],
            "transform": [
                [0.212958, 0.163113, 0.96335, -0.0, -0.834444, 0.543279, 0.092474, 0.39386, -0.508284, -0.823555, 0.251804, 1e-06, 0.0, 0.0, 0.0, 1.0],
                [0.21667, 0.174242, 0.960569, -0.0, -0.834794, 0.543196, 0.089767, 0.39386, -0.506137, -0.821327, 0.263151, 1e-06, 0.0, 0.0, 0.0, 1.0],
                [0.189257, 0.093235, 0.977491, -0.0, -0.832513, 0.5431, 0.109385, 0.39386, -0.520676, -0.834476, 0.180405, 1e-06, 0.0, 0.0, 0.0, 1.0],
                [0.212958, 0.163113, 0.96335, -0.0, -0.834444, 0.543279, 0.092474, 0.39386, -0.508284, -0.823555, 0.251804, 1e-06, 0.0, 0.0, 0.0, 1.0]
            ]
        },
        {
            "name": "Hand_L",
            "time": [0.0, 0.3333, 1.6667, 2.6667],
            "transform": [
                [1.0, 0.0, 0.0, 0.0, -0.0, 0.910835, -0.412771, 0.3, -0.0, 0.412771, 0.910835, 0.0, 0.0, 0.0, 0.0, 1.0],
                [1.0, 0.0, 0.0, 0.0, -0.0, 0.915749, -0.401752, 0.3, -0.0, 0.401752, 0.915749, 0.0, 0.0, 0.0, 0.0, 1.0],
                [1.0, 0.0, -0.0, 0.0, -0.0, 0.877249, -0.480036, 0.3, -0.0, 0.480036, 0.877249, 0.0, 0.0, 0.0, 0.0, 1.0],
                [1.0, 0.0, 0.0, 0.0, -0.0, 0.910835, -0.412771, 0.3, -0.0, 0.412771, 0.910835, 0.0, 0.0, 0.0, 0.0, 1.0]
            ]
        },
        {
            "name": "Tool_L",
            "time": [0.0, 0.3333, 1.6667, 2.6667],
            "transform": [
                [1.0, 0.0, 0.0, -0.0, 0.0, -0.999836, 0.018122, 0.272858, 0.0, -0.018122, -0.999243, 0.0, 0.0, 0.0, 0.0, 1.0],
                [1.0, 0.0, 0.0, -0.0, 0.0, -0.999836, 0.018122, 0.272858, 0.0, -0.018122, -0.999243, 0.0, 0.0, 0.0, 0.0, 1.0],
                [1.0, 0.0, 0.0, -0.0, 0.0, -0.999836, 0.018122, 0.272858, 0.0, -0.018122, -0.999243, 0.0, 0.0, 0.0, 0.0, 1.0],
                [1.0, 0.0, 0.0, -0.0, 0.0, -0.999836, 0.018122, 0.272858, 0.0, -0.018122, -0.999243, 0.0, 0.0, 0.0, 0.0, 1.0]
            ]
        },
        {
            "name": "Elbow_L",
            "time": [0.0, 0.3333, 1.6667, 2.6667],
            "transform": [
                [-1.0, 0.0, -0.0, 0.0, 0.0, -0.0, -1.0, 0.350198, -0.0, -1.0, -0.0, 0.0, 0.0, 0.0, 0.0, 1.0],
                [-1.0, 0.0, -0.0, 0.0, 0.0, -0.0, -1.0, 0.349067, -0.0, -1.0, -0.0, -0.0, 0.0, 0.0, 0.0, 1.0],
                [-1.0, 0.0, -0.0, 0.0, 0.0, 0.0, -1.0, 0.357245, -0.0, -1.0, -0.0, 0.0, 0.0, 0.0, 0.0, 1.0],
                [-1.0, 0.0, -0.0, 0.0, 0.0, -0.0, -1.0, 0.350198, -0.0, -1.0, -0.0, 0.0, 0.0, 0.0, 0.0, 1.0]
            ]
        }
    ]
}