{
    "animation": [
        {
            "name": "Root",
            "time": [0.0, 2.0, 4.0],
            "transform": [
                [1.0, 0.0, 0.0, -5e-06, 0.0, 0.793799, -0.608181, 0.000946, 0.0, 0.608181, 0.793799, 0.763972, 0.0, 0.0, 0.0, 1.0],
                [1.0, 0.0, 0.0, -5e-06, 0.0, 0.814856, -0.579664, 0.000946, 0.0, 0.579664, 0.814856, 0.763972, 0.0, 0.0, 0.0, 1.0],
                [1.0, 0.0, 0.0, -5e-06, 0.0, 0.793799, -0.608181, 0.000946, 0.0, 0.608181, 0.793799, 0.763972, 0.0, 0.0, 0.0, 1.0]
            ]
        },
        {
            "name": "Thigh_R",
            "time": [0.0, 2.0, 4.0],
            "transform": [
                [1.0, -0.0, -0.0, 0.124994, 0.0, -0.989153, -0.14689, -0.002831, -0.0, 0.146891, -0.989153, -1.2e-05, 0.0, 0.0, 0.0, 1.0],
                [1.0, -0.0, -0.0, 0.124994, 0.0, -0.981805, -0.189892, -0.002831, -0.0, 0.189892, -0.981805, -1.2e-05, 0.0, 0.0, 0.0, 1.0],
                [1.0, -0.0, -0.0, 0.124994, 0.0, -0.989153, -0.14689, -0.002831, -0.0, 0.146891, -0.989153, -1.2e-05, 0.0, 0.0, 0.0, 1.0]
            ]
        },
        {
            "name": "Leg_R",
            "time": [0.0, 4.0],
            "transform": [
                [0.999844, 0.01069, -0.01405, 0.0, -0.005379, 0.942442, 0.334325, 0.37472, 0.016815, -0.334197, 0.942354, -0.0, 0.0, 0.0, 0.0, 1.0],
                [0.999844, 0.01069, -0.01405, 0.0, -0.005379, 0.942442, 0.334325, 0.37472, 0.016815, -0.334197, 0.942354, -0.0, 0.0, 0.0, 0.0, 1.0]
            ]
        },
        {
            "name": "Knee_R",
            "time": [0.0, 4.0],
            "transform": [
                [1.0, 0.0, -0.0, -0.0, -0.0, 1e-06, -1.0, 0.37472, -0.0, 1.0, 1e-06, -0.0, 0.0, 0.0, 0.0, 1.0],
                [1.0, 0.0, -0.0, -0.0, -0.0, 1e-06, -1.0, 0.37472, -0.0, 1.0, 1e-06, -0.0, 0.0, 0.0, 0.0, 1.0]
            ]
        },
        {
            "name": "Thigh_L",
            "time": [0.0, 2.0, 4.0],
            "transform": [
                [1.0, -0.0, -0.0, -0.125006, 0.0, -0.989151, -0.14689, -0.002831, -0.0, 0.14689, -0.989153, -1.2e-05, 0.0, 0.0, 0.0, 1.0],
                [1.0, -0.0, -0.0, -0.125006, 0.0, -0.981803, -0.189892, -0.002831, -0.0, 0.189892, -0.981805, -1.2e-05, 0.0, 0.0, 0.0, 1.0],
                [1.0, -0.0, -0.0, -0.125006, 0.0, -0.989151, -0.14689, -0.002831, -0.0, 0.14689, -0.989153, -1.2e-05, 0.0, 0.0, 0.0, 1.0]
            ]
        },
        {
            "name": "Leg_L",
            "time": [0.0, 2.0, 4.0],
            "transform": [
                [1.0, 0.000603, -0.000892, 0.0, -1.8e-05, 0.837751, 0.546053, 0.37472, 0.001076, -0.546054, 0.837749, 0.0, 0.0, 0.0, 0.0, 1.0],
                [1.0, 0.000558, -0.00092, 0.0, -7.1e-05, 0.887475, 0.460858, 0.37472, 0.001074, -0.460858, 0.887473, -0.0, 0.0, 0.0, 0.0, 1.0],
                [1.0, 0.000603, -0.000892, 0.0, -1.8e-05, 0.837751, 0.546053, 0.37472, 0.001076, -0.546054, 0.837749, 0.0, 0.0, 0.0, 0.0, 1.0]
            ]
        },
        {
            "name": "Knee_L",
            "time": [0.0, 2.0, 4.0],
            "transform": [
                [1.0, 0.0, -0.0, 0.0, -0.0, 1e-06, -1.0, 0.390543, -0.0, 1.0, 1e-06, -0.0, 0.0, 0.0, 0.0, 1.0],
                [1.0, 0.0, -0.0, 0.0, -0.0, 1e-06, -1.0, 0.381682, -0.0, 1.0, 1e-06, -0.0, 0.0, 0.0, 0.0, 1.0],
                [1.0, 0.0, -0.0, 0.0, -0.0, 1e-06, -1.0, 0.390543, -0.0, 1.0, 1e-06, -0.0, 0.0, 0.0, 0.0, 1.0]
            ]
        },
        {
            "name": "Torso",
            "time": [0.0, 4.0],
            "transform": [
                [1.0, 0.0, 0.0, 0.0, 0.0, 0.995965, -0.089743, 0.05, 0.0, 0.089743, 0.995965, 0.0, 0.0, 0.0, 0.0, 1.0],
                [1.0, 0.0, 0.0, 0.0, 0.0, 0.995965, -0.089743, 0.05, 0.0, 0.089743, 0.995965, 0.0, 0.0, 0.0, 0.0, 1.0]
            ]
        },
        {
            "name": "Chest",
            "time": [0.0, 2.0, 4.0],
            "transform": [
                [1.0, 0.0, 0.0, 0.0, 0.0, 0.997484, -0.070892, 0.3, 0.0, 0.070892, 0.997484, 0.0, 0.0, 0.0, 0.0, 1.0],
                [1.0, 0.0, 0.0, -0.0, 0.0, 0.999743, 0.022671, 0.3, 0.0, -0.022671, 0.999743, -0.0, 0.0, 0.0, 0.0, 1.0],
                [1.0, 0.0, 0.0, 0.0, 0.0, 0.997484, -0.070892, 0.3, 0.0, 0.070892, 0.997484, 0.0, 0.0, 0.0, 0.0, 1.0]
            ]
        },
        {
            "name": "Head",
            "time": [0.0, 2.0, 4.0],
            "transform": [
                [1.0, -0.0, 0.0, 0.0, 0.0, 0.727852, -0.685734, 0.4, -0.0, 0.685734, 0.727852, -0.0, 0.0, 0.0, 0.0, 1.0],
                [1.0, -0.0, 0.0, 0.0, 0.0, 0.636035, -0.771661, 0.4, -0.0, 0.771661, 0.636035, -0.0, 0.0, 0.0, 0.0, 1.0],
                [1.0, -0.0, 0.0, 0.0, 0.0, 0.727852, -0.685734, 0.4, -0.0, 0.685734, 0.727852, -0.0, 0.0, 0.0, 0.0, 1.0]
            ]
        },
        {
            "name": "Shoulder_R",
            "time": [0.0, 2.0, 4.0],
            "transform": [
                [0.093479, 0.952114, 0.291102, 0.0, 0.291102, -0.305743, 0.906521, 0.4, 0.952114, 0.0, -0.305743, -0.0, 0.0, 0.0, 0.0, 1.0],
                [0.048571, 0.903056, 0.426768, 0.0, 0.28218, -0.422273, 0.861429, 0.4, 0.958131, 0.078585, -0.275334, -0.0, 0.0, 0.0, 0.0, 1.0],
                [0.093479, 0.952114, 0.291102, 0.0, 0.291102, -0.305743, 0.906521, 0.4, 0.952114, 0.0, -0.305743, -0.0, 0.0, 0.0, 0.0, 1.0]
            ]
        },
        {
            "name": "Arm_R",
            "time": [0.0, 2.0, 4.0],
            "transform": [
                [0.177419, 0.194636, -0.964697, 0.0, 0.889833, 0.386995, 0.24173, 0.393861, 0.420382, -0.901306, -0.104533, 0.0, 0.0, 0.0, 0.0, 1.0],
                [0.163194, 0.196965, -0.966733, 0.0, 0.87188, 0.429789, 0.234748, 0.393861, 0.461729, -0.881185, -0.101591, -0.0, 0.0, 0.0, 0.0, 1.0],
                [0.177419, 0.194636, -0.964697, 0.0, 0.889833, 0.386995, 0.24173, 0.393861, 0.420382, -0.901306, -0.104533, 0.0, 0.0, 0.0, 0.0, 1.0]
            ]
        },
        {
            "name": "Hand_R",
            "time": [0.0, 4.0],
            "transform": [
                [1.0, 0.0, 0.0, 0.0, -0.0, 0.988565, -0.150795, 0.3, -0.0, 0.150795, 0.988565, -0.0, 0.0, 0.0, 0.0, 1.0],
                [1.0, 0.0, 0.0, 0.0, -0.0, 0.988565, -0.150795, 0.3, -0.0, 0.150795, 0.988565, -0.0, 0.0, 0.0, 0.0, 1.0]
            ]
        },
        {
            "name": "Tool_R",
            "time": [0.0, 4.0],
            "transform": [
                [1.0, 0.0, 0.0, -0.0, 0.0, -0.999836, 0.018122, 0.272858, 0.0, -0.018122, -0.999241, 0.0, 0.0, 0.0, 0.0, 1.0],
                [1.0, 0.0, 0.0, -0.0, 0.0, -0.999836, 0.018122, 0.272858, 0.0, -0.018122, -0.999241, 0.0, 0.0, 0.0, 0.0, 1.0]
            ]
        },
        {
            "name": "Elbow_R",
            "time": [0.0, 4.0],
            "transform": [
                [-1.0, 0.0, -0.0, -0.0, 0.0, -0.0, -1.0, 0.324509, -0.0, -1.0, 0.0, -0.0, 0.0, 0.0, 0.0, 1.0],
                [-1.0, 0.0, -0.0, -0.0, 0.0, -0.0, -1.0, 0.324509, -0.0, -1.0, 0.0, -0.0, 0.0, 0.0, 0.0, 1.0]
            ]
        },
        {
            "name": "Shoulder_L",
            "time": [0.0, 2.0, 4.0],
            "transform": [
                [0.093479, -0.952114, -0.291103, 0.0, -0.291103, -0.305743, 0.906521, 0.4, -0.952114, 0.0, -0.305744, -0.0, 0.0, 0.0, 0.0, 1.0],
                [0.05713, -0.913893, -0.401914, 0.0, -0.283426, -0.400855, 0.871197, 0.4, -0.957291, 0.064141, -0.281922, -0.0, 0.0, 0.0, 0.0, 1.0],
                [0.093479, -0.952114, -0.291103, 0.0, -0.291103, -0.305743, 0.906521, 0.4, -0.952114, 0.0, -0.305744, -0.0, 0.0, 0.0, 0.0, 1.0]
            ]
        },
        {
            "name": "Arm_L",
            "time": [0.0, 2.0, 4.0],
            "transform": [
                [0.114665, -0.335479, 0.935043, -0.0, -0.913093, 0.335163, 0.232224, 0.39386, -0.391298, -0.880409, -0.267891, -0.0, 0.0, 0.0, 0.0, 1.0],
                [0.090651, -0.339762, 0.936133, 0.0, -0.882728, 0.407774, 0.233478, 0.39386, -0.461057, -0.847516, -0.262952, -0.0, 0.0, 0.0, 0.0, 1.0],
                [0.114665, -0.335479, 0.935043, -0.0, -0.913093, 0.335163, 0.232224, 0.39386, -0.391298, -0.880409, -0.267891, -0.0, 0.0, 0.0, 0.0, 1.0]
            ]
        },
        {
            "name": "Hand_L",
            "time": [0.0, 4.0],
            "transform": [
                [1.0, 0.0, 0.0, 0.0, -0.0, 0.976252, -0.216639, 0.3, -0.0, 0.216639, 0.976252, -0.0, 0.0, 0.0, 0.0, 1.0],
                [1.0, 0.0, 0.0, 0.0, -0.0, 0.976252, -0.216639, 0.3, -0.0, 0.216639, 0.976252, -0.0, 0.0, 0.0, 0.0, 1.0]
            ]
        },
        {
            "name": "Tool_L",
            "time": [0.0, 4.0],
            "transform": [
                [1.0, 0.0, 0.0, 0.0, 0.0, -0.999836, 0.018122, 0.272858, 0.0, -0.018122, -0.999243, 0.0, 0.0, 0.0, 0.0, 1.0],
                [1.0, 0.0, 0.0, 0.0, 0.0, -0.999836, 0.018122, 0.272858, 0.0, -0.018122, -0.999243, 0.0, 0.0, 0.0, 0.0, 1.0]
            ]
        },
        {
            "name": "Elbow_L",
            "time": [0.0, 4.0],
            "transform": [
                [-1.0, 0.0, -0.0, 0.0, 0.0, -0.0, -1.0, 0.330788, -0.0, -1.0, -0.0, -0.0, 0.0, 0.0, 0.0, 1.0],
                [-1.0, 0.0, -0.0, 0.0, 0.0, -0.0, -1.0, 0.330788, -0.0, -1.0, -0.0, -0.0, 0.0, 0.0, 0.0, 1.0]
            ]
        }
    ]
}