{
    "animation": [
        {
            "name": "Root",
            "time": [0.0, 0.1333, 0.25, 0.3333, 0.4167, 0.5, 1.3333],
            "transform": [
                [1.0, 0.0, 0.0, -5e-06, 0.0, 0.0, -1.0, -0.486282, 0.0, 1.0, 0.0, 0.555806, 0.0, 0.0, 0.0, 1.0],
                [1.0, 0.0, 0.0, -5e-06, 0.0, 0.0, -1.0, -0.826516, 0.0, 1.0, 0.0, 0.291141, 0.0, 0.0, 0.0, 1.0],
                [1.0, 0.0, 0.0, -5e-06, 0.0, -0.998726, -0.050455, -1.039151, 0.0, 0.050455, -0.998726, 0.164617, 0.0, 0.0, 0.0, 1.0],
                [1.0, 0.0, 0.0, -5e-06, 0.0, -0.998726, -0.050455, -1.039151, 0.0, 0.050455, -0.998726, 0.113936, 0.0, 0.0, 0.0, 1.0],
                [1.0, 0.0, 0.0, -5e-06, 0.0, -0.998726, -0.050455, -1.039151, 0.0, 0.050455, -0.998726, 0.130391, 0.0, 0.0, 0.0, 1.0],
                [1.0, 0.0, 0.0, -5e-06, 0.0, -0.998726, -0.050455, -1.039151, 0.0, 0.050455, -0.998726, 0.113936, 0.0, 0.0, 0.0, 1.0],
                [1.0, 0.0, 0.0, -5e-06, 0.0, -0.998726, -0.050455, -1.039151, 0.0, 0.050455, -0.998726, 0.113936, 0.0, 0.0, 0.0, 1.0]
            ]
        },
        {
            "name": "Thigh_R",
            "time": [0.0, 0.1333, 0.25, 0.3333, 0.4167, 0.5, 1.3333],
            "transform": [
                [1.0, -3.5e-05, 5.8e-05, 0.124994, -6.7e-05, -0.563974, 0.825793, -0.002831, 4e-06, -0.825792, -0.563974, -1.2e-05, 0.0, 0.0, 0.0, 1.0],
                [1.0, -4.4e-05, 7.5e-05, 0.124994, -8.5e-05, -0.349944, 0.93677, -0.002831, -1.5e-05, -0.93677, -0.349945, -1.2e-05, 0.0, 0.0, 0.0, 1.0],
                [0.99956, 0.029643, -0.000719, 0.124994, 0.02961, -0.999139, -0.029047, -0.002831, -0.00158, 0.029014, -0.999578, -1.2e-05, 0.0, 0.0, 0.0, 1.0],
                [0.998561, 0.044119, -0.030478, 0.124994, 0.045168, -0.998379, 0.03463, -0.002831, -0.028901, -0.035956, -0.998935, -1.2e-05, 0.0, 0.0, 0.0, 1.0],
                [0.998263, 0.056826, -0.015539, 0.124994, 0.057339, -0.997748, 0.034808, -0.002831, -0.013526, -0.035639, -0.999273, -1.2e-05, 0.0, 0.0, 0.0, 1.0],
                [0.996956, 0.071181, 0.03181, 0.124994, 0.070023, -0.99689, 0.036151, -0.002831, 0.034284, -0.033813, -0.99884, -1.2e-05, 0.0, 0.0, 0.0, 1.0],
                [0.996956, 0.071181, 0.03181, 0.124994, 0.070023, -0.99689, 0.036151, -0.002831, 0.034284, -0.033813, -0.99884, -1.2e-05, 0.0, 0.0, 0.0, 1.0]
            ]
        },
        {
            "name": "Leg_R",
            "time": [0.0, 0.1333, 0.25, 0.3333, 0.4167, 0.5, 1.3333],
            "transform": [
                [1.0, -0.0, 1e-06, 0.0, -0.0, 0.888201, 0.459455, 0.37472, -1e-06, -0.459455, 0.888201, -0.0, 0.0, 0.0, 0.0, 1.0],
                [1.0, -0.0, 1e-06, 0.0, 0.0, 0.999949, 0.010137, 0.37472, -1e-06, -0.010137, 0.999949, -0.0, 0.0, 0.0, 0.0, 1.0],
                [1.0, -0.0, 1e-06, -0.0, 0.0, 0.999986, 0.005354, 0.37472, -1e-06, -0.005354, 0.999986, -0.0, 0.0, 0.0, 0.0, 1.0],
                [1.0, 0.0, 1e-06, -0.0, -0.0, 0.999995, 0.00318, 0.37472, -1e-06, -0.00318, 0.999995, 0.0, 0.0, 0.0, 0.0, 1.0],
                [1.0, 0.0, 1e-06, 0.0, -0.0, 0.999998, 0.002083, 0.37472, -1e-06, -0.002083, 0.999998, -0.0, 0.0, 0.0, 0.0, 1.0],
                [1.0, 0.0, 1e-06, 0.0, -0.0, 0.999999, 0.001692, 0.37472, -1e-06, -0.001692, 0.999999, -0.0, 0.0, 0.0, 0.0, 1.0],
                [1.0, 0.0, 1e-06, 0.0, -0.0, 0.999999, 0.001692, 0.37472, -1e-06, -0.001692, 0.999999, -0.0, 0.0, 0.0, 0.0, 1.0]
            ]
        },
        {
            "name": "Knee_R",
            "time": [0.0, 0.1333, 0.25, 0.3333, 0.5, 1.3333],
            "transform": [
                [1.0, 0.0, -0.0, -4e-06, -0.0, 1e-06, -1.0, 0.385464, -0.0, 1.0, 1e-06, 0.000217, 0.0, 0.0, 0.0, 1.0],
                [1.0, 0.0, -0.0, 0.0, -0.0, 1e-06, -1.0, 0.37472, -0.0, 1.0, 1e-06, -0.0, 0.0, 0.0, 0.0, 1.0],
                [1.0, 0.0, -0.0, -0.0, -0.0, 1e-06, -1.0, 0.391386, -0.0, 1.0, 1e-06, -0.000361, 0.0, 0.0, 0.0, 1.0],
                [1.0, 0.0, -0.0, -0.0, -0.0, 1e-06, -1.0, 0.37472, -0.0, 1.0, 1e-06, 0.0, 0.0, 0.0, 0.0, 1.0],
                [1.0, 0.0, -0.0, 0.0, -0.0, 1e-06, -1.0, 0.37472, -0.0, 1.0, 1e-06, -0.0, 0.0, 0.0, 0.0, 1.0],
                [1.0, 0.0, -0.0, 0.0, -0.0, 1e-06, -1.0, 0.37472, -0.0, 1.0, 1e-06, -0.0, 0.0, 0.0, 0.0, 1.0]
            ]
        },
        {
            "name": "Thigh_L",
            "time": [0.0, 0.1333, 0.25, 0.3333, 0.4167, 0.5, 1.3333],
            "transform": [
                [1.0, -3.5e-05, 5.8e-05, -0.125006, -6.7e-05, -0.563974, 0.825793, -0.002831, 4e-06, -0.825792, -0.563974, -1.2e-05, 0.0, 0.0, 0.0, 1.0],
                [1.0, -4.5e-05, 8.6e-05, -0.125006, -9.4e-05, -0.26962, 0.962967, -0.002831, -2.1e-05, -0.962967, -0.269621, -1.2e-05, 0.0, 0.0, 0.0, 1.0],
                [0.99854, -0.006445, 0.053635, -0.125006, -0.004728, -0.999474, -0.032065, -0.002831, 0.053814, 0.031765, -0.998046, -1.2e-05, 0.0, 0.0, 0.0, 1.0],
                [0.999683, -0.020072, -0.015178, -0.125006, -0.01755, -0.988355, 0.151147, -0.002831, -0.018035, -0.150832, -0.988395, -1.2e-05, 0.0, 0.0, 0.0, 1.0],
                [0.998997, -0.034079, -0.029051, -0.125006, -0.03355, -0.999266, 0.018504, -0.002831, -0.029661, -0.017511, -0.999407, -1.2e-05, 0.0, 0.0, 0.0, 1.0],
                [0.998898, -0.045632, -0.01097, -0.125006, -0.045242, -0.998414, 0.033489, -0.002831, -0.01248, -0.032955, -0.999379, -1.2e-05, 0.0, 0.0, 0.0, 1.0],
                [0.998898, -0.045632, -0.01097, -0.125006, -0.045242, -0.998414, 0.033489, -0.002831, -0.01248, -0.032955, -0.999379, -1.2e-05, 0.0, 0.0, 0.0, 1.0]
            ]
        },
        {
            "name": "Leg_L",
            "time": [0.0, 0.1333, 0.25, 0.3333, 0.4167, 1.3333],
            "transform": [
                [1.0, -0.0, 1e-06, 0.0, -0.0, 0.888201, 0.459455, 0.37472, -1e-06, -0.459455, 0.888201, -0.0, 0.0, 0.0, 0.0, 1.0],
                [1.0, -0.0, 1e-06, 0.0, 0.0, 0.999955, 0.009456, 0.37472, -1e-06, -0.009456, 0.999955, 0.0, 0.0, 0.0, 0.0, 1.0],
                [1.0, -0.0, 1e-06, 0.0, 0.0, 1.0, 0.0, 0.37472, -1e-06, -0.0, 1.0, 0.0, 0.0, 0.0, 0.0, 1.0],
                [1.0, -0.0, 1e-06, -0.0, 0.0, 0.974422, 0.224725, 0.37472, -1e-06, -0.224725, 0.974422, 0.0, 0.0, 0.0, 0.0, 1.0],
                [1.0, -0.0, 1e-06, 0.0, 0.0, 1.0, 0.0, 0.37472, -1e-06, -0.0, 1.0, 0.0, 0.0, 0.0, 0.0, 1.0],
                [1.0, -0.0, 1e-06, 0.0, 0.0, 1.0, 0.0, 0.37472, -1e-06, -0.0, 1.0, 0.0, 0.0, 0.0, 0.0, 1.0]
            ]
        },
        {
            "name": "Knee_L",
            "time": [0.0, 0.1333, 0.25, 0.3333, 0.4167, 1.3333],
            "transform": [
                [1.0, 0.0, -0.0, -3e-06, -0.0, 1e-06, -1.0, 0.384772, -0.0, 1.0, 1e-06, 0.000723, 0.0, 0.0, 0.0, 1.0],
                [1.0, 0.0, -0.0, 0.0, -0.0, 1e-06, -1.0, 0.37472, -0.0, 1.0, 1e-06, 0.0, 0.0, 0.0, 0.0, 1.0],
                [1.0, 0.0, -0.0, 0.0, -0.0, 1e-06, -1.0, 0.387369, -0.0, 1.0, 1e-06, -0.001121, 0.0, 0.0, 0.0, 1.0],
                [1.0, 0.0, -0.0, -0.000612, -0.0, 1e-06, -1.0, 0.374589, -0.0, 1.0, 1e-06, -0.000631, 0.0, 0.0, 0.0, 1.0],
                [1.0, 0.0, -0.0, 0.0, -0.0, 1e-06, -1.0, 0.37472, -0.0, 1.0, 1e-06, 0.0, 0.0, 0.0, 0.0, 1.0],
                [1.0, 0.0, -0.0, 0.0, -0.0, 1e-06, -1.0, 0.37472, -0.0, 1.0, 1e-06, 0.0, 0.0, 0.0, 0.0, 1.0]
            ]
        },
        {
            "name": "Torso",
            "time": [0.0, 0.1333, 0.25, 0.3333, 0.4167, 0.5, 1.3333],
            "transform": [
                [1.0, 0.0, 0.0, 0.0, 0.0, 0.961727, 0.27401, 0.05, 0.0, -0.27401, 0.961727, 0.0, 0.0, 0.0, 0.0, 1.0],
                [1.0, 0.0, 0.0, 0.0, 0.0, 0.915825, -0.401577, 0.05, 0.0, 0.401577, 0.915825, 0.0, 0.0, 0.0, 0.0, 1.0],
                [1.0, -0.0, -0.0, 0.0, 0.0, 0.997484, 0.070886, 0.05, 0.0, -0.070886, 0.997484, -0.0, 0.0, 0.0, 0.0, 1.0],
                [1.0, -0.0, -0.0, 0.0, -0.0, 0.999222, -0.039439, 0.05, 0.0, 0.039439, 0.999222, 0.0, 0.0, 0.0, 0.0, 1.0],
                [1.0, 0.0, 0.0, 0.0, -0.0, 0.996903, 0.078636, 0.05, -0.0, -0.078636, 0.996903, -0.0, 0.0, 0.0, 0.0, 1.0],
                [1.0, -0.0, -0.0, 0.0, -0.0, 0.999222, -0.039439, 0.05, 0.0, 0.039439, 0.999222, 0.0, 0.0, 0.0, 0.0, 1.0],
                [1.0, -0.0, -0.0, 0.0, -0.0, 0.999222, -0.039439, 0.05, 0.0, 0.039439, 0.999222, 0.0, 0.0, 0.0, 0.0, 1.0]
            ]
        },
        {
            "name": "Chest",
            "time": [0.0, 0.1333, 0.25, 0.3333, 0.4167, 0.5, 1.3333],
            "transform": [
                [1.0, 0.0, 0.0, 0.0, 0.0, 0.994261, 0.106981, 0.3, 0.0, -0.106981, 0.994261, 0.0, 0.0, 0.0, 0.0, 1.0],
                [1.0, 0.0, 0.0, -0.0, 0.0, 0.815559, 0.578674, 0.3, 0.0, -0.578674, 0.815559, -0.0, 0.0, 0.0, 0.0, 1.0],
                [1.0, -0.0, -0.0, -0.0, -0.0, 0.972924, 0.231124, 0.3, -0.0, -0.231124, 0.972924, 0.0, 0.0, 0.0, 0.0, 1.0],
                [1.0, 0.0, 0.0, -0.0, -0.0, 0.999912, 0.013287, 0.3, -0.0, -0.013287, 0.999912, -0.0, 0.0, 0.0, 0.0, 1.0],
                [1.0, 0.0, 0.0, -0.0, -0.0, 0.999912, 0.013291, 0.3, -0.0, -0.013291, 0.999912, 0.0, 0.0, 0.0, 0.0, 1.0],
                [1.0, -0.0, 0.0, -0.0, -0.0, 0.999912, 0.013296, 0.3, -0.0, -0.013296, 0.999912, -0.0, 0.0, 0.0, 0.0, 1.0],
                [1.0, -0.0, 0.0, -0.0, -0.0, 0.999912, 0.013296, 0.3, -0.0, -0.013296, 0.999912, -0.0, 0.0, 0.0, 0.0, 1.0]
            ]
        },
        {
            "name": "Head",
            "time": [0.0, 0.1333, 0.25, 0.3333, 0.4167, 0.5, 1.3333],
            "transform": [
                [1.0, 0.0, 0.0, 0.0, 0.0, 0.935969, 0.352082, 0.4, 0.0, -0.352082, 0.935969, -0.0, 0.0, 0.0, 0.0, 1.0],
                [1.0, 0.0, 0.0, 0.0, 0.0, 0.935969, 0.352082, 0.4, 0.0, -0.352082, 0.935969, 0.0, 0.0, 0.0, 0.0, 1.0],
                [1.0, 0.0, -0.0, -0.0, 0.0, 0.805328, 0.59283, 0.4, 0.0, -0.59283, 0.805328, 0.0, 0.0, 0.0, 0.0, 1.0],
                [1.0, -0.0, -0.0, -0.0, 0.0, 0.998827, 0.048414, 0.4, 0.0, -0.048414, 0.998827, 0.0, 0.0, 0.0, 0.0, 1.0],
                [1.0, 0.0, -0.0, 0.0, -0.0, 0.974702, -0.223509, 0.4, 0.0, 0.223509, 0.974702, 0.0, 0.0, 0.0, 0.0, 1.0],
                [1.0, -0.0, 0.0, 0.0, -0.0, 0.998827, 0.048414, 0.4, -0.0, -0.048414, 0.998827, 0.0, 0.0, 0.0, 0.0, 1.0],
                [1.0, -0.0, 0.0, 0.0, -0.0, 0.998827, 0.048414, 0.4, -0.0, -0.048414, 0.998827, 0.0, 0.0, 0.0, 0.0, 1.0]
            ]
        },
        {
            "name": "Shoulder_R",
            "time": [0.0, 1.3333],
            "transform": [
                [0.0, 0.952114, 0.305743, 0.0, 0.0, -0.305743, 0.952114, 0.4, 1.0, 0.0, 0.0, -0.0, 0.0, 0.0, 0.0, 1.0],
                [0.0, 0.952114, 0.305743, 0.0, 0.0, -0.305743, 0.952114, 0.4, 1.0, 0.0, -0.0, 0.0, 0.0, 0.0, 0.0, 1.0]
            ]
        },
        {
            "name": "Arm_R",
            "time": [0.0, 0.1333, 0.25, 0.3333, 0.4167, 0.5, 1.3333],
            "transform": [
                [-0.0, -0.868175, 0.496258, -0.0, 0.952114, -0.151728, -0.265438, 0.39386, 0.305743, 0.472494, 0.826602, -0.0, 0.0, 0.0, 0.0, 1.0],
                [0.100688, -0.838752, 0.535123, 0.0, 0.902934, -0.148839, -0.403185, 0.393861, 0.417819, 0.523777, 0.742351, -0.0, 0.0, 0.0, 0.0, 1.0],
                [0.175059, -0.979424, -0.100419, 0.0, 0.946172, 0.195558, -0.257908, 0.393861, 0.272238, -0.049865, 0.960937, 0.0, 0.0, 0.0, 0.0, 1.0],
                [0.58146, -0.803691, -0.12643, -0.0, 0.79804, 0.593652, -0.103485, 0.39386, 0.158225, -0.040724, 0.986563, 0.0, 0.0, 0.0, 0.0, 1.0],
                [0.966151, -0.257886, 0.006801, 0.0, 0.256802, 0.958912, -0.120585, 0.393861, 0.024576, 0.11825, 0.99268, -0.0, 0.0, 0.0, 0.0, 1.0],
                [0.998628, 0.0085, 0.051679, -0.0, 0.000851, 0.983981, -0.178272, 0.39386, -0.052367, 0.178071, 0.982623, 0.0, 0.0, 0.0, 0.0, 1.0],
                [0.998628, 0.0085, 0.051679, -0.0, 0.000851, 0.983981, -0.178272, 0.39386, -0.052367, 0.178071, 0.982623, 0.0, 0.0, 0.0, 0.0, 1.0]
            ]
        },
        {
            "name": "Hand_R",
            "time": [0.0, 1.3333],
            "transform": [
                [1.0, 0.0, 0.0, -0.0, -0.0, 0.993937, 0.109947, 0.3, -0.0, -0.109947, 0.993937, -0.0, 0.0, 0.0, 0.0, 1.0],
                [1.0, 0.0, 0.0, 0.0, -0.0, 0.993937, 0.109947, 0.3, -0.0, -0.109947, 0.993937, -0.0, 0.0, 0.0, 0.0, 1.0]
            ]
        },
        {
            "name": "Tool_R",
            "time": [0.0, 1.3333],
            "transform": [
                [1.0, 0.0, 0.0, 0.0, 0.0, -0.999836, 0.018122, 0.272858, 0.0, -0.018122, -0.999244, -0.0, 0.0, 0.0, 0.0, 1.0],
                [1.0, 0.0, 0.0, 0.0, 0.0, -0.999836, 0.018122, 0.272858, 0.0, -0.018122, -0.999244, 0.0, 0.0, 0.0, 0.0, 1.0]
            ]
        },
        {
            "name": "Elbow_R",
            "time": [0.0, 1.3333],
            "transform": [
                [-1.0, 0.0, -0.0, -0.0, 0.0, -0.0, -1.0, 0.3, -0.0, -1.0, 0.0, -0.0, 0.0, 0.0, 0.0, 1.0],
                [-1.0, 0.0, -0.0, 0.0, 0.0, -0.0, -1.0, 0.3, -0.0, -1.0, 0.0, -0.0, 0.0, 0.0, 0.0, 1.0]
            ]
        },
        {
            "name": "Shoulder_L",
            "time": [0.0, 1.3333],
            "transform": [
                [-0.0, -0.952114, -0.305743, 0.0, 0.0, -0.305743, 0.952114, 0.4, -1.0, -0.0, 0.0, -0.0, 0.0, 0.0, 0.0, 1.0],
                [-0.0, -0.952114, -0.305743, 0.0, 0.0, -0.305743, 0.952114, 0.4, -1.0, 0.0, 0.0, 0.0, 0.0, 0.0, 0.0, 1.0]
            ]
        },
        {
            "name": "Arm_L",
            "time": [0.0, 0.1333, 0.25, 0.3333, 0.4167, 0.5, 1.3333],
            "transform": [
                [0.0, 0.982104, -0.188339, -0.0, -0.952114, -0.057583, -0.300272, 0.39386, -0.305744, 0.17932, 0.935075, 0.0, 0.0, 0.0, 0.0, 1.0],
                [0.237066, 0.947109, -0.216299, 0.0, -0.903162, 0.132835, -0.408231, 0.39386, -0.357907, 0.292131, 0.886883, -0.0, 0.0, 0.0, 0.0, 1.0],
                [0.149856, 0.983478, 0.101564, -0.0, -0.948917, 0.171913, -0.264581, 0.39386, -0.277669, -0.056726, 0.959, -0.0, 0.0, 0.0, 0.0, 1.0],
                [0.497438, 0.857757, 0.12965, 0.0, -0.837265, 0.513822, -0.187013, 0.39386, -0.227029, -0.015524, 0.973764, -0.0, 0.0, 0.0, 0.0, 1.0],
                [0.954399, 0.298373, 0.009833, 0.0, -0.293373, 0.943486, -0.154164, 0.39386, -0.055276, 0.144249, 0.987996, 0.0, 0.0, 0.0, 0.0, 1.0],
                [0.998887, -0.002377, -0.047121, -0.0, -0.00609, 0.983878, -0.178735, 0.39386, 0.046786, 0.178823, 0.982768, 0.0, 0.0, 0.0, 0.0, 1.0],
                [0.998887, -0.002377, -0.047121, -0.0, -0.00609, 0.983878, -0.178735, 0.39386, 0.046786, 0.178823, 0.982768, 0.0, 0.0, 0.0, 0.0, 1.0]
            ]
        },
        {
            "name": "Hand_L",
            "time": [0.0, 1.3333],
            "transform": [
                [1.0, 0.0, 0.0, 0.0, -0.0, 0.993937, 0.109947, 0.3, -0.0, -0.109947, 0.993937, -0.0, 0.0, 0.0, 0.0, 1.0],
                [1.0, 0.0, 0.0, -0.0, -0.0, 0.993938, 0.109947, 0.3, -0.0, -0.109947, 0.993937, -0.0, 0.0, 0.0, 0.0, 1.0]
            ]
        },
        {
            "name": "Tool_L",
            "time": [0.0, 1.3333],
            "transform": [
                [1.0, 0.0, 0.0, -0.0, 0.0, -0.999836, 0.018122, 0.272858, 0.0, -0.018122, -0.999247, 0.0, 0.0, 0.0, 0.0, 1.0],
                [1.0, 0.0, 0.0, -0.0, 0.0, -0.999836, 0.018122, 0.272858, 0.0, -0.018122, -0.999247, -0.0, 0.0, 0.0, 0.0, 1.0]
            ]
        },
        {
            "name": "Elbow_L",
            "time": [0.0, 1.3333],
            "transform": [
                [-1.0, 0.0, -0.0, 0.0, 0.0, -0.0, -1.0, 0.416895, -0.0, -1.0, -0.0, 0.0, 0.0, 0.0, 0.0, 1.0],
                [-1.0, 0.0, -0.0, -0.0, 0.0, -0.0, -1.0, 0.416895, -0.0, -1.0, -0.0, 0.0, 0.0, 0.0, 0.0, 1.0]
            ]
        }
    ]
}