{
    "animation": [
        {
            "name": "Root",
            "time": [0.0, 0.25],
            "transform": [
                [0.854689, 0.0, -0.51914, -5e-06, -0.51914, 0.0, -0.854689, 0.000946, 0.0, 1.0, 0.0, 0.755725, 0.0, 0.0, 0.0, 1.0],
                [0.854689, 0.0, -0.51914, -5e-06, -0.51914, 0.0, -0.854689, 0.000946, 0.0, 1.0, 0.0, 0.755725, 0.0, 0.0, 0.0, 1.0]
            ]
        },
        {
            "name": "Thigh_R",
            "time": [0.0, 0.25],
            "transform": [
                [0.996123, 0.056386, -0.067528, 0.124994, 0.068868, -0.977428, 0.199728, -0.002831, -0.054742, -0.203604, -0.977522, -1.2e-05, 0.0, 0.0, 0.0, 1.0],
                [0.996123, 0.056386, -0.067528, 0.124994, 0.068868, -0.977428, 0.199728, -0.002831, -0.054742, -0.203604, -0.977522, -1.2e-05, 0.0, 0.0, 0.0, 1.0]
            ]
        },
        {
            "name": "Leg_R",
            "time": [0.0, 0.25],
            "transform": [
                [1.0, -0.0, 2e-06, 0.0, -0.0, 0.966099, 0.258173, 0.37472, -2e-06, -0.258173, 0.966099, -0.0, 0.0, 0.0, 0.0, 1.0],
                [1.0, -0.0, 2e-06, 0.0, -0.0, 0.966099, 0.258173, 0.37472, -2e-06, -0.258173, 0.966099, -0.0, 0.0, 0.0, 0.0, 1.0]
            ]
        },
        {
            "name": "Knee_R",
            "time": [0.0, 0.25],
            "transform": [
                [1.0, 0.0, -0.0, 0.000102, -0.0, 1e-06, -1.0, 0.367835, -0.0, 1.0, 1e-06, 0.001145, 0.0, 0.0, 0.0, 1.0],
                [1.0, 0.0, -0.0, 0.000102, -0.0, 1e-06, -1.0, 0.367835, -0.0, 1.0, 1e-06, 0.001145, 0.0, 0.0, 0.0, 1.0]
            ]
        },
        {
            "name": "Thigh_L",
            "time": [0.0, 0.25],
            "transform": [
                [0.866489, -0.135609, -0.480425, -0.125006, -0.027108, -0.973757, 0.225969, -0.002831, -0.49846, -0.182775, -0.847426, -1.2e-05, 0.0, 0.0, 0.0, 1.0],
                [0.866489, -0.135609, -0.480425, -0.125006, -0.027108, -0.973757, 0.225969, -0.002831, -0.49846, -0.182775, -0.847426, -1.2e-05, 0.0, 0.0, 0.0, 1.0]
            ]
        },
        {
            "name": "Leg_L",
            "time": [0.0, 0.25],
            "transform": [
                [1.0, -0.0, 1e-06, 0.0, 0.0, 0.970939, 0.239328, 0.37472, -1e-06, -0.239328, 0.970939, 0.0, 0.0, 0.0, 0.0, 1.0],
                [1.0, -0.0, 1e-06, 0.0, 0.0, 0.970939, 0.239328, 0.37472, -1e-06, -0.239328, 0.970939, -0.0, 0.0, 0.0, 0.0, 1.0]
            ]
        },
        {
            "name": "Knee_L",
            "time": [0.0, 0.25],
            "transform": [
                [1.0, 0.0, -0.0, 0.000578, -0.0, 1e-06, -1.0, 0.375919, -0.0, 1.0, 1e-06, -0.000452, 0.0, 0.0, 0.0, 1.0],
                [1.0, 0.0, -0.0, 0.000578, -0.0, 1e-06, -1.0, 0.375919, -0.0, 1.0, 1e-06, -0.000452, 0.0, 0.0, 0.0, 1.0]
            ]
        },
        {
            "name": "Torso",
            "time": [0.0, 0.25],
            "transform": [
                [0.99978, -0.020971, -0.000197, -0.0, 0.020971, 0.999603, 0.018833, 0.05, -0.000198, -0.018833, 0.999823, 0.0, 0.0, 0.0, 0.0, 1.0],
                [0.99978, -0.020971, -0.000197, -0.0, 0.020971, 0.999603, 0.018833, 0.05, -0.000198, -0.018833, 0.999823, 0.0, 0.0, 0.0, 0.0, 1.0]
            ]
        },
        {
            "name": "Chest",
            "time": [0.0, 0.2, 0.25],
            "transform": [
                [0.901828, 0.012963, 0.431902, -0.0, -0.010909, 0.999914, -0.007232, 0.3, -0.431958, 0.00181, 0.901892, 0.0, 0.0, 0.0, 0.0, 1.0],
                [0.854031, 0.011297, 0.520099, -0.0, -0.008244, 0.999933, -0.008181, 0.3, -0.520156, 0.002699, 0.854067, 0.0, 0.0, 0.0, 0.0, 1.0],
                [0.854031, 0.011297, 0.520099, -0.0, -0.008244, 0.999933, -0.008181, 0.3, -0.520156, 0.002699, 0.854067, 0.0, 0.0, 0.0, 0.0, 1.0]
            ]
        },
        {
            "name": "Head",
            "time": [0.0, 0.2, 0.25],
            "transform": [
                [0.994464, -0.001978, 0.10506, -0.0, 0.001976, 0.999998, 0.000118, 0.4, -0.10506, 9.1e-05, 0.994466, -0.0, 0.0, 0.0, 0.0, 1.0],
                [1.0, -2.3e-05, 2e-06, -0.0, 2.3e-05, 0.999782, -0.02089, 0.4, -2e-06, 0.02089, 0.999782, -0.0, 0.0, 0.0, 0.0, 1.0],
                [1.0, -2.3e-05, 2e-06, -0.0, 2.3e-05, 0.999782, -0.02089, 0.4, -2e-06, 0.02089, 0.999782, -0.0, 0.0, 0.0, 0.0, 1.0]
            ]
        },
        {
            "name": "Shoulder_R",
            "time": [0.0, 0.2, 0.25],
            "transform": [
                [0.0, 0.952114, 0.305743, -0.0, 0.0, -0.305743, 0.952114, 0.4, 1.0, 0.0, -0.0, -0.0, 0.0, 0.0, 0.0, 1.0],
                [0.366198, 0.888062, 0.277928, -0.0, 0.001354, -0.299183, 0.954195, 0.4, 0.930536, -0.349048, -0.110762, -0.0, 0.0, 0.0, 0.0, 1.0],
                [0.366198, 0.888062, 0.277928, -0.0, 0.001354, -0.299183, 0.954195, 0.4, 0.930536, -0.349048, -0.110762, -0.0, 0.0, 0.0, 0.0, 1.0]
            ]
        },
        {
            "name": "Arm_R",
            "time": [0.0, 0.2, 0.25],
            "transform": [
                [0.425837, -0.73783, 0.523707, -0.0, 0.888005, 0.451812, -0.085515, 0.39386, -0.173521, 0.50147, 0.847596, 0.0, 0.0, 0.0, 0.0, 1.0],
                [0.062131, -0.771824, -0.632793, 0.0, 0.955229, 0.229743, -0.18643, 0.39386, 0.289271, -0.592879, 0.751542, 0.0, 0.0, 0.0, 0.0, 1.0],
                [0.062131, -0.771824, -0.632793, -0.0, 0.955229, 0.229743, -0.18643, 0.39386, 0.289271, -0.592879, 0.751543, 0.0, 0.0, 0.0, 0.0, 1.0]
            ]
        },
        {
            "name": "Hand_R",
            "time": [0.0, 0.2, 0.25],
            "transform": [
                [0.999989, 0.002307, 0.004181, -0.0, 0.004193, -0.005343, -0.999977, 0.3, -0.002285, 0.999983, -0.005352, 0.0, 0.0, 0.0, 0.0, 1.0],
                [1.0, 0.0, 0.0, -0.0, -0.0, 0.993937, 0.109947, 0.3, -0.0, -0.109947, 0.993937, -0.0, 0.0, 0.0, 0.0, 1.0],
                [1.0, 0.0, 0.0, 0.0, -0.0, 0.993937, 0.109947, 0.3, -0.0, -0.109947, 0.993937, -0.0, 0.0, 0.0, 0.0, 1.0]
            ]
        },
        {
            "name": "Tool_R",
            "time": [0.0, 0.2, 0.25],
            "transform": [
                [-0.009118, 0.123445, -0.99231, 0.0, 0.150269, -0.980913, -0.123408, 0.272858, -0.988016, -0.15016, -0.009602, 0.0, 0.0, 0.0, 0.0, 1.0],
                [1.0, 0.0, 0.0, 0.0, 0.0, -0.999836, 0.018122, 0.272858, 0.0, -0.018122, -0.999244, 0.0, 0.0, 0.0, 0.0, 1.0],
                [1.0, 0.0, 0.0, -0.0, 0.0, -0.999836, 0.018122, 0.272858, 0.0, -0.018122, -0.999244, -0.0, 0.0, 0.0, 0.0, 1.0]
            ]
        },
        {
            "name": "Elbow_R",
            "time": [0.0, 0.2, 0.25],
            "transform": [
                [-1.0, 0.0, -0.0, -0.002088, 0.0, -0.0, -1.0, 0.463325, -0.0, -1.0, 0.0, 0.004915, 0.0, 0.0, 0.0, 1.0],
                [-1.0, 0.0, -0.0, -0.0, 0.0, 0.0, -1.0, 0.3, -0.0, -1.0, 0.0, -0.0, 0.0, 0.0, 0.0, 1.0],
                [-1.0, 0.0, 0.0, 0.0, 0.0, 0.0, -1.0, 0.3, -0.0, -1.0, 0.0, -0.0, 0.0, 0.0, 0.0, 1.0]
            ]
        },
        {
            "name": "Shoulder_L",
            "time": [0.0, 0.25],
            "transform": [
                [-0.0, -0.952114, -0.305743, -0.0, 0.0, -0.305743, 0.952114, 0.4, -1.0, 0.0, 0.0, -0.0, 0.0, 0.0, 0.0, 1.0],
                [-0.0, -0.952114, -0.305743, -0.0, 0.0, -0.305743, 0.952114, 0.4, -1.0, -0.0, 0.0, -0.0, 0.0, 0.0, 0.0, 1.0]
            ]
        },
        {
            "name": "Arm_L",
            "time": [0.0, 0.2, 0.25],
            "transform": [
                [-0.09511, 0.052972, 0.994056, -0.0, -0.889794, 0.443215, -0.108753, 0.39386, -0.446342, -0.894849, 0.00498, -0.0, 0.0, 0.0, 0.0, 1.0],
                [-0.095173, -0.002864, 0.995457, 0.0, -0.890493, 0.447203, -0.083852, 0.39386, -0.444931, -0.894428, -0.045112, 0.0, 0.0, 0.0, 0.0, 1.0],
                [-0.095173, -0.002864, 0.995457, 0.0, -0.890493, 0.447203, -0.083852, 0.39386, -0.444931, -0.894428, -0.045112, 0.0, 0.0, 0.0, 0.0, 1.0]
            ]
        },
        {
            "name": "Hand_L",
            "time": [0.0, 0.25],
            "transform": [
                [0.99932, -0.036878, 0.000448, -0.0, 0.03687, 0.999235, 0.013035, 0.3, -0.000929, -0.013009, 0.999915, 0.0, 0.0, 0.0, 0.0, 1.0],
                [0.99932, -0.036878, 0.000448, 0.0, 0.03687, 0.999235, 0.013035, 0.3, -0.000929, -0.013009, 0.999915, 0.0, 0.0, 0.0, 0.0, 1.0]
            ]
        },
        {
            "name": "Tool_L",
            "time": [0.0, 0.25],
            "transform": [
                [1.0, -0.0, 0.0, -0.0, 0.0, -0.999836, 0.018122, 0.272858, 0.0, -0.018122, -0.999247, -0.0, 0.0, 0.0, 0.0, 1.0],
                [1.0, -0.0, 0.0, -0.0, 0.0, -0.999836, 0.018122, 0.272858, 0.0, -0.018122, -0.999247, 0.0, 0.0, 0.0, 0.0, 1.0]
            ]
        },
        {
            "name": "Elbow_L",
            "time": [0.0, 0.25],
            "transform": [
                [-1.0, 0.0, -0.0, -0.0, 0.0, -0.0, -1.0, 0.3, -0.0, -1.0, -0.0, 0.0, 0.0, 0.0, 0.0, 1.0],
                [-1.0, 0.0, -0.0, 0.0, 0.0, -0.0, -1.0, 0.3, -0.0, -1.0, -0.0, 0.0, 0.0, 0.0, 0.0, 1.0]
            ]
        }
    ]
}