{
    "animation": [
        {
            "name": "Root",
            "time": [0.0, 1.2667],
            "transform": [
                [0.854689, 0.0, -0.51914, -5e-06, -0.51914, 0.0, -0.854689, 0.000946, 0.0, 1.0, 0.0, 0.755725, 0.0, 0.0, 0.0, 1.0],
                [0.854689, 0.0, -0.51914, -5e-06, -0.51914, 0.0, -0.854689, 0.000946, 0.0, 1.0, 0.0, 0.755725, 0.0, 0.0, 0.0, 1.0]
            ]
        },
        {
            "name": "Thigh_R",
            "time": [0.0, 1.2667],
            "transform": [
                [0.99383, 0.085674, -0.070438, 0.124994, 0.090558, -0.993474, 0.069334, -0.002831, -0.064039, -0.075285, -0.995104, -1.2e-05, 0.0, 0.0, 0.0, 1.0],
                [0.99383, 0.085674, -0.070438, 0.124994, 0.090558, -0.993474, 0.069334, -0.002831, -0.064039, -0.075285, -0.995104, -1.2e-05, 0.0, 0.0, 0.0, 1.0]
            ]
        },
        {
            "name": "Leg_R",
            "time": [0.0, 1.2667],
            "transform": [
                [1.0, -0.0, 1e-06, -0.0, 0.0, 0.969078, 0.246754, 0.37472, -1e-06, -0.246754, 0.969079, -0.0, 0.0, 0.0, 0.0, 1.0],
                [1.0, -0.0, 1e-06, -0.0, 0.0, 0.969078, 0.246754, 0.37472, -1e-06, -0.246754, 0.969079, -0.0, 0.0, 0.0, 0.0, 1.0]
            ]
        },
        {
            "name": "Knee_R",
            "time": [0.0, 1.2667],
            "transform": [
                [1.0, 0.0, -0.0, -0.0, -0.0, 1e-06, -1.0, 0.37472, -0.0, 1.0, 1e-06, -0.0, 0.0, 0.0, 0.0, 1.0],
                [1.0, 0.0, -0.0, -0.0, -0.0, 1e-06, -1.0, 0.37472, -0.0, 1.0, 1e-06, -0.0, 0.0, 0.0, 0.0, 1.0]
            ]
        },
        {
            "name": "Thigh_L",
            "time": [0.0, 1.2667],
            "transform": [
                [0.866211, -0.134417, -0.481259, -0.125006, -0.025053, -0.973608, 0.226841, -0.002831, -0.499049, -0.184434, -0.84672, -1.2e-05, 0.0, 0.0, 0.0, 1.0],
                [0.866211, -0.134417, -0.481259, -0.125006, -0.025053, -0.973608, 0.226841, -0.002831, -0.499049, -0.184434, -0.84672, -1.2e-05, 0.0, 0.0, 0.0, 1.0]
            ]
        },
        {
            "name": "Leg_L",
            "time": [0.0, 1.2667],
            "transform": [
                [1.0, -0.0, 1e-06, -0.0, 0.0, 0.975544, 0.219806, 0.37472, -1e-06, -0.219806, 0.975543, -0.0, 0.0, 0.0, 0.0, 1.0],
                [1.0, -0.0, 1e-06, -0.0, 0.0, 0.975544, 0.219806, 0.37472, -1e-06, -0.219806, 0.975543, -0.0, 0.0, 0.0, 0.0, 1.0]
            ]
        },
        {
            "name": "Knee_L",
            "time": [0.0, 1.2667],
            "transform": [
                [1.0, 0.0, -0.0, 0.0, -0.0, 1e-06, -1.0, 0.37472, -0.0, 1.0, 1e-06, 0.0, 0.0, 0.0, 0.0, 1.0],
                [1.0, 0.0, -0.0, 0.0, -0.0, 1e-06, -1.0, 0.37472, -0.0, 1.0, 1e-06, 0.0, 0.0, 0.0, 0.0, 1.0]
            ]
        },
        {
            "name": "Torso",
            "time": [0.0, 0.2167, 0.4667, 0.75, 1.2667],
            "transform": [
                [0.945564, -0.01159, 0.325229, -0.0, 0.00875, 0.99991, 0.010195, 0.05, -0.325318, -0.006795, 0.94558, 0.0, 0.0, 0.0, 0.0, 1.0],
                [0.959659, -0.008698, 0.281033, -0.0, 0.005469, 0.99991, 0.012272, 0.05, -0.281114, -0.010239, 0.95962, 0.0, 0.0, 0.0, 0.0, 1.0],
                [0.982381, -0.005214, 0.186817, -0.0, 0.005439, 0.999985, -0.000689, 0.05, -0.18681, 0.001693, 0.982395, 0.0, 0.0, 0.0, 0.0, 1.0],
                [0.977102, -0.008698, 0.212596, -0.0, 0.006322, 0.99991, 0.011855, 0.05, -0.21268, -0.010239, 0.977068, 0.0, 0.0, 0.0, 0.0, 1.0],
                [0.961314, -0.005214, 0.275404, -0.0, 0.005479, 0.999985, -0.000192, 0.05, -0.275399, 0.001693, 0.961329, 0.0, 0.0, 0.0, 0.0, 1.0]
            ]
        },
        {
            "name": "Chest",
            "time": [0.0, 0.2167, 0.4667, 0.75, 1.2667],
            "transform": [
                [0.999998, 0.001953, -0.000161, 0.0, -0.001955, 0.999851, -0.017134, 0.3, 0.000128, 0.017134, 0.999853, -0.0, 0.0, 0.0, 0.0, 1.0],
                [0.999505, 0.031364, -0.002312, -0.0, -0.031431, 0.993708, -0.107506, 0.3, -0.001074, 0.107525, 0.994202, 0.0, 0.0, 0.0, 0.0, 1.0],
                [0.997427, 0.070161, -0.014746, 0.0, -0.071309, 0.949562, -0.305363, 0.3, -0.007422, 0.305629, 0.952122, -0.0, 0.0, 0.0, 0.0, 1.0],
                [0.995701, 0.088013, 0.028844, -0.0, -0.078517, 0.967303, -0.241164, 0.3, -0.049127, 0.237863, 0.970055, -0.0, 0.0, 0.0, 0.0, 1.0],
                [0.993979, 0.105507, -0.029569, -0.0, -0.107996, 0.897736, -0.427091, 0.3, -0.018516, 0.427713, 0.903725, -0.0, 0.0, 0.0, 0.0, 1.0]
            ]
        },
        {
            "name": "Head",
            "time": [0.0, 0.2167, 0.75, 1.2667],
            "transform": [
                [0.971832, 0.1248, 0.199917, 0.0, 0.002339, 0.843131, -0.537703, 0.4, -0.235662, 0.523025, 0.81909, 0.0, 0.0, 0.0, 0.0, 1.0],
                [0.95964, 0.127079, 0.250883, 0.0, 0.028705, 0.843168, -0.536884, 0.4, -0.279763, 0.522416, 0.80549, 0.0, 0.0, 0.0, 0.0, 1.0],
                [0.95964, 0.127079, 0.250883, -0.0, 0.028705, 0.843168, -0.536884, 0.4, -0.279763, 0.522416, 0.80549, 0.0, 0.0, 0.0, 0.0, 1.0],
                [0.955527, 0.138469, 0.260375, -0.0, 0.023901, 0.843647, -0.536366, 0.4, -0.293935, 0.518735, 0.802818, 0.0, 0.0, 0.0, 0.0, 1.0]
            ]
        },
        {
            "name": "Shoulder_R",
            "time": [0.0, 0.75, 1.2667],
            "transform": [
                [0.672558, 0.737322, -0.063416, 0.0, 0.193941, -0.092909, 0.976604, 0.4, 0.714179, -0.669122, -0.205484, 0.0, 0.0, 0.0, 0.0, 1.0],
                [0.61909, 0.754086, -0.219275, -0.0, 0.114652, 0.189437, 0.975176, 0.4, 0.776905, -0.628862, 0.030821, 0.0, 0.0, 0.0, 0.0, 1.0],
                [0.61909, 0.754086, -0.219275, -0.0, 0.114652, 0.189437, 0.975176, 0.4, 0.776905, -0.628862, 0.030821, 0.0, 0.0, 0.0, 0.0, 1.0]
            ]
        },
        {
            "name": "Arm_R",
            "time": [0.0, 0.4667, 0.75, 1.2667],
            "transform": [
                [0.56885, -0.821074, 0.047412, 0.0, 0.404476, 0.229101, -0.885388, 0.39386, 0.716107, 0.52283, 0.462429, 1e-06, 0.0, 0.0, 0.0, 1.0],
                [0.56885, -0.802956, 0.177966, 0.0, 0.404476, 0.084721, -0.910616, 0.39386, 0.716107, 0.589987, 0.37297, 0.0, 0.0, 0.0, 0.0, 1.0],
                [0.56885, -0.821074, 0.047412, 0.001467, 0.404476, 0.229101, -0.885388, 0.366473, 0.716107, 0.52283, 0.462429, 0.014304, 0.0, 0.0, 0.0, 1.0],
                [0.495708, -0.868392, -0.013012, 0.0, 0.265513, 0.165795, -0.949745, 0.39386, 0.826908, 0.467341, 0.312756, 0.0, 0.0, 0.0, 0.0, 1.0]
            ]
        },
        {
            "name": "Hand_R",
            "time": [0.0, 0.4667, 0.75, 1.2667],
            "transform": [
                [1.0, 0.0, -0.0, -0.0, -0.0, 0.542204, -0.840247, 0.3, -0.0, 0.840247, 0.542204, -0.0, 0.0, 0.0, 0.0, 1.0],
                [1.0, 0.0, -0.0, -0.0, -0.0, 0.477381, -0.878697, 0.3, -0.0, 0.878697, 0.477381, 0.0, 0.0, 0.0, 0.0, 1.0],
                [1.0, 0.0, 0.0, -0.0, 0.0, 0.244681, -0.969604, 0.3, -0.0, 0.969604, 0.244681, 0.0, 0.0, 0.0, 0.0, 1.0],
                [1.0, 0.0, 0.0, -0.0, 0.0, 0.348817, -0.937191, 0.3, -0.0, 0.937191, 0.348817, 0.0, 0.0, 0.0, 0.0, 1.0]
            ]
        },
        {
            "name": "Tool_R",
            "time": [0.0, 0.75, 1.2667],
            "transform": [
                [1.0, 0.0, 0.0, 0.0, 0.0, -0.999836, 0.018122, 0.272858, 0.0, -0.018122, -0.999241, 0.0, 0.0, 0.0, 0.0, 1.0],
                [1.0, 0.0, 0.0, -0.0, 0.0, -0.999836, 0.018122, 0.272858, 0.0, -0.018122, -0.999241, -0.0, 0.0, 0.0, 0.0, 1.0],
                [1.0, 0.0, 0.0, -0.0, 0.0, -0.999836, 0.018122, 0.272858, 0.0, -0.018122, -0.999241, 0.0, 0.0, 0.0, 0.0, 1.0]
            ]
        },
        {
            "name": "Elbow_R",
            "time": [0.0, 0.4667, 0.75, 1.2667],
            "transform": [
                [-1.0, 0.0, -0.0, -0.0, 0.0, -0.0, -1.0, 0.403823, -0.0, -1.0, 0.0, -0.0, 0.0, 0.0, 0.0, 1.0],
                [-1.0, 0.0, 0.0, -0.0, 0.0, -0.0, -1.0, 0.410887, -0.0, -1.0, 0.0, -0.0, 0.0, 0.0, 0.0, 1.0],
                [-1.0, 0.0, 0.0, 0.0, -0.0, -0.0, -1.0, 0.43436, -0.0, -1.0, 0.0, 0.0, 0.0, 0.0, 0.0, 1.0],
                [-1.0, 0.0, -0.0, -0.0, -0.0, -0.0, -1.0, 0.424135, -0.0, -1.0, 0.0, 0.0, 0.0, 0.0, 0.0, 1.0]
            ]
        },
        {
            "name": "Shoulder_L",
            "time": [0.0, 1.2667],
            "transform": [
                [0.18116, -0.941649, -0.283688, 0.0, -0.292456, -0.326994, 0.898635, 0.4, -0.938963, -0.07983, -0.334629, 0.0, 0.0, 0.0, 0.0, 1.0],
                [0.18116, -0.941648, -0.283688, -0.0, -0.292456, -0.326994, 0.898635, 0.4, -0.938963, -0.07983, -0.334629, 0.0, 0.0, 0.0, 0.0, 1.0]
            ]
        },
        {
            "name": "Arm_L",
            "time": [0.0, 1.2667],
            "transform": [
                [0.264866, 0.286445, 0.920758, -0.0, -0.915361, 0.374973, 0.146661, 0.39386, -0.303249, -0.881672, 0.361518, -0.0, 0.0, 0.0, 0.0, 1.0],
                [0.264866, 0.286445, 0.920758, 0.0, -0.915361, 0.374973, 0.146661, 0.39386, -0.30325, -0.881672, 0.361518, -0.0, 0.0, 0.0, 0.0, 1.0]
            ]
        },
        {
            "name": "Hand_L",
            "time": [0.0, 1.2667],
            "transform": [
                [1.0, 0.0, 0.0, -0.0, -0.0, 0.999915, 0.013084, 0.3, -0.0, -0.013084, 0.999914, 0.0, 0.0, 0.0, 0.0, 1.0],
                [1.0, 0.0, 0.0, 0.0, -0.0, 0.999914, 0.013084, 0.3, -0.0, -0.013084, 0.999914, -0.0, 0.0, 0.0, 0.0, 1.0]
            ]
        },
        {
            "name": "Tool_L",
            "time": [0.0, 1.2667],
            "transform": [
                [1.0, 0.0, 0.0, -0.0, 0.0, -0.999836, 0.018122, 0.272858, 0.0, -0.018122, -0.999243, -0.0, 0.0, 0.0, 0.0, 1.0],
                [1.0, 0.0, 0.0, -0.0, 0.0, -0.999836, 0.018122, 0.272858, 0.0, -0.018122, -0.999243, -0.0, 0.0, 0.0, 0.0, 1.0]
            ]
        },
        {
            "name": "Elbow_L",
            "time": [0.0, 1.2667],
            "transform": [
                [-1.0, 0.0, -0.0, -0.0, 0.0, -0.0, -1.0, 0.318196, -0.0, -1.0, -0.0, -0.0, 0.0, 0.0, 0.0, 1.0],
                [-1.0, 0.0, -0.0, -0.0, 0.0, -0.0, -1.0, 0.318196, -0.0, -1.0, -0.0, -0.0, 0.0, 0.0, 0.0, 1.0]
            ]
        }
    ]
}