{
    "animation": [
        {
            "name": "Root",
            "time": [0.0, 1.2667],
            "transform": [
                [0.854689, 0.0, -0.51914, -5e-06, -0.51914, 0.0, -0.854689, 0.000946, 0.0, 1.0, 0.0, 0.755725, 0.0, 0.0, 0.0, 1.0],
                [0.854689, 0.0, -0.51914, -5e-06, -0.51914, 0.0, -0.854689, 0.000946, 0.0, 1.0, 0.0, 0.755725, 0.0, 0.0, 0.0, 1.0]
            ]
        },
        {
            "name": "Thigh_R",
            "time": [0.0, 1.2667],
            "transform": [
                [0.99383, 0.085674, -0.070438, 0.124994, 0.090558, -0.993474, 0.069334, -0.002831, -0.064039, -0.075285, -0.995104, -1.2e-05, 0.0, 0.0, 0.0, 1.0],
                [0.99383, 0.085674, -0.070438, 0.124994, 0.090558, -0.993474, 0.069334, -0.002831, -0.064039, -0.075285, -0.995104, -1.2e-05, 0.0, 0.0, 0.0, 1.0]
            ]
        },
        {
            "name": "Leg_R",
            "time": [0.0, 1.2667],
            "transform": [
                [1.0, -0.0, 1e-06, -0.0, 0.0, 0.969078, 0.246754, 0.37472, -1e-06, -0.246754, 0.969079, -0.0, 0.0, 0.0, 0.0, 1.0],
                [1.0, -0.0, 1e-06, -0.0, 0.0, 0.969078, 0.246754, 0.37472, -1e-06, -0.246754, 0.969079, -0.0, 0.0, 0.0, 0.0, 1.0]
            ]
        },
        {
            "name": "Knee_R",
            "time": [0.0, 1.2667],
            "transform": [
                [1.0, 0.0, -0.0, -0.0, -0.0, 1e-06, -1.0, 0.37472, -0.0, 1.0, 1e-06, -0.0, 0.0, 0.0, 0.0, 1.0],
                [1.0, 0.0, -0.0, -0.0, -0.0, 1e-06, -1.0, 0.37472, -0.0, 1.0, 1e-06, -0.0, 0.0, 0.0, 0.0, 1.0]
            ]
        },
        {
            "name": "Thigh_L",
            "time": [0.0, 1.2667],
            "transform": [
                [0.866211, -0.134417, -0.481259, -0.125006, -0.025053, -0.973608, 0.226841, -0.002831, -0.499049, -0.184434, -0.84672, -1.2e-05, 0.0, 0.0, 0.0, 1.0],
                [0.866211, -0.134417, -0.481259, -0.125006, -0.025053, -0.973608, 0.226841, -0.002831, -0.499049, -0.184434, -0.84672, -1.2e-05, 0.0, 0.0, 0.0, 1.0]
            ]
        },
        {
            "name": "Leg_L",
            "time": [0.0, 1.2667],
            "transform": [
                [1.0, -0.0, 1e-06, -0.0, 0.0, 0.975544, 0.219806, 0.37472, -1e-06, -0.219806, 0.975543, -0.0, 0.0, 0.0, 0.0, 1.0],
                [1.0, -0.0, 1e-06, -0.0, 0.0, 0.975544, 0.219806, 0.37472, -1e-06, -0.219806, 0.975543, -0.0, 0.0, 0.0, 0.0, 1.0]
            ]
        },
        {
            "name": "Knee_L",
            "time": [0.0, 1.2667],
            "transform": [
                [1.0, 0.0, -0.0, 0.0, -0.0, 1e-06, -1.0, 0.37472, -0.0, 1.0, 1e-06, 0.0, 0.0, 0.0, 0.0, 1.0],
                [1.0, 0.0, -0.0, 0.0, -0.0, 1e-06, -1.0, 0.37472, -0.0, 1.0, 1e-06, 0.0, 0.0, 0.0, 0.0, 1.0]
            ]
        },
        {
            "name": "Torso",
            "time": [0.0, 0.1333, 0.3167, 0.4667, 0.65, 0.8, 0.9833, 1.2667],
            "transform": [
                [0.945564, -0.01159, 0.325229, -0.0, 0.00875, 0.99991, 0.010195, 0.05, -0.325318, -0.006795, 0.94558, 0.0, 0.0, 0.0, 0.0, 1.0],
                [0.949283, -0.010691, 0.314241, -0.0, 0.007565, 0.999909, 0.011164, 0.05, -0.314332, -0.008221, 0.949278, 0.0, 0.0, 0.0, 0.0, 1.0],
                [0.948873, -0.010792, 0.315474, -0.0, 0.007697, 0.999909, 0.011055, 0.05, -0.315565, -0.008062, 0.94887, 0.0, 0.0, 0.0, 0.0, 1.0],
                [0.949283, -0.010691, 0.314241, -0.0, 0.007565, 0.999909, 0.011164, 0.05, -0.314332, -0.008221, 0.949278, 0.0, 0.0, 0.0, 0.0, 1.0],
                [0.948873, -0.010792, 0.315474, -0.0, 0.007697, 0.999909, 0.011055, 0.05, -0.315565, -0.008062, 0.94887, 0.0, 0.0, 0.0, 0.0, 1.0],
                [0.949283, -0.010691, 0.314241, -0.0, 0.007565, 0.999909, 0.011164, 0.05, -0.314332, -0.008221, 0.949278, 0.0, 0.0, 0.0, 0.0, 1.0],
                [0.948873, -0.010792, 0.315474, -0.0, 0.007697, 0.999909, 0.011055, 0.05, -0.315565, -0.008062, 0.94887, 0.0, 0.0, 0.0, 0.0, 1.0],
                [0.949283, -0.010691, 0.314241, -0.0, 0.007565, 0.999909, 0.011164, 0.05, -0.314332, -0.008221, 0.949278, 0.0, 0.0, 0.0, 0.0, 1.0]
            ]
        },
        {
            "name": "Chest",
            "time": [0.0, 0.1333, 0.3167, 0.4667, 0.65, 0.8, 0.9833, 1.2667],
            "transform": [
                [0.999998, 0.001953, -0.000161, 0.0, -0.001955, 0.999851, -0.017134, 0.3, 0.000128, 0.017134, 0.999853, -0.0, 0.0, 0.0, 0.0, 1.0],
                [0.999944, 0.01056, -0.000397, 0.0, -0.010567, 0.999182, -0.039046, 0.3, -1.6e-05, 0.039048, 0.999237, -0.0, 0.0, 0.0, 0.0, 1.0],
                [0.999995, 0.003143, -0.000183, 0.0, -0.003146, 0.999792, -0.020165, 0.3, 0.000119, 0.020165, 0.999797, 0.0, 0.0, 0.0, 0.0, 1.0],
                [0.999944, 0.01056, -0.000397, 0.0, -0.010567, 0.999182, -0.039046, 0.3, -1.6e-05, 0.039048, 0.999237, -0.0, 0.0, 0.0, 0.0, 1.0],
                [0.999995, 0.003143, -0.000183, 0.0, -0.003146, 0.999792, -0.020165, 0.3, 0.000119, 0.020165, 0.999797, 0.0, 0.0, 0.0, 0.0, 1.0],
                [0.999944, 0.01056, -0.000397, 0.0, -0.010567, 0.999182, -0.039046, 0.3, -1.6e-05, 0.039048, 0.999237, -0.0, 0.0, 0.0, 0.0, 1.0],
                [0.999995, 0.003143, -0.000183, 0.0, -0.003146, 0.999792, -0.020165, 0.3, 0.000119, 0.020165, 0.999797, 0.0, 0.0, 0.0, 0.0, 1.0],
                [0.999585, 0.028729, -0.002228, 0.0, -0.028791, 0.992579, -0.118141, 0.3, -0.001182, 0.118156, 0.992994, -0.0, 0.0, 0.0, 0.0, 1.0]
            ]
        },
        {
            "name": "Head",
            "time": [0.0, 0.1333, 0.3167, 0.4667, 0.65, 0.8, 0.9833, 1.2667],
            "transform": [
                [0.9768, 0.007601, 0.21402, 0.0, -0.00904, 0.999943, 0.005745, 0.4, -0.213964, -0.007546, 0.976812, 0.0, 0.0, 0.0, 0.0, 1.0],
                [0.970235, 0.051347, 0.236658, -0.0, 0.000931, 0.976465, -0.215676, 0.4, -0.242163, 0.209477, 0.947352, -0.0, 0.0, 0.0, 0.0, 1.0],
                [0.975926, 0.013274, 0.217699, 0.0, -0.00806, 0.999659, -0.024818, 0.4, -0.217955, 0.022466, 0.9757, -0.0, 0.0, 0.0, 0.0, 1.0],
                [0.970235, 0.051347, 0.236658, -0.0, 0.000931, 0.976465, -0.215676, 0.4, -0.242163, 0.209477, 0.947352, -0.0, 0.0, 0.0, 0.0, 1.0],
                [0.975926, 0.013274, 0.217699, 0.0, -0.00806, 0.999659, -0.024818, 0.4, -0.217955, 0.022466, 0.9757, -0.0, 0.0, 0.0, 0.0, 1.0],
                [0.970235, 0.051347, 0.236658, -0.0, 0.000931, 0.976465, -0.215676, 0.4, -0.242163, 0.209477, 0.947352, -0.0, 0.0, 0.0, 0.0, 1.0],
                [0.975926, 0.013274, 0.217699, 0.0, -0.00806, 0.999659, -0.024818, 0.4, -0.217955, 0.022466, 0.9757, -0.0, 0.0, 0.0, 0.0, 1.0],
                [0.970235, 0.051347, 0.236658, 0.0, 0.000931, 0.976465, -0.215676, 0.4, -0.242163, 0.209477, 0.947352, -0.0, 0.0, 0.0, 0.0, 1.0]
            ]
        },
        {
            "name": "Shoulder_R",
            "time": [0.0, 0.1333, 0.3167, 0.4667, 0.65, 0.8, 0.9833, 1.2667],
            "transform": [
                [0.502437, 0.864407, -0.018911, 0.0, 0.195985, -0.092559, 0.976229, 0.4, 0.842108, -0.4942, -0.215916, 0.0, 0.0, 0.0, 0.0, 1.0],
                [0.506918, 0.861553, -0.027557, -0.0, 0.192122, -0.08176, 0.977959, 0.4, 0.840311, -0.50104, -0.206969, -0.0, 0.0, 0.0, 0.0, 1.0],
                [0.503056, 0.86402, -0.020109, 0.0, 0.195448, -0.091069, 0.976476, 0.4, 0.841864, -0.495152, -0.214684, -0.0, 0.0, 0.0, 0.0, 1.0],
                [0.506918, 0.861553, -0.027557, -0.0, 0.192122, -0.08176, 0.977959, 0.4, 0.840311, -0.50104, -0.206969, -0.0, 0.0, 0.0, 0.0, 1.0],
                [0.503056, 0.86402, -0.020109, 0.0, 0.195448, -0.091069, 0.976476, 0.4, 0.841864, -0.495152, -0.214684, -0.0, 0.0, 0.0, 0.0, 1.0],
                [0.506918, 0.861553, -0.027557, -0.0, 0.192122, -0.08176, 0.977959, 0.4, 0.840311, -0.50104, -0.206969, -0.0, 0.0, 0.0, 0.0, 1.0],
                [0.503056, 0.86402, -0.020109, 0.0, 0.195448, -0.091069, 0.976476, 0.4, 0.841864, -0.495152, -0.214684, -0.0, 0.0, 0.0, 0.0, 1.0],
                [0.506918, 0.861553, -0.027557, 0.0, 0.192122, -0.08176, 0.977959, 0.4, 0.840311, -0.50104, -0.206969, -0.0, 0.0, 0.0, 0.0, 1.0]
            ]
        },
        {
            "name": "Arm_R",
            "time": [0.0, 0.1333, 0.3167, 0.4667, 0.65, 0.8, 0.9833, 1.1167, 1.2667],
            "transform": [
                [0.196217, -0.942581, -0.270262, -0.0, 0.172491, 0.304502, -0.936763, 0.39386, 0.96527, 0.137191, 0.222335, -0.0, 0.0, 0.0, 0.0, 1.0],
                [0.240638, -0.968347, -0.066317, 0.0, 0.189452, 0.11387, -0.975265, 0.393861, 0.951947, 0.222122, 0.210856, 0.0, 0.0, 0.0, 0.0, 1.0],
                [0.202416, -0.962978, -0.178053, 0.0, 0.174745, 0.214416, -0.960984, 0.39386, 0.963584, 0.163404, 0.211676, 0.0, 0.0, 0.0, 0.0, 1.0],
                [0.240638, -0.969929, 0.036502, 0.0, 0.189452, 0.010052, -0.981839, 0.393861, 0.951947, 0.243183, 0.186173, 0.0, 0.0, 0.0, 0.0, 1.0],
                [0.202416, -0.970764, -0.129018, 0.0, 0.174745, 0.165435, -0.970616, 0.39386, 0.963584, 0.173923, 0.203122, 0.0, 0.0, 0.0, 0.0, 1.0],
                [0.240638, -0.96506, 0.103698, 0.0, 0.189452, -0.058082, -0.980171, 0.393861, 0.951947, 0.255512, 0.168855, 0.0, 0.0, 0.0, 0.0, 1.0],
                [0.202416, -0.979181, -0.015299, 0.0, 0.174745, 0.051486, -0.983267, 0.39386, 0.963584, 0.196355, 0.181528, 0.0, 0.0, 0.0, 0.0, 1.0],
                [0.240638, -0.958071, 0.155546, 0.0, 0.189452, -0.11081, -0.975617, 0.39386, 0.951947, 0.264239, 0.154843, -0.0, 0.0, 0.0, 0.0, 1.0],
                [0.240638, -0.969904, -0.037145, -0.0, 0.189452, 0.084468, -0.97825, 0.39386, 0.951947, 0.228367, 0.204076, 0.0, 0.0, 0.0, 0.0, 1.0]
            ]
        },
        {
            "name": "Hand_R",
            "time": [0.0, 1.2667],
            "transform": [
                [1.0, 0.0, 0.0, 0.0, -0.0, 0.542204, -0.840247, 0.3, -0.0, 0.840247, 0.542204, 0.0, 0.0, 0.0, 0.0, 1.0],
                [1.0, 0.0, 0.0, 0.0, 0.0, 0.542204, -0.840247, 0.3, -0.0, 0.840247, 0.542204, -0.0, 0.0, 0.0, 0.0, 1.0]
            ]
        },
        {
            "name": "Tool_R",
            "time": [0.0, 1.2667],
            "transform": [
                [1.0, -0.0, 0.0, 0.0, -0.0, -0.999836, 0.018122, 0.272858, 0.0, -0.018122, -0.999241, 0.0, 0.0, 0.0, 0.0, 1.0],
                [1.0, 0.0, 0.0, -0.0, -0.0, -0.999836, 0.018122, 0.272858, 0.0, -0.018122, -0.999241, -0.0, 0.0, 0.0, 0.0, 1.0]
            ]
        },
        {
            "name": "Elbow_R",
            "time": [0.0, 1.2667],
            "transform": [
                [-1.0, 0.0, -0.0, 0.0, 0.0, -0.0, -1.0, 0.403823, -0.0, -1.0, 0.0, -0.0, 0.0, 0.0, 0.0, 1.0],
                [-1.0, 0.0, -0.0, -0.0, 0.0, -0.0, -1.0, 0.403823, -0.0, -1.0, 0.0, -0.0, 0.0, 0.0, 0.0, 1.0]
            ]
        },
        {
            "name": "Shoulder_L",
            "time": [0.0, 1.2667],
            "transform": [
                [0.18116, -0.941649, -0.283688, 0.0, -0.292456, -0.326994, 0.898635, 0.4, -0.938963, -0.07983, -0.334629, 0.0, 0.0, 0.0, 0.0, 1.0],
                [0.18116, -0.941648, -0.283688, 0.0, -0.292456, -0.326994, 0.898635, 0.4, -0.938963, -0.07983, -0.334629, -0.0, 0.0, 0.0, 0.0, 1.0]
            ]
        },
        {
            "name": "Arm_L",
            "time": [0.0, 1.2667],
            "transform": [
                [0.264866, 0.286445, 0.920758, -0.0, -0.915361, 0.374973, 0.146661, 0.39386, -0.303249, -0.881672, 0.361518, -0.0, 0.0, 0.0, 0.0, 1.0],
                [0.264866, 0.286445, 0.920758, -0.0, -0.915361, 0.374973, 0.146661, 0.39386, -0.303249, -0.881672, 0.361518, 0.0, 0.0, 0.0, 0.0, 1.0]
            ]
        },
        {
            "name": "Hand_L",
            "time": [0.0, 1.2667],
            "transform": [
                [1.0, 0.0, 0.0, -0.0, -0.0, 0.999915, 0.013084, 0.3, -0.0, -0.013084, 0.999914, 0.0, 0.0, 0.0, 0.0, 1.0],
                [1.0, 0.0, 0.0, -0.0, -0.0, 0.999915, 0.013084, 0.3, -0.0, -0.013084, 0.999915, -0.0, 0.0, 0.0, 0.0, 1.0]
            ]
        },
        {
            "name": "Tool_L",
            "time": [0.0, 1.2667],
            "transform": [
                [1.0, 0.0, 0.0, -0.0, 0.0, -0.999836, 0.018122, 0.272858, 0.0, -0.018122, -0.999243, -0.0, 0.0, 0.0, 0.0, 1.0],
                [1.0, 0.0, 0.0, -0.0, 0.0, -0.999835, 0.018122, 0.272858, 0.0, -0.018122, -0.999243, 0.0, 0.0, 0.0, 0.0, 1.0]
            ]
        },
        {
            "name": "Elbow_L",
            "time": [0.0, 1.2667],
            "transform": [
                [-1.0, 0.0, -0.0, -0.0, 0.0, -0.0, -1.0, 0.318196, -0.0, -1.0, -0.0, -0.0, 0.0, 0.0, 0.0, 1.0],
                [-1.0, 0.0, -0.0, -0.0, 0.0, -0.0, -1.0, 0.318196, -0.0, -1.0, -0.0, -0.0, 0.0, 0.0, 0.0, 1.0]
            ]
        }
    ]
}