{
    "animation": [
        {
            "name": "Root",
            "time": [0.0, 1.2667],
            "transform": [
                [0.854689, 0.0, -0.51914, -5e-06, -0.51914, 0.0, -0.854689, 0.000946, 0.0, 1.0, 0.0, 0.755725, 0.0, 0.0, 0.0, 1.0],
                [0.854689, 0.0, -0.51914, -5e-06, -0.51914, 0.0, -0.854689, 0.000946, 0.0, 1.0, 0.0, 0.755725, 0.0, 0.0, 0.0, 1.0]
            ]
        },
        {
            "name": "Thigh_R",
            "time": [0.0, 1.2667],
            "transform": [
                [0.99634, 0.063179, -0.057564, 0.124994, 0.067011, -0.995484, 0.067236, -0.002831, -0.053057, -0.070846, -0.996075, -1.2e-05, 0.0, 0.0, 0.0, 1.0],
                [0.99634, 0.063179, -0.057564, 0.124994, 0.067011, -0.995484, 0.067236, -0.002831, -0.053057, -0.070846, -0.996075, -1.2e-05, 0.0, 0.0, 0.0, 1.0]
            ]
        },
        {
            "name": "Leg_R",
            "time": [0.0, 1.2667],
            "transform": [
                [1.0, 0.0, 1e-06, 0.0, 0.0, 0.964154, 0.265347, 0.37472, -1e-06, -0.265347, 0.964152, 0.0, 0.0, 0.0, 0.0, 1.0],
                [1.0, 0.0, 1e-06, 0.0, 0.0, 0.964154, 0.265347, 0.37472, -1e-06, -0.265347, 0.964152, 0.0, 0.0, 0.0, 0.0, 1.0]
            ]
        },
        {
            "name": "Knee_R",
            "time": [0.0, 1.2667],
            "transform": [
                [1.0, -0.0, -0.0, 0.0, -0.0, 1e-06, -1.0, 0.37472, 0.0, 1.0, 1e-06, 0.0, 0.0, 0.0, 0.0, 1.0],
                [1.0, -0.0, -0.0, 0.0, -0.0, 1e-06, -1.0, 0.37472, 0.0, 1.0, 1e-06, 0.0, 0.0, 0.0, 0.0, 1.0]
            ]
        },
        {
            "name": "Thigh_L",
            "time": [0.0, 1.2667],
            "transform": [
                [0.866588, -0.137421, -0.479729, -0.125006, -0.027843, -0.973151, 0.228467, -0.002831, -0.498246, -0.184628, -0.84715, -1.2e-05, 0.0, 0.0, 0.0, 1.0],
                [0.866588, -0.137421, -0.479729, -0.125006, -0.027843, -0.973151, 0.228467, -0.002831, -0.498246, -0.184628, -0.84715, -1.2e-05, 0.0, 0.0, 0.0, 1.0]
            ]
        },
        {
            "name": "Leg_L",
            "time": [0.0, 1.2667],
            "transform": [
                [1.0, 1e-06, 1e-06, -0.0, 0.0, 0.974813, 0.223026, 0.37472, -1e-06, -0.223025, 0.974812, -0.0, 0.0, 0.0, 0.0, 1.0],
                [1.0, 1e-06, 1e-06, -0.0, 0.0, 0.974813, 0.223026, 0.37472, -1e-06, -0.223025, 0.974812, -0.0, 0.0, 0.0, 0.0, 1.0]
            ]
        },
        {
            "name": "Knee_L",
            "time": [0.0, 1.2667],
            "transform": [
                [1.0, 0.0, -0.0, 0.0, -0.0, 1e-06, -1.0, 0.37472, -0.0, 1.0, 1e-06, 0.0, 0.0, 0.0, 0.0, 1.0],
                [1.0, 0.0, -0.0, 0.0, -0.0, 1e-06, -1.0, 0.37472, -0.0, 1.0, 1e-06, 0.0, 0.0, 0.0, 0.0, 1.0]
            ]
        },
        {
            "name": "Torso",
            "time": [0.0, 0.1333, 0.3167, 0.4667, 0.65, 0.8, 0.9833, 1.2667],
            "transform": [
                [0.945564, -0.01159, 0.325229, -0.0, 0.00875, 0.99991, 0.010195, 0.05, -0.325318, -0.006795, 0.94558, 0.0, 0.0, 0.0, 0.0, 1.0],
                [0.949283, -0.010691, 0.314241, -0.0, 0.007565, 0.999909, 0.011164, 0.05, -0.314332, -0.008221, 0.949278, 0.0, 0.0, 0.0, 0.0, 1.0],
                [0.948873, -0.010792, 0.315474, -0.0, 0.007697, 0.999909, 0.011055, 0.05, -0.315565, -0.008062, 0.94887, 0.0, 0.0, 0.0, 0.0, 1.0],
                [0.949283, -0.010691, 0.314241, -0.0, 0.007565, 0.999909, 0.011164, 0.05, -0.314332, -0.008221, 0.949278, 0.0, 0.0, 0.0, 0.0, 1.0],
                [0.948873, -0.010792, 0.315474, -0.0, 0.007697, 0.999909, 0.011055, 0.05, -0.315565, -0.008062, 0.94887, 0.0, 0.0, 0.0, 0.0, 1.0],
                [0.949283, -0.010691, 0.314241, -0.0, 0.007565, 0.999909, 0.011164, 0.05, -0.314332, -0.008221, 0.949278, 0.0, 0.0, 0.0, 0.0, 1.0],
                [0.948873, -0.010792, 0.315474, -0.0, 0.007697, 0.999909, 0.011055, 0.05, -0.315565, -0.008062, 0.94887, 0.0, 0.0, 0.0, 0.0, 1.0],
                [0.949283, -0.010691, 0.314241, -0.0, 0.007565, 0.999909, 0.011164, 0.05, -0.314332, -0.008221, 0.949278, 0.0, 0.0, 0.0, 0.0, 1.0]
            ]
        },
        {
            "name": "Chest",
            "time": [0.0, 0.1333, 0.3167, 0.4667, 0.65, 0.8, 0.9833, 1.2667],
            "transform": [
                [0.999998, 0.001953, -0.000161, 0.0, -0.001955, 0.999851, -0.017134, 0.3, 0.000128, 0.017134, 0.999853, -0.0, 0.0, 0.0, 0.0, 1.0],
                [0.999944, 0.01056, -0.000397, 0.0, -0.010567, 0.999182, -0.039046, 0.3, -1.6e-05, 0.039048, 0.999237, -0.0, 0.0, 0.0, 0.0, 1.0],
                [0.999995, 0.003143, -0.000183, 0.0, -0.003146, 0.999792, -0.020165, 0.3, 0.000119, 0.020165, 0.999797, 0.0, 0.0, 0.0, 0.0, 1.0],
                [0.999944, 0.01056, -0.000397, 0.0, -0.010567, 0.999182, -0.039046, 0.3, -1.6e-05, 0.039048, 0.999237, -0.0, 0.0, 0.0, 0.0, 1.0],
                [0.999995, 0.003143, -0.000183, 0.0, -0.003146, 0.999792, -0.020165, 0.3, 0.000119, 0.020165, 0.999797, 0.0, 0.0, 0.0, 0.0, 1.0],
                [0.999944, 0.01056, -0.000397, 0.0, -0.010567, 0.999182, -0.039046, 0.3, -1.6e-05, 0.039048, 0.999237, -0.0, 0.0, 0.0, 0.0, 1.0],
                [0.999995, 0.003143, -0.000183, 0.0, -0.003146, 0.999792, -0.020165, 0.3, 0.000119, 0.020165, 0.999797, 0.0, 0.0, 0.0, 0.0, 1.0],
                [0.999585, 0.028729, -0.002228, 0.0, -0.028791, 0.992579, -0.118141, 0.3, -0.001182, 0.118156, 0.992994, -0.0, 0.0, 0.0, 0.0, 1.0]
            ]
        },
        {
            "name": "Head",
            "time": [0.0, 0.1333, 0.3167, 0.4667, 0.65, 0.8, 0.9833, 1.2667],
            "transform": [
                [0.976907, 0.00593, 0.213583, 0.0, -0.006721, 0.999973, 0.002975, 0.4, -0.213559, -0.004342, 0.976921, 0.0, 0.0, 0.0, 0.0, 1.0],
                [0.974587, 0.050106, 0.218332, -0.0, -0.002229, 0.976783, -0.214218, 0.4, -0.223996, 0.208288, 0.952072, -0.0, 0.0, 0.0, 0.0, 1.0],
                [0.975222, 0.012518, 0.220875, 0.0, -0.006752, 0.999617, -0.02684, 0.4, -0.221127, 0.024684, 0.974933, -0.0, 0.0, 0.0, 0.0, 1.0],
                [0.976597, 0.050365, 0.209096, -0.0, -0.004497, 0.976765, -0.214267, 0.4, -0.215029, 0.208312, 0.954132, -0.0, 0.0, 0.0, 0.0, 1.0],
                [0.975224, 0.01278, 0.22085, 0.0, -0.007027, 0.999616, -0.026818, 0.4, -0.221108, 0.024602, 0.974939, -0.0, 0.0, 0.0, 0.0, 1.0],
                [0.973848, 0.050416, 0.221534, -0.0, -0.001813, 0.976762, -0.214318, 0.4, -0.227191, 0.208311, 0.95131, -0.0, 0.0, 0.0, 0.0, 1.0],
                [0.975263, 0.012226, 0.22071, 0.0, -0.006482, 0.999622, -0.026729, 0.4, -0.220954, 0.024637, 0.974973, -0.0, 0.0, 0.0, 0.0, 1.0],
                [0.974781, 0.049631, 0.217575, 0.0, -0.003689, 0.978407, -0.206656, 0.4, -0.223133, 0.200642, 0.953915, -0.0, 0.0, 0.0, 0.0, 1.0]
            ]
        },
        {
            "name": "Shoulder_R",
            "time": [0.0, 0.1333, 0.3167, 0.4667, 0.65, 0.8, 0.9833, 1.2667],
            "transform": [
                [0.18116, 0.941648, 0.283688, 0.0, 0.292456, -0.326994, 0.898635, 0.4, 0.938963, -0.07983, -0.334629, 0.0, 0.0, 0.0, 0.0, 1.0],
                [0.18116, 0.941648, 0.283688, -0.0, 0.292456, -0.326994, 0.898635, 0.4, 0.938962, -0.07983, -0.334629, -0.0, 0.0, 0.0, 0.0, 1.0],
                [0.18116, 0.941648, 0.283688, 0.0, 0.292456, -0.326994, 0.898635, 0.4, 0.938962, -0.07983, -0.334629, -0.0, 0.0, 0.0, 0.0, 1.0],
                [0.18116, 0.941648, 0.283688, -0.0, 0.292456, -0.326994, 0.898635, 0.4, 0.938962, -0.07983, -0.334629, -0.0, 0.0, 0.0, 0.0, 1.0],
                [0.18116, 0.941648, 0.283688, 0.0, 0.292456, -0.326994, 0.898635, 0.4, 0.938962, -0.07983, -0.334629, -0.0, 0.0, 0.0, 0.0, 1.0],
                [0.18116, 0.941648, 0.283688, -0.0, 0.292456, -0.326994, 0.898635, 0.4, 0.938962, -0.07983, -0.334629, -0.0, 0.0, 0.0, 0.0, 1.0],
                [0.18116, 0.941648, 0.283688, 0.0, 0.292456, -0.326994, 0.898635, 0.4, 0.938962, -0.07983, -0.334629, -0.0, 0.0, 0.0, 0.0, 1.0],
                [0.18116, 0.941648, 0.283688, 0.0, 0.292456, -0.326994, 0.898635, 0.4, 0.938962, -0.07983, -0.334629, -0.0, 0.0, 0.0, 0.0, 1.0]
            ]
        },
        {
            "name": "Arm_R",
            "time": [0.0, 0.1333, 0.3167, 0.4667, 0.65, 0.8, 0.9833, 1.2667],
            "transform": [
                [0.264867, -0.286445, -0.920758, 0.0, 0.915361, 0.374973, 0.146661, 0.393861, 0.303249, -0.881672, 0.361518, -0.0, 0.0, 0.0, 0.0, 1.0],
                [0.264867, -0.286445, -0.920758, -0.0, 0.915361, 0.374973, 0.146661, 0.393861, 0.303249, -0.881672, 0.361518, 0.0, 0.0, 0.0, 0.0, 1.0],
                [0.264867, -0.286445, -0.920758, 0.0, 0.915361, 0.374973, 0.146661, 0.393861, 0.303249, -0.881672, 0.361518, 0.0, 0.0, 0.0, 0.0, 1.0],
                [0.264867, -0.286445, -0.920758, -0.0, 0.915361, 0.374973, 0.146661, 0.393861, 0.303249, -0.881672, 0.361518, 0.0, 0.0, 0.0, 0.0, 1.0],
                [0.264867, -0.286445, -0.920758, 0.0, 0.915361, 0.374973, 0.146661, 0.393861, 0.303249, -0.881672, 0.361518, 0.0, 0.0, 0.0, 0.0, 1.0],
                [0.264867, -0.286445, -0.920758, -0.0, 0.915361, 0.374973, 0.146661, 0.393861, 0.303249, -0.881672, 0.361518, 0.0, 0.0, 0.0, 0.0, 1.0],
                [0.264867, -0.286445, -0.920758, 0.0, 0.915361, 0.374973, 0.146661, 0.393861, 0.303249, -0.881672, 0.361518, 0.0, 0.0, 0.0, 0.0, 1.0],
                [0.264867, -0.286445, -0.920758, 0.0, 0.915361, 0.374973, 0.146661, 0.39386, 0.303249, -0.881672, 0.361518, -0.0, 0.0, 0.0, 0.0, 1.0]
            ]
        },
        {
            "name": "Hand_R",
            "time": [0.0, 0.1333, 0.3167, 0.4667, 0.65, 0.8, 0.9833, 1.2667],
            "transform": [
                [1.0, 0.0, 0.0, -0.0, -0.0, 0.999915, 0.013084, 0.3, -0.0, -0.013084, 0.999914, -0.0, 0.0, 0.0, 0.0, 1.0],
                [1.0, 0.0, 0.0, -0.0, -0.0, 0.999915, 0.013084, 0.3, -0.0, -0.013084, 0.999914, 0.0, 0.0, 0.0, 0.0, 1.0],
                [1.0, 0.0, 0.0, 0.0, -0.0, 0.999914, 0.013084, 0.3, -0.0, -0.013084, 0.999914, -0.0, 0.0, 0.0, 0.0, 1.0],
                [1.0, 0.0, 0.0, -0.0, -0.0, 0.999915, 0.013084, 0.3, -0.0, -0.013084, 0.999914, 0.0, 0.0, 0.0, 0.0, 1.0],
                [1.0, 0.0, 0.0, 0.0, -0.0, 0.999914, 0.013084, 0.3, -0.0, -0.013084, 0.999914, -0.0, 0.0, 0.0, 0.0, 1.0],
                [1.0, 0.0, 0.0, -0.0, -0.0, 0.999915, 0.013084, 0.3, -0.0, -0.013084, 0.999914, 0.0, 0.0, 0.0, 0.0, 1.0],
                [1.0, 0.0, 0.0, 0.0, -0.0, 0.999914, 0.013084, 0.3, -0.0, -0.013084, 0.999914, -0.0, 0.0, 0.0, 0.0, 1.0],
                [1.0, 0.0, 0.0, -0.0, -0.0, 0.999914, 0.013084, 0.3, -0.0, -0.013084, 0.999914, -0.0, 0.0, 0.0, 0.0, 1.0]
            ]
        },
        {
            "name": "Tool_R",
            "time": [0.0, 0.1333, 0.3167, 0.4667, 0.65, 0.8, 0.9833, 1.2667],
            "transform": [
                [1.0, -0.0, 0.0, 0.0, -0.0, -0.999836, 0.018122, 0.272858, 0.0, -0.018122, -0.999241, 0.0, 0.0, 0.0, 0.0, 1.0],
                [1.0, -0.0, 0.0, 0.0, -0.0, -0.999836, 0.018122, 0.272858, 0.0, -0.018122, -0.999241, 0.0, 0.0, 0.0, 0.0, 1.0],
                [1.0, -0.0, 0.0, -0.0, -0.0, -0.999836, 0.018122, 0.272858, 0.0, -0.018122, -0.999241, -0.0, 0.0, 0.0, 0.0, 1.0],
                [1.0, -0.0, 0.0, 0.0, -0.0, -0.999836, 0.018122, 0.272858, 0.0, -0.018122, -0.999241, 0.0, 0.0, 0.0, 0.0, 1.0],
                [1.0, -0.0, 0.0, -0.0, -0.0, -0.999836, 0.018122, 0.272858, 0.0, -0.018122, -0.999241, -0.0, 0.0, 0.0, 0.0, 1.0],
                [1.0, -0.0, 0.0, 0.0, -0.0, -0.999836, 0.018122, 0.272858, 0.0, -0.018122, -0.999241, 0.0, 0.0, 0.0, 0.0, 1.0],
                [1.0, -0.0, 0.0, -0.0, -0.0, -0.999836, 0.018122, 0.272858, 0.0, -0.018122, -0.999241, -0.0, 0.0, 0.0, 0.0, 1.0],
                [1.0, -0.0, 0.0, -0.0, -0.0, -0.999836, 0.018122, 0.272858, 0.0, -0.018122, -0.999241, 0.0, 0.0, 0.0, 0.0, 1.0]
            ]
        },
        {
            "name": "Elbow_R",
            "time": [0.0, 0.1333, 0.3167, 0.4667, 0.65, 0.8, 0.9833, 1.2667],
            "transform": [
                [-1.0, 0.0, -0.0, 0.0, 0.0, -0.0, -1.0, 0.318196, -0.0, -1.0, 0.0, -0.0, 0.0, 0.0, 0.0, 1.0],
                [-1.0, 0.0, -0.0, 0.0, 0.0, -0.0, -1.0, 0.318196, -0.0, -1.0, 0.0, -0.0, 0.0, 0.0, 0.0, 1.0],
                [-1.0, 0.0, -0.0, 0.0, 0.0, -0.0, -1.0, 0.318196, -0.0, -1.0, 0.0, -0.0, 0.0, 0.0, 0.0, 1.0],
                [-1.0, 0.0, -0.0, 0.0, 0.0, -0.0, -1.0, 0.318196, -0.0, -1.0, 0.0, -0.0, 0.0, 0.0, 0.0, 1.0],
                [-1.0, 0.0, -0.0, 0.0, 0.0, -0.0, -1.0, 0.318196, -0.0, -1.0, 0.0, -0.0, 0.0, 0.0, 0.0, 1.0],
                [-1.0, 0.0, -0.0, 0.0, 0.0, -0.0, -1.0, 0.318196, -0.0, -1.0, 0.0, -0.0, 0.0, 0.0, 0.0, 1.0],
                [-1.0, 0.0, -0.0, 0.0, 0.0, -0.0, -1.0, 0.318196, -0.0, -1.0, 0.0, -0.0, 0.0, 0.0, 0.0, 1.0],
                [-1.0, 0.0, -0.0, 0.0, 0.0, -0.0, -1.0, 0.318196, -0.0, -1.0, 0.0, -0.0, 0.0, 0.0, 0.0, 1.0]
            ]
        },
        {
            "name": "Shoulder_L",
            "time": [0.0, 0.1333, 0.3167, 0.4667, 0.65, 0.8, 0.9833, 1.2667],
            "transform": [
                [0.101653, -0.993164, -0.05738, 0.0, -0.198279, -0.076748, 0.977136, 0.4, -0.97486, -0.087951, -0.204725, 0.0, 0.0, 0.0, 0.0, 1.0],
                [0.070707, -0.995152, -0.068354, -0.0, -0.193896, -0.080931, 0.977678, 0.4, -0.978471, -0.055875, -0.198678, -0.0, 0.0, 0.0, 0.0, 1.0],
                [0.09099, -0.994088, -0.059248, 0.0, -0.198097, -0.076374, 0.977202, 0.4, -0.97595, -0.077179, -0.203875, -0.0, 0.0, 0.0, 0.0, 1.0],
                [0.079264, -0.994774, -0.064349, -0.0, -0.1945, -0.078745, 0.977737, 0.4, -0.977695, -0.064984, -0.199726, -0.0, 0.0, 0.0, 0.0, 1.0],
                [0.090956, -0.994106, -0.058987, 0.0, -0.198201, -0.076119, 0.977201, 0.4, -0.975932, -0.077191, -0.203957, -0.0, 0.0, 0.0, 0.0, 1.0],
                [0.067573, -0.995299, -0.069379, -0.0, -0.193681, -0.081301, 0.97769, 0.4, -0.978735, -0.052628, -0.198264, -0.0, 0.0, 0.0, 0.0, 1.0],
                [0.09122, -0.994052, -0.059494, 0.0, -0.19812, -0.076664, 0.977175, 0.4, -0.975924, -0.077351, -0.203934, -0.0, 0.0, 0.0, 0.0, 1.0],
                [0.07161, -0.995079, -0.068479, 0.0, -0.201563, -0.081676, 0.976064, 0.4, -0.976854, -0.056093, -0.20642, -0.0, 0.0, 0.0, 0.0, 1.0]
            ]
        },
        {
            "name": "Arm_L",
            "time": [0.0, 0.1333, 0.3167, 0.4667, 0.65, 0.8, 0.9833, 1.2667],
            "transform": [
                [0.196217, 0.942581, 0.270262, -0.0, -0.172491, 0.304502, -0.936763, 0.39386, -0.96527, 0.137191, 0.222335, 0.0, 0.0, 0.0, 0.0, 1.0],
                [0.240637, 0.968347, 0.066317, 0.0, -0.189452, 0.11387, -0.975265, 0.39386, -0.951947, 0.222122, 0.210856, -0.0, 0.0, 0.0, 0.0, 1.0],
                [0.202415, 0.962978, 0.178053, 0.0, -0.174745, 0.214415, -0.960984, 0.39386, -0.963583, 0.163404, 0.211676, -0.0, 0.0, 0.0, 0.0, 1.0],
                [0.240637, 0.969929, -0.036503, 0.0, -0.189452, 0.010052, -0.981839, 0.39386, -0.951947, 0.243183, 0.186173, 0.0, 0.0, 0.0, 0.0, 1.0],
                [0.202416, 0.970764, 0.129017, 0.0, -0.174745, 0.165434, -0.970616, 0.39386, -0.963584, 0.173923, 0.203122, 0.0, 0.0, 0.0, 0.0, 1.0],
                [0.240637, 0.96506, -0.103699, -0.0, -0.189452, -0.058083, -0.980171, 0.39386, -0.951947, 0.255512, 0.168855, -0.0, 0.0, 0.0, 0.0, 1.0],
                [0.202416, 0.979181, 0.015299, -0.0, -0.174745, 0.051486, -0.983267, 0.39386, -0.963583, 0.196355, 0.181528, -0.0, 0.0, 0.0, 0.0, 1.0],
                [0.240638, 0.969904, 0.037144, 0.0, -0.189452, 0.084468, -0.97825, 0.39386, -0.951947, 0.228367, 0.204076, -0.0, 0.0, 0.0, 0.0, 1.0]
            ]
        },
        {
            "name": "Hand_L",
            "time": [0.0, 0.1333, 0.3167, 0.4667, 0.65, 0.8, 0.9833, 1.2667],
            "transform": [
                [1.0, 0.0, 0.0, 0.0, -0.0, 0.542204, -0.840247, 0.3, -0.0, 0.840247, 0.542204, 0.0, 0.0, 0.0, 0.0, 1.0],
                [1.0, 0.0, -0.0, -0.0, -0.0, 0.542204, -0.840247, 0.3, -0.0, 0.840247, 0.542204, -0.0, 0.0, 0.0, 0.0, 1.0],
                [1.0, 0.0, -0.0, -0.0, -0.0, 0.542204, -0.840247, 0.3, -0.0, 0.840247, 0.542204, 0.0, 0.0, 0.0, 0.0, 1.0],
                [1.0, 0.0, -0.0, 0.0, -0.0, 0.542204, -0.840247, 0.3, -0.0, 0.840247, 0.542204, 0.0, 0.0, 0.0, 0.0, 1.0],
                [1.0, 0.0, 0.0, 0.0, -0.0, 0.542204, -0.840247, 0.3, -0.0, 0.840247, 0.542204, 0.0, 0.0, 0.0, 0.0, 1.0],
                [1.0, 0.0, -0.0, 0.0, -0.0, 0.542204, -0.840247, 0.3, -0.0, 0.840247, 0.542204, 0.0, 0.0, 0.0, 0.0, 1.0],
                [1.0, 0.0, 0.0, -0.0, -0.0, 0.542204, -0.840247, 0.3, -0.0, 0.840247, 0.542204, -0.0, 0.0, 0.0, 0.0, 1.0],
                [1.0, 0.0, 0.0, -0.0, -0.0, 0.542204, -0.840247, 0.3, -0.0, 0.840247, 0.542204, -0.0, 0.0, 0.0, 0.0, 1.0]
            ]
        },
        {
            "name": "Tool_L",
            "time": [0.0, 0.1333, 0.3167, 0.4667, 0.65, 0.8, 0.9833, 1.2667],
            "transform": [
                [1.0, 0.0, 0.0, 0.0, 0.0, -0.999836, 0.018122, 0.272858, 0.0, -0.018122, -0.999243, -0.0, 0.0, 0.0, 0.0, 1.0],
                [1.0, 0.0, 0.0, 0.0, 0.0, -0.999836, 0.018122, 0.272858, 0.0, -0.018122, -0.999243, 0.0, 0.0, 0.0, 0.0, 1.0],
                [1.0, 0.0, 0.0, 0.0, 0.0, -0.999836, 0.018122, 0.272858, 0.0, -0.018122, -0.999243, 0.0, 0.0, 0.0, 0.0, 1.0],
                [1.0, 0.0, 0.0, -0.0, -0.0, -0.999836, 0.018122, 0.272858, 0.0, -0.018122, -0.999243, -0.0, 0.0, 0.0, 0.0, 1.0],
                [1.0, 0.0, 0.0, -0.0, 0.0, -0.999836, 0.018122, 0.272858, 0.0, -0.018122, -0.999243, -0.0, 0.0, 0.0, 0.0, 1.0],
                [1.0, 0.0, 0.0, 0.0, 0.0, -0.999835, 0.018122, 0.272858, 0.0, -0.018122, -0.999243, -0.0, 0.0, 0.0, 0.0, 1.0],
                [1.0, 0.0, 0.0, 0.0, 0.0, -0.999836, 0.018122, 0.272858, 0.0, -0.018122, -0.999243, 0.0, 0.0, 0.0, 0.0, 1.0],
                [1.0, 0.0, 0.0, 0.0, 0.0, -0.999836, 0.018122, 0.272858, 0.0, -0.018122, -0.999243, -0.0, 0.0, 0.0, 0.0, 1.0]
            ]
        },
        {
            "name": "Elbow_L",
            "time": [0.0, 0.1333, 0.3167, 0.4667, 0.65, 0.8, 0.9833, 1.2667],
            "transform": [
                [-1.0, 0.0, -0.0, 0.0, 0.0, -0.0, -1.0, 0.403823, -0.0, -1.0, -0.0, 0.0, 0.0, 0.0, 0.0, 1.0],
                [-1.0, 0.0, -0.0, -0.0, 0.0, -0.0, -1.0, 0.403823, -0.0, -1.0, -0.0, -0.0, 0.0, 0.0, 0.0, 1.0],
                [-1.0, 0.0, -0.0, -0.0, 0.0, -0.0, -1.0, 0.403823, -0.0, -1.0, -0.0, 0.0, 0.0, 0.0, 0.0, 1.0],
                [-1.0, 0.0, -0.0, -0.0, 0.0, -0.0, -1.0, 0.403823, -0.0, -1.0, -0.0, 0.0, 0.0, 0.0, 0.0, 1.0],
                [-1.0, 0.0, -0.0, 0.0, 0.0, -0.0, -1.0, 0.403823, -0.0, -1.0, -0.0, 0.0, 0.0, 0.0, 0.0, 1.0],
                [-1.0, 0.0, -0.0, 0.0, 0.0, -0.0, -1.0, 0.403823, -0.0, -1.0, -0.0, 0.0, 0.0, 0.0, 0.0, 1.0],
                [-1.0, 0.0, -0.0, -0.0, 0.0, -0.0, -1.0, 0.403823, -0.0, -1.0, -0.0, 0.0, 0.0, 0.0, 0.0, 1.0],
                [-1.0, 0.0, -0.0, -0.0, 0.0, -0.0, -1.0, 0.403823, -0.0, -1.0, -0.0, -0.0, 0.0, 0.0, 0.0, 1.0]
            ]
        }
    ]
}