{
    "animation": [
        {
            "name": "Root",
            "time": [0.0, 0.6833, 8.3333],
            "transform": [
                [0.99997, 0.007035, 0.003275, -5e-06, -0.002127, 0.654342, -0.756195, 0.000946, -0.007462, 0.756166, 0.654338, 0.763972, 0.0, 0.0, 0.0, 1.0],
                [0.999996, 0.002331, 0.00126, -5e-06, -0.000877, 0.739858, -0.672763, 0.000946, -0.0025, 0.672759, 0.739857, 0.763972, 0.0, 0.0, 0.0, 1.0],
                [1.0, 0.0, 0.0, -5e-06, 0.0, 0.888677, -0.458533, 0.000946, 0.0, 0.458533, 0.888677, 0.763972, 0.0, 0.0, 0.0, 1.0]
            ]
        },
        {
            "name": "Thigh_R",
            "time": [0.0, 0.6833, 8.3333],
            "transform": [
                [0.790204, 0.508183, 0.342528, 0.124994, -0.271922, -0.210143, 0.939094, -0.002831, 0.549213, -0.835215, -0.02787, -1.2e-05, 0.0, 0.0, 0.0, 1.0],
                [0.743389, 0.509132, 0.43377, 0.124994, -0.180329, -0.471944, 0.862988, -0.002831, 0.644092, -0.719755, -0.259028, -1.2e-05, 0.0, 0.0, 0.0, 1.0],
                [0.721598, 0.4982, 0.48072, 0.124994, -0.122493, -0.591535, 0.796919, -0.002831, 0.68139, -0.633938, -0.365826, -1.1e-05, 0.0, 0.0, 0.0, 1.0]
            ]
        },
        {
            "name": "Leg_R",
            "time": [0.0, 0.6833, 8.3333],
            "transform": [
                [1.0, -1e-06, 1e-06, -0.0, -0.0, 0.57594, 0.817494, 0.37472, -1e-06, -0.817491, 0.575942, 0.0, 0.0, 0.0, 0.0, 1.0],
                [1.0, -0.0, 1e-06, 0.0, -0.0, 0.848097, 0.529841, 0.37472, -1e-06, -0.529839, 0.8481, 0.0, 0.0, 0.0, 0.0, 1.0],
                [1.0, 0.0, 1e-06, -0.0, -1e-06, 0.935658, 0.352907, 0.37472, -1e-06, -0.352906, 0.935661, -0.0, 0.0, 0.0, 0.0, 1.0]
            ]
        },
        {
            "name": "Knee_R",
            "time": [0.0, 0.6833, 8.3333],
            "transform": [
                [1.0, 0.0, -0.0, -0.0, -0.0, 1e-06, -1.0, 0.42461, -0.0, 1.0, 1e-06, -0.0, 0.0, 0.0, 0.0, 1.0],
                [1.0, 0.0, -0.0, 0.0, -0.0, 1e-06, -1.0, 0.388816, -0.0, 1.0, 1e-06, -0.0, 0.0, 0.0, 0.0, 1.0],
                [1.0, 0.0, -0.0, 0.0, -0.0, 1e-06, -1.0, 0.37472, -0.0, 1.0, 1e-06, -0.0, 0.0, 0.0, 0.0, 1.0]
            ]
        },
        {
            "name": "Thigh_L",
            "time": [0.0, 0.6833, 8.3333],
            "transform": [
                [0.985747, -0.168181, 0.004155, -0.125006, 0.063622, 0.395537, 0.916243, -0.002831, -0.155739, -0.902919, 0.4006, -1.2e-05, 0.0, 0.0, 0.0, 1.0],
                [0.981197, -0.178019, 0.074563, -0.125006, 0.006221, 0.415296, 0.909665, -0.002831, -0.192904, -0.892096, 0.408595, -1.2e-05, 0.0, 0.0, 0.0, 1.0],
                [0.976937, -0.182472, 0.110893, -0.125006, -0.023168, 0.425689, 0.904573, -0.002831, -0.212265, -0.886279, 0.411644, -1.1e-05, 0.0, 0.0, 0.0, 1.0]
            ]
        },
        {
            "name": "Leg_L",
            "time": [0.0, 0.6833, 8.3333],
            "transform": [
                [1.0, -1e-06, 0.0, 0.0, 0.0, 0.615139, 0.788418, 0.37472, -1e-06, -0.78842, 0.615137, 0.0, 0.0, 0.0, 0.0, 1.0],
                [1.0, -0.0, 0.0, -0.0, 0.0, 0.906197, 0.422857, 0.37472, -0.0, -0.422858, 0.906195, -0.0, 0.0, 0.0, 0.0, 1.0],
                [1.0, -0.0, 0.0, 0.0, 0.0, 0.976913, 0.213641, 0.37472, -0.0, -0.213641, 0.976911, 0.0, 0.0, 0.0, 0.0, 1.0]
            ]
        },
        {
            "name": "Knee_L",
            "time": [0.0, 0.6833, 8.3333],
            "transform": [
                [1.0, 0.0, -0.0, 0.0, -0.0, 1e-06, -1.0, 0.420227, -0.0, 1.0, 1e-06, -0.0, 0.0, 0.0, 0.0, 1.0],
                [1.0, 0.0, -0.0, -0.0, -0.0, 1e-06, -1.0, 0.377878, -0.0, 1.0, 1e-06, -0.0, 0.0, 0.0, 0.0, 1.0],
                [1.0, 0.0, -0.0, 0.0, -0.0, 1e-06, -1.0, 0.37472, -0.0, 1.0, 0.0, 0.0, 0.0, 0.0, 0.0, 1.0]
            ]
        },
        {
            "name": "Torso",
            "time": [0.0, 0.6833, 8.3333],
            "transform": [
                [1.0, 0.0, 0.0, 0.0, 0.0, 0.953436, -0.301594, 0.05, -0.0, 0.301594, 0.953436, 0.0, 0.0, 0.0, 0.0, 1.0],
                [1.0, -0.0, -0.0, -0.0, 0.0, 0.847465, -0.530851, 0.05, 0.0, 0.530851, 0.847465, -0.0, 0.0, 0.0, 0.0, 1.0],
                [1.0, 0.0, 0.0, 0.0, 0.0, 0.772131, -0.635464, 0.05, 0.0, 0.635464, 0.772131, -0.0, 0.0, 0.0, 0.0, 1.0]
            ]
        },
        {
            "name": "Chest",
            "time": [0.0, 0.6833, 8.3333],
            "transform": [
                [1.0, 0.0, 0.0, -0.0, 0.0, 0.906508, 0.422188, 0.3, 0.0, -0.422188, 0.906508, -0.0, 0.0, 0.0, 0.0, 1.0],
                [1.0, -0.0, -0.0, -0.0, -0.0, 0.890465, 0.455052, 0.3, 0.0, -0.455052, 0.890465, 0.0, 0.0, 0.0, 0.0, 1.0],
                [1.0, 0.0, 0.0, 0.0, 0.0, 0.881667, 0.471871, 0.3, 0.0, -0.471871, 0.881668, -0.0, 0.0, 0.0, 0.0, 1.0]
            ]
        },
        {
            "name": "Head",
            "time": [0.0, 0.6833, 8.3333],
            "transform": [
                [1.0, -0.0, 0.0, 0.0, -0.0, 0.994086, 0.108592, 0.4, -0.0, -0.108592, 0.994086, 0.0, 0.0, 0.0, 0.0, 1.0],
                [1.0, -0.0, -0.0, -0.0, -0.0, 0.994086, 0.108592, 0.4, 0.0, -0.108592, 0.994086, 0.0, 0.0, 0.0, 0.0, 1.0],
                [1.0, 0.0, 0.0, 0.0, 0.0, 0.994087, 0.108592, 0.4, 0.0, -0.108592, 0.994087, 0.0, 0.0, 0.0, 0.0, 1.0]
            ]
        },
        {
            "name": "Shoulder_R",
            "time": [0.0, 0.6833, 8.3333],
            "transform": [
                [-0.541601, 0.821628, 0.177752, 0.0, 0.045034, -0.182787, 0.98212, 0.4, 0.839428, 0.539922, 0.061997, 0.0, 0.0, 0.0, 0.0, 1.0],
                [-0.541601, 0.821628, 0.177752, -0.0, 0.045034, -0.182787, 0.982121, 0.4, 0.839428, 0.539923, 0.061997, 0.0, 0.0, 0.0, 0.0, 1.0],
                [-0.541601, 0.821628, 0.177752, 0.0, 0.045034, -0.182787, 0.98212, 0.4, 0.839428, 0.539923, 0.061997, 0.0, 0.0, 0.0, 0.0, 1.0]
            ]
        },
        {
            "name": "Arm_R",
            "time": [0.0, 0.6833, 8.3333],
            "transform": [
                [0.444299, 0.251105, -0.859967, 0.0, 0.768824, 0.385901, 0.509891, 0.39386, 0.459899, -0.887708, -0.0216, 0.0, 0.0, 0.0, 0.0, 1.0],
                [0.477222, 0.250482, -0.842329, 0.0, 0.768589, 0.345753, 0.538261, 0.39386, 0.426062, -0.904275, -0.027516, 0.0, 0.0, 0.0, 0.0, 1.0],
                [0.129117, 0.247471, -0.960253, 0.0, 0.07952, 0.962657, 0.258783, 0.39386, 0.988436, -0.109772, 0.104616, 0.0, 0.0, 0.0, 0.0, 1.0]
            ]
        },
        {
            "name": "Hand_R",
            "time": [0.0, 0.6833, 8.3333],
            "transform": [
                [1.0, 0.0, 0.0, 0.0, -0.0, 0.702969, -0.71122, 0.3, -0.0, 0.71122, 0.702969, -0.0, 0.0, 0.0, 0.0, 1.0],
                [1.0, 0.0, 0.0, -0.0, -0.0, 0.702969, -0.71122, 0.3, -0.0, 0.71122, 0.702969, -0.0, 0.0, 0.0, 0.0, 1.0],
                [1.0, 0.0, 0.0, 0.0, 0.0, 0.702969, -0.71122, 0.3, -0.0, 0.71122, 0.702969, -0.0, 0.0, 0.0, 0.0, 1.0]
            ]
        },
        {
            "name": "Tool_R",
            "time": [0.0, 0.6833, 8.3333],
            "transform": [
                [0.998328, 0.01252, -0.056436, -0.0, 0.013507, -0.999762, 0.017131, 0.272858, -0.056175, -0.017865, -0.997668, -0.0, 0.0, 0.0, 0.0, 1.0],
                [0.999624, 0.005934, -0.026767, -0.0, 0.00641, -0.999822, 0.017748, 0.272858, -0.026641, -0.017913, -0.998892, 0.0, 0.0, 0.0, 0.0, 1.0],
                [0.999932, 0.002528, -0.011408, -0.0, 0.002733, -0.999835, 0.017984, 0.272858, -0.011354, -0.018014, -0.999181, 0.0, 0.0, 0.0, 0.0, 1.0]
            ]
        },
        {
            "name": "Elbow_R",
            "time": [0.0, 0.6833, 8.3333],
            "transform": [
                [-1.0, 0.0, -0.0, -0.0, 0.0, -0.0, -1.0, 0.384471, -0.0, -1.0, 0.0, 0.0, 0.0, 0.0, 0.0, 1.0],
                [-1.0, 0.0, 0.0, 0.0, -0.0, -0.0, -1.0, 0.384471, -0.0, -1.0, 0.0, -0.0, 0.0, 0.0, 0.0, 1.0],
                [-1.0, 0.0, -0.0, 0.0, 0.0, -0.0, -1.0, 0.384471, -0.0, -1.0, 0.0, -0.0, 0.0, 0.0, 0.0, 1.0]
            ]
        },
        {
            "name": "Shoulder_L",
            "time": [0.0, 0.6833, 8.3333],
            "transform": [
                [-0.100426, -0.946685, -0.306106, 0.0, -7.5e-05, -0.307654, 0.951498, 0.4, -0.994944, 0.095578, 0.030825, 0.0, 0.0, 0.0, 0.0, 1.0],
                [-0.060128, -0.950023, -0.306333, -0.0, -2.1e-05, -0.306887, 0.951746, 0.4, -0.998191, 0.057233, 0.018433, 0.0, 0.0, 0.0, 0.0, 1.0],
                [-0.184617, -0.953125, -0.239728, 0.0, 0.00218, -0.244318, 0.969693, 0.4, -0.982808, 0.178499, 0.047183, 0.0, 0.0, 0.0, 0.0, 1.0]
            ]
        },
        {
            "name": "Arm_L",
            "time": [0.0, 0.6833, 8.3333],
            "transform": [
                [-0.509522, -0.2403, 0.826222, 0.0, -0.337408, 0.939108, 0.065056, 0.39386, -0.791545, -0.245626, -0.559575, -0.0, 0.0, 0.0, 0.0, 1.0],
                [-0.52156, 0.338983, 0.782985, -0.0, -0.035442, 0.908289, -0.41684, 0.39386, -0.852478, -0.245157, -0.461713, 0.0, 0.0, 0.0, 0.0, 1.0],
                [-0.335452, -0.584631, 0.738701, -0.0, -0.31796, 0.808385, 0.495393, 0.39386, -0.886777, -0.068697, -0.457064, 0.0, 0.0, 0.0, 0.0, 1.0]
            ]
        },
        {
            "name": "Hand_L",
            "time": [0.0, 0.6833, 8.3333],
            "transform": [
                [1.0, 0.0, 0.0, -0.0, 0.0, 0.995634, -0.093343, 0.3, -0.0, 0.093343, 0.995634, -0.0, 0.0, 0.0, 0.0, 1.0],
                [1.0, 0.0, 0.0, 0.0, 0.0, 0.999438, 0.033514, 0.3, -0.0, -0.033514, 0.999438, 0.0, 0.0, 0.0, 0.0, 1.0],
                [1.0, 0.0, 0.0, 0.0, 0.0, 0.922835, -0.385197, 0.3, -0.0, 0.385197, 0.922835, -0.0, 0.0, 0.0, 0.0, 1.0]
            ]
        },
        {
            "name": "Tool_L",
            "time": [0.0, 0.6833, 8.3333],
            "transform": [
                [1.0, -0.0, 0.0, -0.0, -0.0, -0.999835, 0.018122, 0.272858, 0.0, -0.018122, -0.999247, -0.0, 0.0, 0.0, 0.0, 1.0],
                [1.0, 0.0, 0.0, 0.0, 0.0, -0.999836, 0.018122, 0.272858, 0.0, -0.018122, -0.999248, -0.0, 0.0, 0.0, 0.0, 1.0],
                [1.0, 0.0, 0.0, -0.0, 0.0, -0.999836, 0.018122, 0.272858, 0.0, -0.018122, -0.999248, 0.0, 0.0, 0.0, 0.0, 1.0]
            ]
        },
        {
            "name": "Elbow_L",
            "time": [0.0, 0.6833, 8.3333],
            "transform": [
                [-1.0, 0.0, -0.0, 0.0, 0.0, -0.0, -1.0, 0.319084, -0.0, -1.0, -0.0, 0.0, 0.0, 0.0, 0.0, 1.0],
                [-1.0, 0.0, -0.0, -0.0, -0.0, -0.0, -1.0, 0.307183, -0.0, -1.0, 0.0, 0.0, 0.0, 0.0, 0.0, 1.0],
                [-1.0, 0.0, 0.0, 0.0, -0.0, 0.0, -1.0, 0.347379, -0.0, -1.0, -0.0, -0.0, 0.0, 0.0, 0.0, 1.0]
            ]
        }
    ]
}