{
    "animation": [
        {
            "name": "Root",
            "time": [0.0, 8.3333],
            "transform": [
                [1.0, 0.0, 0.0, -5e-06, 0.0, 0.0, -1.0, 0.000946, 0.0, 1.0, 0.0, 0.763972, 0.0, 0.0, 0.0, 1.0],
                [1.0, 0.0, 0.0, -5e-06, 0.0, 0.226704, -0.973964, 0.000946, 0.0, 0.973964, 0.226704, 0.763972, 0.0, 0.0, 0.0, 1.0]
            ]
        },
        {
            "name": "Thigh_R",
            "time": [0.0, 8.3333],
            "transform": [
                [0.996088, 0.08805, 0.007469, 0.124994, 0.088366, -0.992523, -0.084197, -0.002831, -0.0, 0.084528, -0.996421, -1.2e-05, 0.0, 0.0, 0.0, 1.0],
                [0.936508, 0.338957, 0.089777, 0.124994, 0.34695, -0.858681, -0.377216, -0.002831, -0.05077, 0.384414, -0.921763, -1.2e-05, 0.0, 0.0, 0.0, 1.0]
            ]
        },
        {
            "name": "Leg_R",
            "time": [0.0, 8.3333],
            "transform": [
                [0.999363, 0.010115, -0.034235, -0.0, 0.004203, 0.919006, 0.39422, 0.37472, 0.035449, -0.394113, 0.918378, 0.0, 0.0, 0.0, 0.0, 1.0],
                [1.0, 0.0, 0.0, 0.0, -0.0, 1.0, 4e-06, 0.37472, -0.0, -4e-06, 1.0, 0.0, 0.0, 0.0, 0.0, 1.0]
            ]
        },
        {
            "name": "Knee_R",
            "time": [0.0, 8.3333],
            "transform": [
                [1.0, 0.0, -0.0, 0.000102, -0.0, 1e-06, -1.0, 0.367835, -0.0, 1.0, 1e-06, 0.001145, 0.0, 0.0, 0.0, 1.0],
                [1.0, 0.0, -0.0, 0.000102, -0.0, 1e-06, -1.0, 0.367835, -0.0, 1.0, 1e-06, 0.001145, 0.0, 0.0, 0.0, 1.0]
            ]
        },
        {
            "name": "Thigh_L",
            "time": [0.0, 8.3333],
            "transform": [
                [0.999546, -0.029936, -0.003489, -0.125006, -0.030103, -0.997297, -0.067028, -0.002831, -0.001473, 0.067103, -0.997745, -1.2e-05, 0.0, 0.0, 0.0, 1.0],
                [0.949754, -0.300861, -0.086315, -0.125006, -0.311262, -0.878863, -0.361545, -0.002831, 0.032916, 0.370246, -0.92835, -1.2e-05, 0.0, 0.0, 0.0, 1.0]
            ]
        },
        {
            "name": "Leg_L",
            "time": [0.0, 8.3333],
            "transform": [
                [0.999926, -0.003823, 0.011562, 0.0, -0.001062, 0.918447, 0.395543, 0.37472, -0.012131, -0.395526, 0.918375, 0.0, 0.0, 0.0, 0.0, 1.0],
                [1.0, 0.0, 1e-06, 0.0, -0.0, 1.0, 4e-06, 0.37472, -1e-06, -4e-06, 1.0, -0.0, 0.0, 0.0, 0.0, 1.0]
            ]
        },
        {
            "name": "Knee_L",
            "time": [0.0, 8.3333],
            "transform": [
                [1.0, 0.0, -0.0, 0.000578, -0.0, 1e-06, -1.0, 0.375919, -0.0, 1.0, 1e-06, -0.000452, 0.0, 0.0, 0.0, 1.0],
                [1.0, 0.0, -0.0, 0.000578, -0.0, 1e-06, -1.0, 0.375919, -0.0, 1.0, 1e-06, -0.000452, 0.0, 0.0, 0.0, 1.0]
            ]
        },
        {
            "name": "Torso",
            "time": [0.0, 8.3333],
            "transform": [
                [1.0, 0.0, 0.0, 0.0, 0.0, 0.983499, 0.180912, 0.05, 0.0, -0.180912, 0.983499, 0.0, 0.0, 0.0, 0.0, 1.0],
                [1.0, 0.0, 0.0, 0.0, 0.0, 0.983499, 0.180912, 0.05, 0.0, -0.180912, 0.983499, -0.0, 0.0, 0.0, 0.0, 1.0]
            ]
        },
        {
            "name": "Chest",
            "time": [0.0, 8.3333],
            "transform": [
                [1.0, 0.0, 0.0, 0.0, 0.0, 0.990911, 0.134516, 0.3, 0.0, -0.134516, 0.990911, 0.0, 0.0, 0.0, 0.0, 1.0],
                [1.0, 0.0, 0.0, 0.0, 0.0, 0.990911, 0.134516, 0.3, 0.0, -0.134516, 0.990911, 0.0, 0.0, 0.0, 0.0, 1.0]
            ]
        },
        {
            "name": "Head",
            "time": [0.0, 8.3333],
            "transform": [
                [1.0, 0.0, 0.0, 0.0, 0.0, 1.0, 0.0, 0.4, 0.0, 0.0, 1.0, -0.0, 0.0, 0.0, 0.0, 1.0],
                [1.0, 0.0, 0.0, 0.0, 0.0, 1.0, 0.0, 0.4, 0.0, 0.0, 1.0, 0.0, 0.0, 0.0, 0.0, 1.0]
            ]
        },
        {
            "name": "Shoulder_R",
            "time": [0.0, 8.3333],
            "transform": [
                [0.0, 0.952114, 0.305743, 0.0, 0.0, -0.305743, 0.952114, 0.4, 1.0, 0.0, -0.0, -0.0, 0.0, 0.0, 0.0, 1.0],
                [0.0, 0.952114, 0.305743, 0.0, -0.0, -0.305743, 0.952114, 0.4, 1.0, -0.0, -0.0, 0.0, 0.0, 0.0, 0.0, 1.0]
            ]
        },
        {
            "name": "Arm_R",
            "time": [0.0, 8.3333],
            "transform": [
                [-0.47017, 0.583065, -0.662552, 0.0, 0.611081, 0.756718, 0.23229, 0.39386, 0.636805, -0.295657, -0.712086, -0.0, 0.0, 0.0, 0.0, 1.0],
                [-0.358323, 0.695782, -0.622489, -0.0, 0.282917, 0.716337, 0.637824, 0.393861, 0.889698, 0.052435, -0.453528, 0.0, 0.0, 0.0, 0.0, 1.0]
            ]
        },
        {
            "name": "Hand_R",
            "time": [0.0, 8.3333],
            "transform": [
                [1.0, -0.0, 0.0, 0.0, 0.0, 0.686318, -0.727302, 0.3, -0.0, 0.727302, 0.686318, 0.0, 0.0, 0.0, 0.0, 1.0],
                [1.0, -0.0, 0.0, 0.0, 0.0, 0.686318, -0.727302, 0.3, -0.0, 0.727302, 0.686318, -0.0, 0.0, 0.0, 0.0, 1.0]
            ]
        },
        {
            "name": "Tool_R",
            "time": [0.0, 8.3333],
            "transform": [
                [1.0, -0.0, 0.0, 0.0, 0.0, -0.999836, 0.018122, 0.272858, 0.0, -0.018122, -0.999244, 0.0, 0.0, 0.0, 0.0, 1.0],
                [1.0, 0.0, 0.0, -0.0, -0.0, -0.999836, 0.018122, 0.272858, 0.0, -0.018122, -0.999244, 0.0, 0.0, 0.0, 0.0, 1.0]
            ]
        },
        {
            "name": "Elbow_R",
            "time": [0.0, 8.3333],
            "transform": [
                [-1.0, 0.0, -0.0, 0.000479, 0.0, -0.0, -1.0, 0.386455, -0.0, -1.0, 0.0, 0.001126, 0.0, 0.0, 0.0, 1.0],
                [-1.0, 0.0, 0.0, 0.000479, -0.0, -0.0, -1.0, 0.386455, -0.0, -1.0, 0.0, 0.001126, 0.0, 0.0, 0.0, 1.0]
            ]
        },
        {
            "name": "Shoulder_L",
            "time": [0.0, 8.3333],
            "transform": [
                [-0.0, -0.952114, -0.305743, 0.0, 0.0, -0.305743, 0.952114, 0.4, -1.0, -0.0, 0.0, -0.0, 0.0, 0.0, 0.0, 1.0],
                [-0.0, -0.952114, -0.305743, 0.0, 0.0, -0.305743, 0.952114, 0.4, -1.0, 0.0, 0.0, 0.0, 0.0, 0.0, 0.0, 1.0]
            ]
        },
        {
            "name": "Arm_L",
            "time": [0.0, 8.3333],
            "transform": [
                [-0.154721, -0.501034, 0.851485, 0.0, -0.659326, 0.694223, 0.288693, 0.39386, -0.735765, -0.516739, -0.437755, 0.0, 0.0, 0.0, 0.0, 1.0],
                [-0.00082, -0.67145, 0.741049, 0.0, 0.058322, 0.739756, 0.670343, 0.39386, -0.998298, 0.043769, 0.038554, -0.0, 0.0, 0.0, 0.0, 1.0]
            ]
        },
        {
            "name": "Hand_L",
            "time": [0.0, 8.3333],
            "transform": [
                [1.0, -0.0, 0.0, -0.0, 0.0, 0.894433, -0.447202, 0.3, -0.0, 0.447202, 0.894433, 0.0, 0.0, 0.0, 0.0, 1.0],
                [1.0, -0.0, 0.0, -0.0, 0.0, 0.894433, -0.447202, 0.3, -0.0, 0.447202, 0.894433, -0.0, 0.0, 0.0, 0.0, 1.0]
            ]
        },
        {
            "name": "Tool_L",
            "time": [0.0, 8.3333],
            "transform": [
                [1.0, 0.0, 0.0, -0.0, -0.0, -0.999836, 0.018122, 0.272858, 0.0, -0.018122, -0.999247, -0.0, 0.0, 0.0, 0.0, 1.0],
                [1.0, 0.0, 0.0, 0.0, 0.0, -0.999836, 0.018122, 0.272858, 0.0, -0.018122, -0.999247, -0.0, 0.0, 0.0, 0.0, 1.0]
            ]
        },
        {
            "name": "Elbow_L",
            "time": [0.0, 8.3333],
            "transform": [
                [-1.0, 0.0, -0.0, -0.0014, 0.0, -0.0, -1.0, 0.359551, -0.0, -1.0, 0.0, 0.000693, 0.0, 0.0, 0.0, 1.0],
                [-1.0, 0.0, -0.0, -0.0014, 0.0, -0.0, -1.0, 0.359551, -0.0, -1.0, -0.0, 0.000693, 0.0, 0.0, 0.0, 1.0]
            ]
        }
    ]
}