{
    "animation": [
        {
            "name": "Root",
            "time": [0.0, 1.1667, 2.3333],
            "transform": [
                [1.0, 0.0, 0.0, -5e-06, 0.0, 0.0, -1.0, 0.000946, 0.0, 1.0, 0.0, 0.763972, 0.0, 0.0, 0.0, 1.0],
                [1.0, 0.0, 0.0, -5e-06, 0.0, 0.0, -1.0, 0.000946, 0.0, 1.0, 0.0, 0.663972, 0.0, 0.0, 0.0, 1.0],
                [1.0, 0.0, 0.0, -5e-06, 0.0, 0.0, -1.0, 0.000946, 0.0, 1.0, 0.0, 0.763972, 0.0, 0.0, 0.0, 1.0]
            ]
        },
        {
            "name": "Thigh_R",
            "time": [0.0, 1.1667, 2.3333],
            "transform": [
                [0.999796, 0.02021, -0.0, 0.124994, 0.020211, -0.999796, 1e-06, -0.002831, -0.0, -0.0, -1.0, -1.2e-05, 0.0, 0.0, 0.0, 1.0],
                [0.996195, 0.087155, -0.0, 0.124994, 0.087156, -0.996195, 1e-06, -0.002831, -0.0, -0.0, -1.0, -1.2e-05, 0.0, 0.0, 0.0, 1.0],
                [0.999796, 0.02021, -0.0, 0.124994, 0.020211, -0.999796, 1e-06, -0.002831, -0.0, -0.0, -1.0, -1.2e-05, 0.0, 0.0, 0.0, 1.0]
            ]
        },
        {
            "name": "Leg_R",
            "time": [0.0, 2.3333],
            "transform": [
                [1.0, 0.0, 1e-06, -0.0, -0.0, 1.0, 0.0, 0.37472, -1e-06, -0.0, 1.0, 0.0, 0.0, 0.0, 0.0, 1.0],
                [1.0, 0.0, 1e-06, -0.0, -0.0, 1.0, 0.0, 0.37472, -1e-06, -0.0, 1.0, 0.0, 0.0, 0.0, 0.0, 1.0]
            ]
        },
        {
            "name": "Knee_R",
            "time": [0.0, 2.3333],
            "transform": [
                [1.0, 0.0, -0.0, 0.0, -0.0, 1e-06, -1.0, 0.486932, -0.0, 1.0, 1e-06, -0.001311, 0.0, 0.0, 0.0, 1.0],
                [1.0, 0.0, -0.0, 0.0, -0.0, 1e-06, -1.0, 0.486932, -0.0, 1.0, 1e-06, -0.001311, 0.0, 0.0, 0.0, 1.0]
            ]
        },
        {
            "name": "Thigh_L",
            "time": [0.0, 1.1667, 2.3333],
            "transform": [
                [0.999489, -0.03197, -0.0, -0.125006, -0.031969, -0.999489, 1e-06, -0.002831, -0.0, -0.0, -1.0, -1.2e-05, 0.0, 0.0, 0.0, 1.0],
                [0.996195, -0.087156, -0.0, -0.125006, -0.087156, -0.996195, 1e-06, -0.002831, -0.0, -0.0, -1.0, -1.2e-05, 0.0, 0.0, 0.0, 1.0],
                [0.999489, -0.03197, -0.0, -0.125006, -0.031969, -0.999489, 1e-06, -0.002831, -0.0, -0.0, -1.0, -1.2e-05, 0.0, 0.0, 0.0, 1.0]
            ]
        },
        {
            "name": "Leg_L",
            "time": [0.0, 2.3333],
            "transform": [
                [1.0, 0.0, 1e-06, -0.0, -0.0, 1.0, 0.0, 0.37472, -1e-06, -0.0, 1.0, -0.0, 0.0, 0.0, 0.0, 1.0],
                [1.0, 0.0, 1e-06, -0.0, -0.0, 1.0, 0.0, 0.37472, -1e-06, -0.0, 1.0, 0.0, 0.0, 0.0, 0.0, 1.0]
            ]
        },
        {
            "name": "Knee_L",
            "time": [0.0, 2.3333],
            "transform": [
                [1.0, 0.0, -0.0, 0.0, -0.0, 1e-06, -1.0, 0.459884, -0.0, 1.0, 1e-06, -0.004006, 0.0, 0.0, 0.0, 1.0],
                [1.0, 0.0, -0.0, 0.0, -0.0, 1e-06, -1.0, 0.459884, -0.0, 1.0, 1e-06, -0.004006, 0.0, 0.0, 0.0, 1.0]
            ]
        },
        {
            "name": "Torso",
            "time": [0.0, 2.3333],
            "transform": [
                [1.0, 0.0, 0.0, 0.0, 0.0, 1.0, 0.0, 0.05, 0.0, 0.0, 1.0, 0.0, 0.0, 0.0, 0.0, 1.0],
                [1.0, 0.0, 0.0, 0.0, 0.0, 1.0, 0.0, 0.05, 0.0, 0.0, 1.0, 0.0, 0.0, 0.0, 0.0, 1.0]
            ]
        },
        {
            "name": "Chest",
            "time": [0.0, 2.3333],
            "transform": [
                [1.0, 0.0, 0.0, 0.0, 0.0, 1.0, 0.0, 0.3, 0.0, 0.0, 1.0, 0.0, 0.0, 0.0, 0.0, 1.0],
                [1.0, 0.0, 0.0, 0.0, 0.0, 1.0, 0.0, 0.3, 0.0, 0.0, 1.0, 0.0, 0.0, 0.0, 0.0, 1.0]
            ]
        },
        {
            "name": "Head",
            "time": [0.0, 2.3333],
            "transform": [
                [1.0, 0.0, 0.0, 0.0, 0.0, 1.0, 0.0, 0.4, 0.0, 0.0, 1.0, 0.0, 0.0, 0.0, 0.0, 1.0],
                [1.0, 0.0, 0.0, 0.0, 0.0, 1.0, 0.0, 0.4, 0.0, 0.0, 1.0, 0.0, 0.0, 0.0, 0.0, 1.0]
            ]
        },
        {
            "name": "Shoulder_R",
            "time": [0.0, 2.3333],
            "transform": [
                [0.0, 0.952114, 0.305743, 0.0, 0.0, -0.305743, 0.952114, 0.4, 1.0, 0.0, -0.0, 0.0, 0.0, 0.0, 0.0, 1.0],
                [0.0, 0.952114, 0.305743, 0.0, 0.0, -0.305743, 0.952114, 0.4, 1.0, 0.0, -0.0, 0.0, 0.0, 0.0, 0.0, 1.0]
            ]
        },
        {
            "name": "Arm_R",
            "time": [0.0, 1.1667, 2.3333],
            "transform": [
                [0.0, 0.266622, -0.963801, -0.0, 0.241928, 0.935171, 0.258702, 0.39386, 0.970294, -0.23317, -0.064503, 0.0, 0.0, 0.0, 0.0, 1.0],
                [0.0, 0.266622, -0.963801, -0.0, 0.031696, 0.963317, 0.266488, 0.393861, 0.999497, -0.030548, -0.008451, -0.0, 0.0, 0.0, 0.0, 1.0],
                [0.0, 0.266622, -0.963801, -0.0, 0.241928, 0.935171, 0.258702, 0.39386, 0.970294, -0.23317, -0.064503, 0.0, 0.0, 0.0, 0.0, 1.0]
            ]
        },
        {
            "name": "Hand_R",
            "time": [0.0, 2.3333],
            "transform": [
                [1.0, -0.0, 0.0, -0.0, 0.0, 0.844492, -0.535569, 0.3, -0.0, 0.535569, 0.844492, -0.0, 0.0, 0.0, 0.0, 1.0],
                [1.0, -0.0, 0.0, -0.0, 0.0, 0.844492, -0.535569, 0.3, -0.0, 0.535569, 0.844492, -0.0, 0.0, 0.0, 0.0, 1.0]
            ]
        },
        {
            "name": "Tool_R",
            "time": [0.0, 2.3333],
            "transform": [
                [1.0, 0.0, 0.0, -0.0, 0.0, -0.999836, 0.018122, 0.272858, 0.0, -0.018122, -0.999244, 0.0, 0.0, 0.0, 0.0, 1.0],
                [1.0, 0.0, 0.0, -0.0, 0.0, -0.999836, 0.018122, 0.272858, 0.0, -0.018122, -0.999244, 0.0, 0.0, 0.0, 0.0, 1.0]
            ]
        },
        {
            "name": "Elbow_R",
            "time": [0.0, 2.3333],
            "transform": [
                [-1.0, 0.0, 0.0, -4.9e-05, 0.0, -0.0, -1.0, 0.370249, -0.0, -1.0, 0.0, 0.000652, 0.0, 0.0, 0.0, 1.0],
                [-1.0, 0.0, 0.0, -4.9e-05, 0.0, -0.0, -1.0, 0.370249, -0.0, -1.0, 0.0, 0.000652, 0.0, 0.0, 0.0, 1.0]
            ]
        },
        {
            "name": "Shoulder_L",
            "time": [0.0, 2.3333],
            "transform": [
                [-0.0, -0.952114, -0.305743, 0.0, 0.0, -0.305743, 0.952114, 0.4, -1.0, 0.0, 0.0, 0.0, 0.0, 0.0, 0.0, 1.0],
                [-0.0, -0.952114, -0.305743, 0.0, 0.0, -0.305743, 0.952114, 0.4, -1.0, 0.0, 0.0, 0.0, 0.0, 0.0, 0.0, 1.0]
            ]
        },
        {
            "name": "Arm_L",
            "time": [0.0, 1.1667, 2.3333],
            "transform": [
                [-0.0, -0.266622, 0.963801, -0.0, -0.23078, 0.937784, 0.259425, 0.39386, -0.973006, -0.222426, -0.061531, 0.0, 0.0, 0.0, 0.0, 1.0],
                [-0.0, -0.266622, 0.963801, 0.0, -0.036036, 0.963175, 0.266449, 0.39386, -0.99935, -0.034731, -0.009608, 0.0, 0.0, 0.0, 0.0, 1.0],
                [-0.0, -0.266622, 0.963801, -0.0, -0.23078, 0.937784, 0.259425, 0.39386, -0.973006, -0.222426, -0.061531, 0.0, 0.0, 0.0, 0.0, 1.0]
            ]
        },
        {
            "name": "Hand_L",
            "time": [0.0, 2.3333],
            "transform": [
                [1.0, 0.0, 0.0, 0.0, -0.0, 0.824673, -0.56561, 0.3, -0.0, 0.565609, 0.824673, -0.0, 0.0, 0.0, 0.0, 1.0],
                [1.0, 0.0, 0.0, 0.0, -0.0, 0.824673, -0.56561, 0.3, -0.0, 0.565609, 0.824673, -0.0, 0.0, 0.0, 0.0, 1.0]
            ]
        },
        {
            "name": "Tool_L",
            "time": [0.0, 2.3333],
            "transform": [
                [1.0, 0.0, 0.0, -0.0, -0.0, -0.999836, 0.018122, 0.272858, 0.0, -0.018122, -0.999247, -0.0, 0.0, 0.0, 0.0, 1.0],
                [1.0, 0.0, 0.0, -0.0, -0.0, -0.999836, 0.018122, 0.272858, 0.0, -0.018122, -0.999247, -0.0, 0.0, 0.0, 0.0, 1.0]
            ]
        },
        {
            "name": "Elbow_L",
            "time": [0.0, 2.3333],
            "transform": [
                [-1.0, 0.0, -0.0, -0.000104, 0.0, -0.0, -1.0, 0.367344, -0.0, -1.0, -0.0, 7.1e-05, 0.0, 0.0, 0.0, 1.0],
                [-1.0, 0.0, -0.0, -0.000104, 0.0, -0.0, -1.0, 0.367344, -0.0, -1.0, -0.0, 7.1e-05, 0.0, 0.0, 0.0, 1.0]
            ]
        }
    ]
}