{
    "animation": [
        {
            "name": "Root",
            "time": [0.0, 1.3333, 2.6667],
            "transform": [
                [0.877457, 0.0, 0.479656, -5e-06, 0.479656, 0.0, -0.877457, 0.000946, 0.0, 1.0, 0.0, 0.645843, 0.0, 0.0, 0.0, 1.0],
                [0.877457, 0.0, 0.479656, -5e-06, 0.479496, -0.025873, -0.877163, 0.000946, 0.01241, 0.999665, -0.022702, 0.645843, 0.0, 0.0, 0.0, 1.0],
                [0.877457, 0.0, 0.479656, -5e-06, 0.479656, 0.0, -0.877457, 0.000946, 0.0, 1.0, 0.0, 0.645843, 0.0, 0.0, 0.0, 1.0]
            ]
        },
        {
            "name": "Thigh_R",
            "time": [0.0, 1.3333, 2.6667],
            "transform": [
                [0.863385, 0.422897, 0.275179, 0.124994, 0.114489, -0.695381, 0.709461, -0.002831, 0.491384, -0.581032, -0.648801, -1.2e-05, 0.0, 0.0, 0.0, 1.0],
                [0.862844, 0.414138, 0.289808, 0.124994, 0.113167, -0.717062, 0.68776, -0.002831, 0.492638, -0.560631, -0.665581, -1.2e-05, 0.0, 0.0, 0.0, 1.0],
                [0.863385, 0.422897, 0.275179, 0.124994, 0.114489, -0.695381, 0.709461, -0.002831, 0.491384, -0.581032, -0.648801, -1.2e-05, 0.0, 0.0, 0.0, 1.0]
            ]
        },
        {
            "name": "Leg_R",
            "time": [0.0, 1.3333, 2.6667],
            "transform": [
                [1.0, -1e-06, 1e-06, -0.0, -0.0, 0.632531, 0.774535, 0.37472, -1e-06, -0.774536, 0.63253, -0.0, 0.0, 0.0, 0.0, 1.0],
                [1.0, -0.0, 1e-06, -0.0, -0.0, 0.639429, 0.76885, 0.37472, -1e-06, -0.768851, 0.639428, 0.0, 0.0, 0.0, 0.0, 1.0],
                [1.0, -1e-06, 1e-06, -0.0, -0.0, 0.632531, 0.774535, 0.37472, -1e-06, -0.774536, 0.63253, -0.0, 0.0, 0.0, 0.0, 1.0]
            ]
        },
        {
            "name": "Knee_R",
            "time": [0.0, 2.6667],
            "transform": [
                [1.0, 0.0, -0.0, 0.0, -0.0, 1e-06, -1.0, 0.418229, -0.0, 1.0, 1e-06, -0.0, 0.0, 0.0, 0.0, 1.0],
                [1.0, 0.0, -0.0, 0.0, -0.0, 1e-06, -1.0, 0.418229, -0.0, 1.0, 1e-06, -0.0, 0.0, 0.0, 0.0, 1.0]
            ]
        },
        {
            "name": "Thigh_L",
            "time": [0.0, 1.3333, 2.6667],
            "transform": [
                [0.826397, -0.509381, -0.239996, -0.125006, -0.448944, -0.853298, 0.265202, -0.002831, -0.339877, -0.111417, -0.933847, -1.2e-05, 0.0, 0.0, 0.0, 1.0],
                [0.818017, -0.523569, -0.238167, -0.125006, -0.467986, -0.846555, 0.25364, -0.002831, -0.334419, -0.096023, -0.937519, -1.2e-05, 0.0, 0.0, 0.0, 1.0],
                [0.826397, -0.509381, -0.239996, -0.125006, -0.448944, -0.853298, 0.265202, -0.002831, -0.339877, -0.111417, -0.933847, -1.2e-05, 0.0, 0.0, 0.0, 1.0]
            ]
        },
        {
            "name": "Leg_L",
            "time": [0.0, 1.3333, 2.6667],
            "transform": [
                [1.0, -1e-06, 1e-06, 0.0, 0.0, 0.780055, 0.625711, 0.37472, -1e-06, -0.62571, 0.780056, -0.0, 0.0, 0.0, 0.0, 1.0],
                [1.0, -1e-06, 1e-06, 0.0, -0.0, 0.773275, 0.634071, 0.37472, -1e-06, -0.63407, 0.773276, 0.0, 0.0, 0.0, 0.0, 1.0],
                [1.0, -1e-06, 1e-06, 0.0, 0.0, 0.780055, 0.625711, 0.37472, -1e-06, -0.62571, 0.780056, -0.0, 0.0, 0.0, 0.0, 1.0]
            ]
        },
        {
            "name": "Knee_L",
            "time": [0.0, 2.6667],
            "transform": [
                [1.0, -0.0, -0.0, 0.0, -0.0, 1e-06, -1.0, 0.399378, 0.0, 1.0, 1e-06, -0.0, 0.0, 0.0, 0.0, 1.0],
                [1.0, -0.0, -0.0, 0.0, -0.0, 1e-06, -1.0, 0.399378, 0.0, 1.0, 1e-06, -0.0, 0.0, 0.0, 0.0, 1.0]
            ]
        },
        {
            "name": "Torso",
            "time": [0.0, 1.1667, 2.6667],
            "transform": [
                [0.988911, 0.148238, 0.008976, 0.0, -0.148502, 0.986451, 0.069723, 0.05, 0.001481, -0.070283, 0.997526, 0.0, 0.0, 0.0, 0.0, 1.0],
                [0.992792, 0.119629, 0.007198, -0.0, -0.119843, 0.991367, 0.053183, 0.05, -0.000774, -0.053662, 0.998559, -0.0, 0.0, 0.0, 0.0, 1.0],
                [0.988911, 0.148238, 0.008976, 0.0, -0.148502, 0.986451, 0.069723, 0.05, 0.001481, -0.070283, 0.997526, 0.0, 0.0, 0.0, 0.0, 1.0]
            ]
        },
        {
            "name": "Chest",
            "time": [0.0, 1.1667, 2.6667],
            "transform": [
                [0.953199, -0.125684, 0.274981, 0.0, 0.049476, 0.962083, 0.268232, 0.3, -0.298267, -0.242074, 0.923275, 0.0, 0.0, 0.0, 0.0, 1.0],
                [0.952401, -0.138234, 0.271707, 0.0, 0.064081, 0.962148, 0.264886, 0.3, -0.298038, -0.234866, 0.925209, -0.0, 0.0, 0.0, 0.0, 1.0],
                [0.953199, -0.125684, 0.274981, 0.0, 0.049476, 0.962083, 0.268232, 0.3, -0.298267, -0.242074, 0.923275, 0.0, 0.0, 0.0, 0.0, 1.0]
            ]
        },
        {
            "name": "Head",
            "time": [0.0, 1.3333, 2.6667],
            "transform": [
                [0.686705, -0.112948, -0.718108, 0.0, -0.135289, 0.95074, -0.27891, 0.4, 0.714236, 0.288681, 0.637597, -0.0, 0.0, 0.0, 0.0, 1.0],
                [0.689214, -0.038109, -0.723555, 0.0, -0.156683, 0.967149, -0.200185, 0.4, 0.707414, 0.251339, 0.660601, 0.0, 0.0, 0.0, 0.0, 1.0],
                [0.686705, -0.112948, -0.718108, 0.0, -0.135289, 0.95074, -0.27891, 0.4, 0.714236, 0.288681, 0.637597, -0.0, 0.0, 0.0, 0.0, 1.0]
            ]
        },
        {
            "name": "Shoulder_R",
            "time": [0.0, 1.3333, 2.6667],
            "transform": [
                [0.833224, 0.548088, -0.073048, 0.0, 0.387974, -0.48539, 0.7835, 0.4, 0.393971, -0.681172, -0.617083, -0.0, 0.0, 0.0, 0.0, 1.0],
                [0.849281, 0.525366, -0.052083, 0.0, 0.363221, -0.509856, 0.779819, 0.4, 0.383136, -0.681203, -0.623834, 0.0, 0.0, 0.0, 0.0, 1.0],
                [0.833224, 0.548088, -0.073048, 0.0, 0.387974, -0.48539, 0.7835, 0.4, 0.393971, -0.681172, -0.617083, -0.0, 0.0, 0.0, 0.0, 1.0]
            ]
        },
        {
            "name": "Arm_R",
            "time": [0.0, 2.6667],
            "transform": [
                [0.387537, -0.920204, 0.055138, 0.027247, -0.917705, -0.390771, -0.071531, 0.319836, 0.087369, -0.02288, -0.995913, 0.007276, 0.0, 0.0, 0.0, 1.0],
                [0.387537, -0.920204, 0.055138, 0.027247, -0.917705, -0.390771, -0.071531, 0.319836, 0.087369, -0.02288, -0.995913, 0.007276, 0.0, 0.0, 0.0, 1.0]
            ]
        },
        {
            "name": "Hand_R",
            "time": [0.0, 2.6667],
            "transform": [
                [1.0, 0.0, 0.0, 0.0, -0.0, 0.993937, 0.109947, 0.3, -0.0, -0.109947, 0.993937, -0.0, 0.0, 0.0, 0.0, 1.0],
                [1.0, 0.0, 0.0, 0.0, -0.0, 0.993937, 0.109947, 0.3, -0.0, -0.109947, 0.993937, -0.0, 0.0, 0.0, 0.0, 1.0]
            ]
        },
        {
            "name": "Tool_R",
            "time": [0.0, 2.6667],
            "transform": [
                [0.048695, 0.984154, -0.170499, -0.042584, 0.998774, -0.049503, -0.000485, 0.288613, -0.008901, -0.170165, -0.984771, -0.019477, 0.0, 0.0, 0.0, 1.0],
                [0.048695, 0.984154, -0.170499, -0.042584, 0.998774, -0.049503, -0.000485, 0.288613, -0.008901, -0.170165, -0.984771, -0.019477, 0.0, 0.0, 0.0, 1.0]
            ]
        },
        {
            "name": "Elbow_R",
            "time": [0.0, 2.6667],
            "transform": [
                [-1.0, 0.0, 0.0, 0.0, -0.0, -0.0, -1.0, 0.3, -0.0, -1.0, 0.0, -0.0, 0.0, 0.0, 0.0, 1.0],
                [-1.0, 0.0, 0.0, 0.0, -0.0, -0.0, -1.0, 0.3, -0.0, -1.0, 0.0, -0.0, 0.0, 0.0, 0.0, 1.0]
            ]
        },
        {
            "name": "Shoulder_L",
            "time": [0.0, 1.3333, 2.6667],
            "transform": [
                [0.3552, -0.928755, -0.106055, 0.0, -0.703423, -0.34028, 0.624024, 0.4, -0.615653, -0.147051, -0.774175, -0.0, 0.0, 0.0, 0.0, 1.0],
                [0.325831, -0.940957, -0.091835, 0.0, -0.72064, -0.310062, 0.620112, 0.4, -0.611974, -0.135872, -0.779119, 0.0, 0.0, 0.0, 0.0, 1.0],
                [0.3552, -0.928755, -0.106055, 0.0, -0.703423, -0.34028, 0.624024, 0.4, -0.615653, -0.147051, -0.774175, -0.0, 0.0, 0.0, 0.0, 1.0]
            ]
        },
        {
            "name": "Arm_L",
            "time": [0.0, 2.6667],
            "transform": [
                [0.268573, 0.155232, 0.950669, -0.0, -0.924954, 0.317108, 0.209528, 0.39386, -0.268939, -0.935599, 0.22875, 0.0, 0.0, 0.0, 0.0, 1.0],
                [0.268573, 0.155232, 0.950669, -0.0, -0.924954, 0.317108, 0.209528, 0.39386, -0.268939, -0.935599, 0.22875, 0.0, 0.0, 0.0, 0.0, 1.0]
            ]
        },
        {
            "name": "Hand_L",
            "time": [0.0, 2.6667],
            "transform": [
                [1.0, 0.0, -0.0, 0.0, -0.0, 0.089384, -0.995998, 0.3, -0.0, 0.995997, 0.089384, -0.0, 0.0, 0.0, 0.0, 1.0],
                [1.0, 0.0, -0.0, 0.0, -0.0, 0.089384, -0.995998, 0.3, -0.0, 0.995997, 0.089384, -0.0, 0.0, 0.0, 0.0, 1.0]
            ]
        },
        {
            "name": "Tool_L",
            "time": [0.0, 2.6667],
            "transform": [
                [0.989189, -0.081549, 0.121882, 0.019384, -0.036561, -0.942019, -0.333563, 0.177616, 0.141932, 0.325297, -0.934265, -0.04285, 0.0, 0.0, 0.0, 1.0],
                [0.989189, -0.081549, 0.121882, 0.019384, -0.036561, -0.942019, -0.333563, 0.177616, 0.141932, 0.325297, -0.934265, -0.04285, 0.0, 0.0, 0.0, 1.0]
            ]
        },
        {
            "name": "Elbow_L",
            "time": [0.0, 2.6667],
            "transform": [
                [-1.0, 0.0, 0.0, -0.0, 0.0, 0.0, -1.0, 0.4472, -0.0, -1.0, -0.0, -0.0, 0.0, 0.0, 0.0, 1.0],
                [-1.0, 0.0, 0.0, -0.0, 0.0, 0.0, -1.0, 0.4472, -0.0, -1.0, -0.0, -0.0, 0.0, 0.0, 0.0, 1.0]
            ]
        }
    ]
}