{
    "animation": [
        {
            "name": "Root",
            "time": [0.0, 2.6667],
            "transform": [
                [0.488044, 0.0, -0.872819, -5e-06, -0.872819, 0.0, -0.488044, 0.073948, 0.0, 1.0, 0.0, 0.725213, 0.0, 0.0, 0.0, 1.0],
                [0.488044, 0.0, -0.872819, -5e-06, -0.872819, 0.0, -0.488044, 0.073948, 0.0, 1.0, 0.0, 0.725213, 0.0, 0.0, 0.0, 1.0]
            ]
        },
        {
            "name": "Thigh_R",
            "time": [0.0, 2.6667],
            "transform": [
                [0.971293, 0.232669, 0.049556, 0.124994, 0.204766, -0.923747, 0.32367, -0.002831, 0.121085, -0.304231, -0.944871, -1.2e-05, 0.0, 0.0, 0.0, 1.0],
                [0.971293, 0.232669, 0.049556, 0.124994, 0.204766, -0.923747, 0.32367, -0.002831, 0.121085, -0.304231, -0.944871, -1.2e-05, 0.0, 0.0, 0.0, 1.0]
            ]
        },
        {
            "name": "Leg_R",
            "time": [0.0, 2.6667],
            "transform": [
                [1.0, -0.0, 1e-06, 0.0, -0.0, 0.884712, 0.466138, 0.37472, -1e-06, -0.466138, 0.884712, 0.0, 0.0, 0.0, 0.0, 1.0],
                [1.0, -0.0, 1e-06, 0.0, -0.0, 0.884712, 0.466138, 0.37472, -1e-06, -0.466138, 0.884712, 0.0, 0.0, 0.0, 0.0, 1.0]
            ]
        },
        {
            "name": "Knee_R",
            "time": [0.0, 2.6667],
            "transform": [
                [1.0, 0.0, -0.0, 0.0, -0.0, 1e-06, -1.0, 0.37472, -0.0, 1.0, 1e-06, 0.0, 0.0, 0.0, 0.0, 1.0],
                [1.0, 0.0, -0.0, 0.0, -0.0, 1e-06, -1.0, 0.37472, -0.0, 1.0, 1e-06, 0.0, 0.0, 0.0, 0.0, 1.0]
            ]
        },
        {
            "name": "Thigh_L",
            "time": [0.0, 2.6667],
            "transform": [
                [0.483073, -0.401585, -0.778055, -0.125006, -0.013877, -0.892017, 0.451789, -0.002831, -0.87547, -0.20745, -0.436482, -1.2e-05, 0.0, 0.0, 0.0, 1.0],
                [0.483073, -0.401585, -0.778055, -0.125006, -0.013877, -0.892017, 0.451789, -0.002831, -0.87547, -0.20745, -0.436482, -1.2e-05, 0.0, 0.0, 0.0, 1.0]
            ]
        },
        {
            "name": "Leg_L",
            "time": [0.0, 2.6667],
            "transform": [
                [1.0, -1e-06, 1e-06, -0.0, 0.0, 0.898013, 0.439969, 0.37472, -1e-06, -0.439969, 0.898013, 0.0, 0.0, 0.0, 0.0, 1.0],
                [1.0, -1e-06, 1e-06, -0.0, 0.0, 0.898013, 0.439969, 0.37472, -1e-06, -0.439969, 0.898013, 0.0, 0.0, 0.0, 0.0, 1.0]
            ]
        },
        {
            "name": "Knee_L",
            "time": [0.0, 2.6667],
            "transform": [
                [1.0, 0.0, -0.0, -0.0, -0.0, 1e-06, -1.0, 0.37472, -0.0, 1.0, 1e-06, 0.0, 0.0, 0.0, 0.0, 1.0],
                [1.0, 0.0, -0.0, -0.0, -0.0, 1e-06, -1.0, 0.37472, -0.0, 1.0, 1e-06, 0.0, 0.0, 0.0, 0.0, 1.0]
            ]
        },
        {
            "name": "Torso",
            "time": [0.0, 2.6667],
            "transform": [
                [0.99978, -0.020971, -0.000197, 0.0, 0.020971, 0.999603, 0.018833, 0.05, -0.000198, -0.018833, 0.999823, -0.0, 0.0, 0.0, 0.0, 1.0],
                [0.99978, -0.020971, -0.000197, 0.0, 0.020971, 0.999603, 0.018833, 0.05, -0.000198, -0.018833, 0.999823, -0.0, 0.0, 0.0, 0.0, 1.0]
            ]
        },
        {
            "name": "Chest",
            "time": [0.0, 1.3333, 2.6667],
            "transform": [
                [1.0, -0.0, -0.0, -0.0, 0.0, 1.0, -0.0, 0.3, -0.0, 0.0, 1.0, -0.0, 0.0, 0.0, 0.0, 1.0],
                [0.999493, 0.031847, -5.7e-05, -0.0, -0.031843, 0.999334, -0.017814, 0.3, -0.00051, 0.017807, 0.999841, -0.0, 0.0, 0.0, 0.0, 1.0],
                [1.0, -0.0, -0.0, -0.0, 0.0, 1.0, -0.0, 0.3, -0.0, 0.0, 1.0, -0.0, 0.0, 0.0, 0.0, 1.0]
            ]
        },
        {
            "name": "Head",
            "time": [0.0, 1.3333, 2.6667],
            "transform": [
                [0.48878, 0.027992, 0.871958, 0.0, 0.007973, 0.9993, -0.036549, 0.4, -0.872371, 0.024817, 0.488215, -0.0, 0.0, 0.0, 0.0, 1.0],
                [0.488708, -0.012483, 0.872358, 0.0, 0.008007, 0.99992, 0.009822, 0.4, -0.872411, 0.002185, 0.488768, 0.0, 0.0, 0.0, 0.0, 1.0],
                [0.48878, 0.027992, 0.871958, 0.0, 0.007973, 0.9993, -0.036549, 0.4, -0.872371, 0.024817, 0.488215, -0.0, 0.0, 0.0, 0.0, 1.0]
            ]
        },
        {
            "name": "Shoulder_R",
            "time": [0.0, 2.6667],
            "transform": [
                [0.374211, 0.88687, 0.270976, 0.0, -0.014232, -0.28668, 0.95792, 0.4, 0.927234, -0.362321, -0.094657, -0.0, 0.0, 0.0, 0.0, 1.0],
                [0.374211, 0.88687, 0.270976, 0.0, -0.014232, -0.28668, 0.95792, 0.4, 0.927234, -0.362321, -0.094657, -0.0, 0.0, 0.0, 0.0, 1.0]
            ]
        },
        {
            "name": "Arm_R",
            "time": [0.0, 2.6667],
            "transform": [
                [0.0468, -0.30214, -0.952114, -0.0, 0.990239, 0.139311, 0.004466, 0.393861, 0.13129, -0.943029, 0.30571, -0.0, 0.0, 0.0, 0.0, 1.0],
                [0.0468, -0.30214, -0.952114, -0.0, 0.990239, 0.139311, 0.004466, 0.393861, 0.13129, -0.943029, 0.30571, -0.0, 0.0, 0.0, 0.0, 1.0]
            ]
        },
        {
            "name": "Hand_R",
            "time": [0.0, 2.6667],
            "transform": [
                [0.999985, 0.001325, 0.005391, 0.0, -0.00125, 0.999903, -0.013884, 0.3, -0.005409, 0.013877, 0.999889, -0.0, 0.0, 0.0, 0.0, 1.0],
                [0.999985, 0.001325, 0.005391, 0.0, -0.00125, 0.999903, -0.013884, 0.3, -0.005409, 0.013877, 0.999889, -0.0, 0.0, 0.0, 0.0, 1.0]
            ]
        },
        {
            "name": "Tool_R",
            "time": [0.0, 2.6667],
            "transform": [
                [-0.199088, -0.098954, -0.974973, 0.0, 0.088753, -0.992621, 0.082621, 0.272858, -0.975376, -0.070052, 0.20628, -0.0, 0.0, 0.0, 0.0, 1.0],
                [-0.199088, -0.098954, -0.974973, 0.0, 0.088753, -0.992621, 0.082621, 0.272858, -0.975376, -0.070052, 0.20628, -0.0, 0.0, 0.0, 0.0, 1.0]
            ]
        },
        {
            "name": "Elbow_R",
            "time": [0.0, 2.6667],
            "transform": [
                [-1.0, 0.0, -0.0, 0.0, 0.0, -0.0, -1.0, 0.3, -0.0, -1.0, 0.0, -0.0, 0.0, 0.0, 0.0, 1.0],
                [-1.0, 0.0, -0.0, 0.0, 0.0, -0.0, -1.0, 0.3, -0.0, -1.0, 0.0, -0.0, 0.0, 0.0, 0.0, 1.0]
            ]
        },
        {
            "name": "Shoulder_L",
            "time": [0.0, 2.6667],
            "transform": [
                [0.579028, -0.783605, -0.225144, 0.0, -0.025477, -0.293401, 0.95565, 0.4, -0.81491, -0.547612, -0.189851, -0.0, 0.0, 0.0, 0.0, 1.0],
                [0.579028, -0.783605, -0.225144, 0.0, -0.025477, -0.293401, 0.95565, 0.4, -0.81491, -0.547612, -0.189851, -0.0, 0.0, 0.0, 0.0, 1.0]
            ]
        },
        {
            "name": "Arm_L",
            "time": [0.0, 2.6667],
            "transform": [
                [-0.56939, 0.337625, 0.749536, 0.0, -0.789723, 0.02859, -0.612797, 0.39386, -0.228325, -0.940846, 0.250351, -0.0, 0.0, 0.0, 0.0, 1.0],
                [-0.56939, 0.337625, 0.749536, 0.0, -0.789723, 0.02859, -0.612797, 0.39386, -0.228325, -0.940846, 0.250351, -0.0, 0.0, 0.0, 0.0, 1.0]
            ]
        },
        {
            "name": "Hand_L",
            "time": [0.0, 2.6667],
            "transform": [
                [1.0, 0.0, 0.0, 0.0, -0.0, 0.993938, 0.109947, 0.3, 0.0, -0.109947, 0.993937, -0.0, 0.0, 0.0, 0.0, 1.0],
                [1.0, 0.0, 0.0, 0.0, -0.0, 0.993938, 0.109947, 0.3, 0.0, -0.109947, 0.993937, -0.0, 0.0, 0.0, 0.0, 1.0]
            ]
        },
        {
            "name": "Tool_L",
            "time": [0.0, 2.6667],
            "transform": [
                [1.0, 0.0, 0.0, -0.0, 0.0, -0.999836, 0.018122, 0.272858, 0.0, -0.018122, -0.999247, 0.0, 0.0, 0.0, 0.0, 1.0],
                [1.0, 0.0, 0.0, -0.0, 0.0, -0.999836, 0.018122, 0.272858, 0.0, -0.018122, -0.999247, 0.0, 0.0, 0.0, 0.0, 1.0]
            ]
        },
        {
            "name": "Elbow_L",
            "time": [0.0, 2.6667],
            "transform": [
                [-1.0, 0.0, -0.0, 0.0, 0.0, -0.0, -1.0, 0.3, -0.0, -1.0, -0.0, -0.0, 0.0, 0.0, 0.0, 1.0],
                [-1.0, 0.0, -0.0, 0.0, 0.0, -0.0, -1.0, 0.3, -0.0, -1.0, -0.0, -0.0, 0.0, 0.0, 0.0, 1.0]
            ]
        }
    ]
}