{
    "animation": [
        {
            "name": "Root",
            "time": [0.0, 2.6667],
            "transform": [
                [0.854689, 0.0, -0.51914, -5e-06, -0.51914, 0.0, -0.854689, 0.000946, 0.0, 1.0, 0.0, 0.713565, 0.0, 0.0, 0.0, 1.0],
                [0.854689, 0.0, -0.51914, -5e-06, -0.51914, 0.0, -0.854689, 0.000946, 0.0, 1.0, 0.0, 0.713565, 0.0, 0.0, 0.0, 1.0]
            ]
        },
        {
            "name": "Thigh_R",
            "time": [0.0, 2.6667],
            "transform": [
                [0.973176, 0.230032, -0.003592, 0.124994, 0.229791, -0.972667, -0.033333, -0.002831, -0.011162, 0.031616, -0.999438, -1.2e-05, 0.0, 0.0, 0.0, 1.0],
                [0.973176, 0.230032, -0.003592, 0.124994, 0.229791, -0.972667, -0.033333, -0.002831, -0.011162, 0.031616, -0.999438, -1.2e-05, 0.0, 0.0, 0.0, 1.0]
            ]
        },
        {
            "name": "Leg_R",
            "time": [0.0, 2.6667],
            "transform": [
                [1.0, 0.0, 1e-06, 0.0, 0.0, 0.930543, 0.366188, 0.37472, -1e-06, -0.366186, 0.930541, -0.0, 0.0, 0.0, 0.0, 1.0],
                [1.0, 0.0, 1e-06, 0.0, 0.0, 0.930543, 0.366188, 0.37472, -1e-06, -0.366186, 0.930541, -0.0, 0.0, 0.0, 0.0, 1.0]
            ]
        },
        {
            "name": "Knee_R",
            "time": [0.0, 2.6667],
            "transform": [
                [1.0, 0.0, -0.0, -0.0, -0.0, 1e-06, -1.0, 0.37472, -0.0, 1.0, 1e-06, -0.0, 0.0, 0.0, 0.0, 1.0],
                [1.0, 0.0, -0.0, -0.0, -0.0, 1e-06, -1.0, 0.37472, -0.0, 1.0, 1e-06, -0.0, 0.0, 0.0, 0.0, 1.0]
            ]
        },
        {
            "name": "Thigh_L",
            "time": [0.0, 2.6667],
            "transform": [
                [0.86229, -0.245895, -0.442709, -0.161987, 0.010098, -0.865682, 0.500492, -0.002831, -0.506313, -0.436039, -0.743987, 0.022451, 0.0, 0.0, 0.0, 1.0],
                [0.86229, -0.245895, -0.442709, -0.161987, 0.010098, -0.865682, 0.500492, -0.002831, -0.506313, -0.436039, -0.743987, 0.022451, 0.0, 0.0, 0.0, 1.0]
            ]
        },
        {
            "name": "Leg_L",
            "time": [0.0, 2.6667],
            "transform": [
                [1.0, 0.0, 1e-06, -0.0, 0.0, 0.854328, 0.519734, 0.37472, -1e-06, -0.519734, 0.854328, 0.0, 0.0, 0.0, 0.0, 1.0],
                [1.0, 0.0, 1e-06, -0.0, 0.0, 0.854328, 0.519734, 0.37472, -1e-06, -0.519734, 0.854328, 0.0, 0.0, 0.0, 0.0, 1.0]
            ]
        },
        {
            "name": "Knee_L",
            "time": [0.0, 2.6667],
            "transform": [
                [1.0, 0.0, -0.0, 0.0, -0.0, 1e-06, -1.0, 0.38775, -0.0, 1.0, 1e-06, 0.0, 0.0, 0.0, 0.0, 1.0],
                [1.0, 0.0, -0.0, 0.0, -0.0, 1e-06, -1.0, 0.38775, -0.0, 1.0, 1e-06, 0.0, 0.0, 0.0, 0.0, 1.0]
            ]
        },
        {
            "name": "Torso",
            "time": [0.0, 1.1833, 2.6667],
            "transform": [
                [0.99978, -0.020971, -0.000197, -0.0, 0.020971, 0.999603, 0.018833, 0.05, -0.000198, -0.018833, 0.999823, 0.0, 0.0, 0.0, 0.0, 1.0],
                [0.999607, -0.028046, -0.000372, -0.0, 0.028045, 0.999142, 0.030483, 0.05, -0.000483, -0.030481, 0.999535, 0.0, 0.0, 0.0, 0.0, 1.0],
                [0.99978, -0.020971, -0.000197, -0.0, 0.020971, 0.999603, 0.018833, 0.05, -0.000198, -0.018833, 0.999823, 0.0, 0.0, 0.0, 0.0, 1.0]
            ]
        },
        {
            "name": "Chest",
            "time": [0.0, 1.1833, 2.6667],
            "transform": [
                [0.999771, -0.021411, -0.000206, -0.0, 0.021411, 0.999586, 0.019228, 0.3, -0.000206, -0.019228, 0.999815, 0.0, 0.0, 0.0, 0.0, 1.0],
                [0.999933, 0.011518, -0.000982, -0.0, -0.011545, 0.999322, -0.034967, 0.3, 0.000579, 0.034976, 0.999388, -0.0, 0.0, 0.0, 0.0, 1.0],
                [0.999771, -0.021411, -0.000206, -0.0, 0.021411, 0.999586, 0.019228, 0.3, -0.000206, -0.019228, 0.999815, 0.0, 0.0, 0.0, 0.0, 1.0]
            ]
        },
        {
            "name": "Head",
            "time": [0.0, 1.1833, 2.6667],
            "transform": [
                [0.85311, 0.037721, 0.520365, 0.0, -0.006297, 0.998055, -0.062025, 0.4, -0.521693, 0.049637, 0.851688, 0.0, 0.0, 0.0, 0.0, 1.0],
                [0.852794, 0.006597, 0.522206, -0.0, -0.006468, 0.999977, -0.002069, 0.4, -0.522208, -0.001613, 0.852817, 0.0, 0.0, 0.0, 0.0, 1.0],
                [0.85311, 0.037721, 0.520365, 0.0, -0.006297, 0.998055, -0.062025, 0.4, -0.521693, 0.049637, 0.851688, 0.0, 0.0, 0.0, 0.0, 1.0]
            ]
        },
        {
            "name": "Shoulder_R",
            "time": [0.0, 1.5, 2.6667],
            "transform": [
                [-0.184389, 0.936645, 0.29782, 0.0, 0.296244, -0.23596, 0.925507, 0.4, 0.937145, 0.258881, -0.233967, 0.0, 0.0, 0.0, 0.0, 1.0],
                [-0.193122, 0.943144, 0.270523, 0.0, 0.273911, -0.212928, 0.937888, 0.4, 0.942166, 0.255226, -0.217217, -0.0, 0.0, 0.0, 0.0, 1.0],
                [-0.184389, 0.936645, 0.29782, 0.0, 0.296244, -0.23596, 0.925507, 0.4, 0.937145, 0.258881, -0.233967, 0.0, 0.0, 0.0, 0.0, 1.0]
            ]
        },
        {
            "name": "Arm_R",
            "time": [0.0, 1.5, 2.6667],
            "transform": [
                [0.665395, -0.134981, -0.734186, 0.021371, 0.724438, 0.354057, 0.591467, 0.415813, 0.180107, -0.925432, 0.333373, -0.001385, 0.0, 0.0, 0.0, 1.0],
                [0.648474, -0.055532, -0.759209, 0.021371, 0.737801, 0.291414, 0.608874, 0.415813, 0.187432, -0.954984, 0.229946, -0.001385, 0.0, 0.0, 0.0, 1.0],
                [0.665395, -0.134981, -0.734186, 0.021371, 0.724438, 0.354057, 0.591467, 0.415813, 0.180107, -0.925432, 0.333373, -0.001385, 0.0, 0.0, 0.0, 1.0]
            ]
        },
        {
            "name": "Hand_R",
            "time": [0.0, 1.5, 2.6667],
            "transform": [
                [1.0, 0.0, 0.0, 0.0, -0.0, 0.999904, -0.01388, 0.3, -0.0, 0.01388, 0.999904, -0.0, 0.0, 0.0, 0.0, 1.0],
                [1.0, 0.0, 0.0, -0.0, -0.0, 0.991281, -0.131764, 0.3, -0.0, 0.131764, 0.991281, -0.0, 0.0, 0.0, 0.0, 1.0],
                [1.0, 0.0, 0.0, 0.0, -0.0, 0.999904, -0.01388, 0.3, -0.0, 0.01388, 0.999904, -0.0, 0.0, 0.0, 0.0, 1.0]
            ]
        },
        {
            "name": "Tool_R",
            "time": [0.0, 1.5, 2.6667],
            "transform": [
                [0.999984, 0.005027, -0.002786, 0.0, 0.004184, -0.969084, -0.246698, 0.272858, -0.003937, 0.246525, -0.968515, 0.0, 0.0, 0.0, 0.0, 1.0],
                [0.99955, 0.017131, -0.024655, 0.0, 0.009192, -0.956406, -0.291897, 0.272858, -0.028564, 0.291355, -0.955566, -0.0, 0.0, 0.0, 0.0, 1.0],
                [0.999984, 0.005027, -0.002786, 0.0, 0.004184, -0.969084, -0.246698, 0.272858, -0.003937, 0.246525, -0.968515, 0.0, 0.0, 0.0, 0.0, 1.0]
            ]
        },
        {
            "name": "Elbow_R",
            "time": [0.0, 2.6667],
            "transform": [
                [-1.0, 0.0, 0.0, 0.0, -0.0, -0.0, -1.0, 0.311625, -0.0, -1.0, 0.0, 0.0, 0.0, 0.0, 0.0, 1.0],
                [-1.0, 0.0, 0.0, 0.0, -0.0, -0.0, -1.0, 0.311625, -0.0, -1.0, 0.0, 0.0, 0.0, 0.0, 0.0, 1.0]
            ]
        },
        {
            "name": "Shoulder_L",
            "time": [0.0, 2.6667],
            "transform": [
                [0.044338, -0.928085, -0.36972, 0.0, -0.277771, -0.366943, 0.887804, 0.4, -0.959624, 0.063334, -0.274065, 0.0, 0.0, 0.0, 0.0, 1.0],
                [0.044338, -0.928085, -0.36972, 0.0, -0.277771, -0.366943, 0.887804, 0.4, -0.959624, 0.063334, -0.274065, 0.0, 0.0, 0.0, 0.0, 1.0]
            ]
        },
        {
            "name": "Arm_L",
            "time": [0.0, 1.5, 2.6667],
            "transform": [
                [-0.122683, 0.179015, 0.976167, -0.0, -0.745296, 0.632888, -0.20973, 0.39386, -0.655349, -0.753264, 0.055774, 0.0, 0.0, 0.0, 0.0, 1.0],
                [-0.122683, 0.179015, 0.976167, -0.006769, -0.745296, 0.632888, -0.20973, 0.38445, -0.655349, -0.753264, 0.055774, 0.021544, 0.0, 0.0, 0.0, 1.0],
                [-0.122683, 0.179015, 0.976167, -0.0, -0.745296, 0.632888, -0.20973, 0.39386, -0.655349, -0.753264, 0.055774, 0.0, 0.0, 0.0, 0.0, 1.0]
            ]
        },
        {
            "name": "Hand_L",
            "time": [0.0, 2.6667],
            "transform": [
                [1.0, 0.0, -0.0, -0.0, -0.0, 0.972937, -0.231071, 0.3, -0.0, 0.231071, 0.972937, -0.0, 0.0, 0.0, 0.0, 1.0],
                [1.0, 0.0, -0.0, -0.0, -0.0, 0.972937, -0.231071, 0.3, -0.0, 0.231071, 0.972937, -0.0, 0.0, 0.0, 0.0, 1.0]
            ]
        },
        {
            "name": "Tool_L",
            "time": [0.0, 2.6667],
            "transform": [
                [1.0, 0.0, 0.0, -0.0, 0.0, -0.999836, 0.018122, 0.272858, 0.0, -0.018122, -0.999243, 0.0, 0.0, 0.0, 0.0, 1.0],
                [1.0, 0.0, 0.0, -0.0, 0.0, -0.999836, 0.018122, 0.272858, 0.0, -0.018122, -0.999243, 0.0, 0.0, 0.0, 0.0, 1.0]
            ]
        },
        {
            "name": "Elbow_L",
            "time": [0.0, 1.5, 2.6667],
            "transform": [
                [-1.0, 0.0, -0.0, -0.0, 0.0, 0.0, -1.0, 0.332175, -0.0, -1.0, -0.0, 0.0, 0.0, 0.0, 0.0, 1.0],
                [-1.0, 0.0, -0.0, -0.0, 0.0, -0.0, -1.0, 0.332175, -0.0, -1.0, -0.0, 0.0, 0.0, 0.0, 0.0, 1.0],
                [-1.0, 0.0, -0.0, -0.0, 0.0, 0.0, -1.0, 0.332175, -0.0, -1.0, -0.0, 0.0, 0.0, 0.0, 0.0, 1.0]
            ]
        }
    ]
}