{
    "animation": [
        {
            "name": "Root",
            "time": [0.0, 1.3333, 2.6667],
            "transform": [
                [1.0, 0.0, 0.0, -5e-06, 0.0, 0.0, -1.0, -0.000227, 0.0, 1.0, 0.0, 0.74501, 0.0, 0.0, 0.0, 1.0],
                [1.0, 0.0, 0.0, -5e-06, 0.0, 0.0, -1.0, -0.000227, 0.0, 1.0, 0.0, 0.758345, 0.0, 0.0, 0.0, 1.0],
                [1.0, 0.0, 0.0, -5e-06, 0.0, 0.0, -1.0, -0.000227, 0.0, 1.0, 0.0, 0.74501, 0.0, 0.0, 0.0, 1.0]
            ]
        },
        {
            "name": "Thigh_R",
            "time": [0.0, 1.3333, 2.6667],
            "transform": [
                [0.991898, 0.049032, 0.117188, 0.124994, 0.036834, -0.993884, 0.104081, -0.002831, 0.121574, -0.098921, -0.987641, -1.2e-05, 0.0, 0.0, 0.0, 1.0],
                [0.991843, 0.034676, 0.122654, 0.124994, 0.034737, -0.999393, 0.001641, -0.002831, 0.122636, 0.002633, -0.992448, -1.2e-05, 0.0, 0.0, 0.0, 1.0],
                [0.991898, 0.049032, 0.117188, 0.124994, 0.036834, -0.993884, 0.104081, -0.002831, 0.121574, -0.098921, -0.987641, -1.2e-05, 0.0, 0.0, 0.0, 1.0]
            ]
        },
        {
            "name": "Leg_R",
            "time": [0.0, 1.3333, 2.6667],
            "transform": [
                [1.0, -0.0, 1e-06, -0.0, -0.0, 0.92049, 0.390769, 0.37472, -1e-06, -0.390769, 0.920488, -0.0, 0.0, 0.0, 0.0, 1.0],
                [1.0, -0.0, 1e-06, -0.0, 0.0, 0.985913, 0.167261, 0.37472, -1e-06, -0.167261, 0.985912, 0.0, 0.0, 0.0, 0.0, 1.0],
                [1.0, -0.0, 1e-06, -0.0, -0.0, 0.92049, 0.390769, 0.37472, -1e-06, -0.390769, 0.920488, -0.0, 0.0, 0.0, 0.0, 1.0]
            ]
        },
        {
            "name": "Knee_R",
            "time": [0.0, 1.3333, 2.6667],
            "transform": [
                [1.0, 0.0, -0.0, -0.0, -0.0, 1e-06, -1.0, 0.374724, -0.0, 1.0, 1e-06, -0.0, 0.0, 0.0, 0.0, 1.0],
                [1.0, 0.0, -0.0, -0.0, -0.0, 1e-06, -1.0, 0.37472, -0.0, 1.0, 1e-06, 0.0, 0.0, 0.0, 0.0, 1.0],
                [1.0, 0.0, -0.0, -0.0, -0.0, 1e-06, -1.0, 0.374724, -0.0, 1.0, 1e-06, -0.0, 0.0, 0.0, 0.0, 1.0]
            ]
        },
        {
            "name": "Thigh_L",
            "time": [0.0, 1.3333, 2.6667],
            "transform": [
                [0.999624, -0.026756, 0.005838, -0.125006, -0.027275, -0.953721, 0.299454, -0.002831, -0.002444, -0.299499, -0.954093, -1.2e-05, 0.0, 0.0, 0.0, 1.0],
                [0.999636, -0.02688, 0.001973, -0.125006, -0.026825, -0.98527, 0.168887, -0.002831, -0.002596, -0.168876, -0.985633, -1.2e-05, 0.0, 0.0, 0.0, 1.0],
                [0.999624, -0.026756, 0.005838, -0.125006, -0.027275, -0.953721, 0.299454, -0.002831, -0.002444, -0.299499, -0.954093, -1.2e-05, 0.0, 0.0, 0.0, 1.0]
            ]
        },
        {
            "name": "Leg_L",
            "time": [0.0, 1.3333, 2.6667],
            "transform": [
                [1.0, 0.0, 1e-06, -0.0, 0.0, 0.923388, 0.383867, 0.37472, -1e-06, -0.383866, 0.923389, 0.0, 0.0, 0.0, 0.0, 1.0],
                [1.0, 0.0, 1e-06, -0.0, 0.0, 0.985483, 0.169776, 0.37472, -1e-06, -0.169775, 0.985483, -0.0, 0.0, 0.0, 0.0, 1.0],
                [1.0, 0.0, 1e-06, -0.0, 0.0, 0.923388, 0.383867, 0.37472, -1e-06, -0.383866, 0.923389, 0.0, 0.0, 0.0, 0.0, 1.0]
            ]
        },
        {
            "name": "Knee_L",
            "time": [0.0, 1.3333, 2.6667],
            "transform": [
                [1.0, 0.0, -0.0, -0.0, -0.0, 1e-06, -1.0, 0.37472, -0.0, 1.0, 1e-06, -0.0, 0.0, 0.0, 0.0, 1.0],
                [1.0, 0.0, -0.0, -0.0, -0.0, 1e-06, -1.0, 0.37472, -0.0, 1.0, 1e-06, 0.0, 0.0, 0.0, 0.0, 1.0],
                [1.0, 0.0, -0.0, -0.0, -0.0, 1e-06, -1.0, 0.37472, -0.0, 1.0, 1e-06, -0.0, 0.0, 0.0, 0.0, 1.0]
            ]
        },
        {
            "name": "Torso",
            "time": [0.0, 2.6667],
            "transform": [
                [1.0, 0.0, 0.0, 0.0, 0.0, 1.0, 0.0, 0.05, 0.0, 0.0, 1.0, 0.0, 0.0, 0.0, 0.0, 1.0],
                [1.0, 0.0, 0.0, 0.0, 0.0, 1.0, 0.0, 0.05, 0.0, 0.0, 1.0, 0.0, 0.0, 0.0, 0.0, 1.0]
            ]
        },
        {
            "name": "Chest",
            "time": [0.0, 1.3333, 2.6667],
            "transform": [
                [1.0, 0.0, 0.0, 0.0, 0.0, 1.0, 0.0, 0.3, 0.0, 0.0, 1.0, 0.0, 0.0, 0.0, 0.0, 1.0],
                [1.0, 0.0, 0.0, 0.0, 0.0, 0.9999, -0.014125, 0.3, 0.0, 0.014125, 0.9999, 0.0, 0.0, 0.0, 0.0, 1.0],
                [1.0, 0.0, 0.0, 0.0, 0.0, 1.0, 0.0, 0.3, 0.0, 0.0, 1.0, 0.0, 0.0, 0.0, 0.0, 1.0]
            ]
        },
        {
            "name": "Head",
            "time": [0.0, 1.3333, 2.6667],
            "transform": [
                [1.0, 0.0, 0.0, 0.0, 0.0, 1.0, 0.0, 0.4, 0.0, 0.0, 1.0, 0.0, 0.0, 0.0, 0.0, 1.0],
                [1.0, 0.0, 0.0, 0.0, 0.0, 0.999933, 0.011592, 0.4, 0.0, -0.011592, 0.999933, 0.0, 0.0, 0.0, 0.0, 1.0],
                [1.0, 0.0, 0.0, 0.0, 0.0, 1.0, 0.0, 0.4, 0.0, 0.0, 1.0, 0.0, 0.0, 0.0, 0.0, 1.0]
            ]
        },
        {
            "name": "Shoulder_R",
            "time": [0.0, 2.6667],
            "transform": [
                [0.093479, 0.952114, 0.291102, 0.0, 0.291102, -0.305743, 0.906521, 0.4, 0.952114, 0.0, -0.305743, 0.0, 0.0, 0.0, 0.0, 1.0],
                [0.093479, 0.952114, 0.291102, 0.0, 0.291102, -0.305743, 0.906521, 0.4, 0.952114, 0.0, -0.305743, 0.0, 0.0, 0.0, 0.0, 1.0]
            ]
        },
        {
            "name": "Arm_R",
            "time": [0.0, 0.5167, 1.65, 2.6667],
            "transform": [
                [0.981257, -0.17086, -0.089112, 0.047826, 0.160522, 0.468894, 0.868545, 0.388439, -0.106615, -0.866571, 0.487532, 0.013514, 0.0, 0.0, 0.0, 1.0],
                [0.981257, -0.170869, -0.089095, 0.044859, 0.160522, 0.468984, 0.868497, 0.385845, -0.106615, -0.866521, 0.487622, 0.003745, 0.0, 0.0, 0.0, 1.0],
                [0.981257, -0.168894, -0.092784, 0.04938, 0.160522, 0.450012, 0.878477, 0.390371, -0.106615, -0.876906, 0.468689, 0.018991, 0.0, 0.0, 0.0, 1.0],
                [0.981257, -0.17086, -0.089112, 0.047826, 0.160522, 0.468894, 0.868545, 0.388439, -0.106615, -0.866571, 0.487532, 0.013514, 0.0, 0.0, 0.0, 1.0]
            ]
        },
        {
            "name": "Hand_R",
            "time": [0.0, 2.6667],
            "transform": [
                [1.0, 0.0, 0.0, 0.0, -0.0, 0.993937, 0.109947, 0.3, -0.0, -0.109947, 0.993937, -0.0, 0.0, 0.0, 0.0, 1.0],
                [1.0, 0.0, 0.0, 0.0, -0.0, 0.993937, 0.109947, 0.3, -0.0, -0.109947, 0.993937, -0.0, 0.0, 0.0, 0.0, 1.0]
            ]
        },
        {
            "name": "Tool_R",
            "time": [0.0, 2.6667],
            "transform": [
                [1.0, -0.0, 0.0, 0.010061, -0.0, -0.987188, -0.159561, 0.220343, 0.0, 0.159455, -0.986602, -0.020904, 0.0, 0.0, 0.0, 1.0],
                [1.0, -0.0, 0.0, 0.010061, -0.0, -0.987188, -0.159561, 0.220343, 0.0, 0.159455, -0.986602, -0.020904, 0.0, 0.0, 0.0, 1.0]
            ]
        },
        {
            "name": "Elbow_R",
            "time": [0.0, 2.6667],
            "transform": [
                [-1.0, 0.0, -0.0, 0.0, 0.0, -0.0, -1.0, 0.3, -0.0, -1.0, 0.0, -0.0, 0.0, 0.0, 0.0, 1.0],
                [-1.0, 0.0, -0.0, 0.0, 0.0, -0.0, -1.0, 0.3, -0.0, -1.0, 0.0, -0.0, 0.0, 0.0, 0.0, 1.0]
            ]
        },
        {
            "name": "Shoulder_L",
            "time": [0.0, 2.6667],
            "transform": [
                [0.223215, -0.943111, -0.246405, 0.0, -0.291103, -0.305743, 0.906521, 0.4, -0.930287, -0.13062, -0.342789, 0.0, 0.0, 0.0, 0.0, 1.0],
                [0.223215, -0.943111, -0.246405, 0.0, -0.291103, -0.305743, 0.906521, 0.4, -0.930287, -0.13062, -0.342789, 0.0, 0.0, 0.0, 0.0, 1.0]
            ]
        },
        {
            "name": "Arm_L",
            "time": [0.0, 0.5167, 1.65, 2.6667],
            "transform": [
                [-0.018432, 0.269177, 0.962914, -0.004999, -0.883274, 0.44689, -0.141833, 0.38855, -0.468495, -0.853131, 0.22952, 0.015798, 0.0, 0.0, 0.0, 1.0],
                [-0.018432, 0.269177, 0.962914, -0.002992, -0.883274, 0.44689, -0.141833, 0.387123, -0.468495, -0.853131, 0.22952, 0.010942, 0.0, 0.0, 0.0, 1.0],
                [-0.018432, 0.269177, 0.962914, -0.010504, -0.883274, 0.44689, -0.141833, 0.389703, -0.468495, -0.853131, 0.22952, 0.03163, 0.0, 0.0, 0.0, 1.0],
                [-0.018432, 0.269177, 0.962914, -0.004999, -0.883274, 0.44689, -0.141833, 0.38855, -0.468495, -0.853131, 0.22952, 0.015798, 0.0, 0.0, 0.0, 1.0]
            ]
        },
        {
            "name": "Hand_L",
            "time": [0.0, 2.6667],
            "transform": [
                [1.0, 0.0, 0.0, -0.0, -0.0, 0.99671, -0.081049, 0.3, -0.0, 0.081049, 0.99671, -0.0, 0.0, 0.0, 0.0, 1.0],
                [1.0, 0.0, 0.0, -0.0, -0.0, 0.99671, -0.081049, 0.3, -0.0, 0.081049, 0.99671, -0.0, 0.0, 0.0, 0.0, 1.0]
            ]
        },
        {
            "name": "Tool_L",
            "time": [0.0, 2.6667],
            "transform": [
                [1.0, 0.0, 0.0, -0.0, 0.0, -0.999836, 0.018122, 0.272858, 0.0, -0.018122, -0.999243, 0.0, 0.0, 0.0, 0.0, 1.0],
                [1.0, 0.0, 0.0, -0.0, 0.0, -0.999836, 0.018122, 0.272858, 0.0, -0.018122, -0.999243, 0.0, 0.0, 0.0, 0.0, 1.0]
            ]
        },
        {
            "name": "Elbow_L",
            "time": [0.0, 2.6667],
            "transform": [
                [-1.0, 0.0, -0.0, -0.0, 0.0, -0.0, -1.0, 0.317928, -0.0, -1.0, -0.0, -0.0, 0.0, 0.0, 0.0, 1.0],
                [-1.0, 0.0, -0.0, -0.0, 0.0, -0.0, -1.0, 0.317928, -0.0, -1.0, -0.0, -0.0, 0.0, 0.0, 0.0, 1.0]
            ]
        }
    ]
}