{
    "animation": [
        {
            "name": "Root",
            "time": [0.0, 1.5833, 2.6667],
            "transform": [
                [0.77438, 0.002056, -0.632717, -5e-06, -0.632674, 0.014651, -0.77428, 0.000946, 0.007679, 0.999891, 0.012646, 0.740887, 0.0, 0.0, 0.0, 1.0],
                [0.77438, 0.002056, -0.632717, -5e-06, -0.632674, 0.014651, -0.77428, 0.000946, 0.007679, 0.999891, 0.012646, 0.748295, 0.0, 0.0, 0.0, 1.0],
                [0.77438, 0.002056, -0.632717, -5e-06, -0.632674, 0.014651, -0.77428, 0.000946, 0.007679, 0.999891, 0.012646, 0.740887, 0.0, 0.0, 0.0, 1.0]
            ]
        },
        {
            "name": "Thigh_R",
            "time": [0.0, 0.5, 1.5833, 2.6667],
            "transform": [
                [0.893725, 0.262937, 0.363481, 0.124994, 0.157498, -0.942556, 0.29458, -0.002831, 0.420057, -0.206025, -0.883802, -1.2e-05, 0.0, 0.0, 0.0, 1.0],
                [0.893747, 0.258147, 0.366844, 0.124994, 0.15712, -0.946155, 0.283016, -0.002831, 0.420152, -0.195306, -0.886187, -1.2e-05, 0.0, 0.0, 0.0, 1.0],
                [0.893832, 0.237469, 0.380358, 0.124994, 0.15578, -0.959868, 0.233197, -0.002831, 0.420471, -0.149186, -0.894957, -1.2e-05, 0.0, 0.0, 0.0, 1.0],
                [0.893725, 0.262937, 0.363481, 0.124994, 0.157498, -0.942556, 0.29458, -0.002831, 0.420057, -0.206025, -0.883802, -1.2e-05, 0.0, 0.0, 0.0, 1.0]
            ]
        },
        {
            "name": "Leg_R",
            "time": [0.0, 0.5, 1.5833, 2.6667],
            "transform": [
                [1.0, -0.0, 1e-06, -0.0, -0.0, 0.932107, 0.362187, 0.37472, -1e-06, -0.362189, 0.932103, -0.0, 0.0, 0.0, 0.0, 1.0],
                [1.0, -0.0, 1e-06, -0.0, -0.0, 0.940453, 0.339929, 0.37472, -1e-06, -0.33993, 0.940449, -0.0, 0.0, 0.0, 0.0, 1.0],
                [1.0, -0.0, 1e-06, 0.0, -0.0, 0.970416, 0.241448, 0.37472, -1e-06, -0.241448, 0.970412, 0.0, 0.0, 0.0, 0.0, 1.0],
                [1.0, -0.0, 1e-06, -0.0, -0.0, 0.932107, 0.362187, 0.37472, -1e-06, -0.362189, 0.932103, -0.0, 0.0, 0.0, 0.0, 1.0]
            ]
        },
        {
            "name": "Knee_R",
            "time": [0.0, 2.6667],
            "transform": [
                [1.0, 0.0, -0.0, -0.0, -0.0, 1e-06, -1.0, 0.37472, -0.0, 1.0, 1e-06, -0.0, 0.0, 0.0, 0.0, 1.0],
                [1.0, 0.0, -0.0, -0.0, -0.0, 1e-06, -1.0, 0.37472, -0.0, 1.0, 1e-06, -0.0, 0.0, 0.0, 0.0, 1.0]
            ]
        },
        {
            "name": "Thigh_L",
            "time": [0.0, 0.5, 1.5833, 2.6667],
            "transform": [
                [0.724977, -0.259932, -0.637842, -0.16072, -0.015883, -0.93212, 0.361802, -0.001875, -0.688589, -0.252167, -0.679894, 0.033025, 0.0, 0.0, 0.0, 1.0],
                [0.72497, -0.252943, -0.640654, -0.16072, -0.015839, -0.936005, 0.351629, -0.001875, -0.688598, -0.244774, -0.682582, 0.033025, 0.0, 0.0, 0.0, 1.0],
                [0.724942, -0.223364, -0.651587, -0.16072, -0.015681, -0.951069, 0.308579, -0.001875, -0.68863, -0.213484, -0.692973, 0.033025, 0.0, 0.0, 0.0, 1.0],
                [0.724977, -0.259932, -0.637842, -0.16072, -0.015883, -0.93212, 0.361802, -0.001875, -0.688589, -0.252167, -0.679894, 0.033025, 0.0, 0.0, 0.0, 1.0]
            ]
        },
        {
            "name": "Leg_L",
            "time": [0.0, 0.5, 1.5833, 2.6667],
            "transform": [
                [1.0, -1e-06, 1e-06, 0.0, 0.0, 0.916051, 0.401062, 0.37472, -1e-06, -0.401062, 0.916051, -0.0, 0.0, 0.0, 0.0, 1.0],
                [1.0, -1e-06, 1e-06, 0.0, 0.0, 0.924372, 0.381491, 0.37472, -1e-06, -0.381491, 0.924373, 0.0, 0.0, 0.0, 0.0, 1.0],
                [1.0, -1e-06, 1e-06, 0.0, 0.0, 0.954515, 0.298162, 0.37472, -1e-06, -0.298162, 0.954516, -0.0, 0.0, 0.0, 0.0, 1.0],
                [1.0, -1e-06, 1e-06, 0.0, 0.0, 0.916051, 0.401062, 0.37472, -1e-06, -0.401062, 0.916051, -0.0, 0.0, 0.0, 0.0, 1.0]
            ]
        },
        {
            "name": "Knee_L",
            "time": [0.0, 2.6667],
            "transform": [
                [1.0, 0.0, -0.0, 0.0, -0.0, 1e-06, -1.0, 0.37573, -0.0, 1.0, 1e-06, -0.0, 0.0, 0.0, 0.0, 1.0],
                [1.0, 0.0, -0.0, 0.0, -0.0, 1e-06, -1.0, 0.37573, -0.0, 1.0, 1e-06, -0.0, 0.0, 0.0, 0.0, 1.0]
            ]
        },
        {
            "name": "Torso",
            "time": [0.0, 2.6667],
            "transform": [
                [1.0, -0.0, -0.0, -0.0, -0.0, 1.0, 0.0, 0.05, 0.0, 0.0, 1.0, -0.0, 0.0, 0.0, 0.0, 1.0],
                [1.0, -0.0, -0.0, -0.0, -0.0, 1.0, 0.0, 0.05, 0.0, 0.0, 1.0, -0.0, 0.0, 0.0, 0.0, 1.0]
            ]
        },
        {
            "name": "Chest",
            "time": [0.0, 0.5, 1.5833, 2.6667],
            "transform": [
                [0.999955, -0.009433, 0.000754, -0.0, 0.009423, 0.999889, 0.011523, 0.3, -0.000863, -0.011516, 0.999933, -0.0, 0.0, 0.0, 0.0, 1.0],
                [0.999902, -0.013958, 0.000818, 0.0, 0.013952, 0.999879, 0.006788, 0.3, -0.000913, -0.006776, 0.999977, 0.0, 0.0, 0.0, 0.0, 1.0],
                [0.999945, 0.010427, 0.000806, 0.0, -0.010415, 0.999864, -0.012799, 0.3, -0.000939, 0.01279, 0.999918, 0.0, 0.0, 0.0, 0.0, 1.0],
                [0.999955, -0.009433, 0.000754, -0.0, 0.009423, 0.999889, 0.011523, 0.3, -0.000863, -0.011516, 0.999933, -0.0, 0.0, 0.0, 0.0, 1.0]
            ]
        },
        {
            "name": "Head",
            "time": [0.0, 0.5, 1.5833, 2.6667],
            "transform": [
                [0.777201, 0.020755, 0.62891, 0.0, 0.006332, 0.999147, -0.040798, 0.4, -0.62922, 0.035691, 0.776407, 0.0, 0.0, 0.0, 0.0, 1.0],
                [0.777186, 0.017233, 0.629035, -0.0, 0.006352, 0.999359, -0.035226, 0.4, -0.629239, 0.031373, 0.776578, -0.0, 0.0, 0.0, 0.0, 1.0],
                [0.777085, -0.005777, 0.629369, 0.0, 0.006481, 0.999978, 0.001176, 0.4, -0.629362, 0.003165, 0.777106, 0.0, 0.0, 0.0, 0.0, 1.0],
                [0.777201, 0.020755, 0.62891, 0.0, 0.006332, 0.999147, -0.040798, 0.4, -0.62922, 0.035691, 0.776407, 0.0, 0.0, 0.0, 0.0, 1.0]
            ]
        },
        {
            "name": "Shoulder_R",
            "time": [0.0, 2.6667],
            "transform": [
                [0.093479, 0.952114, 0.291102, 0.0, 0.291102, -0.305743, 0.906521, 0.4, 0.952114, 0.0, -0.305743, 0.0, 0.0, 0.0, 0.0, 1.0],
                [0.093479, 0.952114, 0.291102, 0.0, 0.291102, -0.305743, 0.906521, 0.4, 0.952114, 0.0, -0.305743, 0.0, 0.0, 0.0, 0.0, 1.0]
            ]
        },
        {
            "name": "Arm_R",
            "time": [0.0, 0.5, 1.5833, 2.6667],
            "transform": [
                [0.316586, -0.183256, -0.930694, -0.008645, 0.856834, 0.476182, 0.1977, 0.401786, 0.40695, -0.86004, 0.307772, -0.024755, 0.0, 0.0, 0.0, 1.0],
                [0.316586, -0.183256, -0.930694, -0.0092, 0.856834, 0.476182, 0.1977, 0.402233, 0.40695, -0.86004, 0.307772, -0.026155, 0.0, 0.0, 0.0, 1.0],
                [0.31697, -0.177752, -0.93163, -0.000982, 0.854529, 0.47968, 0.199216, 0.395923, 0.411473, -0.859251, 0.303939, -0.004849, 0.0, 0.0, 0.0, 1.0],
                [0.316586, -0.183256, -0.930694, -0.008645, 0.856834, 0.476182, 0.1977, 0.401786, 0.40695, -0.86004, 0.307772, -0.024755, 0.0, 0.0, 0.0, 1.0]
            ]
        },
        {
            "name": "Hand_R",
            "time": [0.0, 0.5, 1.5833, 2.6667],
            "transform": [
                [1.0, 0.0, 0.0, 0.0, -0.0, 0.993559, -0.113314, 0.3, -0.0, 0.113314, 0.993559, 0.0, 0.0, 0.0, 0.0, 1.0],
                [1.0, 0.0, 0.0, -0.0, -0.0, 0.99411, -0.108376, 0.3, -0.0, 0.108376, 0.99411, 0.0, 0.0, 0.0, 0.0, 1.0],
                [1.0, 0.0, 0.0, 0.0, -0.0, 0.988544, -0.150934, 0.3, -0.0, 0.150934, 0.988544, -0.0, 0.0, 0.0, 0.0, 1.0],
                [1.0, 0.0, 0.0, 0.0, -0.0, 0.993559, -0.113314, 0.3, -0.0, 0.113314, 0.993559, 0.0, 0.0, 0.0, 0.0, 1.0]
            ]
        },
        {
            "name": "Tool_R",
            "time": [0.0, 2.6667],
            "transform": [
                [1.0, -0.0, 0.0, 0.0, 0.0, -0.932089, -0.362229, 0.272858, 0.0, 0.362003, -0.931539, -0.0, 0.0, 0.0, 0.0, 1.0],
                [1.0, -0.0, 0.0, 0.0, 0.0, -0.932089, -0.362229, 0.272858, 0.0, 0.362003, -0.931539, -0.0, 0.0, 0.0, 0.0, 1.0]
            ]
        },
        {
            "name": "Elbow_R",
            "time": [0.0, 2.6667],
            "transform": [
                [-1.0, 0.0, -0.0, 0.0, 0.0, -0.0, -1.0, 0.320966, -0.0, -1.0, 0.0, 0.0, 0.0, 0.0, 0.0, 1.0],
                [-1.0, 0.0, -0.0, 0.0, 0.0, -0.0, -1.0, 0.320966, -0.0, -1.0, 0.0, 0.0, 0.0, 0.0, 0.0, 1.0]
            ]
        },
        {
            "name": "Shoulder_L",
            "time": [0.0, 2.6667],
            "transform": [
                [0.093479, -0.952114, -0.291103, 0.0, -0.291103, -0.305743, 0.906521, 0.4, -0.952114, 0.0, -0.305743, 0.0, 0.0, 0.0, 0.0, 1.0],
                [0.093479, -0.952114, -0.291103, 0.0, -0.291103, -0.305743, 0.906521, 0.4, -0.952114, 0.0, -0.305743, 0.0, 0.0, 0.0, 0.0, 1.0]
            ]
        },
        {
            "name": "Arm_L",
            "time": [0.0, 0.5, 1.5833, 2.6667],
            "transform": [
                [0.147984, 0.069601, 0.986538, 0.008557, -0.863238, 0.495873, 0.094504, 0.402678, -0.48262, -0.865601, 0.133464, -0.024482, 0.0, 0.0, 0.0, 1.0],
                [0.147984, 0.069601, 0.986538, 0.009106, -0.863237, 0.495873, 0.094504, 0.403189, -0.48262, -0.865601, 0.133464, -0.025863, 0.0, 0.0, 0.0, 1.0],
                [0.189355, 0.024104, 0.981613, 0.001068, -0.855234, 0.495199, 0.152817, 0.395046, -0.48241, -0.868445, 0.114383, -0.005117, 0.0, 0.0, 0.0, 1.0],
                [0.147984, 0.069601, 0.986538, 0.008557, -0.863238, 0.495873, 0.094504, 0.402678, -0.48262, -0.865601, 0.133464, -0.024482, 0.0, 0.0, 0.0, 1.0]
            ]
        },
        {
            "name": "Hand_L",
            "time": [0.0, 0.5, 1.5833, 2.6667],
            "transform": [
                [1.0, 0.0, -0.0, 0.0, -0.0, 0.943065, -0.332609, 0.3, 0.0, 0.332608, 0.943065, 0.0, 0.0, 0.0, 0.0, 1.0],
                [1.0, 0.0, 0.0, 0.0, -0.0, 0.937833, -0.347086, 0.3, 0.0, 0.347086, 0.937834, 0.0, 0.0, 0.0, 0.0, 1.0],
                [1.0, 0.0, 0.0, -0.0, -0.0, 0.894005, -0.448058, 0.3, -0.0, 0.448058, 0.894005, 0.0, 0.0, 0.0, 0.0, 1.0],
                [1.0, 0.0, -0.0, 0.0, -0.0, 0.943065, -0.332609, 0.3, 0.0, 0.332608, 0.943065, 0.0, 0.0, 0.0, 0.0, 1.0]
            ]
        },
        {
            "name": "Tool_L",
            "time": [0.0, 2.6667],
            "transform": [
                [1.0, 0.0, 0.0, -0.005789, 0.0, -0.999835, 0.018122, 0.210369, 0.0, -0.018122, -0.999243, 0.061911, 0.0, 0.0, 0.0, 1.0],
                [1.0, 0.0, 0.0, -0.005789, 0.0, -0.999835, 0.018122, 0.210369, 0.0, -0.018122, -0.999243, 0.061911, 0.0, 0.0, 0.0, 1.0]
            ]
        },
        {
            "name": "Elbow_L",
            "time": [0.0, 2.6667],
            "transform": [
                [-1.0, 0.0, -0.0, 0.0, 0.0, -0.0, -1.0, 0.342099, -0.0, -1.0, -0.0, 0.0, 0.0, 0.0, 0.0, 1.0],
                [-1.0, 0.0, -0.0, 0.0, 0.0, -0.0, -1.0, 0.342099, -0.0, -1.0, -0.0, 0.0, 0.0, 0.0, 0.0, 1.0]
            ]
        }
    ]
}