{
    "animation": [
        {
            "name": "Root",
            "time": [0.0, 3.3333],
            "transform": [
                [0.854689, 0.0, -0.51914, -5e-06, -0.51914, 0.0, -0.854689, 0.000946, 0.0, 1.0, 0.0, 0.755725, 0.0, 0.0, 0.0, 1.0],
                [0.854689, 0.0, -0.51914, -5e-06, -0.51914, 0.0, -0.854689, 0.000946, 0.0, 1.0, 0.0, 0.755725, 0.0, 0.0, 0.0, 1.0]
            ]
        },
        {
            "name": "Thigh_R",
            "time": [0.0, 3.3333],
            "transform": [
                [0.996122, 0.056386, -0.067528, 0.124994, 0.068868, -0.977426, 0.199729, -0.002831, -0.054742, -0.203604, -0.977522, -1.2e-05, 0.0, 0.0, 0.0, 1.0],
                [0.996122, 0.056386, -0.067528, 0.124994, 0.068868, -0.977426, 0.199729, -0.002831, -0.054742, -0.203604, -0.977522, -1.2e-05, 0.0, 0.0, 0.0, 1.0]
            ]
        },
        {
            "name": "Leg_R",
            "time": [0.0, 3.3333],
            "transform": [
                [1.0, -0.0, 2e-06, 0.0, -0.0, 0.966099, 0.258173, 0.37472, -2e-06, -0.258173, 0.966098, -0.0, 0.0, 0.0, 0.0, 1.0],
                [1.0, -0.0, 2e-06, 0.0, -0.0, 0.966099, 0.258173, 0.37472, -2e-06, -0.258173, 0.966098, -0.0, 0.0, 0.0, 0.0, 1.0]
            ]
        },
        {
            "name": "Knee_R",
            "time": [0.0, 3.3333],
            "transform": [
                [1.0, 0.0, -0.0, 0.0, -0.0, 1e-06, -1.0, 0.37472, -0.0, 1.0, 1e-06, -0.0, 0.0, 0.0, 0.0, 1.0],
                [1.0, 0.0, -0.0, 0.0, -0.0, 1e-06, -1.0, 0.37472, -0.0, 1.0, 1e-06, -0.0, 0.0, 0.0, 0.0, 1.0]
            ]
        },
        {
            "name": "Thigh_L",
            "time": [0.0, 3.3333],
            "transform": [
                [0.866588, -0.133703, -0.480778, -0.125006, -0.027838, -0.974891, 0.220935, -0.002831, -0.498245, -0.178075, -0.848552, -1.2e-05, 0.0, 0.0, 0.0, 1.0],
                [0.866588, -0.133703, -0.480778, -0.125006, -0.027838, -0.974891, 0.220935, -0.002831, -0.498245, -0.178075, -0.848552, -1.2e-05, 0.0, 0.0, 0.0, 1.0]
            ]
        },
        {
            "name": "Leg_L",
            "time": [0.0, 3.3333],
            "transform": [
                [1.0, -0.0, 1e-06, 0.0, 0.0, 0.984973, 0.172708, 0.37472, -1e-06, -0.172708, 0.984973, 0.0, 0.0, 0.0, 0.0, 1.0],
                [1.0, -0.0, 1e-06, 0.0, 0.0, 0.984973, 0.172708, 0.37472, -1e-06, -0.172708, 0.984973, 0.0, 0.0, 0.0, 0.0, 1.0]
            ]
        },
        {
            "name": "Knee_L",
            "time": [0.0, 3.3333],
            "transform": [
                [1.0, 0.0, -0.0, 0.0, -0.0, 1e-06, -1.0, 0.37472, -0.0, 1.0, 1e-06, 0.0, 0.0, 0.0, 0.0, 1.0],
                [1.0, 0.0, -0.0, 0.0, -0.0, 1e-06, -1.0, 0.37472, -0.0, 1.0, 1e-06, 0.0, 0.0, 0.0, 0.0, 1.0]
            ]
        },
        {
            "name": "Torso",
            "time": [0.0, 3.3333],
            "transform": [
                [0.99978, -0.020971, -0.000197, -0.0, 0.020971, 0.999603, 0.018833, 0.05, -0.000198, -0.018833, 0.999823, 0.0, 0.0, 0.0, 0.0, 1.0],
                [0.99978, -0.020971, -0.000197, -0.0, 0.020971, 0.999603, 0.018833, 0.05, -0.000198, -0.018833, 0.999823, 0.0, 0.0, 0.0, 0.0, 1.0]
            ]
        },
        {
            "name": "Chest",
            "time": [0.0, 3.3333],
            "transform": [
                [0.999771, -0.021411, -0.000206, 0.0, 0.021411, 0.999586, 0.019228, 0.3, -0.000206, -0.019228, 0.999815, 0.0, 0.0, 0.0, 0.0, 1.0],
                [0.999771, -0.021411, -0.000206, 0.0, 0.021411, 0.999586, 0.019228, 0.3, -0.000206, -0.019228, 0.999815, 0.0, 0.0, 0.0, 0.0, 1.0]
            ]
        },
        {
            "name": "Head",
            "time": [0.0, 3.3333],
            "transform": [
                [0.85311, 0.037721, 0.520365, -0.0, -0.006297, 0.998055, -0.062025, 0.4, -0.521693, 0.049637, 0.851688, 0.0, 0.0, 0.0, 0.0, 1.0],
                [0.85311, 0.037721, 0.520365, -0.0, -0.006297, 0.998055, -0.062025, 0.4, -0.521693, 0.049637, 0.851688, 0.0, 0.0, 0.0, 0.0, 1.0]
            ]
        },
        {
            "name": "Shoulder_R",
            "time": [0.0, 3.3333],
            "transform": [
                [0.85134, 0.511983, -0.114425, -0.0, 0.278278, -0.255817, 0.925807, 0.4, 0.444725, -0.820019, -0.360262, 0.0, 0.0, 0.0, 0.0, 1.0],
                [0.85134, 0.511983, -0.114425, -0.0, 0.278278, -0.255817, 0.925807, 0.4, 0.444725, -0.820019, -0.360262, 0.0, 0.0, 0.0, 0.0, 1.0]
            ]
        },
        {
            "name": "Arm_R",
            "time": [0.0, 3.3333],
            "transform": [
                [0.449669, -0.661246, -0.60046, 0.0, 0.440635, 0.748989, -0.49483, 0.39386, 0.776942, -0.042074, 0.628165, -0.0, 0.0, 0.0, 0.0, 1.0],
                [0.449669, -0.661246, -0.60046, 0.0, 0.440635, 0.748989, -0.49483, 0.39386, 0.776942, -0.042074, 0.628165, -0.0, 0.0, 0.0, 0.0, 1.0]
            ]
        },
        {
            "name": "Hand_R",
            "time": [0.0, 3.3333],
            "transform": [
                [1.0, 0.0, 0.0, 0.0, 0.0, 0.867339, -0.497717, 0.3, -0.0, 0.497717, 0.867339, 0.0, 0.0, 0.0, 0.0, 1.0],
                [1.0, 0.0, 0.0, 0.0, 0.0, 0.867339, -0.497717, 0.3, -0.0, 0.497717, 0.867339, 0.0, 0.0, 0.0, 0.0, 1.0]
            ]
        },
        {
            "name": "Tool_R",
            "time": [0.0, 3.3333],
            "transform": [
                [0.660213, -0.150391, -0.735868, -0.076582, -0.062587, -0.987357, 0.145635, 0.317226, -0.748022, -0.050075, -0.660883, 0.556457, 0.0, 0.0, 0.0, 1.0],
                [0.660213, -0.150391, -0.735868, -0.076582, -0.062587, -0.987357, 0.145635, 0.317226, -0.748022, -0.050075, -0.660883, 0.556457, 0.0, 0.0, 0.0, 1.0]
            ]
        },
        {
            "name": "Elbow_R",
            "time": [0.0, 3.3333],
            "transform": [
                [-1.0, 0.0, -0.0, 0.0, 0.0, -0.0, -1.0, 0.359144, -0.0, -1.0, 0.0, 0.0, 0.0, 0.0, 0.0, 1.0],
                [-1.0, 0.0, -0.0, 0.0, 0.0, -0.0, -1.0, 0.359144, -0.0, -1.0, 0.0, 0.0, 0.0, 0.0, 0.0, 1.0]
            ]
        },
        {
            "name": "Shoulder_L",
            "time": [0.0, 3.3333],
            "transform": [
                [0.150599, -0.965294, -0.21337, -0.0, -0.351066, -0.253984, 0.901246, 0.4, -0.92416, -0.06082, -0.377132, 0.0, 0.0, 0.0, 0.0, 1.0],
                [0.150599, -0.965294, -0.21337, -0.0, -0.351066, -0.253984, 0.901246, 0.4, -0.92416, -0.06082, -0.377132, 0.0, 0.0, 0.0, 0.0, 1.0]
            ]
        },
        {
            "name": "Arm_L",
            "time": [0.0, 3.3333],
            "transform": [
                [0.611656, 0.385613, 0.690782, -0.0, -0.282479, 0.92206, -0.264596, 0.39386, -0.738974, -0.03329, 0.672911, 0.0, 0.0, 0.0, 0.0, 1.0],
                [0.611656, 0.385613, 0.690782, -0.0, -0.282479, 0.92206, -0.264596, 0.39386, -0.738974, -0.03329, 0.672911, 0.0, 0.0, 0.0, 0.0, 1.0]
            ]
        },
        {
            "name": "Hand_L",
            "time": [0.0, 3.3333],
            "transform": [
                [1.0, 0.0, 0.0, 0.0, -0.0, 0.793275, -0.608864, 0.3, 0.0, 0.608864, 0.793275, -0.0, 0.0, 0.0, 0.0, 1.0],
                [1.0, 0.0, 0.0, 0.0, -0.0, 0.793275, -0.608864, 0.3, 0.0, 0.608864, 0.793275, -0.0, 0.0, 0.0, 0.0, 1.0]
            ]
        },
        {
            "name": "Tool_L",
            "time": [0.0, 3.3333],
            "transform": [
                [1.0, 0.0, 0.0, -0.0, 0.0, -0.999836, 0.018122, 0.272858, 0.0, -0.018122, -0.999243, 0.0, 0.0, 0.0, 0.0, 1.0],
                [1.0, 0.0, 0.0, -0.0, 0.0, -0.999836, 0.018122, 0.272858, 0.0, -0.018122, -0.999243, 0.0, 0.0, 0.0, 0.0, 1.0]
            ]
        },
        {
            "name": "Elbow_L",
            "time": [0.0, 3.3333],
            "transform": [
                [-1.0, 0.0, 0.0, 0.0, -0.0, -0.0, -1.0, 0.37167, -0.0, -1.0, -0.0, 0.0, 0.0, 0.0, 0.0, 1.0],
                [-1.0, 0.0, 0.0, 0.0, -0.0, -0.0, -1.0, 0.37167, -0.0, -1.0, -0.0, 0.0, 0.0, 0.0, 0.0, 1.0]
            ]
        }
    ]
}