{
    "animation": [
        {
            "name": "Root",
            "time": [0.0, 1.3333, 2.6667],
            "transform": [
                [0.972802, 0.0, -0.231636, -5e-06, -0.231636, 0.0, -0.972802, 0.000946, 0.0, 1.0, 0.0, 0.730001, 0.0, 0.0, 0.0, 1.0],
                [0.972802, 0.0, -0.231636, -5e-06, -0.231636, 0.0, -0.972802, 0.000946, 0.0, 1.0, 0.0, 0.736175, 0.0, 0.0, 0.0, 1.0],
                [0.972802, 0.0, -0.231636, -5e-06, -0.231636, 0.0, -0.972802, 0.000946, 0.0, 1.0, 0.0, 0.730001, 0.0, 0.0, 0.0, 1.0]
            ]
        },
        {
            "name": "Thigh_R",
            "time": [0.0, 1.3333, 2.6667],
            "transform": [
                [0.997208, 0.060766, -0.043394, 0.124994, 0.057434, -0.995577, -0.074322, -0.002831, -0.047718, 0.071624, -0.99629, -1.2e-05, 0.0, 0.0, 0.0, 1.0],
                [0.997245, 0.062335, -0.040197, 0.124994, 0.057013, -0.990866, -0.122188, -0.002831, -0.047447, 0.119562, -0.991692, -1.2e-05, 0.0, 0.0, 0.0, 1.0],
                [0.997208, 0.060766, -0.043394, 0.124994, 0.057434, -0.995577, -0.074322, -0.002831, -0.047718, 0.071624, -0.99629, -1.2e-05, 0.0, 0.0, 0.0, 1.0]
            ]
        },
        {
            "name": "Leg_R",
            "time": [0.0, 1.3333, 2.6667],
            "transform": [
                [1.0, 0.0, 1e-06, -0.0, 0.0, 0.933462, 0.35868, 0.37472, -1e-06, -0.358678, 0.93346, -0.0, 0.0, 0.0, 0.0, 1.0],
                [1.0, 0.0, 1e-06, 0.0, 0.0, 0.964833, 0.262866, 0.37472, -1e-06, -0.262865, 0.964832, 0.0, 0.0, 0.0, 0.0, 1.0],
                [1.0, 0.0, 1e-06, -0.0, 0.0, 0.933462, 0.35868, 0.37472, -1e-06, -0.358678, 0.93346, -0.0, 0.0, 0.0, 0.0, 1.0]
            ]
        },
        {
            "name": "Knee_R",
            "time": [0.0, 1.3333, 2.6667],
            "transform": [
                [1.0, 0.0, -0.0, -0.0, -0.0, 1e-06, -1.0, 0.37472, -0.0, 1.0, 1e-06, -0.0, 0.0, 0.0, 0.0, 1.0],
                [1.0, 0.0, -0.0, 0.0, -0.0, 1e-06, -1.0, 0.37472, -0.0, 1.0, 1e-06, -0.0, 0.0, 0.0, 0.0, 1.0],
                [1.0, 0.0, -0.0, -0.0, -0.0, 1e-06, -1.0, 0.37472, -0.0, 1.0, 1e-06, -0.0, 0.0, 0.0, 0.0, 1.0]
            ]
        },
        {
            "name": "Thigh_L",
            "time": [0.0, 1.3333, 2.6667],
            "transform": [
                [0.981719, -0.094044, -0.165472, -0.125006, -0.014896, -0.9047, 0.425789, -0.002831, -0.189746, -0.415539, -0.889563, -1.2e-05, 0.0, 0.0, 0.0, 1.0],
                [0.981716, -0.08675, -0.169429, -0.125006, -0.014762, -0.922131, 0.386594, -0.002831, -0.189773, -0.377023, -0.906553, -1.2e-05, 0.0, 0.0, 0.0, 1.0],
                [0.981719, -0.094044, -0.165472, -0.125006, -0.014896, -0.9047, 0.425789, -0.002831, -0.189746, -0.415539, -0.889563, -1.2e-05, 0.0, 0.0, 0.0, 1.0]
            ]
        },
        {
            "name": "Leg_L",
            "time": [0.0, 1.3333, 2.6667],
            "transform": [
                [1.0, 0.0, 1e-06, -0.0, 0.0, 0.906947, 0.421244, 0.37472, -1e-06, -0.421243, 0.906948, 0.0, 0.0, 0.0, 0.0, 1.0],
                [1.0, 0.0, 1e-06, -0.0, 0.0, 0.93845, 0.345413, 0.37472, -1e-06, -0.345412, 0.938451, -0.0, 0.0, 0.0, 0.0, 1.0],
                [1.0, 0.0, 1e-06, -0.0, 0.0, 0.906947, 0.421244, 0.37472, -1e-06, -0.421243, 0.906948, 0.0, 0.0, 0.0, 0.0, 1.0]
            ]
        },
        {
            "name": "Knee_L",
            "time": [0.0, 1.3333, 2.6667],
            "transform": [
                [1.0, 0.0, -0.0, 0.0, -0.0, 1e-06, -1.0, 0.377718, -0.0, 1.0, 1e-06, 0.0, 0.0, 0.0, 0.0, 1.0],
                [1.0, 0.0, -0.0, 0.0, -0.0, 1e-06, -1.0, 0.37472, -0.0, 1.0, 1e-06, -0.0, 0.0, 0.0, 0.0, 1.0],
                [1.0, 0.0, -0.0, 0.0, -0.0, 1e-06, -1.0, 0.377718, -0.0, 1.0, 1e-06, 0.0, 0.0, 0.0, 0.0, 1.0]
            ]
        },
        {
            "name": "Torso",
            "time": [0.0, 1.3333, 2.6667],
            "transform": [
                [0.999997, -0.002593, -1.4e-05, -0.0, 0.002593, 0.999937, 0.010891, 0.05, -1.4e-05, -0.010891, 0.999941, 0.0, 0.0, 0.0, 0.0, 1.0],
                [1.0, 0.0, 0.0, -0.0, 0.0, 1.0, 0.0, 0.05, 0.0, 0.0, 1.0, 0.0, 0.0, 0.0, 0.0, 1.0],
                [0.999997, -0.002593, -1.4e-05, -0.0, 0.002593, 0.999937, 0.010891, 0.05, -1.4e-05, -0.010891, 0.999941, 0.0, 0.0, 0.0, 0.0, 1.0]
            ]
        },
        {
            "name": "Chest",
            "time": [0.0, 1.3333, 2.6667],
            "transform": [
                [0.999987, -0.005093, -5.5e-05, -0.0, 0.005093, 0.999758, 0.021389, 0.3, -5.4e-05, -0.021389, 0.999771, -0.0, 0.0, 0.0, 0.0, 1.0],
                [1.0, 0.0, 0.0, -0.0, 0.0, 1.0, 0.0, 0.3, 0.0, 0.0, 1.0, 0.0, 0.0, 0.0, 0.0, 1.0],
                [0.999987, -0.005093, -5.5e-05, -0.0, 0.005093, 0.999758, 0.021389, 0.3, -5.4e-05, -0.021389, 0.999771, -0.0, 0.0, 0.0, 0.0, 1.0]
            ]
        },
        {
            "name": "Head",
            "time": [0.0, 1.3333, 2.6667],
            "transform": [
                [0.968482, 0.005819, 0.249015, 0.0, 0.000452, 0.999684, -0.025118, 0.4, -0.249082, 0.024439, 0.968174, 0.0, 0.0, 0.0, 0.0, 1.0],
                [0.968481, 0.0, 0.249088, -0.0, 0.0, 1.0, 0.0, 0.4, -0.249088, 0.0, 0.968481, 0.0, 0.0, 0.0, 0.0, 1.0],
                [0.968482, 0.005819, 0.249015, 0.0, 0.000452, 0.999684, -0.025118, 0.4, -0.249082, 0.024439, 0.968174, 0.0, 0.0, 0.0, 0.0, 1.0]
            ]
        },
        {
            "name": "Shoulder_R",
            "time": [0.0, 2.6667],
            "transform": [
                [0.182308, 0.941156, 0.284585, 0.0, 0.285185, -0.327607, 0.900746, 0.4, 0.940974, -0.083054, -0.328129, 0.0, 0.0, 0.0, 0.0, 1.0],
                [0.182308, 0.941156, 0.284585, 0.0, 0.285185, -0.327607, 0.900746, 0.4, 0.940974, -0.083054, -0.328129, 0.0, 0.0, 0.0, 0.0, 1.0]
            ]
        },
        {
            "name": "Arm_R",
            "time": [0.0, 0.45, 1.6167, 2.6667],
            "transform": [
                [0.375901, 0.008155, -0.926624, -0.001913, 0.841116, 0.416632, 0.344879, 0.396058, 0.388873, -0.909039, 0.149753, -0.006042, 0.0, 0.0, 0.0, 1.0],
                [0.375901, 0.008155, -0.926624, -0.00122, 0.841116, 0.416632, 0.344879, 0.395262, 0.388873, -0.909039, 0.149753, -0.003854, 0.0, 0.0, 0.0, 1.0],
                [0.375901, 0.008155, -0.926624, 0.002869, 0.841116, 0.416632, 0.344879, 0.394316, 0.388873, -0.909039, 0.149753, 0.011092, 0.0, 0.0, 0.0, 1.0],
                [0.375901, 0.008155, -0.926624, -0.001913, 0.841116, 0.416632, 0.344879, 0.396058, 0.388873, -0.909039, 0.149753, -0.006042, 0.0, 0.0, 0.0, 1.0]
            ]
        },
        {
            "name": "Hand_R",
            "time": [0.0, 2.6667],
            "transform": [
                [1.0, 0.0, 0.0, -0.0, -0.0, 0.965668, -0.25978, 0.3, -0.0, 0.25978, 0.965668, 0.0, 0.0, 0.0, 0.0, 1.0],
                [1.0, 0.0, 0.0, -0.0, -0.0, 0.965668, -0.25978, 0.3, -0.0, 0.25978, 0.965668, 0.0, 0.0, 0.0, 0.0, 1.0]
            ]
        },
        {
            "name": "Tool_R",
            "time": [0.0, 2.6667],
            "transform": [
                [1.0, -0.0, 0.0, -0.0, -0.0, -0.934465, -0.356057, 0.272858, 0.0, 0.355835, -0.933912, 0.0, 0.0, 0.0, 0.0, 1.0],
                [1.0, -0.0, 0.0, -0.0, -0.0, -0.934465, -0.356057, 0.272858, 0.0, 0.355835, -0.933912, 0.0, 0.0, 0.0, 0.0, 1.0]
            ]
        },
        {
            "name": "Elbow_R",
            "time": [0.0, 2.6667],
            "transform": [
                [-1.0, 0.0, -0.0, -0.0, 0.0, -0.0, -1.0, 0.346576, -0.0, -1.0, 0.0, 0.0, 0.0, 0.0, 0.0, 1.0],
                [-1.0, 0.0, -0.0, -0.0, 0.0, -0.0, -1.0, 0.346576, -0.0, -1.0, 0.0, 0.0, 0.0, 0.0, 0.0, 1.0]
            ]
        },
        {
            "name": "Shoulder_L",
            "time": [0.0, 2.6667],
            "transform": [
                [0.093479, -0.952114, -0.291103, 0.0, -0.291103, -0.305743, 0.906521, 0.4, -0.952114, -0.0, -0.305743, 0.0, 0.0, 0.0, 0.0, 1.0],
                [0.093479, -0.952114, -0.291103, 0.0, -0.291103, -0.305743, 0.906521, 0.4, -0.952114, -0.0, -0.305743, 0.0, 0.0, 0.0, 0.0, 1.0]
            ]
        },
        {
            "name": "Arm_L",
            "time": [0.0, 0.45, 1.6167, 2.6667],
            "transform": [
                [0.66593, 0.0881, 0.740794, 0.002686, -0.712299, 0.370239, 0.596283, 0.396682, -0.221738, -0.924749, 0.309306, -0.008365, 0.0, 0.0, 0.0, 1.0],
                [0.66593, 0.0881, 0.740794, 0.001246, -0.712299, 0.370238, 0.596283, 0.395169, -0.221738, -0.924749, 0.309306, -0.003879, 0.0, 0.0, 0.0, 1.0],
                [0.66593, 0.0881, 0.740794, -0.00441, -0.712299, 0.370239, 0.596283, 0.394487, -0.221738, -0.924749, 0.309306, 0.010555, 0.0, 0.0, 0.0, 1.0],
                [0.66593, 0.0881, 0.740794, 0.002686, -0.712299, 0.370239, 0.596283, 0.396682, -0.221738, -0.924749, 0.309306, -0.008365, 0.0, 0.0, 0.0, 1.0]
            ]
        },
        {
            "name": "Hand_L",
            "time": [0.0, 2.6667],
            "transform": [
                [1.0, 0.0, 0.0, 0.0, -0.0, 0.961539, -0.274668, 0.3, -0.0, 0.274668, 0.961539, -0.0, 0.0, 0.0, 0.0, 1.0],
                [1.0, 0.0, 0.0, 0.0, -0.0, 0.961539, -0.274668, 0.3, -0.0, 0.274668, 0.961539, -0.0, 0.0, 0.0, 0.0, 1.0]
            ]
        },
        {
            "name": "Tool_L",
            "time": [0.0, 2.6667],
            "transform": [
                [1.0, -0.0, 0.0, 0.0, -0.0, -0.89022, -0.455531, 0.272858, 0.0, 0.455251, -0.889697, 0.0, 0.0, 0.0, 0.0, 1.0],
                [1.0, -0.0, 0.0, 0.0, -0.0, -0.89022, -0.455531, 0.272858, 0.0, 0.455251, -0.889697, 0.0, 0.0, 0.0, 0.0, 1.0]
            ]
        },
        {
            "name": "Elbow_L",
            "time": [0.0, 2.6667],
            "transform": [
                [-1.0, 0.0, -0.0, -0.0, 0.0, 0.0, -1.0, 0.345497, -0.0, -1.0, -0.0, -0.0, 0.0, 0.0, 0.0, 1.0],
                [-1.0, 0.0, -0.0, -0.0, 0.0, 0.0, -1.0, 0.345497, -0.0, -1.0, -0.0, -0.0, 0.0, 0.0, 0.0, 1.0]
            ]
        }
    ]
}