{
    "animation": [
        {
            "name": "Root",
            "time": [0.0, 2.6667],
            "transform": [
                [0.854689, 0.0, -0.51914, -5e-06, -0.51914, 0.0, -0.854689, 0.000946, 0.0, 1.0, 0.0, 0.755725, 0.0, 0.0, 0.0, 1.0],
                [0.854689, 0.0, -0.51914, -5e-06, -0.51914, 0.0, -0.854689, 0.000946, 0.0, 1.0, 0.0, 0.755725, 0.0, 0.0, 0.0, 1.0]
            ]
        },
        {
            "name": "Thigh_R",
            "time": [0.0, 2.6667],
            "transform": [
                [0.993012, 0.090809, -0.075368, 0.124994, 0.097418, -0.991235, 0.08921, -0.002831, -0.066607, -0.095928, -0.993158, -1.2e-05, 0.0, 0.0, 0.0, 1.0],
                [0.993012, 0.090809, -0.075368, 0.124994, 0.097418, -0.991235, 0.08921, -0.002831, -0.066607, -0.095928, -0.993158, -1.2e-05, 0.0, 0.0, 0.0, 1.0]
            ]
        },
        {
            "name": "Leg_R",
            "time": [0.0, 2.6667],
            "transform": [
                [1.0, -0.0, 1e-06, -0.0, 0.0, 0.968297, 0.249805, 0.37472, -1e-06, -0.249805, 0.968295, 0.0, 0.0, 0.0, 0.0, 1.0],
                [1.0, -0.0, 1e-06, -0.0, 0.0, 0.968297, 0.249805, 0.37472, -1e-06, -0.249805, 0.968295, 0.0, 0.0, 0.0, 0.0, 1.0]
            ]
        },
        {
            "name": "Knee_R",
            "time": [0.0, 2.6667],
            "transform": [
                [1.0, 0.0, -0.0, -0.0, -0.0, 1e-06, -1.0, 0.37472, -0.0, 1.0, 1e-06, 0.0, 0.0, 0.0, 0.0, 1.0],
                [1.0, 0.0, -0.0, -0.0, -0.0, 1e-06, -1.0, 0.37472, -0.0, 1.0, 1e-06, 0.0, 0.0, 0.0, 0.0, 1.0]
            ]
        },
        {
            "name": "Thigh_L",
            "time": [0.0, 2.6667],
            "transform": [
                [0.866497, -0.135651, -0.480396, -0.125006, -0.027169, -0.973759, 0.225956, -0.002831, -0.498441, -0.182738, -0.847445, -1.2e-05, 0.0, 0.0, 0.0, 1.0],
                [0.866497, -0.135651, -0.480396, -0.125006, -0.027169, -0.973759, 0.225956, -0.002831, -0.498441, -0.182738, -0.847445, -1.2e-05, 0.0, 0.0, 0.0, 1.0]
            ]
        },
        {
            "name": "Leg_L",
            "time": [0.0, 2.6667],
            "transform": [
                [1.0, -0.0, 1e-06, -0.0, 0.0, 0.970944, 0.239307, 0.37472, -1e-06, -0.239306, 0.970944, -0.0, 0.0, 0.0, 0.0, 1.0],
                [1.0, -0.0, 1e-06, -0.0, 0.0, 0.970944, 0.239307, 0.37472, -1e-06, -0.239306, 0.970944, -0.0, 0.0, 0.0, 0.0, 1.0]
            ]
        },
        {
            "name": "Knee_L",
            "time": [0.0, 2.6667],
            "transform": [
                [1.0, 0.0, -0.0, -0.0, -0.0, 1e-06, -1.0, 0.37472, -0.0, 1.0, 1e-06, -0.0, 0.0, 0.0, 0.0, 1.0],
                [1.0, 0.0, -0.0, -0.0, -0.0, 1e-06, -1.0, 0.37472, -0.0, 1.0, 1e-06, -0.0, 0.0, 0.0, 0.0, 1.0]
            ]
        },
        {
            "name": "Torso",
            "time": [0.0, 1.0, 2.6667],
            "transform": [
                [0.99978, -0.020971, -0.000197, -0.0, 0.020971, 0.999603, 0.018833, 0.05, -0.000198, -0.018833, 0.999823, 0.0, 0.0, 0.0, 0.0, 1.0],
                [0.999986, -0.005278, -0.000105, -0.0, 0.005277, 0.999962, -0.007004, 0.05, 0.000142, 0.007003, 0.999975, 0.0, 0.0, 0.0, 0.0, 1.0],
                [0.99978, -0.020971, -0.000197, -0.0, 0.020971, 0.999603, 0.018833, 0.05, -0.000198, -0.018833, 0.999823, 0.0, 0.0, 0.0, 0.0, 1.0]
            ]
        },
        {
            "name": "Chest",
            "time": [0.0, 1.0, 2.6667],
            "transform": [
                [0.999771, -0.021411, -0.000206, 0.0, 0.021411, 0.999586, 0.019219, 0.3, -0.000206, -0.019219, 0.999815, 0.0, 0.0, 0.0, 0.0, 1.0],
                [0.999979, -0.006405, -0.000338, -0.0, 0.006403, 0.999964, -0.005477, 0.3, 0.000373, 0.005475, 0.999985, 0.0, 0.0, 0.0, 0.0, 1.0],
                [0.999771, -0.021411, -0.000206, 0.0, 0.021411, 0.999586, 0.019219, 0.3, -0.000206, -0.019219, 0.999815, 0.0, 0.0, 0.0, 0.0, 1.0]
            ]
        },
        {
            "name": "Head",
            "time": [0.0, 1.0, 2.6667],
            "transform": [
                [0.85311, 0.037721, 0.520365, -0.0, -0.006297, 0.998055, -0.062025, 0.4, -0.521692, 0.049637, 0.851689, 0.0, 0.0, 0.0, 0.0, 1.0],
                [0.85275, 0.00226, 0.522314, -0.0, -0.006495, 0.999959, 0.006277, 0.4, -0.522279, -0.008746, 0.85273, -0.0, 0.0, 0.0, 0.0, 1.0],
                [0.85311, 0.037721, 0.520365, -0.0, -0.006297, 0.998055, -0.062025, 0.4, -0.521692, 0.049637, 0.851689, 0.0, 0.0, 0.0, 0.0, 1.0]
            ]
        },
        {
            "name": "Shoulder_R",
            "time": [0.0, 2.6667],
            "transform": [
                [0.457328, 0.850515, 0.259762, -0.0, -0.015198, -0.28458, 0.958532, 0.4, 0.889168, -0.442311, -0.11722, 0.0, 0.0, 0.0, 0.0, 1.0],
                [0.457328, 0.850515, 0.259762, -0.0, -0.015198, -0.28458, 0.958532, 0.4, 0.889168, -0.442311, -0.11722, 0.0, 0.0, 0.0, 0.0, 1.0]
            ]
        },
        {
            "name": "Arm_R",
            "time": [0.0, 2.6667],
            "transform": [
                [-0.623067, 0.482424, -0.615674, 0.0, 0.713179, 0.673629, -0.193906, 0.393861, 0.321191, -0.559902, -0.763771, 0.0, 0.0, 0.0, 0.0, 1.0],
                [-0.623067, 0.482424, -0.615674, 0.0, 0.713179, 0.673629, -0.193906, 0.393861, 0.321191, -0.559902, -0.763771, 0.0, 0.0, 0.0, 0.0, 1.0]
            ]
        },
        {
            "name": "Hand_R",
            "time": [0.0, 2.6667],
            "transform": [
                [0.999998, 0.001303, 0.001275, 0.0, 0.000868, 0.275045, -0.961431, 0.3, -0.001603, 0.961431, 0.275043, 0.0, 0.0, 0.0, 0.0, 1.0],
                [0.999998, 0.001303, 0.001275, 0.0, 0.000868, 0.275045, -0.961431, 0.3, -0.001603, 0.961431, 0.275043, 0.0, 0.0, 0.0, 0.0, 1.0]
            ]
        },
        {
            "name": "Tool_R",
            "time": [0.0, 2.6667],
            "transform": [
                [0.99974, -0.014836, -0.017313, 0.010704, -0.020979, -0.895954, -0.443652, 0.330594, -0.008925, 0.443627, -0.895507, 0.180402, 0.0, 0.0, 0.0, 1.0],
                [0.99974, -0.014836, -0.017313, 0.010704, -0.020979, -0.895954, -0.443652, 0.330594, -0.008925, 0.443627, -0.895507, 0.180402, 0.0, 0.0, 0.0, 1.0]
            ]
        },
        {
            "name": "Elbow_R",
            "time": [0.0, 2.6667],
            "transform": [
                [-1.0, 0.0, -0.0, 0.0, 0.0, -0.0, -1.0, 0.429832, -0.0, -1.0, 0.0, 0.0, 0.0, 0.0, 0.0, 1.0],
                [-1.0, 0.0, -0.0, 0.0, 0.0, -0.0, -1.0, 0.429832, -0.0, -1.0, 0.0, 0.0, 0.0, 0.0, 0.0, 1.0]
            ]
        },
        {
            "name": "Shoulder_L",
            "time": [0.0, 2.6667],
            "transform": [
                [0.14722, -0.896624, -0.417602, -0.0, 0.151844, -0.39671, 0.905298, 0.4, -0.977379, -0.196688, 0.077744, 0.0, 0.0, 0.0, 0.0, 1.0],
                [0.14722, -0.896624, -0.417602, -0.0, 0.151844, -0.39671, 0.905298, 0.4, -0.977379, -0.196688, 0.077744, 0.0, 0.0, 0.0, 0.0, 1.0]
            ]
        },
        {
            "name": "Arm_L",
            "time": [0.0, 2.6667],
            "transform": [
                [-0.265655, 0.370058, 0.890216, 0.0, -0.808168, 0.417976, -0.414922, 0.39386, -0.525634, -0.82967, 0.188031, 0.0, 0.0, 0.0, 0.0, 1.0],
                [-0.265655, 0.370058, 0.890216, 0.0, -0.808168, 0.417976, -0.414922, 0.39386, -0.525634, -0.82967, 0.188031, 0.0, 0.0, 0.0, 0.0, 1.0]
            ]
        },
        {
            "name": "Hand_L",
            "time": [0.0, 2.6667],
            "transform": [
                [0.999993, -0.003543, -0.001365, 0.0, 0.000938, 0.579026, -0.815309, 0.3, 0.003679, 0.815302, 0.579025, -0.0, 0.0, 0.0, 0.0, 1.0],
                [0.999993, -0.003543, -0.001365, 0.0, 0.000938, 0.579026, -0.815309, 0.3, 0.003679, 0.815302, 0.579025, -0.0, 0.0, 0.0, 0.0, 1.0]
            ]
        },
        {
            "name": "Tool_L",
            "time": [0.0, 2.6667],
            "transform": [
                [0.997004, 0.01104, -0.076554, 0.0, -0.036659, -0.804079, -0.593391, 0.272858, -0.068067, 0.594062, -0.800801, -0.0, 0.0, 0.0, 0.0, 1.0],
                [0.997004, 0.01104, -0.076554, 0.0, -0.036659, -0.804079, -0.593391, 0.272858, -0.068067, 0.594062, -0.800801, -0.0, 0.0, 0.0, 0.0, 1.0]
            ]
        },
        {
            "name": "Elbow_L",
            "time": [0.0, 2.6667],
            "transform": [
                [-1.0, 0.0, -0.0, 2.7e-05, 0.0, 0.0, -1.0, 0.396147, -0.0, -1.0, -0.0, -0.002121, 0.0, 0.0, 0.0, 1.0],
                [-1.0, 0.0, -0.0, 2.7e-05, 0.0, 0.0, -1.0, 0.396147, -0.0, -1.0, -0.0, -0.002121, 0.0, 0.0, 0.0, 1.0]
            ]
        }
    ]
}