{
    "animation": [
        {
            "name": "Root",
            "time": [0.0, 1.3333, 2.6667],
            "transform": [
                [0.274314, 0.012881, -0.961554, -5e-06, -0.956846, 0.103375, -0.271586, -0.000227, 0.095902, 0.994559, 0.040682, 0.687714, 0.0, 0.0, 0.0, 1.0],
                [0.274314, 0.012881, -0.961554, -5e-06, -0.960959, 0.041299, -0.273591, -0.000227, 0.036187, 0.999064, 0.023707, 0.701049, 0.0, 0.0, 0.0, 1.0],
                [0.274314, 0.012881, -0.961554, -5e-06, -0.956846, 0.103375, -0.271586, -0.000227, 0.095902, 0.994559, 0.040682, 0.687714, 0.0, 0.0, 0.0, 1.0]
            ]
        },
        {
            "name": "Thigh_R",
            "time": [0.0, 1.3333, 2.6667],
            "transform": [
                [0.863214, 0.022434, -0.504339, 0.124994, 0.239513, -0.897617, 0.370018, -0.002831, -0.444403, -0.440199, -0.780212, -1.2e-05, 0.0, 0.0, 0.0, 1.0],
                [0.84775, 0.087703, -0.523095, 0.124994, 0.280544, -0.911125, 0.301899, -0.002831, -0.450128, -0.402685, -0.797013, -1.2e-05, 0.0, 0.0, 0.0, 1.0],
                [0.863214, 0.022434, -0.504339, 0.124994, 0.239513, -0.897617, 0.370018, -0.002831, -0.444403, -0.440199, -0.780212, -1.2e-05, 0.0, 0.0, 0.0, 1.0]
            ]
        },
        {
            "name": "Leg_R",
            "time": [0.0, 1.3333, 2.6667],
            "transform": [
                [1.0, -1e-06, 1e-06, -0.0, -0.0, 0.830193, 0.557477, 0.37472, -1e-06, -0.557478, 0.830191, -0.0, 0.0, 0.0, 0.0, 1.0],
                [1.0, -1e-06, 1e-06, 0.0, -0.0, 0.858445, 0.512906, 0.37472, -1e-06, -0.512907, 0.858444, -0.0, 0.0, 0.0, 0.0, 1.0],
                [1.0, -1e-06, 1e-06, -0.0, -0.0, 0.830193, 0.557477, 0.37472, -1e-06, -0.557478, 0.830191, -0.0, 0.0, 0.0, 0.0, 1.0]
            ]
        },
        {
            "name": "Knee_R",
            "time": [0.0, 1.3333, 2.6667],
            "transform": [
                [1.0, 0.0, -0.0, -0.0, -0.0, 1e-06, -1.0, 0.391773, -0.0, 1.0, 1e-06, -0.0, 0.0, 0.0, 0.0, 1.0],
                [1.0, 0.0, -0.0, 0.0, -0.0, 1e-06, -1.0, 0.387034, -0.0, 1.0, 1e-06, -0.0, 0.0, 0.0, 0.0, 1.0],
                [1.0, 0.0, -0.0, -0.0, -0.0, 1e-06, -1.0, 0.391773, -0.0, 1.0, 1e-06, -0.0, 0.0, 0.0, 0.0, 1.0]
            ]
        },
        {
            "name": "Thigh_L",
            "time": [0.0, 1.3333, 2.6667],
            "transform": [
                [0.276266, -0.695328, -0.663473, -0.128469, 0.00061, -0.690214, 0.723605, -0.003244, -0.961081, -0.200312, -0.190258, 0.021165, 0.0, 0.0, 0.0, 1.0],
                [0.274543, -0.589144, -0.759958, -0.128469, 0.002075, -0.789962, 0.613152, -0.003244, -0.961572, -0.169914, -0.215657, 0.021165, 0.0, 0.0, 0.0, 1.0],
                [0.276266, -0.695328, -0.663473, -0.128469, 0.00061, -0.690214, 0.723605, -0.003244, -0.961081, -0.200312, -0.190258, 0.021165, 0.0, 0.0, 0.0, 1.0]
            ]
        },
        {
            "name": "Leg_L",
            "time": [0.0, 1.3333, 2.6667],
            "transform": [
                [1.0, -1e-06, 1e-06, -0.0, 0.0, 0.721691, 0.692216, 0.37472, -1e-06, -0.692215, 0.721691, 0.0, 0.0, 0.0, 0.0, 1.0],
                [1.0, -1e-06, 1e-06, 0.0, 0.0, 0.818956, 0.573857, 0.37472, -1e-06, -0.573856, 0.818956, -0.0, 0.0, 0.0, 0.0, 1.0],
                [1.0, -1e-06, 1e-06, -0.0, 0.0, 0.721691, 0.692216, 0.37472, -1e-06, -0.692215, 0.721691, 0.0, 0.0, 0.0, 0.0, 1.0]
            ]
        },
        {
            "name": "Knee_L",
            "time": [0.0, 1.3333, 2.6667],
            "transform": [
                [1.0, 0.0, -0.0, 0.0, -0.0, 1e-06, -1.0, 0.407326, -0.0, 1.0, 1e-06, 0.0, 0.0, 0.0, 0.0, 1.0],
                [1.0, 0.0, -0.0, 0.0, -0.0, 1e-06, -1.0, 0.393557, -0.0, 1.0, 1e-06, -0.0, 0.0, 0.0, 0.0, 1.0],
                [1.0, 0.0, -0.0, 0.0, -0.0, 1e-06, -1.0, 0.407326, -0.0, 1.0, 1e-06, 0.0, 0.0, 0.0, 0.0, 1.0]
            ]
        },
        {
            "name": "Torso",
            "time": [0.0, 2.6667],
            "transform": [
                [1.0, 0.0, -0.0, 0.0, 0.0, 1.0, 0.0, 0.05, 0.0, -0.0, 1.0, -0.0, 0.0, 0.0, 0.0, 1.0],
                [1.0, 0.0, -0.0, 0.0, 0.0, 1.0, 0.0, 0.05, 0.0, -0.0, 1.0, -0.0, 0.0, 0.0, 0.0, 1.0]
            ]
        },
        {
            "name": "Chest",
            "time": [0.0, 2.6667],
            "transform": [
                [1.0, 0.0, -0.0, 0.0, 0.0, 1.0, 0.0, 0.3, 0.0, -0.0, 1.0, 0.0, 0.0, 0.0, 0.0, 1.0],
                [1.0, 0.0, -0.0, 0.0, 0.0, 1.0, 0.0, 0.3, 0.0, -0.0, 1.0, 0.0, 0.0, 0.0, 0.0, 1.0]
            ]
        },
        {
            "name": "Head",
            "time": [0.0, 1.3333, 2.6667],
            "transform": [
                [0.272939, 0.096728, 0.957156, -0.0, 0.014178, 0.99442, -0.104537, 0.4, -0.961927, 0.042102, 0.270045, -0.0, 0.0, 0.0, 0.0, 1.0],
                [0.272451, 0.039863, 0.961343, 0.0, 0.015095, 0.998841, -0.045696, 0.4, -0.962051, 0.026961, 0.271534, 0.0, 0.0, 0.0, 0.0, 1.0],
                [0.272939, 0.096728, 0.957156, -0.0, 0.014178, 0.99442, -0.104537, 0.4, -0.961927, 0.042102, 0.270045, -0.0, 0.0, 0.0, 0.0, 1.0]
            ]
        },
        {
            "name": "Shoulder_R",
            "time": [0.0, 2.6667],
            "transform": [
                [0.093479, 0.952114, 0.291102, -0.0, 0.291102, -0.305743, 0.906521, 0.4, 0.952114, 0.0, -0.305743, -0.0, 0.0, 0.0, 0.0, 1.0],
                [0.093479, 0.952114, 0.291102, -0.0, 0.291102, -0.305743, 0.906521, 0.4, 0.952114, 0.0, -0.305743, -0.0, 0.0, 0.0, 0.0, 1.0]
            ]
        },
        {
            "name": "Arm_R",
            "time": [0.0, 0.35, 1.6833, 2.6667],
            "transform": [
                [-0.044499, -0.968077, -0.246671, 0.036028, 0.953853, 0.032225, -0.298541, 0.372116, 0.29696, -0.248572, 0.921969, -0.089097, 0.0, 0.0, 0.0, 1.0],
                [-0.044499, -0.968077, -0.246671, 0.032639, 0.953853, 0.032225, -0.298541, 0.375016, 0.29696, -0.248572, 0.921969, -0.098821, 0.0, 0.0, 0.0, 1.0],
                [-0.044499, -0.968077, -0.246671, 0.04555, 0.953853, 0.032225, -0.298541, 0.363971, 0.29696, -0.248572, 0.921969, -0.061777, 0.0, 0.0, 0.0, 1.0],
                [-0.044499, -0.968077, -0.246671, 0.036028, 0.953853, 0.032225, -0.298541, 0.372116, 0.29696, -0.248572, 0.921969, -0.089097, 0.0, 0.0, 0.0, 1.0]
            ]
        },
        {
            "name": "Hand_R",
            "time": [0.0, 2.6667],
            "transform": [
                [1.0, 0.0, 0.0, -0.0, -0.0, 0.13774, -0.990468, 0.3, -0.0, 0.990468, 0.13774, -0.0, 0.0, 0.0, 0.0, 1.0],
                [1.0, 0.0, 0.0, -0.0, -0.0, 0.13774, -0.990468, 0.3, -0.0, 0.990468, 0.13774, -0.0, 0.0, 0.0, 0.0, 1.0]
            ]
        },
        {
            "name": "Tool_R",
            "time": [0.0, 2.6667],
            "transform": [
                [0.999988, 0.004863, 0.000219, 0.010061, 0.004734, -0.981855, 0.189574, 0.220343, 0.001136, -0.189468, -0.98128, -0.020904, 0.0, 0.0, 0.0, 1.0],
                [0.999988, 0.004863, 0.000219, 0.010061, 0.004734, -0.981855, 0.189574, 0.220343, 0.001136, -0.189468, -0.98128, -0.020904, 0.0, 0.0, 0.0, 1.0]
            ]
        },
        {
            "name": "Elbow_R",
            "time": [0.0, 2.6667],
            "transform": [
                [-1.0, 0.0, -0.0, -0.0, -0.0, 0.0, -1.0, 0.444575, -0.0, -1.0, -0.0, -0.0, 0.0, 0.0, 0.0, 1.0],
                [-1.0, 0.0, -0.0, -0.0, -0.0, 0.0, -1.0, 0.444575, -0.0, -1.0, -0.0, -0.0, 0.0, 0.0, 0.0, 1.0]
            ]
        },
        {
            "name": "Shoulder_L",
            "time": [0.0, 2.6667],
            "transform": [
                [0.093479, -0.952114, -0.291103, -0.0, -0.291103, -0.305743, 0.906521, 0.4, -0.952114, -0.0, -0.305743, -0.0, 0.0, 0.0, 0.0, 1.0],
                [0.093479, -0.952114, -0.291103, -0.0, -0.291103, -0.305743, 0.906521, 0.4, -0.952114, -0.0, -0.305743, -0.0, 0.0, 0.0, 0.0, 1.0]
            ]
        },
        {
            "name": "Arm_L",
            "time": [0.0, 0.35, 1.6833, 2.6667],
            "transform": [
                [-0.244612, 0.797496, -0.551511, 0.155498, 0.180549, -0.52138, -0.834005, 0.25858, -0.952663, -0.303583, -0.016451, -0.000225, 0.0, 0.0, 0.0, 1.0],
                [-0.244612, 0.797496, -0.551511, 0.157421, 0.180549, -0.52138, -0.834005, 0.260689, -0.952663, -0.303583, -0.016451, -0.005732, 0.0, 0.0, 0.0, 1.0],
                [-0.244612, 0.797496, -0.551511, 0.144786, 0.180549, -0.52138, -0.834005, 0.246836, -0.952663, -0.303583, -0.016451, 0.030454, 0.0, 0.0, 0.0, 1.0],
                [-0.244612, 0.797496, -0.551511, 0.155498, 0.180549, -0.52138, -0.834005, 0.25858, -0.952663, -0.303583, -0.016451, -0.000225, 0.0, 0.0, 0.0, 1.0]
            ]
        },
        {
            "name": "Hand_L",
            "time": [0.0, 2.6667],
            "transform": [
                [1.0, 0.0, -0.0, -0.0, -0.0, 0.858144, -0.51341, 0.3, -0.0, 0.51341, 0.858144, 0.0, 0.0, 0.0, 0.0, 1.0],
                [1.0, 0.0, -0.0, -0.0, -0.0, 0.858144, -0.51341, 0.3, -0.0, 0.51341, 0.858144, 0.0, 0.0, 0.0, 0.0, 1.0]
            ]
        },
        {
            "name": "Tool_L",
            "time": [0.0, 2.6667],
            "transform": [
                [1.0, 0.0, 0.0, -0.0, 0.0, -0.999835, 0.018122, 0.272858, 0.0, -0.018122, -0.999243, -0.0, 0.0, 0.0, 0.0, 1.0],
                [1.0, 0.0, 0.0, -0.0, 0.0, -0.999835, 0.018122, 0.272858, 0.0, -0.018122, -0.999243, -0.0, 0.0, 0.0, 0.0, 1.0]
            ]
        },
        {
            "name": "Elbow_L",
            "time": [0.0, 2.6667],
            "transform": [
                [-1.0, 0.0, -0.0, -0.0, 0.0, 0.0, -1.0, 0.360849, -0.0, -1.0, -0.0, 0.0, 0.0, 0.0, 0.0, 1.0],
                [-1.0, 0.0, -0.0, -0.0, 0.0, 0.0, -1.0, 0.360849, -0.0, -1.0, -0.0, 0.0, 0.0, 0.0, 0.0, 1.0]
            ]
        }
    ]
}