{
    "animation": [
        {
            "name": "Root",
            "time": [0.0, 2.6667],
            "transform": [
                [0.817735, 0.0, 0.575595, -5e-06, 0.574941, 0.047664, -0.816806, 0.000946, -0.027435, 0.998863, 0.038976, 0.691115, 0.0, 0.0, 0.0, 1.0],
                [0.817735, 0.0, 0.575595, -5e-06, 0.574941, 0.047664, -0.816806, 0.000946, -0.027435, 0.998863, 0.038976, 0.691115, 0.0, 0.0, 0.0, 1.0]
            ]
        },
        {
            "name": "Thigh_R",
            "time": [0.0, 2.6667],
            "transform": [
                [0.827927, 0.36379, 0.426841, 0.124994, 0.046726, -0.803178, 0.593904, -0.002831, 0.558886, -0.471765, -0.681971, -1.2e-05, 0.0, 0.0, 0.0, 1.0],
                [0.827927, 0.36379, 0.426841, 0.124994, 0.046726, -0.803178, 0.593904, -0.002831, 0.558886, -0.471765, -0.681971, -1.2e-05, 0.0, 0.0, 0.0, 1.0]
            ]
        },
        {
            "name": "Leg_R",
            "time": [0.0, 2.6667],
            "transform": [
                [0.999985, 0.002113, 0.004993, 0.0, -0.004501, 0.836977, 0.547219, 0.37472, -0.003022, -0.547234, 0.836974, 0.0, 0.0, 0.0, 0.0, 1.0],
                [0.999985, 0.002113, 0.004993, 0.0, -0.004501, 0.836977, 0.547219, 0.37472, -0.003022, -0.547234, 0.836974, 0.0, 0.0, 0.0, 0.0, 1.0]
            ]
        },
        {
            "name": "Knee_R",
            "time": [0.0, 2.6667],
            "transform": [
                [1.0, 0.0, -0.0, 0.000184, -0.0, 1e-06, -1.0, 0.394379, -0.0, 1.0, 1e-06, -0.001698, 0.0, 0.0, 0.0, 1.0],
                [1.0, 0.0, -0.0, 0.000184, -0.0, 1e-06, -1.0, 0.394379, -0.0, 1.0, 1e-06, -0.001698, 0.0, 0.0, 0.0, 1.0]
            ]
        },
        {
            "name": "Thigh_L",
            "time": [0.0, 2.6667],
            "transform": [
                [0.963801, -0.242143, 0.111594, -0.125006, -0.220569, -0.95927, -0.176493, -0.002831, 0.149785, 0.145491, -0.977955, -1.2e-05, 0.0, 0.0, 0.0, 1.0],
                [0.963801, -0.242143, 0.111594, -0.125006, -0.220569, -0.95927, -0.176493, -0.002831, 0.149785, 0.145491, -0.977955, -1.2e-05, 0.0, 0.0, 0.0, 1.0]
            ]
        },
        {
            "name": "Leg_L",
            "time": [0.0, 2.6667],
            "transform": [
                [1.0, -0.0, 1e-06, 0.0, -0.0, 0.94025, 0.340484, 0.37472, -1e-06, -0.340484, 0.94025, -0.0, 0.0, 0.0, 0.0, 1.0],
                [1.0, -0.0, 1e-06, 0.0, -0.0, 0.94025, 0.340484, 0.37472, -1e-06, -0.340484, 0.94025, -0.0, 0.0, 0.0, 0.0, 1.0]
            ]
        },
        {
            "name": "Knee_L",
            "time": [0.0, 2.6667],
            "transform": [
                [1.0, 0.0, -0.0, 0.0, -0.0, 1e-06, -1.0, 0.37472, -0.0, 1.0, 1e-06, -0.0, 0.0, 0.0, 0.0, 1.0],
                [1.0, 0.0, -0.0, 0.0, -0.0, 1e-06, -1.0, 0.37472, -0.0, 1.0, 1e-06, -0.0, 0.0, 0.0, 0.0, 1.0]
            ]
        },
        {
            "name": "Torso",
            "time": [0.0, 1.3333, 2.6667],
            "transform": [
                [0.99978, -0.020971, -0.000198, 0.0, 0.020971, 0.999603, 0.018833, 0.05, -0.000197, -0.018833, 0.999823, 0.0, 0.0, 0.0, 0.0, 1.0],
                [0.99927, -0.038208, -0.000311, 0.0, 0.038206, 0.999254, -0.005671, 0.05, 0.000527, 0.005655, 0.999984, 0.0, 0.0, 0.0, 0.0, 1.0],
                [0.99978, -0.020971, -0.000198, 0.0, 0.020971, 0.999603, 0.018833, 0.05, -0.000197, -0.018833, 0.999823, 0.0, 0.0, 0.0, 0.0, 1.0]
            ]
        },
        {
            "name": "Chest",
            "time": [0.0, 1.3333, 2.6667],
            "transform": [
                [0.879796, -0.001361, 0.47535, 0.0, -0.015111, 0.999411, 0.03083, 0.3, -0.475112, -0.034307, 0.879256, -0.0, 0.0, 0.0, 0.0, 1.0],
                [0.902916, 0.02809, 0.428899, -0.0, -0.041568, 0.998891, 0.022089, 0.3, -0.427803, -0.037773, 0.903083, 0.0, 0.0, 0.0, 0.0, 1.0],
                [0.879796, -0.001361, 0.47535, 0.0, -0.015111, 0.999411, 0.03083, 0.3, -0.475112, -0.034307, 0.879256, -0.0, 0.0, 0.0, 0.0, 1.0]
            ]
        },
        {
            "name": "Head",
            "time": [0.0, 1.3333, 2.6667],
            "transform": [
                [0.447554, -0.017671, -0.894082, 0.0, -0.053338, 0.997497, -0.046415, 0.4, 0.892665, 0.068462, 0.445491, -0.0, 0.0, 0.0, 0.0, 1.0],
                [0.493989, -0.049451, -0.868061, -0.0, -0.023797, 0.997238, -0.070352, 0.4, 0.869143, 0.05541, 0.491448, 0.0, 0.0, 0.0, 0.0, 1.0],
                [0.447554, -0.017671, -0.894082, 0.0, -0.053338, 0.997497, -0.046415, 0.4, 0.892665, 0.068462, 0.445491, -0.0, 0.0, 0.0, 0.0, 1.0]
            ]
        },
        {
            "name": "Shoulder_R",
            "time": [0.0, 2.6667],
            "transform": [
                [0.576903, 0.807926, 0.120161, 0.0, 0.235328, -0.305272, 0.922729, 0.4, 0.782178, -0.504048, -0.36624, -0.0, 0.0, 0.0, 0.0, 1.0],
                [0.576903, 0.807926, 0.120161, 0.0, 0.235328, -0.305272, 0.922729, 0.4, 0.782178, -0.504048, -0.36624, -0.0, 0.0, 0.0, 0.0, 1.0]
            ]
        },
        {
            "name": "Arm_R",
            "time": [0.0, 2.6667],
            "transform": [
                [-0.33846, -0.677482, 0.653041, 0.0, -0.654175, -0.329446, -0.680823, 0.39386, 0.676387, -0.657634, -0.331688, 0.0, 0.0, 0.0, 0.0, 1.0],
                [-0.33846, -0.677482, 0.653041, 0.0, -0.654175, -0.329446, -0.680823, 0.39386, 0.676387, -0.657634, -0.331688, 0.0, 0.0, 0.0, 0.0, 1.0]
            ]
        },
        {
            "name": "Hand_R",
            "time": [0.0, 2.6667],
            "transform": [
                [1.0, -0.0, 0.0, 0.0, -0.0, 0.993937, 0.109947, 0.3, -0.0, -0.109947, 0.993937, 0.0, 0.0, 0.0, 0.0, 1.0],
                [1.0, -0.0, 0.0, 0.0, -0.0, 0.993937, 0.109947, 0.3, -0.0, -0.109947, 0.993937, 0.0, 0.0, 0.0, 0.0, 1.0]
            ]
        },
        {
            "name": "Tool_R",
            "time": [0.0, 2.6667],
            "transform": [
                [0.508194, 0.808834, -0.29585, 0.020272, 0.575711, -0.574524, -0.581789, 0.263336, -0.640158, 0.125258, -0.757182, 0.017287, 0.0, 0.0, 0.0, 1.0],
                [0.508194, 0.808834, -0.29585, 0.020272, 0.575711, -0.574524, -0.581789, 0.263336, -0.640158, 0.125258, -0.757182, 0.017287, 0.0, 0.0, 0.0, 1.0]
            ]
        },
        {
            "name": "Elbow_R",
            "time": [0.0, 2.6667],
            "transform": [
                [-1.0, 0.0, 0.0, 0.0, 0.0, 0.0, -1.0, 0.3, -0.0, -1.0, 0.0, 0.0, 0.0, 0.0, 0.0, 1.0],
                [-1.0, 0.0, 0.0, 0.0, 0.0, 0.0, -1.0, 0.3, -0.0, -1.0, 0.0, 0.0, 0.0, 0.0, 0.0, 1.0]
            ]
        },
        {
            "name": "Shoulder_L",
            "time": [0.0, 1.3333, 2.6667],
            "transform": [
                [0.36618, -0.889578, -0.273062, 0.0, -0.00038, -0.293586, 0.955933, 0.4, -0.930544, -0.34994, -0.107844, -0.0, 0.0, 0.0, 0.0, 1.0],
                [0.36618, -0.889578, -0.273061, -0.0, -0.000381, -0.293586, 0.955933, 0.4, -0.930544, -0.34994, -0.107844, 0.0, 0.0, 0.0, 0.0, 1.0],
                [0.36618, -0.889578, -0.273062, 0.0, -0.00038, -0.293586, 0.955933, 0.4, -0.930544, -0.34994, -0.107844, -0.0, 0.0, 0.0, 0.0, 1.0]
            ]
        },
        {
            "name": "Arm_L",
            "time": [0.0, 2.6667],
            "transform": [
                [-0.600386, -0.277462, 0.750035, -0.0, -0.708193, 0.620134, -0.337485, 0.39386, -0.371483, -0.73379, -0.568816, -0.0, 0.0, 0.0, 0.0, 1.0],
                [-0.600386, -0.277462, 0.750035, -0.0, -0.708193, 0.620134, -0.337485, 0.39386, -0.371483, -0.73379, -0.568816, -0.0, 0.0, 0.0, 0.0, 1.0]
            ]
        },
        {
            "name": "Hand_L",
            "time": [0.0, 2.6667],
            "transform": [
                [1.0, -0.000125, 0.000568, 0.0, 0.000538, 0.567478, -0.823389, 0.3, -0.00022, 0.823389, 0.567478, -0.0, 0.0, 0.0, 0.0, 1.0],
                [1.0, -0.000125, 0.000568, 0.0, 0.000538, 0.567478, -0.823389, 0.3, -0.00022, 0.823389, 0.567478, -0.0, 0.0, 0.0, 0.0, 1.0]
            ]
        },
        {
            "name": "Tool_L",
            "time": [0.0, 2.6667],
            "transform": [
                [0.981422, -0.179776, 0.067015, 0.088092, -0.130152, -0.880461, -0.455904, 0.141162, 0.14088, 0.438445, -0.886986, -0.088018, 0.0, 0.0, 0.0, 1.0],
                [0.981422, -0.179776, 0.067015, 0.088092, -0.130152, -0.880461, -0.455904, 0.141162, 0.14088, 0.438445, -0.886986, -0.088018, 0.0, 0.0, 0.0, 1.0]
            ]
        },
        {
            "name": "Elbow_L",
            "time": [0.0, 2.6667],
            "transform": [
                [-1.0, 0.0, -0.0, 0.0, 0.0, -0.0, -1.0, 0.395678, -0.0, -1.0, -0.0, -0.0, 0.0, 0.0, 0.0, 1.0],
                [-1.0, 0.0, -0.0, 0.0, 0.0, -0.0, -1.0, 0.395678, -0.0, -1.0, -0.0, -0.0, 0.0, 0.0, 0.0, 1.0]
            ]
        }
    ]
}