{
    "animation": [
        {
            "name": "Root",
            "time": [0.0, 3.3333],
            "transform": [
                [1.0, 0.0, 0.0, -5e-06, 0.0, 0.0, -1.0, 0.000946, 0.0, 1.0, 0.0, 0.777496, 0.0, 0.0, 0.0, 1.0],
                [1.0, 0.0, 0.0, -5e-06, 0.0, 0.0, -1.0, 0.000946, 0.0, 1.0, 0.0, 0.777496, 0.0, 0.0, 0.0, 1.0]
            ]
        },
        {
            "name": "Thigh_R",
            "time": [0.0, 3.3333],
            "transform": [
                [0.998692, 0.050626, 0.007128, 0.124994, 0.039742, -0.856435, 0.514721, -0.002831, 0.032163, -0.513763, -0.857329, -1.2e-05, 0.0, 0.0, 0.0, 1.0],
                [0.998692, 0.050626, 0.007128, 0.124994, 0.039742, -0.856435, 0.514721, -0.002831, 0.032163, -0.513763, -0.857329, -1.2e-05, 0.0, 0.0, 0.0, 1.0]
            ]
        },
        {
            "name": "Leg_R",
            "time": [0.0, 3.3333],
            "transform": [
                [0.999848, -0.00655, -0.016176, 0.0, 0.017452, 0.375249, 0.926759, 0.37472, -0.0, -0.926902, 0.375306, 0.0, 0.0, 0.0, 0.0, 1.0],
                [0.999848, -0.00655, -0.016176, 0.0, 0.017452, 0.375249, 0.926759, 0.37472, -0.0, -0.926902, 0.375306, 0.0, 0.0, 0.0, 0.0, 1.0]
            ]
        },
        {
            "name": "Knee_R",
            "time": [0.0, 3.3333],
            "transform": [
                [1.0, 0.0, -0.0, 0.0, -0.0, 1e-06, -1.0, 0.445175, -0.0, 1.0, 1e-06, -0.0, 0.0, 0.0, 0.0, 1.0],
                [1.0, 0.0, -0.0, 0.0, -0.0, 1e-06, -1.0, 0.445175, -0.0, 1.0, 1e-06, -0.0, 0.0, 0.0, 0.0, 1.0]
            ]
        },
        {
            "name": "Thigh_L",
            "time": [0.0, 3.3333],
            "transform": [
                [0.999678, -0.01158, 0.022562, -0.125006, -0.014244, -0.992459, 0.12175, -0.002831, 0.020982, -0.122032, -0.992304, -1.2e-05, 0.0, 0.0, 0.0, 1.0],
                [0.999678, -0.01158, 0.022562, -0.125006, -0.014244, -0.992459, 0.12175, -0.002831, 0.020982, -0.122032, -0.992304, -1.2e-05, 0.0, 0.0, 0.0, 1.0]
            ]
        },
        {
            "name": "Leg_L",
            "time": [0.0, 3.3333],
            "transform": [
                [0.999846, 0.017056, 0.004177, -0.0, -0.017453, 0.991487, 0.129029, 0.37472, -0.001941, -0.129081, 0.991632, 0.0, 0.0, 0.0, 0.0, 1.0],
                [0.999846, 0.017056, 0.004177, -0.0, -0.017453, 0.991487, 0.129029, 0.37472, -0.001941, -0.129081, 0.991632, 0.0, 0.0, 0.0, 0.0, 1.0]
            ]
        },
        {
            "name": "Knee_L",
            "time": [0.0, 3.3333],
            "transform": [
                [1.0, 0.0, -0.0, -0.0, -0.0, 1e-06, -1.0, 0.37472, -0.0, 1.0, 1e-06, 0.0, 0.0, 0.0, 0.0, 1.0],
                [1.0, 0.0, -0.0, -0.0, -0.0, 1e-06, -1.0, 0.37472, -0.0, 1.0, 1e-06, 0.0, 0.0, 0.0, 0.0, 1.0]
            ]
        },
        {
            "name": "Torso",
            "time": [0.0, 3.3333],
            "transform": [
                [1.0, 0.0, 0.0, 0.0, 0.0, 0.998933, 0.046195, 0.05, 0.0, -0.046195, 0.998932, 0.0, 0.0, 0.0, 0.0, 1.0],
                [1.0, 0.0, 0.0, 0.0, 0.0, 0.998933, 0.046195, 0.05, 0.0, -0.046195, 0.998932, 0.0, 0.0, 0.0, 0.0, 1.0]
            ]
        },
        {
            "name": "Chest",
            "time": [0.0, 3.3333],
            "transform": [
                [1.0, 0.0, 0.0, -0.0, 0.0, 1.0, -0.0, 0.3, 0.0, 0.0, 1.0, 0.0, 0.0, 0.0, 0.0, 1.0],
                [1.0, 0.0, 0.0, -0.0, 0.0, 1.0, -0.0, 0.3, 0.0, 0.0, 1.0, 0.0, 0.0, 0.0, 0.0, 1.0]
            ]
        },
        {
            "name": "Head",
            "time": [0.0, 3.3333],
            "transform": [
                [0.999934, 0.011367, 0.001432, 0.0, -0.011289, 0.998882, -0.045908, 0.4, -0.001952, 0.045889, 0.998945, 0.0, 0.0, 0.0, 0.0, 1.0],
                [0.999934, 0.011367, 0.001432, 0.0, -0.011289, 0.998882, -0.045908, 0.4, -0.001952, 0.045889, 0.998945, 0.0, 0.0, 0.0, 0.0, 1.0]
            ]
        },
        {
            "name": "Shoulder_R",
            "time": [0.0, 3.3333],
            "transform": [
                [0.507993, 0.854427, 0.109078, 0.0, 0.260882, -0.273304, 0.925875, 0.4, 0.820904, -0.441881, -0.361741, 0.0, 0.0, 0.0, 0.0, 1.0],
                [0.507993, 0.854427, 0.109078, 0.0, 0.260882, -0.273304, 0.925875, 0.4, 0.820904, -0.441881, -0.361741, 0.0, 0.0, 0.0, 0.0, 1.0]
            ]
        },
        {
            "name": "Arm_R",
            "time": [0.0, 3.3333],
            "transform": [
                [0.449669, -0.661245, -0.60046, -0.0, 0.440635, 0.748989, -0.49483, 0.39386, 0.776942, -0.042074, 0.628165, -0.0, 0.0, 0.0, 0.0, 1.0],
                [0.449669, -0.661245, -0.60046, -0.0, 0.440635, 0.748989, -0.49483, 0.39386, 0.776942, -0.042074, 0.628165, -0.0, 0.0, 0.0, 0.0, 1.0]
            ]
        },
        {
            "name": "Hand_R",
            "time": [0.0, 3.3333],
            "transform": [
                [1.0, 0.0, 0.0, 0.0, -0.0, 0.867339, -0.497717, 0.3, -0.0, 0.497717, 0.867339, 0.0, 0.0, 0.0, 0.0, 1.0],
                [1.0, 0.0, 0.0, 0.0, -0.0, 0.867339, -0.497717, 0.3, -0.0, 0.497717, 0.867339, 0.0, 0.0, 0.0, 0.0, 1.0]
            ]
        },
        {
            "name": "Tool_R",
            "time": [0.0, 3.3333],
            "transform": [
                [0.689655, -0.139307, -0.710613, -0.064045, -0.067846, -0.989435, 0.128121, 0.315983, -0.720525, -0.040134, -0.691407, 0.543352, 0.0, 0.0, 0.0, 1.0],
                [0.689655, -0.139307, -0.710613, -0.064045, -0.067846, -0.989435, 0.128121, 0.315983, -0.720525, -0.040134, -0.691407, 0.543352, 0.0, 0.0, 0.0, 1.0]
            ]
        },
        {
            "name": "Elbow_R",
            "time": [0.0, 3.3333],
            "transform": [
                [-1.0, 0.0, 0.0, 0.0, 0.0, -0.0, -1.0, 0.359144, -0.0, -1.0, 0.0, 0.0, 0.0, 0.0, 0.0, 1.0],
                [-1.0, 0.0, 0.0, 0.0, 0.0, -0.0, -1.0, 0.359144, -0.0, -1.0, 0.0, 0.0, 0.0, 0.0, 0.0, 1.0]
            ]
        },
        {
            "name": "Shoulder_L",
            "time": [0.0, 3.3333],
            "transform": [
                [0.487704, -0.872261, -0.036133, 0.0, -0.35696, -0.237015, 0.90355, 0.4, -0.796696, -0.427767, -0.426956, 0.0, 0.0, 0.0, 0.0, 1.0],
                [0.487704, -0.872261, -0.036133, 0.0, -0.35696, -0.237015, 0.90355, 0.4, -0.796696, -0.427767, -0.426956, 0.0, 0.0, 0.0, 0.0, 1.0]
            ]
        },
        {
            "name": "Arm_L",
            "time": [0.0, 3.3333],
            "transform": [
                [0.46833, 0.714655, 0.519553, 0.0, -0.439175, 0.698529, -0.564962, 0.39386, -0.766676, 0.036414, 0.641001, 0.0, 0.0, 0.0, 0.0, 1.0],
                [0.46833, 0.714655, 0.519553, 0.0, -0.439175, 0.698529, -0.564962, 0.39386, -0.766676, 0.036414, 0.641001, 0.0, 0.0, 0.0, 0.0, 1.0]
            ]
        },
        {
            "name": "Hand_L",
            "time": [0.0, 3.3333],
            "transform": [
                [1.0, -0.0, -0.0, 0.0, -0.0, 0.904564, -0.426338, 0.3, -0.0, 0.426338, 0.904564, 0.0, 0.0, 0.0, 0.0, 1.0],
                [1.0, -0.0, -0.0, 0.0, -0.0, 0.904564, -0.426338, 0.3, -0.0, 0.426338, 0.904564, 0.0, 0.0, 0.0, 0.0, 1.0]
            ]
        },
        {
            "name": "Tool_L",
            "time": [0.0, 3.3333],
            "transform": [
                [1.0, 0.0, 0.0, 0.0, 0.0, -0.999836, 0.018122, 0.272858, 0.0, -0.018122, -0.999243, 0.0, 0.0, 0.0, 0.0, 1.0],
                [1.0, 0.0, 0.0, 0.0, 0.0, -0.999836, 0.018122, 0.272858, 0.0, -0.018122, -0.999243, 0.0, 0.0, 0.0, 0.0, 1.0]
            ]
        },
        {
            "name": "Elbow_L",
            "time": [0.0, 3.3333],
            "transform": [
                [-1.0, 0.0, -0.0, 0.0, 0.0, -0.0, -1.0, 0.351598, -0.0, -1.0, 0.0, 0.0, 0.0, 0.0, 0.0, 1.0],
                [-1.0, 0.0, -0.0, 0.0, 0.0, -0.0, -1.0, 0.351598, -0.0, -1.0, 0.0, 0.0, 0.0, 0.0, 0.0, 1.0]
            ]
        }
    ]
}