{
    "animation": [
        {
            "name": "Root",
            "time": [0.0, 3.3333],
            "transform": [
                [1.0, 0.0, 0.0, -5e-06, 0.0, 0.0, -1.0, 0.000946, 0.0, 1.0, 0.0, 0.777496, 0.0, 0.0, 0.0, 1.0],
                [1.0, 0.0, 0.0, -5e-06, 0.0, 0.0, -1.0, 0.000946, 0.0, 1.0, 0.0, 0.777496, 0.0, 0.0, 0.0, 1.0]
            ]
        },
        {
            "name": "Thigh_R",
            "time": [0.0, 3.3333],
            "transform": [
                [0.998692, 0.050626, 0.007128, 0.124994, 0.039742, -0.856435, 0.514721, -0.002831, 0.032163, -0.513763, -0.857329, -1.2e-05, 0.0, 0.0, 0.0, 1.0],
                [0.998692, 0.050626, 0.007128, 0.124994, 0.039742, -0.856435, 0.514721, -0.002831, 0.032163, -0.513763, -0.857329, -1.2e-05, 0.0, 0.0, 0.0, 1.0]
            ]
        },
        {
            "name": "Leg_R",
            "time": [0.0, 3.3333],
            "transform": [
                [0.999848, -0.00655, -0.016176, 0.0, 0.017452, 0.375249, 0.926759, 0.37472, -0.0, -0.926902, 0.375306, 0.0, 0.0, 0.0, 0.0, 1.0],
                [0.999848, -0.00655, -0.016176, 0.0, 0.017452, 0.375249, 0.926759, 0.37472, -0.0, -0.926902, 0.375306, 0.0, 0.0, 0.0, 0.0, 1.0]
            ]
        },
        {
            "name": "Knee_R",
            "time": [0.0, 3.3333],
            "transform": [
                [1.0, 0.0, -0.0, 0.0, -0.0, 1e-06, -1.0, 0.445175, -0.0, 1.0, 1e-06, -0.0, 0.0, 0.0, 0.0, 1.0],
                [1.0, 0.0, -0.0, 0.0, -0.0, 1e-06, -1.0, 0.445175, -0.0, 1.0, 1e-06, -0.0, 0.0, 0.0, 0.0, 1.0]
            ]
        },
        {
            "name": "Thigh_L",
            "time": [0.0, 3.3333],
            "transform": [
                [0.999678, -0.01158, 0.022562, -0.125006, -0.014244, -0.992459, 0.12175, -0.002831, 0.020982, -0.122032, -0.992304, -1.2e-05, 0.0, 0.0, 0.0, 1.0],
                [0.999678, -0.01158, 0.022562, -0.125006, -0.014244, -0.992459, 0.12175, -0.002831, 0.020982, -0.122032, -0.992304, -1.2e-05, 0.0, 0.0, 0.0, 1.0]
            ]
        },
        {
            "name": "Leg_L",
            "time": [0.0, 3.3333],
            "transform": [
                [0.999846, 0.017056, 0.004177, -0.0, -0.017453, 0.991487, 0.129029, 0.37472, -0.001941, -0.129081, 0.991632, 0.0, 0.0, 0.0, 0.0, 1.0],
                [0.999846, 0.017056, 0.004177, -0.0, -0.017453, 0.991487, 0.129029, 0.37472, -0.001941, -0.129081, 0.991632, 0.0, 0.0, 0.0, 0.0, 1.0]
            ]
        },
        {
            "name": "Knee_L",
            "time": [0.0, 3.3333],
            "transform": [
                [1.0, 0.0, -0.0, -0.0, -0.0, 1e-06, -1.0, 0.37472, -0.0, 1.0, 1e-06, 0.0, 0.0, 0.0, 0.0, 1.0],
                [1.0, 0.0, -0.0, -0.0, -0.0, 1e-06, -1.0, 0.37472, -0.0, 1.0, 1e-06, 0.0, 0.0, 0.0, 0.0, 1.0]
            ]
        },
        {
            "name": "Torso",
            "time": [0.0, 3.3333],
            "transform": [
                [1.0, 0.0, 0.0, 0.0, 0.0, 0.998933, 0.046195, 0.05, 0.0, -0.046195, 0.998932, 0.0, 0.0, 0.0, 0.0, 1.0],
                [1.0, 0.0, 0.0, 0.0, 0.0, 0.998933, 0.046195, 0.05, 0.0, -0.046195, 0.998932, 0.0, 0.0, 0.0, 0.0, 1.0]
            ]
        },
        {
            "name": "Chest",
            "time": [0.0, 3.3333],
            "transform": [
                [1.0, 0.0, 0.0, -0.0, 0.0, 1.0, -0.0, 0.3, 0.0, 0.0, 1.0, 0.0, 0.0, 0.0, 0.0, 1.0],
                [1.0, 0.0, 0.0, -0.0, 0.0, 1.0, -0.0, 0.3, 0.0, 0.0, 1.0, 0.0, 0.0, 0.0, 0.0, 1.0]
            ]
        },
        {
            "name": "Head",
            "time": [0.0, 3.3333],
            "transform": [
                [0.999934, 0.011367, 0.001432, 0.0, -0.011289, 0.998882, -0.045908, 0.4, -0.001952, 0.045889, 0.998945, 0.0, 0.0, 0.0, 0.0, 1.0],
                [0.999934, 0.011367, 0.001432, 0.0, -0.011289, 0.998882, -0.045908, 0.4, -0.001952, 0.045889, 0.998945, 0.0, 0.0, 0.0, 0.0, 1.0]
            ]
        },
        {
            "name": "Shoulder_R",
            "time": [0.0, 3.3333],
            "transform": [
                [0.532172, 0.841082, 0.096818, 0.0, 0.261608, -0.272121, 0.926019, 0.4, 0.805204, -0.467473, -0.364849, 0.0, 0.0, 0.0, 0.0, 1.0],
                [0.532172, 0.841082, 0.096818, 0.0, 0.261608, -0.272121, 0.926019, 0.4, 0.805204, -0.467473, -0.364849, 0.0, 0.0, 0.0, 0.0, 1.0]
            ]
        },
        {
            "name": "Arm_R",
            "time": [0.0, 3.3333],
            "transform": [
                [0.305658, -0.7546, -0.580648, 0.0, 0.478938, 0.648918, -0.591205, 0.39386, 0.822917, -0.097388, 0.559753, 0.0, 0.0, 0.0, 0.0, 1.0],
                [0.305658, -0.7546, -0.580648, 0.0, 0.478938, 0.648918, -0.591205, 0.39386, 0.822917, -0.097388, 0.559753, 0.0, 0.0, 0.0, 0.0, 1.0]
            ]
        },
        {
            "name": "Hand_R",
            "time": [0.0, 3.3333],
            "transform": [
                [1.0, 0.0, 0.0, 0.0, -0.0, 0.759677, -0.6503, 0.3, -0.0, 0.6503, 0.759677, 0.0, 0.0, 0.0, 0.0, 1.0],
                [1.0, 0.0, 0.0, 0.0, -0.0, 0.759677, -0.6503, 0.3, -0.0, 0.6503, 0.759677, 0.0, 0.0, 0.0, 0.0, 1.0]
            ]
        },
        {
            "name": "Tool_R",
            "time": [0.0, 3.3333],
            "transform": [
                [0.645782, -0.307503, -0.698862, -0.05721, -0.37972, -0.923439, 0.055439, 0.318696, -0.662014, 0.229424, -0.71268, 0.328781, 0.0, 0.0, 0.0, 1.0],
                [0.645782, -0.307503, -0.698862, -0.05721, -0.37972, -0.923439, 0.055439, 0.318696, -0.662014, 0.229424, -0.71268, 0.328781, 0.0, 0.0, 0.0, 1.0]
            ]
        },
        {
            "name": "Elbow_R",
            "time": [0.0, 3.3333],
            "transform": [
                [-1.0, 0.0, 0.0, 0.0, 0.0, 0.0, -1.0, 0.376669, -0.0, -1.0, 0.0, 0.0, 0.0, 0.0, 0.0, 1.0],
                [-1.0, 0.0, 0.0, 0.0, 0.0, 0.0, -1.0, 0.376669, -0.0, -1.0, 0.0, 0.0, 0.0, 0.0, 0.0, 1.0]
            ]
        },
        {
            "name": "Shoulder_L",
            "time": [0.0, 3.3333],
            "transform": [
                [0.560864, -0.822478, -0.094659, 0.0, -0.300199, -0.30859, 0.902581, 0.4, -0.771564, -0.477809, -0.419984, 0.0, 0.0, 0.0, 0.0, 1.0],
                [0.560864, -0.822478, -0.094659, 0.0, -0.300199, -0.30859, 0.902581, 0.4, -0.771564, -0.477809, -0.419984, 0.0, 0.0, 0.0, 0.0, 1.0]
            ]
        },
        {
            "name": "Arm_L",
            "time": [0.0, 3.3333],
            "transform": [
                [0.314751, 0.725446, 0.612094, 0.0, -0.410832, 0.685457, -0.601137, 0.39386, -0.855657, -0.062259, 0.513785, -0.0, 0.0, 0.0, 0.0, 1.0],
                [0.314751, 0.725446, 0.612094, 0.0, -0.410832, 0.685457, -0.601137, 0.39386, -0.855657, -0.062259, 0.513785, -0.0, 0.0, 0.0, 0.0, 1.0]
            ]
        },
        {
            "name": "Hand_L",
            "time": [0.0, 3.3333],
            "transform": [
                [1.0, 0.0, -0.0, -0.0, -0.0, 0.623192, -0.782069, 0.3, -0.0, 0.782069, 0.623192, -0.0, 0.0, 0.0, 0.0, 1.0],
                [1.0, 0.0, -0.0, -0.0, -0.0, 0.623192, -0.782069, 0.3, -0.0, 0.782069, 0.623192, -0.0, 0.0, 0.0, 0.0, 1.0]
            ]
        },
        {
            "name": "Tool_L",
            "time": [0.0, 3.3333],
            "transform": [
                [1.0, 0.0, 0.0, -0.0, 0.0, -0.999836, 0.018122, 0.272858, 0.0, -0.018122, -0.999243, 0.0, 0.0, 0.0, 0.0, 1.0],
                [1.0, 0.0, 0.0, -0.0, 0.0, -0.999836, 0.018122, 0.272858, 0.0, -0.018122, -0.999243, 0.0, 0.0, 0.0, 0.0, 1.0]
            ]
        },
        {
            "name": "Elbow_L",
            "time": [0.0, 3.3333],
            "transform": [
                [-1.0, 0.0, -0.0, -0.0, 0.0, 0.0, -1.0, 0.394474, -0.0, -1.0, 0.0, -0.0, 0.0, 0.0, 0.0, 1.0],
                [-1.0, 0.0, -0.0, -0.0, 0.0, 0.0, -1.0, 0.394474, -0.0, -1.0, 0.0, -0.0, 0.0, 0.0, 0.0, 1.0]
            ]
        }
    ]
}