{
    "animation": [
        {
            "name": "Root",
            "time": [0.0, 3.3333],
            "transform": [
                [1.0, 0.0, 0.0, -5e-06, 0.0, 0.0, -1.0, 0.000946, 0.0, 1.0, 0.0, 0.777496, 0.0, 0.0, 0.0, 1.0],
                [1.0, 0.0, 0.0, -5e-06, 0.0, 0.0, -1.0, 0.000946, 0.0, 1.0, 0.0, 0.777496, 0.0, 0.0, 0.0, 1.0]
            ]
        },
        {
            "name": "Thigh_R",
            "time": [0.0, 3.3333],
            "transform": [
                [0.998692, 0.050626, 0.007128, 0.124994, 0.039742, -0.856435, 0.514721, -0.002831, 0.032163, -0.513763, -0.857329, -1.2e-05, 0.0, 0.0, 0.0, 1.0],
                [0.998692, 0.050626, 0.007128, 0.124994, 0.039742, -0.856435, 0.514721, -0.002831, 0.032163, -0.513763, -0.857329, -1.2e-05, 0.0, 0.0, 0.0, 1.0]
            ]
        },
        {
            "name": "Leg_R",
            "time": [0.0, 3.3333],
            "transform": [
                [0.999848, -0.00655, -0.016176, 0.0, 0.017452, 0.375249, 0.926759, 0.37472, -0.0, -0.926902, 0.375306, 0.0, 0.0, 0.0, 0.0, 1.0],
                [0.999848, -0.00655, -0.016176, 0.0, 0.017452, 0.375249, 0.926759, 0.37472, -0.0, -0.926902, 0.375306, 0.0, 0.0, 0.0, 0.0, 1.0]
            ]
        },
        {
            "name": "Knee_R",
            "time": [0.0, 3.3333],
            "transform": [
                [1.0, 0.0, -0.0, 0.0, -0.0, 1e-06, -1.0, 0.445175, -0.0, 1.0, 1e-06, -0.0, 0.0, 0.0, 0.0, 1.0],
                [1.0, 0.0, -0.0, 0.0, -0.0, 1e-06, -1.0, 0.445175, -0.0, 1.0, 1e-06, -0.0, 0.0, 0.0, 0.0, 1.0]
            ]
        },
        {
            "name": "Thigh_L",
            "time": [0.0, 3.3333],
            "transform": [
                [0.999678, -0.01158, 0.022562, -0.125006, -0.014244, -0.992459, 0.12175, -0.002831, 0.020982, -0.122032, -0.992304, -1.2e-05, 0.0, 0.0, 0.0, 1.0],
                [0.999678, -0.01158, 0.022562, -0.125006, -0.014244, -0.992459, 0.12175, -0.002831, 0.020982, -0.122032, -0.992304, -1.2e-05, 0.0, 0.0, 0.0, 1.0]
            ]
        },
        {
            "name": "Leg_L",
            "time": [0.0, 3.3333],
            "transform": [
                [0.999846, 0.017056, 0.004177, -0.0, -0.017453, 0.991487, 0.129029, 0.37472, -0.001941, -0.129081, 0.991632, 0.0, 0.0, 0.0, 0.0, 1.0],
                [0.999846, 0.017056, 0.004177, -0.0, -0.017453, 0.991487, 0.129029, 0.37472, -0.001941, -0.129081, 0.991632, 0.0, 0.0, 0.0, 0.0, 1.0]
            ]
        },
        {
            "name": "Knee_L",
            "time": [0.0, 3.3333],
            "transform": [
                [1.0, 0.0, -0.0, -0.0, -0.0, 1e-06, -1.0, 0.37472, -0.0, 1.0, 1e-06, 0.0, 0.0, 0.0, 0.0, 1.0],
                [1.0, 0.0, -0.0, -0.0, -0.0, 1e-06, -1.0, 0.37472, -0.0, 1.0, 1e-06, 0.0, 0.0, 0.0, 0.0, 1.0]
            ]
        },
        {
            "name": "Torso",
            "time": [0.0, 3.3333],
            "transform": [
                [1.0, 0.0, 0.0, 0.0, 0.0, 0.998933, 0.046195, 0.05, 0.0, -0.046195, 0.998932, 0.0, 0.0, 0.0, 0.0, 1.0],
                [1.0, 0.0, 0.0, 0.0, 0.0, 0.998933, 0.046195, 0.05, 0.0, -0.046195, 0.998932, 0.0, 0.0, 0.0, 0.0, 1.0]
            ]
        },
        {
            "name": "Chest",
            "time": [0.0, 3.3333],
            "transform": [
                [1.0, 0.0, 0.0, -0.0, 0.0, 1.0, -0.0, 0.3, 0.0, 0.0, 1.0, 0.0, 0.0, 0.0, 0.0, 1.0],
                [1.0, 0.0, 0.0, -0.0, 0.0, 1.0, -0.0, 0.3, 0.0, 0.0, 1.0, 0.0, 0.0, 0.0, 0.0, 1.0]
            ]
        },
        {
            "name": "Head",
            "time": [0.0, 3.3333],
            "transform": [
                [0.999934, 0.011367, 0.001432, 0.0, -0.011289, 0.998882, -0.045908, 0.4, -0.001952, 0.045889, 0.998945, 0.0, 0.0, 0.0, 0.0, 1.0],
                [0.999934, 0.011367, 0.001432, 0.0, -0.011289, 0.998882, -0.045908, 0.4, -0.001952, 0.045889, 0.998945, 0.0, 0.0, 0.0, 0.0, 1.0]
            ]
        },
        {
            "name": "Shoulder_R",
            "time": [0.0, 3.3333],
            "transform": [
                [0.561427, 0.823337, 0.083164, 0.0, 0.267974, -0.275965, 0.923056, 0.4, 0.782937, -0.495943, -0.375567, 0.0, 0.0, 0.0, 0.0, 1.0],
                [0.561427, 0.823337, 0.083164, 0.0, 0.267974, -0.275965, 0.923056, 0.4, 0.782937, -0.495943, -0.375567, 0.0, 0.0, 0.0, 0.0, 1.0]
            ]
        },
        {
            "name": "Arm_R",
            "time": [0.0, 3.3333],
            "transform": [
                [0.194321, -0.852962, -0.484455, -0.0, 0.487554, 0.512529, -0.706827, 0.39386, 0.851194, -0.098846, 0.51546, 0.0, 0.0, 0.0, 0.0, 1.0],
                [0.194321, -0.852962, -0.484455, -0.0, 0.487554, 0.512529, -0.706827, 0.39386, 0.851194, -0.098846, 0.51546, 0.0, 0.0, 0.0, 0.0, 1.0]
            ]
        },
        {
            "name": "Hand_R",
            "time": [0.0, 3.3333],
            "transform": [
                [1.0, 0.0, 0.0, -0.0, -0.0, 0.759677, -0.6503, 0.3, -0.0, 0.6503, 0.759677, -0.0, 0.0, 0.0, 0.0, 1.0],
                [1.0, 0.0, 0.0, -0.0, -0.0, 0.759677, -0.6503, 0.3, -0.0, 0.6503, 0.759677, -0.0, 0.0, 0.0, 0.0, 1.0]
            ]
        },
        {
            "name": "Tool_R",
            "time": [0.0, 3.3333],
            "transform": [
                [0.581743, -0.439441, -0.684446, 0.0, -0.574161, -0.817901, 0.037118, 0.268018, -0.575784, 0.371159, -0.727685, 0.266872, 0.0, 0.0, 0.0, 1.0],
                [0.581743, -0.439441, -0.684446, 0.0, -0.574161, -0.817901, 0.037118, 0.268018, -0.575784, 0.371159, -0.727685, 0.266872, 0.0, 0.0, 0.0, 1.0]
            ]
        },
        {
            "name": "Elbow_R",
            "time": [0.0, 3.3333],
            "transform": [
                [-1.0, 0.0, -0.0, -0.0, 0.0, -0.0, -1.0, 0.376669, -0.0, -1.0, 0.0, -0.0, 0.0, 0.0, 0.0, 1.0],
                [-1.0, 0.0, -0.0, -0.0, 0.0, -0.0, -1.0, 0.376669, -0.0, -1.0, 0.0, -0.0, 0.0, 0.0, 0.0, 1.0]
            ]
        },
        {
            "name": "Shoulder_L",
            "time": [0.0, 3.3333],
            "transform": [
                [0.18116, -0.941648, -0.283688, 0.0, -0.292458, -0.326994, 0.898634, 0.4, -0.938962, -0.07983, -0.334631, 0.0, 0.0, 0.0, 0.0, 1.0],
                [0.18116, -0.941648, -0.283688, 0.0, -0.292458, -0.326994, 0.898634, 0.4, -0.938962, -0.07983, -0.334631, 0.0, 0.0, 0.0, 0.0, 1.0]
            ]
        },
        {
            "name": "Arm_L",
            "time": [0.0, 3.3333],
            "transform": [
                [0.264867, 0.286445, 0.920758, 0.0, -0.915361, 0.374973, 0.146661, 0.39386, -0.303249, -0.881671, 0.361518, -0.0, 0.0, 0.0, 0.0, 1.0],
                [0.264867, 0.286445, 0.920758, 0.0, -0.915361, 0.374973, 0.146661, 0.39386, -0.303249, -0.881671, 0.361518, -0.0, 0.0, 0.0, 0.0, 1.0]
            ]
        },
        {
            "name": "Hand_L",
            "time": [0.0, 3.3333],
            "transform": [
                [1.0, 0.0, 0.0, 0.0, -0.0, 0.999914, 0.013084, 0.3, -0.0, -0.013084, 0.999914, 0.0, 0.0, 0.0, 0.0, 1.0],
                [1.0, 0.0, 0.0, 0.0, -0.0, 0.999914, 0.013084, 0.3, -0.0, -0.013084, 0.999914, 0.0, 0.0, 0.0, 0.0, 1.0]
            ]
        },
        {
            "name": "Tool_L",
            "time": [0.0, 3.3333],
            "transform": [
                [1.0, 0.0, 0.0, 0.0, 0.0, -0.999836, 0.018122, 0.272858, 0.0, -0.018122, -0.999243, 0.0, 0.0, 0.0, 0.0, 1.0],
                [1.0, 0.0, 0.0, 0.0, 0.0, -0.999836, 0.018122, 0.272858, 0.0, -0.018122, -0.999243, 0.0, 0.0, 0.0, 0.0, 1.0]
            ]
        },
        {
            "name": "Elbow_L",
            "time": [0.0, 3.3333],
            "transform": [
                [-1.0, 0.0, -0.0, -0.0, 0.0, -0.0, -1.0, 0.309098, -0.0, -1.0, -0.0, -0.0, 0.0, 0.0, 0.0, 1.0],
                [-1.0, 0.0, -0.0, -0.0, 0.0, -0.0, -1.0, 0.309098, -0.0, -1.0, -0.0, -0.0, 0.0, 0.0, 0.0, 1.0]
            ]
        }
    ]
}