{
    "animation": [
        {
            "name": "Root",
            "time": [0.0, 2.6667],
            "transform": [
                [0.854689, 0.0, -0.51914, -5e-06, -0.51914, 0.0, -0.854689, 0.000946, 0.0, 1.0, 0.0, 0.755725, 0.0, 0.0, 0.0, 1.0],
                [0.854689, 0.0, -0.51914, -5e-06, -0.51914, 0.0, -0.854689, 0.000946, 0.0, 1.0, 0.0, 0.755725, 0.0, 0.0, 0.0, 1.0]
            ]
        },
        {
            "name": "Thigh_R",
            "time": [0.0, 2.6667],
            "transform": [
                [0.99457, 0.069263, -0.077674, 0.124994, 0.068932, -0.997595, -0.006949, -0.002831, -0.077969, 0.001558, -0.996955, -1.2e-05, 0.0, 0.0, 0.0, 1.0],
                [0.99457, 0.069263, -0.077674, 0.124994, 0.068932, -0.997595, -0.006949, -0.002831, -0.077969, 0.001558, -0.996955, -1.2e-05, 0.0, 0.0, 0.0, 1.0]
            ]
        },
        {
            "name": "Leg_R",
            "time": [0.0, 2.6667],
            "transform": [
                [1.0, -0.0, 2e-06, -0.0, -0.0, 0.992013, 0.126145, 0.37472, -2e-06, -0.126145, 0.992011, -0.0, 0.0, 0.0, 0.0, 1.0],
                [1.0, -0.0, 2e-06, -0.0, -0.0, 0.992013, 0.126145, 0.37472, -2e-06, -0.126145, 0.992011, -0.0, 0.0, 0.0, 0.0, 1.0]
            ]
        },
        {
            "name": "Knee_R",
            "time": [0.0, 2.6667],
            "transform": [
                [1.0, 0.0, -0.0, -0.0, -0.0, 1e-06, -1.0, 0.37472, -0.0, 1.0, 1e-06, -0.0, 0.0, 0.0, 0.0, 1.0],
                [1.0, 0.0, -0.0, -0.0, -0.0, 1e-06, -1.0, 0.37472, -0.0, 1.0, 1e-06, -0.0, 0.0, 0.0, 0.0, 1.0]
            ]
        },
        {
            "name": "Thigh_L",
            "time": [0.0, 2.6667],
            "transform": [
                [0.866588, -0.133703, -0.480778, -0.125006, -0.027838, -0.974891, 0.220935, -0.002831, -0.498245, -0.178075, -0.848552, -1.2e-05, 0.0, 0.0, 0.0, 1.0],
                [0.866588, -0.133703, -0.480778, -0.125006, -0.027838, -0.974891, 0.220935, -0.002831, -0.498245, -0.178075, -0.848552, -1.2e-05, 0.0, 0.0, 0.0, 1.0]
            ]
        },
        {
            "name": "Leg_L",
            "time": [0.0, 2.6667],
            "transform": [
                [1.0, -0.0, 1e-06, 0.0, 0.0, 0.973383, 0.229183, 0.37472, -1e-06, -0.229182, 0.973384, 0.0, 0.0, 0.0, 0.0, 1.0],
                [1.0, -0.0, 1e-06, 0.0, 0.0, 0.973383, 0.229183, 0.37472, -1e-06, -0.229182, 0.973384, 0.0, 0.0, 0.0, 0.0, 1.0]
            ]
        },
        {
            "name": "Knee_L",
            "time": [0.0, 2.6667],
            "transform": [
                [1.0, 0.0, -0.0, 0.0, -0.0, 1e-06, -1.0, 0.37472, -0.0, 1.0, 1e-06, 0.0, 0.0, 0.0, 0.0, 1.0],
                [1.0, 0.0, -0.0, 0.0, -0.0, 1e-06, -1.0, 0.37472, -0.0, 1.0, 1e-06, 0.0, 0.0, 0.0, 0.0, 1.0]
            ]
        },
        {
            "name": "Torso",
            "time": [0.0, 1.0, 2.6667],
            "transform": [
                [1.0, 0.0, 0.0, -0.0, 0.0, 1.0, 0.0, 0.05, 0.0, 0.0, 1.0, 0.0, 0.0, 0.0, 0.0, 1.0],
                [0.999912, -0.013305, -0.000146, -0.0, 0.013305, 0.999672, 0.021905, 0.05, -0.000146, -0.021905, 0.99976, 0.0, 0.0, 0.0, 0.0, 1.0],
                [1.0, 0.0, 0.0, -0.0, 0.0, 1.0, 0.0, 0.05, 0.0, 0.0, 1.0, 0.0, 0.0, 0.0, 0.0, 1.0]
            ]
        },
        {
            "name": "Chest",
            "time": [0.0, 1.0, 2.6667],
            "transform": [
                [0.955468, 0.007584, 0.294997, -0.0, -0.012804, 0.999794, 0.015766, 0.3, -0.294817, -0.018841, 0.955368, -0.0, 0.0, 0.0, 0.0, 1.0],
                [0.95511, 0.027929, 0.294931, 0.0, -0.022358, 0.999502, -0.022246, 0.3, -0.295406, 0.014654, 0.95526, 0.0, 0.0, 0.0, 0.0, 1.0],
                [0.955468, 0.007584, 0.294997, -0.0, -0.012804, 0.999794, 0.015766, 0.3, -0.294817, -0.018841, 0.955368, -0.0, 0.0, 0.0, 0.0, 1.0]
            ]
        },
        {
            "name": "Head",
            "time": [0.0, 0.3, 1.1833, 1.8167, 2.6667],
            "transform": [
                [0.96952, -0.01311, 0.244663, -0.0, 0.016397, 0.999801, -0.0114, 0.4, -0.244465, 0.015065, 0.969541, -0.0, 0.0, 0.0, 0.0, 1.0],
                [0.969519, -0.015743, 0.244509, 0.0, 0.01639, 0.999865, -0.000609, 0.4, -0.244466, 0.004598, 0.969647, 0.0, 0.0, 0.0, 0.0, 1.0],
                [0.96952, -0.01009, 0.244805, 0.0, 0.016405, 0.999583, -0.023771, 0.4, -0.244463, 0.027062, 0.969281, -0.0, 0.0, 0.0, 0.0, 1.0],
                [0.96952, -0.01009, 0.244805, 0.0, 0.016405, 0.999583, -0.023771, 0.4, -0.244463, 0.027062, 0.969281, 0.0, 0.0, 0.0, 0.0, 1.0],
                [0.96952, -0.01311, 0.244663, -0.0, 0.016397, 0.999801, -0.0114, 0.4, -0.244465, 0.015065, 0.969541, -0.0, 0.0, 0.0, 0.0, 1.0]
            ]
        },
        {
            "name": "Shoulder_R",
            "time": [0.0, 1.1833, 2.3333, 2.6667],
            "transform": [
                [-0.139417, 0.920625, 0.364709, -0.0, 0.251775, -0.323246, 0.912207, 0.4, 0.957691, 0.219002, -0.186725, -0.0, 0.0, 0.0, 0.0, 1.0],
                [-0.147319, 0.930037, 0.336642, 0.0, 0.23999, -0.296574, 0.924364, 0.4, 0.959532, 0.216967, -0.179508, -0.0, 0.0, 0.0, 0.0, 1.0],
                [-0.139417, 0.920625, 0.364709, 0.0, 0.251775, -0.323246, 0.912207, 0.4, 0.957691, 0.219002, -0.186725, 0.0, 0.0, 0.0, 0.0, 1.0],
                [-0.139417, 0.920625, 0.364709, -0.0, 0.251775, -0.323246, 0.912207, 0.4, 0.957691, 0.219002, -0.186725, -0.0, 0.0, 0.0, 0.0, 1.0]
            ]
        },
        {
            "name": "Arm_R",
            "time": [0.0, 2.6667],
            "transform": [
                [0.704794, -0.281948, -0.650977, 0.0, 0.701445, 0.414106, 0.580079, 0.39386, 0.106022, -0.865461, 0.48963, 0.0, 0.0, 0.0, 0.0, 1.0],
                [0.704794, -0.281948, -0.650977, 0.0, 0.701445, 0.414106, 0.580079, 0.39386, 0.106022, -0.865461, 0.48963, 0.0, 0.0, 0.0, 0.0, 1.0]
            ]
        },
        {
            "name": "Hand_R",
            "time": [0.0, 2.6667],
            "transform": [
                [1.0, 0.0, 0.0, -0.0, -0.0, 0.998092, 0.061735, 0.3, -0.0, -0.061735, 0.998092, 0.0, 0.0, 0.0, 0.0, 1.0],
                [1.0, 0.0, 0.0, -0.0, -0.0, 0.998092, 0.061735, 0.3, -0.0, -0.061735, 0.998092, 0.0, 0.0, 0.0, 0.0, 1.0]
            ]
        },
        {
            "name": "Tool_R",
            "time": [0.0, 2.6667],
            "transform": [
                [0.983941, -0.155677, 0.087325, -0.003593, -0.151506, -0.987059, -0.052552, 0.326765, 0.094318, 0.038444, -0.994202, -0.002643, 0.0, 0.0, 0.0, 1.0],
                [0.983941, -0.155677, 0.087325, -0.003593, -0.151506, -0.987059, -0.052552, 0.326765, 0.094318, 0.038444, -0.994202, -0.002643, 0.0, 0.0, 0.0, 1.0]
            ]
        },
        {
            "name": "Elbow_R",
            "time": [0.0, 2.6667],
            "transform": [
                [-1.0, 0.0, -0.0, -0.0, 0.0, -0.0, -1.0, 0.304536, -0.0, -1.0, 0.0, 0.0, 0.0, 0.0, 0.0, 1.0],
                [-1.0, 0.0, -0.0, -0.0, 0.0, -0.0, -1.0, 0.304536, -0.0, -1.0, 0.0, 0.0, 0.0, 0.0, 0.0, 1.0]
            ]
        },
        {
            "name": "Shoulder_L",
            "time": [0.0, 1.1833, 2.3333, 2.6667],
            "transform": [
                [0.093479, -0.952114, -0.291103, -0.0, -0.291103, -0.305743, 0.906521, 0.4, -0.952114, -0.0, -0.305743, -0.0, 0.0, 0.0, 0.0, 1.0],
                [0.08563, -0.959612, -0.267978, 0.0, -0.299506, -0.281318, 0.911678, 0.4, -0.950244, 0.002194, -0.311499, -0.0, 0.0, 0.0, 0.0, 1.0],
                [0.093479, -0.952114, -0.291103, 0.0, -0.291103, -0.305743, 0.906521, 0.4, -0.952114, -0.0, -0.305743, 0.0, 0.0, 0.0, 0.0, 1.0],
                [0.093479, -0.952114, -0.291103, -0.0, -0.291103, -0.305743, 0.906521, 0.4, -0.952114, -0.0, -0.305743, -0.0, 0.0, 0.0, 0.0, 1.0]
            ]
        },
        {
            "name": "Arm_L",
            "time": [0.0, 2.6667],
            "transform": [
                [0.007435, -0.021533, 0.999741, 0.0, -0.928574, 0.370848, 0.014893, 0.39386, -0.371072, -0.928444, -0.017238, -0.0, 0.0, 0.0, 0.0, 1.0],
                [0.007435, -0.021533, 0.999741, 0.0, -0.928574, 0.370848, 0.014893, 0.39386, -0.371072, -0.928444, -0.017238, -0.0, 0.0, 0.0, 0.0, 1.0]
            ]
        },
        {
            "name": "Hand_L",
            "time": [0.0, 2.6667],
            "transform": [
                [1.0, 0.0, 0.0, 0.0, -0.0, 0.440372, -0.897816, 0.3, -0.0, 0.897816, 0.440372, 0.0, 0.0, 0.0, 0.0, 1.0],
                [1.0, 0.0, 0.0, 0.0, -0.0, 0.440372, -0.897816, 0.3, -0.0, 0.897816, 0.440372, 0.0, 0.0, 0.0, 0.0, 1.0]
            ]
        },
        {
            "name": "Tool_L",
            "time": [0.0, 2.6667],
            "transform": [
                [0.999402, 0.02395, -0.024943, -0.005789, 0.004928, -0.812601, -0.582799, 0.210369, -0.034207, 0.581974, -0.811758, 0.061911, 0.0, 0.0, 0.0, 1.0],
                [0.999402, 0.02395, -0.024943, -0.005789, 0.004928, -0.812601, -0.582799, 0.210369, -0.034207, 0.581974, -0.811758, 0.061911, 0.0, 0.0, 0.0, 1.0]
            ]
        },
        {
            "name": "Elbow_L",
            "time": [0.0, 2.6667],
            "transform": [
                [-1.0, 0.0, -0.0, 0.0, 0.0, -0.0, -1.0, 0.414791, -0.0, -1.0, 0.0, 0.0, 0.0, 0.0, 0.0, 1.0],
                [-1.0, 0.0, -0.0, 0.0, 0.0, -0.0, -1.0, 0.414791, -0.0, -1.0, 0.0, 0.0, 0.0, 0.0, 0.0, 1.0]
            ]
        }
    ]
}