{
    "animation": [
        {
            "name": "Root",
            "time": [0.0, 2.6667],
            "transform": [
                [0.822514, 0.0, -0.568745, -5e-06, -0.568745, 0.0, -0.822514, 0.040298, 0.0, 1.0, 0.0, 0.683326, 0.0, 0.0, 0.0, 1.0],
                [0.822514, 0.0, -0.568745, -5e-06, -0.568745, 0.0, -0.822514, 0.040298, 0.0, 1.0, 0.0, 0.683326, 0.0, 0.0, 0.0, 1.0]
            ]
        },
        {
            "name": "Thigh_R",
            "time": [0.0, 2.6667],
            "transform": [
                [0.844265, 0.381874, 0.376017, 0.124994, 0.326147, -0.92284, 0.204924, -0.002831, 0.425258, -0.050373, -0.903669, -1.2e-05, 0.0, 0.0, 0.0, 1.0],
                [0.844265, 0.381874, 0.376017, 0.124994, 0.326147, -0.92284, 0.204924, -0.002831, 0.425258, -0.050373, -0.903669, -1.2e-05, 0.0, 0.0, 0.0, 1.0]
            ]
        },
        {
            "name": "Leg_R",
            "time": [0.0, 2.6667],
            "transform": [
                [1.0, -0.0, 1e-06, -0.0, -0.0, 0.866944, 0.498405, 0.37472, -1e-06, -0.498405, 0.866944, -0.0, 0.0, 0.0, 0.0, 1.0],
                [1.0, -0.0, 1e-06, -0.0, -0.0, 0.866944, 0.498405, 0.37472, -1e-06, -0.498405, 0.866944, -0.0, 0.0, 0.0, 0.0, 1.0]
            ]
        },
        {
            "name": "Knee_R",
            "time": [0.0, 2.6667],
            "transform": [
                [1.0, 0.0, -0.0, -6.6e-05, -0.0, 1e-06, -1.0, 0.385513, -0.0, 1.0, 1e-06, -0.000673, 0.0, 0.0, 0.0, 1.0],
                [1.0, 0.0, -0.0, -6.6e-05, -0.0, 1e-06, -1.0, 0.385513, -0.0, 1.0, 1e-06, -0.000673, 0.0, 0.0, 0.0, 1.0]
            ]
        },
        {
            "name": "Thigh_L",
            "time": [0.0, 2.6667],
            "transform": [
                [0.814793, -0.353527, -0.45949, -0.134452, -0.004539, -0.796429, 0.604715, -0.002831, -0.579734, -0.490631, -0.65053, 0.027237, 0.0, 0.0, 0.0, 1.0],
                [0.814793, -0.353527, -0.45949, -0.134452, -0.004539, -0.796429, 0.604715, -0.002831, -0.579734, -0.490631, -0.65053, 0.027237, 0.0, 0.0, 0.0, 1.0]
            ]
        },
        {
            "name": "Leg_L",
            "time": [0.0, 2.6667],
            "transform": [
                [1.0, -1e-06, 3e-06, -0.0, -1e-06, 0.821685, 0.569942, 0.37472, -3e-06, -0.569942, 0.821685, 0.0, 0.0, 0.0, 0.0, 1.0],
                [1.0, -1e-06, 3e-06, -0.0, -1e-06, 0.821685, 0.569942, 0.37472, -3e-06, -0.569942, 0.821685, 0.0, 0.0, 0.0, 0.0, 1.0]
            ]
        },
        {
            "name": "Knee_L",
            "time": [0.0, 2.6667],
            "transform": [
                [1.0, 0.0, -0.0, -0.0, -0.0, 1e-06, -1.0, 0.369893, -0.0, 1.0, 1e-06, 0.0, 0.0, 0.0, 0.0, 1.0],
                [1.0, 0.0, -0.0, -0.0, -0.0, 1e-06, -1.0, 0.369893, -0.0, 1.0, 1e-06, 0.0, 0.0, 0.0, 0.0, 1.0]
            ]
        },
        {
            "name": "Torso",
            "time": [0.0, 1.3333, 2.6667],
            "transform": [
                [0.992946, -0.118128, -0.010202, -0.0, 0.118128, 0.978193, 0.170836, 0.05, -0.010202, -0.170836, 0.985247, -0.0, 0.0, 0.0, 0.0, 1.0],
                [0.996303, -0.085745, -0.005347, -0.0, 0.085745, 0.98857, 0.124004, 0.05, -0.005347, -0.124004, 0.992267, -0.0, 0.0, 0.0, 0.0, 1.0],
                [0.992946, -0.118128, -0.010202, -0.0, 0.118128, 0.978193, 0.170836, 0.05, -0.010202, -0.170836, 0.985247, -0.0, 0.0, 0.0, 0.0, 1.0]
            ]
        },
        {
            "name": "Chest",
            "time": [0.0, 1.3333, 2.6667],
            "transform": [
                [1.0, -0.0, 0.0, -0.0, -0.0, 1.0, -0.0, 0.3, -0.0, 0.0, 1.0, 0.0, 0.0, 0.0, 0.0, 1.0],
                [0.99996, 0.008939, -5.8e-05, 0.0, -0.008939, 0.999877, -0.012927, 0.3, -5.8e-05, 0.012927, 0.999916, 0.0, 0.0, 0.0, 0.0, 1.0],
                [1.0, -0.0, 0.0, -0.0, -0.0, 1.0, -0.0, 0.3, -0.0, 0.0, 1.0, 0.0, 0.0, 0.0, 0.0, 1.0]
            ]
        },
        {
            "name": "Head",
            "time": [0.0, 1.3333, 2.6667],
            "transform": [
                [0.820566, 0.077964, 0.56621, -0.0, 0.005869, 0.989451, -0.144747, 0.4, -0.571522, 0.122098, 0.811452, 0.0, 0.0, 0.0, 0.0, 1.0],
                [0.820462, 0.060267, 0.568516, 0.0, 0.00576, 0.993506, -0.113631, 0.4, -0.571672, 0.096505, 0.814787, 0.0, 0.0, 0.0, 0.0, 1.0],
                [0.820566, 0.077964, 0.56621, -0.0, 0.005869, 0.989451, -0.144747, 0.4, -0.571522, 0.122098, 0.811452, 0.0, 0.0, 0.0, 0.0, 1.0]
            ]
        },
        {
            "name": "Shoulder_R",
            "time": [0.0, 1.3333, 2.6667],
            "transform": [
                [0.002218, 0.980704, 0.195484, -0.0, -0.23889, -0.189305, 0.952415, 0.4, 0.971044, -0.048812, 0.233861, 0.0, 0.0, 0.0, 0.0, 1.0],
                [-0.01311, 0.981009, 0.193519, 0.0, -0.237723, -0.191045, 0.95236, 0.4, 0.971244, -0.033519, 0.235713, 0.0, 0.0, 0.0, 0.0, 1.0],
                [0.002218, 0.980704, 0.195484, -0.0, -0.23889, -0.189305, 0.952415, 0.4, 0.971044, -0.048812, 0.233861, 0.0, 0.0, 0.0, 0.0, 1.0]
            ]
        },
        {
            "name": "Arm_R",
            "time": [0.0, 2.6667],
            "transform": [
                [-0.028517, -0.887491, -0.459941, 0.0, -0.400703, 0.43169, -0.808134, 0.39386, 0.915764, 0.161254, -0.367931, -0.0, 0.0, 0.0, 0.0, 1.0],
                [-0.028517, -0.887491, -0.459941, 0.0, -0.400703, 0.43169, -0.808134, 0.39386, 0.915764, 0.161254, -0.367931, -0.0, 0.0, 0.0, 0.0, 1.0]
            ]
        },
        {
            "name": "Hand_R",
            "time": [0.0, 2.6667],
            "transform": [
                [0.999986, 0.003999, -0.003416, 0.0, -0.003254, -0.039899, -0.999199, 0.3, -0.004132, 0.999196, -0.039885, -0.0, 0.0, 0.0, 0.0, 1.0],
                [0.999986, 0.003999, -0.003416, 0.0, -0.003254, -0.039899, -0.999199, 0.3, -0.004132, 0.999196, -0.039885, -0.0, 0.0, 0.0, 0.0, 1.0]
            ]
        },
        {
            "name": "Tool_R",
            "time": [0.0, 2.6667],
            "transform": [
                [-0.222337, 0.97394, 0.044807, -0.052561, -0.460082, -0.064289, -0.885546, 0.430026, -0.859084, -0.217376, 0.462103, 0.04787, 0.0, 0.0, 0.0, 1.0],
                [-0.222337, 0.97394, 0.044807, -0.052561, -0.460082, -0.064289, -0.885546, 0.430026, -0.859084, -0.217376, 0.462103, 0.04787, 0.0, 0.0, 0.0, 1.0]
            ]
        },
        {
            "name": "Elbow_R",
            "time": [0.0, 2.6667],
            "transform": [
                [-1.0, 0.0, -0.0, 0.000555, 0.0, -0.0, -1.0, 0.402149, -0.0, -1.0, 0.0, -0.000131, 0.0, 0.0, 0.0, 1.0],
                [-1.0, 0.0, -0.0, 0.000555, 0.0, -0.0, -1.0, 0.402149, -0.0, -1.0, 0.0, -0.000131, 0.0, 0.0, 0.0, 1.0]
            ]
        },
        {
            "name": "Shoulder_L",
            "time": [0.0, 1.3333, 2.6667],
            "transform": [
                [0.751128, -0.653418, -0.094079, -0.0, -0.053039, -0.201781, 0.977993, 0.4, -0.658022, -0.729608, -0.18622, 0.0, 0.0, 0.0, 0.0, 1.0],
                [0.746189, -0.658732, -0.096306, 0.0, -0.052018, -0.201911, 0.978021, 0.4, -0.663699, -0.724779, -0.18493, 0.0, 0.0, 0.0, 0.0, 1.0],
                [0.751128, -0.653418, -0.094079, -0.0, -0.053039, -0.201781, 0.977993, 0.4, -0.658022, -0.729608, -0.18622, 0.0, 0.0, 0.0, 0.0, 1.0]
            ]
        },
        {
            "name": "Arm_L",
            "time": [0.0, 2.6667],
            "transform": [
                [-0.196435, 0.884845, 0.422449, 0.0, -0.88957, 0.020387, -0.456343, 0.39386, -0.412405, -0.46544, 0.783127, -0.0, 0.0, 0.0, 0.0, 1.0],
                [-0.196435, 0.884845, 0.422449, 0.0, -0.88957, 0.020387, -0.456343, 0.39386, -0.412405, -0.46544, 0.783127, -0.0, 0.0, 0.0, 0.0, 1.0]
            ]
        },
        {
            "name": "Hand_L",
            "time": [0.0, 2.6667],
            "transform": [
                [0.999995, -0.002826, 0.00167, 0.0, 0.002436, 0.298174, -0.954509, 0.3, 0.0022, 0.954507, 0.29818, 0.0, 0.0, 0.0, 0.0, 1.0],
                [0.999995, -0.002826, 0.00167, 0.0, 0.002436, 0.298174, -0.954509, 0.3, 0.0022, 0.954507, 0.29818, 0.0, 0.0, 0.0, 0.0, 1.0]
            ]
        },
        {
            "name": "Tool_L",
            "time": [0.0, 2.6667],
            "transform": [
                [1.0, -0.0, 0.0, 0.0, -0.0, -0.999836, 0.018122, 0.272858, 0.0, -0.018122, -0.999247, 0.0, 0.0, 0.0, 0.0, 1.0],
                [1.0, -0.0, 0.0, 0.0, -0.0, -0.999836, 0.018122, 0.272858, 0.0, -0.018122, -0.999247, 0.0, 0.0, 0.0, 0.0, 1.0]
            ]
        },
        {
            "name": "Elbow_L",
            "time": [0.0, 2.6667],
            "transform": [
                [-1.0, 0.0, -0.0, 0.000257, 0.0, -0.0, -1.0, 0.428497, -0.0, -1.0, -0.0, -0.002434, 0.0, 0.0, 0.0, 1.0],
                [-1.0, 0.0, -0.0, 0.000257, 0.0, -0.0, -1.0, 0.428497, -0.0, -1.0, -0.0, -0.002434, 0.0, 0.0, 0.0, 1.0]
            ]
        }
    ]
}