{
    "animation": [
        {
            "name": "Root",
            "time": [0.0, 2.6667],
            "transform": [
                [0.854689, 0.0, -0.51914, -5e-06, -0.51914, 0.0, -0.854689, 0.000946, 0.0, 1.0, 0.0, 0.755725, 0.0, 0.0, 0.0, 1.0],
                [0.854689, 0.0, -0.51914, -5e-06, -0.51914, 0.0, -0.854689, 0.000946, 0.0, 1.0, 0.0, 0.755725, 0.0, 0.0, 0.0, 1.0]
            ]
        },
        {
            "name": "Thigh_R",
            "time": [0.0, 2.6667],
            "transform": [
                [0.996123, 0.056386, -0.067528, 0.124994, 0.068868, -0.977428, 0.199728, -0.002831, -0.054742, -0.203604, -0.977522, -1.2e-05, 0.0, 0.0, 0.0, 1.0],
                [0.996123, 0.056386, -0.067528, 0.124994, 0.068868, -0.977428, 0.199728, -0.002831, -0.054742, -0.203604, -0.977522, -1.2e-05, 0.0, 0.0, 0.0, 1.0]
            ]
        },
        {
            "name": "Leg_R",
            "time": [0.0, 2.6667],
            "transform": [
                [1.0, -0.0, 2e-06, -0.0, -0.0, 0.966098, 0.258173, 0.37472, -2e-06, -0.258173, 0.966099, -0.0, 0.0, 0.0, 0.0, 1.0],
                [1.0, -0.0, 2e-06, -0.0, -0.0, 0.966098, 0.258173, 0.37472, -2e-06, -0.258173, 0.966099, -0.0, 0.0, 0.0, 0.0, 1.0]
            ]
        },
        {
            "name": "Knee_R",
            "time": [0.0, 2.6667],
            "transform": [
                [1.0, 0.0, -0.0, -0.0, -0.0, 1e-06, -1.0, 0.37472, -0.0, 1.0, 1e-06, -0.0, 0.0, 0.0, 0.0, 1.0],
                [1.0, 0.0, -0.0, -0.0, -0.0, 1e-06, -1.0, 0.37472, -0.0, 1.0, 1e-06, -0.0, 0.0, 0.0, 0.0, 1.0]
            ]
        },
        {
            "name": "Thigh_L",
            "time": [0.0, 2.6667],
            "transform": [
                [0.866589, -0.133702, -0.480778, -0.125006, -0.027838, -0.974889, 0.220935, -0.002831, -0.498245, -0.178075, -0.848552, -1.2e-05, 0.0, 0.0, 0.0, 1.0],
                [0.866589, -0.133702, -0.480778, -0.125006, -0.027838, -0.974889, 0.220935, -0.002831, -0.498245, -0.178075, -0.848552, -1.2e-05, 0.0, 0.0, 0.0, 1.0]
            ]
        },
        {
            "name": "Leg_L",
            "time": [0.0, 2.6667],
            "transform": [
                [1.0, -0.0, 1e-06, 0.0, 0.0, 0.984974, 0.172708, 0.37472, -1e-06, -0.172708, 0.984972, 0.0, 0.0, 0.0, 0.0, 1.0],
                [1.0, -0.0, 1e-06, 0.0, 0.0, 0.984974, 0.172708, 0.37472, -1e-06, -0.172708, 0.984972, 0.0, 0.0, 0.0, 0.0, 1.0]
            ]
        },
        {
            "name": "Knee_L",
            "time": [0.0, 2.6667],
            "transform": [
                [1.0, 0.0, -0.0, 0.0, -0.0, 1e-06, -1.0, 0.37472, -0.0, 1.0, 1e-06, 0.0, 0.0, 0.0, 0.0, 1.0],
                [1.0, 0.0, -0.0, 0.0, -0.0, 1e-06, -1.0, 0.37472, -0.0, 1.0, 1e-06, 0.0, 0.0, 0.0, 0.0, 1.0]
            ]
        },
        {
            "name": "Torso",
            "time": [0.0, 2.6667],
            "transform": [
                [0.99978, -0.020971, -0.000197, -0.0, 0.020971, 0.999603, 0.018833, 0.05, -0.000198, -0.018833, 0.999823, 0.0, 0.0, 0.0, 0.0, 1.0],
                [0.99978, -0.020971, -0.000197, -0.0, 0.020971, 0.999603, 0.018833, 0.05, -0.000198, -0.018833, 0.999823, 0.0, 0.0, 0.0, 0.0, 1.0]
            ]
        },
        {
            "name": "Chest",
            "time": [0.0, 1.3333, 2.6667],
            "transform": [
                [0.999771, -0.021411, -0.000206, -0.0, 0.021411, 0.999586, 0.019228, 0.3, -0.000206, -0.019228, 0.999815, -0.0, 0.0, 0.0, 0.0, 1.0],
                [0.999996, 0.002829, -0.000646, -0.0, -0.002842, 0.999755, -0.021939, 0.3, 0.000584, 0.021941, 0.999759, -0.0, 0.0, 0.0, 0.0, 1.0],
                [0.999771, -0.021411, -0.000206, -0.0, 0.021411, 0.999586, 0.019228, 0.3, -0.000206, -0.019228, 0.999815, -0.0, 0.0, 0.0, 0.0, 1.0]
            ]
        },
        {
            "name": "Head",
            "time": [0.0, 1.3333, 2.6667],
            "transform": [
                [0.85311, 0.037721, 0.520365, 0.0, -0.006297, 0.998055, -0.062025, 0.4, -0.521693, 0.049637, 0.851688, 0.0, 0.0, 0.0, 0.0, 1.0],
                [0.865299, 0.010269, 0.501151, -0.0, -0.014862, 0.999876, 0.005173, 0.4, -0.501036, -0.011925, 0.865345, -0.0, 0.0, 0.0, 0.0, 1.0],
                [0.85311, 0.037721, 0.520365, 0.0, -0.006297, 0.998055, -0.062025, 0.4, -0.521693, 0.049637, 0.851688, 0.0, 0.0, 0.0, 0.0, 1.0]
            ]
        },
        {
            "name": "Shoulder_R",
            "time": [0.0, 2.6667],
            "transform": [
                [0.089555, 0.949274, 0.301428, 0.0, -0.003656, -0.302328, 0.953197, 0.4, 0.995975, -0.086466, -0.023605, 0.0, 0.0, 0.0, 0.0, 1.0],
                [0.089555, 0.949274, 0.301428, 0.0, -0.003656, -0.302328, 0.953197, 0.4, 0.995975, -0.086466, -0.023605, 0.0, 0.0, 0.0, 0.0, 1.0]
            ]
        },
        {
            "name": "Arm_R",
            "time": [0.0, 1.3333, 2.6667],
            "transform": [
                [0.021071, 0.013447, -0.999687, 0.0, 0.946416, 0.322036, 0.02428, 0.39386, 0.322262, -0.946632, -0.005941, 0.0, 0.0, 0.0, 0.0, 1.0],
                [0.018613, 0.058714, -0.998101, 0.0, 0.935397, 0.351538, 0.038123, 0.39386, 0.353109, -0.93433, -0.048378, 0.0, 0.0, 0.0, 0.0, 1.0],
                [0.021071, 0.013447, -0.999687, 0.0, 0.946416, 0.322036, 0.02428, 0.39386, 0.322262, -0.946632, -0.005941, 0.0, 0.0, 0.0, 0.0, 1.0]
            ]
        },
        {
            "name": "Hand_R",
            "time": [0.0, 2.6667],
            "transform": [
                [0.999985, 0.001325, 0.005391, 0.0, -0.00125, 0.999903, -0.013885, 0.3, -0.005409, 0.013878, 0.999889, 0.0, 0.0, 0.0, 0.0, 1.0],
                [0.999985, 0.001325, 0.005391, 0.0, -0.00125, 0.999903, -0.013885, 0.3, -0.005409, 0.013878, 0.999889, 0.0, 0.0, 0.0, 0.0, 1.0]
            ]
        },
        {
            "name": "Tool_R",
            "time": [0.0, 2.6667],
            "transform": [
                [1.0, 0.0, 0.0, 0.0, 0.0, -0.999836, 0.018122, 0.272858, 0.0, -0.018122, -0.999244, -0.0, 0.0, 0.0, 0.0, 1.0],
                [1.0, 0.0, 0.0, 0.0, 0.0, -0.999836, 0.018122, 0.272858, 0.0, -0.018122, -0.999244, -0.0, 0.0, 0.0, 0.0, 1.0]
            ]
        },
        {
            "name": "Elbow_R",
            "time": [0.0, 2.6667],
            "transform": [
                [-1.0, 0.0, -0.0, 0.0, 0.0, -0.0, -1.0, 0.3, -0.0, -1.0, 0.0, 0.0, 0.0, 0.0, 0.0, 1.0],
                [-1.0, 0.0, -0.0, 0.0, 0.0, -0.0, -1.0, 0.3, -0.0, -1.0, 0.0, 0.0, 0.0, 0.0, 0.0, 1.0]
            ]
        },
        {
            "name": "Shoulder_L",
            "time": [0.0, 2.6667],
            "transform": [
                [0.0885, -0.949454, -0.301172, 0.0, -0.003902, -0.302687, 0.953082, 0.4, -0.996069, -0.083172, -0.030493, 0.0, 0.0, 0.0, 0.0, 1.0],
                [0.0885, -0.949454, -0.301172, 0.0, -0.003902, -0.302687, 0.953082, 0.4, -0.996069, -0.083172, -0.030493, 0.0, 0.0, 0.0, 0.0, 1.0]
            ]
        },
        {
            "name": "Arm_L",
            "time": [0.0, 1.3333, 2.6667],
            "transform": [
                [0.159467, 0.003163, 0.987198, -0.0, -0.915361, 0.374973, 0.146661, 0.39386, -0.369709, -0.927031, 0.062691, -0.0, 0.0, 0.0, 0.0, 1.0],
                [0.157318, -0.045654, 0.986492, 0.0, -0.922246, 0.350427, 0.16329, 0.39386, -0.353148, -0.935477, 0.013025, -0.0, 0.0, 0.0, 0.0, 1.0],
                [0.159467, 0.003163, 0.987198, -0.0, -0.915361, 0.374973, 0.146661, 0.39386, -0.369709, -0.927031, 0.062691, -0.0, 0.0, 0.0, 0.0, 1.0]
            ]
        },
        {
            "name": "Hand_L",
            "time": [0.0, 2.6667],
            "transform": [
                [0.99932, -0.036878, 0.000448, 0.0, 0.03687, 0.999235, 0.013035, 0.3, -0.000928, -0.013009, 0.999915, -0.0, 0.0, 0.0, 0.0, 1.0],
                [0.99932, -0.036878, 0.000448, 0.0, 0.03687, 0.999235, 0.013035, 0.3, -0.000928, -0.013009, 0.999915, -0.0, 0.0, 0.0, 0.0, 1.0]
            ]
        },
        {
            "name": "Tool_L",
            "time": [0.0, 2.6667],
            "transform": [
                [1.0, 0.0, 0.0, 0.0, 0.0, -0.999836, 0.018122, 0.272858, 0.0, -0.018122, -0.999248, 0.0, 0.0, 0.0, 0.0, 1.0],
                [1.0, 0.0, 0.0, 0.0, 0.0, -0.999836, 0.018122, 0.272858, 0.0, -0.018122, -0.999248, 0.0, 0.0, 0.0, 0.0, 1.0]
            ]
        },
        {
            "name": "Elbow_L",
            "time": [0.0, 2.6667],
            "transform": [
                [-1.0, 0.0, -0.0, 0.0, 0.0, -0.0, -1.0, 0.3, -0.0, -1.0, -0.0, -0.0, 0.0, 0.0, 0.0, 1.0],
                [-1.0, 0.0, -0.0, 0.0, 0.0, -0.0, -1.0, 0.3, -0.0, -1.0, -0.0, -0.0, 0.0, 0.0, 0.0, 1.0]
            ]
        }
    ]
}