{
    "animation": [
        {
            "name": "Root",
            "time": [0.0, 0.0667, 0.15, 0.2667],
            "transform": [
                [0.854689, 0.0, -0.51914, -5e-06, -0.507095, 0.214162, -0.834859, -0.172388, 0.11118, 0.976798, 0.183042, 0.50905, 0.0, 0.0, 0.0, 1.0],
                [0.854689, 0.0, -0.51914, -5e-06, -0.513415, 0.148101, -0.845264, -0.10792, 0.076885, 0.988972, 0.126581, 0.811554, 0.0, 0.0, 0.0, 1.0],
                [0.854689, 0.0, -0.51914, -5e-06, -0.518652, 0.043325, -0.853887, 0.000946, 0.022492, 0.999061, 0.03703, 0.763972, 0.0, 0.0, 0.0, 1.0],
                [0.854689, 0.0, -0.51914, -5e-06, -0.518819, 0.035145, -0.854161, 0.000946, 0.018245, 0.999382, 0.030038, 0.763972, 0.0, 0.0, 0.0, 1.0]
            ]
        },
        {
            "name": "Thigh_R",
            "time": [0.0, 0.0667, 0.15, 0.2667],
            "transform": [
                [0.96872, 0.010942, -0.247912, 0.124994, 0.141813, -0.844231, 0.516875, -0.002831, -0.20364, -0.535863, -0.819378, -1.2e-05, 0.0, 0.0, 0.0, 1.0],
                [0.974007, 0.145349, -0.173733, 0.124994, 0.11584, -0.978717, -0.169381, -0.00283, -0.194655, 0.144854, -0.970117, -1.2e-05, 0.0, 0.0, 0.0, 1.0],
                [0.983812, -0.025989, -0.177305, 0.124994, 0.041256, -0.929999, 0.365234, -0.002831, -0.174386, -0.366636, -0.913875, -1.2e-05, 0.0, 0.0, 0.0, 1.0],
                [0.993595, -0.074336, -0.085099, 0.124994, 0.013192, -0.671665, 0.740737, -0.002831, -0.112222, -0.737113, -0.666384, -1.2e-05, 0.0, 0.0, 0.0, 1.0]
            ]
        },
        {
            "name": "Leg_R",
            "time": [0.0, 0.0667, 0.15, 0.2667],
            "transform": [
                [1.0, -1e-06, 1.7e-05, 0.0, -1.6e-05, 0.11506, 0.993358, 0.37472, -3e-06, -0.993359, 0.11506, 0.0, 0.0, 0.0, 0.0, 1.0],
                [1.0, -0.0, 2.5e-05, 0.0, -0.0, 0.999956, 0.009481, 0.37472, -2.5e-05, -0.009481, 0.999954, 0.0, 0.0, 0.0, 0.0, 1.0],
                [1.0, -1e-06, 3.4e-05, -0.0, -2.4e-05, 0.685859, 0.727734, 0.37472, -2.4e-05, -0.727736, 0.685858, 0.0, 0.0, 0.0, 0.0, 1.0],
                [1.0, -1e-06, 1.6e-05, 0.0, -1.6e-05, 0.008268, 0.999965, 0.37472, -1e-06, -0.999967, 0.008268, 0.0, 0.0, 0.0, 0.0, 1.0]
            ]
        },
        {
            "name": "Knee_R",
            "time": [0.0, 0.0667, 0.15, 0.2667],
            "transform": [
                [1.0, 0.0, -0.0, -0.001056, -0.0, 1e-06, -1.0, 0.467709, -0.0, 1.0, 1e-06, -0.000189, 0.0, 0.0, 0.0, 1.0],
                [1.0, 0.0, -0.0, 0.0, -0.0, 1e-06, -1.0, 0.37472, -0.0, 1.0, 1e-06, 0.0, 0.0, 0.0, 0.0, 1.0],
                [1.0, 0.0, -0.0, 0.000338, -0.0, 1e-06, -1.0, 0.413454, -0.0, 1.0, 1e-06, -2.4e-05, 0.0, 0.0, 0.0, 1.0],
                [1.0, 0.0, -0.0, 0.0, -0.0, 1e-06, -1.0, 0.475757, -0.0, 1.0, 1e-06, -0.0, 0.0, 0.0, 0.0, 1.0]
            ]
        },
        {
            "name": "Thigh_L",
            "time": [0.0, 0.0667, 0.15, 0.2667],
            "transform": [
                [0.87531, -0.480497, 0.054368, -0.125006, -0.100131, -0.070106, 0.992501, -0.002831, -0.473082, -0.87419, -0.109478, -1.2e-05, 0.0, 0.0, 0.0, 1.0],
                [0.880464, -0.270924, -0.389081, -0.125006, -0.052649, -0.871444, 0.48766, -0.00283, -0.471181, -0.408882, -0.781539, -1.2e-05, 0.0, 0.0, 0.0, 1.0],
                [0.867876, -0.261239, -0.422547, -0.125006, -0.028434, -0.875296, 0.48275, -0.002831, -0.495967, -0.406952, -0.767077, -1.2e-05, 0.0, 0.0, 0.0, 1.0],
                [0.866372, -0.427916, -0.257463, -0.125006, -0.039202, -0.572229, 0.819156, -0.002831, -0.497858, -0.699601, -0.512539, -1.2e-05, 0.0, 0.0, 0.0, 1.0]
            ]
        },
        {
            "name": "Leg_L",
            "time": [0.0, 0.0667, 0.15, 0.2667],
            "transform": [
                [1.0, -1e-06, 9.2e-05, 0.0, -8.8e-05, 0.279399, 0.960176, 0.37472, -2.7e-05, -0.960175, 0.279399, -0.0, 0.0, 0.0, 0.0, 1.0],
                [1.0, 0.0, 0.0, 0.0, -0.0, 0.999953, 0.009698, 0.37472, -0.0, -0.009698, 0.999953, 0.0, 0.0, 0.0, 0.0, 1.0],
                [1.0, -1e-06, 1e-06, -0.0, -0.0, 0.619672, 0.784861, 0.37472, -1e-06, -0.784861, 0.619672, -0.0, 0.0, 0.0, 0.0, 1.0],
                [1.0, -1e-06, 1e-06, 0.0, -1e-06, -0.008528, 0.999964, 0.37472, -1e-06, -0.999963, -0.008528, 0.0, 0.0, 0.0, 0.0, 1.0]
            ]
        },
        {
            "name": "Knee_L",
            "time": [0.0, 0.0667, 0.15, 0.2667],
            "transform": [
                [1.0, 0.0, -0.0, 7.1e-05, -0.0, 1e-06, -1.0, 0.446794, -0.0, 1.0, 1e-06, -0.00044, 0.0, 0.0, 0.0, 1.0],
                [1.0, 0.0, -0.0, 0.0, -0.0, 1e-06, -1.0, 0.37472, -0.0, 1.0, 1e-06, 0.0, 0.0, 0.0, 0.0, 1.0],
                [1.0, 0.0, -0.0, 0.000165, -0.0, 1e-06, -1.0, 0.41315, -0.0, 1.0, 1e-06, 0.000989, 0.0, 0.0, 0.0, 1.0],
                [1.0, 0.0, -0.0, 0.0, -0.0, 1e-06, -1.0, 0.475756, -0.0, 1.0, 1e-06, 0.0, 0.0, 0.0, 0.0, 1.0]
            ]
        },
        {
            "name": "Torso",
            "time": [0.0, 0.0667, 0.15, 0.2667],
            "transform": [
                [0.99978, -0.020971, -0.000197, -0.0, 0.020971, 0.999603, 0.018833, 0.05, -0.000198, -0.018833, 0.999823, 0.0, 0.0, 0.0, 0.0, 1.0],
                [0.999786, -0.020675, -0.000237, 0.0, 0.020675, 0.999524, 0.022905, 0.05, -0.000237, -0.022905, 0.999738, -0.0, 0.0, 0.0, 0.0, 1.0],
                [0.999847, -0.01748, -0.000252, -0.0, 0.01748, 0.999433, 0.028776, 0.05, -0.000252, -0.028776, 0.999586, 0.0, 0.0, 0.0, 0.0, 1.0],
                [0.999982, -0.006018, -4.9e-05, 0.0, 0.006019, 0.999973, 0.004298, 0.05, 2.3e-05, -0.004298, 0.999991, 0.0, 0.0, 0.0, 0.0, 1.0]
            ]
        },
        {
            "name": "Chest",
            "time": [0.0, 0.0667, 0.15, 0.2667],
            "transform": [
                [0.974732, -0.220605, -0.035074, 0.0, 0.218895, 0.912039, 0.346799, 0.3, -0.044517, -0.345714, 0.937283, -0.0, 0.0, 0.0, 0.0, 1.0],
                [0.990787, -0.134924, -0.011678, -0.0, 0.134311, 0.967893, 0.212469, 0.3, -0.017364, -0.21208, 0.977098, 0.0, 0.0, 0.0, 0.0, 1.0],
                [0.999984, -0.005587, -2.6e-05, 0.0, 0.005587, 0.999942, 0.009187, 0.3, -2.6e-05, -0.009187, 0.999958, 0.0, 0.0, 0.0, 0.0, 1.0],
                [0.999937, -0.011245, -7.2e-05, -0.0, 0.011245, 0.999855, 0.012779, 0.3, -7.2e-05, -0.012779, 0.999918, -0.0, 0.0, 0.0, 0.0, 1.0]
            ]
        },
        {
            "name": "Head",
            "time": [0.0, 0.0667, 0.15, 0.2667],
            "transform": [
                [0.854019, 0.328638, 0.403296, 0.0, -0.012201, 0.787649, -0.616003, 0.4, -0.520098, 0.521158, 0.676677, 0.0, 0.0, 0.0, 0.0, 1.0],
                [0.855016, 0.218961, 0.47011, 0.0, -0.013039, 0.915286, -0.402594, 0.4, -0.518438, 0.338094, 0.785439, 0.0, 0.0, 0.0, 0.0, 1.0],
                [0.855612, 0.037873, 0.51623, -0.0, -0.012063, 0.998508, -0.05326, 0.4, -0.517476, 0.039343, 0.854793, 0.0, 0.0, 0.0, 0.0, 1.0],
                [0.853721, 0.03658, 0.519444, 0.0, -0.008683, 0.998391, -0.056038, 0.4, -0.520658, 0.04333, 0.852665, -0.0, 0.0, 0.0, 0.0, 1.0]
            ]
        },
        {
            "name": "Shoulder_R",
            "time": [0.0, 0.15, 0.2667],
            "transform": [
                [0.0, 0.952114, 0.305743, 0.0, 0.0, -0.305743, 0.952114, 0.4, 1.0, 0.0, -0.0, 0.0, 0.0, 0.0, 0.0, 1.0],
                [0.0, 0.952114, 0.305743, -0.0, 0.0, -0.305743, 0.952114, 0.4, 1.0, -0.0, -0.0, 0.0, 0.0, 0.0, 0.0, 1.0],
                [0.032049, 0.95199, 0.304446, 0.0, -0.001357, -0.304561, 0.952492, 0.4, 0.999485, -0.030939, -0.008469, -0.0, 0.0, 0.0, 0.0, 1.0]
            ]
        },
        {
            "name": "Arm_R",
            "time": [0.0, 0.0667, 0.15, 0.2667],
            "transform": [
                [-0.169841, 0.66849, -0.724068, -0.0, 0.825683, 0.497621, 0.265748, 0.39386, 0.537961, -0.552715, -0.636477, 0.0, 0.0, 0.0, 0.0, 1.0],
                [-0.181545, 0.714982, -0.67516, -0.0, 0.798361, 0.508023, 0.323314, 0.39386, 0.574161, -0.480326, -0.663043, 0.0, 0.0, 0.0, 0.0, 1.0],
                [-0.165476, -0.024961, -0.985898, 0.0, 0.862116, 0.481809, -0.156898, 0.393861, 0.478931, -0.875921, -0.058208, 0.0, 0.0, 0.0, 0.0, 1.0],
                [-0.090331, -0.226395, -0.969838, -0.0, 0.882505, 0.433113, -0.183301, 0.393861, 0.461547, -0.872444, 0.160671, 0.0, 0.0, 0.0, 0.0, 1.0]
            ]
        },
        {
            "name": "Hand_R",
            "time": [0.0, 0.0667, 0.15, 0.2667],
            "transform": [
                [1.0, 0.0, -0.0, 0.0, -0.0, 0.588097, -0.80879, 0.3, -0.0, 0.80879, 0.588097, -0.0, 0.0, 0.0, 0.0, 1.0],
                [1.0, 0.0, -0.0, -0.0, -0.0, 0.167896, -0.985805, 0.3, -0.0, 0.985805, 0.167896, -0.0, 0.0, 0.0, 0.0, 1.0],
                [1.0, 0.0, 0.0, 0.0, -0.0, 0.961471, -0.274907, 0.3, -0.0, 0.274907, 0.961471, 0.0, 0.0, 0.0, 0.0, 1.0],
                [1.0, -0.0, 0.0, 0.0, 0.0, 0.999988, -0.004874, 0.3, -0.0, 0.004874, 0.999988, 0.0, 0.0, 0.0, 0.0, 1.0]
            ]
        },
        {
            "name": "Tool_R",
            "time": [0.0, 0.2667],
            "transform": [
                [1.0, 0.0, 0.0, 0.0, 0.0, -0.999836, 0.018122, 0.272858, 0.0, -0.018122, -0.999244, -0.0, 0.0, 0.0, 0.0, 1.0],
                [1.0, 0.0, 0.0, -0.0, 0.0, -0.999836, 0.018122, 0.272858, 0.0, -0.018122, -0.999244, 0.0, 0.0, 0.0, 0.0, 1.0]
            ]
        },
        {
            "name": "Elbow_R",
            "time": [0.0, 0.0667, 0.15, 0.2667],
            "transform": [
                [-1.0, 0.0, -0.0, -0.00071, 0.0, -0.0, -1.0, 0.397354, -0.0, -1.0, 0.0, 0.00177, 0.0, 0.0, 0.0, 1.0],
                [-1.0, 0.0, -0.0, -0.0, 0.0, -0.0, -1.0, 0.438504, -0.0, -1.0, 0.0, -0.0, 0.0, 0.0, 0.0, 1.0],
                [-1.0, 0.0, -0.0, 0.0, 0.0, -0.0, -1.0, 0.3, -0.0, -1.0, 0.0, 0.0, 0.0, 0.0, 0.0, 1.0],
                [-1.0, 0.0, -0.0, 0.0, 0.0, -0.0, -1.0, 0.316166, -0.0, -1.0, 0.0, 0.0, 0.0, 0.0, 0.0, 1.0]
            ]
        },
        {
            "name": "Shoulder_L",
            "time": [0.0, 0.15, 0.2667],
            "transform": [
                [-0.0, -0.952114, -0.305743, 0.0, 0.0, -0.305743, 0.952114, 0.4, -1.0, -0.0, 0.0, 0.0, 0.0, 0.0, 0.0, 1.0],
                [-0.0, -0.952114, -0.305743, -0.0, 0.0, -0.305743, 0.952114, 0.4, -1.0, 0.0, 0.0, 0.0, 0.0, 0.0, 0.0, 1.0],
                [0.031676, -0.952011, -0.304421, 0.0, -0.001358, -0.304614, 0.952475, 0.4, -0.999497, -0.029757, -0.010941, -0.0, 0.0, 0.0, 0.0, 1.0]
            ]
        },
        {
            "name": "Arm_L",
            "time": [0.0, 0.0667, 0.15, 0.2667],
            "transform": [
                [0.630174, -0.651899, 0.421793, 0.0, -0.655931, -0.156267, 0.738468, 0.39386, -0.415494, -0.74203, -0.526076, 0.0, 0.0, 0.0, 0.0, 1.0],
                [0.598161, -0.65501, 0.461698, -0.0, -0.700691, -0.147901, 0.697966, 0.39386, -0.38889, -0.741003, -0.547429, -0.0, 0.0, 0.0, 0.0, 1.0],
                [0.46842, -0.329252, 0.819863, -0.0, -0.805861, 0.221178, 0.549244, 0.39386, -0.362176, -0.917972, -0.161727, 0.0, 0.0, 0.0, 0.0, 1.0],
                [0.303156, 0.011029, 0.952877, 0.0, -0.849672, 0.45586, 0.265046, 0.39386, -0.431455, -0.889983, 0.147568, -0.0, 0.0, 0.0, 0.0, 1.0]
            ]
        },
        {
            "name": "Hand_L",
            "time": [0.0, 0.0667, 0.15, 0.2667],
            "transform": [
                [1.0, 0.0, 0.0, -0.0, 0.0, 0.716793, -0.697287, 0.3, -0.0, 0.697286, 0.716793, 0.0, 0.0, 0.0, 0.0, 1.0],
                [1.0, 0.0, 0.0, -0.0, -0.0, 0.517387, -0.855752, 0.3, -0.0, 0.855752, 0.517387, -0.0, 0.0, 0.0, 0.0, 1.0],
                [1.0, 0.0, 0.0, 0.0, -0.0, 0.809767, -0.586751, 0.3, -0.0, 0.586751, 0.809767, 0.0, 0.0, 0.0, 0.0, 1.0],
                [1.0, 0.0, 0.0, 0.0, -0.0, 0.983823, -0.179143, 0.3, -0.0, 0.179143, 0.983823, 0.0, 0.0, 0.0, 0.0, 1.0]
            ]
        },
        {
            "name": "Tool_L",
            "time": [0.0, 0.2667],
            "transform": [
                [1.0, 0.0, 0.0, 0.0, 0.0, -0.999836, 0.018122, 0.272858, 0.0, -0.018122, -0.999247, 0.0, 0.0, 0.0, 0.0, 1.0],
                [1.0, 0.0, 0.0, 0.0, 0.0, -0.999836, 0.018122, 0.272858, 0.0, -0.018122, -0.999248, 0.0, 0.0, 0.0, 0.0, 1.0]
            ]
        },
        {
            "name": "Elbow_L",
            "time": [0.0, 0.0667, 0.15, 0.2667],
            "transform": [
                [-1.0, 0.0, -0.0, -1.8e-05, 0.0, -0.0, -1.0, 0.379781, -0.0, -1.0, -0.0, 0.000816, 0.0, 0.0, 0.0, 1.0],
                [-1.0, 0.0, -0.0, -0.0, 0.0, -0.0, -1.0, 0.401845, -0.0, -1.0, -0.0, 0.0, 0.0, 0.0, 0.0, 1.0],
                [-1.0, 0.0, -0.0, -0.000371, 0.0, -0.0, -1.0, 0.369198, -0.0, -1.0, -0.0, -0.002557, 0.0, 0.0, 0.0, 1.0],
                [-1.0, 0.0, -0.0, 0.0, 0.0, -0.0, -1.0, 0.338394, -0.0, -1.0, -0.0, 0.0, 0.0, 0.0, 0.0, 1.0]
            ]
        }
    ]
}