{
    "animation": [
        {
            "name": "Root",
            "time": [0.0, 0.1333, 0.2, 0.2667, 0.3167],
            "transform": [
                [0.998908, 0.011108, -0.045373, -5e-06, -0.045443, 0.006074, -0.998948, -0.001131, -0.01082, 0.99992, 0.006572, 0.478806, 0.0, 0.0, 0.0, 1.0],
                [0.999941, 0.010822, -0.000174, -5e-06, -0.000245, 0.00657, -0.999978, 0.000946, -0.01082, 0.99992, 0.006572, 0.763972, 0.0, 0.0, 0.0, 1.0],
                [0.999941, 0.010822, -0.000174, -5e-06, -0.000245, 0.00657, -0.999978, 0.000946, -0.01082, 0.99992, 0.006572, 0.763972, 0.0, 0.0, 0.0, 1.0],
                [0.999941, 0.010822, -0.000174, -5e-06, -0.000571, 0.036743, -0.999325, 0.000946, -0.010808, 0.999266, 0.036747, 0.763972, 0.0, 0.0, 0.0, 1.0],
                [0.999941, 0.010822, -0.000174, -5e-06, -0.001862, 0.156242, -0.987717, -0.001131, -0.010662, 0.98766, 0.156253, 0.601091, 0.0, 0.0, 0.0, 1.0]
            ]
        },
        {
            "name": "Thigh_R",
            "time": [0.0, 0.1, 0.2333, 0.3167],
            "transform": [
                [0.999384, -0.01153, -0.033127, 0.124994, 0.019225, -0.609919, 0.792229, -0.002831, -0.029339, -0.792377, -0.609324, -1.2e-05, 0.0, 0.0, 0.0, 1.0],
                [0.996959, 0.077896, -0.001937, 0.124994, 0.071464, -0.923977, -0.375708, -0.002831, -0.031056, 0.374427, -0.926736, -1.2e-05, 0.0, 0.0, 0.0, 1.0],
                [0.999954, 0.007661, 0.005633, 0.124994, 0.009408, -0.883187, -0.468923, -0.002831, 0.001383, 0.468954, -0.883221, -1.2e-05, 0.0, 0.0, 0.0, 1.0],
                [0.999124, 0.033961, -0.024428, 0.124994, 0.031101, -0.993529, -0.10922, -0.002831, -0.027979, 0.108365, -0.993718, -1.2e-05, 0.0, 0.0, 0.0, 1.0]
            ]
        },
        {
            "name": "Leg_R",
            "time": [0.0, 0.1333, 0.2333, 0.3167],
            "transform": [
                [1.0, -1e-06, 0.0, -0.0, 0.0, 0.217713, 0.976012, 0.37472, -1e-06, -0.976013, 0.217713, -0.0, 0.0, 0.0, 0.0, 1.0],
                [1.0, -0.0, 1e-06, -0.0, -0.0, 0.84299, 0.537929, 0.37472, -1e-06, -0.53793, 0.842989, 0.0, 0.0, 0.0, 0.0, 1.0],
                [1.0, -0.0, 0.0, -0.0, -0.0, 0.652578, 0.757721, 0.37472, -1e-06, -0.757722, 0.652577, 0.0, 0.0, 0.0, 0.0, 1.0],
                [1.0, 0.0, 1e-06, 0.0, -0.0, 0.954375, 0.298613, 0.37472, -0.0, -0.298613, 0.954374, -0.0, 0.0, 0.0, 0.0, 1.0]
            ]
        },
        {
            "name": "Knee_R",
            "time": [0.0, 0.1333, 0.2333, 0.3167],
            "transform": [
                [1.0, 0.0, -0.0, 0.0, -0.0, 1e-06, -1.0, 0.460013, -0.0, 1.0, 1e-06, -0.0, 0.0, 0.0, 0.0, 1.0],
                [1.0, 0.0, -0.0, 0.0, -0.0, 1e-06, -1.0, 0.389675, -0.0, 1.0, 1e-06, -0.0, 0.0, 0.0, 0.0, 1.0],
                [1.0, 0.0, -0.0, -0.0, -0.0, 1e-06, -1.0, 0.41588, -0.0, 1.0, 1e-06, -0.0, 0.0, 0.0, 0.0, 1.0],
                [1.0, 0.0, -0.0, 0.0, -0.0, 1e-06, -1.0, 0.37472, -0.0, 1.0, 1e-06, -0.0, 0.0, 0.0, 0.0, 1.0]
            ]
        },
        {
            "name": "Thigh_L",
            "time": [0.0, 0.1, 0.2333, 0.3167],
            "transform": [
                [0.999192, 0.038389, -0.011811, -0.125006, 0.038986, -0.997706, 0.05535, -0.002831, -0.009659, -0.055765, -0.998397, -1.2e-05, 0.0, 0.0, 0.0, 1.0],
                [0.999978, -0.005106, 0.004034, -0.125006, -0.006218, -0.567278, 0.823502, -0.002831, -0.001917, -0.82351, -0.567298, -1.2e-05, 0.0, 0.0, 0.0, 1.0],
                [0.999977, 0.004128, -0.00531, -0.125006, 0.006647, -0.486187, 0.873829, -0.002831, 0.001026, -0.873845, -0.486204, -1.2e-05, 0.0, 0.0, 0.0, 1.0],
                [0.999948, 0.009593, -0.003383, -0.125006, 0.00945, -0.752953, 0.658006, -0.002831, 0.003765, -0.658004, -0.753005, -1.2e-05, 0.0, 0.0, 0.0, 1.0]
            ]
        },
        {
            "name": "Leg_L",
            "time": [0.0, 0.1333, 0.2333, 0.3167],
            "transform": [
                [1.0, -1e-06, 0.0, 0.0, -0.0, 0.127023, 0.9919, 0.37472, -1e-06, -0.991899, 0.127023, -0.0, 0.0, 0.0, 0.0, 1.0],
                [1.0, -0.0, 1e-06, -0.0, -0.0, 0.870275, 0.492566, 0.37472, -1e-06, -0.492565, 0.870276, -0.0, 0.0, 0.0, 0.0, 1.0],
                [1.0, -0.0, 1e-06, -0.0, -0.0, 0.708704, 0.705506, 0.37472, -1e-06, -0.705506, 0.708704, 0.0, 0.0, 0.0, 0.0, 1.0],
                [1.0, -0.0, 1e-06, 0.0, -0.0, 0.9636, 0.267347, 0.37472, -1e-06, -0.267346, 0.963601, 0.0, 0.0, 0.0, 0.0, 1.0]
            ]
        },
        {
            "name": "Knee_L",
            "time": [0.0, 0.1333, 0.2333, 0.3167],
            "transform": [
                [1.0, 0.0, -0.0, 0.0, -0.0, 1e-06, -1.0, 0.468284, -0.0, 1.0, 1e-06, -0.0, 0.0, 0.0, 0.0, 1.0],
                [1.0, 0.0, -0.0, -0.0, -0.0, 1e-06, -1.0, 0.384921, -0.0, 1.0, 1e-06, -0.0, 0.0, 0.0, 0.0, 1.0],
                [1.0, 0.0, -0.0, -0.0, -0.0, 1e-06, -1.0, 0.408995, -0.0, 1.0, 1e-06, 0.0, 0.0, 0.0, 0.0, 1.0],
                [1.0, 0.0, -0.0, 0.0, -0.0, 1e-06, -1.0, 0.37472, -0.0, 1.0, 0.0, 0.0, 0.0, 0.0, 0.0, 1.0]
            ]
        },
        {
            "name": "Torso",
            "time": [0.0, 0.1333, 0.3167],
            "transform": [
                [0.999623, -0.027364, -0.002397, 0.0, 0.027389, 0.986275, 0.162822, 0.05, -0.002092, -0.162826, 0.986652, 0.0, 0.0, 0.0, 0.0, 1.0],
                [0.999992, 0.000652, -0.003876, -0.0, 0.000776, 0.934063, 0.357108, 0.05, 0.003853, -0.357108, 0.934055, -0.0, 0.0, 0.0, 0.0, 1.0],
                [1.0, 1.1e-05, 0.000341, 0.0, -0.0, 0.999502, -0.031557, 0.05, -0.000342, 0.031557, 0.999502, 0.0, 0.0, 0.0, 0.0, 1.0]
            ]
        },
        {
            "name": "Chest",
            "time": [0.0, 0.1333, 0.2167, 0.3167],
            "transform": [
                [0.997031, -0.017059, -0.075086, 0.0, 0.060912, 0.77127, 0.633587, 0.3, 0.047103, -0.63628, 0.770019, 0.0, 0.0, 0.0, 0.0, 1.0],
                [0.999999, 8e-05, 0.001149, -0.0, 4.3e-05, 0.994339, -0.10625, 0.3, -0.001151, 0.10625, 0.994339, 0.0, 0.0, 0.0, 0.0, 1.0],
                [1.0, -1e-06, -0.000204, 0.0, 5e-06, 0.999822, 0.018881, 0.3, 0.000204, -0.018881, 0.999822, 0.0, 0.0, 0.0, 0.0, 1.0],
                [0.999996, 0.000316, -0.002777, -0.0, 0.000405, 0.966654, 0.256086, 0.3, 0.002766, -0.256086, 0.96665, -0.0, 0.0, 0.0, 0.0, 1.0]
            ]
        },
        {
            "name": "Head",
            "time": [0.0, 0.1333, 0.2167, 0.3167],
            "transform": [
                [0.995091, 0.058183, 0.080056, -0.0, -0.006535, 0.845791, -0.533474, 0.4, -0.09875, 0.530332, 0.842019, 0.0, 0.0, 0.0, 0.0, 1.0],
                [0.999896, 0.003574, 0.013988, 0.0, -0.00013, 0.971064, -0.238819, 0.4, -0.014437, 0.238792, 0.970963, -0.0, 0.0, 0.0, 0.0, 1.0],
                [0.999999, 0.000166, 0.001731, 0.0, 0.000112, 0.987173, -0.159654, 0.4, -0.001735, 0.159653, 0.987172, -0.0, 0.0, 0.0, 0.0, 1.0],
                [0.999994, 0.000603, 0.003394, -0.0, 0.000494, 0.949295, -0.314388, 0.4, -0.003411, 0.314388, 0.949289, 0.0, 0.0, 0.0, 0.0, 1.0]
            ]
        },
        {
            "name": "Shoulder_R",
            "time": [0.0, 0.1667, 0.3167],
            "transform": [
                [-0.153228, 0.985229, 0.07645, -0.0, 0.25472, -0.035371, 0.966368, 0.4, 0.954798, 0.167548, -0.245537, 0.0, 0.0, 0.0, 0.0, 1.0],
                [0.093479, 0.952114, 0.291102, -0.0, 0.291102, -0.305743, 0.906521, 0.4, 0.952114, 0.0, -0.305743, -0.0, 0.0, 0.0, 0.0, 1.0],
                [0.093479, 0.952114, 0.291102, -0.0, 0.291102, -0.305743, 0.906521, 0.4, 0.952114, 0.0, -0.305743, 0.0, 0.0, 0.0, 0.0, 1.0]
            ]
        },
        {
            "name": "Arm_R",
            "time": [0.0, 0.1667, 0.25, 0.3167],
            "transform": [
                [-0.340482, 0.316845, -0.885258, 0.0, 0.9215, 0.299542, -0.247211, 0.393861, 0.186844, -0.899936, -0.393961, -0.0, 0.0, 0.0, 0.0, 1.0],
                [0.144154, -0.323962, -0.935023, 0.004016, 0.932759, 0.359997, 0.019075, 0.387116, 0.330426, -0.874901, 0.354073, 0.019976, 0.0, 0.0, 0.0, 1.0],
                [0.121303, -0.084865, -0.988981, 0.002484, 0.933155, 0.349408, 0.084473, 0.390958, 0.338389, -0.93312, 0.121576, 0.010916, 0.0, 0.0, 0.0, 1.0],
                [0.108681, -0.00321, -0.994072, 0.000898, 0.93476, 0.340594, 0.101096, 0.393643, 0.33825, -0.940205, 0.040017, 0.004738, 0.0, 0.0, 0.0, 1.0]
            ]
        },
        {
            "name": "Hand_R",
            "time": [0.0, 0.1667, 0.25, 0.3167],
            "transform": [
                [1.0, 0.0, 0.0, 0.0, -0.0, 0.399169, -0.916877, 0.3, -0.0, 0.916877, 0.399169, -0.0, 0.0, 0.0, 0.0, 1.0],
                [1.0, 0.0, 0.0, 0.0, -0.0, 0.898986, -0.437978, 0.3, -0.0, 0.437978, 0.898986, 0.0, 0.0, 0.0, 0.0, 1.0],
                [1.0, 0.0, 0.0, -0.0, -0.0, 0.399169, -0.916877, 0.3, -0.0, 0.916877, 0.399169, 0.0, 0.0, 0.0, 0.0, 1.0],
                [1.0, 0.0, 0.0, -0.0, -0.0, 0.648152, -0.761511, 0.3, -0.0, 0.761511, 0.648152, -0.0, 0.0, 0.0, 0.0, 1.0]
            ]
        },
        {
            "name": "Tool_R",
            "time": [0.0, 0.3167],
            "transform": [
                [1.0, -0.0, 0.0, -0.0, -0.0, -0.999836, 0.018122, 0.272858, 0.0, -0.018122, -0.999241, 0.0, 0.0, 0.0, 0.0, 1.0],
                [1.0, -0.0, 0.0, 0.0, -0.0, -0.999836, 0.018122, 0.272858, 0.0, -0.018122, -0.999241, 0.0, 0.0, 0.0, 0.0, 1.0]
            ]
        },
        {
            "name": "Elbow_R",
            "time": [0.0, 0.1667, 0.25, 0.3167],
            "transform": [
                [-1.0, 0.0, -0.0, 0.0, 0.0, -0.0, -1.0, 0.419046, -0.0, -1.0, 0.0, -0.0, 0.0, 0.0, 0.0, 1.0],
                [-1.0, 0.0, -0.0, 0.0, 0.0, -0.0, -1.0, 0.352808, -0.0, -1.0, 0.0, 0.0, 0.0, 0.0, 0.0, 1.0],
                [-1.0, 0.0, -0.0, -0.0, 0.0, -0.0, -1.0, 0.419046, -0.0, -1.0, 0.0, 0.0, 0.0, 0.0, 0.0, 1.0],
                [-1.0, 0.0, -0.0, -0.0, 0.0, 0.0, -1.0, 0.391444, -0.0, -1.0, 0.0, -0.0, 0.0, 0.0, 0.0, 1.0]
            ]
        },
        {
            "name": "Shoulder_L",
            "time": [0.0, 0.1667, 0.3167],
            "transform": [
                [-0.264911, -0.963794, -0.030376, -0.0, -0.320319, 0.058244, 0.945518, 0.4, -0.909515, 0.260208, -0.324151, 0.0, 0.0, 0.0, 0.0, 1.0],
                [0.093479, -0.952114, -0.291103, -0.0, -0.291103, -0.305743, 0.906521, 0.4, -0.952114, 0.0, -0.305743, -0.0, 0.0, 0.0, 0.0, 1.0],
                [0.093479, -0.952114, -0.291103, -0.0, -0.291103, -0.305743, 0.906521, 0.4, -0.952114, -0.0, -0.305743, 0.0, 0.0, 0.0, 0.0, 1.0]
            ]
        },
        {
            "name": "Arm_L",
            "time": [0.0, 0.1667, 0.25, 0.3167],
            "transform": [
                [-0.215886, -0.297008, 0.93015, -0.0, -0.975954, 0.095009, -0.19618, 0.39386, -0.030106, -0.950136, -0.310377, 0.0, 0.0, 0.0, 0.0, 1.0],
                [0.10662, 0.38168, 0.918124, -0.00406, -0.921948, 0.383743, -0.052465, 0.387556, -0.372349, -0.84087, 0.392804, 0.02011, 0.0, 0.0, 0.0, 1.0],
                [0.066323, 0.196666, 0.978225, -0.000567, -0.931865, 0.362675, -0.009733, 0.391384, -0.356692, -0.910928, 0.20732, 0.00557, 0.0, 0.0, 0.0, 1.0],
                [0.048409, 0.150395, 0.98744, 0.001331, -0.938148, 0.34617, -0.006732, 0.394019, -0.342834, -0.926039, 0.15785, -0.004613, 0.0, 0.0, 0.0, 1.0]
            ]
        },
        {
            "name": "Hand_L",
            "time": [0.0, 0.1667, 0.25, 0.3167],
            "transform": [
                [1.0, 0.0, -0.0, -0.0, -0.0, 0.208033, -0.978122, 0.3, -0.0, 0.978122, 0.208033, -0.0, 0.0, 0.0, 0.0, 1.0],
                [1.0, 0.0, 0.0, 0.0, -0.0, 0.755476, -0.655177, 0.3, -0.0, 0.655177, 0.755476, -0.0, 0.0, 0.0, 0.0, 1.0],
                [1.0, 0.0, -0.0, 0.0, -0.0, 0.208033, -0.978122, 0.3, -0.0, 0.978122, 0.208033, -0.0, 0.0, 0.0, 0.0, 1.0],
                [1.0, 0.0, -0.0, 0.0, -0.0, 0.427861, -0.903845, 0.3, -0.0, 0.903845, 0.427861, -0.0, 0.0, 0.0, 0.0, 1.0]
            ]
        },
        {
            "name": "Tool_L",
            "time": [0.0, 0.3167],
            "transform": [
                [1.0, 0.0, 0.0, 0.0, 0.0, -0.999836, 0.018122, 0.272858, 0.0, -0.018122, -0.999243, -0.0, 0.0, 0.0, 0.0, 1.0],
                [1.0, 0.0, 0.0, -0.0, 0.0, -0.999836, 0.018122, 0.272858, 0.0, -0.018122, -0.999243, 0.0, 0.0, 0.0, 0.0, 1.0]
            ]
        },
        {
            "name": "Elbow_L",
            "time": [0.0, 0.1667, 0.25, 0.3167],
            "transform": [
                [-1.0, 0.0, -0.0, 0.0, 0.0, -0.0, -1.0, 0.437886, -0.0, -1.0, -0.0, 0.0, 0.0, 0.0, 0.0, 1.0],
                [-1.0, 0.0, -0.0, 0.0, 0.0, -0.0, -1.0, 0.377273, -0.0, -1.0, -0.0, 0.0, 0.0, 0.0, 0.0, 1.0],
                [-1.0, 0.0, -0.0, -0.0, 0.0, 0.0, -1.0, 0.437886, -0.0, -1.0, -0.0, -0.0, 0.0, 0.0, 0.0, 1.0],
                [-1.0, 0.0, -0.0, -0.0, 0.0, -0.0, -1.0, 0.416093, -0.0, -1.0, -0.0, -0.0, 0.0, 0.0, 0.0, 1.0]
            ]
        }
    ]
}