{
    "animation": [
        {
            "name": "Root",
            "time": [0.0, 0.0833, 0.25, 0.5],
            "transform": [
                [1.0, 0.0, 0.0, -5e-06, 0.0, -0.143178, -0.989697, 0.000946, 0.0, 0.989697, -0.143178, 0.739925, 0.0, 0.0, 0.0, 1.0],
                [1.0, 0.0, 0.0, -5e-06, 0.0, -0.143178, -0.989697, 0.000946, 0.0, 0.989697, -0.143178, 0.714483, 0.0, 0.0, 0.0, 1.0],
                [0.817735, -0.0, 0.575595, -5e-06, 0.573631, 0.082539, -0.814945, 0.000946, -0.047509, 0.996588, 0.067495, 0.691115, 0.0, 0.0, 0.0, 1.0],
                [0.817735, -0.0, 0.575595, -5e-06, 0.573631, 0.082539, -0.814945, 0.000946, -0.047509, 0.996588, 0.067495, 0.691115, 0.0, 0.0, 0.0, 1.0]
            ]
        },
        {
            "name": "Thigh_R",
            "time": [0.0, 0.0833, 0.25, 0.5],
            "transform": [
                [0.999224, -0.038123, 0.009855, 0.124994, -0.039309, -0.98032, 0.19346, -0.002831, 0.002286, -0.193697, -0.981059, -1.2e-05, 0.0, 0.0, 0.0, 1.0],
                [0.999093, 0.006159, -0.042139, 0.124994, 0.015927, -0.97172, 0.235598, -0.002831, -0.039496, -0.236055, -0.970937, -1.2e-05, 0.0, 0.0, 0.0, 1.0],
                [0.827927, 0.36379, 0.426841, 0.124994, 0.046726, -0.803178, 0.593904, -0.002831, 0.558886, -0.471765, -0.681971, -1.2e-05, 0.0, 0.0, 0.0, 1.0],
                [0.827927, 0.36379, 0.426841, 0.124994, 0.046726, -0.803178, 0.593904, -0.002831, 0.558886, -0.471765, -0.681971, -1.2e-05, 0.0, 0.0, 0.0, 1.0]
            ]
        },
        {
            "name": "Leg_R",
            "time": [0.0, 0.0833, 0.25, 0.5],
            "transform": [
                [1.0, -1e-06, 2e-06, 0.0, -1e-06, 0.771909, 0.635733, 0.37472, -2e-06, -0.635733, 0.771909, -0.0, 0.0, 0.0, 0.0, 1.0],
                [1.0, -0.0, 2e-06, 0.0, 0.0, 0.999951, 0.009911, 0.37472, -2e-06, -0.009911, 0.999951, 0.0, 0.0, 0.0, 0.0, 1.0],
                [1.0, -0.0, 1e-06, -0.0, -0.0, 0.773781, 0.633453, 0.37472, -1e-06, -0.633453, 0.773781, -0.0, 0.0, 0.0, 0.0, 1.0],
                [1.0, -0.0, 1e-06, -0.0, -0.0, 0.773781, 0.633453, 0.37472, -1e-06, -0.633453, 0.773781, -0.0, 0.0, 0.0, 0.0, 1.0]
            ]
        },
        {
            "name": "Knee_R",
            "time": [0.0, 0.0833, 0.25, 0.5],
            "transform": [
                [1.0, 0.0, -0.0, -4e-05, -0.0, 1e-06, -1.0, 0.401651, -0.0, 1.0, 1e-06, 2.2e-05, 0.0, 0.0, 0.0, 1.0],
                [1.0, 0.0, -0.0, 0.0, -0.0, 1e-06, -1.0, 0.37472, -0.0, 1.0, 1e-06, 0.0, 0.0, 0.0, 0.0, 1.0],
                [1.0, 0.0, -0.0, 0.000185, -0.0, 1e-06, -1.0, 0.400849, -0.0, 1.0, 1e-06, -0.000348, 0.0, 0.0, 0.0, 1.0],
                [1.0, 0.0, -0.0, 0.000185, -0.0, 1e-06, -1.0, 0.400849, -0.0, 1.0, 1e-06, -0.000348, 0.0, 0.0, 0.0, 1.0]
            ]
        },
        {
            "name": "Thigh_L",
            "time": [0.0, 0.0833, 0.25, 0.5],
            "transform": [
                [1.0, -4.5e-05, 1.1e-05, -0.125006, -3.5e-05, -0.893146, -0.449766, -0.002831, 3e-05, 0.449767, -0.893146, -1.2e-05, 0.0, 0.0, 0.0, 1.0],
                [1.0, -4.3e-05, 7e-06, -0.125006, -3.1e-05, -0.809924, -0.586535, -0.002831, 3.1e-05, 0.586535, -0.809924, -1.2e-05, 0.0, 0.0, 0.0, 1.0],
                [0.963801, -0.242143, 0.111594, -0.125006, -0.220569, -0.95927, -0.176493, -0.002831, 0.149785, 0.145491, -0.977955, -1.2e-05, 0.0, 0.0, 0.0, 1.0],
                [0.963801, -0.242143, 0.111594, -0.125006, -0.220569, -0.95927, -0.176493, -0.002831, 0.149785, 0.145491, -0.977955, -1.2e-05, 0.0, 0.0, 0.0, 1.0]
            ]
        },
        {
            "name": "Leg_L",
            "time": [0.0, 0.0833, 0.25, 0.5],
            "transform": [
                [1.0, -0.0, 1e-06, -0.0, 0.0, 0.999954, 0.009643, 0.37472, -1e-06, -0.009643, 0.999954, 0.0, 0.0, 0.0, 0.0, 1.0],
                [1.0, -0.0, 1e-06, -0.0, 0.0, 0.999958, 0.009187, 0.37472, -1e-06, -0.009187, 0.999958, -0.0, 0.0, 0.0, 0.0, 1.0],
                [1.0, -0.0, 1e-06, 0.0, 0.0, 0.94025, 0.340484, 0.37472, -1e-06, -0.340484, 0.94025, 0.0, 0.0, 0.0, 0.0, 1.0],
                [1.0, -0.0, 1e-06, 0.0, 0.0, 0.94025, 0.340484, 0.37472, -1e-06, -0.340484, 0.94025, 0.0, 0.0, 0.0, 0.0, 1.0]
            ]
        },
        {
            "name": "Knee_L",
            "time": [0.0, 0.5],
            "transform": [
                [1.0, 0.0, -0.0, -0.0, -0.0, 1e-06, -1.0, 0.37472, -0.0, 1.0, 1e-06, 0.0, 0.0, 0.0, 0.0, 1.0],
                [1.0, 0.0, -0.0, 0.0, -0.0, 1e-06, -1.0, 0.37472, -0.0, 1.0, 1e-06, 0.0, 0.0, 0.0, 0.0, 1.0]
            ]
        },
        {
            "name": "Torso",
            "time": [0.0, 0.0833, 0.25, 0.5],
            "transform": [
                [0.99978, -0.020971, -0.000197, 0.0, 0.020971, 0.999603, 0.01883, 0.05, -0.000198, -0.01883, 0.999823, -0.0, 0.0, 0.0, 0.0, 1.0],
                [0.99978, -0.020971, -0.000197, 0.0, 0.020971, 0.999603, 0.01883, 0.05, -0.000198, -0.01883, 0.999823, 0.0, 0.0, 0.0, 0.0, 1.0],
                [0.99978, -0.020971, -0.000198, -0.0, 0.020971, 0.999603, 0.018833, 0.05, -0.000198, -0.018833, 0.999823, 0.0, 0.0, 0.0, 0.0, 1.0],
                [0.99978, -0.020971, -0.000198, -0.0, 0.020971, 0.999603, 0.018833, 0.05, -0.000198, -0.018833, 0.999823, 0.0, 0.0, 0.0, 0.0, 1.0]
            ]
        },
        {
            "name": "Chest",
            "time": [0.0, 0.0833, 0.25, 0.5],
            "transform": [
                [1.0, -0.0, 0.0, 0.0, -0.0, 1.0, -0.0, 0.3, 0.0, 0.0, 1.0, 0.0, 0.0, 0.0, 0.0, 1.0],
                [1.0, -0.0, -0.0, 0.0, -0.0, 1.0, -0.0, 0.3, 0.0, 0.0, 1.0, 0.0, 0.0, 0.0, 0.0, 1.0],
                [0.901014, 0.05167, 0.430702, -0.0, -0.077338, 0.996108, 0.042288, 0.3, -0.426841, -0.071412, 0.901503, -0.0, 0.0, 0.0, 0.0, 1.0],
                [0.901014, 0.05167, 0.430702, -0.0, -0.077338, 0.996108, 0.042288, 0.3, -0.426841, -0.071412, 0.901503, -0.0, 0.0, 0.0, 0.0, 1.0]
            ]
        },
        {
            "name": "Head",
            "time": [0.0, 0.0833, 0.25, 0.5],
            "transform": [
                [0.999996, -0.000205, 0.002732, 0.0, -0.000153, 0.991473, 0.130313, 0.4, -0.002735, -0.130312, 0.991469, 0.0, 0.0, 0.0, 0.0, 1.0],
                [0.999996, -0.000205, 0.002732, 0.0, -0.000153, 0.991473, 0.130313, 0.4, -0.002735, -0.130312, 0.991469, 0.0, 0.0, 0.0, 0.0, 1.0],
                [0.493706, -0.144109, -0.857605, -0.0, -0.023709, 0.983577, -0.178925, 0.4, 0.869305, 0.10867, 0.482181, 0.0, 0.0, 0.0, 0.0, 1.0],
                [0.493706, -0.144109, -0.857605, -0.0, -0.023709, 0.983577, -0.178925, 0.4, 0.869305, 0.10867, 0.482181, 0.0, 0.0, 0.0, 0.0, 1.0]
            ]
        },
        {
            "name": "Shoulder_R",
            "time": [0.0, 0.0833, 0.25, 0.5],
            "transform": [
                [0.230077, 0.939297, 0.254529, 0.0, -0.00207, -0.261073, 0.965317, 0.4, 0.97317, -0.222624, -0.058122, 0.0, 0.0, 0.0, 0.0, 1.0],
                [0.230077, 0.939297, 0.254529, 0.0, -0.00207, -0.261073, 0.965317, 0.4, 0.97317, -0.222624, -0.058122, 0.0, 0.0, 0.0, 0.0, 1.0],
                [0.576903, 0.807926, 0.120161, -0.0, 0.235328, -0.305272, 0.922729, 0.4, 0.782178, -0.504048, -0.366241, 0.0, 0.0, 0.0, 0.0, 1.0],
                [0.576903, 0.807926, 0.120161, -0.0, 0.235328, -0.305272, 0.922729, 0.4, 0.782178, -0.504048, -0.366241, 0.0, 0.0, 0.0, 0.0, 1.0]
            ]
        },
        {
            "name": "Arm_R",
            "time": [0.0, 0.0833, 0.25, 0.5],
            "transform": [
                [0.190715, -0.917269, -0.349637, -0.0, -0.474994, 0.225471, -0.850614, 0.393861, 0.859074, 0.3283, -0.392697, -0.0, 0.0, 0.0, 0.0, 1.0],
                [0.190715, -0.917269, -0.349637, -0.0, -0.474994, 0.225471, -0.850614, 0.393861, 0.859074, 0.3283, -0.392697, 0.0, 0.0, 0.0, 0.0, 1.0],
                [-0.33846, -0.677482, 0.653041, 0.0, -0.654175, -0.329446, -0.680824, 0.39386, 0.676388, -0.657634, -0.331688, -0.0, 0.0, 0.0, 0.0, 1.0],
                [-0.33846, -0.677482, 0.653041, 0.0, -0.654175, -0.329446, -0.680824, 0.39386, 0.676388, -0.657634, -0.331688, -0.0, 0.0, 0.0, 0.0, 1.0]
            ]
        },
        {
            "name": "Hand_R",
            "time": [0.0, 0.0833, 0.25, 0.5],
            "transform": [
                [0.999958, 0.00768, -0.005073, -0.0, -0.009081, 0.913156, -0.407509, 0.3, 0.001503, 0.407538, 0.913187, 0.0, 0.0, 0.0, 0.0, 1.0],
                [0.999958, 0.00768, -0.005073, -0.0, -0.009081, 0.913156, -0.407509, 0.3, 0.001503, 0.407538, 0.913187, 0.0, 0.0, 0.0, 0.0, 1.0],
                [1.0, -0.0, 0.0, -0.0, -0.0, 0.993937, 0.109947, 0.3, -0.0, -0.109947, 0.993937, 0.0, 0.0, 0.0, 0.0, 1.0],
                [1.0, -0.0, 0.0, -0.0, -0.0, 0.993937, 0.109947, 0.3, -0.0, -0.109947, 0.993937, 0.0, 0.0, 0.0, 0.0, 1.0]
            ]
        },
        {
            "name": "Tool_R",
            "time": [0.0, 0.0833, 0.25, 0.5],
            "transform": [
                [0.056497, 0.985377, 0.160751, -0.0, 0.978747, -0.086453, 0.185955, 0.272858, 0.197027, 0.146741, -0.968743, 0.0, 0.0, 0.0, 0.0, 1.0],
                [0.056497, 0.985377, 0.160751, 0.0, 0.978747, -0.086453, 0.185955, 0.272858, 0.197027, 0.146741, -0.968743, -0.0, 0.0, 0.0, 0.0, 1.0],
                [0.508194, 0.808834, -0.295849, 0.020272, 0.575711, -0.574524, -0.581789, 0.263336, -0.640158, 0.125258, -0.757182, 0.017287, 0.0, 0.0, 0.0, 1.0],
                [0.508194, 0.808834, -0.295849, 0.020272, 0.575711, -0.574524, -0.581789, 0.263336, -0.640158, 0.125258, -0.757182, 0.017287, 0.0, 0.0, 0.0, 1.0]
            ]
        },
        {
            "name": "Elbow_R",
            "time": [0.0, 0.5],
            "transform": [
                [-1.0, 0.0, -0.0, -0.0, 0.0, -0.0, -1.0, 0.3, -0.0, -1.0, 0.0, 0.0, 0.0, 0.0, 0.0, 1.0],
                [-1.0, 0.0, 0.0, -0.0, 0.0, 0.0, -1.0, 0.3, -0.0, -1.0, 0.0, 0.0, 0.0, 0.0, 0.0, 1.0]
            ]
        },
        {
            "name": "Shoulder_L",
            "time": [0.0, 0.0833, 0.25, 0.5],
            "transform": [
                [0.244617, -0.854921, -0.457464, 0.0, 0.031937, -0.464437, 0.88503, 0.4, -0.969094, -0.231103, -0.086305, 0.0, 0.0, 0.0, 0.0, 1.0],
                [0.244617, -0.854921, -0.457464, 0.0, 0.031937, -0.464437, 0.88503, 0.4, -0.969094, -0.231103, -0.086305, 0.0, 0.0, 0.0, 0.0, 1.0],
                [0.366181, -0.889578, -0.273061, -0.0, -0.000381, -0.293586, 0.955933, 0.4, -0.930544, -0.34994, -0.107844, 0.0, 0.0, 0.0, 0.0, 1.0],
                [0.366181, -0.889578, -0.273061, -0.0, -0.000381, -0.293586, 0.955933, 0.4, -0.930544, -0.34994, -0.107844, 0.0, 0.0, 0.0, 0.0, 1.0]
            ]
        },
        {
            "name": "Arm_L",
            "time": [0.0, 0.0833, 0.25, 0.5],
            "transform": [
                [-0.004249, -0.850579, 0.525829, -0.0, -0.220288, 0.513713, 0.8292, 0.39386, -0.975426, -0.11231, -0.189555, -0.0, 0.0, 0.0, 0.0, 1.0],
                [-0.004249, -0.850579, 0.525829, -0.0, -0.220288, 0.513713, 0.8292, 0.39386, -0.975426, -0.11231, -0.189555, -0.0, 0.0, 0.0, 0.0, 1.0],
                [-0.600385, -0.277462, 0.750035, -0.0, -0.708193, 0.620134, -0.337485, 0.39386, -0.371483, -0.73379, -0.568816, 0.0, 0.0, 0.0, 0.0, 1.0],
                [-0.600385, -0.277462, 0.750035, -0.0, -0.708193, 0.620134, -0.337485, 0.39386, -0.371483, -0.73379, -0.568816, 0.0, 0.0, 0.0, 0.0, 1.0]
            ]
        },
        {
            "name": "Hand_L",
            "time": [0.0, 0.0833, 0.25, 0.5],
            "transform": [
                [0.998836, -0.030851, 0.037093, -0.0, 0.04817, 0.680696, -0.730982, 0.3, -0.002697, 0.731917, 0.681389, 0.0, 0.0, 0.0, 0.0, 1.0],
                [0.998836, -0.030851, 0.037093, -0.0, 0.04817, 0.680695, -0.730981, 0.3, -0.002697, 0.731917, 0.681389, 0.0, 0.0, 0.0, 0.0, 1.0],
                [0.998618, -0.02741, 0.04484, -0.0, 0.052475, 0.566796, -0.822186, 0.3, -0.002879, 0.823402, 0.567451, 0.0, 0.0, 0.0, 0.0, 1.0],
                [0.998618, -0.02741, 0.04484, -0.0, 0.052475, 0.566796, -0.822186, 0.3, -0.002879, 0.823402, 0.567451, 0.0, 0.0, 0.0, 0.0, 1.0]
            ]
        },
        {
            "name": "Tool_L",
            "time": [0.0, 0.0833, 0.25, 0.5],
            "transform": [
                [1.0, 0.0, 0.0, 0.0, 0.0, -0.999836, 0.018122, 0.272858, 0.0, -0.018122, -0.999248, -0.0, 0.0, 0.0, 0.0, 1.0],
                [1.0, 0.0, 0.0, -0.0, 0.0, -0.999836, 0.018122, 0.272858, 0.0, -0.018122, -0.999248, 0.0, 0.0, 0.0, 0.0, 1.0],
                [0.981422, -0.179776, 0.067015, 0.088092, -0.130152, -0.880461, -0.455904, 0.141162, 0.14088, 0.438445, -0.886985, -0.088018, 0.0, 0.0, 0.0, 1.0],
                [0.981422, -0.179776, 0.067015, 0.088092, -0.130152, -0.880461, -0.455904, 0.141162, 0.14088, 0.438445, -0.886985, -0.088018, 0.0, 0.0, 0.0, 1.0]
            ]
        },
        {
            "name": "Elbow_L",
            "time": [0.0, 0.5],
            "transform": [
                [-1.0, 0.0, -0.0, -0.005136, -0.0, -0.0, -1.0, 0.389197, -0.0, -1.0, 0.0, -0.00412, 0.0, 0.0, 0.0, 1.0],
                [-1.0, 0.0, -0.0, -0.005136, 0.0, 0.0, -1.0, 0.389197, -0.0, -1.0, -0.0, -0.00412, 0.0, 0.0, 0.0, 1.0]
            ]
        }
    ]
}