{
    "animation": [
        {
            "name": "Root",
            "time": [0.0, 0.1667, 0.8333],
            "transform": [
                [1.0, 0.0, 0.0, -5e-06, 0.0, 0.423268, -0.906005, 0.000946, 0.0, 0.906005, 0.423268, 0.55941, 0.0, 0.0, 0.0, 1.0],
                [1.0, 0.0, 0.0, -5e-06, 0.0, 0.423268, -0.906005, 0.000946, 0.0, 0.906005, 0.423268, 0.473899, 0.0, 0.0, 0.0, 1.0],
                [1.0, 0.0, 0.0, -5e-06, 0.0, 0.423268, -0.906005, 0.000946, 0.0, 0.906005, 0.423268, 0.473899, 0.0, 0.0, 0.0, 1.0]
            ]
        },
        {
            "name": "Thigh_R",
            "time": [0.0, 0.1667, 0.8333],
            "transform": [
                [1.0, -0.0, 0.0, 0.124994, 0.0, -0.037396, 0.9993, -0.002831, -0.0, -0.9993, -0.037397, -1.2e-05, 0.0, 0.0, 0.0, 1.0],
                [1.0, -0.0, 0.0, 0.124994, 0.0, 0.186564, 0.982443, -0.002831, -0.0, -0.982443, 0.186564, -1.2e-05, 0.0, 0.0, 0.0, 1.0],
                [1.0, -0.0, 0.0, 0.124994, 0.0, 0.186564, 0.982443, -0.002831, -0.0, -0.982443, 0.186564, -1.2e-05, 0.0, 0.0, 0.0, 1.0]
            ]
        },
        {
            "name": "Leg_R",
            "time": [0.0, 0.1667, 0.8333],
            "transform": [
                [1.0, -0.0, 1e-06, 0.0, -1e-06, 0.454044, 0.890979, 0.37472, -0.0, -0.89098, 0.454044, -0.0, 0.0, 0.0, 0.0, 1.0],
                [1.0, -0.0, 1e-06, 0.0, -1e-06, 0.179384, 0.983779, 0.37472, -0.0, -0.983779, 0.179384, -0.0, 0.0, 0.0, 0.0, 1.0],
                [1.0, -0.0, 1e-06, 0.0, -1e-06, 0.179384, 0.983779, 0.37472, -0.0, -0.983779, 0.179384, -0.0, 0.0, 0.0, 0.0, 1.0]
            ]
        },
        {
            "name": "Knee_R",
            "time": [0.0, 0.1667, 0.8333],
            "transform": [
                [1.0, 0.0, -0.0, 0.0, -0.0, 1e-06, -1.0, 0.432082, -0.0, 1.0, 1e-06, -0.001629, 0.0, 0.0, 0.0, 1.0],
                [1.0, 0.0, -0.0, -0.001055, -0.0, 1e-06, -1.0, 0.467709, -0.0, 1.0, 1e-06, -0.000189, 0.0, 0.0, 0.0, 1.0],
                [1.0, 0.0, -0.0, -0.001055, -0.0, 1e-06, -1.0, 0.467709, -0.0, 1.0, 1e-06, -0.000189, 0.0, 0.0, 0.0, 1.0]
            ]
        },
        {
            "name": "Thigh_L",
            "time": [0.0, 0.1667, 0.8333],
            "transform": [
                [1.0, -0.0, 0.0, -0.125006, -0.0, -0.758741, 0.651392, -0.002831, -0.0, -0.651392, -0.758741, -1.2e-05, 0.0, 0.0, 0.0, 1.0],
                [1.0, -0.0, 0.0, -0.125006, -0.0, -0.711091, 0.703099, -0.002831, -0.0, -0.703099, -0.711092, -1.2e-05, 0.0, 0.0, 0.0, 1.0],
                [1.0, -0.0, 0.0, -0.125006, -0.0, -0.711091, 0.703099, -0.002831, -0.0, -0.703099, -0.711092, -1.2e-05, 0.0, 0.0, 0.0, 1.0]
            ]
        },
        {
            "name": "Leg_L",
            "time": [0.0, 0.1667, 0.8333],
            "transform": [
                [1.0, -0.0, 1e-06, -0.0, -1e-06, 0.215231, 0.976563, 0.37472, -0.0, -0.976563, 0.215231, 0.0, 0.0, 0.0, 0.0, 1.0],
                [1.0, -0.0, 1e-06, -0.0, -1e-06, -0.073723, 0.997279, 0.37472, -0.0, -0.997279, -0.073723, 0.0, 0.0, 0.0, 0.0, 1.0],
                [1.0, -0.0, 1e-06, -0.0, -1e-06, -0.073723, 0.997279, 0.37472, -0.0, -0.997279, -0.073723, 0.0, 0.0, 0.0, 0.0, 1.0]
            ]
        },
        {
            "name": "Knee_L",
            "time": [0.0, 0.1667, 0.8333],
            "transform": [
                [1.0, 0.0, -0.0, 0.0, -0.0, 1e-06, -1.0, 0.45145, -0.0, 1.0, 1e-06, 0.002134, 0.0, 0.0, 0.0, 1.0],
                [1.0, 0.0, -0.0, 8.2e-05, -0.0, 1e-06, -1.0, 0.481575, -0.0, 1.0, 1e-06, -0.001102, 0.0, 0.0, 0.0, 1.0],
                [1.0, 0.0, -0.0, 8.2e-05, -0.0, 1e-06, -1.0, 0.481575, -0.0, 1.0, 1e-06, -0.001102, 0.0, 0.0, 0.0, 1.0]
            ]
        },
        {
            "name": "Torso",
            "time": [0.0, 0.8333],
            "transform": [
                [1.0, 0.0, 0.0, 0.0, 0.0, 0.895424, 0.445214, 0.05, 0.0, -0.445214, 0.895424, -0.0, 0.0, 0.0, 0.0, 1.0],
                [1.0, 0.0, 0.0, 0.0, 0.0, 0.895424, 0.445214, 0.05, 0.0, -0.445214, 0.895424, 0.0, 0.0, 0.0, 0.0, 1.0]
            ]
        },
        {
            "name": "Chest",
            "time": [0.0, 0.8333],
            "transform": [
                [1.0, 0.0, 0.0, 0.0, 0.0, 0.800542, 0.599277, 0.3, 0.0, -0.599277, 0.800542, -0.0, 0.0, 0.0, 0.0, 1.0],
                [1.0, 0.0, 0.0, 0.0, 0.0, 0.800542, 0.599277, 0.3, 0.0, -0.599277, 0.800542, -0.0, 0.0, 0.0, 0.0, 1.0]
            ]
        },
        {
            "name": "Head",
            "time": [0.0, 0.8333],
            "transform": [
                [1.0, 0.0, 0.0, 0.0, 0.0, 0.996173, -0.087409, 0.4, 0.0, 0.087409, 0.996173, -0.0, 0.0, 0.0, 0.0, 1.0],
                [1.0, 0.0, 0.0, 0.0, 0.0, 0.996173, -0.087409, 0.4, 0.0, 0.087409, 0.996173, -0.0, 0.0, 0.0, 0.0, 1.0]
            ]
        },
        {
            "name": "Shoulder_R",
            "time": [0.0, 0.8333],
            "transform": [
                [-0.198995, 0.934865, 0.293987, 0.0, -0.000595, -0.300102, 0.953907, 0.4, 0.98, 0.189648, 0.060275, -0.0, 0.0, 0.0, 0.0, 1.0],
                [-0.198995, 0.934865, 0.293987, 0.0, -0.000595, -0.300102, 0.953907, 0.4, 0.98, 0.189648, 0.060275, -0.0, 0.0, 0.0, 0.0, 1.0]
            ]
        },
        {
            "name": "Arm_R",
            "time": [0.0, 0.1667, 0.8333],
            "transform": [
                [-0.164188, 0.618325, -0.768581, -0.0, 0.940675, 0.33269, 0.066698, 0.39386, 0.29694, -0.712033, -0.636266, -0.0, 0.0, 0.0, 0.0, 1.0],
                [-0.164485, 0.694315, -0.700622, -0.0, 0.939516, 0.326617, 0.103107, 0.39386, 0.300424, -0.641286, -0.706044, -0.0, 0.0, 0.0, 0.0, 1.0],
                [-0.164485, 0.694315, -0.700622, -0.0, 0.939516, 0.326617, 0.103107, 0.39386, 0.300424, -0.641286, -0.706044, -0.0, 0.0, 0.0, 0.0, 1.0]
            ]
        },
        {
            "name": "Hand_R",
            "time": [0.0, 0.8333],
            "transform": [
                [1.0, -0.0, 0.0, -0.0, 0.0, 0.999733, -0.023093, 0.3, -0.0, 0.023093, 0.999733, -0.0, 0.0, 0.0, 0.0, 1.0],
                [1.0, -0.0, 0.0, 0.0, 0.0, 0.999733, -0.023093, 0.3, -0.0, 0.023093, 0.999733, 0.0, 0.0, 0.0, 0.0, 1.0]
            ]
        },
        {
            "name": "Tool_R",
            "time": [0.0, 0.8333],
            "transform": [
                [1.0, 0.0, 0.0, 0.0, 0.0, -0.999836, 0.018122, 0.272858, 0.0, -0.018122, -0.999244, 0.0, 0.0, 0.0, 0.0, 1.0],
                [1.0, 0.0, 0.0, -0.0, 0.0, -0.999836, 0.018122, 0.272858, 0.0, -0.018122, -0.999243, 0.0, 0.0, 0.0, 0.0, 1.0]
            ]
        },
        {
            "name": "Elbow_R",
            "time": [0.0, 0.8333],
            "transform": [
                [-1.0, 0.0, -0.0, -0.0, 0.0, -0.0, -1.0, 0.3, -0.0, -1.0, 0.0, -0.0, 0.0, 0.0, 0.0, 1.0],
                [-1.0, 0.0, -0.0, 0.0, 0.0, 0.0, -1.0, 0.3, -0.0, -1.0, 0.0, 0.0, 0.0, 0.0, 0.0, 1.0]
            ]
        },
        {
            "name": "Shoulder_L",
            "time": [0.0, 0.8333],
            "transform": [
                [0.432554, -0.843142, -0.319387, 0.0, 0.01054, -0.349488, 0.936881, 0.4, -0.901546, -0.408618, -0.142286, -0.0, 0.0, 0.0, 0.0, 1.0],
                [0.432554, -0.843142, -0.319387, 0.0, 0.01054, -0.349488, 0.936881, 0.4, -0.901546, -0.408619, -0.142286, -0.0, 0.0, 0.0, 0.0, 1.0]
            ]
        },
        {
            "name": "Arm_L",
            "time": [0.0, 0.1667, 0.8333],
            "transform": [
                [0.4442, 0.882327, 0.155517, 0.0, -0.835832, 0.470617, -0.282674, 0.39386, -0.3226, -0.004422, 0.946525, 0.0, 0.0, 0.0, 0.0, 1.0],
                [0.443828, 0.869713, 0.215905, 0.0, -0.83569, 0.488682, -0.250624, 0.39386, -0.32348, -0.069196, 0.943701, 0.0, 0.0, 0.0, 0.0, 1.0],
                [0.443828, 0.869713, 0.215905, -0.0, -0.83569, 0.488682, -0.250624, 0.39386, -0.32348, -0.069196, 0.943701, -0.0, 0.0, 0.0, 0.0, 1.0]
            ]
        },
        {
            "name": "Hand_L",
            "time": [0.0, 0.1667, 0.8333],
            "transform": [
                [1.0, -0.0, 0.0, -0.0, 0.0, 0.999733, -0.023093, 0.3, -0.0, 0.023093, 0.999734, -0.0, 0.0, 0.0, 0.0, 1.0],
                [0.99995, -0.005787, -0.008116, -0.0, -0.001243, 0.735423, -0.677607, 0.3, 0.00989, 0.677584, 0.735379, 0.0, 0.0, 0.0, 0.0, 1.0],
                [0.99995, -0.005787, -0.008116, -0.0, -0.001243, 0.735423, -0.677607, 0.3, 0.00989, 0.677584, 0.735379, 0.0, 0.0, 0.0, 0.0, 1.0]
            ]
        },
        {
            "name": "Tool_L",
            "time": [0.0, 0.8333],
            "transform": [
                [1.0, 0.0, 0.0, -0.0, 0.0, -0.999836, 0.018122, 0.272858, 0.0, -0.018122, -0.999248, 0.0, 0.0, 0.0, 0.0, 1.0],
                [1.0, 0.0, 0.0, 0.0, 0.0, -0.999836, 0.018122, 0.272858, 0.0, -0.018122, -0.999248, -0.0, 0.0, 0.0, 0.0, 1.0]
            ]
        },
        {
            "name": "Elbow_L",
            "time": [0.0, 0.1667, 0.8333],
            "transform": [
                [-1.0, 0.0, -0.0, -0.0, 0.0, -0.0, -1.0, 0.3, -0.0, -1.0, -0.0, -0.0, 0.0, 0.0, 0.0, 1.0],
                [-1.0, 0.0, -0.0, 0.001044, 0.0, -0.0, -1.0, 0.375835, -0.0, -1.0, -0.0, -0.000752, 0.0, 0.0, 0.0, 1.0],
                [-1.0, 0.0, -0.0, 0.001044, 0.0, -0.0, -1.0, 0.375835, -0.0, -1.0, -0.0, -0.000752, 0.0, 0.0, 0.0, 1.0]
            ]
        }
    ]
}