{
    "animation": [
        {
            "name": "Root",
            "time": [0.0, 0.2, 0.8333],
            "transform": [
                [1.0, 0.0, 0.0, -5e-06, 0.0, 0.854104, -0.520103, 0.000946, 0.0, 0.520103, 0.854104, 0.503174, 0.0, 0.0, 0.0, 1.0],
                [1.0, 0.0, 0.0, -5e-06, 0.0, 0.873952, -0.486013, 0.000946, 0.0, 0.486013, 0.873952, 0.395521, 0.0, 0.0, 0.0, 1.0],
                [1.0, 0.0, 0.0, -5e-06, 0.0, 0.873952, -0.486013, 0.000946, 0.0, 0.486013, 0.873952, 0.395521, 0.0, 0.0, 0.0, 1.0]
            ]
        },
        {
            "name": "Thigh_R",
            "time": [0.0, 0.1, 0.2, 0.8333],
            "transform": [
                [0.706025, 0.578322, 0.408743, 0.124994, -0.023392, -0.557807, 0.82964, -0.002831, 0.707801, -0.595306, -0.380299, -1.1e-05, 0.0, 0.0, 0.0, 1.0],
                [0.687876, 0.65056, 0.321864, 0.124994, 0.055745, -0.489484, 0.870228, -0.002831, 0.723685, -0.580665, -0.372971, -1.2e-05, 0.0, 0.0, 0.0, 1.0],
                [0.689358, 0.643429, 0.33284, 0.124994, 0.049029, -0.499842, 0.864727, -0.002831, 0.72276, -0.579786, -0.376118, -1.2e-05, 0.0, 0.0, 0.0, 1.0],
                [0.689358, 0.643429, 0.33284, 0.124994, 0.049029, -0.499842, 0.864727, -0.002831, 0.72276, -0.579786, -0.376118, -1.2e-05, 0.0, 0.0, 0.0, 1.0]
            ]
        },
        {
            "name": "Leg_R",
            "time": [0.0, 0.1, 0.2, 0.8333],
            "transform": [
                [1.0, -0.0, 1e-06, 0.0, -0.0, 0.577939, 0.816082, 0.37472, -1e-06, -0.816079, 0.577941, 0.0, 0.0, 0.0, 0.0, 1.0],
                [1.0, -0.0, 1e-06, 0.0, -0.0, 0.400517, 0.916292, 0.37472, -1e-06, -0.916288, 0.400519, 0.0, 0.0, 0.0, 0.0, 1.0],
                [1.0, -1e-06, 0.0, 0.0, -0.0, 0.24368, 0.969858, 0.37472, -1e-06, -0.969855, 0.243681, 0.0, 0.0, 0.0, 0.0, 1.0],
                [1.0, -1e-06, 1e-06, 0.0, -0.0, 0.24368, 0.969858, 0.37472, -1e-06, -0.969855, 0.243681, 0.0, 0.0, 0.0, 0.0, 1.0]
            ]
        },
        {
            "name": "Knee_R",
            "time": [0.0, 0.1, 0.2, 0.8333],
            "transform": [
                [1.0, 0.0, -0.0, 0.0, -0.0, 1e-06, -1.0, 0.42439, -0.0, 1.0, 1e-06, -0.0, 0.0, 0.0, 0.0, 1.0],
                [1.0, 0.0, -0.0, 0.0, -0.0, 1e-06, -1.0, 0.442719, -0.0, 1.0, 1e-06, -0.0, 0.0, 0.0, 0.0, 1.0],
                [1.0, 0.0, -0.0, 0.0, -0.0, 1e-06, -1.0, 0.457617, -0.0, 1.0, 1e-06, -0.0, 0.0, 0.0, 0.0, 1.0],
                [1.0, 0.0, -0.0, 0.0, -0.0, 1e-06, -1.0, 0.457617, -0.0, 1.0, 1e-06, -0.0, 0.0, 0.0, 0.0, 1.0]
            ]
        },
        {
            "name": "Thigh_L",
            "time": [0.0, 0.1, 0.2, 0.8333],
            "transform": [
                [0.96152, -0.273295, 0.028082, -0.125006, 0.151543, 0.612852, 0.77553, -0.002831, -0.229159, -0.741431, 0.630686, -1.1e-05, 0.0, 0.0, 0.0, 1.0],
                [0.938517, -0.345146, -0.007685, -0.125006, 0.268252, 0.715052, 0.645554, -0.002831, -0.217315, -0.607925, 0.763676, -1.2e-05, 0.0, 0.0, 0.0, 1.0],
                [0.906557, -0.421092, -0.02891, -0.125006, 0.379086, 0.782174, 0.494464, -0.002831, -0.185603, -0.459219, 0.868717, -1.2e-05, 0.0, 0.0, 0.0, 1.0],
                [0.906557, -0.421092, -0.02891, -0.125006, 0.379086, 0.782175, 0.494464, -0.002831, -0.185603, -0.459219, 0.868717, -1.2e-05, 0.0, 0.0, 0.0, 1.0]
            ]
        },
        {
            "name": "Leg_L",
            "time": [0.0, 0.1, 0.2, 0.8333],
            "transform": [
                [1.0, -1e-06, 0.0, 0.0, 0.0, 0.327369, 0.944895, 0.37472, -1e-06, -0.944897, 0.327368, 0.0, 0.0, 0.0, 0.0, 1.0],
                [1.0, -1e-06, -0.0, -0.0, 0.0, 0.150097, 0.98867, 0.37472, -1e-06, -0.988672, 0.150097, -0.0, 0.0, 0.0, 0.0, 1.0],
                [1.0, -1e-06, -0.0, -0.0, 0.0, -0.00659, 0.999977, 0.37472, -1e-06, -0.999979, -0.00659, -0.0, 0.0, 0.0, 0.0, 1.0],
                [1.0, -1e-06, -0.0, -0.0, 0.0, -0.00659, 0.999977, 0.37472, -1e-06, -0.999979, -0.00659, 0.0, 0.0, 0.0, 0.0, 1.0]
            ]
        },
        {
            "name": "Knee_L",
            "time": [0.0, 0.1, 0.2, 0.8333],
            "transform": [
                [1.0, 0.0, -0.0, 0.0, -0.0, 1e-06, -1.0, 0.449773, -0.0, 1.0, 1e-06, -0.0, 0.0, 0.0, 0.0, 1.0],
                [1.0, 0.0, -0.0, 0.0, -0.0, 1e-06, -1.0, 0.466191, -0.0, 1.0, 1e-06, -0.0, 0.0, 0.0, 0.0, 1.0],
                [1.0, 0.0, -0.0, 0.0, -0.0, 1e-06, -1.0, 0.47972, -0.0, 1.0, 1e-06, -0.0, 0.0, 0.0, 0.0, 1.0],
                [1.0, 0.0, -0.0, 0.0, -0.0, 1e-06, -1.0, 0.47972, -0.0, 1.0, 1e-06, -0.0, 0.0, 0.0, 0.0, 1.0]
            ]
        },
        {
            "name": "Torso",
            "time": [0.0, 0.2, 0.8333],
            "transform": [
                [1.0, 0.0, 0.0, 0.0, 0.0, 0.942515, -0.334163, 0.05, 0.0, 0.334163, 0.942515, 0.0, 0.0, 0.0, 0.0, 1.0],
                [1.0, 0.0, 0.0, 0.0, 0.0, 1.0, 0.0, 0.05, 0.0, 0.0, 1.0, -0.0, 0.0, 0.0, 0.0, 1.0],
                [1.0, 0.0, 0.0, 0.0, 0.0, 1.0, 0.0, 0.05, 0.0, 0.0, 1.0, -0.0, 0.0, 0.0, 0.0, 1.0]
            ]
        },
        {
            "name": "Chest",
            "time": [0.0, 0.1, 0.2333, 0.3167, 0.8333],
            "transform": [
                [1.0, 0.0, 0.0, 0.0, 0.0, 0.876457, 0.481479, 0.3, 0.0, -0.481479, 0.876458, -0.0, 0.0, 0.0, 0.0, 1.0],
                [1.0, -0.0, -0.0, 0.0, 0.0, 0.874337, 0.485318, 0.3, 0.0, -0.485318, 0.874338, 0.0, 0.0, 0.0, 0.0, 1.0],
                [1.0, -0.0, -0.0, 0.0, 0.0, 0.855183, 0.518326, 0.3, 0.0, -0.518326, 0.855183, 0.0, 0.0, 0.0, 0.0, 1.0],
                [1.0, -0.0, -0.0, 0.0, 0.0, 0.874337, 0.485318, 0.3, 0.0, -0.485318, 0.874338, 0.0, 0.0, 0.0, 0.0, 1.0],
                [1.0, -0.0, -0.0, 0.0, 0.0, 0.874337, 0.485318, 0.3, 0.0, -0.485318, 0.874338, 0.0, 0.0, 0.0, 0.0, 1.0]
            ]
        },
        {
            "name": "Head",
            "time": [0.0, 0.2, 0.2667, 0.3667, 0.8333],
            "transform": [
                [1.0, 0.0, 0.0, 0.0, 0.0, 0.926461, -0.37639, 0.4, 0.0, 0.37639, 0.926461, -0.0, 0.0, 0.0, 0.0, 1.0],
                [1.0, -0.0, -0.0, 0.0, 0.0, 0.994086, 0.108592, 0.4, 0.0, -0.108592, 0.994086, -0.0, 0.0, 0.0, 0.0, 1.0],
                [1.0, 0.0, -0.0, 0.0, -0.0, 0.999996, -0.002816, 0.4, 0.0, 0.002816, 0.999996, -0.0, 0.0, 0.0, 0.0, 1.0],
                [1.0, 0.0, -0.0, 0.0, -0.0, 0.994086, 0.108592, 0.4, 0.0, -0.108592, 0.994086, 0.0, 0.0, 0.0, 0.0, 1.0],
                [1.0, 0.0, -0.0, 0.0, -0.0, 0.994086, 0.108592, 0.4, 0.0, -0.108592, 0.994086, 0.0, 0.0, 0.0, 0.0, 1.0]
            ]
        },
        {
            "name": "Shoulder_R",
            "time": [0.0, 0.1, 0.8333],
            "transform": [
                [-0.236052, 0.94672, 0.219087, 0.0, 0.028229, -0.218683, 0.975387, 0.4, 0.97133, 0.236427, 0.024896, -0.0, 0.0, 0.0, 0.0, 1.0],
                [-0.541601, 0.821628, 0.177752, 0.0, 0.045034, -0.182787, 0.98212, 0.4, 0.839428, 0.539923, 0.061997, -0.0, 0.0, 0.0, 0.0, 1.0],
                [-0.541601, 0.821628, 0.177752, 0.0, 0.045034, -0.182787, 0.98212, 0.4, 0.839428, 0.539922, 0.061997, 0.0, 0.0, 0.0, 0.0, 1.0]
            ]
        },
        {
            "name": "Arm_R",
            "time": [0.0, 0.1, 0.1667, 0.2167, 0.2667, 0.8333],
            "transform": [
                [0.50138, 0.431934, -0.7497, -0.0, 0.575042, 0.48107, 0.661738, 0.39386, 0.646486, -0.762892, -0.007181, 0.0, 0.0, 0.0, 0.0, 1.0],
                [0.471255, 0.396722, -0.787738, 0.0, 0.688685, 0.392471, 0.609655, 0.393861, 0.551028, -0.829806, -0.088262, -0.0, 0.0, 0.0, 0.0, 1.0],
                [0.471255, 0.396722, -0.787738, 0.0, 0.688685, 0.392471, 0.609655, 0.39386, 0.551028, -0.829806, -0.088262, -0.0, 0.0, 0.0, 0.0, 1.0],
                [0.470167, 0.444333, -0.762569, 0.0, 0.665787, 0.38863, 0.636941, 0.39386, 0.579371, -0.807177, -0.11311, -0.0, 0.0, 0.0, 0.0, 1.0],
                [0.471255, 0.396722, -0.787738, -0.0, 0.688685, 0.392472, 0.609655, 0.393861, 0.551028, -0.829806, -0.088262, -0.0, 0.0, 0.0, 0.0, 1.0],
                [0.471255, 0.396722, -0.787738, -0.0, 0.688685, 0.392471, 0.609655, 0.393861, 0.551028, -0.829806, -0.088262, 0.0, 0.0, 0.0, 0.0, 1.0]
            ]
        },
        {
            "name": "Hand_R",
            "time": [0.0, 0.8333],
            "transform": [
                [1.0, 0.0, 0.0, -0.0, -0.0, 0.702969, -0.71122, 0.3, -0.0, 0.71122, 0.702969, -0.0, 0.0, 0.0, 0.0, 1.0],
                [1.0, 0.0, 0.0, 0.0, 0.0, 0.702969, -0.71122, 0.3, -0.0, 0.71122, 0.702969, -0.0, 0.0, 0.0, 0.0, 1.0]
            ]
        },
        {
            "name": "Tool_R",
            "time": [0.0, 0.1, 0.8333],
            "transform": [
                [0.999982, 0.001303, -0.005882, -0.0, 0.001409, -0.999836, 0.018055, 0.272858, -0.005854, -0.018063, -0.999228, 0.0, 0.0, 0.0, 0.0, 1.0],
                [1.0, 0.0, 0.0, 0.0, 0.0, -0.999836, 0.018122, 0.272858, 0.0, -0.018122, -0.999244, -0.0, 0.0, 0.0, 0.0, 1.0],
                [1.0, 0.0, 0.0, 0.0, 0.0, -0.999836, 0.018122, 0.272858, 0.0, -0.018122, -0.999244, 0.0, 0.0, 0.0, 0.0, 1.0]
            ]
        },
        {
            "name": "Elbow_R",
            "time": [0.0, 0.8333],
            "transform": [
                [-1.0, 0.0, -0.0, -0.0, 0.0, -0.0, -1.0, 0.384471, -0.0, -1.0, 0.0, 0.0, 0.0, 0.0, 0.0, 1.0],
                [-1.0, 0.0, -0.0, 0.0, 0.0, -0.0, -1.0, 0.384471, -0.0, -1.0, 0.0, 0.0, 0.0, 0.0, 0.0, 1.0]
            ]
        },
        {
            "name": "Shoulder_L",
            "time": [0.0, 0.1, 0.8333],
            "transform": [
                [-0.012929, -0.951955, -0.305964, 0.0, 2e-06, -0.305989, 0.952035, 0.4, -0.999917, 0.012308, 0.003958, -0.0, 0.0, 0.0, 0.0, 1.0],
                [-0.0, -0.952114, -0.305743, 0.0, 0.0, -0.305743, 0.952114, 0.4, -1.0, 0.0, 0.0, -0.0, 0.0, 0.0, 0.0, 1.0],
                [-0.0, -0.952114, -0.305743, 0.0, 0.0, -0.305743, 0.952114, 0.4, -1.0, 0.0, 0.0, 0.0, 0.0, 0.0, 0.0, 1.0]
            ]
        },
        {
            "name": "Arm_L",
            "time": [0.0, 0.1, 0.8333],
            "transform": [
                [-0.179624, 0.744619, 0.642867, 0.0, 0.372781, 0.65628, -0.655996, 0.39386, -0.910368, 0.121816, -0.395463, -0.0, 0.0, 0.0, 0.0, 1.0],
                [0.042019, 0.725653, 0.686776, 0.0, 0.557963, 0.553165, -0.618616, 0.39386, -0.828802, 0.40919, -0.381644, 0.0, 0.0, 0.0, 0.0, 1.0],
                [0.042019, 0.725653, 0.686776, 0.0, 0.557963, 0.553165, -0.618616, 0.39386, -0.828802, 0.409189, -0.381644, 0.0, 0.0, 0.0, 0.0, 1.0]
            ]
        },
        {
            "name": "Hand_L",
            "time": [0.0, 0.1, 0.8333],
            "transform": [
                [1.0, 0.0, 0.0, -0.0, -0.0, 0.966576, -0.256383, 0.3, -0.0, 0.256384, 0.966575, -0.0, 0.0, 0.0, 0.0, 1.0],
                [1.0, 0.0, 0.0, 0.0, -0.0, 0.730499, -0.682915, 0.3, -0.0, 0.682915, 0.730499, -0.0, 0.0, 0.0, 0.0, 1.0],
                [1.0, 0.0, -0.0, 0.0, -0.0, 0.730499, -0.682915, 0.3, -0.0, 0.682915, 0.730499, 0.0, 0.0, 0.0, 0.0, 1.0]
            ]
        },
        {
            "name": "Tool_L",
            "time": [0.0, 0.8333],
            "transform": [
                [1.0, 0.0, 0.0, -0.0, 0.0, -0.999836, 0.018122, 0.272858, 0.0, -0.018122, -0.999248, -0.0, 0.0, 0.0, 0.0, 1.0],
                [1.0, 0.0, 0.0, -0.0, 0.0, -0.999836, 0.018122, 0.272858, 0.0, -0.018122, -0.999248, -0.0, 0.0, 0.0, 0.0, 1.0]
            ]
        },
        {
            "name": "Elbow_L",
            "time": [0.0, 0.1, 0.8333],
            "transform": [
                [-1.0, 0.0, -0.0, 0.0, 0.0, -0.0, -1.0, 0.334621, -0.0, -1.0, 0.0, -0.0, 0.0, 0.0, 0.0, 1.0],
                [-1.0, 0.0, 0.0, 0.0, -0.0, -0.0, -1.0, 0.380771, -0.0, -1.0, -0.0, -0.0, 0.0, 0.0, 0.0, 1.0],
                [-1.0, 0.0, -0.0, -0.0, 0.0, -0.0, -1.0, 0.380771, -0.0, -1.0, -0.0, 0.0, 0.0, 0.0, 0.0, 1.0]
            ]
        }
    ]
}