{
    "animation": [
        {
            "name": "Root",
            "time": [0.0, 2.0],
            "transform": [
                [1.0, 0.0, 0.0, -5e-06, 0.0, 0.0, -1.0, 0.000946, 0.0, 1.0, 0.0, 0.627777, 0.0, 0.0, 0.0, 1.0],
                [1.0, 0.0, 0.0, -5e-06, 0.0, 0.0, -1.0, 0.000946, 0.0, 1.0, 0.0, 0.627777, 0.0, 0.0, 0.0, 1.0]
            ]
        },
        {
            "name": "Thigh_R",
            "time": [0.0, 2.0],
            "transform": [
                [0.691179, 0.651969, 0.311781, 0.124994, 0.205947, -0.591228, 0.779766, -0.002831, 0.692717, -0.474748, -0.542916, -1.2e-05, 0.0, 0.0, 0.0, 1.0],
                [0.691179, 0.651969, 0.311781, 0.124994, 0.205947, -0.591228, 0.779766, -0.002831, 0.692717, -0.474748, -0.542916, -1.2e-05, 0.0, 0.0, 0.0, 1.0]
            ]
        },
        {
            "name": "Leg_R",
            "time": [0.0, 2.0],
            "transform": [
                [0.999916, -0.003547, -0.012429, 0.0, 0.012631, 0.47218, 0.881412, 0.37472, 0.002742, -0.881495, 0.472186, -0.0, 0.0, 0.0, 0.0, 1.0],
                [0.999916, -0.003547, -0.012429, 0.0, 0.012631, 0.47218, 0.881412, 0.37472, 0.002742, -0.881495, 0.472186, -0.0, 0.0, 0.0, 0.0, 1.0]
            ]
        },
        {
            "name": "Knee_R",
            "time": [0.0, 2.0],
            "transform": [
                [1.0, 0.0, -0.0, 1.9e-05, -0.0, 1e-06, -1.0, 0.43188, -0.0, 1.0, 1e-06, -0.002891, 0.0, 0.0, 0.0, 1.0],
                [1.0, 0.0, -0.0, 1.9e-05, -0.0, 1e-06, -1.0, 0.43188, -0.0, 1.0, 1e-06, -0.002891, 0.0, 0.0, 0.0, 1.0]
            ]
        },
        {
            "name": "Thigh_L",
            "time": [0.0, 2.0],
            "transform": [
                [0.661601, -0.695047, -0.281412, -0.125006, -0.211732, -0.533175, 0.819081, -0.002831, -0.719342, -0.482321, -0.499914, -1.2e-05, 0.0, 0.0, 0.0, 1.0],
                [0.661601, -0.695047, -0.281412, -0.125006, -0.211732, -0.533175, 0.819081, -0.002831, -0.719342, -0.482321, -0.499914, -1.2e-05, 0.0, 0.0, 0.0, 1.0]
            ]
        },
        {
            "name": "Leg_L",
            "time": [0.0, 2.0],
            "transform": [
                [0.999998, 0.00078, 0.00206, 0.0, -0.002199, 0.401285, 0.91595, 0.37472, -0.000112, -0.915953, 0.401286, -0.0, 0.0, 0.0, 0.0, 1.0],
                [0.999998, 0.00078, 0.00206, 0.0, -0.002199, 0.401285, 0.91595, 0.37472, -0.000112, -0.915953, 0.401286, -0.0, 0.0, 0.0, 0.0, 1.0]
            ]
        },
        {
            "name": "Knee_L",
            "time": [0.0, 2.0],
            "transform": [
                [1.0, 0.0, -0.0, 0.000193, -0.0, 1e-06, -1.0, 0.436899, -0.0, 1.0, 1e-06, -0.001642, 0.0, 0.0, 0.0, 1.0],
                [1.0, 0.0, -0.0, 0.000193, -0.0, 1e-06, -1.0, 0.436899, -0.0, 1.0, 1e-06, -0.001642, 0.0, 0.0, 0.0, 1.0]
            ]
        },
        {
            "name": "Torso",
            "time": [0.0, 1.0, 2.0],
            "transform": [
                [1.0, 0.0, 0.0, 0.0, 0.0, 0.999733, 0.023127, 0.05, 0.0, -0.023127, 0.999733, 0.0, 0.0, 0.0, 0.0, 1.0],
                [1.0, 0.0, 0.0, 0.0, 0.0, 0.999973, 0.007296, 0.05, 0.0, -0.007296, 0.999973, 0.0, 0.0, 0.0, 0.0, 1.0],
                [1.0, 0.0, 0.0, 0.0, 0.0, 0.999733, 0.023127, 0.05, 0.0, -0.023127, 0.999733, 0.0, 0.0, 0.0, 0.0, 1.0]
            ]
        },
        {
            "name": "Chest",
            "time": [0.0, 1.0, 2.0],
            "transform": [
                [1.0, 0.0, 0.0, 0.0, 0.0, 0.992027, 0.126027, 0.3, 0.0, -0.126027, 0.992027, 0.0, 0.0, 0.0, 0.0, 1.0],
                [1.0, 0.0, 0.0, 0.0, 0.0, 0.999284, 0.037828, 0.3, 0.0, -0.037828, 0.999284, -0.0, 0.0, 0.0, 0.0, 1.0],
                [1.0, 0.0, 0.0, 0.0, 0.0, 0.992027, 0.126027, 0.3, 0.0, -0.126027, 0.992027, 0.0, 0.0, 0.0, 0.0, 1.0]
            ]
        },
        {
            "name": "Head",
            "time": [0.0, 1.0, 2.0],
            "transform": [
                [1.0, 0.0, 0.0, 0.0, 0.0, 0.986426, -0.164204, 0.4, 0.0, 0.164204, 0.986426, -0.0, 0.0, 0.0, 0.0, 1.0],
                [1.0, 0.0, 0.0, 0.0, 0.0, 0.999002, -0.044655, 0.4, 0.0, 0.044655, 0.999002, -0.0, 0.0, 0.0, 0.0, 1.0],
                [1.0, 0.0, 0.0, 0.0, 0.0, 0.986426, -0.164204, 0.4, 0.0, 0.164204, 0.986426, -0.0, 0.0, 0.0, 0.0, 1.0]
            ]
        },
        {
            "name": "Shoulder_R",
            "time": [0.0, 2.0],
            "transform": [
                [0.015511, 0.951995, 0.30572, 0.0, -0.001765, -0.30573, 0.952117, 0.4, 0.999878, -0.015308, -0.003062, -0.0, 0.0, 0.0, 0.0, 1.0],
                [0.015511, 0.951995, 0.30572, 0.0, -0.001765, -0.30573, 0.952117, 0.4, 0.999878, -0.015308, -0.003062, -0.0, 0.0, 0.0, 0.0, 1.0]
            ]
        },
        {
            "name": "Arm_R",
            "time": [0.0, 1.0, 2.0],
            "transform": [
                [0.012223, -0.664126, -0.747521, -0.0, 0.945847, 0.250198, -0.206819, 0.39386, 0.324382, -0.704512, 0.63122, 0.0, 0.0, 0.0, 0.0, 1.0],
                [0.011342, -0.629838, -0.776644, 0.0, 0.945912, 0.258599, -0.195903, 0.393861, 0.324226, -0.732414, 0.598704, 0.0, 0.0, 0.0, 0.0, 1.0],
                [0.012223, -0.664126, -0.747521, -0.0, 0.945847, 0.250198, -0.206819, 0.39386, 0.324382, -0.704512, 0.63122, 0.0, 0.0, 0.0, 0.0, 1.0]
            ]
        },
        {
            "name": "Hand_R",
            "time": [0.0, 2.0],
            "transform": [
                [1.0, 0.0, 0.0, -0.0, -0.0, 0.993937, 0.109947, 0.3, -0.0, -0.109947, 0.993937, 0.0, 0.0, 0.0, 0.0, 1.0],
                [1.0, 0.0, 0.0, -0.0, -0.0, 0.993937, 0.109947, 0.3, -0.0, -0.109947, 0.993937, 0.0, 0.0, 0.0, 0.0, 1.0]
            ]
        },
        {
            "name": "Tool_R",
            "time": [0.0, 2.0],
            "transform": [
                [1.0, 0.0, 0.0, -0.0, 0.0, -0.999836, 0.018122, 0.272858, 0.0, -0.018122, -0.999244, -0.0, 0.0, 0.0, 0.0, 1.0],
                [1.0, 0.0, 0.0, -0.0, 0.0, -0.999836, 0.018122, 0.272858, 0.0, -0.018122, -0.999244, -0.0, 0.0, 0.0, 0.0, 1.0]
            ]
        },
        {
            "name": "Elbow_R",
            "time": [0.0, 2.0],
            "transform": [
                [-1.0, 0.0, -0.0, -0.0, 0.0, 0.0, -1.0, 0.3, -0.0, -1.0, 0.0, 0.0, 0.0, 0.0, 0.0, 1.0],
                [-1.0, 0.0, -0.0, -0.0, 0.0, 0.0, -1.0, 0.3, -0.0, -1.0, 0.0, 0.0, 0.0, 0.0, 0.0, 1.0]
            ]
        },
        {
            "name": "Shoulder_L",
            "time": [0.0, 2.0],
            "transform": [
                [0.013526, -0.952024, -0.305725, 0.0, 0.001539, -0.305733, 0.952116, 0.4, -0.999907, -0.013349, -0.00267, -0.0, 0.0, 0.0, 0.0, 1.0],
                [0.013526, -0.952024, -0.305725, 0.0, 0.001539, -0.305733, 0.952116, 0.4, -0.999907, -0.013349, -0.00267, -0.0, 0.0, 0.0, 0.0, 1.0]
            ]
        },
        {
            "name": "Arm_L",
            "time": [0.0, 1.0, 2.0],
            "transform": [
                [0.016389, 0.663999, 0.747553, 0.0, -0.944508, 0.255603, -0.206328, 0.39386, -0.328079, -0.702689, 0.631342, 0.0, 0.0, 0.0, 0.0, 1.0],
                [0.015325, 0.629715, 0.776676, -0.0, -0.94449, 0.264069, -0.195466, 0.39386, -0.328184, -0.730566, 0.598806, -0.0, 0.0, 0.0, 0.0, 1.0],
                [0.016389, 0.663999, 0.747553, 0.0, -0.944508, 0.255603, -0.206328, 0.39386, -0.328079, -0.702689, 0.631342, 0.0, 0.0, 0.0, 0.0, 1.0]
            ]
        },
        {
            "name": "Hand_L",
            "time": [0.0, 2.0],
            "transform": [
                [1.0, 0.0, 0.0, 0.0, -0.0, 0.993938, 0.109947, 0.3, -0.0, -0.109947, 0.993938, 0.0, 0.0, 0.0, 0.0, 1.0],
                [1.0, 0.0, 0.0, 0.0, -0.0, 0.993938, 0.109947, 0.3, -0.0, -0.109947, 0.993938, 0.0, 0.0, 0.0, 0.0, 1.0]
            ]
        },
        {
            "name": "Tool_L",
            "time": [0.0, 2.0],
            "transform": [
                [1.0, 0.0, 0.0, -0.0, 0.0, -0.999836, 0.018122, 0.272858, 0.0, -0.018122, -0.999248, 0.0, 0.0, 0.0, 0.0, 1.0],
                [1.0, 0.0, 0.0, -0.0, 0.0, -0.999836, 0.018122, 0.272858, 0.0, -0.018122, -0.999248, 0.0, 0.0, 0.0, 0.0, 1.0]
            ]
        },
        {
            "name": "Elbow_L",
            "time": [0.0, 2.0],
            "transform": [
                [-1.0, 0.0, -0.0, 0.0, 0.0, -0.0, -1.0, 0.3, -0.0, -1.0, -0.0, 0.0, 0.0, 0.0, 0.0, 1.0],
                [-1.0, 0.0, -0.0, 0.0, 0.0, -0.0, -1.0, 0.3, -0.0, -1.0, -0.0, 0.0, 0.0, 0.0, 0.0, 1.0]
            ]
        }
    ]
}