{
    "animation": [
        {
            "name": "Root",
            "time": [0.0, 0.15, 0.2667, 0.4167, 0.5333],
            "transform": [
                [1.0, 0.0, 0.0, -5e-06, 0.0, 0.0, -1.0, 0.000946, 0.0, 1.0, 0.0, 0.797984, 0.0, 0.0, 0.0, 1.0],
                [0.951269, 0.0, -0.308362, -5e-06, -0.301544, 0.209121, -0.930236, 0.000946, 0.064485, 0.97789, 0.198931, 0.64394, 0.0, 0.0, 0.0, 1.0],
                [1.0, 0.0, 0.0, -5e-06, 0.0, 0.0, -1.0, 0.000946, 0.0, 1.0, 0.0, 0.796622, 0.0, 0.0, 0.0, 1.0],
                [0.952763, -0.0, 0.303714, -5e-06, 0.296255, 0.220268, -0.929363, 0.000946, -0.066899, 0.975439, 0.209863, 0.6484, 0.0, 0.0, 0.0, 1.0],
                [1.0, 0.0, 0.0, -5e-06, 0.0, 0.0, -1.0, 0.000946, 0.0, 1.0, 0.0, 0.797984, 0.0, 0.0, 0.0, 1.0]
            ]
        },
        {
            "name": "Thigh_R",
            "time": [0.0, 0.15, 0.2667, 0.4167, 0.5333],
            "transform": [
                [0.998411, 0.037328, -0.042225, 0.124994, 0.051547, -0.907729, 0.416377, -0.002831, -0.022786, -0.417892, -0.908211, -1.2e-05, 0.0, 0.0, 0.0, 1.0],
                [0.952015, -0.273638, -0.137079, 0.124994, 0.000573, -0.446299, 0.894884, -0.002831, -0.306052, -0.852021, -0.424726, -1.2e-05, 0.0, 0.0, 0.0, 1.0],
                [0.999819, -0.002717, -0.018807, 0.124994, -0.006181, -0.982399, -0.186693, -0.002831, -0.017969, 0.186776, -0.982238, -1.2e-05, 0.0, 0.0, 0.0, 1.0],
                [0.951933, -0.125716, 0.279317, 0.124994, -0.000841, -0.912962, -0.408043, -0.002831, 0.306304, 0.388195, -0.869185, -1.2e-05, 0.0, 0.0, 0.0, 1.0],
                [0.998411, 0.037328, -0.042225, 0.124994, 0.051547, -0.907729, 0.416377, -0.002831, -0.022786, -0.417892, -0.908211, -1.2e-05, 0.0, 0.0, 0.0, 1.0]
            ]
        },
        {
            "name": "Leg_R",
            "time": [0.0, 0.15, 0.2667, 0.4167, 0.5333],
            "transform": [
                [1.0, -1e-06, 2e-06, 0.0, -2e-06, 0.329795, 0.944053, 0.37472, -1e-06, -0.944053, 0.329795, 0.0, 0.0, 0.0, 0.0, 1.0],
                [1.0, -0.0, 1e-06, -0.0, -0.0, 0.599366, 0.800475, 0.37472, -1e-06, -0.800475, 0.599366, -0.0, 0.0, 0.0, 0.0, 1.0],
                [1.0, -0.0, 2e-06, -0.0, 0.0, 0.999953, 0.009717, 0.37472, -2e-06, -0.009717, 0.999953, -0.0, 0.0, 0.0, 0.0, 1.0],
                [1.0, 0.0, 1e-06, -0.0, -0.0, 0.999949, 0.010125, 0.37472, -1e-06, -0.010125, 0.999949, -0.0, 0.0, 0.0, 0.0, 1.0],
                [1.0, -1e-06, 2e-06, 0.0, -2e-06, 0.329795, 0.944053, 0.37472, -1e-06, -0.944053, 0.329795, 0.0, 0.0, 0.0, 0.0, 1.0]
            ]
        },
        {
            "name": "Knee_R",
            "time": [0.0, 0.15, 0.2667, 0.4167, 0.5333],
            "transform": [
                [1.0, 0.0, -0.0, -0.000179, -0.0, 1e-06, -1.0, 0.436391, -0.0, 1.0, 1e-06, -0.000613, 0.0, 0.0, 0.0, 1.0],
                [1.0, 0.0, -0.0, 0.0, -0.0, 1e-06, -1.0, 0.415544, -0.0, 1.0, 1e-06, -0.0, 0.0, 0.0, 0.0, 1.0],
                [1.0, 0.0, -0.0, -0.0, -0.0, 1e-06, -1.0, 0.37472, -0.0, 1.0, 1e-06, -0.0, 0.0, 0.0, 0.0, 1.0],
                [1.0, 0.0, -0.0, -0.0, -0.0, 1e-06, -1.0, 0.37472, -0.0, 1.0, 1e-06, -0.0, 0.0, 0.0, 0.0, 1.0],
                [1.0, 0.0, -0.0, -0.000179, -0.0, 1e-06, -1.0, 0.436391, -0.0, 1.0, 1e-06, -0.000613, 0.0, 0.0, 0.0, 1.0]
            ]
        },
        {
            "name": "Thigh_L",
            "time": [0.0, 0.15, 0.2667, 0.4167, 0.5333],
            "transform": [
                [1.0, -4.3e-05, 1.6e-05, -0.125006, -3.9e-05, -0.981866, -0.189574, -0.002831, 2.3e-05, 0.189575, -0.981866, -1.2e-05, 0.0, 0.0, 0.0, 1.0],
                [0.950687, 0.116954, -0.287256, -0.125006, 0.006149, -0.933103, -0.359556, -0.002831, -0.310091, 0.34006, -0.887808, -1.2e-05, 0.0, 0.0, 0.0, 1.0],
                [1.0, -3.4e-05, 4.7e-05, -0.125006, -5.1e-05, -0.903063, 0.429508, -0.002831, 2.8e-05, -0.429507, -0.903063, -1.2e-05, 0.0, 0.0, 0.0, 1.0],
                [0.951447, 0.280654, 0.12642, -0.125006, 0.006909, -0.430072, 0.902768, -0.002831, 0.307735, -0.858062, -0.41113, -1.2e-05, 0.0, 0.0, 0.0, 1.0],
                [1.0, -4.3e-05, 1.6e-05, -0.125006, -3.9e-05, -0.981866, -0.189574, -0.002831, 2.3e-05, 0.189575, -0.981866, -1.2e-05, 0.0, 0.0, 0.0, 1.0]
            ]
        },
        {
            "name": "Leg_L",
            "time": [0.0, 0.15, 0.2667, 0.4167, 0.5333],
            "transform": [
                [1.0, -0.0, 1e-06, 0.0, 0.0, 0.999949, 0.010137, 0.37472, -1e-06, -0.010137, 0.999949, -0.0, 0.0, 0.0, 0.0, 1.0],
                [1.0, -0.0, 2e-06, 0.0, 0.0, 0.999947, 0.010254, 0.37472, -2e-06, -0.010254, 0.999947, 0.0, 0.0, 0.0, 0.0, 1.0],
                [1.0, -1e-06, 1e-06, 0.0, -1e-06, 0.398346, 0.917235, 0.37472, -1e-06, -0.917235, 0.398346, 0.0, 0.0, 0.0, 0.0, 1.0],
                [0.999982, -0.006007, -0.000972, -0.0, 0.004606, 0.642866, 0.765965, 0.37472, -0.003976, -0.765956, 0.642881, -0.0, 0.0, 0.0, 0.0, 1.0],
                [1.0, -0.0, 1e-06, 0.0, 0.0, 0.999949, 0.010137, 0.37472, -1e-06, -0.010137, 0.999949, -0.0, 0.0, 0.0, 0.0, 1.0]
            ]
        },
        {
            "name": "Knee_L",
            "time": [0.0, 0.15, 0.2667, 0.4167, 0.5333],
            "transform": [
                [1.0, 0.0, -0.0, 0.0, -0.0, 1e-06, -1.0, 0.37472, -0.0, 1.0, 1e-06, -0.0, 0.0, 0.0, 0.0, 1.0],
                [1.0, 0.0, -0.0, 0.0, -0.0, 1e-06, -1.0, 0.37472, -0.0, 1.0, 1e-06, 0.0, 0.0, 0.0, 0.0, 1.0],
                [1.0, 0.0, -0.0, -0.0001, -0.0, 1e-06, -1.0, 0.433466, -0.0, 1.0, 1e-06, -0.000823, 0.0, 0.0, 0.0, 1.0],
                [1.0, 0.0, -0.0, -0.000114, -0.0, 1e-06, -1.0, 0.411945, -0.0, 1.0, 1e-06, -0.000532, 0.0, 0.0, 0.0, 1.0],
                [1.0, 0.0, -0.0, 0.0, -0.0, 1e-06, -1.0, 0.37472, -0.0, 1.0, 1e-06, -0.0, 0.0, 0.0, 0.0, 1.0]
            ]
        },
        {
            "name": "Torso",
            "time": [0.0, 0.15, 0.2667, 0.4167, 0.5333],
            "transform": [
                [1.0, 0.0, 0.0, 0.0, 0.0, 0.979725, 0.200346, 0.05, 0.0, -0.200346, 0.979725, 0.0, 0.0, 0.0, 0.0, 1.0],
                [1.0, -0.0, -0.0, 0.0, 0.0, 1.0, -0.0, 0.05, 0.0, 0.0, 1.0, 0.0, 0.0, 0.0, 0.0, 1.0],
                [1.0, 0.0, 0.0, 0.0, 0.0, 0.979725, 0.200346, 0.05, 0.0, -0.200346, 0.979725, 0.0, 0.0, 0.0, 0.0, 1.0],
                [1.0, 0.0, 0.0, -0.0, 0.0, 1.0, 0.0, 0.05, 0.0, -0.0, 1.0, 0.0, 0.0, 0.0, 0.0, 1.0],
                [1.0, 0.0, 0.0, 0.0, 0.0, 0.979725, 0.200346, 0.05, 0.0, -0.200346, 0.979725, 0.0, 0.0, 0.0, 0.0, 1.0]
            ]
        },
        {
            "name": "Chest",
            "time": [0.0, 0.5333],
            "transform": [
                [1.0, 0.0, 0.0, 0.0, 0.0, 1.0, 0.0, 0.3, 0.0, 0.0, 1.0, -0.0, 0.0, 0.0, 0.0, 1.0],
                [1.0, 0.0, 0.0, 0.0, 0.0, 1.0, 0.0, 0.3, 0.0, 0.0, 1.0, -0.0, 0.0, 0.0, 0.0, 1.0]
            ]
        },
        {
            "name": "Head",
            "time": [0.0, 0.15, 0.2667, 0.4167, 0.5333],
            "transform": [
                [1.0, 0.0, 0.0, 0.0, 0.0, 0.982214, -0.187765, 0.4, -0.0, 0.187765, 0.982214, 0.0, 0.0, 0.0, 0.0, 1.0],
                [0.950159, 0.065309, 0.304847, 0.0, -0.000942, 0.97841, -0.206673, 0.4, -0.311763, 0.196086, 0.929706, 0.0, 0.0, 0.0, 0.0, 1.0],
                [1.0, 0.0, 0.0, 0.0, 0.0, 0.982214, -0.187765, 0.4, -0.0, 0.187765, 0.982214, 0.0, 0.0, 0.0, 0.0, 1.0],
                [0.95285, -0.068728, -0.295557, 0.0, 0.001062, 0.974762, -0.223244, 0.4, 0.30344, 0.212404, 0.928875, 0.0, 0.0, 0.0, 0.0, 1.0],
                [1.0, 0.0, 0.0, 0.0, 0.0, 0.982214, -0.187765, 0.4, -0.0, 0.187765, 0.982214, 0.0, 0.0, 0.0, 0.0, 1.0]
            ]
        },
        {
            "name": "Shoulder_R",
            "time": [0.0, 0.15, 0.2667, 0.4167, 0.5333],
            "transform": [
                [0.0, 0.952114, 0.305743, 0.0, 0.0, -0.305743, 0.952114, 0.4, 1.0, 0.0, -0.0, 0.0, 0.0, 0.0, 0.0, 1.0],
                [-0.290897, 0.890987, 0.348599, 0.0, -0.010633, -0.367344, 0.930024, 0.4, 0.956695, 0.266834, 0.116333, 0.0, 0.0, 0.0, 0.0, 1.0],
                [0.0, 0.952114, 0.305743, 0.0, 0.0, -0.305743, 0.952114, 0.4, 1.0, 0.0, -0.0, 0.0, 0.0, 0.0, 0.0, 1.0],
                [0.277212, 0.92979, 0.242165, 0.0, -0.010297, -0.249153, 0.968409, 0.4, 0.960753, -0.270949, -0.059494, 0.0, 0.0, 0.0, 0.0, 1.0],
                [0.0, 0.952114, 0.305743, 0.0, 0.0, -0.305743, 0.952114, 0.4, 1.0, 0.0, -0.0, 0.0, 0.0, 0.0, 0.0, 1.0]
            ]
        },
        {
            "name": "Arm_R",
            "time": [0.0, 0.15, 0.2667, 0.4167, 0.5333],
            "transform": [
                [0.039361, 0.083675, -0.995715, 0.0, 0.90714, 0.414843, 0.070721, 0.39386, 0.418984, -0.906037, -0.059576, 0.0, 0.0, 0.0, 0.0, 1.0],
                [-0.465562, 0.7889, -0.401109, -0.0, 0.712466, 0.602954, 0.35894, 0.39386, 0.525018, -0.118668, -0.842777, -0.0, 0.0, 0.0, 0.0, 1.0],
                [0.126075, 0.77818, -0.615256, 0.0, 0.922336, 0.136396, 0.361515, 0.39386, 0.365243, -0.613051, -0.700547, 0.0, 0.0, 0.0, 0.0, 1.0],
                [0.285823, -0.755143, -0.589969, 0.0, 0.888104, 0.440002, -0.132929, 0.393861, 0.359968, -0.48596, 0.796408, -0.0, 0.0, 0.0, 0.0, 1.0],
                [0.039361, 0.083675, -0.995715, 0.0, 0.90714, 0.414843, 0.070721, 0.39386, 0.418984, -0.906037, -0.059576, 0.0, 0.0, 0.0, 0.0, 1.0]
            ]
        },
        {
            "name": "Hand_R",
            "time": [0.0, 0.15, 0.2667, 0.4167, 0.5333],
            "transform": [
                [1.0, 0.0, -0.0, 0.0, -0.0, 0.660163, -0.751123, 0.3, -0.0, 0.751123, 0.660163, 0.0, 0.0, 0.0, 0.0, 1.0],
                [0.999988, -0.004826, -0.001144, 0.0, 0.00448, 0.977923, -0.20892, 0.3, 0.002127, 0.208912, 0.977932, -0.0, 0.0, 0.0, 0.0, 1.0],
                [1.0, 0.0, -0.0, -0.0, -0.0, 0.660163, -0.751123, 0.3, -0.0, 0.751123, 0.660163, -0.0, 0.0, 0.0, 0.0, 1.0],
                [0.999981, -0.002302, -0.005697, 0.0, -0.000366, 0.903243, -0.42913, 0.3, 0.006134, 0.429124, 0.903225, 0.0, 0.0, 0.0, 0.0, 1.0],
                [1.0, 0.0, -0.0, 0.0, -0.0, 0.660163, -0.751123, 0.3, -0.0, 0.751123, 0.660163, 0.0, 0.0, 0.0, 0.0, 1.0]
            ]
        },
        {
            "name": "Tool_R",
            "time": [0.0, 0.5333],
            "transform": [
                [1.0, 0.0, 0.0, 0.0, 0.0, -0.999836, 0.018122, 0.272858, 0.0, -0.018122, -0.999244, 0.0, 0.0, 0.0, 0.0, 1.0],
                [1.0, 0.0, 0.0, 0.0, 0.0, -0.999836, 0.018122, 0.272858, 0.0, -0.018122, -0.999244, 0.0, 0.0, 0.0, 0.0, 1.0]
            ]
        },
        {
            "name": "Elbow_R",
            "time": [0.0, 0.15, 0.2667, 0.4167, 0.5333],
            "transform": [
                [-1.0, 0.0, -0.0, 0.000596, 0.0, -0.0, -1.0, 0.384548, -0.0, -1.0, 0.0, 0.001188, 0.0, 0.0, 0.0, 1.0],
                [-1.0, 0.0, -0.0, 0.0, 0.0, -0.0, -1.0, 0.340343, -0.0, -1.0, 0.0, 0.0, 0.0, 0.0, 0.0, 1.0],
                [-1.0, 0.0, -0.0, 0.000596, 0.0, -0.0, -1.0, 0.384548, -0.0, -1.0, 0.0, 0.001188, 0.0, 0.0, 0.0, 1.0],
                [-1.0, 0.0, -0.0, 2.1e-05, 0.0, 0.0, -1.0, 0.355353, -0.0, -1.0, 0.0, -8.3e-05, 0.0, 0.0, 0.0, 1.0],
                [-1.0, 0.0, -0.0, 0.000596, 0.0, -0.0, -1.0, 0.384548, -0.0, -1.0, 0.0, 0.001188, 0.0, 0.0, 0.0, 1.0]
            ]
        },
        {
            "name": "Shoulder_L",
            "time": [0.0, 0.15, 0.2667, 0.4167, 0.5333],
            "transform": [
                [-0.0, -0.952114, -0.305743, 0.0, 0.0, -0.305743, 0.952114, 0.4, -1.0, 0.0, 0.0, 0.0, 0.0, 0.0, 0.0, 1.0],
                [0.482626, -0.858005, -0.175782, 0.0, 0.00638, -0.197255, 0.980331, 0.4, -0.875803, -0.474255, -0.089727, 0.0, 0.0, 0.0, 0.0, 1.0],
                [-0.0, -0.952114, -0.305743, 0.0, 0.0, -0.305743, 0.952114, 0.4, -1.0, 0.0, 0.0, 0.0, 0.0, 0.0, 0.0, 1.0],
                [-0.295887, -0.890387, -0.345921, 0.0, 0.010391, -0.365115, 0.930904, 0.4, -0.955166, 0.271848, 0.117285, 0.0, 0.0, 0.0, 0.0, 1.0],
                [-0.0, -0.952114, -0.305743, 0.0, 0.0, -0.305743, 0.952114, 0.4, -1.0, 0.0, 0.0, 0.0, 0.0, 0.0, 0.0, 1.0]
            ]
        },
        {
            "name": "Arm_L",
            "time": [0.0, 0.15, 0.2667, 0.4167, 0.5333],
            "transform": [
                [0.076943, -0.584942, 0.807418, -0.0, -0.945023, 0.215358, 0.246075, 0.39386, -0.317823, -0.781962, -0.536213, 0.0, 0.0, 0.0, 0.0, 1.0],
                [0.630903, 0.169811, 0.757051, 0.0, -0.504992, 0.83065, 0.234525, 0.39386, -0.58902, -0.530267, 0.609813, -0.0, 0.0, 0.0, 0.0, 1.0],
                [0.223112, -0.380434, 0.897492, -0.0, -0.91083, 0.246658, 0.330983, 0.39386, -0.34729, -0.891308, -0.291478, 0.0, 0.0, 0.0, 0.0, 1.0],
                [-0.550934, -0.749774, 0.366483, -0.0, -0.701973, 0.653833, 0.282375, 0.39386, -0.451337, -0.101691, -0.886541, 0.0, 0.0, 0.0, 0.0, 1.0],
                [0.076943, -0.584942, 0.807418, -0.0, -0.945023, 0.215358, 0.246075, 0.39386, -0.317823, -0.781962, -0.536213, 0.0, 0.0, 0.0, 0.0, 1.0]
            ]
        },
        {
            "name": "Hand_L",
            "time": [0.0, 0.15, 0.2667, 0.4167, 0.5333],
            "transform": [
                [1.0, -0.0, 0.0, -0.0, 0.0, 0.660163, -0.751123, 0.3, -0.0, 0.751123, 0.660163, -0.0, 0.0, 0.0, 0.0, 1.0],
                [0.999997, 0.002472, 0.000471, 0.0, -2e-06, 0.188119, -0.982147, 0.3, -0.002517, 0.982143, 0.188118, 0.0, 0.0, 0.0, 0.0, 1.0],
                [1.0, 0.0, 0.0, 0.0, 0.0, 0.660163, -0.751123, 0.3, -0.0, 0.751123, 0.660163, 0.0, 0.0, 0.0, 0.0, 1.0],
                [0.999995, -0.001209, 0.002851, -0.0, 0.001807, 0.975409, -0.220396, 0.3, -0.002515, 0.2204, 0.975407, -0.0, 0.0, 0.0, 0.0, 1.0],
                [1.0, -0.0, 0.0, -0.0, 0.0, 0.660163, -0.751123, 0.3, -0.0, 0.751123, 0.660163, -0.0, 0.0, 0.0, 0.0, 1.0]
            ]
        },
        {
            "name": "Tool_L",
            "time": [0.0, 0.5333],
            "transform": [
                [1.0, 0.0, 0.0, -0.0, 0.0, -0.999836, 0.018122, 0.272858, 0.0, -0.018122, -0.999248, 0.0, 0.0, 0.0, 0.0, 1.0],
                [1.0, 0.0, 0.0, -0.0, 0.0, -0.999836, 0.018122, 0.272858, 0.0, -0.018122, -0.999248, 0.0, 0.0, 0.0, 0.0, 1.0]
            ]
        },
        {
            "name": "Elbow_L",
            "time": [0.0, 0.15, 0.2667, 0.4167, 0.5333],
            "transform": [
                [-1.0, 0.0, -0.0, 0.000226, 0.0, -0.0, -1.0, 0.380328, -0.0, -1.0, -0.0, -0.000541, 0.0, 0.0, 0.0, 1.0],
                [-1.0, 0.0, -0.0, 0.0, 0.0, -0.0, -1.0, 0.4376, -0.0, -1.0, -0.0, -0.0, 0.0, 0.0, 0.0, 1.0],
                [-1.0, 0.0, -0.0, 9.1e-05, 0.0, -0.0, -1.0, 0.391771, -0.0, -1.0, 0.0, 0.000385, 0.0, 0.0, 0.0, 1.0],
                [-1.0, 0.0, -0.0, 0.0, 0.0, -0.0, -1.0, 0.340632, -0.0, -1.0, -0.0, -0.0, 0.0, 0.0, 0.0, 1.0],
                [-1.0, 0.0, -0.0, 0.000226, 0.0, -0.0, -1.0, 0.380328, -0.0, -1.0, -0.0, -0.000541, 0.0, 0.0, 0.0, 1.0]
            ]
        }
    ]
}