{
    "animation": [
        {
            "name": "Root",
            "time": [0.0, 0.15, 0.2667, 0.4167, 0.5333],
            "transform": [
                [1.0, 0.0, 0.0, -5e-06, 0.0, 0.0, -1.0, 0.000946, 0.0, 1.0, 0.0, 0.553052, 0.0, 0.0, 0.0, 1.0],
                [0.999812, -0.016228, -0.010646, -5e-06, -0.007161, 0.201408, -0.979481, 0.000946, 0.018039, 0.979373, 0.201254, 0.695929, 0.0, 0.0, 0.0, 1.0],
                [1.0, 0.0, 0.0, -5e-06, 0.0, 0.0, -1.0, 0.000946, 0.0, 1.0, 0.0, 0.553052, 0.0, 0.0, 0.0, 1.0],
                [0.999812, -0.016228, -0.010646, -5e-06, -0.007161, 0.201408, -0.979481, 0.000946, 0.018039, 0.979373, 0.201254, 0.695929, 0.0, 0.0, 0.0, 1.0],
                [1.0, 0.0, 0.0, -5e-06, 0.0, 0.0, -1.0, 0.000946, 0.0, 1.0, 0.0, 0.553052, 0.0, 0.0, 0.0, 1.0]
            ]
        },
        {
            "name": "Thigh_R",
            "time": [0.0, 0.15, 0.2667, 0.4167, 0.5333],
            "transform": [
                [0.99841, 0.037328, -0.042225, 0.124994, 0.055785, -0.547876, 0.834697, -0.002831, 0.008023, -0.835724, -0.549089, -1.2e-05, 0.0, 0.0, 0.0, 1.0],
                [0.999977, 0.004556, -0.004861, 0.124994, 0.002644, -0.941096, -0.338124, -0.002831, -0.006115, 0.338103, -0.941089, -1.2e-05, 0.0, 0.0, 0.0, 1.0],
                [1.0, -4e-05, 2e-05, 0.124994, -4e-05, -0.99998, -0.00598, -0.002831, 2e-05, 0.00598, -0.999982, -1.2e-05, 0.0, 0.0, 0.0, 1.0],
                [0.999766, 0.015727, -0.014831, 0.124994, 0.020221, -0.437841, 0.898825, -0.002831, 0.007642, -0.898913, -0.438058, -1.2e-05, 0.0, 0.0, 0.0, 1.0],
                [0.99841, 0.037328, -0.042225, 0.124994, 0.055785, -0.547876, 0.834697, -0.002831, 0.008023, -0.835724, -0.549089, -1.2e-05, 0.0, 0.0, 0.0, 1.0]
            ]
        },
        {
            "name": "Leg_R",
            "time": [0.0, 0.15, 0.2667, 0.4167, 0.5333],
            "transform": [
                [0.999847, -0.003912, -0.017058, -0.0, 0.017452, 0.295772, 0.955099, 0.37472, 0.001309, -0.955251, 0.295795, 0.0, 0.0, 0.0, 0.0, 1.0],
                [0.999834, -0.017595, -0.004711, -0.0, 0.017452, 0.851281, 0.524421, 0.37472, -0.005217, -0.524417, 0.851445, -0.0, 0.0, 0.0, 0.0, 1.0],
                [0.999848, -0.005455, -0.016578, 0.0, 0.017452, 0.31089, 0.950285, 0.37472, -3e-05, -0.950431, 0.310938, -0.0, 0.0, 0.0, 0.0, 1.0],
                [0.999846, -0.017494, -0.001339, 0.0, 0.017452, 0.983775, 0.178559, 0.37472, -0.001806, -0.178555, 0.983927, 0.0, 0.0, 0.0, 0.0, 1.0],
                [0.999847, -0.003912, -0.017058, -0.0, 0.017452, 0.295772, 0.955099, 0.37472, 0.001309, -0.955251, 0.295795, 0.0, 0.0, 0.0, 0.0, 1.0]
            ]
        },
        {
            "name": "Knee_R",
            "time": [0.0, 0.15, 0.2667, 0.4167, 0.5333],
            "transform": [
                [1.0, 0.0, -0.0, -0.0, -0.0, 1e-06, -1.0, 0.452757, -0.0, 1.0, 1e-06, -0.0, 0.0, 0.0, 0.0, 1.0],
                [1.0, 0.0, -0.0, 0.0, -0.0, 1e-06, -1.0, 0.388244, -0.0, 1.0, 1e-06, -0.0, 0.0, 0.0, 0.0, 1.0],
                [1.0, 0.0, -0.0, 0.0, -0.0, 1e-06, -1.0, 0.45133, -0.0, 1.0, 1e-06, -0.0, 0.0, 0.0, 0.0, 1.0],
                [1.0, 0.0, -0.0, 0.0, -0.0, 1e-06, -1.0, 0.37472, -0.0, 1.0, 1e-06, 0.0, 0.0, 0.0, 0.0, 1.0],
                [1.0, 0.0, -0.0, -0.0, -0.0, 1e-06, -1.0, 0.452757, -0.0, 1.0, 1e-06, -0.0, 0.0, 0.0, 0.0, 1.0]
            ]
        },
        {
            "name": "Thigh_L",
            "time": [0.0, 0.15, 0.2667, 0.4167, 0.5333],
            "transform": [
                [0.999999, -4.4e-05, 1.6e-05, -0.125006, -4.3e-05, -0.999978, -0.006641, -0.002831, 1.6e-05, 0.006641, -0.999978, -1.2e-05, 0.0, 0.0, 0.0, 1.0],
                [0.999694, 0.000449, 0.024716, -0.125006, -0.022019, -0.438207, 0.898604, -0.002831, 0.011234, -0.898874, -0.438063, -1.2e-05, 0.0, 0.0, 0.0, 1.0],
                [0.998449, -0.055216, 0.007094, -0.125006, -0.036231, -0.547759, 0.835851, -0.002831, -0.042266, -0.834812, -0.548911, -1.2e-05, 0.0, 0.0, 0.0, 1.0],
                [0.999974, -0.006496, 0.002883, -0.125006, -0.005159, -0.942516, -0.334122, -0.002831, 0.004887, 0.334099, -0.942525, -1.2e-05, 0.0, 0.0, 0.0, 1.0],
                [0.999999, -4.4e-05, 1.6e-05, -0.125006, -4.3e-05, -0.999978, -0.006641, -0.002831, 1.6e-05, 0.006641, -0.999978, -1.2e-05, 0.0, 0.0, 0.0, 1.0]
            ]
        },
        {
            "name": "Leg_L",
            "time": [0.0, 0.15, 0.2667, 0.4167, 0.5333],
            "transform": [
                [0.999848, 0.005778, 0.016469, -0.0, -0.017453, 0.332688, 0.942876, 0.37472, -3.1e-05, -0.943019, 0.332738, -0.0, 0.0, 0.0, 0.0, 1.0],
                [0.999846, 0.017558, 0.00099, 0.0, -0.017453, 0.983774, 0.178562, 0.37472, 0.002162, -0.178552, 0.983929, -0.0, 0.0, 0.0, 0.0, 1.0],
                [0.99984, 0.001047, 0.017875, 0.0, -0.017453, 0.280028, 0.959834, 0.37472, -0.004001, -0.959991, 0.280001, -0.0, 0.0, 0.0, 0.0, 1.0],
                [0.999834, 0.012366, 0.013387, -0.0, -0.017452, 0.861202, 0.507963, 0.37472, -0.005248, -0.508112, 0.861275, -0.0, 0.0, 0.0, 0.0, 1.0],
                [0.999848, 0.005778, 0.016469, -0.0, -0.017453, 0.332688, 0.942876, 0.37472, -3.1e-05, -0.943019, 0.332738, -0.0, 0.0, 0.0, 0.0, 1.0]
            ]
        },
        {
            "name": "Knee_L",
            "time": [0.0, 0.15, 0.2667, 0.4167, 0.5333],
            "transform": [
                [1.0, 0.0, -0.0, 0.0, -0.0, 1e-06, -1.0, 0.449262, -0.0, 1.0, 1e-06, -0.0, 0.0, 0.0, 0.0, 1.0],
                [1.0, 0.0, -0.0, 0.0, -0.0, 1e-06, -1.0, 0.37472, -0.0, 1.0, 1e-06, -0.0, 0.0, 0.0, 0.0, 1.0],
                [1.0, 0.0, -0.0, 0.0, -0.0, 1e-06, -1.0, 0.454237, -0.0, 1.0, 1e-06, -0.0, 0.0, 0.0, 0.0, 1.0],
                [1.0, 0.0, -0.0, -0.0, -0.0, 1e-06, -1.0, 0.386534, -0.0, 1.0, 1e-06, -0.0, 0.0, 0.0, 0.0, 1.0],
                [1.0, 0.0, -0.0, 0.0, -0.0, 1e-06, -1.0, 0.449262, -0.0, 1.0, 1e-06, -0.0, 0.0, 0.0, 0.0, 1.0]
            ]
        },
        {
            "name": "Torso",
            "time": [0.0, 0.15, 0.2667, 0.4167, 0.5333],
            "transform": [
                [1.0, 0.0, 0.0, 0.0, 0.0, 0.866026, 0.5, 0.05, 0.0, -0.5, 0.866025, 0.0, 0.0, 0.0, 0.0, 1.0],
                [0.999928, -0.010401, -0.006005, -0.0, 0.01201, 0.865963, 0.499964, 0.05, -0.0, -0.5, 0.866025, -0.0, 0.0, 0.0, 0.0, 1.0],
                [1.0, 0.0, 0.0, 0.0, 0.0, 0.866026, 0.5, 0.05, 0.0, -0.5, 0.866025, 0.0, 0.0, 0.0, 0.0, 1.0],
                [0.999924, -0.010678, -0.006165, -0.0, 0.01233, 0.86596, 0.499962, 0.05, -0.0, -0.5, 0.866025, -0.0, 0.0, 0.0, 0.0, 1.0],
                [1.0, 0.0, 0.0, 0.0, 0.0, 0.866026, 0.5, 0.05, 0.0, -0.5, 0.866025, 0.0, 0.0, 0.0, 0.0, 1.0]
            ]
        },
        {
            "name": "Chest",
            "time": [0.0, 0.15, 0.2667, 0.4167, 0.5333],
            "transform": [
                [1.0, 0.0, 0.0, 0.0, 0.0, 1.0, 0.0, 0.3, 0.0, 0.0, 1.0, 0.0, 0.0, 0.0, 0.0, 1.0],
                [0.962582, 0.00048, 0.270991, 0.0, -0.000358, 1.0, -0.000502, 0.3, -0.270991, 0.000386, 0.962582, -0.0, 0.0, 0.0, 0.0, 1.0],
                [1.0, 0.0, 0.0, 0.0, 0.0, 1.0, 0.0, 0.3, 0.0, 0.0, 1.0, 0.0, 0.0, 0.0, 0.0, 1.0],
                [0.973804, -0.001429, -0.227383, 0.0, 0.001298, 0.999999, -0.000723, 0.3, 0.227384, 0.000409, 0.973805, -0.0, 0.0, 0.0, 0.0, 1.0],
                [1.0, 0.0, 0.0, 0.0, 0.0, 1.0, 0.0, 0.3, 0.0, 0.0, 1.0, 0.0, 0.0, 0.0, 0.0, 1.0]
            ]
        },
        {
            "name": "Head",
            "time": [0.0, 0.15, 0.2667, 0.4167, 0.5333],
            "transform": [
                [1.0, 0.0, -0.0, 0.0, -0.0, 0.866025, -0.5, 0.4, 0.0, 0.5, 0.866025, 0.0, 0.0, 0.0, 0.0, 1.0],
                [0.968812, -0.115548, -0.219209, 0.0, -0.01962, 0.846082, -0.532692, 0.4, 0.24702, 0.520379, 0.817427, 0.0, 0.0, 0.0, 0.0, 1.0],
                [1.0, -0.0, -0.0, 0.0, -0.0, 0.87504, -0.484051, 0.4, 0.0, 0.48405, 0.87504, 0.0, 0.0, 0.0, 0.0, 1.0],
                [0.966585, 0.152948, 0.205721, 0.0, -0.025102, 0.855124, -0.517815, 0.4, -0.255116, 0.495348, 0.830389, -0.0, 0.0, 0.0, 0.0, 1.0],
                [1.0, 0.0, -0.0, 0.0, -0.0, 0.866025, -0.5, 0.4, 0.0, 0.5, 0.866025, 0.0, 0.0, 0.0, 0.0, 1.0]
            ]
        },
        {
            "name": "Shoulder_R",
            "time": [0.0, 0.15, 0.2667, 0.4167, 0.5333],
            "transform": [
                [0.093479, 0.952114, 0.291102, 0.0, 0.291102, -0.305743, 0.906521, 0.4, 0.952114, -0.0, -0.305743, 0.0, 0.0, 0.0, 0.0, 1.0],
                [0.234542, 0.958648, 0.161193, 0.0, 0.242207, -0.218218, 0.945366, 0.4, 0.941449, -0.182686, -0.283373, 0.0, 0.0, 0.0, 0.0, 1.0],
                [0.093479, 0.952114, 0.291102, 0.0, 0.291102, -0.305743, 0.906521, 0.4, 0.952114, 0.0, -0.305743, 0.0, 0.0, 0.0, 0.0, 1.0],
                [-0.003293, 0.924604, 0.380916, 0.0, 0.320531, -0.359843, 0.876226, 0.4, 0.947232, 0.124981, -0.29518, -0.0, 0.0, 0.0, 0.0, 1.0],
                [0.093479, 0.952114, 0.291102, 0.0, 0.291102, -0.305743, 0.906521, 0.4, 0.952114, -0.0, -0.305743, 0.0, 0.0, 0.0, 0.0, 1.0]
            ]
        },
        {
            "name": "Arm_R",
            "time": [0.0, 0.15, 0.2667, 0.4167, 0.5333],
            "transform": [
                [0.048009, -0.323224, -0.945104, 0.0, 0.882272, 0.457323, -0.111586, 0.393861, 0.468285, -0.828482, 0.307127, 0.0, 0.0, 0.0, 0.0, 1.0],
                [0.202589, -0.521909, -0.828595, 0.0, 0.464779, 0.79601, -0.387747, 0.393861, 0.861939, -0.30656, 0.403835, 0.0, 0.0, 0.0, 0.0, 1.0],
                [0.187482, -0.275196, -0.94293, -0.0, 0.909539, 0.41114, 0.060851, 0.393861, 0.37093, -0.869041, 0.327383, 0.0, 0.0, 0.0, 0.0, 1.0],
                [-0.031961, 0.304406, -0.952006, -0.0, 0.896025, 0.430754, 0.107653, 0.39386, 0.442851, -0.849581, -0.286523, -0.0, 0.0, 0.0, 0.0, 1.0],
                [-0.033462, -0.342147, -0.93905, 0.0, 0.916541, 0.364163, -0.165344, 0.393861, 0.398539, -0.866211, 0.301406, 0.0, 0.0, 0.0, 0.0, 1.0]
            ]
        },
        {
            "name": "Hand_R",
            "time": [0.0, 0.15, 0.2667, 0.4167, 0.5333],
            "transform": [
                [1.0, 0.0, 0.0, 0.0, -0.0, 0.847388, -0.530975, 0.3, -0.0, 0.530975, 0.847388, 0.0, 0.0, 0.0, 0.0, 1.0],
                [1.0, 0.0, 0.0, -0.0, -0.0, 0.578049, -0.816002, 0.3, -0.0, 0.816002, 0.578049, 0.0, 0.0, 0.0, 0.0, 1.0],
                [1.0, 0.0, 0.0, 0.0, -0.0, 0.660163, -0.751122, 0.3, -0.0, 0.751123, 0.660163, -0.0, 0.0, 0.0, 0.0, 1.0],
                [1.0, 0.0, -0.0, 0.0, -0.0, 0.250377, -0.968148, 0.3, -0.0, 0.968149, 0.250377, -0.0, 0.0, 0.0, 0.0, 1.0],
                [1.0, 0.0, 0.0, -0.0, -0.0, 0.847388, -0.530975, 0.3, -0.0, 0.530975, 0.847388, -0.0, 0.0, 0.0, 0.0, 1.0]
            ]
        },
        {
            "name": "Tool_R",
            "time": [0.0, 0.15, 0.2667, 0.4167, 0.5333],
            "transform": [
                [1.0, 0.0, 0.0, -0.0, 0.0, -0.999836, 0.018122, 0.272858, 0.0, -0.018122, -0.999241, -0.0, 0.0, 0.0, 0.0, 1.0],
                [1.0, 0.000775, 0.000566, 0.0, 0.000902, -0.95995, -0.280172, 0.272858, 0.000327, 0.279995, -0.959382, -0.0, 0.0, 0.0, 0.0, 1.0],
                [1.0, -0.0, 0.0, 0.0, -0.0, -0.999836, 0.018122, 0.272858, 0.0, -0.018122, -0.999241, 0.0, 0.0, 0.0, 0.0, 1.0],
                [1.0, -0.0, 0.0, 0.0, -0.0, -0.999836, 0.018122, 0.272858, 0.0, -0.018122, -0.999241, 0.0, 0.0, 0.0, 0.0, 1.0],
                [1.0, 0.0, 0.0, -0.0, 0.0, -0.999836, 0.018122, 0.272858, 0.0, -0.018122, -0.999241, 0.0, 0.0, 0.0, 0.0, 1.0]
            ]
        },
        {
            "name": "Elbow_R",
            "time": [0.0, 0.15, 0.2667, 0.4167, 0.5333],
            "transform": [
                [-1.0, 0.0, 0.0, -0.0, 0.0, -0.0, -1.0, 0.362779, -0.0, -1.0, 0.0, 0.0, 0.0, 0.0, 0.0, 1.0],
                [-1.0, 0.0, 0.0, -0.0, -0.0, -0.0, -1.0, 0.399767, -0.0, -1.0, 0.0, 0.0, 0.0, 0.0, 0.0, 1.0],
                [-1.0, 0.0, 0.0, 0.0, 0.0, -0.0, -1.0, 0.389956, -0.0, -1.0, 0.0, -0.0, 0.0, 0.0, 0.0, 1.0],
                [-1.0, 0.0, -0.0, 0.0, 0.0, -0.0, -1.0, 0.433809, -0.0, -1.0, 0.0, -0.0, 0.0, 0.0, 0.0, 1.0],
                [-1.0, 0.0, -0.0, 0.0, 0.0, -0.0, -1.0, 0.362779, -0.0, -1.0, 0.0, -0.0, 0.0, 0.0, 0.0, 1.0]
            ]
        },
        {
            "name": "Shoulder_L",
            "time": [0.0, 0.15, 0.2667, 0.4167, 0.5333],
            "transform": [
                [0.093479, -0.952114, -0.291103, 0.0, -0.291103, -0.305743, 0.906521, 0.4, -0.952114, 0.0, -0.305743, 0.0, 0.0, 0.0, 0.0, 1.0],
                [-0.003348, -0.924574, -0.380987, 0.0, -0.320547, -0.359893, 0.8762, 0.4, -0.947227, 0.125058, -0.295165, 0.0, 0.0, 0.0, 0.0, 1.0],
                [0.093479, -0.952114, -0.291103, 0.0, -0.291103, -0.305743, 0.906521, 0.4, -0.952114, 0.0, -0.305743, 0.0, 0.0, 0.0, 0.0, 1.0],
                [0.234529, -0.958716, -0.160809, 0.0, -0.242212, -0.217836, 0.945453, 0.4, -0.941451, -0.182786, -0.283302, -0.0, 0.0, 0.0, 0.0, 1.0],
                [0.093479, -0.952114, -0.291103, 0.0, -0.291103, -0.305743, 0.906521, 0.4, -0.952114, 0.0, -0.305743, 0.0, 0.0, 0.0, 0.0, 1.0]
            ]
        },
        {
            "name": "Arm_L",
            "time": [0.0, 0.15, 0.2667, 0.4167, 0.5333],
            "transform": [
                [0.111278, 0.332866, 0.936385, -0.0, -0.824904, 0.5564, -0.09976, 0.39386, -0.554212, -0.761327, 0.336497, -0.0, 0.0, 0.0, 0.0, 1.0],
                [0.18025, -0.287087, 0.940793, 0.0, -0.841683, 0.449926, 0.298558, 0.39386, -0.508999, -0.845664, -0.160537, -0.0, 0.0, 0.0, 0.0, 1.0],
                [0.206373, 0.27064, 0.9403, -0.0, -0.898892, 0.432059, 0.072928, 0.39386, -0.386528, -0.860278, 0.332442, 0.0, 0.0, 0.0, 0.0, 1.0],
                [0.366817, 0.762955, 0.5323, -0.0, -0.407828, 0.646155, -0.645104, 0.39386, -0.836135, 0.019548, 0.548176, -0.0, 0.0, 0.0, 0.0, 1.0],
                [-0.032883, 0.378025, 0.925211, -0.0, -0.900337, 0.390725, -0.191643, 0.39386, -0.433949, -0.839304, 0.327502, -0.0, 0.0, 0.0, 0.0, 1.0]
            ]
        },
        {
            "name": "Hand_L",
            "time": [0.0, 0.15, 0.2667, 0.4167, 0.5333],
            "transform": [
                [1.0, 0.0, -0.0, 0.0, -0.0, 0.235251, -0.971935, 0.3, -0.0, 0.971935, 0.235251, 0.0, 0.0, 0.0, 0.0, 1.0],
                [1.0, 0.0, -0.0, -0.0, -0.0, 0.322114, -0.946701, 0.3, -0.0, 0.946701, 0.322114, -0.0, 0.0, 0.0, 0.0, 1.0],
                [1.0, 0.0, 0.0, -0.0, -0.0, 0.660163, -0.751123, 0.3, -0.0, 0.751123, 0.660163, 0.0, 0.0, 0.0, 0.0, 1.0],
                [1.0, 0.0, 0.0, -0.0, 0.0, 0.684322, -0.72918, 0.3, -0.0, 0.72918, 0.684322, 0.0, 0.0, 0.0, 0.0, 1.0],
                [1.0, 0.0, -0.0, -0.0, -0.0, 0.235251, -0.971935, 0.3, -0.0, 0.971935, 0.235251, 0.0, 0.0, 0.0, 0.0, 1.0]
            ]
        },
        {
            "name": "Tool_L",
            "time": [0.0, 0.15, 0.4167, 0.5333],
            "transform": [
                [0.999988, 0.004061, 0.002679, -0.0, 0.004775, -0.924543, -0.381048, 0.272858, 0.000929, 0.380821, -0.924007, -0.0, 0.0, 0.0, 0.0, 1.0],
                [1.0, 0.0, 0.0, 0.0, 0.0, -0.999836, 0.018122, 0.272858, 0.0, -0.018122, -0.999243, -0.0, 0.0, 0.0, 0.0, 1.0],
                [0.999978, 0.005282, 0.004115, -0.0, 0.006653, -0.853278, -0.521414, 0.272858, 0.000757, 0.521111, -0.852794, 0.0, 0.0, 0.0, 0.0, 1.0],
                [0.999988, 0.004061, 0.002679, -0.0, 0.004775, -0.924543, -0.381048, 0.272858, 0.000929, 0.380821, -0.924007, -0.0, 0.0, 0.0, 0.0, 1.0]
            ]
        },
        {
            "name": "Elbow_L",
            "time": [0.0, 0.15, 0.2667, 0.4167, 0.5333],
            "transform": [
                [-1.0, 0.0, -0.0, 0.0, 0.0, -0.0, -1.0, 0.43527, -0.0, -1.0, -0.0, -0.0, 0.0, 0.0, 0.0, 1.0],
                [-1.0, 0.0, -0.0, -0.0, 0.0, -0.0, -1.0, 0.426791, -0.0, -1.0, -0.0, -0.0, 0.0, 0.0, 0.0, 1.0],
                [-1.0, 0.0, -0.0, -0.0, 0.0, -0.0, -1.0, 0.389956, -0.0, -1.0, -0.0, 0.0, 0.0, 0.0, 0.0, 1.0],
                [-1.0, 0.0, -0.0, -0.0, 0.0, -0.0, -1.0, 0.386897, -0.0, -1.0, -0.0, 0.0, 0.0, 0.0, 0.0, 1.0],
                [-1.0, 0.0, -0.0, 0.0, 0.0, -0.0, -1.0, 0.43527, -0.0, -1.0, -0.0, 0.0, 0.0, 0.0, 0.0, 1.0]
            ]
        }
    ]
}