{
    "animation": [
        {
            "name": "Root",
            "time": [0.0, 0.1167, 0.2667, 0.3833, 0.5333],
            "transform": [
                [0.972917, 0.0, 0.231155, -5e-06, 0.197775, 0.517648, -0.832422, 0.000946, -0.119657, 0.855594, 0.503628, 0.854569, 0.0, 0.0, 0.0, 1.0],
                [0.987723, 0.051275, 0.147564, -5e-06, 0.100431, 0.515102, -0.851225, 0.000946, -0.119657, 0.855594, 0.503628, 0.546623, 0.0, 0.0, 0.0, 1.0],
                [0.972917, 0.0, 0.231155, -5e-06, 0.197775, 0.517648, -0.832422, 0.000946, -0.119657, 0.855594, 0.503628, 0.833207, 0.0, 0.0, 0.0, 1.0],
                [0.953519, -0.042268, 0.298354, -5e-06, 0.276557, 0.515919, -0.810767, 0.000946, -0.119657, 0.855594, 0.503628, 0.54243, 0.0, 0.0, 0.0, 1.0],
                [0.972917, 0.0, 0.231155, -5e-06, 0.197775, 0.517648, -0.832422, 0.000946, -0.119657, 0.855594, 0.503628, 0.790483, 0.0, 0.0, 0.0, 1.0]
            ]
        },
        {
            "name": "Thigh_R",
            "time": [0.0, 0.1167, 0.2667, 0.3833, 0.5333],
            "transform": [
                [0.969626, 0.166644, 0.179038, 0.124994, -0.015696, -0.688079, 0.725464, -0.002831, 0.244087, -0.706237, -0.664567, -1.2e-05, 0.0, 0.0, 0.0, 1.0],
                [0.963186, 0.006331, 0.268758, 0.124994, 0.078581, -0.96269, -0.258937, -0.002831, 0.257092, 0.270525, -0.92775, -1.2e-05, 0.0, 0.0, 0.0, 1.0],
                [0.941777, 0.256713, 0.217153, 0.124994, -0.02646, -0.587235, 0.808982, -0.002831, 0.335196, -0.767624, -0.546254, -1.2e-05, 0.0, 0.0, 0.0, 1.0],
                [0.953126, 0.302306, 0.012663, 0.124994, -0.04022, 0.085109, 0.99556, -0.002831, 0.299886, -0.949402, 0.093277, -1.2e-05, 0.0, 0.0, 0.0, 1.0],
                [0.969626, 0.166644, 0.179038, 0.124994, -0.015696, -0.688079, 0.725464, -0.00283, 0.244087, -0.706237, -0.664567, -1.2e-05, 0.0, 0.0, 0.0, 1.0]
            ]
        },
        {
            "name": "Leg_R",
            "time": [0.0, 0.1167, 0.2667, 0.3833, 0.5333],
            "transform": [
                [1.0, 0.0, 1e-06, -0.0, -0.0, 0.999988, 0.005244, 0.37472, -1e-06, -0.005245, 0.999985, 0.0, 0.0, 0.0, 0.0, 1.0],
                [1.0, 0.0, 1e-06, 0.0, -0.0, 0.999989, 0.00502, 0.37472, -1e-06, -0.005017, 0.999986, 0.0, 0.0, 0.0, 0.0, 1.0],
                [1.0, -0.0, 0.0, 0.0, -0.0, 0.131674, 0.991293, 0.37472, -1e-06, -0.991294, 0.131671, 0.0, 0.0, 0.0, 0.0, 1.0],
                [1.0, -0.0, 0.0, 0.0, -0.0, 0.07669, 0.997053, 0.37472, -1e-06, -0.997057, 0.076687, -0.0, 0.0, 0.0, 0.0, 1.0],
                [1.0, 0.0, 1e-06, 0.0, -0.0, 0.999988, 0.005244, 0.37472, -1e-06, -0.005245, 0.999984, -0.0, 0.0, 0.0, 0.0, 1.0]
            ]
        },
        {
            "name": "Knee_R",
            "time": [0.0, 0.1167, 0.2667, 0.3833, 0.5333],
            "transform": [
                [1.0, 0.0, -0.0, -0.0, -0.0, 1e-06, -1.0, 0.37472, -0.0, 1.0, 1e-06, -0.0, 0.0, 0.0, 0.0, 1.0],
                [1.0, 0.0, -0.0, 0.0, -0.0, 1e-06, -1.0, 0.37472, -0.0, 1.0, 0.0, 0.0, 0.0, 0.0, 0.0, 1.0],
                [1.0, 0.0, -0.0, 0.0, -0.0, 1e-06, -1.0, 0.467863, -0.0, 1.0, 1e-06, 0.0, 0.0, 0.0, 0.0, 1.0],
                [1.0, 0.0, -0.0, 0.0, -0.0, 1e-06, -1.0, 0.472827, -0.0, 1.0, 1e-06, -0.0, 0.0, 0.0, 0.0, 1.0],
                [1.0, 0.0, -0.0, 0.0, -0.0, 1e-06, -1.0, 0.37472, -0.0, 1.0, 1e-06, -0.0, 0.0, 0.0, 0.0, 1.0]
            ]
        },
        {
            "name": "Thigh_L",
            "time": [0.0, 0.1167, 0.2667, 0.3833, 0.5333],
            "transform": [
                [0.987655, 0.137437, 0.075151, -0.125006, 0.000983, -0.485185, 0.87441, -0.002831, 0.156639, -0.863542, -0.479332, -1.2e-05, 0.0, 0.0, 0.0, 1.0],
                [0.989539, 0.136787, -0.045827, -0.125006, 0.046768, -0.003661, 0.998898, -0.002831, 0.136468, -0.990594, -0.010022, -1.2e-05, 0.0, 0.0, 0.0, 1.0],
                [0.974079, 0.153084, 0.166535, -0.125006, -0.01011, -0.706009, 0.70813, -0.002831, 0.225979, -0.691459, -0.686162, -1.2e-05, 0.0, 0.0, 0.0, 1.0],
                [0.959186, -0.10711, 0.261702, -0.125006, -0.063023, -0.983183, -0.171399, -0.002831, 0.27566, 0.147913, -0.949806, -1.2e-05, 0.0, 0.0, 0.0, 1.0],
                [0.987655, 0.137437, 0.075151, -0.125006, 0.000983, -0.485185, 0.87441, -0.002831, 0.156639, -0.863542, -0.479332, -1.2e-05, 0.0, 0.0, 0.0, 1.0]
            ]
        },
        {
            "name": "Leg_L",
            "time": [0.0, 0.1167, 0.2667, 0.3833, 0.5333],
            "transform": [
                [1.0, -1e-06, 0.0, 0.0, -0.0, -0.067581, 0.997714, 0.37472, -1e-06, -0.997714, -0.067583, -0.0, 0.0, 0.0, 0.0, 1.0],
                [1.0, -0.0, 0.0, -0.0, -0.0, 0.258207, 0.966089, 0.37472, -1e-06, -0.966091, 0.258205, 0.0, 0.0, 0.0, 0.0, 1.0],
                [1.0, 0.0, 1e-06, -0.0, -0.0, 0.999989, 0.004835, 0.37472, -1e-06, -0.004836, 0.999987, -0.0, 0.0, 0.0, 0.0, 1.0],
                [1.0, 0.0, 1e-06, -0.0, -0.0, 0.996476, 0.083891, 0.37472, -1e-06, -0.083888, 0.996475, -0.0, 0.0, 0.0, 0.0, 1.0],
                [1.0, -1e-06, 0.0, -0.0, -0.0, -0.06758, 0.997714, 0.37472, -1e-06, -0.997714, -0.067582, 0.0, 0.0, 0.0, 0.0, 1.0]
            ]
        },
        {
            "name": "Knee_L",
            "time": [0.0, 0.1167, 0.2667, 0.3833, 0.5333],
            "transform": [
                [1.0, 0.0, -0.0, 0.0, -0.0, 1e-06, -1.0, 0.47972, -0.0, 1.0, 1e-06, -0.0, 0.0, 0.0, 0.0, 1.0],
                [1.0, 0.0, -0.0, 0.0, -0.0, 1e-06, -1.0, 0.45627, -0.0, 1.0, 1e-06, -0.0, 0.0, 0.0, 0.0, 1.0],
                [1.0, 0.0, -0.0, -0.0, -0.0, 1e-06, -1.0, 0.37472, -0.0, 1.0, 1e-06, -0.0, 0.0, 0.0, 0.0, 1.0],
                [1.0, 0.0, -0.0, -0.0, -0.0, 1e-06, -1.0, 0.37472, -0.0, 1.0, 1e-06, 0.0, 0.0, 0.0, 0.0, 1.0],
                [1.0, 0.0, -0.0, 0.0, -0.0, 1e-06, -1.0, 0.47972, -0.0, 1.0, 1e-06, -0.0, 0.0, 0.0, 0.0, 1.0]
            ]
        },
        {
            "name": "Torso",
            "time": [0.0, 0.5333],
            "transform": [
                [1.0, 0.0, -0.0, 0.0, 0.0, 1.0, 0.0, 0.05, 0.0, 0.0, 1.0, 0.0, 0.0, 0.0, 0.0, 1.0],
                [1.0, 0.0, -0.0, -0.0, 0.0, 1.0, 0.0, 0.05, 0.0, 0.0, 1.0, 0.0, 0.0, 0.0, 0.0, 1.0]
            ]
        },
        {
            "name": "Chest",
            "time": [0.0, 0.5333],
            "transform": [
                [0.998962, 0.045331, 0.004367, -0.0, -0.045331, 0.980582, 0.190795, 0.3, 0.004367, -0.190795, 0.98162, 0.0, 0.0, 0.0, 0.0, 1.0],
                [0.998962, 0.045331, 0.004367, -0.0, -0.045331, 0.980582, 0.190795, 0.3, 0.004367, -0.190795, 0.98162, 0.0, 0.0, 0.0, 0.0, 1.0]
            ]
        },
        {
            "name": "Head",
            "time": [0.0, 0.1167, 0.3833, 0.5333],
            "transform": [
                [0.973434, -0.15426, -0.169205, -0.0, 0.004839, 0.752684, -0.658364, 0.4, 0.228918, 0.640055, 0.733435, 0.0, 0.0, 0.0, 0.0, 1.0],
                [0.98529, -0.156585, -0.068453, -0.0, 0.074114, 0.752455, -0.65446, 0.4, 0.153986, 0.63976, 0.752991, 0.0, 0.0, 0.0, 0.0, 1.0],
                [0.954883, -0.152264, -0.25498, 0.0, -0.055136, 0.752751, -0.655992, 0.4, 0.291821, 0.640454, 0.710394, -0.0, 0.0, 0.0, 0.0, 1.0],
                [0.973434, -0.15426, -0.169205, 0.0, 0.004839, 0.752684, -0.658364, 0.4, 0.228918, 0.640055, 0.733435, -0.0, 0.0, 0.0, 0.0, 1.0]
            ]
        },
        {
            "name": "Shoulder_R",
            "time": [0.0, 0.5333],
            "transform": [
                [0.833224, 0.548088, -0.073048, -0.0, 0.387974, -0.48539, 0.7835, 0.4, 0.393971, -0.681172, -0.617083, 0.0, 0.0, 0.0, 0.0, 1.0],
                [0.833224, 0.548088, -0.073048, 0.0, 0.387974, -0.48539, 0.7835, 0.4, 0.393971, -0.681172, -0.617083, -0.0, 0.0, 0.0, 0.0, 1.0]
            ]
        },
        {
            "name": "Arm_R",
            "time": [0.0, 0.1167, 0.2667, 0.3833, 0.5333],
            "transform": [
                [0.387537, -0.920204, 0.055138, 0.073048, -0.917705, -0.390771, -0.071531, 0.221468, 0.087369, -0.02288, -0.995914, 0.027558, 0.0, 0.0, 0.0, 1.0],
                [0.387537, -0.920204, 0.055138, 0.027247, -0.917705, -0.390771, -0.071531, 0.319836, 0.087369, -0.02288, -0.995913, 0.007276, 0.0, 0.0, 0.0, 1.0],
                [0.387537, -0.920204, 0.055138, 0.073048, -0.917705, -0.390771, -0.071531, 0.221468, 0.087369, -0.02288, -0.995914, 0.027558, 0.0, 0.0, 0.0, 1.0],
                [0.387537, -0.920204, 0.055138, 0.027247, -0.917705, -0.390771, -0.071531, 0.319836, 0.087369, -0.02288, -0.995913, 0.007276, 0.0, 0.0, 0.0, 1.0],
                [0.387537, -0.920204, 0.055138, 0.073048, -0.917705, -0.390771, -0.071531, 0.221468, 0.087369, -0.02288, -0.995914, 0.027558, 0.0, 0.0, 0.0, 1.0]
            ]
        },
        {
            "name": "Hand_R",
            "time": [0.0, 0.5333],
            "transform": [
                [1.0, 0.0, 0.0, 0.0, -0.0, 0.993937, 0.109947, 0.3, -0.0, -0.109947, 0.993937, -0.0, 0.0, 0.0, 0.0, 1.0],
                [1.0, 0.0, 0.0, -0.0, -0.0, 0.993937, 0.109947, 0.3, -0.0, -0.109947, 0.993937, -0.0, 0.0, 0.0, 0.0, 1.0]
            ]
        },
        {
            "name": "Tool_R",
            "time": [0.0, 0.5333],
            "transform": [
                [0.048695, 0.984154, -0.170499, -0.042584, 0.998774, -0.049503, -0.000485, 0.288613, -0.008901, -0.170165, -0.984772, -0.019477, 0.0, 0.0, 0.0, 1.0],
                [0.048695, 0.984154, -0.170499, -0.042584, 0.998774, -0.049503, -0.000485, 0.288613, -0.008901, -0.170165, -0.984772, -0.019477, 0.0, 0.0, 0.0, 1.0]
            ]
        },
        {
            "name": "Elbow_R",
            "time": [0.0, 0.5333],
            "transform": [
                [-1.0, 0.0, -0.0, -0.0, 0.0, -0.0, -1.0, 0.3, -0.0, -1.0, 0.0, -0.0, 0.0, 0.0, 0.0, 1.0],
                [-1.0, 0.0, -0.0, -0.0, 0.0, -0.0, -1.0, 0.3, -0.0, -1.0, 0.0, 0.0, 0.0, 0.0, 0.0, 1.0]
            ]
        },
        {
            "name": "Shoulder_L",
            "time": [0.0, 0.5333],
            "transform": [
                [0.3552, -0.928755, -0.106055, -0.0, -0.703423, -0.34028, 0.624024, 0.4, -0.615654, -0.147051, -0.774175, 0.0, 0.0, 0.0, 0.0, 1.0],
                [0.3552, -0.928755, -0.106055, 0.0, -0.703423, -0.34028, 0.624024, 0.4, -0.615654, -0.147051, -0.774175, -0.0, 0.0, 0.0, 0.0, 1.0]
            ]
        },
        {
            "name": "Arm_L",
            "time": [0.0, 0.1167, 0.2667, 0.3833, 0.5333],
            "transform": [
                [0.268573, 0.155232, 0.950669, -0.108041, -0.924954, 0.317108, 0.209528, 0.371499, -0.26894, -0.935599, 0.22875, -0.003527, 0.0, 0.0, 0.0, 1.0],
                [0.268573, 0.155232, 0.950669, -0.0, -0.924954, 0.317108, 0.209528, 0.39386, -0.26894, -0.935599, 0.22875, 0.0, 0.0, 0.0, 0.0, 1.0],
                [0.268573, 0.155232, 0.950669, -0.108041, -0.924954, 0.317108, 0.209528, 0.371499, -0.26894, -0.935599, 0.22875, -0.003527, 0.0, 0.0, 0.0, 1.0],
                [0.268573, 0.155232, 0.950669, -0.0, -0.924954, 0.317108, 0.209528, 0.39386, -0.268939, -0.935599, 0.22875, 0.0, 0.0, 0.0, 0.0, 1.0],
                [0.268573, 0.155232, 0.950669, -0.108041, -0.924954, 0.317108, 0.209528, 0.371499, -0.26894, -0.935599, 0.22875, -0.003527, 0.0, 0.0, 0.0, 1.0]
            ]
        },
        {
            "name": "Hand_L",
            "time": [0.0, 0.5333],
            "transform": [
                [1.0, 0.0, -0.0, 0.0, -0.0, 0.089384, -0.995998, 0.3, -0.0, 0.995997, 0.089384, 0.0, 0.0, 0.0, 0.0, 1.0],
                [1.0, 0.0, -0.0, -0.0, -0.0, 0.089384, -0.995998, 0.3, -0.0, 0.995997, 0.089384, 0.0, 0.0, 0.0, 0.0, 1.0]
            ]
        },
        {
            "name": "Tool_L",
            "time": [0.0, 0.5333],
            "transform": [
                [0.989189, -0.081549, 0.121882, 0.019384, -0.036561, -0.942019, -0.333563, 0.177616, 0.141932, 0.325297, -0.934265, -0.04285, 0.0, 0.0, 0.0, 1.0],
                [0.989189, -0.081549, 0.121882, 0.019384, -0.036561, -0.942019, -0.333563, 0.177616, 0.141932, 0.325297, -0.934265, -0.04285, 0.0, 0.0, 0.0, 1.0]
            ]
        },
        {
            "name": "Elbow_L",
            "time": [0.0, 0.5333],
            "transform": [
                [-1.0, 0.0, -0.0, 0.0, 0.0, -0.0, -1.0, 0.4472, -0.0, -1.0, -0.0, 0.0, 0.0, 0.0, 0.0, 1.0],
                [-1.0, 0.0, -0.0, 0.0, 0.0, -0.0, -1.0, 0.4472, -0.0, -1.0, -0.0, -0.0, 0.0, 0.0, 0.0, 1.0]
            ]
        }
    ]
}