{
    "animation": [
        {
            "name": "Root",
            "time": [0.0, 0.0833, 0.15, 0.2667, 0.35, 0.4167, 0.5333],
            "transform": [
                [0.836083, -0.0, -0.548603, -5e-06, -0.484331, 0.469668, -0.73813, 0.000946, 0.257661, 0.882843, 0.392681, 0.602502, 0.0, 0.0, 0.0, 1.0],
                [0.901232, 0.001712, -0.433333, -5e-06, -0.375496, 0.502219, -0.77896, 0.000946, 0.216295, 0.864739, 0.453258, 0.758511, 0.0, 0.0, 0.0, 1.0],
                [0.93717, -0.0, -0.348872, -5e-06, -0.297065, 0.524355, -0.798, 0.000946, 0.182933, 0.851499, 0.49141, 0.678271, 0.0, 0.0, 0.0, 1.0],
                [0.866583, -0.0, -0.499033, -5e-06, -0.444395, 0.454962, -0.771702, 0.000946, 0.227041, 0.890511, 0.394262, 0.575305, 0.0, 0.0, 0.0, 1.0],
                [0.921567, 0.029271, -0.387115, -5e-06, -0.35027, 0.492684, -0.796601, 0.000946, 0.167408, 0.869716, 0.464294, 0.758157, 0.0, 0.0, 0.0, 1.0],
                [0.951181, 0.046278, -0.305143, -5e-06, -0.283784, 0.519811, -0.805768, 0.000946, 0.121328, 0.853027, 0.507568, 0.706822, 0.0, 0.0, 0.0, 1.0],
                [0.836083, -0.0, -0.548603, -5e-06, -0.484331, 0.469668, -0.73813, 0.000946, 0.257661, 0.882843, 0.392681, 0.602502, 0.0, 0.0, 0.0, 1.0]
            ]
        },
        {
            "name": "Thigh_R",
            "time": [0.0, 0.0833, 0.15, 0.2667, 0.35, 0.4167, 0.5333],
            "transform": [
                [0.835965, -0.524379, -0.161827, 0.143686, 0.006672, -0.28515, 0.95846, -0.00283, -0.548742, -0.802317, -0.234878, -0.012277, 0.0, 0.0, 0.0, 1.0],
                [0.904598, -0.256387, -0.34054, 0.132647, -0.041509, -0.848076, 0.528243, -0.002831, -0.42424, -0.46371, -0.777813, -0.005034, 0.0, 0.0, 0.0, 1.0],
                [0.942645, 0.058907, -0.328557, 0.124994, 0.018494, -0.992007, -0.1248, -0.002831, -0.333283, 0.111567, -0.936203, -1.2e-05, 0.0, 0.0, 0.0, 1.0],
                [0.860951, 0.24494, -0.445834, 0.140493, 0.009049, -0.883672, -0.468015, -0.002831, -0.508607, 0.398903, -0.763017, -0.008937, 0.0, 0.0, 0.0, 1.0],
                [0.921562, -0.343656, -0.180618, 0.13134, 0.042013, -0.374225, 0.926386, -0.002831, -0.38595, -0.861308, -0.330435, -0.003666, 0.0, 0.0, 0.0, 1.0],
                [0.959291, -0.216414, -0.181455, 0.124994, 0.031962, -0.55518, 0.831115, -0.002831, -0.280605, -0.803079, -0.525664, -1.2e-05, 0.0, 0.0, 0.0, 1.0],
                [0.835965, -0.524379, -0.161827, 0.143686, 0.006672, -0.28515, 0.95846, -0.00283, -0.548742, -0.802317, -0.234878, -0.012277, 0.0, 0.0, 0.0, 1.0]
            ]
        },
        {
            "name": "Leg_R",
            "time": [0.0, 0.0833, 0.15, 0.2667, 0.35, 0.4167, 0.5333],
            "transform": [
                [1.0, -0.0, 0.0, -0.0, 0.0, 0.847762, 0.530378, 0.37472, -1e-06, -0.530379, 0.84776, -0.0, 0.0, 0.0, 0.0, 1.0],
                [1.0, -1e-06, 1e-06, -0.0, 0.0, 0.826744, 0.562579, 0.37472, -1e-06, -0.56258, 0.826743, 0.0, 0.0, 0.0, 0.0, 1.0],
                [1.0, -0.0, 1e-06, -0.0, 0.0, 0.999989, 0.004883, 0.37472, -1e-06, -0.004883, 0.999987, 0.0, 0.0, 0.0, 0.0, 1.0],
                [1.0, 0.0, 1e-06, -0.0, -0.0, 0.953723, 0.300687, 0.37472, -1e-06, -0.300687, 0.953722, 0.0, 0.0, 0.0, 0.0, 1.0],
                [1.0, -0.0, 0.0, -0.0, 0.0, 0.874704, 0.484658, 0.37472, -1e-06, -0.484659, 0.874703, 0.0, 0.0, 0.0, 0.0, 1.0],
                [1.0, -0.0, 0.0, -0.0, -0.0, 0.999989, 0.004883, 0.37472, -0.0, -0.004883, 0.999987, 0.0, 0.0, 0.0, 0.0, 1.0],
                [1.0, -0.0, 0.0, -0.0, 0.0, 0.847762, 0.530378, 0.37472, -1e-06, -0.530379, 0.84776, -0.0, 0.0, 0.0, 0.0, 1.0]
            ]
        },
        {
            "name": "Knee_R",
            "time": [0.0, 0.0833, 0.15, 0.2667, 0.35, 0.4167, 0.5333],
            "transform": [
                [1.0, 0.0, -0.0, -0.0, -0.0, 1e-06, -1.0, 0.388873, -0.0, 1.0, 1e-06, -0.0, 0.0, 0.0, 0.0, 1.0],
                [1.0, 0.0, -0.0, -0.0, -0.0, 1e-06, -1.0, 0.392326, -0.0, 1.0, 1e-06, -0.0, 0.0, 0.0, 0.0, 1.0],
                [1.0, 0.0, -0.0, 0.0, -0.0, 1e-06, -1.0, 0.37472, -0.0, 1.0, 1e-06, -0.0, 0.0, 0.0, 0.0, 1.0],
                [1.0, 0.0, -0.0, -0.0, -0.0, 1e-06, -1.0, 0.37472, -0.0, 1.0, 1e-06, 0.0, 0.0, 0.0, 0.0, 1.0],
                [1.0, 0.0, -0.0, -0.0, -0.0, 1e-06, -1.0, 0.384108, -0.0, 1.0, 1e-06, 0.0, 0.0, 0.0, 0.0, 1.0],
                [1.0, 0.0, -0.0, -0.0, -0.0, 1e-06, -1.0, 0.37472, -0.0, 1.0, 1e-06, 0.0, 0.0, 0.0, 0.0, 1.0],
                [1.0, 0.0, -0.0, -0.0, -0.0, 1e-06, -1.0, 0.388873, -0.0, 1.0, 1e-06, -0.0, 0.0, 0.0, 0.0, 1.0]
            ]
        },
        {
            "name": "Thigh_L",
            "time": [0.0, 0.0833, 0.15, 0.2667, 0.35, 0.4167, 0.5333],
            "transform": [
                [0.83752, 0.239505, -0.491117, -0.142452, -0.007204, -0.893897, -0.448215, -0.002831, -0.546357, 0.378928, -0.746931, 0.011436, 0.0, 0.0, 0.0, 1.0],
                [0.90428, -0.3919, -0.169384, -0.132149, -0.0188, -0.43291, 0.901241, -0.002831, -0.426524, -0.81179, -0.39884, 0.004675, 0.0, 0.0, 0.0, 1.0],
                [0.932113, -0.357552, -0.05763, -0.125006, -0.011816, -0.189066, 0.981893, -0.002831, -0.361973, -0.914555, -0.180456, -1.2e-05, 0.0, 0.0, 0.0, 1.0],
                [0.86472, -0.502039, -0.014633, -0.142055, 0.000168, -0.028846, 0.999583, -0.002831, -0.502252, -0.864364, -0.02486, 0.009806, 0.0, 0.0, 0.0, 1.0],
                [0.923007, -0.282645, -0.261093, -0.131987, 0.017194, -0.647572, 0.76181, -0.002831, -0.384398, -0.707645, -0.592854, 0.004008, 0.0, 0.0, 0.0, 1.0],
                [0.952061, -0.068565, -0.298121, -0.125006, 0.030323, -0.948604, 0.315008, -0.002831, -0.304398, -0.308947, -0.901051, -1.2e-05, 0.0, 0.0, 0.0, 1.0],
                [0.83752, 0.239505, -0.491117, -0.142452, -0.007204, -0.893897, -0.448215, -0.002831, -0.546357, 0.378928, -0.746931, 0.011436, 0.0, 0.0, 0.0, 1.0]
            ]
        },
        {
            "name": "Leg_L",
            "time": [0.0, 0.0833, 0.15, 0.2667, 0.35, 0.4167, 0.5333],
            "transform": [
                [1.0, -0.0, 1e-06, -0.0, -0.0, 0.953323, 0.30195, 0.37472, -1e-06, -0.30195, 0.953324, 0.0, 0.0, 0.0, 0.0, 1.0],
                [1.0, -1e-06, 1e-06, -0.0, -1e-06, -0.074042, 0.997255, 0.37472, -1e-06, -0.997255, -0.074042, 0.0, 0.0, 0.0, 0.0, 1.0],
                [1.0, -0.0, 0.0, 0.0, 0.0, 0.91823, 0.396047, 0.37472, -1e-06, -0.396047, 0.918231, -0.0, 0.0, 0.0, 0.0, 1.0],
                [1.0, -1e-06, 0.0, -0.0, 0.0, 0.503316, 0.864103, 0.37472, -1e-06, -0.864102, 0.503316, 0.0, 0.0, 0.0, 0.0, 1.0],
                [1.0, -1e-06, 1e-06, -0.0, -0.0, 0.416939, 0.908935, 0.37472, -1e-06, -0.908934, 0.41694, 0.0, 0.0, 0.0, 0.0, 1.0],
                [1.0, -1e-06, 1e-06, -0.0, -0.0, 0.674568, 0.738213, 0.37472, -1e-06, -0.738212, 0.674569, -0.0, 0.0, 0.0, 0.0, 1.0],
                [1.0, -0.0, 1e-06, -0.0, -0.0, 0.953323, 0.30195, 0.37472, -1e-06, -0.30195, 0.953324, 0.0, 0.0, 0.0, 0.0, 1.0]
            ]
        },
        {
            "name": "Knee_L",
            "time": [0.0, 0.0833, 0.15, 0.2667, 0.35, 0.4167, 0.5333],
            "transform": [
                [1.0, 0.0, -0.0, 0.0, -0.0, 1e-06, -1.0, 0.37472, -0.0, 1.0, 1e-06, 0.0, 0.0, 0.0, 0.0, 1.0],
                [1.0, 0.0, -0.0, 0.0, -0.0, 1e-06, -1.0, 0.47972, -0.0, 1.0, 1e-06, -0.0, 0.0, 0.0, 0.0, 1.0],
                [1.0, 0.0, -0.0, 0.0, -0.0, 1e-06, -1.0, 0.375239, -0.0, 1.0, 1e-06, 0.0, 0.0, 0.0, 0.0, 1.0],
                [1.0, 0.0, -0.0, -0.0, -0.0, 1e-06, -1.0, 0.432361, -0.0, 1.0, 1e-06, 0.0, 0.0, 0.0, 0.0, 1.0],
                [1.0, 0.0, -0.0, 0.0, -0.0, 1e-06, -1.0, 0.441103, -0.0, 1.0, 1e-06, -0.0, 0.0, 0.0, 0.0, 1.0],
                [1.0, 0.0, -0.0, -0.0, -0.0, 1e-06, -1.0, 0.41324, -0.0, 1.0, 1e-06, -0.0, 0.0, 0.0, 0.0, 1.0],
                [1.0, 0.0, -0.0, 0.0, -0.0, 1e-06, -1.0, 0.37472, -0.0, 1.0, 1e-06, 0.0, 0.0, 0.0, 0.0, 1.0]
            ]
        },
        {
            "name": "Torso",
            "time": [0.0, 0.15, 0.2667, 0.4167, 0.5333],
            "transform": [
                [1.0, -0.0, -0.0, -0.0, 0.0, 1.0, 0.0, 0.05, -0.0, 0.0, 1.0, -0.0, 0.0, 0.0, 0.0, 1.0],
                [1.0, 0.0, -0.0, 0.0, 0.0, 1.0, 0.0, 0.05, -0.0, 0.0, 1.0, -0.0, 0.0, 0.0, 0.0, 1.0],
                [1.0, 0.0, 0.0, -0.0, 0.0, 1.0, 0.0, 0.05, 0.0, -0.0, 1.0, 0.0, 0.0, 0.0, 0.0, 1.0],
                [1.0, -0.0, 0.0, 0.0, 0.0, 1.0, 0.0, 0.05, 0.0, 0.0, 1.0, -0.0, 0.0, 0.0, 0.0, 1.0],
                [1.0, -0.0, -0.0, -0.0, 0.0, 1.0, 0.0, 0.05, -0.0, 0.0, 1.0, -0.0, 0.0, 0.0, 0.0, 1.0]
            ]
        },
        {
            "name": "Chest",
            "time": [0.0, 0.15, 0.2667, 0.4167, 0.5333],
            "transform": [
                [1.0, 0.0, -0.0, 0.0, 0.0, 1.0, 0.0, 0.3, 0.0, 0.0, 1.0, 0.0, 0.0, 0.0, 0.0, 1.0],
                [0.961919, -0.075774, 0.262623, -0.0, 0.017541, 0.975939, 0.217339, 0.3, -0.272772, -0.204455, 0.940103, -0.0, 0.0, 0.0, 0.0, 1.0],
                [1.0, 0.0, 0.0, 0.0, -0.0, 1.0, 0.0, 0.3, 0.0, 0.0, 1.0, -0.0, 0.0, 0.0, 0.0, 1.0],
                [0.997559, -0.06754, -0.017707, -0.0, 0.069781, 0.973156, 0.219314, 0.3, 0.002419, -0.220014, 0.975494, 0.0, 0.0, 0.0, 0.0, 1.0],
                [1.0, 0.0, -0.0, 0.0, 0.0, 1.0, 0.0, 0.3, 0.0, 0.0, 1.0, 0.0, 0.0, 0.0, 0.0, 1.0]
            ]
        },
        {
            "name": "Head",
            "time": [0.0, 0.15, 0.2667, 0.4167, 0.5333],
            "transform": [
                [0.830885, 0.259811, 0.492066, -0.0, 0.003401, 0.881916, -0.471394, 0.4, -0.556434, 0.393348, 0.731887, 0.0, 0.0, 0.0, 0.0, 1.0],
                [0.996155, 0.056198, 0.067205, -0.0, 0.000549, 0.763112, -0.646267, 0.4, -0.087604, 0.643819, 0.760147, -0.0, 0.0, 0.0, 0.0, 1.0],
                [0.864572, 0.230269, 0.446644, 0.0, -0.005441, 0.893067, -0.449891, 0.4, -0.502479, 0.386533, 0.773374, -0.0, 0.0, 0.0, 0.0, 1.0],
                [0.952158, 0.178255, 0.248235, -0.0, 0.040116, 0.732339, -0.679758, 0.4, -0.302962, 0.657195, 0.690151, -0.0, 0.0, 0.0, 0.0, 1.0],
                [0.830885, 0.259811, 0.492066, -0.0, 0.003401, 0.881916, -0.471394, 0.4, -0.556434, 0.393348, 0.731887, 0.0, 0.0, 0.0, 0.0, 1.0]
            ]
        },
        {
            "name": "Shoulder_R",
            "time": [0.0, 0.15, 0.2667, 0.4167, 0.5333],
            "transform": [
                [-0.056094, 0.906703, 0.418023, -0.0, 0.334238, -0.377472, 0.863597, 0.4, 0.940818, 0.188162, -0.281881, 0.0, 0.0, 0.0, 0.0, 1.0],
                [-0.123264, 0.848585, 0.514498, -0.0, 0.307136, -0.460374, 0.832901, 0.4, 0.943649, 0.260687, -0.203883, -0.0, 0.0, 0.0, 0.0, 1.0],
                [-0.056094, 0.906703, 0.418023, 0.0, 0.334238, -0.377472, 0.863597, 0.4, 0.940818, 0.188162, -0.281881, -0.0, 0.0, 0.0, 0.0, 1.0],
                [-0.133981, 0.801832, 0.582335, -0.0, 0.375591, -0.502705, 0.778601, 0.4, 0.91705, 0.323038, -0.233808, -0.0, 0.0, 0.0, 0.0, 1.0],
                [-0.056094, 0.906703, 0.418023, -0.0, 0.334238, -0.377472, 0.863597, 0.4, 0.940818, 0.188162, -0.281881, 0.0, 0.0, 0.0, 0.0, 1.0]
            ]
        },
        {
            "name": "Arm_R",
            "time": [0.0, 0.15, 0.2667, 0.4167, 0.5333],
            "transform": [
                [0.532979, 0.42861, -0.729539, -0.0, 0.370068, 0.657288, 0.656523, 0.39386, 0.76091, -0.619892, 0.191705, -0.0, 0.0, 0.0, 0.0, 1.0],
                [0.736532, 0.419509, -0.530597, 0.0, 0.236983, 0.574674, 0.783319, 0.393861, 0.63353, -0.702682, 0.323849, 0.0, 0.0, 0.0, 0.0, 1.0],
                [0.532979, 0.42861, -0.729539, 0.0, 0.370068, 0.657288, 0.656523, 0.393861, 0.76091, -0.619892, 0.191705, 0.0, 0.0, 0.0, 0.0, 1.0],
                [0.783989, 0.335384, -0.522378, -0.0, 0.434112, 0.305318, 0.847542, 0.39386, 0.443744, -0.891234, 0.093772, 0.0, 0.0, 0.0, 0.0, 1.0],
                [0.532979, 0.42861, -0.729539, -0.0, 0.370068, 0.657288, 0.656523, 0.39386, 0.76091, -0.619892, 0.191705, -0.0, 0.0, 0.0, 0.0, 1.0]
            ]
        },
        {
            "name": "Hand_R",
            "time": [0.0, 0.15, 0.2667, 0.4167, 0.5333],
            "transform": [
                [1.0, 0.0, 0.0, -0.0, -0.0, 0.905771, -0.423767, 0.3, -0.0, 0.423767, 0.905771, -0.0, 0.0, 0.0, 0.0, 1.0],
                [1.0, 0.0, 0.0, -0.0, -0.0, 0.848773, -0.528757, 0.3, -0.0, 0.528757, 0.848773, 0.0, 0.0, 0.0, 0.0, 1.0],
                [1.0, 0.0, 0.0, 0.0, -0.0, 0.905771, -0.423767, 0.3, -0.0, 0.423767, 0.905771, 0.0, 0.0, 0.0, 0.0, 1.0],
                [1.0, 0.0, 0.0, -0.0, -0.0, 0.748064, -0.663626, 0.3, -0.0, 0.663627, 0.748064, -0.0, 0.0, 0.0, 0.0, 1.0],
                [1.0, 0.0, 0.0, -0.0, -0.0, 0.905771, -0.423767, 0.3, -0.0, 0.423767, 0.905771, -0.0, 0.0, 0.0, 0.0, 1.0]
            ]
        },
        {
            "name": "Tool_R",
            "time": [0.0, 0.15, 0.2667, 0.4167, 0.5333],
            "transform": [
                [1.0, -0.0, 0.0, 0.0, -0.0, -0.999836, 0.018122, 0.272858, 0.0, -0.018122, -0.999241, 0.0, 0.0, 0.0, 0.0, 1.0],
                [1.0, 0.0, 0.0, 0.0, -0.0, -0.999836, 0.018122, 0.272858, 0.0, -0.018122, -0.999241, -0.0, 0.0, 0.0, 0.0, 1.0],
                [1.0, -0.0, 0.0, -0.0, -0.0, -0.999836, 0.018122, 0.272858, 0.0, -0.018122, -0.999241, 0.0, 0.0, 0.0, 0.0, 1.0],
                [1.0, 0.0, 0.0, 0.0, -0.0, -0.999836, 0.018122, 0.272858, 0.0, -0.018122, -0.999241, 0.0, 0.0, 0.0, 0.0, 1.0],
                [1.0, -0.0, 0.0, 0.0, -0.0, -0.999836, 0.018122, 0.272858, 0.0, -0.018122, -0.999241, 0.0, 0.0, 0.0, 0.0, 1.0]
            ]
        },
        {
            "name": "Elbow_R",
            "time": [0.0, 0.15, 0.2667, 0.4167, 0.5333],
            "transform": [
                [-1.0, 0.0, -0.0, -0.0, 0.0, -0.0, -1.0, 0.351332, -0.0, -1.0, 0.0, -0.0, 0.0, 0.0, 0.0, 1.0],
                [-1.0, 0.0, -0.0, 0.0, 0.0, -0.0, -1.0, 0.362534, -0.0, -1.0, 0.0, 0.0, 0.0, 0.0, 0.0, 1.0],
                [-1.0, 0.0, 0.0, 0.0, -0.0, -0.0, -1.0, 0.351332, -0.0, -1.0, 0.0, 0.0, 0.0, 0.0, 0.0, 1.0],
                [-1.0, 0.0, -0.0, 0.0, 0.0, -0.0, -1.0, 0.378326, -0.0, -1.0, 0.0, -0.0, 0.0, 0.0, 0.0, 1.0],
                [-1.0, 0.0, -0.0, -0.0, 0.0, -0.0, -1.0, 0.351332, -0.0, -1.0, 0.0, -0.0, 0.0, 0.0, 0.0, 1.0]
            ]
        },
        {
            "name": "Shoulder_L",
            "time": [0.0, 0.15, 0.2667, 0.4167, 0.5333],
            "transform": [
                [0.093479, -0.952114, -0.291103, -0.0, -0.291103, -0.305743, 0.906521, 0.4, -0.952114, -0.0, -0.305743, 0.0, 0.0, 0.0, 0.0, 1.0],
                [0.01116, -0.903359, -0.428739, -0.0, -0.27581, -0.414914, 0.867049, 0.4, -0.961147, 0.108574, -0.253787, -0.0, 0.0, 0.0, 0.0, 1.0],
                [0.093479, -0.952114, -0.291103, 0.0, -0.291103, -0.305743, 0.906521, 0.4, -0.952114, 0.0, -0.305743, -0.0, 0.0, 0.0, 0.0, 1.0],
                [0.208697, -0.975917, -0.063496, -0.0, -0.362543, -0.137502, 0.921768, 0.4, -0.9083, -0.16935, -0.382508, -0.0, 0.0, 0.0, 0.0, 1.0],
                [0.093479, -0.952114, -0.291103, -0.0, -0.291103, -0.305743, 0.906521, 0.4, -0.952114, -0.0, -0.305743, 0.0, 0.0, 0.0, 0.0, 1.0]
            ]
        },
        {
            "name": "Arm_L",
            "time": [0.0, 0.15, 0.2667, 0.4167, 0.5333],
            "transform": [
                [0.111278, 0.332866, 0.936385, -0.0, -0.824904, 0.5564, -0.09976, 0.39386, -0.554212, -0.761327, 0.336497, 0.0, 0.0, 0.0, 0.0, 1.0],
                [0.18025, -0.287087, 0.940793, 0.0, -0.841683, 0.449926, 0.298558, 0.39386, -0.508999, -0.845664, -0.160537, -0.0, 0.0, 0.0, 0.0, 1.0],
                [0.361248, 0.075592, 0.929401, 0.0, -0.751519, 0.613645, 0.242197, 0.39386, -0.552014, -0.785956, 0.278487, -0.0, 0.0, 0.0, 0.0, 1.0],
                [0.366817, 0.762955, 0.5323, 0.0, -0.407828, 0.646155, -0.645104, 0.39386, -0.836135, 0.019548, 0.548176, -0.0, 0.0, 0.0, 0.0, 1.0],
                [0.111278, 0.332866, 0.936385, -0.0, -0.824904, 0.5564, -0.09976, 0.39386, -0.554212, -0.761327, 0.336497, 0.0, 0.0, 0.0, 0.0, 1.0]
            ]
        },
        {
            "name": "Hand_L",
            "time": [0.0, 0.15, 0.2667, 0.4167, 0.5333],
            "transform": [
                [1.0, 0.0, 0.0, 0.0, -0.0, 0.235251, -0.971935, 0.3, 0.0, 0.971935, 0.235251, -0.0, 0.0, 0.0, 0.0, 1.0],
                [1.0, 0.0, -0.0, -0.0, -0.0, 0.322114, -0.946701, 0.3, -0.0, 0.946701, 0.322114, -0.0, 0.0, 0.0, 0.0, 1.0],
                [1.0, 0.0, 0.0, 0.0, 0.0, 0.660162, -0.751123, 0.3, -0.0, 0.751123, 0.660162, -0.0, 0.0, 0.0, 0.0, 1.0],
                [1.0, 0.0, -0.0, 0.0, -0.0, 0.684322, -0.72918, 0.3, 0.0, 0.72918, 0.684322, 0.0, 0.0, 0.0, 0.0, 1.0],
                [1.0, 0.0, 0.0, 0.0, -0.0, 0.235251, -0.971935, 0.3, 0.0, 0.971935, 0.235251, -0.0, 0.0, 0.0, 0.0, 1.0]
            ]
        },
        {
            "name": "Tool_L",
            "time": [0.0, 0.5333],
            "transform": [
                [1.0, 0.0, 0.0, -0.0, -0.0, -0.999836, 0.018122, 0.272858, 0.0, -0.018122, -0.999243, -0.0, 0.0, 0.0, 0.0, 1.0],
                [1.0, 0.0, 0.0, -0.0, -0.0, -0.999836, 0.018122, 0.272858, 0.0, -0.018122, -0.999243, -0.0, 0.0, 0.0, 0.0, 1.0]
            ]
        },
        {
            "name": "Elbow_L",
            "time": [0.0, 0.15, 0.2667, 0.4167, 0.5333],
            "transform": [
                [-1.0, 0.0, -0.0, 0.0, 0.0, 0.0, -1.0, 0.43527, -0.0, -1.0, -0.0, 0.0, 0.0, 0.0, 0.0, 1.0],
                [-1.0, 0.0, -0.0, -0.0, 0.0, -0.0, -1.0, 0.426791, -0.0, -1.0, -0.0, -0.0, 0.0, 0.0, 0.0, 1.0],
                [-1.0, 0.0, -0.0, 0.0, 0.0, -0.0, -1.0, 0.389956, -0.0, -1.0, -0.0, -0.0, 0.0, 0.0, 0.0, 1.0],
                [-1.0, 0.0, -0.0, -0.0, 0.0, -0.0, -1.0, 0.386897, -0.0, -1.0, -0.0, 0.0, 0.0, 0.0, 0.0, 1.0],
                [-1.0, 0.0, -0.0, 0.0, 0.0, 0.0, -1.0, 0.43527, -0.0, -1.0, -0.0, 0.0, 0.0, 0.0, 0.0, 1.0]
            ]
        }
    ]
}