{
    "animation": [
        {
            "name": "Root",
            "time": [0.0, 0.1333, 0.2333, 0.3667, 0.4667],
            "transform": [
                [0.89632, 0.0, -0.443408, -5e-06, -0.443408, 0.0, -0.89632, 0.000946, 0.0, 1.0, 0.0, 0.851156, 0.0, 0.0, 0.0, 1.0],
                [0.89632, 0.0, -0.443408, -5e-06, -0.443408, 0.0, -0.89632, 0.000946, 0.0, 1.0, 0.0, 0.699446, 0.0, 0.0, 0.0, 1.0],
                [0.89632, 0.0, -0.443408, -5e-06, -0.443408, 0.0, -0.89632, 0.000946, 0.0, 1.0, 0.0, 0.851156, 0.0, 0.0, 0.0, 1.0],
                [0.89632, 0.0, -0.443408, -5e-06, -0.443408, 0.0, -0.89632, 0.000946, 0.0, 1.0, 0.0, 0.699446, 0.0, 0.0, 0.0, 1.0],
                [0.89632, 0.0, -0.443408, -5e-06, -0.443408, 0.0, -0.89632, 0.000946, 0.0, 1.0, 0.0, 0.851156, 0.0, 0.0, 0.0, 1.0]
            ]
        },
        {
            "name": "Thigh_R",
            "time": [0.0, 0.1333, 0.2333, 0.3667, 0.4667],
            "transform": [
                [0.89831, -0.219681, -0.380499, 0.124994, 0.0, -0.866025, 0.5, -0.002831, -0.439362, -0.449155, -0.777959, -1.2e-05, 0.0, 0.0, 0.0, 1.0],
                [0.894625, -0.256284, -0.366011, 0.124994, 0.0, -0.819152, 0.573577, -0.002831, -0.446818, -0.513136, -0.732834, -1.2e-05, 0.0, 0.0, 0.0, 1.0],
                [0.895391, 0.026236, -0.444507, 0.124994, 0.0, -0.998263, -0.05892, -0.002831, -0.44528, 0.052757, -0.893835, -1.2e-05, 0.0, 0.0, 0.0, 1.0],
                [0.896334, 0.18738, -0.401838, 0.124994, 0.0, -0.906308, -0.422618, -0.002831, -0.443379, 0.378807, -0.812355, -1.2e-05, 0.0, 0.0, 0.0, 1.0],
                [0.89831, -0.219681, -0.380499, 0.124994, 0.0, -0.866025, 0.5, -0.002831, -0.439362, -0.449155, -0.777959, -1.2e-05, 0.0, 0.0, 0.0, 1.0]
            ]
        },
        {
            "name": "Leg_R",
            "time": [0.0, 0.1333, 0.2333, 0.3667, 0.4667],
            "transform": [
                [1.0, 0.0, 1e-06, -0.0, -1e-06, 0.461749, 0.887011, 0.37472, -0.0, -0.887011, 0.461749, 0.0, 0.0, 0.0, 0.0, 1.0],
                [1.0, 0.0, 1e-06, 0.0, -1e-06, 0.819152, 0.573577, 0.37472, -1e-06, -0.573577, 0.819152, -0.0, 0.0, 0.0, 0.0, 1.0],
                [1.0, 0.0, 1e-06, 0.0, -0.0, 0.953717, 0.300706, 0.37472, -1e-06, -0.300706, 0.953717, -0.0, 0.0, 0.0, 0.0, 1.0],
                [1.0, 0.0, 1e-06, 0.0, -1e-06, 0.766044, 0.642788, 0.37472, -1e-06, -0.642788, 0.766044, 0.0, 0.0, 0.0, 0.0, 1.0],
                [1.0, 0.0, 1e-06, -0.0, -1e-06, 0.461749, 0.887011, 0.37472, -0.0, -0.887011, 0.461749, 0.0, 0.0, 0.0, 0.0, 1.0]
            ]
        },
        {
            "name": "Knee_R",
            "time": [0.0, 0.1333, 0.2333, 0.3667, 0.4667],
            "transform": [
                [1.0, 0.0, -0.0, -0.000179, -0.0, 1e-06, -1.0, 0.436391, -0.0, 1.0, 1e-06, -0.000613, 0.0, 0.0, 0.0, 1.0],
                [1.0, 0.0, -0.0, -0.000322, -0.0, 1e-06, -1.0, 0.39431, -0.0, 1.0, 1e-06, 0.000335, 0.0, 0.0, 0.0, 1.0],
                [1.0, 0.0, -0.0, 0.0, -0.0, 1e-06, -1.0, 0.37472, -0.0, 1.0, 1e-06, -0.0, 0.0, 0.0, 0.0, 1.0],
                [1.0, 0.0, -0.0, 0.0, -0.0, 1e-06, -1.0, 0.399872, -0.0, 1.0, 1e-06, 0.001742, 0.0, 0.0, 0.0, 1.0],
                [1.0, 0.0, -0.0, -0.000174, -0.0, 1e-06, -1.0, 0.436654, -0.0, 1.0, 1e-06, -0.001868, 0.0, 0.0, 0.0, 1.0]
            ]
        },
        {
            "name": "Thigh_L",
            "time": [0.0, 0.1333, 0.2333, 0.3667, 0.4667],
            "transform": [
                [0.898504, 0.02557, -0.43822, -0.125006, 0.0, -0.998302, -0.058251, -0.002831, -0.438965, 0.052339, -0.896978, -1.2e-05, 0.0, 0.0, 0.0, 1.0],
                [0.897365, 0.186496, -0.399943, -0.125006, 0.0, -0.906308, -0.422618, -0.002831, -0.441289, 0.379243, -0.813289, -1.2e-05, 0.0, 0.0, 0.0, 1.0],
                [0.89786, -0.22014, -0.381294, -0.125006, 0.0, -0.866025, 0.5, -0.002831, -0.44028, -0.44893, -0.77757, -1.2e-05, 0.0, 0.0, 0.0, 1.0],
                [0.906618, -0.242022, -0.345643, -0.125006, 0.0, -0.819152, 0.573577, -0.002831, -0.421952, -0.520015, -0.742658, -1.2e-05, 0.0, 0.0, 0.0, 1.0],
                [0.898504, 0.02557, -0.43822, -0.125006, 0.0, -0.998302, -0.058251, -0.002831, -0.438965, 0.052339, -0.896978, -1.2e-05, 0.0, 0.0, 0.0, 1.0]
            ]
        },
        {
            "name": "Leg_L",
            "time": [0.0, 0.1333, 0.2333, 0.3667, 0.4667],
            "transform": [
                [1.0, 0.0, 1e-06, -0.0, -0.0, 0.953717, 0.300706, 0.37472, -1e-06, -0.300706, 0.953717, -0.0, 0.0, 0.0, 0.0, 1.0],
                [1.0, 0.0, 1e-06, 0.0, -1e-06, 0.766044, 0.642788, 0.37472, -1e-06, -0.642788, 0.766044, -0.0, 0.0, 0.0, 0.0, 1.0],
                [1.0, 0.0, 1e-06, -0.0, -1e-06, 0.461748, 0.887011, 0.37472, -0.0, -0.887011, 0.461748, -0.0, 0.0, 0.0, 0.0, 1.0],
                [1.0, 0.0, 1e-06, 0.0, -1e-06, 0.819152, 0.573577, 0.37472, -1e-06, -0.573577, 0.819152, 0.0, 0.0, 0.0, 0.0, 1.0],
                [1.0, 0.0, 1e-06, -0.0, -0.0, 0.953717, 0.300706, 0.37472, -1e-06, -0.300706, 0.953717, -0.0, 0.0, 0.0, 0.0, 1.0]
            ]
        },
        {
            "name": "Knee_L",
            "time": [0.0, 0.1333, 0.2333, 0.3667, 0.4667],
            "transform": [
                [1.0, 0.0, -0.0, -0.0, -0.0, 1e-06, -1.0, 0.37472, -0.0, 1.0, 1e-06, -0.0, 0.0, 0.0, 0.0, 1.0],
                [1.0, 0.0, -0.0, 2.5e-05, -0.0, 1e-06, -1.0, 0.399689, -0.0, 1.0, 1e-06, -7e-06, 0.0, 0.0, 0.0, 1.0],
                [1.0, 0.0, -0.0, -0.0001, -0.0, 1e-06, -1.0, 0.433466, -0.0, 1.0, 1e-06, -0.000823, 0.0, 0.0, 0.0, 1.0],
                [1.0, 0.0, -0.0, -0.000258, -0.0, 1e-06, -1.0, 0.391327, -0.0, 1.0, 1e-06, 0.001626, 0.0, 0.0, 0.0, 1.0],
                [1.0, 0.0, -0.0, -0.0, -0.0, 1e-06, -1.0, 0.37472, -0.0, 1.0, 1e-06, -0.0, 0.0, 0.0, 0.0, 1.0]
            ]
        },
        {
            "name": "Torso",
            "time": [0.0, 0.1333, 0.2333, 0.3667, 0.4667],
            "transform": [
                [1.0, 0.0, -0.0, 0.0, 0.0, 0.996195, 0.087156, 0.05, 0.0, -0.087156, 0.996195, 0.0, 0.0, 0.0, 0.0, 1.0],
                [0.989425, -0.012642, 0.144495, 0.0, -0.0, 0.996195, 0.087156, 0.05, -0.145047, -0.086234, 0.98566, 0.0, 0.0, 0.0, 0.0, 1.0],
                [1.0, 0.0, -0.0, 0.0, 0.0, 0.996195, 0.087156, 0.05, 0.0, -0.087156, 0.996195, 0.0, 0.0, 0.0, 0.0, 1.0],
                [0.989061, 0.012856, -0.146944, 0.0, 0.0, 0.996195, 0.087156, 0.05, 0.147505, -0.086202, 0.985298, 0.0, 0.0, 0.0, 0.0, 1.0],
                [1.0, 0.0, -0.0, 0.0, 0.0, 0.996195, 0.087156, 0.05, 0.0, -0.087156, 0.996195, 0.0, 0.0, 0.0, 0.0, 1.0]
            ]
        },
        {
            "name": "Chest",
            "time": [0.0, 0.1333, 0.2333, 0.3667, 0.4667],
            "transform": [
                [1.0, 0.0, -0.0, 0.0, 0.0, 0.999278, 0.038001, 0.3, -0.0, -0.038001, 0.999278, 0.0, 0.0, 0.0, 0.0, 1.0],
                [1.0, 0.0, -0.0, 0.0, -0.0, 0.996195, 0.087156, 0.3, -0.0, -0.087156, 0.996195, 0.0, 0.0, 0.0, 0.0, 1.0],
                [1.0, 0.0, -0.0, 0.0, 0.0, 0.999278, 0.038001, 0.3, -0.0, -0.038001, 0.999278, 0.0, 0.0, 0.0, 0.0, 1.0],
                [1.0, 0.0, -0.0, 0.0, 0.0, 0.996195, 0.087156, 0.3, 0.0, -0.087156, 0.996195, 0.0, 0.0, 0.0, 0.0, 1.0],
                [1.0, 0.0, -0.0, 0.0, 0.0, 0.999278, 0.038001, 0.3, -0.0, -0.038001, 0.999278, 0.0, 0.0, 0.0, 0.0, 1.0]
            ]
        },
        {
            "name": "Head",
            "time": [0.0, 0.1333, 0.2333, 0.3667, 0.4667],
            "transform": [
                [0.901427, -0.013179, 0.43273, 0.0, 0.054094, 0.995132, -0.082379, 0.4, -0.429538, 0.097667, 0.897752, 0.0, 0.0, 0.0, 0.0, 1.0],
                [0.949811, -0.017954, 0.312309, 0.0, 0.054321, 0.992651, -0.108139, 0.4, -0.308072, 0.119676, 0.943806, -0.0, 0.0, 0.0, 0.0, 1.0],
                [0.89967, -0.013289, 0.436368, 0.0, 0.054549, 0.995125, -0.082159, 0.4, -0.433149, 0.09772, 0.896009, 0.0, 0.0, 0.0, 0.0, 1.0],
                [0.82141, -0.032734, 0.569397, 0.0, 0.099038, 0.991371, -0.085879, 0.4, -0.561673, 0.126934, 0.817564, 0.0, 0.0, 0.0, 0.0, 1.0],
                [0.901427, -0.013179, 0.43273, 0.0, 0.054094, 0.995132, -0.082379, 0.4, -0.429538, 0.097667, 0.897752, 0.0, 0.0, 0.0, 0.0, 1.0]
            ]
        },
        {
            "name": "Shoulder_R",
            "time": [0.0, 0.4667],
            "transform": [
                [0.0, 0.952114, 0.305743, 0.0, 0.0, -0.305743, 0.952114, 0.4, 1.0, 0.0, -0.0, 0.0, 0.0, 0.0, 0.0, 1.0],
                [0.0, 0.952114, 0.305743, 0.0, 0.0, -0.305743, 0.952114, 0.4, 1.0, 0.0, -0.0, 0.0, 0.0, 0.0, 0.0, 1.0]
            ]
        },
        {
            "name": "Arm_R",
            "time": [0.0, 0.1333, 0.2333, 0.3667, 0.4667],
            "transform": [
                [-0.020168, 0.384675, -0.922831, 0.0, 0.744298, 0.622057, 0.243034, 0.393861, 0.667543, -0.68196, -0.298859, 0.0, 0.0, 0.0, 0.0, 1.0],
                [0.066664, 0.618793, -0.782721, 0.0, 0.739001, 0.496456, 0.455421, 0.39386, 0.670397, -0.608792, -0.424193, 0.0, 0.0, 0.0, 0.0, 1.0],
                [-0.020168, 0.384675, -0.922831, 0.0, 0.744298, 0.622057, 0.243034, 0.393861, 0.667543, -0.68196, -0.298859, 0.0, 0.0, 0.0, 0.0, 1.0],
                [-0.229676, 0.446906, -0.864594, 0.0, 0.662298, 0.722707, 0.197628, 0.39386, 0.713169, -0.527228, -0.461973, 0.0, 0.0, 0.0, 0.0, 1.0],
                [-0.020168, 0.384675, -0.922831, 0.0, 0.744298, 0.622057, 0.243034, 0.393861, 0.667543, -0.68196, -0.298859, 0.0, 0.0, 0.0, 0.0, 1.0]
            ]
        },
        {
            "name": "Hand_R",
            "time": [0.0, 0.1333, 0.2333, 0.3667, 0.4667],
            "transform": [
                [1.0, 0.0, 0.0, 0.0, -0.0, 0.9716, -0.23663, 0.3, -0.0, 0.23663, 0.9716, 0.0, 0.0, 0.0, 0.0, 1.0],
                [0.999997, -0.000361, 0.002513, -0.0, 0.001602, 0.857518, -0.514451, 0.3, -0.00197, 0.514453, 0.857516, -0.0, 0.0, 0.0, 0.0, 1.0],
                [1.0, 0.0, 0.0, 0.0, -0.0, 0.9716, -0.23663, 0.3, -0.0, 0.23663, 0.9716, 0.0, 0.0, 0.0, 0.0, 1.0],
                [0.999997, -0.000361, 0.002398, -0.0, 0.001518, 0.864451, -0.502715, 0.3, -0.001892, 0.502717, 0.864449, 0.0, 0.0, 0.0, 0.0, 1.0],
                [1.0, 0.0, 0.0, 0.0, -0.0, 0.9716, -0.23663, 0.3, -0.0, 0.23663, 0.9716, 0.0, 0.0, 0.0, 0.0, 1.0]
            ]
        },
        {
            "name": "Tool_R",
            "time": [0.0, 0.4667],
            "transform": [
                [1.0, 0.0, 0.0, 0.0, 0.0, -0.999836, 0.018122, 0.272858, 0.0, -0.018122, -0.999244, 0.0, 0.0, 0.0, 0.0, 1.0],
                [1.0, 0.0, 0.0, 0.0, 0.0, -0.999836, 0.018122, 0.272858, 0.0, -0.018122, -0.999244, 0.0, 0.0, 0.0, 0.0, 1.0]
            ]
        },
        {
            "name": "Elbow_R",
            "time": [0.0, 0.1333, 0.2333, 0.3667, 0.4667],
            "transform": [
                [-1.0, 0.0, 0.0, 0.0, 0.0, -0.0, -1.0, 0.3, -0.0, -1.0, 0.0, 0.0, 0.0, 0.0, 0.0, 1.0],
                [-1.0, 0.0, -0.0, 0.000989, 0.0, -0.0, -1.0, 0.362407, -0.0, -1.0, 0.0, -0.002027, 0.0, 0.0, 0.0, 1.0],
                [-1.0, 0.0, 0.0, 0.0, 0.0, -0.0, -1.0, 0.3, -0.0, -1.0, 0.0, 0.0, 0.0, 0.0, 0.0, 1.0],
                [-1.0, 0.0, -0.0, 0.000989, -0.0, -0.0, -1.0, 0.362407, -0.0, -1.0, 0.0, -0.002027, 0.0, 0.0, 0.0, 1.0],
                [-1.0, 0.0, 0.0, 0.0, 0.0, -0.0, -1.0, 0.3, -0.0, -1.0, 0.0, 0.0, 0.0, 0.0, 0.0, 1.0]
            ]
        },
        {
            "name": "Shoulder_L",
            "time": [0.0, 0.1333, 0.2333, 0.3667, 0.4667],
            "transform": [
                [0.0, -0.952114, -0.305743, 0.0, 0.0, -0.305743, 0.952114, 0.4, -1.0, -0.0, 0.0, 0.0, 0.0, 0.0, 0.0, 1.0],
                [-0.165933, -0.929556, -0.32923, 0.0, -0.002445, -0.333469, 0.942758, 0.4, -0.986134, 0.157239, 0.053061, -0.0, 0.0, 0.0, 0.0, 1.0],
                [0.0, -0.952114, -0.305743, 0.0, 0.0, -0.305743, 0.952114, 0.4, -1.0, -0.0, 0.0, 0.0, 0.0, 0.0, 0.0, 1.0],
                [0.156043, -0.948498, -0.275684, 0.0, -0.00216, -0.27943, 0.960164, 0.4, -0.987748, -0.149232, -0.045652, 0.0, 0.0, 0.0, 0.0, 1.0],
                [0.0, -0.952114, -0.305743, 0.0, 0.0, -0.305743, 0.952114, 0.4, -1.0, -0.0, 0.0, 0.0, 0.0, 0.0, 0.0, 1.0]
            ]
        },
        {
            "name": "Arm_L",
            "time": [0.0, 0.1333, 0.2333, 0.3667, 0.4667],
            "transform": [
                [0.099479, -0.385443, 0.917354, 0.0, -0.903512, 0.351238, 0.245557, 0.39386, -0.416858, -0.853267, -0.313311, -0.0, 0.0, 0.0, 0.0, 1.0],
                [-0.003195, -0.784756, 0.619797, -0.0, -0.919531, 0.245891, 0.306595, 0.39386, -0.393005, -0.568943, -0.722393, 0.0, 0.0, 0.0, 0.0, 1.0],
                [0.099479, -0.385443, 0.917354, 0.0, -0.903512, 0.351238, 0.245557, 0.39386, -0.416858, -0.853267, -0.313311, -0.0, 0.0, 0.0, 0.0, 1.0],
                [0.421923, -0.205395, 0.883059, 0.0, -0.8003, 0.373309, 0.469211, 0.39386, -0.426028, -0.904683, -0.00687, -0.0, 0.0, 0.0, 0.0, 1.0],
                [0.099479, -0.385443, 0.917354, 0.0, -0.903512, 0.351238, 0.245557, 0.39386, -0.416858, -0.853267, -0.313311, -0.0, 0.0, 0.0, 0.0, 1.0]
            ]
        },
        {
            "name": "Hand_L",
            "time": [0.0, 0.1333, 0.2333, 0.3667, 0.4667],
            "transform": [
                [0.999999, -0.000414, 0.001124, -0.0, 0.000555, 0.991703, -0.128553, 0.3, -0.001061, 0.128553, 0.991702, 0.0, 0.0, 0.0, 0.0, 1.0],
                [0.999999, -0.000507, 0.001663, 0.0, 0.00087, 0.974067, -0.226259, 0.3, -0.001505, 0.22626, 0.974066, 0.0, 0.0, 0.0, 0.0, 1.0],
                [0.999999, 0.001224, 0.001179, 0.0, 0.00016, 0.623052, -0.782181, 0.3, -0.001691, 0.78218, 0.623051, -0.0, 0.0, 0.0, 0.0, 1.0],
                [0.999997, 0.002472, 0.000471, 0.0, -2e-06, 0.188119, -0.982147, 0.3, -0.002517, 0.982143, 0.188118, -0.0, 0.0, 0.0, 0.0, 1.0],
                [0.999999, -0.000414, 0.001124, -0.0, 0.000555, 0.991703, -0.128553, 0.3, -0.001061, 0.128553, 0.991702, 0.0, 0.0, 0.0, 0.0, 1.0]
            ]
        },
        {
            "name": "Tool_L",
            "time": [0.0, 0.4667],
            "transform": [
                [1.0, 0.0, 0.0, 0.0, 0.0, -0.999836, 0.018122, 0.272858, 0.0, -0.018122, -0.999248, -0.0, 0.0, 0.0, 0.0, 1.0],
                [1.0, 0.0, 0.0, 0.0, 0.0, -0.999836, 0.018122, 0.272858, 0.0, -0.018122, -0.999248, -0.0, 0.0, 0.0, 0.0, 1.0]
            ]
        },
        {
            "name": "Elbow_L",
            "time": [0.0, 0.1333, 0.2333, 0.3667, 0.4667],
            "transform": [
                [-1.0, 0.0, 0.0, -0.0, 0.0, -0.0, -1.0, 0.3, -0.0, -1.0, 0.0, 0.0, 0.0, 0.0, 0.0, 1.0],
                [-1.0, 0.0, -0.0, 0.0, 0.0, -0.0, -1.0, 0.3, -0.0, -1.0, -0.0, 0.0, 0.0, 0.0, 0.0, 1.0],
                [-1.0, 0.0, -0.0, 4.4e-05, 0.0, -0.0, -1.0, 0.393784, -0.0, -1.0, -0.0, -9.6e-05, 0.0, 0.0, 0.0, 1.0],
                [-1.0, 0.0, 0.0, 1.4e-05, 0.0, -0.0, -1.0, 0.422465, -0.0, -1.0, -0.0, -3.3e-05, 0.0, 0.0, 0.0, 1.0],
                [-1.0, 0.0, 0.0, -0.0, 0.0, -0.0, -1.0, 0.3, -0.0, -1.0, 0.0, 0.0, 0.0, 0.0, 0.0, 1.0]
            ]
        }
    ]
}