{
    "animation": [
        {
            "name": "Root",
            "time": [0.0, 0.0833, 0.15, 0.2667, 0.35, 0.4167, 0.5333],
            "transform": [
                [0.274314, 0.012881, -0.961554, -5e-06, -0.826229, 0.514772, -0.228813, -0.000227, 0.492034, 0.85723, 0.151852, 0.572175, 0.0, 0.0, 0.0, 1.0],
                [0.274314, 0.012881, -0.961554, -5e-06, -0.878249, 0.410646, -0.245048, -0.000227, 0.391702, 0.911704, 0.123958, 0.701434, 0.0, 0.0, 0.0, 1.0],
                [0.274314, 0.012881, -0.961554, -5e-06, -0.893156, 0.374001, -0.249791, -0.000227, 0.356405, 0.927339, 0.114098, 0.663093, 0.0, 0.0, 0.0, 1.0],
                [0.274314, 0.012881, -0.961554, -5e-06, -0.838856, 0.4921, -0.232719, -0.000227, 0.470183, 0.870443, 0.145795, 0.593451, 0.0, 0.0, 0.0, 1.0],
                [0.274314, 0.012881, -0.961554, -5e-06, -0.859722, 0.451279, -0.239218, -0.000227, 0.430848, 0.89229, 0.134866, 0.683301, 0.0, 0.0, 0.0, 1.0],
                [0.274314, 0.012881, -0.961554, -5e-06, -0.878528, 0.409996, -0.245136, -0.000227, 0.391076, 0.911996, 0.123784, 0.562774, 0.0, 0.0, 0.0, 1.0],
                [0.274314, 0.012881, -0.961554, -5e-06, -0.826229, 0.514772, -0.228813, -0.000227, 0.492034, 0.85723, 0.151852, 0.572175, 0.0, 0.0, 0.0, 1.0]
            ]
        },
        {
            "name": "Thigh_R",
            "time": [0.0, 0.0833, 0.15, 0.2667, 0.35, 0.4167, 0.5333],
            "transform": [
                [0.722627, -0.690772, 0.025352, 0.143686, -0.313009, -0.294303, 0.903, -0.002831, -0.616307, -0.660466, -0.428892, -0.012277, 0.0, 0.0, 0.0, 1.0],
                [0.901675, -0.273726, -0.334746, 0.132647, -0.14795, -0.922704, 0.355983, -0.002831, -0.406314, -0.271453, -0.87248, -0.005034, 0.0, 0.0, 0.0, 1.0],
                [0.869241, 0.117012, -0.48034, 0.124994, 0.249579, -0.942553, 0.222037, -0.002831, -0.426766, -0.312884, -0.848513, -1.2e-05, 0.0, 0.0, 0.0, 1.0],
                [0.466958, 0.341023, -0.815876, 0.140493, 0.456167, -0.883298, -0.108125, -0.002831, -0.757537, -0.321684, -0.568028, -0.008937, 0.0, 0.0, 0.0, 1.0],
                [0.665621, -0.657485, 0.353073, 0.13134, -0.574289, -0.149135, 0.804952, -0.002831, -0.476589, -0.738558, -0.476857, -0.003666, 0.0, 0.0, 0.0, 1.0],
                [0.82463, -0.564267, 0.039829, 0.124994, -0.267892, -0.327549, 0.90606, -0.00283, -0.498214, -0.757832, -0.421273, -1.2e-05, 0.0, 0.0, 0.0, 1.0],
                [0.722627, -0.690772, 0.025352, 0.143686, -0.313009, -0.294303, 0.903, -0.002831, -0.616307, -0.660466, -0.428892, -0.012277, 0.0, 0.0, 0.0, 1.0]
            ]
        },
        {
            "name": "Leg_R",
            "time": [0.0, 0.0833, 0.15, 0.2667, 0.35, 0.4167, 0.5333],
            "transform": [
                [1.0, 0.0, 0.0, -0.0, 0.0, 0.717856, 0.696193, 0.37472, -1e-06, -0.696193, 0.717853, -0.0, 0.0, 0.0, 0.0, 1.0],
                [1.0, 1e-06, 1e-06, 0.0, 0.0, 0.963354, 0.268237, 0.37472, -1e-06, -0.268236, 0.963352, 0.0, 0.0, 0.0, 0.0, 1.0],
                [1.0, 0.0, 1e-06, 0.0, 0.0, 0.865305, 0.50125, 0.37472, -1e-06, -0.501248, 0.865301, 0.0, 0.0, 0.0, 0.0, 1.0],
                [1.0, -1e-06, 1e-06, 0.0, -0.0, 0.366963, 0.930236, 0.37472, -1e-06, -0.930236, 0.366962, -0.0, 0.0, 0.0, 0.0, 1.0],
                [1.0, -0.0, 1e-06, 0.0, -0.0, 0.421934, 0.906627, 0.37472, -1e-06, -0.906627, 0.421931, -0.0, 0.0, 0.0, 0.0, 1.0],
                [1.0, 0.0, 1e-06, -0.0, -0.0, 0.613653, 0.789577, 0.37472, -1e-06, -0.789577, 0.61365, 0.0, 0.0, 0.0, 0.0, 1.0],
                [1.0, 0.0, 0.0, -0.0, 0.0, 0.717856, 0.696193, 0.37472, -1e-06, -0.696193, 0.717853, -0.0, 0.0, 0.0, 0.0, 1.0]
            ]
        },
        {
            "name": "Knee_R",
            "time": [0.0, 0.0833, 0.15, 0.2667, 0.35, 0.4167, 0.5333],
            "transform": [
                [1.0, 0.0, -0.0, -0.0, -0.0, 1e-06, -1.0, 0.407822, -0.0, 1.0, 1e-06, -0.0, 0.0, 0.0, 0.0, 1.0],
                [1.0, 0.0, -0.0, 0.0, -0.0, 1e-06, -1.0, 0.37472, -0.0, 1.0, 1e-06, -0.0, 0.0, 0.0, 0.0, 1.0],
                [1.0, 0.0, -0.0, -0.0, -0.0, 1e-06, -1.0, 0.38582, 0.0, 1.0, 1e-06, -0.0, 0.0, 0.0, 0.0, 1.0],
                [1.0, 0.0, -0.0, 0.0, -0.0, 1e-06, -1.0, 0.445982, -0.0, 1.0, 1e-06, -0.0, 0.0, 0.0, 0.0, 1.0],
                [1.0, 0.0, -0.0, 0.0, -0.0, 1e-06, -1.0, 0.440609, -0.0, 1.0, 1e-06, -0.0, 0.0, 0.0, 0.0, 1.0],
                [1.0, 0.0, -0.0, 0.0, -0.0, 1e-06, -1.0, 0.420397, 0.0, 1.0, 1e-06, -0.0, 0.0, 0.0, 0.0, 1.0],
                [1.0, 0.0, -0.0, -0.0, -0.0, 1e-06, -1.0, 0.407822, -0.0, 1.0, 1e-06, -0.0, 0.0, 0.0, 0.0, 1.0]
            ]
        },
        {
            "name": "Thigh_L",
            "time": [0.0, 0.0833, 0.15, 0.2667, 0.35, 0.4167, 0.5333],
            "transform": [
                [0.229488, 0.53898, -0.810454, -0.148442, -0.041694, -0.826468, -0.561436, -0.003112, -0.972417, 0.162636, -0.167191, 0.032432, 0.0, 0.0, 0.0, 1.0],
                [0.270755, -0.896929, -0.349586, -0.132149, -0.012219, -0.366324, 0.930406, -0.002831, -0.962569, -0.24764, -0.110147, 0.004675, 0.0, 0.0, 0.0, 1.0],
                [0.268811, -0.954872, -0.126329, -0.125006, -0.000695, -0.13135, 0.991335, -0.002831, -0.963192, -0.266395, -0.035974, -1.2e-05, 0.0, 0.0, 0.0, 1.0],
                [0.278421, -0.959225, 0.048661, -0.142055, 0.021092, 0.056757, 0.998164, -0.002831, -0.960227, -0.276884, 0.036032, 0.009806, 0.0, 0.0, 0.0, 1.0],
                [0.272904, -0.208155, -0.939252, -0.131987, -0.006491, -0.976688, 0.214563, -0.002831, -0.962018, -0.052456, -0.267895, 0.004008, 0.0, 0.0, 0.0, 1.0],
                [0.281608, 0.278963, -0.918083, -0.125006, -0.000323, -0.956777, -0.290821, -0.002831, -0.959529, 0.082196, -0.269346, -1.2e-05, 0.0, 0.0, 0.0, 1.0],
                [0.229488, 0.53898, -0.810454, -0.148442, -0.041694, -0.826468, -0.561436, -0.003112, -0.972417, 0.162636, -0.167191, 0.032432, 0.0, 0.0, 0.0, 1.0]
            ]
        },
        {
            "name": "Leg_L",
            "time": [0.0, 0.0833, 0.15, 0.2667, 0.35, 0.4167, 0.5333],
            "transform": [
                [1.0, 0.0, 1e-06, -0.0, 0.0, 0.877376, 0.479803, 0.37472, -0.0, -0.479802, 0.877377, 0.0, 0.0, 0.0, 0.0, 1.0],
                [1.0, -0.0, 0.0, 0.0, -0.0, -0.367671, 0.929956, 0.37472, -1e-06, -0.929956, -0.367672, 0.0, 0.0, 0.0, 0.0, 1.0],
                [1.0, -0.0, 0.0, 0.0, -0.0, 0.55965, 0.828729, 0.37472, -1e-06, -0.828729, 0.559651, 0.0, 0.0, 0.0, 0.0, 1.0],
                [1.0, -0.0, 0.0, 0.0, -0.0, 0.298708, 0.954345, 0.37472, -1e-06, -0.954343, 0.29871, 0.0, 0.0, 0.0, 0.0, 1.0],
                [1.0, 0.0, 1e-06, 0.0, 0.0, 0.868876, 0.495028, 0.37472, -1e-06, -0.495029, 0.868876, 0.0, 0.0, 0.0, 0.0, 1.0],
                [1.0, 1e-06, 1e-06, -0.0, 0.0, 0.976576, 0.215171, 0.37472, -0.0, -0.215172, 0.976577, 0.0, 0.0, 0.0, 0.0, 1.0],
                [1.0, 0.0, 1e-06, -0.0, 0.0, 0.877376, 0.479803, 0.37472, -0.0, -0.479802, 0.877377, 0.0, 0.0, 0.0, 0.0, 1.0]
            ]
        },
        {
            "name": "Knee_L",
            "time": [0.0, 0.0833, 0.15, 0.2667, 0.35, 0.4167, 0.5333],
            "transform": [
                [1.0, 0.0, -0.0, -0.0, -0.0, 1e-06, -1.0, 0.38361, -0.0, 1.0, 1e-06, 0.0, 0.0, 0.0, 0.0, 1.0],
                [1.0, 0.0, -0.0, 0.0, -0.0, 1e-06, -1.0, 0.47972, -0.0, 1.0, 1e-06, -0.0, 0.0, 0.0, 0.0, 1.0],
                [1.0, 0.0, -0.0, 0.0, -0.0, 1e-06, -1.0, 0.426387, -0.0, 1.0, 1e-06, 0.0, 0.0, 0.0, 0.0, 1.0],
                [1.0, 0.0, -0.0, 0.0, -0.0, 1e-06, -1.0, 0.452483, -0.0, 1.0, 1e-06, -0.0, 0.0, 0.0, 0.0, 1.0],
                [1.0, 0.0, -0.0, -0.0, -0.0, 1e-06, -1.0, 0.385176, -0.0, 1.0, 1e-06, -0.0, 0.0, 0.0, 0.0, 1.0],
                [1.0, 0.0, -0.0, 0.0, -0.0, 1e-06, -1.0, 0.37472, -0.0, 1.0, 1e-06, 0.0, 0.0, 0.0, 0.0, 1.0],
                [1.0, 0.0, -0.0, -0.0, -0.0, 1e-06, -1.0, 0.38361, -0.0, 1.0, 1e-06, 0.0, 0.0, 0.0, 0.0, 1.0]
            ]
        },
        {
            "name": "Torso",
            "time": [0.0, 0.5333],
            "transform": [
                [1.0, -0.0, -0.0, 0.0, 0.0, 1.0, 0.0, 0.05, 0.0, 0.0, 1.0, -0.0, 0.0, 0.0, 0.0, 1.0],
                [1.0, -0.0, -0.0, 0.0, 0.0, 1.0, 0.0, 0.05, 0.0, 0.0, 1.0, -0.0, 0.0, 0.0, 0.0, 1.0]
            ]
        },
        {
            "name": "Chest",
            "time": [0.0, 0.15, 0.2667, 0.35, 0.5333],
            "transform": [
                [1.0, -0.0, -0.0, 0.0, 0.0, 1.0, 0.0, 0.3, 0.0, -0.0, 1.0, -0.0, 0.0, 0.0, 0.0, 1.0],
                [0.998893, 0.04704, 0.000314, 0.0, -0.047032, 0.998803, -0.013433, 0.3, -0.000946, 0.013404, 0.99991, 0.0, 0.0, 0.0, 0.0, 1.0],
                [1.0, -0.0, -0.0, -0.0, 0.0, 1.0, 0.0, 0.3, 0.0, 0.0, 1.0, 0.0, 0.0, 0.0, 0.0, 1.0],
                [0.998893, 0.04704, 0.000314, 0.0, -0.047032, 0.998803, -0.013433, 0.3, -0.000946, 0.013404, 0.99991, 0.0, 0.0, 0.0, 0.0, 1.0],
                [1.0, -0.0, -0.0, 0.0, 0.0, 1.0, 0.0, 0.3, 0.0, -0.0, 1.0, -0.0, 0.0, 0.0, 0.0, 1.0]
            ]
        },
        {
            "name": "Head",
            "time": [0.0, 0.0833, 0.15, 0.2667, 0.35, 0.4167, 0.5333],
            "transform": [
                [0.273585, 0.488043, 0.828834, -0.0, 0.014648, 0.859496, -0.510933, 0.4, -0.961736, 0.151924, 0.227997, -0.0, 0.0, 0.0, 0.0, 1.0],
                [0.273355, 0.367168, 0.889081, 0.0, 0.014525, 0.922603, -0.385477, 0.4, -0.961804, 0.118286, 0.246865, -0.0, 0.0, 0.0, 0.0, 1.0],
                [0.27326, 0.312213, 0.909864, 0.0, 0.014462, 0.944423, -0.328415, 0.4, -0.961832, 0.102901, 0.253558, 0.0, 0.0, 0.0, 0.0, 1.0],
                [0.273539, 0.465328, 0.841811, -0.0, 0.014627, 0.873076, -0.487364, 0.4, -0.96175, 0.145626, 0.232014, 0.0, 0.0, 0.0, 0.0, 1.0],
                [0.27339, 0.3866, 0.880794, -0.0, 0.014547, 0.913912, -0.405651, 0.4, -0.961793, 0.123713, 0.24423, -0.0, 0.0, 0.0, 0.0, 1.0],
                [0.273325, 0.350322, 0.895861, -0.0, 0.014506, 0.929718, -0.367987, 0.4, -0.961812, 0.113576, 0.249033, -0.0, 0.0, 0.0, 0.0, 1.0],
                [0.273585, 0.488043, 0.828834, -0.0, 0.014648, 0.859496, -0.510933, 0.4, -0.961736, 0.151924, 0.227997, -0.0, 0.0, 0.0, 0.0, 1.0]
            ]
        },
        {
            "name": "Shoulder_R",
            "time": [0.0, 0.5333],
            "transform": [
                [-0.000619, 0.953711, 0.300722, -0.0, 0.050941, -0.300302, 0.952483, 0.4, 0.998701, 0.015908, -0.048397, -0.0, 0.0, 0.0, 0.0, 1.0],
                [-0.000619, 0.953711, 0.300722, -0.0, 0.050941, -0.300302, 0.952483, 0.4, 0.998701, 0.015908, -0.048397, -0.0, 0.0, 0.0, 0.0, 1.0]
            ]
        },
        {
            "name": "Arm_R",
            "time": [0.0, 0.1167, 0.2667, 0.35, 0.5333],
            "transform": [
                [-0.044499, -0.968077, -0.246671, 0.027396, 0.953853, 0.032225, -0.298541, 0.416278, 0.29696, -0.248572, 0.921969, -0.000438, 0.0, 0.0, 0.0, 1.0],
                [-0.051203, -0.978056, -0.201952, 0.068919, 0.953555, 0.012225, -0.300972, 0.419418, 0.296836, -0.207983, 0.932004, -0.048687, 0.0, 0.0, 0.0, 1.0],
                [-0.044499, -0.968077, -0.246671, 0.032345, 0.953853, 0.032225, -0.298541, 0.417766, 0.29696, -0.248572, 0.921969, -0.030333, 0.0, 0.0, 0.0, 1.0],
                [-0.047053, -0.975826, -0.213424, 0.061901, 0.953789, 0.019587, -0.299837, 0.42247, 0.296769, -0.217669, 0.929811, -0.036288, 0.0, 0.0, 0.0, 1.0],
                [-0.044803, -0.968575, -0.244653, 0.029247, 0.953842, 0.03132, -0.298671, 0.417724, 0.296948, -0.246742, 0.922464, -0.001501, 0.0, 0.0, 0.0, 1.0]
            ]
        },
        {
            "name": "Hand_R",
            "time": [0.0, 0.5333],
            "transform": [
                [1.0, 0.0, 0.0, -0.0, -0.0, 0.137741, -0.990468, 0.3, -0.0, 0.990468, 0.137741, 0.0, 0.0, 0.0, 0.0, 1.0],
                [1.0, 0.0, 0.0, -0.0, -0.0, 0.13774, -0.990468, 0.3, -0.0, 0.990469, 0.137741, 0.0, 0.0, 0.0, 0.0, 1.0]
            ]
        },
        {
            "name": "Tool_R",
            "time": [0.0, 0.5333],
            "transform": [
                [0.999988, 0.004863, 0.000219, 0.010061, 0.004734, -0.981855, 0.189574, 0.220343, 0.001136, -0.189469, -0.98128, -0.020904, 0.0, 0.0, 0.0, 1.0],
                [0.999988, 0.004863, 0.000219, 0.010061, 0.004734, -0.981855, 0.189574, 0.220343, 0.001136, -0.189469, -0.98128, -0.020904, 0.0, 0.0, 0.0, 1.0]
            ]
        },
        {
            "name": "Elbow_R",
            "time": [0.0, 0.5333],
            "transform": [
                [-1.0, 0.0, 0.0, 0.0, -0.0, -0.0, -1.0, 0.444575, -0.0, -1.0, 0.0, 0.0, 0.0, 0.0, 0.0, 1.0],
                [-1.0, 0.0, 0.0, -0.0, 0.0, 0.0, -1.0, 0.444575, -0.0, -1.0, -0.0, 0.0, 0.0, 0.0, 0.0, 1.0]
            ]
        },
        {
            "name": "Shoulder_L",
            "time": [0.0, 0.5333],
            "transform": [
                [0.18674, -0.941995, -0.278878, -0.0, -0.051668, -0.292895, 0.954747, 0.4, -0.98105, -0.163881, -0.103366, -0.0, 0.0, 0.0, 0.0, 1.0],
                [0.18674, -0.941995, -0.278878, -0.0, -0.051668, -0.292895, 0.954747, 0.4, -0.98105, -0.163881, -0.103366, -0.0, 0.0, 0.0, 0.0, 1.0]
            ]
        },
        {
            "name": "Arm_L",
            "time": [0.0, 0.1167, 0.2667, 0.35, 0.5333],
            "transform": [
                [-0.212883, 0.813706, -0.540892, 0.172493, 0.108606, -0.530444, -0.840734, 0.162324, -0.971023, -0.237722, 0.02455, 0.051169, 0.0, 0.0, 0.0, 1.0],
                [-0.183893, 0.820358, -0.541476, 0.168819, 0.070437, -0.538457, -0.839705, 0.151718, -0.980419, -0.192555, 0.041235, 0.007976, 0.0, 0.0, 0.0, 1.0],
                [-0.253283, 0.793088, -0.553948, 0.171744, 0.094764, -0.549526, -0.830085, 0.192296, -0.96274, -0.262741, 0.06403, 0.027594, 0.0, 0.0, 0.0, 1.0],
                [-0.218579, 0.800172, -0.558524, 0.164606, 0.126057, -0.544414, -0.82929, 0.145001, -0.967643, -0.251671, 0.01813, 0.025817, 0.0, 0.0, 0.0, 1.0],
                [-0.212883, 0.813706, -0.540892, 0.172493, 0.108606, -0.530444, -0.840734, 0.162324, -0.971023, -0.237722, 0.02455, 0.051169, 0.0, 0.0, 0.0, 1.0]
            ]
        },
        {
            "name": "Hand_L",
            "time": [0.0, 0.5333],
            "transform": [
                [1.0, -0.0, 0.0, 0.0, -0.0, 0.858144, -0.51341, 0.3, 0.0, 0.51341, 0.858144, 0.0, 0.0, 0.0, 0.0, 1.0],
                [1.0, -0.0, 0.0, 0.0, -0.0, 0.858144, -0.51341, 0.3, 0.0, 0.51341, 0.858144, 0.0, 0.0, 0.0, 0.0, 1.0]
            ]
        },
        {
            "name": "Tool_L",
            "time": [0.0, 0.5333],
            "transform": [
                [1.0, 0.0, 0.0, -0.0, 0.0, -0.999836, 0.018122, 0.272858, 0.0, -0.018122, -0.999243, 0.0, 0.0, 0.0, 0.0, 1.0],
                [1.0, 0.0, 0.0, -0.0, 0.0, -0.999836, 0.018122, 0.272858, 0.0, -0.018122, -0.999243, 0.0, 0.0, 0.0, 0.0, 1.0]
            ]
        },
        {
            "name": "Elbow_L",
            "time": [0.0, 0.5333],
            "transform": [
                [-1.0, 0.0, -0.0, 0.0, 0.0, 0.0, -1.0, 0.360849, -0.0, -1.0, -0.0, 0.0, 0.0, 0.0, 0.0, 1.0],
                [-1.0, 0.0, -0.0, 0.0, 0.0, 0.0, -1.0, 0.360849, -0.0, -1.0, -0.0, 0.0, 0.0, 0.0, 0.0, 1.0]
            ]
        }
    ]
}