{
    "animation": [
        {
            "name": "Root",
            "time": [0.0, 0.15, 0.2667, 0.4167, 0.5333],
            "transform": [
                [1.0, 0.0, 0.0, -5e-06, 0.0, 0.0, -1.0, 0.000946, 0.0, 1.0, 0.0, 0.553052, 0.0, 0.0, 0.0, 1.0],
                [0.999812, -0.016228, -0.010646, -5e-06, -0.007161, 0.201408, -0.979481, 0.000946, 0.018039, 0.979373, 0.201254, 0.695929, 0.0, 0.0, 0.0, 1.0],
                [1.0, 0.0, 0.0, -5e-06, 0.0, 0.0, -1.0, 0.000946, 0.0, 1.0, 0.0, 0.553052, 0.0, 0.0, 0.0, 1.0],
                [0.999812, -0.016228, -0.010646, -5e-06, -0.007161, 0.201408, -0.979481, 0.000946, 0.018039, 0.979373, 0.201254, 0.695929, 0.0, 0.0, 0.0, 1.0],
                [1.0, 0.0, 0.0, -5e-06, 0.0, 0.0, -1.0, 0.000946, 0.0, 1.0, 0.0, 0.553052, 0.0, 0.0, 0.0, 1.0]
            ]
        },
        {
            "name": "Thigh_R",
            "time": [0.0, 0.15, 0.2667, 0.4167, 0.5333],
            "transform": [
                [0.99841, 0.037328, -0.042225, 0.124994, 0.055785, -0.547875, 0.834697, -0.002831, 0.008023, -0.835723, -0.549089, -1.2e-05, 0.0, 0.0, 0.0, 1.0],
                [0.999977, 0.004556, -0.004861, 0.124994, 0.002644, -0.941095, -0.338124, -0.002831, -0.006115, 0.338103, -0.941089, -1.2e-05, 0.0, 0.0, 0.0, 1.0],
                [0.999999, -4e-05, 2e-05, 0.124994, -4e-05, -0.999979, -0.00598, -0.002831, 2e-05, 0.00598, -0.999982, -1.2e-05, 0.0, 0.0, 0.0, 1.0],
                [0.999766, 0.015727, -0.014831, 0.124994, 0.020221, -0.43784, 0.898825, -0.002831, 0.007642, -0.898912, -0.438058, -1.2e-05, 0.0, 0.0, 0.0, 1.0],
                [0.99841, 0.037328, -0.042225, 0.124994, 0.055785, -0.547875, 0.834697, -0.002831, 0.008023, -0.835723, -0.549089, -1.2e-05, 0.0, 0.0, 0.0, 1.0]
            ]
        },
        {
            "name": "Leg_R",
            "time": [0.0, 0.15, 0.2667, 0.4167, 0.5333],
            "transform": [
                [0.999847, -0.003912, -0.017058, -0.0, 0.017452, 0.295772, 0.955097, 0.37472, 0.001309, -0.955253, 0.295794, 0.0, 0.0, 0.0, 0.0, 1.0],
                [0.999834, -0.017595, -0.004711, -0.0, 0.017452, 0.851282, 0.52442, 0.37472, -0.005217, -0.524418, 0.851444, -0.0, 0.0, 0.0, 0.0, 1.0],
                [0.999848, -0.005455, -0.016578, 0.0, 0.017452, 0.310891, 0.950284, 0.37472, -3e-05, -0.950432, 0.310937, -0.0, 0.0, 0.0, 0.0, 1.0],
                [0.999846, -0.017494, -0.001339, -0.0, 0.017452, 0.983776, 0.178558, 0.37472, -0.001806, -0.178555, 0.983927, -0.0, 0.0, 0.0, 0.0, 1.0],
                [0.999847, -0.003912, -0.017058, -0.0, 0.017452, 0.295772, 0.955097, 0.37472, 0.001309, -0.955253, 0.295794, 0.0, 0.0, 0.0, 0.0, 1.0]
            ]
        },
        {
            "name": "Knee_R",
            "time": [0.0, 0.15, 0.2667, 0.4167, 0.5333],
            "transform": [
                [1.0, 0.0, -0.0, 0.0, -0.0, 1e-06, -1.0, 0.452757, -0.0, 1.0, 1e-06, 0.0, 0.0, 0.0, 0.0, 1.0],
                [1.0, 0.0, -0.0, 0.0, -0.0, 1e-06, -1.0, 0.388244, -0.0, 1.0, 1e-06, -0.0, 0.0, 0.0, 0.0, 1.0],
                [1.0, 0.0, -0.0, 0.0, -0.0, 1e-06, -1.0, 0.45133, -0.0, 1.0, 1e-06, -0.0, 0.0, 0.0, 0.0, 1.0],
                [1.0, 0.0, -0.0, 0.0, -0.0, 1e-06, -1.0, 0.37472, -0.0, 1.0, 0.0, 0.0, 0.0, 0.0, 0.0, 1.0],
                [1.0, 0.0, -0.0, 0.0, -0.0, 1e-06, -1.0, 0.452757, -0.0, 1.0, 1e-06, 0.0, 0.0, 0.0, 0.0, 1.0]
            ]
        },
        {
            "name": "Thigh_L",
            "time": [0.0, 0.15, 0.2667, 0.4167, 0.5333],
            "transform": [
                [0.999999, -4.4e-05, 1.6e-05, -0.125006, -4.3e-05, -0.999978, -0.006641, -0.002831, 1.6e-05, 0.006641, -0.999978, -1.2e-05, 0.0, 0.0, 0.0, 1.0],
                [0.999694, 0.000449, 0.024716, -0.125006, -0.022019, -0.438207, 0.898604, -0.002831, 0.011234, -0.898874, -0.438063, -1.2e-05, 0.0, 0.0, 0.0, 1.0],
                [0.998449, -0.055216, 0.007094, -0.125006, -0.036231, -0.547759, 0.835851, -0.002831, -0.042266, -0.834812, -0.548911, -1.2e-05, 0.0, 0.0, 0.0, 1.0],
                [0.999974, -0.006496, 0.002883, -0.125006, -0.005159, -0.942516, -0.334122, -0.002831, 0.004887, 0.334099, -0.942525, -1.2e-05, 0.0, 0.0, 0.0, 1.0],
                [0.999999, -4.4e-05, 1.6e-05, -0.125006, -4.3e-05, -0.999978, -0.006641, -0.002831, 1.6e-05, 0.006641, -0.999978, -1.2e-05, 0.0, 0.0, 0.0, 1.0]
            ]
        },
        {
            "name": "Leg_L",
            "time": [0.0, 0.15, 0.2667, 0.4167, 0.5333],
            "transform": [
                [0.999848, 0.005778, 0.016469, -0.0, -0.017453, 0.332688, 0.942876, 0.37472, -3.1e-05, -0.943019, 0.332738, -0.0, 0.0, 0.0, 0.0, 1.0],
                [0.999846, 0.017558, 0.00099, 0.0, -0.017453, 0.983774, 0.178562, 0.37472, 0.002162, -0.178552, 0.983929, -0.0, 0.0, 0.0, 0.0, 1.0],
                [0.99984, 0.001047, 0.017875, 0.0, -0.017453, 0.280028, 0.959834, 0.37472, -0.004001, -0.959991, 0.280001, -0.0, 0.0, 0.0, 0.0, 1.0],
                [0.999834, 0.012366, 0.013387, -0.0, -0.017452, 0.861202, 0.507963, 0.37472, -0.005248, -0.508112, 0.861275, -0.0, 0.0, 0.0, 0.0, 1.0],
                [0.999848, 0.005778, 0.016469, -0.0, -0.017453, 0.332688, 0.942876, 0.37472, -3.1e-05, -0.943019, 0.332738, -0.0, 0.0, 0.0, 0.0, 1.0]
            ]
        },
        {
            "name": "Knee_L",
            "time": [0.0, 0.15, 0.2667, 0.4167, 0.5333],
            "transform": [
                [1.0, 0.0, -0.0, 0.0, -0.0, 1e-06, -1.0, 0.449262, -0.0, 1.0, 1e-06, -0.0, 0.0, 0.0, 0.0, 1.0],
                [1.0, 0.0, -0.0, 0.0, -0.0, 1e-06, -1.0, 0.37472, -0.0, 1.0, 1e-06, -0.0, 0.0, 0.0, 0.0, 1.0],
                [1.0, 0.0, -0.0, 0.0, -0.0, 1e-06, -1.0, 0.454237, -0.0, 1.0, 1e-06, -0.0, 0.0, 0.0, 0.0, 1.0],
                [1.0, 0.0, -0.0, -0.0, -0.0, 1e-06, -1.0, 0.386534, -0.0, 1.0, 1e-06, -0.0, 0.0, 0.0, 0.0, 1.0],
                [1.0, 0.0, -0.0, 0.0, -0.0, 1e-06, -1.0, 0.449262, -0.0, 1.0, 1e-06, -0.0, 0.0, 0.0, 0.0, 1.0]
            ]
        },
        {
            "name": "Torso",
            "time": [0.0, 0.15, 0.2667, 0.4167, 0.5333],
            "transform": [
                [1.0, 0.0, 0.0, 0.0, 0.0, 0.866026, 0.5, 0.05, 0.0, -0.5, 0.866025, 0.0, 0.0, 0.0, 0.0, 1.0],
                [0.999938, -0.008562, -0.007061, -0.0, 0.01068, 0.915344, 0.402532, 0.05, 0.003017, -0.402583, 0.915379, -0.0, 0.0, 0.0, 0.0, 1.0],
                [1.0, 0.0, 0.0, 0.0, 0.0, 0.866026, 0.5, 0.05, 0.0, -0.5, 0.866025, 0.0, 0.0, 0.0, 0.0, 1.0],
                [0.999937, -0.008319, -0.007571, -0.0, 0.010541, 0.927882, 0.372726, 0.05, 0.003925, -0.372782, 0.92791, -0.0, 0.0, 0.0, 0.0, 1.0],
                [1.0, 0.0, 0.0, 0.0, 0.0, 0.866026, 0.5, 0.05, 0.0, -0.5, 0.866025, 0.0, 0.0, 0.0, 0.0, 1.0]
            ]
        },
        {
            "name": "Chest",
            "time": [0.0, 0.15, 0.2667, 0.4167, 0.5333],
            "transform": [
                [1.0, 0.0, 0.0, 0.0, 0.0, 1.0, 0.0, 0.3, 0.0, 0.0, 1.0, 0.0, 0.0, 0.0, 0.0, 1.0],
                [0.962582, 0.00048, 0.270991, 0.0, -0.000358, 1.0, -0.000502, 0.3, -0.270991, 0.000386, 0.962582, 0.0, 0.0, 0.0, 0.0, 1.0],
                [1.0, 0.0, 0.0, 0.0, 0.0, 1.0, 0.0, 0.3, 0.0, 0.0, 1.0, 0.0, 0.0, 0.0, 0.0, 1.0],
                [0.973804, -0.001429, -0.227383, -0.0, 0.001298, 0.999999, -0.000723, 0.3, 0.227384, 0.000409, 0.973805, -0.0, 0.0, 0.0, 0.0, 1.0],
                [1.0, 0.0, 0.0, 0.0, 0.0, 1.0, 0.0, 0.3, 0.0, 0.0, 1.0, 0.0, 0.0, 0.0, 0.0, 1.0]
            ]
        },
        {
            "name": "Head",
            "time": [0.0, 0.15, 0.2667, 0.4167, 0.5333],
            "transform": [
                [1.0, 0.0, -0.0, 0.0, -0.0, 0.866025, -0.5, 0.4, 0.0, 0.5, 0.866025, 0.0, 0.0, 0.0, 0.0, 1.0],
                [0.968812, -0.115548, -0.219209, -0.0, -0.01962, 0.846082, -0.532692, 0.4, 0.24702, 0.520379, 0.817427, -0.0, 0.0, 0.0, 0.0, 1.0],
                [1.0, -0.0, -0.0, 0.0, -0.0, 0.87504, -0.484051, 0.4, 0.0, 0.48405, 0.87504, 0.0, 0.0, 0.0, 0.0, 1.0],
                [0.966585, 0.152948, 0.205721, 0.0, -0.025102, 0.855124, -0.517815, 0.4, -0.255116, 0.495348, 0.830389, 0.0, 0.0, 0.0, 0.0, 1.0],
                [1.0, 0.0, -0.0, 0.0, -0.0, 0.866025, -0.5, 0.4, 0.0, 0.5, 0.866025, 0.0, 0.0, 0.0, 0.0, 1.0]
            ]
        },
        {
            "name": "Shoulder_R",
            "time": [0.0, 0.15, 0.2667, 0.4167, 0.5333],
            "transform": [
                [-0.130506, 0.967237, 0.217763, 0.0, 0.252518, -0.17997, 0.950708, 0.4, 0.958751, 0.179063, -0.220758, 0.0, 0.0, 0.0, 0.0, 1.0],
                [-0.130506, 0.967237, 0.217763, -0.0, 0.252518, -0.17997, 0.950708, 0.4, 0.95875, 0.179063, -0.220758, -0.0, 0.0, 0.0, 0.0, 1.0],
                [-0.130506, 0.967237, 0.217763, 0.0, 0.252518, -0.17997, 0.950708, 0.4, 0.958751, 0.179063, -0.220758, 0.0, 0.0, 0.0, 0.0, 1.0],
                [-0.130506, 0.967237, 0.217763, 0.0, 0.252518, -0.17997, 0.950708, 0.4, 0.958751, 0.179063, -0.220757, 0.0, 0.0, 0.0, 0.0, 1.0],
                [-0.130506, 0.967237, 0.217763, 0.0, 0.252518, -0.17997, 0.950708, 0.4, 0.958751, 0.179063, -0.220758, 0.0, 0.0, 0.0, 0.0, 1.0]
            ]
        },
        {
            "name": "Arm_R",
            "time": [0.0, 0.15, 0.2667, 0.4167, 0.5333],
            "transform": [
                [0.570928, 0.27279, -0.774356, -0.0, 0.698327, 0.334616, 0.63275, 0.39386, 0.431719, -0.902008, 0.000545, -0.0, 0.0, 0.0, 0.0, 1.0],
                [0.776688, -0.065713, -0.626448, -0.0, 0.558843, 0.53073, 0.637197, 0.393861, 0.290603, -0.84499, 0.448935, 0.0, 0.0, 0.0, 0.0, 1.0],
                [0.611931, -0.094486, -0.785247, -0.0, 0.723934, 0.466765, 0.507986, 0.39386, 0.318529, -0.87932, 0.354029, -0.0, 0.0, 0.0, 0.0, 1.0],
                [0.27297, 0.226256, -0.935038, -0.075033, 0.773246, 0.526648, 0.353174, 0.383689, 0.572344, -0.81942, -0.031193, -0.076211, 0.0, 0.0, 0.0, 1.0],
                [0.570928, 0.27279, -0.774356, -0.0, 0.698327, 0.334616, 0.63275, 0.39386, 0.431719, -0.902008, 0.000545, -0.0, 0.0, 0.0, 0.0, 1.0]
            ]
        },
        {
            "name": "Hand_R",
            "time": [0.0, 0.15, 0.2667, 0.4167, 0.5333],
            "transform": [
                [1.0, 0.0, 0.0, 0.0, -0.0, 0.747958, -0.663746, 0.3, -0.0, 0.663746, 0.747958, 0.0, 0.0, 0.0, 0.0, 1.0],
                [1.0, 0.0, 0.0, 0.0, 0.0, 0.771198, -0.636595, 0.3, -0.0, 0.636595, 0.771198, -0.0, 0.0, 0.0, 0.0, 1.0],
                [1.0, 0.0, 0.0, -0.0, 0.0, 0.747958, -0.663746, 0.3, -0.0, 0.663746, 0.747958, -0.0, 0.0, 0.0, 0.0, 1.0],
                [1.0, 0.0, 0.0, -0.0, -0.0, 0.781533, -0.623864, 0.3, -0.0, 0.623864, 0.781533, -0.0, 0.0, 0.0, 0.0, 1.0],
                [1.0, 0.0, 0.0, 0.0, -0.0, 0.747958, -0.663746, 0.3, -0.0, 0.663746, 0.747958, 0.0, 0.0, 0.0, 0.0, 1.0]
            ]
        },
        {
            "name": "Tool_R",
            "time": [0.0, 0.15, 0.2667, 0.4167, 0.5333],
            "transform": [
                [1.0, 0.0, 0.0, 0.0, 0.0, -0.932089, -0.362229, 0.272858, 0.0, 0.362003, -0.931539, 0.0, 0.0, 0.0, 0.0, 1.0],
                [1.0, -0.0, 0.0, -0.0, 0.0, -0.93209, -0.362229, 0.272858, 0.0, 0.362003, -0.931539, -0.0, 0.0, 0.0, 0.0, 1.0],
                [1.0, 0.0, 0.0, 0.0, 0.0, -0.932089, -0.362229, 0.272858, 0.0, 0.362003, -0.931539, -0.0, 0.0, 0.0, 0.0, 1.0],
                [1.0, -0.0, 0.0, -0.0, 0.0, -0.932089, -0.362229, 0.272858, 0.0, 0.362003, -0.931539, -0.0, 0.0, 0.0, 0.0, 1.0],
                [1.0, 0.0, 0.0, 0.0, 0.0, -0.932089, -0.362229, 0.272858, 0.0, 0.362003, -0.931539, 0.0, 0.0, 0.0, 0.0, 1.0]
            ]
        },
        {
            "name": "Elbow_R",
            "time": [0.0, 0.15, 0.2667, 0.4167, 0.5333],
            "transform": [
                [-1.0, 0.0, 0.0, 0.0, -0.0, -0.0, -1.0, 0.378341, -0.0, -1.0, 0.0, -0.0, 0.0, 0.0, 0.0, 1.0],
                [-1.0, 0.0, 0.0, 0.0, -0.0, -0.0, -1.0, 0.374992, -0.0, -1.0, 0.0, -0.0, 0.0, 0.0, 0.0, 1.0],
                [-1.0, 0.0, 0.0, -0.0, -0.0, -0.0, -1.0, 0.378341, -0.0, -1.0, 0.0, 0.0, 0.0, 0.0, 0.0, 1.0],
                [-1.0, 0.0, 0.0, -0.0, 0.0, -0.0, -1.0, 0.373455, -0.0, -1.0, 0.0, -0.0, 0.0, 0.0, 0.0, 1.0],
                [-1.0, 0.0, 0.0, 0.0, -0.0, -0.0, -1.0, 0.378341, -0.0, -1.0, 0.0, -0.0, 0.0, 0.0, 0.0, 1.0]
            ]
        },
        {
            "name": "Shoulder_L",
            "time": [0.0, 0.15, 0.2667, 0.4167, 0.5333],
            "transform": [
                [0.093479, -0.952114, -0.291103, 0.0, -0.291103, -0.305743, 0.906521, 0.4, -0.952114, 0.0, -0.305743, 0.0, 0.0, 0.0, 0.0, 1.0],
                [-0.003348, -0.924574, -0.380987, -0.0, -0.320547, -0.359893, 0.8762, 0.4, -0.947227, 0.125058, -0.295165, -0.0, 0.0, 0.0, 0.0, 1.0],
                [0.093479, -0.952114, -0.291103, 0.0, -0.291103, -0.305743, 0.906521, 0.4, -0.952114, 0.0, -0.305743, 0.0, 0.0, 0.0, 0.0, 1.0],
                [0.234529, -0.958716, -0.160809, 0.0, -0.242212, -0.217837, 0.945453, 0.4, -0.941451, -0.182786, -0.283302, 0.0, 0.0, 0.0, 0.0, 1.0],
                [0.093479, -0.952114, -0.291103, 0.0, -0.291103, -0.305743, 0.906521, 0.4, -0.952114, 0.0, -0.305743, 0.0, 0.0, 0.0, 0.0, 1.0]
            ]
        },
        {
            "name": "Arm_L",
            "time": [0.0, 0.15, 0.2667, 0.4167, 0.5333],
            "transform": [
                [0.111278, 0.332866, 0.936385, -0.0, -0.824904, 0.5564, -0.09976, 0.39386, -0.554212, -0.761327, 0.336497, -0.0, 0.0, 0.0, 0.0, 1.0],
                [0.18025, -0.287087, 0.940793, -0.0, -0.841683, 0.449926, 0.298558, 0.39386, -0.508999, -0.845664, -0.160537, 0.0, 0.0, 0.0, 0.0, 1.0],
                [0.206373, 0.27064, 0.9403, -0.0, -0.898892, 0.432059, 0.072928, 0.39386, -0.386528, -0.860278, 0.332442, 0.0, 0.0, 0.0, 0.0, 1.0],
                [0.366817, 0.762955, 0.532301, 0.0, -0.407828, 0.646155, -0.645104, 0.39386, -0.836135, 0.019548, 0.548176, 0.0, 0.0, 0.0, 0.0, 1.0],
                [0.111278, 0.332866, 0.936385, -0.0, -0.824904, 0.5564, -0.09976, 0.39386, -0.554212, -0.761327, 0.336497, -0.0, 0.0, 0.0, 0.0, 1.0]
            ]
        },
        {
            "name": "Hand_L",
            "time": [0.0, 0.15, 0.2667, 0.4167, 0.5333],
            "transform": [
                [1.0, 0.0, -0.0, 0.0, -0.0, 0.235251, -0.971935, 0.3, -0.0, 0.971935, 0.235251, 0.0, 0.0, 0.0, 0.0, 1.0],
                [1.0, 0.0, -0.0, -0.0, -0.0, 0.322114, -0.946701, 0.3, -0.0, 0.946701, 0.322114, 0.0, 0.0, 0.0, 0.0, 1.0],
                [1.0, 0.0, 0.0, -0.0, -0.0, 0.660163, -0.751123, 0.3, -0.0, 0.751123, 0.660163, 0.0, 0.0, 0.0, 0.0, 1.0],
                [1.0, 0.0, -0.0, -0.0, -0.0, 0.684322, -0.72918, 0.3, 0.0, 0.72918, 0.684322, 0.0, 0.0, 0.0, 0.0, 1.0],
                [1.0, 0.0, -0.0, 0.0, -0.0, 0.235251, -0.971935, 0.3, -0.0, 0.971935, 0.235251, 0.0, 0.0, 0.0, 0.0, 1.0]
            ]
        },
        {
            "name": "Tool_L",
            "time": [0.0, 0.15, 0.4167, 0.5333],
            "transform": [
                [0.999988, 0.004061, 0.002679, -0.0, 0.004775, -0.924543, -0.381048, 0.272858, 0.000929, 0.380821, -0.924007, -0.0, 0.0, 0.0, 0.0, 1.0],
                [1.0, 0.0, 0.0, -0.0, 0.0, -0.999836, 0.018122, 0.272858, 0.0, -0.018122, -0.999243, -0.0, 0.0, 0.0, 0.0, 1.0],
                [0.999978, 0.005282, 0.004115, -0.0, 0.006653, -0.853278, -0.521414, 0.272858, 0.000757, 0.521111, -0.852794, -0.0, 0.0, 0.0, 0.0, 1.0],
                [0.999988, 0.004061, 0.002679, -0.0, 0.004775, -0.924543, -0.381048, 0.272858, 0.000929, 0.380821, -0.924007, -0.0, 0.0, 0.0, 0.0, 1.0]
            ]
        },
        {
            "name": "Elbow_L",
            "time": [0.0, 0.15, 0.2667, 0.4167, 0.5333],
            "transform": [
                [-1.0, 0.0, -0.0, 0.0, 0.0, -0.0, -1.0, 0.43527, -0.0, -1.0, -0.0, -0.0, 0.0, 0.0, 0.0, 1.0],
                [-1.0, 0.0, -0.0, -0.0, 0.0, -0.0, -1.0, 0.426791, -0.0, -1.0, -0.0, -0.0, 0.0, 0.0, 0.0, 1.0],
                [-1.0, 0.0, -0.0, -0.0, 0.0, -0.0, -1.0, 0.389956, -0.0, -1.0, -0.0, 0.0, 0.0, 0.0, 0.0, 1.0],
                [-1.0, 0.0, 0.0, -0.0, 0.0, -0.0, -1.0, 0.386897, -0.0, -1.0, -0.0, 0.0, 0.0, 0.0, 0.0, 1.0],
                [-1.0, 0.0, -0.0, 0.0, 0.0, -0.0, -1.0, 0.43527, -0.0, -1.0, -0.0, -0.0, 0.0, 0.0, 0.0, 1.0]
            ]
        }
    ]
}