{
    "animation": [
        {
            "name": "Root",
            "time": [0.0, 0.15, 0.2667, 0.4167, 0.5333],
            "transform": [
                [1.0, 0.0, 0.0, -5e-06, 0.0, 0.0, -1.0, 0.000946, 0.0, 1.0, 0.0, 0.553052, 0.0, 0.0, 0.0, 1.0],
                [0.999812, -0.016228, -0.010646, -5e-06, -0.007161, 0.201408, -0.979481, 0.000946, 0.018039, 0.979373, 0.201254, 0.695929, 0.0, 0.0, 0.0, 1.0],
                [1.0, 0.0, 0.0, -5e-06, 0.0, 0.0, -1.0, 0.000946, 0.0, 1.0, 0.0, 0.553052, 0.0, 0.0, 0.0, 1.0],
                [0.999812, -0.016228, -0.010646, -5e-06, -0.007161, 0.201408, -0.979481, 0.000946, 0.018039, 0.979373, 0.201254, 0.695929, 0.0, 0.0, 0.0, 1.0],
                [1.0, 0.0, 0.0, -5e-06, 0.0, 0.0, -1.0, 0.000946, 0.0, 1.0, 0.0, 0.553052, 0.0, 0.0, 0.0, 1.0]
            ]
        },
        {
            "name": "Thigh_R",
            "time": [0.0, 0.15, 0.2667, 0.4167, 0.5333],
            "transform": [
                [0.99841, 0.037328, -0.042225, 0.124994, 0.055785, -0.547876, 0.834697, -0.002831, 0.008023, -0.835724, -0.549089, -1.2e-05, 0.0, 0.0, 0.0, 1.0],
                [0.999977, 0.004556, -0.004861, 0.124994, 0.002644, -0.941096, -0.338124, -0.002831, -0.006115, 0.338103, -0.941089, -1.2e-05, 0.0, 0.0, 0.0, 1.0],
                [1.0, -4e-05, 2e-05, 0.124994, -4e-05, -0.99998, -0.00598, -0.002831, 2e-05, 0.00598, -0.999982, -1.2e-05, 0.0, 0.0, 0.0, 1.0],
                [0.999766, 0.015727, -0.014831, 0.124994, 0.020221, -0.437841, 0.898825, -0.002831, 0.007642, -0.898913, -0.438058, -1.2e-05, 0.0, 0.0, 0.0, 1.0],
                [0.99841, 0.037328, -0.042225, 0.124994, 0.055785, -0.547876, 0.834697, -0.002831, 0.008023, -0.835724, -0.549089, -1.2e-05, 0.0, 0.0, 0.0, 1.0]
            ]
        },
        {
            "name": "Leg_R",
            "time": [0.0, 0.15, 0.2667, 0.4167, 0.5333],
            "transform": [
                [0.999847, -0.003912, -0.017058, -0.0, 0.017452, 0.295772, 0.955099, 0.37472, 0.001309, -0.955251, 0.295795, 0.0, 0.0, 0.0, 0.0, 1.0],
                [0.999834, -0.017595, -0.004711, -0.0, 0.017452, 0.851281, 0.524421, 0.37472, -0.005217, -0.524417, 0.851445, -0.0, 0.0, 0.0, 0.0, 1.0],
                [0.999848, -0.005455, -0.016578, 0.0, 0.017452, 0.31089, 0.950285, 0.37472, -3e-05, -0.950431, 0.310938, -0.0, 0.0, 0.0, 0.0, 1.0],
                [0.999846, -0.017494, -0.001339, 0.0, 0.017452, 0.983775, 0.178559, 0.37472, -0.001806, -0.178555, 0.983927, 0.0, 0.0, 0.0, 0.0, 1.0],
                [0.999847, -0.003912, -0.017058, -0.0, 0.017452, 0.295772, 0.955099, 0.37472, 0.001309, -0.955251, 0.295795, 0.0, 0.0, 0.0, 0.0, 1.0]
            ]
        },
        {
            "name": "Knee_R",
            "time": [0.0, 0.15, 0.2667, 0.4167, 0.5333],
            "transform": [
                [1.0, 0.0, -0.0, -0.0, -0.0, 1e-06, -1.0, 0.452757, -0.0, 1.0, 1e-06, -0.0, 0.0, 0.0, 0.0, 1.0],
                [1.0, 0.0, -0.0, 0.0, -0.0, 1e-06, -1.0, 0.388244, -0.0, 1.0, 1e-06, -0.0, 0.0, 0.0, 0.0, 1.0],
                [1.0, 0.0, -0.0, 0.0, -0.0, 1e-06, -1.0, 0.45133, -0.0, 1.0, 1e-06, -0.0, 0.0, 0.0, 0.0, 1.0],
                [1.0, 0.0, -0.0, 0.0, -0.0, 1e-06, -1.0, 0.37472, -0.0, 1.0, 1e-06, 0.0, 0.0, 0.0, 0.0, 1.0],
                [1.0, 0.0, -0.0, -0.0, -0.0, 1e-06, -1.0, 0.452757, -0.0, 1.0, 1e-06, -0.0, 0.0, 0.0, 0.0, 1.0]
            ]
        },
        {
            "name": "Thigh_L",
            "time": [0.0, 0.15, 0.2667, 0.4167, 0.5333],
            "transform": [
                [0.999999, -4.4e-05, 1.6e-05, -0.125006, -4.3e-05, -0.999978, -0.006641, -0.002831, 1.6e-05, 0.006641, -0.999978, -1.2e-05, 0.0, 0.0, 0.0, 1.0],
                [0.999694, 0.000449, 0.024716, -0.125006, -0.022019, -0.438207, 0.898604, -0.002831, 0.011234, -0.898874, -0.438063, -1.2e-05, 0.0, 0.0, 0.0, 1.0],
                [0.998449, -0.055216, 0.007094, -0.125006, -0.036231, -0.547759, 0.835851, -0.002831, -0.042266, -0.834812, -0.548911, -1.2e-05, 0.0, 0.0, 0.0, 1.0],
                [0.999974, -0.006496, 0.002883, -0.125006, -0.005159, -0.942516, -0.334122, -0.002831, 0.004887, 0.334099, -0.942525, -1.2e-05, 0.0, 0.0, 0.0, 1.0],
                [0.999999, -4.4e-05, 1.6e-05, -0.125006, -4.3e-05, -0.999978, -0.006641, -0.002831, 1.6e-05, 0.006641, -0.999978, -1.2e-05, 0.0, 0.0, 0.0, 1.0]
            ]
        },
        {
            "name": "Leg_L",
            "time": [0.0, 0.15, 0.2667, 0.4167, 0.5333],
            "transform": [
                [0.999848, 0.005778, 0.016469, -0.0, -0.017453, 0.332688, 0.942876, 0.37472, -3.1e-05, -0.943019, 0.332738, -0.0, 0.0, 0.0, 0.0, 1.0],
                [0.999846, 0.017558, 0.00099, 0.0, -0.017453, 0.983774, 0.178562, 0.37472, 0.002162, -0.178552, 0.983929, -0.0, 0.0, 0.0, 0.0, 1.0],
                [0.99984, 0.001047, 0.017875, 0.0, -0.017453, 0.280028, 0.959834, 0.37472, -0.004001, -0.959991, 0.280001, -0.0, 0.0, 0.0, 0.0, 1.0],
                [0.999834, 0.012366, 0.013387, -0.0, -0.017452, 0.861202, 0.507963, 0.37472, -0.005248, -0.508112, 0.861275, -0.0, 0.0, 0.0, 0.0, 1.0],
                [0.999848, 0.005778, 0.016469, -0.0, -0.017453, 0.332688, 0.942876, 0.37472, -3.1e-05, -0.943019, 0.332738, -0.0, 0.0, 0.0, 0.0, 1.0]
            ]
        },
        {
            "name": "Knee_L",
            "time": [0.0, 0.15, 0.2667, 0.4167, 0.5333],
            "transform": [
                [1.0, 0.0, -0.0, 0.0, -0.0, 1e-06, -1.0, 0.449262, -0.0, 1.0, 1e-06, -0.0, 0.0, 0.0, 0.0, 1.0],
                [1.0, 0.0, -0.0, 0.0, -0.0, 1e-06, -1.0, 0.37472, -0.0, 1.0, 1e-06, -0.0, 0.0, 0.0, 0.0, 1.0],
                [1.0, 0.0, -0.0, 0.0, -0.0, 1e-06, -1.0, 0.454237, -0.0, 1.0, 1e-06, -0.0, 0.0, 0.0, 0.0, 1.0],
                [1.0, 0.0, -0.0, -0.0, -0.0, 1e-06, -1.0, 0.386534, -0.0, 1.0, 1e-06, -0.0, 0.0, 0.0, 0.0, 1.0],
                [1.0, 0.0, -0.0, 0.0, -0.0, 1e-06, -1.0, 0.449262, -0.0, 1.0, 1e-06, -0.0, 0.0, 0.0, 0.0, 1.0]
            ]
        },
        {
            "name": "Torso",
            "time": [0.0, 0.15, 0.2667, 0.4167, 0.5333],
            "transform": [
                [1.0, 0.0, 0.0, 0.0, 0.0, 0.866026, 0.5, 0.05, 0.0, -0.5, 0.866025, 0.0, 0.0, 0.0, 0.0, 1.0],
                [0.999938, -0.008562, -0.007061, -0.0, 0.01068, 0.915344, 0.402532, 0.05, 0.003017, -0.402583, 0.915379, -0.0, 0.0, 0.0, 0.0, 1.0],
                [1.0, 0.0, 0.0, 0.0, 0.0, 0.866026, 0.5, 0.05, 0.0, -0.5, 0.866025, 0.0, 0.0, 0.0, 0.0, 1.0],
                [0.999937, -0.008319, -0.007571, -0.0, 0.010541, 0.927882, 0.372726, 0.05, 0.003925, -0.372782, 0.92791, -0.0, 0.0, 0.0, 0.0, 1.0],
                [1.0, 0.0, 0.0, 0.0, 0.0, 0.866026, 0.5, 0.05, 0.0, -0.5, 0.866025, 0.0, 0.0, 0.0, 0.0, 1.0]
            ]
        },
        {
            "name": "Chest",
            "time": [0.0, 0.15, 0.2667, 0.4167, 0.5333],
            "transform": [
                [1.0, 0.0, 0.0, 0.0, 0.0, 1.0, 0.0, 0.3, 0.0, 0.0, 1.0, 0.0, 0.0, 0.0, 0.0, 1.0],
                [0.962582, 0.00048, 0.270991, 0.0, -0.000358, 1.0, -0.000502, 0.3, -0.270991, 0.000386, 0.962582, 0.0, 0.0, 0.0, 0.0, 1.0],
                [1.0, 0.0, 0.0, 0.0, 0.0, 1.0, 0.0, 0.3, 0.0, 0.0, 1.0, 0.0, 0.0, 0.0, 0.0, 1.0],
                [0.973804, -0.001429, -0.227383, -0.0, 0.001298, 0.999999, -0.000723, 0.3, 0.227384, 0.000409, 0.973805, -0.0, 0.0, 0.0, 0.0, 1.0],
                [1.0, 0.0, 0.0, 0.0, 0.0, 1.0, 0.0, 0.3, 0.0, 0.0, 1.0, 0.0, 0.0, 0.0, 0.0, 1.0]
            ]
        },
        {
            "name": "Head",
            "time": [0.0, 0.15, 0.2667, 0.4167, 0.5333],
            "transform": [
                [1.0, 0.0, -0.0, 0.0, -0.0, 0.866025, -0.5, 0.4, 0.0, 0.5, 0.866025, 0.0, 0.0, 0.0, 0.0, 1.0],
                [0.968812, -0.115548, -0.219209, -0.0, -0.01962, 0.846082, -0.532692, 0.4, 0.24702, 0.520379, 0.817427, -0.0, 0.0, 0.0, 0.0, 1.0],
                [1.0, -0.0, -0.0, 0.0, -0.0, 0.87504, -0.484051, 0.4, 0.0, 0.48405, 0.87504, 0.0, 0.0, 0.0, 0.0, 1.0],
                [0.966585, 0.152948, 0.205721, 0.0, -0.025102, 0.855124, -0.517815, 0.4, -0.255116, 0.495348, 0.830389, 0.0, 0.0, 0.0, 0.0, 1.0],
                [1.0, 0.0, -0.0, 0.0, -0.0, 0.866025, -0.5, 0.4, 0.0, 0.5, 0.866025, 0.0, 0.0, 0.0, 0.0, 1.0]
            ]
        },
        {
            "name": "Shoulder_R",
            "time": [0.0, 0.15, 0.2667, 0.4167, 0.5333],
            "transform": [
                [0.093479, 0.952114, 0.291102, 0.0, 0.291102, -0.305743, 0.906521, 0.4, 0.952114, -0.0, -0.305743, 0.0, 0.0, 0.0, 0.0, 1.0],
                [0.234542, 0.958648, 0.161193, -0.0, 0.242207, -0.218218, 0.945366, 0.4, 0.941449, -0.182686, -0.283373, -0.0, 0.0, 0.0, 0.0, 1.0],
                [0.093479, 0.952114, 0.291102, 0.0, 0.291102, -0.305743, 0.906521, 0.4, 0.952114, 0.0, -0.305743, 0.0, 0.0, 0.0, 0.0, 1.0],
                [-0.003293, 0.924604, 0.380916, 0.0, 0.320532, -0.359843, 0.876226, 0.4, 0.947232, 0.124981, -0.29518, 0.0, 0.0, 0.0, 0.0, 1.0],
                [0.093479, 0.952114, 0.291102, 0.0, 0.291102, -0.305743, 0.906521, 0.4, 0.952114, -0.0, -0.305743, 0.0, 0.0, 0.0, 0.0, 1.0]
            ]
        },
        {
            "name": "Arm_R",
            "time": [0.0, 0.15, 0.2667, 0.4167, 0.5333],
            "transform": [
                [0.388385, 0.13212, -0.911977, -0.001913, 0.652546, 0.659348, 0.373422, 0.396058, 0.650647, -0.740138, 0.169866, -0.006042, 0.0, 0.0, 0.0, 1.0],
                [0.508528, 0.156325, -0.846736, -0.001913, 0.683897, 0.524147, 0.507499, 0.396058, 0.523149, -0.837158, 0.159633, -0.006042, 0.0, 0.0, 0.0, 1.0],
                [0.356759, 0.118704, -0.926624, -0.001913, 0.680738, 0.646261, 0.344879, 0.396058, 0.63978, -0.753827, 0.149753, -0.006042, 0.0, 0.0, 0.0, 1.0],
                [0.350439, 0.136236, -0.926624, -0.001913, 0.647879, 0.679199, 0.344879, 0.396058, 0.676347, -0.721199, 0.149753, -0.006042, 0.0, 0.0, 0.0, 1.0],
                [0.388385, 0.13212, -0.911977, -0.001913, 0.652546, 0.659348, 0.373422, 0.396058, 0.650647, -0.740138, 0.169866, -0.006042, 0.0, 0.0, 0.0, 1.0]
            ]
        },
        {
            "name": "Hand_R",
            "time": [0.0, 0.15, 0.2667, 0.4167, 0.5333],
            "transform": [
                [1.0, 0.0, 0.0, 0.0, -0.0, 0.965668, -0.25978, 0.3, -0.0, 0.25978, 0.965667, 0.0, 0.0, 0.0, 0.0, 1.0],
                [1.0, 0.0, 0.0, -0.0, -0.0, 0.562846, -0.826562, 0.3, -0.0, 0.826562, 0.562846, -0.0, 0.0, 0.0, 0.0, 1.0],
                [1.0, 0.0, 0.0, 0.0, -0.0, 0.965668, -0.25978, 0.3, -0.0, 0.25978, 0.965668, 0.0, 0.0, 0.0, 0.0, 1.0],
                [1.0, -0.0, 0.0, -0.0, 0.0, 0.965668, -0.25978, 0.3, -0.0, 0.25978, 0.965668, 0.0, 0.0, 0.0, 0.0, 1.0],
                [1.0, 0.0, 0.0, 0.0, -0.0, 0.965668, -0.25978, 0.3, -0.0, 0.25978, 0.965667, 0.0, 0.0, 0.0, 0.0, 1.0]
            ]
        },
        {
            "name": "Tool_R",
            "time": [0.0, 0.15, 0.2667, 0.4167, 0.5333],
            "transform": [
                [1.0, -0.0, 0.0, -0.0, 0.0, -0.934465, -0.356057, 0.272858, 0.0, 0.355835, -0.933912, -0.0, 0.0, 0.0, 0.0, 1.0],
                [1.0, -0.0, 0.0, 0.0, -0.0, -0.934464, -0.356057, 0.272858, 0.0, 0.355835, -0.933912, 0.0, 0.0, 0.0, 0.0, 1.0],
                [1.0, -0.0, 0.0, 0.0, 0.0, -0.934464, -0.356057, 0.272858, 0.0, 0.355835, -0.933912, 0.0, 0.0, 0.0, 0.0, 1.0],
                [1.0, -0.0, 0.0, -0.0, -0.0, -0.934465, -0.356057, 0.272858, 0.0, 0.355835, -0.933912, -0.0, 0.0, 0.0, 0.0, 1.0],
                [1.0, -0.0, 0.0, -0.0, 0.0, -0.934465, -0.356057, 0.272858, 0.0, 0.355835, -0.933912, -0.0, 0.0, 0.0, 0.0, 1.0]
            ]
        },
        {
            "name": "Elbow_R",
            "time": [0.0, 0.15, 0.2667, 0.4167, 0.5333],
            "transform": [
                [-1.0, 0.0, -0.0, 0.0, 0.0, -0.0, -1.0, 0.334951, -0.0, -1.0, 0.0, 0.0, 0.0, 0.0, 0.0, 1.0],
                [-1.0, 0.0, -0.0, -0.0, 0.0, 0.0, -1.0, 0.401502, -0.0, -1.0, 0.0, -0.0, 0.0, 0.0, 0.0, 1.0],
                [-1.0, 0.0, -0.0, 0.0, -0.0, 0.0, -1.0, 0.334951, -0.0, -1.0, 0.0, 0.0, 0.0, 0.0, 0.0, 1.0],
                [-1.0, 0.0, 0.0, -0.0, -0.0, 0.0, -1.0, 0.334951, -0.0, -1.0, 0.0, 0.0, 0.0, 0.0, 0.0, 1.0],
                [-1.0, 0.0, -0.0, 0.0, 0.0, -0.0, -1.0, 0.334951, -0.0, -1.0, 0.0, 0.0, 0.0, 0.0, 0.0, 1.0]
            ]
        },
        {
            "name": "Shoulder_L",
            "time": [0.0, 0.15, 0.2667, 0.4167, 0.5333],
            "transform": [
                [0.093479, -0.952114, -0.291103, 0.0, -0.291103, -0.305743, 0.906521, 0.4, -0.952114, 0.0, -0.305743, 0.0, 0.0, 0.0, 0.0, 1.0],
                [-0.003348, -0.924574, -0.380987, -0.0, -0.320547, -0.359893, 0.8762, 0.4, -0.947227, 0.125058, -0.295165, -0.0, 0.0, 0.0, 0.0, 1.0],
                [0.093479, -0.952114, -0.291103, 0.0, -0.291103, -0.305743, 0.906521, 0.4, -0.952114, 0.0, -0.305743, 0.0, 0.0, 0.0, 0.0, 1.0],
                [0.234529, -0.958716, -0.160809, 0.0, -0.242212, -0.217837, 0.945453, 0.4, -0.941451, -0.182786, -0.283302, 0.0, 0.0, 0.0, 0.0, 1.0],
                [0.093479, -0.952114, -0.291103, 0.0, -0.291103, -0.305743, 0.906521, 0.4, -0.952114, 0.0, -0.305743, 0.0, 0.0, 0.0, 0.0, 1.0]
            ]
        },
        {
            "name": "Arm_L",
            "time": [0.0, 0.15, 0.2667, 0.4167, 0.5333],
            "transform": [
                [0.586323, -0.007698, 0.810041, 0.002686, -0.628784, 0.62613, 0.461076, 0.396681, -0.51074, -0.779681, 0.362275, -0.008365, 0.0, 0.0, 0.0, 1.0],
                [0.668386, -0.066968, 0.740794, 0.002686, -0.608407, 0.523725, 0.596283, 0.396682, -0.427905, -0.849251, 0.309306, -0.008365, 0.0, 0.0, 0.0, 1.0],
                [0.666199, -0.086041, 0.740794, 0.002686, -0.593192, 0.540897, 0.596283, 0.396682, -0.451998, -0.836676, 0.309307, -0.008365, 0.0, 0.0, 0.0, 1.0],
                [0.666252, -0.085628, 0.740794, 0.002686, -0.593527, 0.54053, 0.596283, 0.396682, -0.45148, -0.836956, 0.309306, -0.008365, 0.0, 0.0, 0.0, 1.0],
                [0.586323, -0.007698, 0.810041, 0.002686, -0.628784, 0.62613, 0.461076, 0.396681, -0.51074, -0.779681, 0.362275, -0.008365, 0.0, 0.0, 0.0, 1.0]
            ]
        },
        {
            "name": "Hand_L",
            "time": [0.0, 0.15, 0.2667, 0.4167, 0.5333],
            "transform": [
                [1.0, 0.0, 0.0, -0.0, -0.0, 0.961539, -0.274669, 0.3, -0.0, 0.274668, 0.961539, 0.0, 0.0, 0.0, 0.0, 1.0],
                [1.0, 0.0, 0.0, 0.0, -0.0, 0.961539, -0.274669, 0.3, -0.0, 0.274668, 0.961539, 0.0, 0.0, 0.0, 0.0, 1.0],
                [1.0, 0.0, 0.0, -0.0, 0.0, 0.961539, -0.274668, 0.3, -0.0, 0.274668, 0.961539, 0.0, 0.0, 0.0, 0.0, 1.0],
                [1.0, -0.0, 0.0, -0.0, -0.0, 0.698036, -0.716062, 0.3, -0.0, 0.716062, 0.698036, 0.0, 0.0, 0.0, 0.0, 1.0],
                [1.0, 0.0, 0.0, -0.0, -0.0, 0.961539, -0.274669, 0.3, -0.0, 0.274668, 0.961539, 0.0, 0.0, 0.0, 0.0, 1.0]
            ]
        },
        {
            "name": "Tool_L",
            "time": [0.0, 0.15, 0.2667, 0.4167, 0.5333],
            "transform": [
                [1.0, -0.0, 0.0, -0.0, -0.0, -0.89022, -0.455531, 0.272858, 0.0, 0.455251, -0.889697, 0.0, 0.0, 0.0, 0.0, 1.0],
                [1.0, -0.0, 0.0, 0.0, -0.0, -0.89022, -0.455531, 0.272858, 0.0, 0.455251, -0.889697, -0.0, 0.0, 0.0, 0.0, 1.0],
                [1.0, -0.0, 0.0, 0.0, -0.0, -0.89022, -0.455531, 0.272858, 0.0, 0.455251, -0.889697, 0.0, 0.0, 0.0, 0.0, 1.0],
                [1.0, -0.0, 0.0, 0.0, 0.0, -0.89022, -0.455531, 0.272858, 0.0, 0.455251, -0.889697, 0.0, 0.0, 0.0, 0.0, 1.0],
                [1.0, -0.0, 0.0, -0.0, -0.0, -0.89022, -0.455531, 0.272858, 0.0, 0.455251, -0.889697, 0.0, 0.0, 0.0, 0.0, 1.0]
            ]
        },
        {
            "name": "Elbow_L",
            "time": [0.0, 0.15, 0.2667, 0.4167, 0.5333],
            "transform": [
                [-1.0, 0.0, 0.0, -0.0, 0.0, -0.0, -1.0, 0.345497, -0.0, -1.0, -0.0, 0.0, 0.0, 0.0, 0.0, 1.0],
                [-1.0, 0.0, -0.0, 0.0, 0.0, -0.0, -1.0, 0.345497, -0.0, -1.0, 0.0, 0.0, 0.0, 0.0, 0.0, 1.0],
                [-1.0, 0.0, -0.0, -0.0, 0.0, -0.0, -1.0, 0.345497, -0.0, -1.0, -0.0, -0.0, 0.0, 0.0, 0.0, 1.0],
                [-1.0, 0.0, -0.0, -0.0, 0.0, -0.0, -1.0, 0.394217, -0.0, -1.0, -0.0, 0.0, 0.0, 0.0, 0.0, 1.0],
                [-1.0, 0.0, 0.0, -0.0, 0.0, -0.0, -1.0, 0.345497, -0.0, -1.0, -0.0, 0.0, 0.0, 0.0, 0.0, 1.0]
            ]
        }
    ]
}