{
    "animation": [
        {
            "name": "Root",
            "time": [0.0, 0.0833, 0.15, 0.2667, 0.35, 0.4167, 0.5333],
            "transform": [
                [0.836083, -0.0, -0.548603, -5e-06, -0.484331, 0.469668, -0.73813, 0.000946, 0.257661, 0.882843, 0.392681, 0.602502, 0.0, 0.0, 0.0, 1.0],
                [0.901232, 0.001712, -0.433333, -5e-06, -0.375496, 0.502219, -0.77896, 0.000946, 0.216295, 0.864739, 0.453258, 0.758511, 0.0, 0.0, 0.0, 1.0],
                [0.93717, -0.0, -0.348872, -5e-06, -0.297065, 0.524355, -0.798, 0.000946, 0.182933, 0.851499, 0.49141, 0.678271, 0.0, 0.0, 0.0, 1.0],
                [0.866583, -0.0, -0.499033, -5e-06, -0.444395, 0.454962, -0.771702, 0.000946, 0.227041, 0.890511, 0.394262, 0.575305, 0.0, 0.0, 0.0, 1.0],
                [0.921567, 0.029271, -0.387115, -5e-06, -0.35027, 0.492684, -0.796601, 0.000946, 0.167408, 0.869716, 0.464294, 0.758157, 0.0, 0.0, 0.0, 1.0],
                [0.951181, 0.046278, -0.305143, -5e-06, -0.283784, 0.519811, -0.805768, 0.000946, 0.121328, 0.853027, 0.507568, 0.706822, 0.0, 0.0, 0.0, 1.0],
                [0.836083, -0.0, -0.548603, -5e-06, -0.484331, 0.469668, -0.73813, 0.000946, 0.257661, 0.882843, 0.392681, 0.602502, 0.0, 0.0, 0.0, 1.0]
            ]
        },
        {
            "name": "Thigh_R",
            "time": [0.0, 0.0833, 0.15, 0.2667, 0.35, 0.4167, 0.5333],
            "transform": [
                [0.835965, -0.524378, -0.161833, 0.143686, 0.006673, -0.285162, 0.958456, -0.00283, -0.548742, -0.802315, -0.234888, -0.012277, 0.0, 0.0, 0.0, 1.0],
                [0.904684, -0.152977, -0.397673, 0.132647, -0.038345, -0.95877, 0.281583, -0.002831, -0.424353, -0.239494, -0.873251, -0.005034, 0.0, 0.0, 0.0, 1.0],
                [0.942645, 0.058909, -0.328556, 0.124994, 0.018494, -0.992007, -0.124811, -0.002831, -0.333282, 0.111579, -0.936201, -1.2e-05, 0.0, 0.0, 0.0, 1.0],
                [0.860951, 0.244938, -0.445834, 0.140493, 0.00905, -0.883674, -0.468013, -0.002831, -0.508606, 0.398904, -0.763017, -0.008937, 0.0, 0.0, 0.0, 1.0],
                [0.921683, -0.379009, -0.082781, 0.13134, 0.042851, -0.112623, 0.992713, -0.002831, -0.38557, -0.918514, -0.087564, -0.003666, 0.0, 0.0, 0.0, 1.0],
                [0.959291, -0.216413, -0.181456, 0.124994, 0.031963, -0.555188, 0.83111, -0.002831, -0.280606, -0.803075, -0.525672, -1.2e-05, 0.0, 0.0, 0.0, 1.0],
                [0.835965, -0.524378, -0.161833, 0.143686, 0.006673, -0.285162, 0.958456, -0.00283, -0.548742, -0.802315, -0.234888, -0.012277, 0.0, 0.0, 0.0, 1.0]
            ]
        },
        {
            "name": "Leg_R",
            "time": [0.0, 0.0833, 0.15, 0.2667, 0.35, 0.4167, 0.5333],
            "transform": [
                [1.0, 0.0, 0.0, 0.0, -0.0, 0.847763, 0.530376, 0.37472, -1e-06, -0.530379, 0.84776, -0.0, 0.0, 0.0, 0.0, 1.0],
                [1.0, 1e-06, 0.0, -0.0, 0.0, 0.999986, 0.005446, 0.37472, -1e-06, -0.005446, 0.999984, 0.0, 0.0, 0.0, 0.0, 1.0],
                [1.0, 1e-06, 1e-06, 0.0, 0.0, 0.99999, 0.004876, 0.37472, -1e-06, -0.004874, 0.999987, 0.0, 0.0, 0.0, 0.0, 1.0],
                [1.0, -0.0, 1e-06, 0.0, 0.0, 0.570367, 0.82139, 0.37472, -0.0, -0.821391, 0.570366, 0.0, 0.0, 0.0, 0.0, 1.0],
                [1.0, -0.0, 0.0, 0.0, -0.0, 0.419897, 0.90757, 0.37472, -1e-06, -0.907574, 0.419895, 0.0, 0.0, 0.0, 0.0, 1.0],
                [1.0, 0.0, 0.0, 0.0, -0.0, 0.999989, 0.004884, 0.37472, -1e-06, -0.004885, 0.999987, 0.0, 0.0, 0.0, 0.0, 1.0],
                [1.0, 0.0, 0.0, 0.0, -0.0, 0.847763, 0.530376, 0.37472, -1e-06, -0.530379, 0.84776, -0.0, 0.0, 0.0, 0.0, 1.0]
            ]
        },
        {
            "name": "Knee_R",
            "time": [0.0, 0.0833, 0.15, 0.2667, 0.35, 0.4167, 0.5333],
            "transform": [
                [1.0, 0.0, -0.0, 0.0, -0.0, 1e-06, -1.0, 0.388873, -0.0, 1.0, 1e-06, -0.0, 0.0, 0.0, 0.0, 1.0],
                [1.0, 0.0, -0.0, -0.0, -0.0, 1e-06, -1.0, 0.37472, -0.0, 1.0, 1e-06, 0.0, 0.0, 0.0, 0.0, 1.0],
                [1.0, 0.0, -0.0, 0.0, -0.0, 1e-06, -1.0, 0.37472, -0.0, 1.0, 1e-06, -0.0, 0.0, 0.0, 0.0, 1.0],
                [1.0, 0.0, -0.0, 0.0, -0.0, 1e-06, -1.0, 0.425221, -0.0, 1.0, 1e-06, 0.0, 0.0, 0.0, 0.0, 1.0],
                [1.0, 0.0, -0.0, 0.0, -0.0, 1e-06, -1.0, 0.44081, -0.0, 1.0, 1e-06, 0.0, 0.0, 0.0, 0.0, 1.0],
                [1.0, 0.0, -0.0, 0.0, -0.0, 1e-06, -1.0, 0.37472, -0.0, 1.0, 1e-06, 0.0, 0.0, 0.0, 0.0, 1.0],
                [1.0, 0.0, -0.0, 0.0, -0.0, 1e-06, -1.0, 0.388873, -0.0, 1.0, 1e-06, -0.0, 0.0, 0.0, 0.0, 1.0]
            ]
        },
        {
            "name": "Thigh_L",
            "time": [0.0, 0.0833, 0.15, 0.2667, 0.35, 0.4167, 0.5333],
            "transform": [
                [0.837422, 0.202019, -0.50785, -0.142452, -0.007012, -0.925131, -0.379579, -0.002831, -0.546511, 0.321431, -0.77331, 0.011436, 0.0, 0.0, 0.0, 1.0],
                [0.903954, -0.418262, -0.089007, -0.132149, -0.022036, -0.253428, 0.967103, -0.002831, -0.427059, -0.872254, -0.238307, 0.004675, 0.0, 0.0, 0.0, 1.0],
                [0.932113, -0.357549, -0.057638, -0.125006, -0.011815, -0.189088, 0.981888, -0.002831, -0.361973, -0.914549, -0.180479, -1.2e-05, 0.0, 0.0, 0.0, 1.0],
                [0.86472, -0.502038, -0.014633, -0.142055, 0.00017, -0.028845, 0.999583, -0.002831, -0.502252, -0.864362, -0.02486, 0.009806, 0.0, 0.0, 0.0, 1.0],
                [0.92289, -0.177049, -0.341944, -0.131987, 0.018817, -0.866227, 0.499291, -0.002831, -0.384602, -0.467223, -0.796105, 0.004008, 0.0, 0.0, 0.0, 1.0],
                [0.952224, 0.015681, -0.304996, -0.125006, 0.029324, -0.998759, 0.040195, -0.002831, -0.303987, -0.047216, -0.951506, -1.2e-05, 0.0, 0.0, 0.0, 1.0],
                [0.837422, 0.202019, -0.50785, -0.142452, -0.007012, -0.925131, -0.379579, -0.002831, -0.546511, 0.321431, -0.77331, 0.011436, 0.0, 0.0, 0.0, 1.0]
            ]
        },
        {
            "name": "Leg_L",
            "time": [0.0, 0.0833, 0.15, 0.2667, 0.35, 0.4167, 0.5333],
            "transform": [
                [1.0, -0.0, 1e-06, 0.0, 0.0, 0.69484, 0.719166, 0.37472, -0.0, -0.719164, 0.694839, 0.0, 0.0, 0.0, 0.0, 1.0],
                [1.0, -0.0, 0.0, 0.0, -0.0, -0.21649, 0.976284, 0.37472, -1e-06, -0.976286, -0.21649, 0.0, 0.0, 0.0, 0.0, 1.0],
                [1.0, 0.0, 0.0, -0.0, -0.0, 0.918241, 0.396025, 0.37472, -1e-06, -0.396027, 0.918237, 0.0, 0.0, 0.0, 0.0, 1.0],
                [1.0, -0.0, 0.0, -0.0, -0.0, 0.503319, 0.864101, 0.37472, -1e-06, -0.864103, 0.503316, 0.0, 0.0, 0.0, 0.0, 1.0],
                [1.0, -0.0, 1e-06, 0.0, 0.0, 0.452136, 0.891949, 0.37472, -1e-06, -0.89195, 0.452133, -0.0, 0.0, 0.0, 0.0, 1.0],
                [1.0, -0.0, 1e-06, 0.0, 0.0, 0.635861, 0.771805, 0.37472, -1e-06, -0.771804, 0.635859, 0.0, 0.0, 0.0, 0.0, 1.0],
                [1.0, -0.0, 1e-06, 0.0, 0.0, 0.69484, 0.719166, 0.37472, -0.0, -0.719164, 0.694839, 0.0, 0.0, 0.0, 0.0, 1.0]
            ]
        },
        {
            "name": "Knee_L",
            "time": [0.0, 0.0833, 0.15, 0.2667, 0.35, 0.4167, 0.5333],
            "transform": [
                [1.0, 0.0, -0.0, 0.0, -0.0, 1e-06, -1.0, 0.410742, -0.0, 1.0, 1e-06, 0.0, 0.0, 0.0, 0.0, 1.0],
                [1.0, 0.0, -0.0, 0.0, -0.0, 1e-06, -1.0, 0.47972, -0.0, 1.0, 1e-06, -0.0, 0.0, 0.0, 0.0, 1.0],
                [1.0, 0.0, -0.0, -0.0, -0.0, 1e-06, -1.0, 0.375237, -0.0, 1.0, 1e-06, 0.0, 0.0, 0.0, 0.0, 1.0],
                [1.0, 0.0, -0.0, -0.0, -0.0, 1e-06, -1.0, 0.432361, -0.0, 1.0, 1e-06, -0.0, 0.0, 0.0, 0.0, 1.0],
                [1.0, 0.0, -0.0, 0.0, -0.0, 1e-06, -1.0, 0.437594, -0.0, 1.0, 1e-06, -0.0, 0.0, 0.0, 0.0, 1.0],
                [1.0, 0.0, -0.0, 0.0, -0.0, 1e-06, -1.0, 0.417843, -0.0, 1.0, 1e-06, 0.0, 0.0, 0.0, 0.0, 1.0],
                [1.0, 0.0, -0.0, 0.0, -0.0, 1e-06, -1.0, 0.410742, -0.0, 1.0, 1e-06, 0.0, 0.0, 0.0, 0.0, 1.0]
            ]
        },
        {
            "name": "Torso",
            "time": [0.0, 0.15, 0.2667, 0.4167, 0.5333],
            "transform": [
                [1.0, -0.0, -0.0, -0.0, 0.0, 1.0, 0.0, 0.05, -0.0, 0.0, 1.0, -0.0, 0.0, 0.0, 0.0, 1.0],
                [1.0, 0.0, -0.0, 0.0, 0.0, 1.0, 0.0, 0.05, -0.0, -0.0, 1.0, -0.0, 0.0, 0.0, 0.0, 1.0],
                [1.0, 0.0, 0.0, -0.0, 0.0, 1.0, 0.0, 0.05, 0.0, 0.0, 1.0, 0.0, 0.0, 0.0, 0.0, 1.0],
                [1.0, -0.0, 0.0, 0.0, 0.0, 1.0, 0.0, 0.05, 0.0, 0.0, 1.0, -0.0, 0.0, 0.0, 0.0, 1.0],
                [1.0, -0.0, -0.0, -0.0, 0.0, 1.0, 0.0, 0.05, -0.0, 0.0, 1.0, -0.0, 0.0, 0.0, 0.0, 1.0]
            ]
        },
        {
            "name": "Chest",
            "time": [0.0, 0.15, 0.2667, 0.4167, 0.5333],
            "transform": [
                [1.0, -0.0, -0.0, -0.0, 0.0, 1.0, 0.0, 0.3, -0.0, 0.0, 1.0, 0.0, 0.0, 0.0, 0.0, 1.0],
                [0.961919, -0.075774, 0.262623, 0.0, 0.017541, 0.975939, 0.217339, 0.3, -0.272772, -0.204455, 0.940103, -0.0, 0.0, 0.0, 0.0, 1.0],
                [1.0, 0.0, 0.0, 0.0, 0.0, 1.0, 0.0, 0.3, 0.0, 0.0, 1.0, -0.0, 0.0, 0.0, 0.0, 1.0],
                [0.997559, -0.06754, -0.017707, -0.0, 0.069781, 0.973156, 0.219314, 0.3, 0.002419, -0.220015, 0.975494, -0.0, 0.0, 0.0, 0.0, 1.0],
                [1.0, -0.0, -0.0, -0.0, 0.0, 1.0, 0.0, 0.3, -0.0, 0.0, 1.0, 0.0, 0.0, 0.0, 0.0, 1.0]
            ]
        },
        {
            "name": "Head",
            "time": [0.0, 0.15, 0.2667, 0.4167, 0.5333],
            "transform": [
                [0.830885, 0.25981, 0.492066, -0.0, 0.003401, 0.881916, -0.471394, 0.4, -0.556434, 0.393348, 0.731887, 0.0, 0.0, 0.0, 0.0, 1.0],
                [0.996155, 0.056198, 0.067205, 0.0, 0.000549, 0.763112, -0.646267, 0.4, -0.087604, 0.643819, 0.760147, -0.0, 0.0, 0.0, 0.0, 1.0],
                [0.864572, 0.230269, 0.446644, 0.0, -0.005441, 0.893067, -0.449891, 0.4, -0.502479, 0.386533, 0.773374, -0.0, 0.0, 0.0, 0.0, 1.0],
                [0.952158, 0.178255, 0.248235, 0.0, 0.040116, 0.732339, -0.679758, 0.4, -0.302962, 0.657195, 0.690151, 0.0, 0.0, 0.0, 0.0, 1.0],
                [0.830885, 0.25981, 0.492066, -0.0, 0.003401, 0.881916, -0.471394, 0.4, -0.556434, 0.393348, 0.731887, 0.0, 0.0, 0.0, 0.0, 1.0]
            ]
        },
        {
            "name": "Shoulder_R",
            "time": [0.0, 0.15, 0.2667, 0.4167, 0.5333],
            "transform": [
                [-0.056094, 0.906703, 0.418023, -0.0, 0.334238, -0.377472, 0.863597, 0.4, 0.940818, 0.188162, -0.281881, 0.0, 0.0, 0.0, 0.0, 1.0],
                [-0.123264, 0.848586, 0.514498, 0.0, 0.307136, -0.460374, 0.832901, 0.4, 0.943649, 0.260687, -0.203883, -0.0, 0.0, 0.0, 0.0, 1.0],
                [-0.056094, 0.906703, 0.418023, 0.0, 0.334238, -0.377472, 0.863597, 0.4, 0.940818, 0.188162, -0.281881, -0.0, 0.0, 0.0, 0.0, 1.0],
                [-0.133981, 0.801832, 0.582335, 0.0, 0.375591, -0.502705, 0.778601, 0.4, 0.91705, 0.323038, -0.233808, 0.0, 0.0, 0.0, 0.0, 1.0],
                [-0.056094, 0.906703, 0.418023, -0.0, 0.334238, -0.377472, 0.863597, 0.4, 0.940818, 0.188162, -0.281881, 0.0, 0.0, 0.0, 0.0, 1.0]
            ]
        },
        {
            "name": "Arm_R",
            "time": [0.0, 0.15, 0.2667, 0.4167, 0.5333],
            "transform": [
                [0.532979, 0.42861, -0.729539, 0.0, 0.370069, 0.657288, 0.656523, 0.393861, 0.76091, -0.619892, 0.191705, -0.0, 0.0, 0.0, 0.0, 1.0],
                [0.788523, 0.310965, -0.530597, 0.0, 0.315986, 0.535317, 0.783319, 0.39386, 0.527622, -0.785326, 0.323849, -0.0, 0.0, 0.0, 0.0, 1.0],
                [0.536451, 0.331342, -0.776166, -0.0, 0.377656, 0.728225, 0.571895, 0.393861, 0.754717, -0.599917, 0.265523, -0.0, 0.0, 0.0, 0.0, 1.0],
                [0.783989, 0.212418, -0.583301, -0.0, 0.434112, 0.484072, 0.759751, 0.39386, 0.443744, -0.848855, 0.287294, -0.0, 0.0, 0.0, 0.0, 1.0],
                [0.532979, 0.42861, -0.729539, 0.0, 0.370069, 0.657288, 0.656523, 0.393861, 0.76091, -0.619892, 0.191705, -0.0, 0.0, 0.0, 0.0, 1.0]
            ]
        },
        {
            "name": "Hand_R",
            "time": [0.0, 0.15, 0.2667, 0.4167, 0.5333],
            "transform": [
                [1.0, 0.0, 0.0, 0.0, -0.0, 0.905771, -0.423767, 0.3, -0.0, 0.423767, 0.905771, 0.0, 0.0, 0.0, 0.0, 1.0],
                [1.0, 0.0, 0.0, -0.0, -0.0, 0.848773, -0.528757, 0.3, -0.0, 0.528757, 0.848773, -0.0, 0.0, 0.0, 0.0, 1.0],
                [1.0, 0.0, 0.0, 0.0, -0.0, 0.905771, -0.423767, 0.3, -0.0, 0.423767, 0.905771, 0.0, 0.0, 0.0, 0.0, 1.0],
                [1.0, 0.0, 0.0, 0.0, -0.0, 0.748064, -0.663626, 0.3, -0.0, 0.663627, 0.748064, -0.0, 0.0, 0.0, 0.0, 1.0],
                [1.0, 0.0, 0.0, 0.0, -0.0, 0.905771, -0.423767, 0.3, -0.0, 0.423767, 0.905771, 0.0, 0.0, 0.0, 0.0, 1.0]
            ]
        },
        {
            "name": "Tool_R",
            "time": [0.0, 0.15, 0.2667, 0.4167, 0.5333],
            "transform": [
                [1.0, -0.0, 0.0, 0.0, -0.0, -0.999836, 0.018122, 0.272858, 0.0, -0.018122, -0.999241, 0.0, 0.0, 0.0, 0.0, 1.0],
                [1.0, -0.0, 0.0, -0.0, -0.0, -0.999836, 0.018122, 0.272858, 0.0, -0.018122, -0.999241, -0.0, 0.0, 0.0, 0.0, 1.0],
                [1.0, -0.0, 0.0, -0.0, -0.0, -0.999836, 0.018122, 0.272858, 0.0, -0.018122, -0.999241, 0.0, 0.0, 0.0, 0.0, 1.0],
                [1.0, -0.0, 0.0, -0.0, -0.0, -0.999836, 0.018122, 0.272858, 0.0, -0.018122, -0.999241, 0.0, 0.0, 0.0, 0.0, 1.0],
                [1.0, -0.0, 0.0, 0.0, -0.0, -0.999836, 0.018122, 0.272858, 0.0, -0.018122, -0.999241, 0.0, 0.0, 0.0, 0.0, 1.0]
            ]
        },
        {
            "name": "Elbow_R",
            "time": [0.0, 0.15, 0.2667, 0.4167, 0.5333],
            "transform": [
                [-1.0, 0.0, -0.0, 0.0, 0.0, -0.0, -1.0, 0.351332, -0.0, -1.0, 0.0, 0.0, 0.0, 0.0, 0.0, 1.0],
                [-1.0, 0.0, -0.0, -0.0, 0.0, -0.0, -1.0, 0.362534, -0.0, -1.0, 0.0, 0.0, 0.0, 0.0, 0.0, 1.0],
                [-1.0, 0.0, -0.0, -0.0, 0.0, -0.0, -1.0, 0.351332, -0.0, -1.0, 0.0, 0.0, 0.0, 0.0, 0.0, 1.0],
                [-1.0, 0.0, -0.0, 0.0, 0.0, -0.0, -1.0, 0.378326, -0.0, -1.0, 0.0, -0.0, 0.0, 0.0, 0.0, 1.0],
                [-1.0, 0.0, -0.0, 0.0, 0.0, -0.0, -1.0, 0.351332, -0.0, -1.0, 0.0, 0.0, 0.0, 0.0, 0.0, 1.0]
            ]
        },
        {
            "name": "Shoulder_L",
            "time": [0.0, 0.15, 0.2667, 0.4167, 0.5333],
            "transform": [
                [0.093479, -0.952114, -0.291103, -0.0, -0.291103, -0.305743, 0.906521, 0.4, -0.952114, 0.0, -0.305743, 0.0, 0.0, 0.0, 0.0, 1.0],
                [0.01116, -0.903359, -0.428739, 0.0, -0.275811, -0.414914, 0.867049, 0.4, -0.961147, 0.108574, -0.253787, -0.0, 0.0, 0.0, 0.0, 1.0],
                [0.093479, -0.952114, -0.291103, 0.0, -0.291103, -0.305743, 0.906521, 0.4, -0.952114, 0.0, -0.305743, -0.0, 0.0, 0.0, 0.0, 1.0],
                [0.208697, -0.975917, -0.063496, 0.0, -0.362543, -0.137502, 0.921768, 0.4, -0.9083, -0.16935, -0.382508, 0.0, 0.0, 0.0, 0.0, 1.0],
                [0.093479, -0.952114, -0.291103, -0.0, -0.291103, -0.305743, 0.906521, 0.4, -0.952114, 0.0, -0.305743, 0.0, 0.0, 0.0, 0.0, 1.0]
            ]
        },
        {
            "name": "Arm_L",
            "time": [0.0, 0.15, 0.2667, 0.4167, 0.5333],
            "transform": [
                [0.111278, 0.332866, 0.936385, -0.0, -0.824904, 0.556401, -0.099759, 0.39386, -0.554212, -0.761327, 0.336497, -0.0, 0.0, 0.0, 0.0, 1.0],
                [0.18025, -0.287087, 0.940793, 0.0, -0.841683, 0.449926, 0.298558, 0.39386, -0.508999, -0.845664, -0.160537, -0.0, 0.0, 0.0, 0.0, 1.0],
                [0.361249, 0.075592, 0.929401, -0.0, -0.751519, 0.613645, 0.242197, 0.39386, -0.552014, -0.785956, 0.278487, -0.0, 0.0, 0.0, 0.0, 1.0],
                [0.366818, 0.762956, 0.5323, -0.0, -0.407828, 0.646156, -0.645104, 0.39386, -0.836135, 0.019548, 0.548176, 0.0, 0.0, 0.0, 0.0, 1.0],
                [0.111278, 0.332866, 0.936385, -0.0, -0.824904, 0.556401, -0.099759, 0.39386, -0.554212, -0.761327, 0.336497, -0.0, 0.0, 0.0, 0.0, 1.0]
            ]
        },
        {
            "name": "Hand_L",
            "time": [0.0, 0.15, 0.2667, 0.4167, 0.5333],
            "transform": [
                [1.0, 0.0, -0.0, 0.0, -0.0, 0.235251, -0.971935, 0.3, -0.0, 0.971935, 0.235251, 0.0, 0.0, 0.0, 0.0, 1.0],
                [1.0, 0.0, -0.0, 0.0, -0.0, 0.322114, -0.946701, 0.3, -0.0, 0.946701, 0.322114, 0.0, 0.0, 0.0, 0.0, 1.0],
                [1.0, 0.0, 0.0, 0.0, -0.0, 0.660163, -0.751123, 0.3, -0.0, 0.751123, 0.660162, 0.0, 0.0, 0.0, 0.0, 1.0],
                [1.0, 0.0, -0.0, 0.0, -0.0, 0.684322, -0.72918, 0.3, -0.0, 0.72918, 0.684322, 0.0, 0.0, 0.0, 0.0, 1.0],
                [1.0, 0.0, -0.0, 0.0, -0.0, 0.235251, -0.971935, 0.3, -0.0, 0.971935, 0.235251, 0.0, 0.0, 0.0, 0.0, 1.0]
            ]
        },
        {
            "name": "Tool_L",
            "time": [0.0, 0.5333],
            "transform": [
                [1.0, -0.0, 0.0, -0.0, 0.0, -0.999836, 0.018122, 0.272858, 0.0, -0.018122, -0.999243, 0.0, 0.0, 0.0, 0.0, 1.0],
                [1.0, -0.0, 0.0, -0.0, 0.0, -0.999836, 0.018122, 0.272858, 0.0, -0.018122, -0.999243, 0.0, 0.0, 0.0, 0.0, 1.0]
            ]
        },
        {
            "name": "Elbow_L",
            "time": [0.0, 0.15, 0.2667, 0.4167, 0.5333],
            "transform": [
                [-1.0, 0.0, -0.0, 0.0, 0.0, -0.0, -1.0, 0.43527, -0.0, -1.0, -0.0, -0.0, 0.0, 0.0, 0.0, 1.0],
                [-1.0, 0.0, -0.0, 0.0, 0.0, -0.0, -1.0, 0.426791, -0.0, -1.0, -0.0, 0.0, 0.0, 0.0, 0.0, 1.0],
                [-1.0, 0.0, -0.0, 0.0, 0.0, -0.0, -1.0, 0.389956, -0.0, -1.0, -0.0, 0.0, 0.0, 0.0, 0.0, 1.0],
                [-1.0, 0.0, -0.0, 0.0, 0.0, -0.0, -1.0, 0.386897, -0.0, -1.0, -0.0, -0.0, 0.0, 0.0, 0.0, 1.0],
                [-1.0, 0.0, -0.0, 0.0, 0.0, -0.0, -1.0, 0.43527, -0.0, -1.0, -0.0, -0.0, 0.0, 0.0, 0.0, 1.0]
            ]
        }
    ]
}