{
    "animation": [
        {
            "name": "Root",
            "time": [0.0, 8.3333],
            "transform": [
                [0.854689, 0.0, -0.51914, -5e-06, -0.51914, 0.0, -0.854689, 0.000946, 0.0, 1.0, 0.0, 0.755725, 0.0, 0.0, 0.0, 1.0],
                [0.854689, 0.0, -0.51914, -5e-06, -0.51914, 0.0, -0.854689, 0.000946, 0.0, 1.0, 0.0, 0.755725, 0.0, 0.0, 0.0, 1.0]
            ]
        },
        {
            "name": "Thigh_R",
            "time": [0.0, 8.3333],
            "transform": [
                [0.996122, 0.056386, -0.067528, 0.124994, 0.068868, -0.977426, 0.199728, -0.002831, -0.054742, -0.203604, -0.977522, -1.2e-05, 0.0, 0.0, 0.0, 1.0],
                [0.996122, 0.056386, -0.067528, 0.124994, 0.068868, -0.977426, 0.199728, -0.002831, -0.054742, -0.203604, -0.977522, -1.2e-05, 0.0, 0.0, 0.0, 1.0]
            ]
        },
        {
            "name": "Leg_R",
            "time": [0.0, 8.3333],
            "transform": [
                [1.0, -0.0, 2e-06, -0.0, -0.0, 0.9661, 0.258173, 0.37472, -2e-06, -0.258173, 0.966098, -0.0, 0.0, 0.0, 0.0, 1.0],
                [1.0, -0.0, 2e-06, -0.0, -0.0, 0.9661, 0.258173, 0.37472, -2e-06, -0.258173, 0.966098, -0.0, 0.0, 0.0, 0.0, 1.0]
            ]
        },
        {
            "name": "Knee_R",
            "time": [0.0, 8.3333],
            "transform": [
                [1.0, 0.0, -0.0, -0.0, -0.0, 1e-06, -1.0, 0.37472, -0.0, 1.0, 1e-06, -0.0, 0.0, 0.0, 0.0, 1.0],
                [1.0, 0.0, -0.0, -0.0, -0.0, 1e-06, -1.0, 0.37472, -0.0, 1.0, 1e-06, -0.0, 0.0, 0.0, 0.0, 1.0]
            ]
        },
        {
            "name": "Thigh_L",
            "time": [0.0, 8.3333],
            "transform": [
                [0.866589, -0.133703, -0.480778, -0.125006, -0.027838, -0.974891, 0.220935, -0.002831, -0.498246, -0.178075, -0.848552, -1.2e-05, 0.0, 0.0, 0.0, 1.0],
                [0.866589, -0.133703, -0.480778, -0.125006, -0.027838, -0.974891, 0.220935, -0.002831, -0.498246, -0.178075, -0.848552, -1.2e-05, 0.0, 0.0, 0.0, 1.0]
            ]
        },
        {
            "name": "Leg_L",
            "time": [0.0, 8.3333],
            "transform": [
                [1.0, -0.0, 1e-06, 0.0, 0.0, 0.984973, 0.172708, 0.37472, -1e-06, -0.172708, 0.984973, -0.0, 0.0, 0.0, 0.0, 1.0],
                [1.0, -0.0, 1e-06, 0.0, 0.0, 0.984973, 0.172708, 0.37472, -1e-06, -0.172708, 0.984973, -0.0, 0.0, 0.0, 0.0, 1.0]
            ]
        },
        {
            "name": "Knee_L",
            "time": [0.0, 8.3333],
            "transform": [
                [1.0, 0.0, -0.0, 0.0, -0.0, 1e-06, -1.0, 0.37472, -0.0, 1.0, 1e-06, -0.0, 0.0, 0.0, 0.0, 1.0],
                [1.0, 0.0, -0.0, 0.0, -0.0, 1e-06, -1.0, 0.37472, -0.0, 1.0, 1e-06, -0.0, 0.0, 0.0, 0.0, 1.0]
            ]
        },
        {
            "name": "Torso",
            "time": [0.0, 8.3333],
            "transform": [
                [1.0, 0.0, 0.0, -0.0, 0.0, 1.0, 0.0, 0.05, 0.0, 0.0, 1.0, 0.0, 0.0, 0.0, 0.0, 1.0],
                [1.0, 0.0, 0.0, -0.0, 0.0, 1.0, 0.0, 0.05, 0.0, 0.0, 1.0, 0.0, 0.0, 0.0, 0.0, 1.0]
            ]
        },
        {
            "name": "Chest",
            "time": [0.0, 8.3333],
            "transform": [
                [0.854563, 0.0, 0.519348, -0.0, 0.0, 1.0, 0.0, 0.3, -0.519348, 0.0, 0.854563, 0.0, 0.0, 0.0, 0.0, 1.0],
                [0.854563, 0.0, 0.519348, -0.0, 0.0, 1.0, 0.0, 0.3, -0.519348, 0.0, 0.854563, 0.0, 0.0, 0.0, 0.0, 1.0]
            ]
        },
        {
            "name": "Head",
            "time": [0.0, 8.3333],
            "transform": [
                [1.0, 0.0, 0.0, 0.0, 0.0, 1.0, 0.0, 0.4, 0.0, 0.0, 1.0, -0.0, 0.0, 0.0, 0.0, 1.0],
                [1.0, 0.0, 0.0, 0.0, 0.0, 1.0, 0.0, 0.4, 0.0, 0.0, 1.0, -0.0, 0.0, 0.0, 0.0, 1.0]
            ]
        },
        {
            "name": "Shoulder_R",
            "time": [0.0, 8.3333],
            "transform": [
                [0.399363, 0.872891, 0.280303, 0.0, 0.0, -0.305743, 0.952114, 0.4, 0.916793, -0.380239, -0.122103, -0.0, 0.0, 0.0, 0.0, 1.0],
                [0.399363, 0.872891, 0.280303, 0.0, 0.0, -0.305743, 0.952114, 0.4, 0.916793, -0.380239, -0.122103, -0.0, 0.0, 0.0, 0.0, 1.0]
            ]
        },
        {
            "name": "Arm_R",
            "time": [0.0, 8.3333],
            "transform": [
                [-0.62258, -0.782552, 0.002823, 0.0, -0.03688, 0.025737, -0.998988, 0.39386, 0.781687, -0.622054, -0.044884, 0.0, 0.0, 0.0, 0.0, 1.0],
                [-0.62258, -0.782552, 0.002823, 0.0, -0.03688, 0.025737, -0.998988, 0.39386, 0.781687, -0.622054, -0.044884, 0.0, 0.0, 0.0, 0.0, 1.0]
            ]
        },
        {
            "name": "Hand_R",
            "time": [0.0, 8.3333],
            "transform": [
                [0.750275, 0.159066, -0.641704, 0.0, -0.608187, 0.546635, -0.575586, 0.3, 0.259221, 0.822125, 0.506869, 0.0, 0.0, 0.0, 0.0, 1.0],
                [0.750275, 0.159066, -0.641704, 0.0, -0.608187, 0.546635, -0.575586, 0.3, 0.259221, 0.822125, 0.506869, 0.0, 0.0, 0.0, 0.0, 1.0]
            ]
        },
        {
            "name": "Tool_R",
            "time": [0.0, 8.3333],
            "transform": [
                [0.027629, 0.125464, -0.991714, -0.0, 0.144714, -0.982143, -0.120222, 0.272858, -0.988501, -0.140121, -0.045266, -0.0, 0.0, 0.0, 0.0, 1.0],
                [0.027629, 0.125464, -0.991714, -0.0, 0.144714, -0.982143, -0.120222, 0.272858, -0.988501, -0.140121, -0.045266, -0.0, 0.0, 0.0, 0.0, 1.0]
            ]
        },
        {
            "name": "Elbow_R",
            "time": [0.0, 8.3333],
            "transform": [
                [-0.757634, 0.258757, -0.599196, 0.046148, 0.600407, -0.083685, -0.795304, 0.370821, -0.255934, -0.96231, -0.091957, 0.012759, 0.0, 0.0, 0.0, 1.0],
                [-0.757634, 0.258757, -0.599196, 0.046148, 0.600407, -0.083685, -0.795304, 0.370821, -0.255934, -0.96231, -0.091957, 0.012759, 0.0, 0.0, 0.0, 1.0]
            ]
        },
        {
            "name": "Shoulder_L",
            "time": [0.0, 8.3333],
            "transform": [
                [0.088499, -0.949454, -0.301172, 0.0, -0.003901, -0.302687, 0.953082, 0.4, -0.996069, -0.083172, -0.030491, -0.0, 0.0, 0.0, 0.0, 1.0],
                [0.088499, -0.949454, -0.301172, 0.0, -0.003901, -0.302687, 0.953082, 0.4, -0.996069, -0.083172, -0.030491, -0.0, 0.0, 0.0, 0.0, 1.0]
            ]
        },
        {
            "name": "Arm_L",
            "time": [0.0, 8.3333],
            "transform": [
                [0.103653, -0.565684, 0.818082, 0.0, -0.911799, 0.274544, 0.305368, 0.39386, -0.397341, -0.777578, -0.487332, -0.0, 0.0, 0.0, 0.0, 1.0],
                [0.103653, -0.565684, 0.818082, 0.0, -0.911799, 0.274544, 0.305368, 0.39386, -0.397341, -0.777578, -0.487332, -0.0, 0.0, 0.0, 0.0, 1.0]
            ]
        },
        {
            "name": "Hand_L",
            "time": [0.0, 8.3333],
            "transform": [
                [1.020759, 0.002433, -0.000522, 0.0, -0.002488, 0.915712, -0.401828, 0.3, -0.00051, 0.401828, 0.915715, 0.0, 0.0, 0.0, 0.0, 1.0],
                [1.020759, 0.002433, -0.000522, 0.0, -0.002488, 0.915712, -0.401828, 0.3, -0.00051, 0.401828, 0.915715, 0.0, 0.0, 0.0, 0.0, 1.0]
            ]
        },
        {
            "name": "Tool_L",
            "time": [0.0, 8.3333],
            "transform": [
                [1.0, 0.0, 0.0, 0.0, 0.0, -0.999836, 0.018122, 0.272858, 0.0, -0.018122, -0.999248, -0.0, 0.0, 0.0, 0.0, 1.0],
                [1.0, 0.0, 0.0, 0.0, 0.0, -0.999836, 0.018122, 0.272858, 0.0, -0.018122, -0.999248, -0.0, 0.0, 0.0, 0.0, 1.0]
            ]
        },
        {
            "name": "Elbow_L",
            "time": [0.0, 8.3333],
            "transform": [
                [-1.0, 0.0, -0.0, 0.0, 0.0, 0.0, -1.0, 0.356946, -0.0, -1.0, 0.0, 0.0, 0.0, 0.0, 0.0, 1.0],
                [-1.0, 0.0, -0.0, 0.0, 0.0, 0.0, -1.0, 0.356946, -0.0, -1.0, 0.0, 0.0, 0.0, 0.0, 0.0, 1.0]
            ]
        }
    ]
}