{
    "animation": [
        {
            "name": "Root",
            "time": [0.0, 1.6667, 3.3333],
            "transform": [
                [1.0, 0.0, 0.0, -5e-06, 0.0, 0.0, -1.0, 0.000946, 0.0, 1.0, 0.0, 0.723876, 0.0, 0.0, 0.0, 1.0],
                [1.0, 0.0, 0.0, -5e-06, 0.0, 0.0, -1.0, 0.000946, 0.0, 1.0, 0.0, 0.732302, 0.0, 0.0, 0.0, 1.0],
                [1.0, 0.0, 0.0, -5e-06, 0.0, 0.0, -1.0, 0.000946, 0.0, 1.0, 0.0, 0.723876, 0.0, 0.0, 0.0, 1.0]
            ]
        },
        {
            "name": "Thigh_R",
            "time": [0.0, 3.3333],
            "transform": [
                [0.985651, 0.159997, -0.053786, 0.124994, -0.010328, 0.375216, 0.92688, -0.002831, 0.16848, -0.913023, 0.371485, -1.2e-05, 0.0, 0.0, 0.0, 1.0],
                [0.985651, 0.159997, -0.053786, 0.124994, -0.010328, 0.375216, 0.92688, -0.002831, 0.16848, -0.913023, 0.371485, -1.2e-05, 0.0, 0.0, 0.0, 1.0]
            ]
        },
        {
            "name": "Leg_R",
            "time": [0.0, 3.3333],
            "transform": [
                [0.999124, -0.015217, -0.038974, 0.0, 0.039147, 0.668768, 0.74244, 0.37472, 0.014767, -0.743317, 0.668777, -0.0, 0.0, 0.0, 0.0, 1.0],
                [0.999124, -0.015217, -0.038974, 0.0, 0.039147, 0.668768, 0.74244, 0.37472, 0.014767, -0.743317, 0.668777, -0.0, 0.0, 0.0, 0.0, 1.0]
            ]
        },
        {
            "name": "Knee_R",
            "time": [0.0, 3.3333],
            "transform": [
                [1.0, 0.0, -0.0, 0.0, -0.0, 1e-06, -1.0, 0.413933, -0.0, 1.0, 1e-06, 0.0, 0.0, 0.0, 0.0, 1.0],
                [1.0, 0.0, -0.0, 0.0, -0.0, 1e-06, -1.0, 0.413933, -0.0, 1.0, 1e-06, 0.0, 0.0, 0.0, 0.0, 1.0]
            ]
        },
        {
            "name": "Thigh_L",
            "time": [0.0, 3.3333],
            "transform": [
                [0.98565, -0.157805, 0.059914, -0.125006, 0.010329, 0.410668, 0.911726, -0.002831, -0.16848, -0.898026, 0.406404, -1.2e-05, 0.0, 0.0, 0.0, 1.0],
                [0.98565, -0.157805, 0.059914, -0.125006, 0.010329, 0.410668, 0.911726, -0.002831, -0.16848, -0.898026, 0.406404, -1.2e-05, 0.0, 0.0, 0.0, 1.0]
            ]
        },
        {
            "name": "Leg_L",
            "time": [0.0, 3.3333],
            "transform": [
                [0.999124, 0.013972, 0.039439, -0.0, -0.039597, 0.620275, 0.783384, 0.37472, -0.013518, -0.784259, 0.620285, -0.0, 0.0, 0.0, 0.0, 1.0],
                [0.999124, 0.013972, 0.039439, -0.0, -0.039597, 0.620275, 0.783384, 0.37472, -0.013518, -0.784259, 0.620285, -0.0, 0.0, 0.0, 0.0, 1.0]
            ]
        },
        {
            "name": "Knee_L",
            "time": [0.0, 3.3333],
            "transform": [
                [1.0, 0.0, -0.0, -0.0, -0.0, 1e-06, -1.0, 0.419633, -0.0, 1.0, 1e-06, -0.0, 0.0, 0.0, 0.0, 1.0],
                [1.0, 0.0, -0.0, -0.0, -0.0, 1e-06, -1.0, 0.419633, -0.0, 1.0, 1e-06, -0.0, 0.0, 0.0, 0.0, 1.0]
            ]
        },
        {
            "name": "Torso",
            "time": [0.0, 1.6667, 3.3333],
            "transform": [
                [1.0, 0.0, 0.0, 0.0, 0.0, 1.0, 0.0, 0.05, 0.0, 0.0, 1.0, 0.0, 0.0, 0.0, 0.0, 1.0],
                [1.0, 0.0, 0.0, 0.0, 0.0, 0.999994, -0.003521, 0.05, 0.0, 0.003521, 0.999994, 0.0, 0.0, 0.0, 0.0, 1.0],
                [1.0, 0.0, 0.0, 0.0, 0.0, 1.0, 0.0, 0.05, 0.0, 0.0, 1.0, 0.0, 0.0, 0.0, 0.0, 1.0]
            ]
        },
        {
            "name": "Chest",
            "time": [0.0, 1.6667, 3.3333],
            "transform": [
                [1.0, 0.0, 0.0, 0.0, 0.0, 0.997888, 0.064964, 0.3, 0.0, -0.064964, 0.997888, 0.0, 0.0, 0.0, 0.0, 1.0],
                [1.0, 0.0, 0.0, 0.0, 0.0, 0.999924, 0.012304, 0.3, 0.0, -0.012304, 0.999924, -0.0, 0.0, 0.0, 0.0, 1.0],
                [1.0, 0.0, 0.0, 0.0, 0.0, 0.997888, 0.064964, 0.3, 0.0, -0.064964, 0.997888, 0.0, 0.0, 0.0, 0.0, 1.0]
            ]
        },
        {
            "name": "Head",
            "time": [0.0, 1.6667, 3.3333],
            "transform": [
                [1.0, 0.0, 0.0, 0.0, 0.0, 0.997787, -0.066491, 0.4, 0.0, 0.066491, 0.997787, 0.0, 0.0, 0.0, 0.0, 1.0],
                [1.0, 0.0, 0.0, 0.0, 0.0, 0.99991, -0.013404, 0.4, 0.0, 0.013404, 0.99991, 0.0, 0.0, 0.0, 0.0, 1.0],
                [1.0, 0.0, 0.0, 0.0, 0.0, 0.997787, -0.066491, 0.4, 0.0, 0.066491, 0.997787, 0.0, 0.0, 0.0, 0.0, 1.0]
            ]
        },
        {
            "name": "Shoulder_R",
            "time": [0.0, 1.6667, 3.3333],
            "transform": [
                [0.108934, 0.950564, 0.290793, 0.0, 0.289162, -0.310185, 0.905633, 0.4, 0.951062, -0.014568, -0.308657, 0.0, 0.0, 0.0, 0.0, 1.0],
                [0.107391, 0.970734, 0.214809, 0.0, 0.285237, -0.237058, 0.928678, 0.4, 0.952421, -0.03846, -0.302348, 0.0, 0.0, 0.0, 0.0, 1.0],
                [0.108934, 0.950564, 0.290793, 0.0, 0.289162, -0.310185, 0.905633, 0.4, 0.951062, -0.014568, -0.308657, 0.0, 0.0, 0.0, 0.0, 1.0]
            ]
        },
        {
            "name": "Arm_R",
            "time": [0.0, 1.6667, 3.3333],
            "transform": [
                [0.158621, -0.699922, -0.696383, 0.0, 0.853489, 0.451796, -0.259686, 0.39386, 0.496383, -0.553164, 0.66904, 0.0, 0.0, 0.0, 0.0, 1.0],
                [0.149595, -0.717849, -0.679937, 0.0, 0.934197, 0.327876, -0.140622, 0.39386, 0.32388, -0.614158, 0.719661, 0.0, 0.0, 0.0, 0.0, 1.0],
                [0.158621, -0.699922, -0.696383, 0.0, 0.853489, 0.451796, -0.259686, 0.39386, 0.496383, -0.553164, 0.66904, 0.0, 0.0, 0.0, 0.0, 1.0]
            ]
        },
        {
            "name": "Hand_R",
            "time": [0.0, 1.6667, 3.3333],
            "transform": [
                [1.0, 0.0, 0.0, -0.0, -0.0, 0.989709, -0.143092, 0.3, -0.0, 0.143092, 0.989709, -0.0, 0.0, 0.0, 0.0, 1.0],
                [1.0, 0.0, 0.0, 0.0, -0.0, 0.989709, -0.143092, 0.3, -0.0, 0.143092, 0.98971, -0.0, 0.0, 0.0, 0.0, 1.0],
                [1.0, 0.0, 0.0, -0.0, -0.0, 0.989709, -0.143092, 0.3, -0.0, 0.143092, 0.989709, -0.0, 0.0, 0.0, 0.0, 1.0]
            ]
        },
        {
            "name": "Tool_R",
            "time": [0.0, 3.3333],
            "transform": [
                [1.0, -0.0, 0.0, 0.0, -0.0, -0.999836, 0.018122, 0.272858, 0.0, -0.018122, -0.999241, 0.0, 0.0, 0.0, 0.0, 1.0],
                [1.0, -0.0, 0.0, 0.0, -0.0, -0.999836, 0.018122, 0.272858, 0.0, -0.018122, -0.999241, 0.0, 0.0, 0.0, 0.0, 1.0]
            ]
        },
        {
            "name": "Elbow_R",
            "time": [0.0, 1.6667, 3.3333],
            "transform": [
                [-1.0, 0.0, -0.0, -0.0, 0.0, 0.0, -1.0, 0.32378, -0.0, -1.0, 0.0, -0.0, 0.0, 0.0, 0.0, 1.0],
                [-1.0, 0.0, -0.0, -0.0, 0.0, -0.0, -1.0, 0.32378, -0.0, -1.0, 0.0, -0.0, 0.0, 0.0, 0.0, 1.0],
                [-1.0, 0.0, -0.0, -0.0, 0.0, 0.0, -1.0, 0.32378, -0.0, -1.0, 0.0, -0.0, 0.0, 0.0, 0.0, 1.0]
            ]
        },
        {
            "name": "Shoulder_L",
            "time": [0.0, 1.6667, 3.3333],
            "transform": [
                [0.106957, -0.950776, -0.290835, 0.0, -0.289415, -0.309618, 0.905746, 0.4, -0.951209, -0.012704, -0.308284, 0.0, 0.0, 0.0, 0.0, 1.0],
                [0.106692, -0.9709, -0.214407, 0.0, -0.289339, -0.236623, 0.927519, 0.4, -0.951262, -0.036922, -0.306165, 0.0, 0.0, 0.0, 0.0, 1.0],
                [0.106957, -0.950776, -0.290835, 0.0, -0.289415, -0.309618, 0.905746, 0.4, -0.951209, -0.012704, -0.308284, 0.0, 0.0, 0.0, 0.0, 1.0]
            ]
        },
        {
            "name": "Arm_L",
            "time": [0.0, 1.6667, 3.3333],
            "transform": [
                [0.158622, 0.699921, 0.696383, 0.0, -0.853485, 0.451801, -0.25969, 0.39386, -0.49639, -0.55316, 0.669037, -0.0, 0.0, 0.0, 0.0, 1.0],
                [0.149597, 0.717848, 0.679937, 0.0, -0.934194, 0.327881, -0.140625, 0.39386, -0.323886, -0.614156, 0.71966, 0.0, 0.0, 0.0, 0.0, 1.0],
                [0.158622, 0.699921, 0.696383, 0.0, -0.853485, 0.451801, -0.25969, 0.39386, -0.49639, -0.55316, 0.669037, -0.0, 0.0, 0.0, 0.0, 1.0]
            ]
        },
        {
            "name": "Hand_L",
            "time": [0.0, 1.6667, 3.3333],
            "transform": [
                [1.0, 0.0, 0.0, -0.0, -0.0, 0.989706, -0.143113, 0.3, -0.0, 0.143113, 0.989707, -0.0, 0.0, 0.0, 0.0, 1.0],
                [1.0, 0.0, 0.0, 0.0, -0.0, 0.989707, -0.143113, 0.3, -0.0, 0.143113, 0.989707, 0.0, 0.0, 0.0, 0.0, 1.0],
                [1.0, 0.0, 0.0, -0.0, -0.0, 0.989706, -0.143113, 0.3, -0.0, 0.143113, 0.989707, -0.0, 0.0, 0.0, 0.0, 1.0]
            ]
        },
        {
            "name": "Tool_L",
            "time": [0.0, 3.3333],
            "transform": [
                [1.0, 0.0, 0.0, -0.0, 0.0, -0.999836, 0.018122, 0.272858, 0.0, -0.018122, -0.999243, -0.0, 0.0, 0.0, 0.0, 1.0],
                [1.0, 0.0, 0.0, -0.0, 0.0, -0.999836, 0.018122, 0.272858, 0.0, -0.018122, -0.999243, -0.0, 0.0, 0.0, 0.0, 1.0]
            ]
        },
        {
            "name": "Elbow_L",
            "time": [0.0, 1.6667, 3.3333],
            "transform": [
                [-1.0, 0.0, -0.0, -0.0, 0.0, 0.0, -1.0, 0.323782, -0.0, -1.0, -0.0, -0.0, 0.0, 0.0, 0.0, 1.0],
                [-1.0, 0.0, -0.0, 0.0, 0.0, -0.0, -1.0, 0.323782, -0.0, -1.0, -0.0, 0.0, 0.0, 0.0, 0.0, 1.0],
                [-1.0, 0.0, -0.0, -0.0, 0.0, 0.0, -1.0, 0.323782, -0.0, -1.0, -0.0, -0.0, 0.0, 0.0, 0.0, 1.0]
            ]
        }
    ]
}