{
    "animation": [
        {
            "name": "Root",
            "time": [0.0, 2.6667],
            "transform": [
                [1.0, 0.0, 0.0, -5e-06, 0.0, -1.0, 0.0, 0.787377, 0.0, -0.0, -1.0, 0.124371, 0.0, 0.0, 0.0, 1.0],
                [1.0, 0.0, 0.0, -5e-06, 0.0, -1.0, 0.0, 0.787377, 0.0, -0.0, -1.0, 0.124371, 0.0, 0.0, 0.0, 1.0]
            ]
        },
        {
            "name": "Thigh_R",
            "time": [0.0, 2.6667],
            "transform": [
                [1.0, -0.0, -0.0, 0.124994, 0.0, -1.0, 1e-06, -0.002831, -0.0, -0.0, -1.0, -1.2e-05, 0.0, 0.0, 0.0, 1.0],
                [1.0, -0.0, -0.0, 0.124994, 0.0, -1.0, 1e-06, -0.002831, -0.0, -0.0, -1.0, -1.2e-05, 0.0, 0.0, 0.0, 1.0]
            ]
        },
        {
            "name": "Leg_R",
            "time": [0.0, 2.6667],
            "transform": [
                [1.0, 0.0, 1e-06, 0.0, -0.0, 1.0, 0.0, 0.37472, -1e-06, -0.0, 1.0, 0.0, 0.0, 0.0, 0.0, 1.0],
                [1.0, 0.0, 1e-06, 0.0, -0.0, 1.0, 0.0, 0.37472, -1e-06, -0.0, 1.0, 0.0, 0.0, 0.0, 0.0, 1.0]
            ]
        },
        {
            "name": "Knee_R",
            "time": [0.0, 2.6667],
            "transform": [
                [1.0, 0.0, -0.0, 0.0, -0.0, 1e-06, -1.0, 0.37472, -0.0, 1.0, 1e-06, 0.0, 0.0, 0.0, 0.0, 1.0],
                [1.0, 0.0, -0.0, 0.0, -0.0, 1e-06, -1.0, 0.37472, -0.0, 1.0, 1e-06, 0.0, 0.0, 0.0, 0.0, 1.0]
            ]
        },
        {
            "name": "Thigh_L",
            "time": [0.0, 2.6667],
            "transform": [
                [1.0, -0.0, -0.0, -0.125006, 0.0, -1.0, 1e-06, -0.002831, -0.0, -0.0, -1.0, -1.2e-05, 0.0, 0.0, 0.0, 1.0],
                [1.0, -0.0, -0.0, -0.125006, 0.0, -1.0, 1e-06, -0.002831, -0.0, -0.0, -1.0, -1.2e-05, 0.0, 0.0, 0.0, 1.0]
            ]
        },
        {
            "name": "Leg_L",
            "time": [0.0, 2.6667],
            "transform": [
                [1.0, 0.0, 1e-06, -0.0, -0.0, 1.0, 0.0, 0.37472, -1e-06, -0.0, 1.0, 0.0, 0.0, 0.0, 0.0, 1.0],
                [1.0, 0.0, 1e-06, -0.0, -0.0, 1.0, 0.0, 0.37472, -1e-06, -0.0, 1.0, 0.0, 0.0, 0.0, 0.0, 1.0]
            ]
        },
        {
            "name": "Knee_L",
            "time": [0.0, 2.6667],
            "transform": [
                [1.0, 0.0, -0.0, -0.0, -0.0, 1e-06, -1.0, 0.37472, -0.0, 1.0, 1e-06, 0.0, 0.0, 0.0, 0.0, 1.0],
                [1.0, 0.0, -0.0, -0.0, -0.0, 1e-06, -1.0, 0.37472, -0.0, 1.0, 1e-06, 0.0, 0.0, 0.0, 0.0, 1.0]
            ]
        },
        {
            "name": "Torso",
            "time": [0.0, 1.3333, 2.6667],
            "transform": [
                [1.0, 0.0, 0.0, 0.0, 0.0, 1.0, 0.0, 0.05, 0.0, 0.0, 1.0, 0.0, 0.0, 0.0, 0.0, 1.0],
                [0.999986, -0.004749, 0.002524, 0.0, 0.004657, 0.999374, 0.035062, 0.05, -0.002689, -0.03505, 0.999382, 0.0, 0.0, 0.0, 0.0, 1.0],
                [1.0, 0.0, 0.0, 0.0, 0.0, 1.0, 0.0, 0.05, 0.0, 0.0, 1.0, 0.0, 0.0, 0.0, 0.0, 1.0]
            ]
        },
        {
            "name": "Chest",
            "time": [0.0, 1.3333, 2.6667],
            "transform": [
                [1.0, 0.0, 0.0, 0.0, 0.0, 1.0, 0.0, 0.3, 0.0, 0.0, 1.0, -0.0, 0.0, 0.0, 0.0, 1.0],
                [1.0, -9.7e-05, -0.000174, -0.0, 9e-05, 0.999312, -0.037086, 0.3, 0.000178, 0.037086, 0.999312, 0.0, 0.0, 0.0, 0.0, 1.0],
                [1.0, 0.0, 0.0, 0.0, 0.0, 1.0, 0.0, 0.3, 0.0, 0.0, 1.0, -0.0, 0.0, 0.0, 0.0, 1.0]
            ]
        },
        {
            "name": "Head",
            "time": [0.0, 2.6667],
            "transform": [
                [1.0, 0.0, 0.0, 0.0, 0.0, 0.981834, 0.189741, 0.4, 0.0, -0.189741, 0.981834, -0.0, 0.0, 0.0, 0.0, 1.0],
                [1.0, 0.0, 0.0, 0.0, 0.0, 0.981834, 0.189741, 0.4, 0.0, -0.189741, 0.981834, -0.0, 0.0, 0.0, 0.0, 1.0]
            ]
        },
        {
            "name": "Shoulder_R",
            "time": [0.0, 2.6667],
            "transform": [
                [0.0, 0.952114, 0.305743, 0.0, 0.0, -0.305743, 0.952114, 0.4, 1.0, -0.0, -0.0, -0.0, 0.0, 0.0, 0.0, 1.0],
                [0.0, 0.952114, 0.305743, 0.0, 0.0, -0.305743, 0.952114, 0.4, 1.0, -0.0, -0.0, -0.0, 0.0, 0.0, 0.0, 1.0]
            ]
        },
        {
            "name": "Arm_R",
            "time": [0.0, 2.6667],
            "transform": [
                [-0.900996, -0.09271, -0.423806, -0.0, 0.392582, 0.241503, -0.887444, 0.393861, 0.184626, -0.965961, -0.181196, 0.0, 0.0, 0.0, 0.0, 1.0],
                [-0.900996, -0.09271, -0.423806, -0.0, 0.392582, 0.241503, -0.887444, 0.393861, 0.184626, -0.965961, -0.181196, 0.0, 0.0, 0.0, 0.0, 1.0]
            ]
        },
        {
            "name": "Hand_R",
            "time": [0.0, 2.6667],
            "transform": [
                [1.0, -0.0, 0.0, -0.0, 0.0, 0.753742, -0.657171, 0.3, -0.0, 0.65717, 0.753742, -0.0, 0.0, 0.0, 0.0, 1.0],
                [1.0, -0.0, 0.0, -0.0, 0.0, 0.753742, -0.657171, 0.3, -0.0, 0.65717, 0.753742, -0.0, 0.0, 0.0, 0.0, 1.0]
            ]
        },
        {
            "name": "Tool_R",
            "time": [0.0, 2.6667],
            "transform": [
                [1.0, -0.0, 0.0, -0.0, 0.0, -0.999836, 0.018122, 0.272858, 0.0, -0.018122, -0.999244, -0.0, 0.0, 0.0, 0.0, 1.0],
                [1.0, -0.0, 0.0, -0.0, 0.0, -0.999836, 0.018122, 0.272858, 0.0, -0.018122, -0.999244, -0.0, 0.0, 0.0, 0.0, 1.0]
            ]
        },
        {
            "name": "Elbow_R",
            "time": [0.0, 2.6667],
            "transform": [
                [-1.0, 0.0, -0.0, -0.0, 0.0, -0.0, -1.0, 0.378199, -0.0, -1.0, 0.0, 0.0, 0.0, 0.0, 0.0, 1.0],
                [-1.0, 0.0, -0.0, -0.0, 0.0, -0.0, -1.0, 0.378199, -0.0, -1.0, 0.0, 0.0, 0.0, 0.0, 0.0, 1.0]
            ]
        },
        {
            "name": "Shoulder_L",
            "time": [0.0, 2.6667],
            "transform": [
                [-0.0, -0.952114, -0.305743, 0.0, 0.0, -0.305743, 0.952114, 0.4, -1.0, 0.0, 0.0, -0.0, 0.0, 0.0, 0.0, 1.0],
                [-0.0, -0.952114, -0.305743, 0.0, 0.0, -0.305743, 0.952114, 0.4, -1.0, 0.0, 0.0, -0.0, 0.0, 0.0, 0.0, 1.0]
            ]
        },
        {
            "name": "Arm_L",
            "time": [0.0, 2.6667],
            "transform": [
                [-0.894384, 0.114366, 0.432432, -0.0, -0.414014, 0.154298, -0.897098, 0.39386, -0.169321, -0.981383, -0.090653, -0.0, 0.0, 0.0, 0.0, 1.0],
                [-0.894384, 0.114366, 0.432432, -0.0, -0.414014, 0.154298, -0.897098, 0.39386, -0.169321, -0.981383, -0.090653, -0.0, 0.0, 0.0, 0.0, 1.0]
            ]
        },
        {
            "name": "Hand_L",
            "time": [0.0, 2.6667],
            "transform": [
                [1.0, -0.0, 0.0, 0.0, 0.0, 0.753742, -0.657171, 0.3, 0.0, 0.657171, 0.753742, 0.0, 0.0, 0.0, 0.0, 1.0],
                [1.0, -0.0, 0.0, 0.0, 0.0, 0.753742, -0.657171, 0.3, 0.0, 0.657171, 0.753742, 0.0, 0.0, 0.0, 0.0, 1.0]
            ]
        },
        {
            "name": "Tool_L",
            "time": [0.0, 2.6667],
            "transform": [
                [1.0, 0.0, 0.0, 0.0, 0.0, -0.999836, 0.018122, 0.272858, 0.0, -0.018122, -0.999248, -0.0, 0.0, 0.0, 0.0, 1.0],
                [1.0, 0.0, 0.0, 0.0, 0.0, -0.999836, 0.018122, 0.272858, 0.0, -0.018122, -0.999248, -0.0, 0.0, 0.0, 0.0, 1.0]
            ]
        },
        {
            "name": "Elbow_L",
            "time": [0.0, 2.6667],
            "transform": [
                [-1.0, 0.0, -0.0, -0.0, 0.0, -0.0, -1.0, 0.378199, -0.0, -1.0, -0.0, 0.0, 0.0, 0.0, 0.0, 1.0],
                [-1.0, 0.0, -0.0, -0.0, 0.0, -0.0, -1.0, 0.378199, -0.0, -1.0, -0.0, 0.0, 0.0, 0.0, 0.0, 1.0]
            ]
        }
    ]
}