{
    "animation": [
        {
            "name": "Root",
            "time": [0.0, 0.2167, 0.3833, 0.6, 0.7667],
            "transform": [
                [1.0, 0.0, 0.0, -5e-06, 0.0, 0.0, -1.0, 0.000946, 0.0, 1.0, 0.0, 0.735366, 0.0, 0.0, 0.0, 1.0],
                [1.0, 0.0, 0.0, -5e-06, 0.0, 0.0, -1.0, 0.000946, 0.0, 1.0, 0.0, 0.584068, 0.0, 0.0, 0.0, 1.0],
                [1.0, 0.0, 0.0, -5e-06, 0.0, 0.0, -1.0, 0.000946, 0.0, 1.0, 0.0, 0.735366, 0.0, 0.0, 0.0, 1.0],
                [1.0, 0.0, 0.0, -5e-06, 0.0, 0.0, -1.0, 0.000946, 0.0, 1.0, 0.0, 0.584068, 0.0, 0.0, 0.0, 1.0],
                [1.0, 0.0, 0.0, -5e-06, 0.0, 0.0, -1.0, 0.000946, 0.0, 1.0, 0.0, 0.735366, 0.0, 0.0, 0.0, 1.0]
            ]
        },
        {
            "name": "Thigh_R",
            "time": [0.0, 0.2167, 0.3833, 0.6, 0.7667],
            "transform": [
                [1.0, -0.0, -0.0, 0.124994, 0.0, -0.756939, 0.653486, -0.002831, -0.0, -0.653485, -0.756939, -1.2e-05, 0.0, 0.0, 0.0, 1.0],
                [1.0, -0.0, -0.0, 0.124994, 0.0, -0.518796, 0.854898, -0.002831, -0.0, -0.854898, -0.518796, -1.2e-05, 0.0, 0.0, 0.0, 1.0],
                [1.0, -0.0, -0.0, 0.124994, 0.0, -0.903605, 0.428366, -0.002831, -0.0, -0.428366, -0.903605, -1.2e-05, 0.0, 0.0, 0.0, 1.0],
                [1.0, -0.0, -0.0, 0.124994, -0.0, -0.916025, -0.40112, -0.002831, -0.0, 0.40112, -0.916025, -1.2e-05, 0.0, 0.0, 0.0, 1.0],
                [1.0, -0.0, -0.0, 0.124994, 0.0, -0.756939, 0.653486, -0.002831, -0.0, -0.653485, -0.756939, -1.2e-05, 0.0, 0.0, 0.0, 1.0]
            ]
        },
        {
            "name": "Leg_R",
            "time": [0.0, 0.2167, 0.3833, 0.6, 0.7667],
            "transform": [
                [1.0, -0.0, 1e-06, 0.0, -1e-06, 0.013508, 0.999909, 0.37472, -0.0, -0.999909, 0.013508, -0.0, 0.0, 0.0, 0.0, 1.0],
                [1.0, 0.0, 1e-06, -0.0, -1e-06, 0.52004, 0.854142, 0.37472, -0.0, -0.854142, 0.52004, 0.0, 0.0, 0.0, 0.0, 1.0],
                [1.0, 0.0, 1e-06, 0.0, -0.0, 0.90565, 0.424026, 0.37472, -1e-06, -0.424026, 0.90565, -0.0, 0.0, 0.0, 0.0, 1.0],
                [1.0, 0.0, 1e-06, 0.0, -0.0, 0.87646, 0.481474, 0.37472, -0.0, -0.481474, 0.87646, -0.0, 0.0, 0.0, 0.0, 1.0],
                [1.0, -0.0, 1e-06, 0.0, -1e-06, 0.013508, 0.999909, 0.37472, -0.0, -0.999909, 0.013508, -0.0, 0.0, 0.0, 0.0, 1.0]
            ]
        },
        {
            "name": "Knee_R",
            "time": [0.0, 0.2167, 0.3833, 0.6, 0.7667],
            "transform": [
                [1.0, 0.0, -0.0, 0.0, -0.0, 1e-06, -1.0, 0.471392, -0.0, 1.0, 1e-06, -0.004956, 0.0, 0.0, 0.0, 1.0],
                [1.0, 0.0, -0.0, -0.0, -0.0, 1e-06, -1.0, 0.427012, -0.0, 1.0, 1e-06, -0.001877, 0.0, 0.0, 0.0, 1.0],
                [1.0, 0.0, -0.0, 0.0, -0.0, 1e-06, -1.0, 0.37472, -0.0, 1.0, 1e-06, -0.0, 0.0, 0.0, 0.0, 1.0],
                [1.0, 0.0, -0.0, 0.0, -0.0, 1e-06, -1.0, 0.37472, -0.0, 1.0, 1e-06, -0.0, 0.0, 0.0, 0.0, 1.0],
                [1.0, 0.0, -0.0, 0.0, -0.0, 1e-06, -1.0, 0.471392, -0.0, 1.0, 1e-06, -0.004956, 0.0, 0.0, 0.0, 1.0]
            ]
        },
        {
            "name": "Thigh_L",
            "time": [0.0, 0.2167, 0.3833, 0.6, 0.7667],
            "transform": [
                [1.0, -0.0, 0.0, -0.125006, -0.0, -0.905198, 0.42499, -0.002831, -0.0, -0.42499, -0.905198, -1.2e-05, 0.0, 0.0, 0.0, 1.0],
                [1.0, -0.0, -0.0, -0.125006, 0.0, -0.914312, -0.40501, -0.002831, 0.0, 0.405011, -0.914312, -1.2e-05, 0.0, 0.0, 0.0, 1.0],
                [1.0, -0.0, 0.0, -0.125006, -0.0, -0.757491, 0.652845, -0.002831, -0.0, -0.652845, -0.757492, -1.2e-05, 0.0, 0.0, 0.0, 1.0],
                [1.0, -0.0, 0.0, -0.125006, -0.0, -0.504049, 0.863675, -0.002831, -0.0, -0.863675, -0.504049, -1.2e-05, 0.0, 0.0, 0.0, 1.0],
                [1.0, -0.0, 0.0, -0.125006, -0.0, -0.905198, 0.42499, -0.002831, -0.0, -0.42499, -0.905198, -1.2e-05, 0.0, 0.0, 0.0, 1.0]
            ]
        },
        {
            "name": "Leg_L",
            "time": [0.0, 0.2167, 0.3833, 0.6, 0.7667],
            "transform": [
                [1.0, -0.0, 1e-06, -0.0, -0.0, 0.909077, 0.416629, 0.37472, -1e-06, -0.416629, 0.909077, -0.0, 0.0, 0.0, 0.0, 1.0],
                [1.0, 0.0, 1e-06, -0.0, -1e-06, 0.886696, 0.462353, 0.37472, -1e-06, -0.462353, 0.886696, -0.0, 0.0, 0.0, 0.0, 1.0],
                [1.0, -0.0, 1e-06, 0.0, -1e-06, 0.013859, 0.999904, 0.37472, -0.0, -0.999904, 0.013859, -0.0, 0.0, 0.0, 0.0, 1.0],
                [1.0, 0.0, 1e-06, -0.0, -1e-06, 0.487709, 0.873006, 0.37472, -0.0, -0.873006, 0.487709, -0.0, 0.0, 0.0, 0.0, 1.0],
                [1.0, -0.0, 1e-06, -0.0, -0.0, 0.909077, 0.416629, 0.37472, -1e-06, -0.416629, 0.909077, -0.0, 0.0, 0.0, 0.0, 1.0]
            ]
        },
        {
            "name": "Knee_L",
            "time": [0.0, 0.2167, 0.3833, 0.6, 0.7667],
            "transform": [
                [1.0, 0.0, -0.0, -0.0, -0.0, 1e-06, -1.0, 0.37472, -0.0, 1.0, 1e-06, -0.0, 0.0, 0.0, 0.0, 1.0],
                [1.0, 0.0, -0.0, -0.0, -0.0, 1e-06, -1.0, 0.385335, -0.0, 1.0, 1e-06, -0.001833, 0.0, 0.0, 0.0, 1.0],
                [1.0, 0.0, -0.0, 0.0, -0.0, 1e-06, -1.0, 0.476473, -0.0, 1.0, 1e-06, -0.000924, 0.0, 0.0, 0.0, 1.0],
                [1.0, 0.0, -0.0, 0.0, -0.0, 1e-06, -1.0, 0.432729, -0.0, 1.0, 1e-06, -0.003694, 0.0, 0.0, 0.0, 1.0],
                [1.0, 0.0, -0.0, -0.0, -0.0, 1e-06, -1.0, 0.37472, -0.0, 1.0, 1e-06, -0.0, 0.0, 0.0, 0.0, 1.0]
            ]
        },
        {
            "name": "Torso",
            "time": [0.0, 0.2167, 0.3833, 0.6, 0.7667],
            "transform": [
                [1.0, 0.0, 0.0, 0.0, 0.0, 0.933509, 0.358554, 0.05, 0.0, -0.358554, 0.933509, 0.0, 0.0, 0.0, 0.0, 1.0],
                [1.0, 0.0, 0.0, 0.0, 0.0, 0.866264, 0.499587, 0.05, 0.0, -0.499587, 0.866264, 0.0, 0.0, 0.0, 0.0, 1.0],
                [1.0, 0.0, 0.0, 0.0, 0.0, 0.933509, 0.358554, 0.05, 0.0, -0.358554, 0.933509, 0.0, 0.0, 0.0, 0.0, 1.0],
                [1.0, 0.0, 0.0, 0.0, 0.0, 0.866264, 0.499587, 0.05, 0.0, -0.499587, 0.866264, 0.0, 0.0, 0.0, 0.0, 1.0],
                [1.0, 0.0, 0.0, 0.0, 0.0, 0.933509, 0.358554, 0.05, 0.0, -0.358554, 0.933509, 0.0, 0.0, 0.0, 0.0, 1.0]
            ]
        },
        {
            "name": "Chest",
            "time": [0.0, 0.2167, 0.3833, 0.6, 0.7667],
            "transform": [
                [1.0, 0.0, 0.0, -0.0, 0.0, 0.918942, 0.394393, 0.3, 0.0, -0.394393, 0.918942, 0.0, 0.0, 0.0, 0.0, 1.0],
                [1.0, 0.0, 0.0, 0.0, 0.0, 0.8431, 0.537757, 0.3, 0.0, -0.537757, 0.8431, 0.0, 0.0, 0.0, 0.0, 1.0],
                [1.0, 0.0, 0.0, -0.0, 0.0, 0.918942, 0.394393, 0.3, 0.0, -0.394393, 0.918942, 0.0, 0.0, 0.0, 0.0, 1.0],
                [1.0, 0.0, 0.0, 0.0, 0.0, 0.8431, 0.537757, 0.3, 0.0, -0.537757, 0.8431, 0.0, 0.0, 0.0, 0.0, 1.0],
                [1.0, 0.0, 0.0, -0.0, 0.0, 0.918942, 0.394393, 0.3, 0.0, -0.394393, 0.918942, 0.0, 0.0, 0.0, 0.0, 1.0]
            ]
        },
        {
            "name": "Head",
            "time": [0.0, 0.2167, 0.3833, 0.6, 0.7667],
            "transform": [
                [1.0, 0.0, 0.0, 0.0, 0.0, 0.754687, -0.656085, 0.4, 0.0, 0.656085, 0.754687, -0.0, 0.0, 0.0, 0.0, 1.0],
                [1.0, 0.0, 0.0, 0.0, 0.0, 0.536012, -0.84421, 0.4, 0.0, 0.84421, 0.536012, -0.0, 0.0, 0.0, 0.0, 1.0],
                [1.0, 0.0, 0.0, 0.0, 0.0, 0.715328, -0.698789, 0.4, 0.0, 0.698789, 0.715328, -0.0, 0.0, 0.0, 0.0, 1.0],
                [1.0, 0.0, 0.0, 0.0, 0.0, 0.536012, -0.84421, 0.4, 0.0, 0.84421, 0.536012, -0.0, 0.0, 0.0, 0.0, 1.0],
                [1.0, 0.0, 0.0, 0.0, 0.0, 0.754687, -0.656085, 0.4, 0.0, 0.656085, 0.754687, -0.0, 0.0, 0.0, 0.0, 1.0]
            ]
        },
        {
            "name": "Shoulder_R",
            "time": [0.0, 0.2167, 0.3833, 0.6, 0.7667],
            "transform": [
                [-0.345806, 0.748341, 0.566042, 0.0, 0.065933, -0.582389, 0.810232, 0.4, 0.935987, 0.317504, 0.152053, -0.0, 0.0, 0.0, 0.0, 1.0],
                [-0.404592, 0.759711, 0.509062, 0.0, 0.044636, -0.539588, 0.840745, 0.4, 0.913407, 0.362881, 0.184403, -0.0, 0.0, 0.0, 0.0, 1.0],
                [-0.345806, 0.748341, 0.566042, 0.0, 0.065933, -0.582389, 0.810232, 0.4, 0.935987, 0.317504, 0.152053, -0.0, 0.0, 0.0, 0.0, 1.0],
                [-0.404592, 0.759711, 0.509062, 0.0, 0.044636, -0.539588, 0.840745, 0.4, 0.913407, 0.362881, 0.184403, -0.0, 0.0, 0.0, 0.0, 1.0],
                [-0.345806, 0.748341, 0.566042, 0.0, 0.065933, -0.582389, 0.810232, 0.4, 0.935987, 0.317504, 0.152053, -0.0, 0.0, 0.0, 0.0, 1.0]
            ]
        },
        {
            "name": "Arm_R",
            "time": [0.0, 0.2167, 0.3833, 0.6, 0.7667],
            "transform": [
                [-0.313402, 0.405281, -0.858793, -0.0, 0.637409, 0.760135, 0.126111, 0.393861, 0.703909, -0.507879, -0.496558, 0.0, 0.0, 0.0, 0.0, 1.0],
                [-0.369854, 0.5875, -0.719758, -0.0, 0.608648, 0.738522, 0.290057, 0.39386, 0.701966, -0.3308, -0.630726, -0.0, 0.0, 0.0, 0.0, 1.0],
                [-0.313402, 0.405281, -0.858793, -0.0, 0.637409, 0.760135, 0.126111, 0.393861, 0.703909, -0.507879, -0.496558, 0.0, 0.0, 0.0, 0.0, 1.0],
                [-0.369854, 0.5875, -0.719758, -0.0, 0.608648, 0.738522, 0.290057, 0.39386, 0.701966, -0.3308, -0.630726, -0.0, 0.0, 0.0, 0.0, 1.0],
                [-0.313402, 0.405281, -0.858793, -0.0, 0.637409, 0.760135, 0.126111, 0.393861, 0.703909, -0.507879, -0.496558, 0.0, 0.0, 0.0, 0.0, 1.0]
            ]
        },
        {
            "name": "Hand_R",
            "time": [0.0, 0.7667],
            "transform": [
                [0.999439, -0.032794, 0.006737, -0.0, 0.025419, 0.612356, -0.790173, 0.3, 0.021788, 0.789902, 0.612847, -0.0, 0.0, 0.0, 0.0, 1.0],
                [0.999439, -0.032794, 0.006737, -0.0, 0.025419, 0.612356, -0.790173, 0.3, 0.021788, 0.789902, 0.612847, -0.0, 0.0, 0.0, 0.0, 1.0]
            ]
        },
        {
            "name": "Tool_R",
            "time": [0.0, 0.7667],
            "transform": [
                [1.0, 0.0, 0.0, 0.0, 0.0, -0.999836, 0.018122, 0.272858, 0.0, -0.018122, -0.999244, 0.0, 0.0, 0.0, 0.0, 1.0],
                [1.0, 0.0, 0.0, 0.0, 0.0, -0.999836, 0.018122, 0.272858, 0.0, -0.018122, -0.999244, 0.0, 0.0, 0.0, 0.0, 1.0]
            ]
        },
        {
            "name": "Elbow_R",
            "time": [0.0, 0.7667],
            "transform": [
                [-1.0, 0.0, -0.0, -0.001666, 0.0, -0.0, -1.0, 0.388537, -0.0, -1.0, 0.0, -0.002774, 0.0, 0.0, 0.0, 1.0],
                [-1.0, 0.0, -0.0, -0.001666, 0.0, -0.0, -1.0, 0.388537, -0.0, -1.0, 0.0, -0.002774, 0.0, 0.0, 0.0, 1.0]
            ]
        },
        {
            "name": "Shoulder_L",
            "time": [0.0, 0.2167, 0.3833, 0.6, 0.7667],
            "transform": [
                [0.354942, -0.934421, 0.029548, 0.0, -0.060484, 0.008588, 0.998132, 0.4, -0.93293, -0.356066, -0.053469, -0.0, 0.0, 0.0, 0.0, 1.0],
                [0.244728, -0.961553, 0.124595, 0.0, -0.091025, 0.10515, 0.990282, 0.4, -0.96531, -0.253691, -0.061793, -0.0, 0.0, 0.0, 0.0, 1.0],
                [0.354942, -0.934421, 0.029548, 0.0, -0.060484, 0.008588, 0.998132, 0.4, -0.93293, -0.356066, -0.053469, -0.0, 0.0, 0.0, 0.0, 1.0],
                [0.244728, -0.961553, 0.124595, 0.0, -0.091025, 0.10515, 0.990282, 0.4, -0.96531, -0.253691, -0.061793, -0.0, 0.0, 0.0, 0.0, 1.0],
                [0.354942, -0.934421, 0.029548, 0.0, -0.060484, 0.008588, 0.998132, 0.4, -0.93293, -0.356066, -0.053469, -0.0, 0.0, 0.0, 0.0, 1.0]
            ]
        },
        {
            "name": "Arm_L",
            "time": [0.0, 0.2167, 0.3833, 0.6, 0.7667],
            "transform": [
                [0.260801, 0.903137, 0.341066, -0.0, -0.499127, 0.428553, -0.753137, 0.39386, -0.826351, 0.026183, 0.562547, -0.0, 0.0, 0.0, 0.0, 1.0],
                [0.570786, 0.719022, 0.396498, -0.0, -0.228936, 0.603097, -0.764109, 0.39386, -0.788538, 0.34537, 0.508849, -0.0, 0.0, 0.0, 0.0, 1.0],
                [0.260801, 0.903137, 0.341066, -0.0, -0.499127, 0.428553, -0.753137, 0.39386, -0.826351, 0.026183, 0.562547, -0.0, 0.0, 0.0, 0.0, 1.0],
                [0.570786, 0.719022, 0.396498, -0.0, -0.228936, 0.603097, -0.764109, 0.39386, -0.788538, 0.34537, 0.508849, -0.0, 0.0, 0.0, 0.0, 1.0],
                [0.260801, 0.903137, 0.341066, -0.0, -0.499127, 0.428553, -0.753137, 0.39386, -0.826351, 0.026183, 0.562547, -0.0, 0.0, 0.0, 0.0, 1.0]
            ]
        },
        {
            "name": "Hand_L",
            "time": [0.0, 0.7667],
            "transform": [
                [0.999802, -0.014798, 0.013301, 0.0, 0.019896, 0.751415, -0.65953, 0.3, -0.000235, 0.659664, 0.751561, -0.0, 0.0, 0.0, 0.0, 1.0],
                [0.999802, -0.014798, 0.013301, 0.0, 0.019896, 0.751415, -0.65953, 0.3, -0.000235, 0.659664, 0.751561, -0.0, 0.0, 0.0, 0.0, 1.0]
            ]
        },
        {
            "name": "Tool_L",
            "time": [0.0, 0.7667],
            "transform": [
                [1.0, 0.0, 0.0, -0.0, 0.0, -0.999836, 0.018122, 0.272858, 0.0, -0.018122, -0.999248, 0.0, 0.0, 0.0, 0.0, 1.0],
                [1.0, 0.0, 0.0, -0.0, 0.0, -0.999836, 0.018122, 0.272858, 0.0, -0.018122, -0.999248, 0.0, 0.0, 0.0, 0.0, 1.0]
            ]
        },
        {
            "name": "Elbow_L",
            "time": [0.0, 0.7667],
            "transform": [
                [-1.0, 0.0, 0.0, -0.001234, 0.0, -0.0, -1.0, 0.368511, -0.0, -1.0, -0.0, -0.001546, 0.0, 0.0, 0.0, 1.0],
                [-1.0, 0.0, 0.0, -0.001234, 0.0, -0.0, -1.0, 0.368511, -0.0, -1.0, -0.0, -0.001546, 0.0, 0.0, 0.0, 1.0]
            ]
        }
    ]
}