{
    "animation": [
        {
            "name": "Root",
            "time": [0.0, 3.0, 3.3333],
            "transform": [
                [0.854689, 0.0, -0.51914, -5e-06, -0.51914, 0.0, -0.854689, 0.000946, 0.0, 1.0, 0.0, 0.755725, 0.0, 0.0, 0.0, 1.0],
                [0.854689, 0.0, -0.51914, -5e-06, -0.51914, 0.0, -0.854689, 0.000946, 0.0, 1.0, 0.0, 0.755725, 0.0, 0.0, 0.0, 1.0],
                [1.0, 0.0, 0.0, -5e-06, 0.0, 0.999866, -0.016353, 0.000946, 0.0, 0.016353, 0.999866, 0.030119, 0.0, 0.0, 0.0, 1.0]
            ]
        },
        {
            "name": "Thigh_R",
            "time": [0.0, 3.0, 3.3333],
            "transform": [
                [0.99634, 0.063179, -0.057564, 0.124994, 0.067011, -0.995484, 0.067236, -0.002831, -0.053057, -0.070846, -0.996075, -1.2e-05, 0.0, 0.0, 0.0, 1.0],
                [0.99634, 0.063179, -0.057564, 0.124994, 0.067011, -0.995484, 0.067236, -0.002831, -0.053057, -0.070846, -0.996075, -1.2e-05, 0.0, 0.0, 0.0, 1.0],
                [1.0, -1e-06, -0.0, 0.124994, 0.0, -0.999953, -0.009605, -0.002831, -0.0, 0.009607, -0.999954, -1.2e-05, 0.0, 0.0, 0.0, 1.0]
            ]
        },
        {
            "name": "Leg_R",
            "time": [0.0, 3.0, 3.3333],
            "transform": [
                [1.0, 0.0, 1e-06, 0.0, 0.0, 0.964154, 0.265347, 0.37472, -1e-06, -0.265347, 0.964152, 0.0, 0.0, 0.0, 0.0, 1.0],
                [1.0, 0.0, 1e-06, 0.0, 0.0, 0.964154, 0.265347, 0.37472, -1e-06, -0.265347, 0.964152, 0.0, 0.0, 0.0, 0.0, 1.0],
                [1.0, 1e-06, 1e-06, 0.0, 0.0, 0.999998, 0.002476, 0.37472, -1e-06, -0.002475, 0.999996, 0.0, 0.0, 0.0, 0.0, 1.0]
            ]
        },
        {
            "name": "Knee_R",
            "time": [0.0, 1.5, 3.0, 3.3333],
            "transform": [
                [1.0, -0.0, -0.0, 0.0, -0.0, 1e-06, -1.0, 0.37472, 0.0, 1.0, 1e-06, 0.0, 0.0, 0.0, 0.0, 1.0],
                [1.0, -0.0, -0.0, 0.0, -0.0, 1e-06, -1.0, 0.37472, 0.0, 1.0, 1e-06, 0.0, 0.0, 0.0, 0.0, 1.0],
                [1.0, -0.0, -0.0, 0.0, -0.0, 1e-06, -1.0, 0.37472, 0.0, 1.0, 1e-06, 0.0, 0.0, 0.0, 0.0, 1.0],
                [1.0, 0.0, -0.0, -0.0, -0.0, 1e-06, -1.0, 0.37472, -0.0, 1.0, 1e-06, -0.0, 0.0, 0.0, 0.0, 1.0]
            ]
        },
        {
            "name": "Thigh_L",
            "time": [0.0, 3.0, 3.3333],
            "transform": [
                [0.866588, -0.137421, -0.479729, -0.125006, -0.027843, -0.973151, 0.228467, -0.002831, -0.498246, -0.184628, -0.84715, -1.2e-05, 0.0, 0.0, 0.0, 1.0],
                [0.866588, -0.137421, -0.479729, -0.125006, -0.027843, -0.973151, 0.228467, -0.002831, -0.498246, -0.184628, -0.84715, -1.2e-05, 0.0, 0.0, 0.0, 1.0],
                [0.999999, -2e-06, -0.0, -0.125006, 0.0, -0.999951, -0.009606, -0.002831, -0.0, 0.009608, -0.999954, -1.2e-05, 0.0, 0.0, 0.0, 1.0]
            ]
        },
        {
            "name": "Leg_L",
            "time": [0.0, 3.0, 3.3333],
            "transform": [
                [1.0, 1e-06, 1e-06, -0.0, 0.0, 0.974813, 0.223026, 0.37472, -1e-06, -0.223025, 0.974812, -0.0, 0.0, 0.0, 0.0, 1.0],
                [1.0, 1e-06, 1e-06, -0.0, 0.0, 0.974813, 0.223026, 0.37472, -1e-06, -0.223025, 0.974812, -0.0, 0.0, 0.0, 0.0, 1.0],
                [1.0, 1e-06, 1e-06, -0.0, 0.0, 0.999997, 0.002474, 0.37472, -1e-06, -0.002473, 0.999996, -0.0, 0.0, 0.0, 0.0, 1.0]
            ]
        },
        {
            "name": "Knee_L",
            "time": [0.0, 1.5, 3.0, 3.3333],
            "transform": [
                [1.0, 0.0, -0.0, -0.0, -0.0, 1e-06, -1.0, 0.37472, -0.0, 1.0, 1e-06, 0.0, 0.0, 0.0, 0.0, 1.0],
                [1.0, 0.0, -0.0, -0.0, -0.0, 1e-06, -1.0, 0.37472, -0.0, 1.0, 1e-06, 0.0, 0.0, 0.0, 0.0, 1.0],
                [1.0, 0.0, -0.0, -0.0, -0.0, 1e-06, -1.0, 0.37472, -0.0, 1.0, 1e-06, 0.0, 0.0, 0.0, 0.0, 1.0],
                [1.0, 0.0, -0.0, -0.0, -0.0, 1e-06, -1.0, 0.37472, -0.0, 1.0, 1e-06, 0.0, 0.0, 0.0, 0.0, 1.0]
            ]
        },
        {
            "name": "Torso",
            "time": [0.0, 1.5, 3.0, 3.3333],
            "transform": [
                [0.993188, 0.115776, -0.013194, -0.0, -0.116, 0.971615, -0.206175, 0.05, -0.011051, 0.206301, 0.978426, 0.0, 0.0, 0.0, 0.0, 1.0],
                [0.99978, -0.020971, -0.000197, -0.0, 0.020971, 0.999603, 0.018833, 0.05, -0.000198, -0.018833, 0.999823, 0.0, 0.0, 0.0, 0.0, 1.0],
                [0.998016, -0.062909, -0.002443, -0.0, 0.06288, 0.994143, 0.087899, 0.05, -0.003101, -0.087878, 0.996126, 0.0, 0.0, 0.0, 0.0, 1.0],
                [1.0, 0.0, 0.0, 0.0, 0.0, 1.0, 0.0, 0.05, 0.0, 0.0, 1.0, 0.0, 0.0, 0.0, 0.0, 1.0]
            ]
        },
        {
            "name": "Chest",
            "time": [0.0, 1.5, 3.0, 3.3333],
            "transform": [
                [0.977295, 0.207175, -0.044414, -0.0, -0.209205, 0.910284, -0.357235, 0.3, -0.033581, 0.358416, 0.932958, -0.0, 0.0, 0.0, 0.0, 1.0],
                [0.999771, -0.021411, -0.000206, -0.0, 0.021411, 0.999586, 0.019228, 0.3, -0.000206, -0.019228, 0.999815, 0.0, 0.0, 0.0, 0.0, 1.0],
                [0.931795, -0.348462, -0.101642, 0.0, 0.343561, 0.756286, 0.556774, 0.3, -0.117144, -0.553719, 0.824422, 0.0, 0.0, 0.0, 0.0, 1.0],
                [1.0, 0.0, 0.0, 0.0, 0.0, 1.0, 0.0, 0.3, 0.0, 0.0, 1.0, -0.0, 0.0, 0.0, 0.0, 1.0]
            ]
        },
        {
            "name": "Head",
            "time": [0.0, 1.5, 3.0, 3.3333],
            "transform": [
                [0.854332, 0.416954, 0.310269, -0.0, -0.01499, 0.616502, -0.787211, 0.4, -0.519512, 0.667888, 0.532947, -0.0, 0.0, 0.0, 0.0, 1.0],
                [0.853571, 0.047484, 0.518807, 0.0, -0.013908, 0.99756, -0.068421, 0.4, -0.52079, 0.051187, 0.852149, 0.0, 0.0, 0.0, 0.0, 1.0],
                [0.854944, -0.34196, 0.390044, 0.0, -0.017372, 0.732638, 0.680397, 0.4, -0.51843, -0.588477, 0.620424, 0.0, 0.0, 0.0, 0.0, 1.0],
                [0.999999, 0.00025, 0.001105, 0.0, 0.001101, 0.01766, -0.999844, 0.4, -0.00027, 0.999844, 0.01766, 0.0, 0.0, 0.0, 0.0, 1.0]
            ]
        },
        {
            "name": "Shoulder_R",
            "time": [0.0, 1.5, 3.0, 3.3333],
            "transform": [
                [0.093479, 0.952114, 0.291102, -0.0, 0.291102, -0.305743, 0.906521, 0.4, 0.952114, -0.0, -0.305743, -0.0, 0.0, 0.0, 0.0, 1.0],
                [0.074074, 0.94379, 0.322137, 0.0, 0.273799, -0.329858, 0.903453, 0.4, 0.95893, 0.021279, -0.282843, 0.0, 0.0, 0.0, 0.0, 1.0],
                [0.027143, 0.914632, 0.403375, 0.0, 0.340072, -0.387904, 0.856669, 0.4, 0.940008, 0.113924, -0.321569, 0.0, 0.0, 0.0, 0.0, 1.0],
                [0.054059, 0.934274, 0.352432, 0.0, 0.256892, -0.354081, 0.89924, 0.4, 0.964927, 0.041925, -0.259149, 0.0, 0.0, 0.0, 0.0, 1.0]
            ]
        },
        {
            "name": "Arm_R",
            "time": [0.0, 1.5, 3.0, 3.3333],
            "transform": [
                [0.012791, 0.46318, -0.886172, -0.0, 0.720668, 0.610091, 0.329282, 0.39386, 0.693163, -0.642848, -0.325995, -0.0, 0.0, 0.0, 0.0, 1.0],
                [0.185946, -0.295205, -0.937165, -0.0, 0.924259, 0.376215, 0.064878, 0.39386, 0.333423, -0.878247, 0.342801, 0.0, 0.0, 0.0, 0.0, 1.0],
                [-0.019576, -0.166183, -0.985901, 0.0, 0.815472, 0.567875, -0.111912, 0.39386, 0.578466, -0.806165, 0.1244, 0.0, 0.0, 0.0, 0.0, 1.0],
                [0.612832, -0.401264, -0.680753, 0.0, 0.769993, 0.496865, 0.400295, 0.393861, 0.177618, -0.769489, 0.613465, 0.0, 0.0, 0.0, 0.0, 1.0]
            ]
        },
        {
            "name": "Hand_R",
            "time": [0.0, 1.5, 3.0, 3.3333],
            "transform": [
                [1.0, 0.0, 0.0, 0.0, -0.0, 0.999915, 0.013084, 0.3, -0.0, -0.013084, 0.999914, 0.0, 0.0, 0.0, 0.0, 1.0],
                [1.0, 0.0, 0.0, 0.0, -0.0, 0.999814, 0.019294, 0.3, -0.0, -0.019294, 0.999814, 0.0, 0.0, 0.0, 0.0, 1.0],
                [1.0, 0.0, 0.0, 0.0, -0.0, 0.809624, -0.58695, 0.3, -0.0, 0.58695, 0.809623, 0.0, 0.0, 0.0, 0.0, 1.0],
                [1.0, 0.0, -0.0, -0.0, -0.0, 0.809623, -0.58695, 0.3, -0.0, 0.58695, 0.809623, -0.0, 0.0, 0.0, 0.0, 1.0]
            ]
        },
        {
            "name": "Tool_R",
            "time": [0.0, 1.5, 3.0, 3.3333],
            "transform": [
                [1.0, -0.0, 0.0, 0.0, -0.0, -0.999836, 0.018122, 0.272858, 0.0, -0.018122, -0.999241, -0.0, 0.0, 0.0, 0.0, 1.0],
                [1.0, -0.0, 0.0, 0.0, -0.0, -0.999836, 0.018122, 0.272858, 0.0, -0.018122, -0.999241, 0.0, 0.0, 0.0, 0.0, 1.0],
                [1.0, -0.0, 0.0, 0.0, -0.0, -0.999836, 0.018122, 0.272858, 0.0, -0.018122, -0.999241, -0.0, 0.0, 0.0, 0.0, 1.0],
                [1.0, -0.0, 0.0, 0.0, 0.0, -0.999836, 0.018122, 0.272858, 0.0, -0.018122, -0.999241, -0.0, 0.0, 0.0, 0.0, 1.0]
            ]
        },
        {
            "name": "Elbow_R",
            "time": [0.0, 1.5, 3.0, 3.3333],
            "transform": [
                [-1.0, -0.0, 0.0, 0.0, 0.0, -0.0, -1.0, 0.309098, -0.0, -1.0, 0.0, 0.0, 0.0, 0.0, 0.0, 1.0],
                [-1.0, 0.0, -0.0, 0.0, 0.0, -0.0, -1.0, 0.308516, -0.0, -1.0, 0.0, -0.0, 0.0, 0.0, 0.0, 1.0],
                [-1.0, 0.0, -0.0, -0.0, 0.0, -0.0, -1.0, 0.369108, -0.0, -1.0, 0.0, 0.0, 0.0, 0.0, 0.0, 1.0],
                [-1.0, 0.0, -0.0, -0.0, 0.0, 0.0, -1.0, 0.369107, -0.0, -1.0, 0.0, -0.0, 0.0, 0.0, 0.0, 1.0]
            ]
        },
        {
            "name": "Shoulder_L",
            "time": [0.0, 1.5, 3.0, 3.3333],
            "transform": [
                [-0.235211, -0.933911, 0.269233, -0.0, 0.464271, 0.135402, 0.875282, 0.4, -0.85389, 0.330873, 0.40174, -0.0, 0.0, 0.0, 0.0, 1.0],
                [-0.280533, -0.947672, -0.152375, 0.0, -0.32336, -0.05616, 0.944608, 0.4, -0.903736, 0.314266, -0.290684, 0.0, 0.0, 0.0, 0.0, 1.0],
                [-0.016328, -0.887598, -0.460329, 0.0, -0.892032, -0.195044, 0.407721, 0.4, -0.451677, 0.417286, -0.788581, 0.0, 0.0, 0.0, 0.0, 1.0],
                [0.241197, -0.970466, 0.004483, 0.0, 0.885765, 0.222029, 0.407583, 0.4, -0.396541, -0.094338, 0.913157, 0.0, 0.0, 0.0, 0.0, 1.0]
            ]
        },
        {
            "name": "Arm_L",
            "time": [0.0, 1.5, 3.0, 3.3333],
            "transform": [
                [0.647001, 0.754304, -0.111425, -0.0, -0.269953, 0.089938, -0.958664, 0.39386, -0.713103, 0.650336, 0.261817, 0.0, 0.0, 0.0, 0.0, 1.0],
                [0.647001, 0.754304, -0.111425, -0.0, -0.269953, 0.089938, -0.958664, 0.39386, -0.713103, 0.650336, 0.261817, 0.0, 0.0, 0.0, 0.0, 1.0],
                [0.647001, 0.754304, -0.111425, -0.0, -0.269953, 0.089938, -0.958664, 0.39386, -0.713103, 0.650336, 0.261816, 0.0, 0.0, 0.0, 0.0, 1.0],
                [0.647001, 0.754304, -0.111425, -0.0, -0.269953, 0.089938, -0.958664, 0.39386, -0.713103, 0.650336, 0.261817, 0.0, 0.0, 0.0, 0.0, 1.0]
            ]
        },
        {
            "name": "Hand_L",
            "time": [0.0, 1.5, 3.0, 3.3333],
            "transform": [
                [1.0, 0.0, -0.0, 0.0, -0.0, 0.703324, -0.710869, 0.3, -0.0, 0.710869, 0.703324, 0.0, 0.0, 0.0, 0.0, 1.0],
                [1.0, 0.0, -0.0, 0.0, -0.0, 0.703324, -0.710869, 0.3, -0.0, 0.710869, 0.703324, -0.0, 0.0, 0.0, 0.0, 1.0],
                [1.0, 0.0, 0.0, 0.0, -0.0, 0.703324, -0.710869, 0.3, -0.0, 0.710869, 0.703324, 0.0, 0.0, 0.0, 0.0, 1.0],
                [1.0, 0.0, -0.0, -0.0, -0.0, 0.703324, -0.710869, 0.3, 0.0, 0.710869, 0.703324, -0.0, 0.0, 0.0, 0.0, 1.0]
            ]
        },
        {
            "name": "Tool_L",
            "time": [0.0, 1.5, 3.0, 3.3333],
            "transform": [
                [0.400468, 0.880737, 0.252839, 0.029484, 0.705513, -0.472443, 0.528252, 0.322588, 0.584363, -0.033153, -0.810083, 0.040006, 0.0, 0.0, 0.0, 1.0],
                [0.400468, 0.880737, 0.252839, 0.029484, 0.705512, -0.472443, 0.528252, 0.322588, 0.584364, -0.033153, -0.810083, 0.040006, 0.0, 0.0, 0.0, 1.0],
                [0.400468, 0.880737, 0.252839, 0.029484, 0.705513, -0.472443, 0.528252, 0.322588, 0.584364, -0.033153, -0.810083, 0.040006, 0.0, 0.0, 0.0, 1.0],
                [0.400468, 0.880737, 0.252839, 0.029484, 0.705512, -0.472443, 0.528252, 0.322588, 0.584364, -0.033153, -0.810083, 0.040006, 0.0, 0.0, 0.0, 1.0]
            ]
        },
        {
            "name": "Elbow_L",
            "time": [0.0, 1.5, 3.0, 3.3333],
            "transform": [
                [-1.0, 0.0, -0.0, -0.0, 0.0, -0.0, -1.0, 0.384424, -0.0, -1.0, -0.0, 0.0, 0.0, 0.0, 0.0, 1.0],
                [-1.0, 0.0, -0.0, 0.0, 0.0, -0.0, -1.0, 0.384424, -0.0, -1.0, -0.0, 0.0, 0.0, 0.0, 0.0, 1.0],
                [-1.0, 0.0, -0.0, 0.0, 0.0, -0.0, -1.0, 0.384424, -0.0, -1.0, -0.0, 0.0, 0.0, 0.0, 0.0, 1.0],
                [-1.0, 0.0, -0.0, 0.0, 0.0, 0.0, -1.0, 0.384424, -0.0, -1.0, -0.0, 0.0, 0.0, 0.0, 0.0, 1.0]
            ]
        }
    ]
}