{
    "animation": [
        {
            "name": "Root",
            "time": [0.0, 3.0, 3.3333],
            "transform": [
                [0.854689, 0.0, -0.51914, -5e-06, -0.51914, 0.0, -0.854689, 0.000946, 0.0, 1.0, 0.0, 0.755725, 0.0, 0.0, 0.0, 1.0],
                [0.854689, 0.0, -0.51914, -5e-06, -0.51914, 0.0, -0.854689, 0.000946, 0.0, 1.0, 0.0, 0.755725, 0.0, 0.0, 0.0, 1.0],
                [1.0, 0.0, 0.0, -5e-06, 0.0, 0.999866, -0.016353, 0.000946, 0.0, 0.016353, 0.999866, 0.030119, 0.0, 0.0, 0.0, 1.0]
            ]
        },
        {
            "name": "Thigh_R",
            "time": [0.0, 3.0, 3.3333],
            "transform": [
                [0.99634, 0.063179, -0.057564, 0.124994, 0.067011, -0.995484, 0.067232, -0.002831, -0.053057, -0.070841, -0.996076, -1.2e-05, 0.0, 0.0, 0.0, 1.0],
                [0.99634, 0.063179, -0.057564, 0.124994, 0.067011, -0.995484, 0.067232, -0.002831, -0.053057, -0.070841, -0.996076, -1.2e-05, 0.0, 0.0, 0.0, 1.0],
                [1.0, -1e-06, -0.0, 0.124994, 0.0, -0.999953, -0.009605, -0.002831, -0.0, 0.009607, -0.999954, -1.2e-05, 0.0, 0.0, 0.0, 1.0]
            ]
        },
        {
            "name": "Leg_R",
            "time": [0.0, 3.0, 3.3333],
            "transform": [
                [1.0, 0.0, 1e-06, 0.0, 0.0, 0.964155, 0.26534, 0.37472, -1e-06, -0.265339, 0.964155, 0.0, 0.0, 0.0, 0.0, 1.0],
                [1.0, 0.0, 1e-06, 0.0, 0.0, 0.964155, 0.26534, 0.37472, -1e-06, -0.265339, 0.964155, 0.0, 0.0, 0.0, 0.0, 1.0],
                [1.0, 1e-06, 1e-06, 0.0, 0.0, 0.999997, 0.002476, 0.37472, -1e-06, -0.002475, 0.999997, 0.0, 0.0, 0.0, 0.0, 1.0]
            ]
        },
        {
            "name": "Knee_R",
            "time": [0.0, 3.0, 3.3333],
            "transform": [
                [1.0, 0.0, -0.0, 0.0, -0.0, 1e-06, -1.0, 0.37472, -0.0, 1.0, 1e-06, 0.0, 0.0, 0.0, 0.0, 1.0],
                [1.0, 0.0, -0.0, 0.0, -0.0, 1e-06, -1.0, 0.37472, -0.0, 1.0, 1e-06, 0.0, 0.0, 0.0, 0.0, 1.0],
                [1.0, 0.0, -0.0, -0.0, -0.0, 1e-06, -1.0, 0.37472, -0.0, 1.0, 1e-06, 0.0, 0.0, 0.0, 0.0, 1.0]
            ]
        },
        {
            "name": "Thigh_L",
            "time": [0.0, 3.0, 3.3333],
            "transform": [
                [0.866588, -0.137421, -0.479729, -0.125006, -0.027843, -0.973151, 0.228467, -0.002831, -0.498246, -0.184628, -0.84715, -1.2e-05, 0.0, 0.0, 0.0, 1.0],
                [0.866588, -0.137421, -0.479729, -0.125006, -0.027843, -0.973151, 0.228467, -0.002831, -0.498246, -0.184628, -0.84715, -1.2e-05, 0.0, 0.0, 0.0, 1.0],
                [0.999999, -2e-06, -0.0, -0.125006, 0.0, -0.999951, -0.009606, -0.002831, -0.0, 0.009608, -0.999954, -1.2e-05, 0.0, 0.0, 0.0, 1.0]
            ]
        },
        {
            "name": "Leg_L",
            "time": [0.0, 3.0, 3.3333],
            "transform": [
                [1.0, 1e-06, 1e-06, -0.0, 0.0, 0.974813, 0.223026, 0.37472, -1e-06, -0.223025, 0.974812, -0.0, 0.0, 0.0, 0.0, 1.0],
                [1.0, 1e-06, 1e-06, -0.0, 0.0, 0.974813, 0.223026, 0.37472, -1e-06, -0.223025, 0.974812, -0.0, 0.0, 0.0, 0.0, 1.0],
                [1.0, 1e-06, 1e-06, -0.0, 0.0, 0.999997, 0.002474, 0.37472, -1e-06, -0.002473, 0.999996, -0.0, 0.0, 0.0, 0.0, 1.0]
            ]
        },
        {
            "name": "Knee_L",
            "time": [0.0, 3.0, 3.3333],
            "transform": [
                [1.0, 0.0, -0.0, 0.0, -0.0, 1e-06, -1.0, 0.37472, -0.0, 1.0, 1e-06, 0.0, 0.0, 0.0, 0.0, 1.0],
                [1.0, 0.0, -0.0, 0.0, -0.0, 1e-06, -1.0, 0.37472, -0.0, 1.0, 1e-06, 0.0, 0.0, 0.0, 0.0, 1.0],
                [1.0, 0.0, -0.0, 0.0, -0.0, 1e-06, -1.0, 0.37472, -0.0, 1.0, 1e-06, 0.0, 0.0, 0.0, 0.0, 1.0]
            ]
        },
        {
            "name": "Torso",
            "time": [0.0, 1.5, 3.0, 3.3333],
            "transform": [
                [0.993188, 0.115776, -0.013194, -0.0, -0.116, 0.971615, -0.206175, 0.05, -0.011051, 0.206301, 0.978426, 0.0, 0.0, 0.0, 0.0, 1.0],
                [0.99978, -0.020971, -0.000197, -0.0, 0.020971, 0.999603, 0.018833, 0.05, -0.000198, -0.018833, 0.999823, 0.0, 0.0, 0.0, 0.0, 1.0],
                [0.998016, -0.062909, -0.002443, -0.0, 0.06288, 0.994143, 0.087899, 0.05, -0.003101, -0.087878, 0.996126, 0.0, 0.0, 0.0, 0.0, 1.0],
                [1.0, 0.0, 0.0, 0.0, 0.0, 1.0, 0.0, 0.05, 0.0, 0.0, 1.0, 0.0, 0.0, 0.0, 0.0, 1.0]
            ]
        },
        {
            "name": "Chest",
            "time": [0.0, 1.5, 3.0, 3.3333],
            "transform": [
                [0.977295, 0.207175, -0.044414, -0.0, -0.209205, 0.910284, -0.357235, 0.3, -0.033581, 0.358416, 0.932958, -0.0, 0.0, 0.0, 0.0, 1.0],
                [0.999771, -0.021411, -0.000206, -0.0, 0.021411, 0.999586, 0.019228, 0.3, -0.000206, -0.019228, 0.999815, 0.0, 0.0, 0.0, 0.0, 1.0],
                [0.931795, -0.348462, -0.101642, 0.0, 0.343561, 0.756286, 0.556774, 0.3, -0.117144, -0.553719, 0.824422, 0.0, 0.0, 0.0, 0.0, 1.0],
                [1.0, 0.0, 0.0, 0.0, 0.0, 1.0, 0.0, 0.3, 0.0, 0.0, 1.0, -0.0, 0.0, 0.0, 0.0, 1.0]
            ]
        },
        {
            "name": "Head",
            "time": [0.0, 1.5, 3.0, 3.3333],
            "transform": [
                [0.853646, 0.415135, 0.314566, -0.0, -0.016465, 0.625149, -0.780332, 0.4, -0.520594, 0.660948, 0.540491, -0.0, 0.0, 0.0, 0.0, 1.0],
                [0.853865, 0.043507, 0.518673, 0.0, -0.017458, 0.998334, -0.055001, 0.4, -0.520202, 0.037909, 0.853202, 0.0, 0.0, 0.0, 0.0, 1.0],
                [0.854372, -0.340897, 0.39222, 0.0, -0.01779, 0.735132, 0.67769, 0.4, -0.519357, -0.585978, 0.622012, 0.0, 0.0, 0.0, 0.0, 1.0],
                [0.999999, -0.00025, -0.001105, 0.0, -0.001101, 0.01766, -0.999843, 0.4, 0.00027, 0.999844, 0.01766, 0.0, 0.0, 0.0, 0.0, 1.0]
            ]
        },
        {
            "name": "Shoulder_R",
            "time": [0.0, 1.5, 3.0, 3.3333],
            "transform": [
                [0.640924, 0.725096, 0.251897, -0.0, -0.462234, 0.102587, 0.880804, 0.4, 0.612826, -0.680964, 0.400915, -0.0, 0.0, 0.0, 0.0, 1.0],
                [0.681334, 0.711967, -0.169959, 0.0, 0.328254, -0.089659, 0.940325, 0.4, 0.654242, -0.696465, -0.294794, 0.0, 0.0, 0.0, 0.0, 1.0],
                [0.421564, 0.772931, -0.474195, 0.0, 0.882279, -0.22883, 0.411364, 0.4, 0.209446, -0.591788, -0.778408, 0.0, 0.0, 0.0, 0.0, 1.0],
                [0.241197, 0.970466, -0.004483, 0.0, -0.885765, 0.222029, 0.407583, 0.4, 0.396541, -0.094337, 0.913157, 0.0, 0.0, 0.0, 0.0, 1.0]
            ]
        },
        {
            "name": "Arm_R",
            "time": [0.0, 3.0, 3.3333],
            "transform": [
                [0.647001, -0.754305, 0.111425, 0.0, 0.269953, 0.089938, -0.958664, 0.39386, 0.713103, 0.650336, 0.261817, 0.0, 0.0, 0.0, 0.0, 1.0],
                [0.647001, -0.754305, 0.111425, 0.0, 0.269953, 0.089938, -0.958664, 0.39386, 0.713103, 0.650336, 0.261817, 0.0, 0.0, 0.0, 0.0, 1.0],
                [0.647001, -0.754304, 0.111425, 0.0, 0.269953, 0.089938, -0.958664, 0.393861, 0.713103, 0.650336, 0.261817, 0.0, 0.0, 0.0, 0.0, 1.0]
            ]
        },
        {
            "name": "Hand_R",
            "time": [0.0, 3.0, 3.3333],
            "transform": [
                [1.0, 0.0, 0.0, -0.0, -0.0, 0.703324, -0.710869, 0.3, -0.0, 0.710869, 0.703324, 0.0, 0.0, 0.0, 0.0, 1.0],
                [1.0, 0.0, 0.0, 0.0, -0.0, 0.703324, -0.710869, 0.3, -0.0, 0.710869, 0.703324, -0.0, 0.0, 0.0, 0.0, 1.0],
                [1.0, 0.0, 0.0, 0.0, 0.0, 0.703324, -0.710869, 0.3, -0.0, 0.710869, 0.703324, 0.0, 0.0, 0.0, 0.0, 1.0]
            ]
        },
        {
            "name": "Tool_R",
            "time": [0.0, 3.0, 3.3333],
            "transform": [
                [0.400469, -0.880737, -0.252838, -0.029484, -0.705513, -0.472443, 0.528252, 0.322588, -0.584362, -0.033153, -0.810082, 0.040006, 0.0, 0.0, 0.0, 1.0],
                [0.400469, -0.880737, -0.252838, -0.029484, -0.705513, -0.472443, 0.528252, 0.322588, -0.584362, -0.033153, -0.810082, 0.040006, 0.0, 0.0, 0.0, 1.0],
                [0.400469, -0.880737, -0.252838, -0.029484, -0.705513, -0.472443, 0.528252, 0.322588, -0.584362, -0.033153, -0.810082, 0.040006, 0.0, 0.0, 0.0, 1.0]
            ]
        },
        {
            "name": "Elbow_R",
            "time": [0.0, 3.0, 3.3333],
            "transform": [
                [-1.0, 0.0, 0.0, -0.0, -0.0, -0.0, -1.0, 0.384424, -0.0, -1.0, 0.0, 0.0, 0.0, 0.0, 0.0, 1.0],
                [-1.0, 0.0, 0.0, 0.0, 0.0, -0.0, -1.0, 0.384424, -0.0, -1.0, 0.0, -0.0, 0.0, 0.0, 0.0, 1.0],
                [-1.0, 0.0, 0.0, -0.0, -0.0, -0.0, -1.0, 0.384424, -0.0, -1.0, 0.0, -0.0, 0.0, 0.0, 0.0, 1.0]
            ]
        },
        {
            "name": "Shoulder_L",
            "time": [0.0, 3.0, 3.3333],
            "transform": [
                [0.093479, -0.952114, -0.291103, -0.0, -0.291103, -0.305743, 0.906521, 0.4, -0.952114, -0.0, -0.305743, -0.0, 0.0, 0.0, 0.0, 1.0],
                [0.054059, -0.934274, -0.352432, 0.0, -0.256892, -0.354081, 0.89924, 0.4, -0.964927, 0.041925, -0.259149, 0.0, 0.0, 0.0, 0.0, 1.0],
                [0.054059, -0.934275, -0.352432, 0.0, -0.256893, -0.354081, 0.89924, 0.4, -0.964927, 0.041925, -0.259149, 0.0, 0.0, 0.0, 0.0, 1.0]
            ]
        },
        {
            "name": "Arm_L",
            "time": [0.0, 1.5, 3.0, 3.3333],
            "transform": [
                [0.735944, -0.291392, 0.611128, 0.0, -0.655358, -0.079981, 0.751072, 0.39386, -0.169978, -0.953255, -0.249828, 0.0, 0.0, 0.0, 0.0, 1.0],
                [0.35271, 0.279672, 0.892961, 0.0, -0.896833, 0.373329, 0.237314, 0.39386, -0.266998, -0.884539, 0.382495, -0.0, 0.0, 0.0, 0.0, 1.0],
                [0.612832, 0.401264, 0.680753, 0.0, -0.769993, 0.496865, 0.400295, 0.39386, -0.177618, -0.769489, 0.613465, 0.0, 0.0, 0.0, 0.0, 1.0],
                [0.612832, 0.401264, 0.680753, -0.0, -0.769993, 0.496865, 0.400295, 0.39386, -0.177618, -0.769489, 0.613465, 0.0, 0.0, 0.0, 0.0, 1.0]
            ]
        },
        {
            "name": "Hand_L",
            "time": [0.0, 1.5, 3.0, 3.3333],
            "transform": [
                [1.0, 0.0, 0.0, 0.0, -0.0, 0.999914, 0.013084, 0.3, -0.0, -0.013084, 0.999914, 0.0, 0.0, 0.0, 0.0, 1.0],
                [1.0, 0.0, 0.0, -0.0, -0.0, 0.999814, 0.019294, 0.3, -0.0, -0.019294, 0.999814, 0.0, 0.0, 0.0, 0.0, 1.0],
                [1.0, 0.0, 0.0, -0.0, -0.0, 0.809624, -0.58695, 0.3, -0.0, 0.58695, 0.809624, 0.0, 0.0, 0.0, 0.0, 1.0],
                [1.0, 0.0, 0.0, -0.0, -0.0, 0.809623, -0.58695, 0.3, 0.0, 0.58695, 0.809624, -0.0, 0.0, 0.0, 0.0, 1.0]
            ]
        },
        {
            "name": "Tool_L",
            "time": [0.0, 3.0, 3.3333],
            "transform": [
                [1.0, 0.0, 0.0, 0.0, 0.0, -0.999836, 0.018122, 0.272858, 0.0, -0.018122, -0.999243, -0.0, 0.0, 0.0, 0.0, 1.0],
                [1.0, 0.0, 0.0, 0.0, 0.0, -0.999836, 0.018122, 0.272858, 0.0, -0.018122, -0.999243, -0.0, 0.0, 0.0, 0.0, 1.0],
                [1.0, -0.0, 0.0, 0.0, -0.0, -0.999836, 0.018122, 0.272858, 0.0, -0.018122, -0.999243, 0.0, 0.0, 0.0, 0.0, 1.0]
            ]
        },
        {
            "name": "Elbow_L",
            "time": [0.0, 3.0, 3.3333],
            "transform": [
                [-1.0, 0.0, -0.0, -0.0, 0.0, -0.0, -1.0, 0.318196, -0.0, -1.0, -0.0, -0.0, 0.0, 0.0, 0.0, 1.0],
                [-1.0, 0.0, -0.0, -0.0, 0.0, -0.0, -1.0, 0.378206, -0.0, -1.0, -0.0, -0.0, 0.0, 0.0, 0.0, 1.0],
                [-1.0, 0.0, -0.0, -0.0, 0.0, -0.0, -1.0, 0.378206, -0.0, -1.0, -0.0, -0.0, 0.0, 0.0, 0.0, 1.0]
            ]
        }
    ]
}