{
    "animation": [
        {
            "name": "Root",
            "time": [0.0, 0.25, 0.5, 0.75, 1.0],
            "transform": [
                [1.0, 0.0, 0.0, -5e-06, 0.0, 1.0, 0.0, -0.365017, 0.0, -0.0, 1.0, 0.36788, 0.0, 0.0, 0.0, 1.0],
                [1.0, 0.0, 0.0, -5e-06, 0.0, 1.0, 0.0, -0.365017, 0.0, -0.0, 1.0, 0.36788, 0.0, 0.0, 0.0, 1.0],
                [1.0, 0.0, 0.0, -5e-06, 0.0, 1.0, 0.0, -0.365017, 0.0, -0.0, 1.0, 0.36788, 0.0, 0.0, 0.0, 1.0],
                [1.0, 0.0, 0.0, -5e-06, 0.0, 1.0, 0.0, -0.365017, 0.0, -0.0, 1.0, 0.36788, 0.0, 0.0, 0.0, 1.0],
                [1.0, 0.0, 0.0, -5e-06, 0.0, 1.0, 0.0, -0.365017, 0.0, -0.0, 1.0, 0.36788, 0.0, 0.0, 0.0, 1.0]
            ]
        },
        {
            "name": "Thigh_R",
            "time": [0.0, 0.25, 0.5, 0.75, 1.0],
            "transform": [
                [0.999846, 0.017546, 0.0, 0.124994, 0.015069, -0.858651, 0.512339, -0.002831, 0.00899, -0.51226, -0.858783, -1.2e-05, 0.0, 0.0, 0.0, 1.0],
                [0.999607, 0.027348, 0.006204, 0.124994, 0.027206, -0.8921, -0.451018, -0.002831, -0.0068, 0.45101, -0.892493, -1.2e-05, 0.0, 0.0, 0.0, 1.0],
                [0.999846, 0.017546, 0.0, 0.124994, 0.015069, -0.858651, 0.512339, -0.002831, 0.00899, -0.51226, -0.858783, -1.2e-05, 0.0, 0.0, 0.0, 1.0],
                [0.999607, 0.027348, 0.006204, 0.124994, 0.027206, -0.8921, -0.451018, -0.002831, -0.0068, 0.45101, -0.892493, -1.2e-05, 0.0, 0.0, 0.0, 1.0],
                [0.999846, 0.017546, 0.0, 0.124994, 0.015069, -0.858651, 0.512339, -0.002831, 0.00899, -0.51226, -0.858783, -1.2e-05, 0.0, 0.0, 0.0, 1.0]
            ]
        },
        {
            "name": "Leg_R",
            "time": [0.0, 0.25, 0.5, 0.75, 1.0],
            "transform": [
                [1.0, 0.0, 1e-06, -0.0, -0.0, 1.0, 0.0, 0.37472, -1e-06, -0.0, 1.0, 0.0, 0.0, 0.0, 0.0, 1.0],
                [1.0, 0.0, 1e-06, -0.0, -1e-06, 0.73662, 0.676307, 0.37472, -0.0, -0.676307, 0.73662, 0.0, 0.0, 0.0, 0.0, 1.0],
                [1.0, 0.0, 1e-06, -0.0, -0.0, 1.0, 0.0, 0.37472, -1e-06, -0.0, 1.0, 0.0, 0.0, 0.0, 0.0, 1.0],
                [1.0, 0.0, 1e-06, -0.0, -1e-06, 0.73662, 0.676307, 0.37472, -0.0, -0.676307, 0.73662, 0.0, 0.0, 0.0, 0.0, 1.0],
                [1.0, 0.0, 1e-06, -0.0, -0.0, 1.0, 0.0, 0.37472, -1e-06, -0.0, 1.0, 0.0, 0.0, 0.0, 0.0, 1.0]
            ]
        },
        {
            "name": "Knee_R",
            "time": [0.0, 0.25, 0.5, 0.75, 1.0],
            "transform": [
                [1.0, 0.0, -0.0, -0.0, -0.0, 1e-06, -1.0, 0.37472, -0.0, 1.0, 1e-06, 0.0, 0.0, 0.0, 0.0, 1.0],
                [1.0, 0.0, -0.0, -0.000132, -0.0, 1e-06, -1.0, 0.408169, -0.0, 1.0, 1e-06, -0.000912, 0.0, 0.0, 0.0, 1.0],
                [1.0, 0.0, -0.0, -0.0, -0.0, 1e-06, -1.0, 0.37472, -0.0, 1.0, 1e-06, 0.0, 0.0, 0.0, 0.0, 1.0],
                [1.0, 0.0, -0.0, 1.6e-05, -0.0, 1e-06, -1.0, 0.401668, -0.0, 1.0, 1e-06, 0.000451, 0.0, 0.0, 0.0, 1.0],
                [1.0, 0.0, -0.0, -0.0, -0.0, 1e-06, -1.0, 0.37472, -0.0, 1.0, 1e-06, 0.0, 0.0, 0.0, 0.0, 1.0]
            ]
        },
        {
            "name": "Thigh_L",
            "time": [0.0, 0.25, 0.5, 0.75, 1.0],
            "transform": [
                [0.999337, -0.035454, -0.008272, -0.125006, -0.034391, -0.84481, -0.53396, -0.002831, 0.011943, 0.533891, -0.845469, -1.2e-05, 0.0, 0.0, 0.0, 1.0],
                [0.999598, -0.028362, 0.0, -0.125006, -0.024262, -0.855136, 0.517835, -0.002831, -0.014687, -0.517626, -0.855481, -1.2e-05, 0.0, 0.0, 0.0, 1.0],
                [0.999337, -0.035454, -0.008272, -0.125006, -0.034391, -0.84481, -0.53396, -0.002831, 0.011943, 0.533891, -0.845469, -1.2e-05, 0.0, 0.0, 0.0, 1.0],
                [0.999598, -0.028362, 0.0, -0.125006, -0.024262, -0.855136, 0.517835, -0.002831, -0.014687, -0.517626, -0.855481, -1.2e-05, 0.0, 0.0, 0.0, 1.0],
                [0.999337, -0.035454, -0.008272, -0.125006, -0.034391, -0.84481, -0.53396, -0.002831, 0.011943, 0.533891, -0.845469, -1.2e-05, 0.0, 0.0, 0.0, 1.0]
            ]
        },
        {
            "name": "Leg_L",
            "time": [0.0, 0.25, 0.5, 0.75, 1.0],
            "transform": [
                [1.0, 0.0, 1e-06, 0.0, -1e-06, 0.744631, 0.667477, 0.37472, -0.0, -0.667477, 0.744631, -0.0, 0.0, 0.0, 0.0, 1.0],
                [1.0, 0.0, 1e-06, -0.0, -0.0, 1.0, 0.0, 0.37472, -1e-06, -0.0, 1.0, -0.0, 0.0, 0.0, 0.0, 1.0],
                [1.0, 0.0, 1e-06, 0.0, -1e-06, 0.744631, 0.667477, 0.37472, -0.0, -0.667477, 0.744631, -0.0, 0.0, 0.0, 0.0, 1.0],
                [1.0, 0.0, 1e-06, -0.0, -0.0, 1.0, 0.0, 0.37472, -1e-06, -0.0, 1.0, -0.0, 0.0, 0.0, 0.0, 1.0],
                [1.0, 0.0, 1e-06, 0.0, -1e-06, 0.744631, 0.667477, 0.37472, -0.0, -0.667477, 0.744631, -0.0, 0.0, 0.0, 0.0, 1.0]
            ]
        },
        {
            "name": "Knee_L",
            "time": [0.0, 0.25, 0.5, 0.75, 1.0],
            "transform": [
                [1.0, 0.0, -0.0, 0.000307, -0.0, 1e-06, -1.0, 0.412147, -0.0, 1.0, 1e-06, -0.006893, 0.0, 0.0, 0.0, 1.0],
                [1.0, 0.0, -0.0, 0.0, -0.0, 1e-06, -1.0, 0.3807, -0.0, 1.0, 1e-06, -0.000153, 0.0, 0.0, 0.0, 1.0],
                [1.0, 0.0, -0.0, -0.000117, -0.0, 1e-06, -1.0, 0.397391, -0.0, 1.0, 1e-06, 0.000417, 0.0, 0.0, 0.0, 1.0],
                [1.0, 0.0, -0.0, -0.0, -0.0, 1e-06, -1.0, 0.37472, -0.0, 1.0, 1e-06, -0.0, 0.0, 0.0, 0.0, 1.0],
                [1.0, 0.0, -0.0, -0.000813, -0.0, 1e-06, -1.0, 0.403282, -0.0, 1.0, 1e-06, -0.0042, 0.0, 0.0, 0.0, 1.0]
            ]
        },
        {
            "name": "Torso",
            "time": [0.0, 1.0],
            "transform": [
                [1.0, 0.0, 0.0, 0.0, 0.0, 1.0, 0.0, 0.05, 0.0, 0.0, 1.0, 0.0, 0.0, 0.0, 0.0, 1.0],
                [1.0, 0.0, 0.0, 0.0, 0.0, 1.0, 0.0, 0.05, 0.0, 0.0, 1.0, 0.0, 0.0, 0.0, 0.0, 1.0]
            ]
        },
        {
            "name": "Chest",
            "time": [0.0, 0.25, 0.5, 0.75, 1.0],
            "transform": [
                [0.870238, 0.0, -0.492631, 0.0, -0.0, 1.0, 0.0, 0.3, 0.492631, 0.0, 0.870238, 0.0, 0.0, 0.0, 0.0, 1.0],
                [0.99787, 0.0, -0.06524, 0.0, -0.0, 1.0, 0.0, 0.3, 0.06524, 0.0, 0.99787, 0.0, 0.0, 0.0, 0.0, 1.0],
                [0.926972, -0.0, 0.37513, 0.0, 0.0, 1.0, 0.0, 0.3, -0.37513, 0.0, 0.926972, 0.0, 0.0, 0.0, 0.0, 1.0],
                [0.99787, -0.0, -0.06524, 0.0, 0.0, 1.0, -0.0, 0.3, 0.06524, -0.0, 0.99787, 0.0, 0.0, 0.0, 0.0, 1.0],
                [0.870238, 0.0, -0.492631, 0.0, -0.0, 1.0, 0.0, 0.3, 0.492631, 0.0, 0.870238, 0.0, 0.0, 0.0, 0.0, 1.0]
            ]
        },
        {
            "name": "Head",
            "time": [0.0, 0.25, 0.5, 0.75, 1.0],
            "transform": [
                [0.940461, 0.31883, 0.11782, -0.0, 0.018583, 0.29788, -0.954422, 0.4, -0.339394, 0.899786, 0.27422, 0.0, 0.0, 0.0, 0.0, 1.0],
                [0.998099, 0.055618, 0.026539, -0.0, 0.005418, 0.349787, -0.936813, 0.4, -0.061387, 0.935177, 0.348821, 0.0, 0.0, 0.0, 0.0, 1.0],
                [0.975038, -0.206393, -0.08187, -0.0, 0.008202, 0.40195, -0.915625, 0.4, 0.221887, 0.892097, 0.39361, -0.0, 0.0, 0.0, 0.0, 1.0],
                [0.998099, 0.055618, 0.026539, -0.0, 0.005418, 0.349787, -0.936814, 0.4, -0.061387, 0.935177, 0.348821, 0.0, 0.0, 0.0, 0.0, 1.0],
                [0.940461, 0.31883, 0.11782, -0.0, 0.018583, 0.29788, -0.954422, 0.4, -0.339394, 0.899786, 0.27422, 0.0, 0.0, 0.0, 0.0, 1.0]
            ]
        },
        {
            "name": "Shoulder_R",
            "time": [0.0, 1.0],
            "transform": [
                [0.0, 0.952114, 0.305743, -0.0, 0.0, -0.305743, 0.952114, 0.4, 1.0, 0.0, -0.0, 0.0, 0.0, 0.0, 0.0, 1.0],
                [0.0, 0.952114, 0.305743, -0.0, 0.0, -0.305743, 0.952114, 0.4, 1.0, 0.0, -0.0, 0.0, 0.0, 0.0, 0.0, 1.0]
            ]
        },
        {
            "name": "Arm_R",
            "time": [0.0, 0.25, 0.5, 0.75, 1.0],
            "transform": [
                [0.0, 0.530221, -0.847859, -0.0, 0.952114, 0.259227, 0.162112, 0.39386, 0.305743, -0.807259, -0.504831, 0.0, 0.0, 0.0, 0.0, 1.0],
                [0.988786, 0.120938, 0.087619, 0.0, -0.144908, 0.918858, 0.367019, 0.39386, -0.036123, -0.375599, 0.926078, 0.0, 0.0, 0.0, 0.0, 1.0],
                [0.999925, -0.000763, -0.012244, 0.0, -0.011897, -0.304004, -0.952597, 0.39386, -0.002996, 0.952671, -0.30399, 0.0, 0.0, 0.0, 0.0, 1.0],
                [0.0, -0.961212, -0.275809, -0.0, 0.952114, 0.084327, -0.293884, 0.393861, 0.305743, -0.262602, 0.915184, -0.0, 0.0, 0.0, 0.0, 1.0],
                [0.0, 0.530221, -0.847859, -0.0, 0.952114, 0.259227, 0.162112, 0.39386, 0.305743, -0.807259, -0.504831, 0.0, 0.0, 0.0, 0.0, 1.0]
            ]
        },
        {
            "name": "Hand_R",
            "time": [0.0, 0.25, 0.5, 0.75, 1.0],
            "transform": [
                [1.0, 0.0, 0.0, 0.0, 0.0, 0.502281, -0.864704, 0.3, -0.0, 0.864704, 0.502281, 0.0, 0.0, 0.0, 0.0, 1.0],
                [0.999828, 0.017096, 0.007254, 0.0, 0.009394, -0.128616, -0.99165, 0.3, -0.01602, 0.991547, -0.128755, -0.0, 0.0, 0.0, 0.0, 1.0],
                [1.0, 0.0, 0.0, -0.0, -0.0, 0.993937, 0.109947, 0.3, -0.0, -0.109947, 0.993937, 0.0, 0.0, 0.0, 0.0, 1.0],
                [1.0, 0.0, 0.0, 0.0, -0.0, 0.892835, -0.450384, 0.3, -0.0, 0.450384, 0.892835, 0.0, 0.0, 0.0, 0.0, 1.0],
                [1.0, 0.0, 0.0, 0.0, 0.0, 0.502281, -0.864704, 0.3, -0.0, 0.864704, 0.502281, 0.0, 0.0, 0.0, 0.0, 1.0]
            ]
        },
        {
            "name": "Tool_R",
            "time": [0.0, 1.0],
            "transform": [
                [1.0, 0.0, 0.0, -0.0, 0.0, -0.999836, 0.018122, 0.272858, 0.0, -0.018122, -0.999244, 0.0, 0.0, 0.0, 0.0, 1.0],
                [1.0, 0.0, 0.0, -0.0, 0.0, -0.999836, 0.018122, 0.272858, 0.0, -0.018122, -0.999244, 0.0, 0.0, 0.0, 0.0, 1.0]
            ]
        },
        {
            "name": "Elbow_R",
            "time": [0.0, 0.25, 0.5, 0.75, 1.0],
            "transform": [
                [-1.0, 0.0, -0.0, -0.000162, -0.0, 0.0, -1.0, 0.406756, -0.0, -1.0, 0.0, 0.000486, 0.0, 0.0, 0.0, 1.0],
                [-1.0, 0.0, -0.0, -0.000912, 0.0, 0.0, -1.0, 0.446009, -0.0, -1.0, 0.0, -0.000345, 0.0, 0.0, 0.0, 1.0],
                [-1.0, 0.0, -0.0, -0.0, 0.0, -0.0, -1.0, 0.3, -0.0, -1.0, 0.0, 0.0, 0.0, 0.0, 0.0, 1.0],
                [-1.0, 0.0, -0.0, 0.0, 0.0, -0.0, -1.0, 0.3, -0.0, -1.0, 0.0, 0.0, 0.0, 0.0, 0.0, 1.0],
                [-1.0, 0.0, -0.0, -0.001012, -0.0, 0.0, -1.0, 0.404343, -0.0, -1.0, 0.0, -0.003287, 0.0, 0.0, 0.0, 1.0]
            ]
        },
        {
            "name": "Shoulder_L",
            "time": [0.0, 1.0],
            "transform": [
                [0.0, -0.952114, -0.305743, -0.0, 0.0, -0.305743, 0.952114, 0.4, -1.0, -0.0, 0.0, 0.0, 0.0, 0.0, 0.0, 1.0],
                [0.0, -0.952114, -0.305743, -0.0, 0.0, -0.305743, 0.952114, 0.4, -1.0, -0.0, 0.0, 0.0, 0.0, 0.0, 0.0, 1.0]
            ]
        },
        {
            "name": "Arm_L",
            "time": [0.0, 0.25, 0.5, 0.75, 1.0],
            "transform": [
                [0.994964, -0.099654, -0.010754, -0.0, -0.024146, -0.134174, -0.990664, 0.39386, 0.09728, 0.985934, -0.135905, 0.0, 0.0, 0.0, 0.0, 1.0],
                [0.118955, 0.966038, 0.229388, -0.0, -0.969734, 0.16265, -0.182102, 0.39386, -0.213227, -0.200784, 0.956149, -0.0, 0.0, 0.0, 0.0, 1.0],
                [-0.0, -0.536887, 0.843654, 0.0, -0.952114, 0.257942, 0.16415, 0.39386, -0.305743, -0.803254, -0.511178, 0.0, 0.0, 0.0, 0.0, 1.0],
                [0.984849, -0.061265, -0.162234, -0.0, 0.111642, 0.939857, 0.322806, 0.39386, 0.1327, -0.336027, 0.932457, 0.0, 0.0, 0.0, 0.0, 1.0],
                [0.994964, -0.099654, -0.010754, -0.0, -0.024146, -0.134174, -0.990664, 0.39386, 0.09728, 0.985934, -0.135905, 0.0, 0.0, 0.0, 0.0, 1.0]
            ]
        },
        {
            "name": "Hand_L",
            "time": [0.0, 0.25, 0.5, 0.75, 1.0],
            "transform": [
                [1.0, 0.0, 0.0, -0.0, -0.0, 0.993938, 0.109947, 0.3, -0.0, -0.109947, 0.993938, -0.0, 0.0, 0.0, 0.0, 1.0],
                [1.0, 0.0, 0.0, -0.0, -0.0, 0.95008, -0.312008, 0.3, -0.0, 0.312008, 0.95008, -0.0, 0.0, 0.0, 0.0, 1.0],
                [1.0, 0.0, -0.0, -0.0, -0.0, 0.488514, -0.872557, 0.3, -0.0, 0.872557, 0.488514, -0.0, 0.0, 0.0, 0.0, 1.0],
                [0.989998, 0.05214, -0.131095, 0.0, -0.126506, -0.08328, -0.988464, 0.3, -0.062456, 0.995162, -0.075851, 0.0, 0.0, 0.0, 0.0, 1.0],
                [1.0, 0.0, 0.0, -0.0, -0.0, 0.993938, 0.109947, 0.3, -0.0, -0.109947, 0.993938, -0.0, 0.0, 0.0, 0.0, 1.0]
            ]
        },
        {
            "name": "Tool_L",
            "time": [0.0, 1.0],
            "transform": [
                [1.0, 0.0, 0.0, -0.0, 0.0, -0.999836, 0.018122, 0.272858, 0.0, -0.018122, -0.999248, -0.0, 0.0, 0.0, 0.0, 1.0],
                [1.0, 0.0, 0.0, -0.0, 0.0, -0.999836, 0.018122, 0.272858, 0.0, -0.018122, -0.999248, -0.0, 0.0, 0.0, 0.0, 1.0]
            ]
        },
        {
            "name": "Elbow_L",
            "time": [0.0, 0.25, 0.5, 0.75, 1.0],
            "transform": [
                [-1.0, 0.0, -0.0, -0.0, 0.0, -0.0, -1.0, 0.3, -0.0, -1.0, -0.0, -0.0, 0.0, 0.0, 0.0, 1.0],
                [-1.0, 0.0, -0.0, -0.0, 0.0, -0.0, -1.0, 0.3, -0.0, -1.0, -0.0, -0.0, 0.0, 0.0, 0.0, 1.0],
                [-1.0, 0.0, -0.0, 0.000699, 0.0, -0.0, -1.0, 0.403097, -0.0, -1.0, -0.0, -0.001319, 0.0, 0.0, 0.0, 1.0],
                [-0.995689, 0.091027, -0.017838, -0.004362, 0.016538, -0.015015, -0.99975, 0.45632, -0.091272, -0.995735, 0.013445, 0.006283, 0.0, 0.0, 0.0, 1.0],
                [-1.0, 0.0, -0.0, -0.0, 0.0, -0.0, -1.0, 0.3, -0.0, -1.0, -0.0, -0.0, 0.0, 0.0, 0.0, 1.0]
            ]
        }
    ]
}