{
    "animation": [
        {
            "name": "Root",
            "time": [0.0, 0.1, 0.5],
            "transform": [
                [0.886546, 0.0, -0.46264, -5e-06, -0.46264, 0.0, -0.886546, 0.000946, 0.0, 1.0, 0.0, 0.757374, 0.0, 0.0, 0.0, 1.0],
                [0.954627, 0.0, -0.297804, -5e-06, -0.297804, 0.0, -0.954627, 0.000946, 0.0, 1.0, 0.0, 0.761773, 0.0, 0.0, 0.0, 1.0],
                [0.877457, 0.0, 0.479656, -5e-06, 0.479656, 0.0, -0.877457, 0.000946, 0.0, 1.0, 0.0, 0.645843, 0.0, 0.0, 0.0, 1.0]
            ]
        },
        {
            "name": "Thigh_R",
            "time": [0.0, 0.1, 0.2167, 0.35, 0.45, 0.5],
            "transform": [
                [0.987852, 0.052163, -0.14638, 0.124994, 0.087861, -0.964443, 0.249252, -0.002831, -0.128174, -0.259084, -0.957312, -1.2e-05, 0.0, 0.0, 0.0, 1.0],
                [0.950653, -0.071903, -0.301808, 0.124994, 0.097082, -0.854982, 0.509487, -0.002831, -0.294675, -0.513644, -0.805814, -1.2e-05, 0.0, 0.0, 0.0, 1.0],
                [0.987028, 0.022172, -0.159004, 0.124994, 0.084005, -0.915335, 0.39383, -0.002831, -0.13681, -0.402078, -0.905326, -1.2e-05, 0.0, 0.0, 0.0, 1.0],
                [0.988165, 0.136433, 0.070109, 0.124994, 0.085671, -0.870002, 0.485544, -0.002831, 0.127239, -0.47379, -0.871397, -1.2e-05, 0.0, 0.0, 0.0, 1.0],
                [0.943464, 0.274337, 0.186049, 0.124994, 0.096573, -0.764417, 0.637446, -0.002831, 0.317094, -0.583439, -0.747696, -1.2e-05, 0.0, 0.0, 0.0, 1.0],
                [0.863385, 0.422898, 0.275178, 0.124994, 0.114489, -0.695381, 0.709462, -0.002831, 0.491384, -0.581033, -0.6488, -1.2e-05, 0.0, 0.0, 0.0, 1.0]
            ]
        },
        {
            "name": "Leg_R",
            "time": [0.0, 0.1, 0.2167, 0.35, 0.45, 0.5],
            "transform": [
                [1.0, -0.0, 1e-06, 0.0, 0.0, 0.933147, 0.359498, 0.37472, -1e-06, -0.359498, 0.933145, -0.0, 0.0, 0.0, 0.0, 1.0],
                [1.0, -1e-06, 1e-06, -0.0, -0.0, 0.701591, 0.71258, 0.37472, -1e-06, -0.712581, 0.70159, 0.0, 0.0, 0.0, 0.0, 1.0],
                [1.0, -0.0, 0.0, 0.0, 0.0, 0.999988, 0.004944, 0.37472, -0.0, -0.004944, 0.999987, -0.0, 0.0, 0.0, 0.0, 1.0],
                [1.0, -0.0, 1e-06, -0.0, 0.0, 0.968927, 0.24735, 0.37472, -1e-06, -0.24735, 0.968925, -0.0, 0.0, 0.0, 0.0, 1.0],
                [1.0, -0.0, 1e-06, 0.0, -0.0, 0.793185, 0.608981, 0.37472, -1e-06, -0.608982, 0.793184, 0.0, 0.0, 0.0, 0.0, 1.0],
                [1.0, -0.0, 1e-06, 0.0, -0.0, 0.632529, 0.774537, 0.37472, -1e-06, -0.774538, 0.632528, -0.0, 0.0, 0.0, 0.0, 1.0]
            ]
        },
        {
            "name": "Knee_R",
            "time": [0.0, 0.5],
            "transform": [
                [1.0, 0.0, -0.0, 0.0, -0.0, 1e-06, -1.0, 0.37472, -0.0, 1.0, 1e-06, -0.0, 0.0, 0.0, 0.0, 1.0],
                [1.0, 0.0, -0.0, 0.0, -0.0, 1e-06, -1.0, 0.418229, -0.0, 1.0, 1e-06, -0.0, 0.0, 0.0, 0.0, 1.0]
            ]
        },
        {
            "name": "Thigh_L",
            "time": [0.0, 0.1, 0.2167, 0.35, 0.45, 0.5],
            "transform": [
                [0.866801, -0.090705, -0.490334, -0.125006, -0.039008, -0.992638, 0.114666, -0.002831, -0.497125, -0.080266, -0.863958, -1.2e-05, 0.0, 0.0, 0.0, 1.0],
                [0.880195, -0.050166, -0.471952, -0.125006, -0.132107, -0.980996, -0.142107, -0.002831, -0.455854, 0.18743, -0.870096, -1.2e-05, 0.0, 0.0, 0.0, 1.0],
                [0.890535, -0.141788, -0.432254, -0.125006, -0.308167, -0.886981, -0.343943, -0.002831, -0.334634, 0.439501, -0.833582, -1.2e-05, 0.0, 0.0, 0.0, 1.0],
                [0.868981, -0.26004, -0.421011, -0.125006, -0.38326, -0.89186, -0.240202, -0.002831, -0.31302, 0.370089, -0.874672, -1.2e-05, 0.0, 0.0, 0.0, 1.0],
                [0.847677, -0.403811, -0.344062, -0.125006, -0.425399, -0.904898, 0.013968, -0.002831, -0.316982, 0.134524, -0.938843, -1.2e-05, 0.0, 0.0, 0.0, 1.0],
                [0.826397, -0.509377, -0.240003, -0.125006, -0.448943, -0.853302, 0.265188, -0.002831, -0.339876, -0.111403, -0.933849, -1.2e-05, 0.0, 0.0, 0.0, 1.0]
            ]
        },
        {
            "name": "Leg_L",
            "time": [0.0, 0.1, 0.2167, 0.35, 0.45, 0.5],
            "transform": [
                [1.0, -0.0, 1e-06, -0.0, 0.0, 0.988108, 0.153757, 0.37472, -1e-06, -0.153757, 0.988109, 0.0, 0.0, 0.0, 0.0, 1.0],
                [1.0, -0.0, 1e-06, -0.0, 0.0, 0.999985, 0.005459, 0.37472, -1e-06, -0.005459, 0.999986, 0.0, 0.0, 0.0, 0.0, 1.0],
                [1.0, -0.0, 1e-06, 0.0, 0.0, 0.999988, 0.004784, 0.37472, -1e-06, -0.004784, 0.999989, 0.0, 0.0, 0.0, 0.0, 1.0],
                [1.0, -0.0, 1e-06, 0.0, 0.0, 0.999986, 0.005236, 0.37472, -1e-06, -0.005236, 0.999987, 0.0, 0.0, 0.0, 0.0, 1.0],
                [1.0, -0.0, 1e-06, 0.0, 0.0, 0.938658, 0.34485, 0.37472, -1e-06, -0.34485, 0.938658, 0.0, 0.0, 0.0, 0.0, 1.0],
                [1.0, -1e-06, 1e-06, 0.0, -0.0, 0.780058, 0.625707, 0.37472, -1e-06, -0.625707, 0.780059, 0.0, 0.0, 0.0, 0.0, 1.0]
            ]
        },
        {
            "name": "Knee_L",
            "time": [0.0, 0.5],
            "transform": [
                [1.0, 0.0, -0.0, -0.0, -0.0, 1e-06, -1.0, 0.37472, -0.0, 1.0, 1e-06, -0.0, 0.0, 0.0, 0.0, 1.0],
                [1.0, 0.0, -0.0, 0.0, -0.0, 1e-06, -1.0, 0.399378, -0.0, 1.0, 1e-06, 0.0, 0.0, 0.0, 0.0, 1.0]
            ]
        },
        {
            "name": "Torso",
            "time": [0.0, 0.5],
            "transform": [
                [0.999984, -0.005557, 0.000276, 0.0, 0.005549, 0.999708, 0.023504, 0.05, -0.000407, -0.023502, 0.999724, -0.0, 0.0, 0.0, 0.0, 1.0],
                [0.988911, 0.148238, 0.008976, 0.0, -0.148502, 0.986451, 0.069723, 0.05, 0.001481, -0.070283, 0.997526, 0.0, 0.0, 0.0, 0.0, 1.0]
            ]
        },
        {
            "name": "Chest",
            "time": [0.0, 0.5],
            "transform": [
                [0.918118, -0.042919, 0.393977, -0.0, 0.031298, 0.998866, 0.035876, 0.3, -0.39507, -0.020608, 0.91842, 0.0, 0.0, 0.0, 0.0, 1.0],
                [0.953199, -0.125684, 0.274981, 0.0, 0.049476, 0.962083, 0.268232, 0.3, -0.298267, -0.242074, 0.923275, 0.0, 0.0, 0.0, 0.0, 1.0]
            ]
        },
        {
            "name": "Head",
            "time": [0.0, 0.2167, 0.5],
            "transform": [
                [0.997654, 0.028654, 0.062165, -0.0, -0.02567, 0.998503, -0.048291, 0.4, -0.063456, 0.046582, 0.996897, -0.0, 0.0, 0.0, 0.0, 1.0],
                [0.952735, 0.001484, -0.303798, -0.0, -0.032512, 0.994743, -0.097101, 0.4, 0.302056, 0.102388, 0.947776, -0.0, 0.0, 0.0, 0.0, 1.0],
                [0.686705, -0.112948, -0.718108, 0.0, -0.135289, 0.95074, -0.27891, 0.4, 0.714236, 0.288681, 0.637597, -0.0, 0.0, 0.0, 0.0, 1.0]
            ]
        },
        {
            "name": "Shoulder_R",
            "time": [0.0, 0.1, 0.2167, 0.35, 0.45, 0.5],
            "transform": [
                [0.090442, 0.98415, -0.152541, -0.0, -0.300822, 0.17301, 0.937856, 0.4, 0.949382, -0.038934, 0.311701, -0.0, 0.0, 0.0, 0.0, 1.0],
                [0.086691, 0.969177, 0.23061, 0.0, -0.642421, -0.122539, 0.756492, 0.4, 0.761433, -0.213729, 0.611996, -0.0, 0.0, 0.0, 0.0, 1.0],
                [0.086691, 0.969177, 0.230609, -0.0, -0.642421, -0.122539, 0.756492, 0.4, 0.761433, -0.213729, 0.611996, -0.0, 0.0, 0.0, 0.0, 1.0],
                [0.577993, 0.767361, 0.277632, -0.0, -0.592854, 0.161076, 0.789037, 0.4, 0.560756, -0.620653, 0.548034, 0.0, 0.0, 0.0, 0.0, 1.0],
                [0.732041, 0.667778, 0.134858, -0.0, 0.319896, -0.511712, 0.797382, 0.4, 0.601483, -0.540576, -0.588214, -0.0, 0.0, 0.0, 0.0, 1.0],
                [0.833224, 0.548088, -0.073048, 0.0, 0.387974, -0.48539, 0.7835, 0.4, 0.393971, -0.681172, -0.617083, -0.0, 0.0, 0.0, 0.0, 1.0]
            ]
        },
        {
            "name": "Arm_R",
            "time": [0.0, 0.15, 0.2167, 0.35, 0.45, 0.5],
            "transform": [
                [-0.555539, -0.702198, -0.445302, -0.0, -0.449505, 0.704171, -0.549626, 0.39386, 0.699515, -0.105173, -0.706836, 0.0, 0.0, 0.0, 0.0, 1.0],
                [-0.665699, -0.715565, -0.211689, 0.0, -0.435749, 0.603051, -0.668171, 0.39386, 0.605779, -0.352558, -0.713256, -0.0, 0.0, 0.0, 0.0, 1.0],
                [-0.665699, -0.715565, -0.211689, -0.0, -0.435749, 0.603051, -0.668171, 0.39386, 0.605779, -0.352558, -0.713256, -0.0, 0.0, 0.0, 0.0, 1.0],
                [-0.488914, -0.742749, 0.457479, 0.0, -0.43024, -0.250894, -0.867148, 0.39386, 0.758852, -0.620786, -0.196895, 0.0, 0.0, 0.0, 0.0, 1.0],
                [0.387537, -0.920204, 0.055138, -0.0, -0.917705, -0.390771, -0.071531, 0.393861, 0.087369, -0.02288, -0.995913, -0.0, 0.0, 0.0, 0.0, 1.0],
                [0.387537, -0.920204, 0.055138, -0.0, -0.917705, -0.390771, -0.071531, 0.39386, 0.087369, -0.02288, -0.995913, -0.0, 0.0, 0.0, 0.0, 1.0]
            ]
        },
        {
            "name": "Hand_R",
            "time": [0.0, 0.1, 0.2167, 0.35, 0.45, 0.5],
            "transform": [
                [1.0, 0.0, 0.0, 0.0, -0.0, 0.990359, -0.138526, 0.3, -0.0, 0.138526, 0.990359, 0.0, 0.0, 0.0, 0.0, 1.0],
                [1.0, 0.0, 0.0, -0.0, -0.0, 0.686434, -0.727192, 0.3, -0.0, 0.727192, 0.686434, 0.0, 0.0, 0.0, 0.0, 1.0],
                [1.0, 0.0, 0.0, -0.0, -0.0, 0.686434, -0.727192, 0.3, -0.0, 0.727192, 0.686434, 0.0, 0.0, 0.0, 0.0, 1.0],
                [1.0, 0.0, 0.0, -0.0, -0.0, 0.993763, 0.111509, 0.3, -0.0, -0.111509, 0.993763, 0.0, 0.0, 0.0, 0.0, 1.0],
                [1.0, 0.0, 0.0, -0.0, -0.0, 0.993937, 0.109947, 0.3, -0.0, -0.109947, 0.993937, 0.0, 0.0, 0.0, 0.0, 1.0],
                [1.0, 0.0, 0.0, -0.0, -0.0, 0.993937, 0.109947, 0.3, -0.0, -0.109947, 0.993937, -0.0, 0.0, 0.0, 0.0, 1.0]
            ]
        },
        {
            "name": "Tool_R",
            "time": [0.0, 0.2167, 0.35, 0.3833, 0.45, 0.5],
            "transform": [
                [0.986308, -0.155667, 0.054456, -0.001929, -0.115716, -0.88851, -0.444028, 0.273571, 0.117434, 0.43138, -0.893829, -0.000882, 0.0, 0.0, 0.0, 1.0],
                [0.996317, -0.08207, 0.024848, -0.010286, -0.085743, -0.957057, 0.276931, 0.276664, 0.001051, -0.277886, -0.959994, -0.004705, 0.0, 0.0, 0.0, 1.0],
                [0.996094, -0.084194, 0.026629, -0.010286, -0.077241, -0.976882, -0.19934, 0.276664, 0.04277, 0.196377, -0.978988, -0.004705, 0.0, 0.0, 0.0, 1.0],
                [0.898174, 0.439589, 0.006784, -0.009033, 0.436976, -0.890927, -0.123694, 0.28702, -0.048297, 0.113986, -0.991708, -0.010481, 0.0, 0.0, 0.0, 1.0],
                [0.048695, 0.984154, -0.170499, -0.042584, 0.998774, -0.049503, -0.000485, 0.288613, -0.008901, -0.170165, -0.984772, -0.019477, 0.0, 0.0, 0.0, 1.0],
                [0.048695, 0.984154, -0.170499, -0.042584, 0.998774, -0.049503, -0.000485, 0.288613, -0.008901, -0.170165, -0.984771, -0.019478, 0.0, 0.0, 0.0, 1.0]
            ]
        },
        {
            "name": "Elbow_R",
            "time": [0.0, 0.2167, 0.5],
            "transform": [
                [-1.0, 0.0, 0.0, 0.0, -0.0, -0.0, -1.0, 0.323348, -0.0, -1.0, 0.0, 0.0, 0.0, 0.0, 0.0, 1.0],
                [-1.0, 0.0, -0.0, -0.0, 0.0, -0.0, -1.0, 0.386625, -0.0, -1.0, 0.0, -0.0, 0.0, 0.0, 0.0, 1.0],
                [-1.0, 0.0, 0.0, -0.0, -0.0, -0.0, -1.0, 0.3, -0.0, -1.0, 0.0, -0.0, 0.0, 0.0, 0.0, 1.0]
            ]
        },
        {
            "name": "Shoulder_L",
            "time": [0.0, 0.2167, 0.35, 0.45, 0.5],
            "transform": [
                [0.108872, -0.909433, -0.401347, -0.0, -0.293261, -0.415162, 0.861184, 0.4, -0.949813, 0.023941, -0.311901, -0.0, 0.0, 0.0, 0.0, 1.0],
                [-0.211721, -0.818882, -0.533485, -0.0, -0.386765, -0.431096, 0.815211, 0.4, -0.897545, 0.378931, -0.225443, -0.0, 0.0, 0.0, 0.0, 1.0],
                [0.210309, -0.897487, -0.387669, -0.0, -0.274464, -0.434793, 0.857685, 0.4, -0.938317, -0.073978, -0.337769, 0.0, 0.0, 0.0, 0.0, 1.0],
                [0.450778, -0.882861, 0.131741, -0.0, -0.716367, -0.269749, 0.64347, 0.4, -0.532558, -0.384437, -0.754049, -0.0, 0.0, 0.0, 0.0, 1.0],
                [0.3552, -0.928755, -0.106055, 0.0, -0.703423, -0.34028, 0.624024, 0.4, -0.615653, -0.147051, -0.774175, -0.0, 0.0, 0.0, 0.0, 1.0]
            ]
        },
        {
            "name": "Arm_L",
            "time": [0.0, 0.2167, 0.2833, 0.35, 0.4, 0.45, 0.5],
            "transform": [
                [0.218503, -0.314805, 0.923663, -0.0, -0.812728, 0.465195, 0.350809, 0.39386, -0.54012, -0.82734, -0.154204, 0.0, 0.0, 0.0, 0.0, 1.0],
                [0.00456, 0.213913, 0.976842, 0.0, 0.059152, 0.975084, -0.213804, 0.39386, -0.998239, 0.058757, -0.008207, 0.0, 0.0, 0.0, 0.0, 1.0],
                [0.064158, 0.408434, 0.91053, 0.0, -0.095035, 0.910764, -0.401843, 0.39386, -0.993404, -0.06075, 0.097249, 0.0, 0.0, 0.0, 0.0, 1.0],
                [0.214118, 0.073989, 0.974002, 0.0, -0.072587, 0.995575, -0.059671, 0.39386, -0.974107, -0.057923, 0.218541, 0.0, 0.0, 0.0, 0.0, 1.0],
                [0.224399, 0.124715, 0.966484, -0.0, -0.673909, 0.736253, 0.061462, 0.39386, -0.703912, -0.665114, 0.249261, -0.0, 0.0, 0.0, 0.0, 1.0],
                [0.268573, 0.155232, 0.950669, -0.0, -0.924954, 0.317108, 0.209528, 0.39386, -0.268939, -0.935599, 0.228749, 0.0, 0.0, 0.0, 0.0, 1.0],
                [0.268573, 0.155232, 0.950669, -0.0, -0.924954, 0.317108, 0.209528, 0.39386, -0.268939, -0.935599, 0.22875, 0.0, 0.0, 0.0, 0.0, 1.0]
            ]
        },
        {
            "name": "Hand_L",
            "time": [0.0, 0.2167, 0.2833, 0.35, 0.45, 0.5],
            "transform": [
                [1.0, 0.0, -0.0, 0.0, -0.0, 0.152665, -0.988278, 0.3, -0.0, 0.988278, 0.152665, 0.0, 0.0, 0.0, 0.0, 1.0],
                [1.0, 0.0, 0.0, 0.0, 0.0, 0.808081, -0.589072, 0.3, 0.0, 0.589072, 0.808081, -0.0, 0.0, 0.0, 0.0, 1.0],
                [1.0, 0.0, 0.0, 0.0, 0.0, 0.6598, -0.751442, 0.3, -0.0, 0.751442, 0.6598, -0.0, 0.0, 0.0, 0.0, 1.0],
                [1.0, 0.0, 0.0, 0.0, 0.0, 0.105029, -0.994469, 0.3, -0.0, 0.994469, 0.105029, 0.0, 0.0, 0.0, 0.0, 1.0],
                [1.0, 0.0, -0.0, 0.0, -0.0, 0.089385, -0.995998, 0.3, -0.0, 0.995998, 0.089385, -0.0, 0.0, 0.0, 0.0, 1.0],
                [1.0, 0.0, -0.0, 0.0, -0.0, 0.089384, -0.995998, 0.3, -0.0, 0.995997, 0.089384, -0.0, 0.0, 0.0, 0.0, 1.0]
            ]
        },
        {
            "name": "Tool_L",
            "time": [0.0, 0.2167, 0.2333, 0.25, 0.2667, 0.2833, 0.3, 0.3167, 0.3333, 0.35, 0.3667, 0.3833, 0.4, 0.4167, 0.4333, 0.45, 0.5],
            "transform": [
                [0.998424, 0.049829, -0.025803, 0.001897, 0.032611, -0.889466, -0.455837, 0.278265, -0.045638, 0.453998, -0.889167, 0.002542, 0.0, 0.0, 0.0, 1.0],
                [0.950851, 0.29355, 0.098545, 0.010119, 0.257499, -0.926355, 0.274883, 0.301695, 0.171881, -0.235867, -0.955844, 0.013556, 0.0, 0.0, 0.0, 1.0],
                [0.937155, 0.326663, 0.122606, 0.036532, 0.301849, -0.935291, 0.184708, 0.309135, 0.174909, -0.136021, -0.974536, 0.021466, 0.0, 0.0, 0.0, 1.0],
                [0.92176, 0.357378, 0.150461, 0.048451, 0.346925, -0.9334, 0.091689, 0.311707, 0.173109, -0.032307, -0.983771, 0.02767, 0.0, 0.0, 0.0, 1.0],
                [0.896556, 0.397413, 0.195579, 0.044062, 0.415394, -0.907671, -0.059837, 0.312194, 0.153655, 0.1348, -0.978281, 0.024027, 0.0, 0.0, 0.0, 1.0],
                [0.860661, 0.449247, 0.239665, 0.026139, 0.496516, -0.844793, -0.19949, 0.307687, 0.112785, 0.290509, -0.949578, 0.014881, 0.0, 0.0, 0.0, 1.0],
                [0.855381, 0.447422, 0.261032, 0.029708, 0.509814, -0.81639, -0.271287, 0.313728, 0.091675, 0.364906, -0.92588, 0.020542, 0.0, 0.0, 0.0, 1.0],
                [0.833226, 0.462012, 0.303775, 0.025822, 0.550395, -0.745589, -0.375715, 0.315466, 0.052881, 0.479959, -0.875019, 0.017654, 0.0, 0.0, 0.0, 1.0],
                [0.817601, 0.474255, 0.326514, 0.015378, 0.575768, -0.677918, -0.457076, 0.312151, 0.004583, 0.561361, -0.826842, 0.015752, 0.0, 0.0, 0.0, 1.0],
                [0.81838, 0.465912, 0.336422, 0.001591, 0.572387, -0.608646, -0.549474, 0.306378, -0.051208, 0.641855, -0.764339, 0.013039, 0.0, 0.0, 0.0, 1.0],
                [0.84589, 0.426962, 0.319646, 0.019557, 0.532999, -0.654739, -0.535938, 0.31021, -0.019523, 0.623338, -0.78095, 0.006684, 0.0, 0.0, 0.0, 1.0],
                [0.884323, 0.366046, 0.289799, 0.026818, 0.466418, -0.720152, -0.513648, 0.30698, 0.020673, 0.589041, -0.807105, -0.003145, 0.0, 0.0, 0.0, 1.0],
                [0.917196, 0.300253, 0.261914, 0.040572, 0.394235, -0.7791, -0.487424, 0.307324, 0.057677, 0.549984, -0.83247, -0.011677, 0.0, 0.0, 0.0, 1.0],
                [0.959864, 0.17081, 0.222452, 0.043798, 0.254939, -0.861983, -0.438169, 0.289272, 0.116839, 0.477001, -0.870421, -0.023606, 0.0, 0.0, 0.0, 1.0],
                [0.983529, 0.039738, 0.176331, 0.042623, 0.10581, -0.917497, -0.38341, 0.270223, 0.146462, 0.395507, -0.906056, -0.035557, 0.0, 0.0, 0.0, 1.0],
                [0.98932, -0.080703, 0.121382, 0.02856, -0.035455, -0.940964, -0.336644, 0.25083, 0.1413, 0.32854, -0.933226, -0.04075, 0.0, 0.0, 0.0, 1.0],
                [0.98932, -0.080703, 0.121382, 0.02856, -0.035455, -0.940964, -0.336644, 0.25083, 0.1413, 0.32854, -0.933226, -0.04075, 0.0, 0.0, 0.0, 1.0]
            ]
        },
        {
            "name": "Elbow_L",
            "time": [0.0, 0.5],
            "transform": [
                [-1.0, 0.0, -0.0, 0.0, 0.0, -0.0, -1.0, 0.443162, -0.0, -1.0, -0.0, 0.0, 0.0, 0.0, 0.0, 1.0],
                [-1.0, 0.0, 0.0, -0.0, 0.0, 0.0, -1.0, 0.4472, -0.0, -1.0, -0.0, -0.0, 0.0, 0.0, 0.0, 1.0]
            ]
        }
    ]
}