{
    "animation": [
        {
            "name": "Root",
            "time": [0.0, 0.1167, 0.25, 0.3833, 0.5167, 0.65, 0.7833],
            "transform": [
                [1.0, 0.0, 0.0, -5e-06, 0.0, 0.0, -1.0, 0.000946, 0.0, 1.0, 0.0, 0.777496, 0.0, 0.0, 0.0, 1.0],
                [1.0, 0.0, 0.0, -5e-06, 0.0, 0.0, -1.0, 0.000946, 0.0, 1.0, 0.0, 0.68579, 0.0, 0.0, 0.0, 1.0],
                [1.0, 0.0, 0.0, -5e-06, 0.0, 0.0, -1.0, 0.000946, 0.0, 1.0, 0.0, 0.717555, 0.0, 0.0, 0.0, 1.0],
                [1.0, 0.0, 0.0, -5e-06, 0.0, 0.0, -1.0, 0.000946, 0.0, 1.0, 0.0, 0.770964, 0.0, 0.0, 0.0, 1.0],
                [1.0, 0.0, 0.0, -5e-06, 0.0, 0.0, -1.0, 0.000946, 0.0, 1.0, 0.0, 0.674429, 0.0, 0.0, 0.0, 1.0],
                [1.0, 0.0, 0.0, -5e-06, 0.0, 0.0, -1.0, 0.000946, 0.0, 1.0, 0.0, 0.749826, 0.0, 0.0, 0.0, 1.0],
                [1.0, 0.0, 0.0, -5e-06, 0.0, 0.0, -1.0, 0.000946, 0.0, 1.0, 0.0, 0.777496, 0.0, 0.0, 0.0, 1.0]
            ]
        },
        {
            "name": "Thigh_R",
            "time": [0.0, 0.1167, 0.25, 0.3833, 0.5167, 0.65, 0.7833],
            "transform": [
                [0.998692, 0.050626, 0.007128, 0.124994, 0.039742, -0.856435, 0.514721, -0.002831, 0.032163, -0.513763, -0.857329, -1.2e-05, 0.0, 0.0, 0.0, 1.0],
                [0.999182, 0.032338, 0.024285, 0.124994, 0.008425, -0.753758, 0.657096, -0.002831, 0.039554, -0.656352, -0.753416, -1.2e-05, 0.0, 0.0, 0.0, 1.0],
                [0.999343, 0.025355, 0.025873, 0.124994, 0.009466, -0.872173, 0.489103, -0.002831, 0.034967, -0.488536, -0.871843, -1.2e-05, 0.0, 0.0, 0.0, 1.0],
                [0.999571, 0.020858, 0.02052, 0.124994, 0.019949, -0.99885, 0.043539, -0.002831, 0.021405, -0.043111, -0.998841, -1.2e-05, 0.0, 0.0, 0.0, 1.0],
                [0.998741, 0.043907, 0.02425, 0.124994, 0.047681, -0.981147, -0.187276, -0.002831, 0.015571, 0.188197, -0.982008, -1.2e-05, 0.0, 0.0, 0.0, 1.0],
                [0.998673, 0.048811, 0.016393, 0.124994, 0.04528, -0.984094, 0.171767, -0.002831, 0.024516, -0.170796, -0.985002, -1.2e-05, 0.0, 0.0, 0.0, 1.0],
                [0.998692, 0.050626, 0.007128, 0.124994, 0.039742, -0.856435, 0.514721, -0.002831, 0.032163, -0.513763, -0.857329, -1.2e-05, 0.0, 0.0, 0.0, 1.0]
            ]
        },
        {
            "name": "Leg_R",
            "time": [0.0, 0.1167, 0.25, 0.3833, 0.5167, 0.65, 0.7833],
            "transform": [
                [0.999848, -0.00655, -0.016176, 0.0, 0.017452, 0.375249, 0.926759, 0.37472, -0.0, -0.926902, 0.375306, 0.0, 0.0, 0.0, 0.0, 1.0],
                [0.999839, -0.01678, -0.006378, 0.0, 0.017452, 0.825348, 0.564355, 0.37472, -0.004206, -0.564377, 0.825506, 0.0, 0.0, 0.0, 0.0, 1.0],
                [0.999781, -0.009892, -0.018445, 0.0, 0.017451, 0.880527, 0.473676, 0.37472, 0.011556, -0.473895, 0.880505, -0.0, 0.0, 0.0, 0.0, 1.0],
                [0.999848, -0.017386, -0.00152, -0.0, 0.017452, 0.996044, 0.087142, 0.37472, -1e-06, -0.087155, 0.996194, 0.0, 0.0, 0.0, 0.0, 1.0],
                [0.999848, -0.011695, -0.012954, -0.0, 0.017452, 0.670011, 0.742146, 0.37472, -1e-06, -0.74226, 0.670112, 0.0, 0.0, 0.0, 0.0, 1.0],
                [0.999847, -0.007991, -0.01557, 0.0, 0.017452, 0.389115, 0.921024, 0.37472, -0.001302, -0.921156, 0.389194, -0.0, 0.0, 0.0, 0.0, 1.0],
                [0.999848, -0.00655, -0.016176, 0.0, 0.017452, 0.375249, 0.926759, 0.37472, -0.0, -0.926902, 0.375306, 0.0, 0.0, 0.0, 0.0, 1.0]
            ]
        },
        {
            "name": "Knee_R",
            "time": [0.0, 0.1167, 0.25, 0.3833, 0.5167, 0.65, 0.7833],
            "transform": [
                [1.0, 0.0, -0.0, 0.0, -0.0, 1e-06, -1.0, 0.445175, -0.0, 1.0, 1e-06, -0.0, 0.0, 0.0, 0.0, 1.0],
                [1.0, 0.0, -0.0, 0.0, -0.0, 1e-06, -1.0, 0.392522, -0.0, 1.0, 1e-06, 0.0, 0.0, 0.0, 0.0, 1.0],
                [1.0, 0.0, -0.0, -0.0, -0.0, 1e-06, -1.0, 0.38301, -0.0, 1.0, 1e-06, 0.0, 0.0, 0.0, 0.0, 1.0],
                [1.0, 0.0, -0.0, -0.0, -0.0, 1e-06, -1.0, 0.37472, -0.0, 1.0, 1e-06, 0.0, 0.0, 0.0, 0.0, 1.0],
                [1.0, 0.0, -0.0, -0.0, -0.0, 1e-06, -1.0, 0.41378, -0.0, 1.0, 1e-06, -0.0, 0.0, 0.0, 0.0, 1.0],
                [1.0, 0.0, -0.0, 0.0, -0.0, 1e-06, -1.0, 0.443825, -0.0, 1.0, 1e-06, -0.0, 0.0, 0.0, 0.0, 1.0],
                [1.0, 0.0, -0.0, 0.0, -0.0, 1e-06, -1.0, 0.445175, -0.0, 1.0, 1e-06, -0.0, 0.0, 0.0, 0.0, 1.0]
            ]
        },
        {
            "name": "Thigh_L",
            "time": [0.0, 0.1167, 0.25, 0.3833, 0.5167, 0.65, 0.7833],
            "transform": [
                [0.999678, -0.01158, 0.022562, -0.125006, -0.014244, -0.992459, 0.12175, -0.002831, 0.020982, -0.122032, -0.992304, -1.2e-05, 0.0, 0.0, 0.0, 1.0],
                [0.998742, -0.047652, 0.015561, -0.125006, -0.04388, -0.981151, -0.188197, -0.002831, 0.024235, 0.187278, -0.982008, -1.2e-05, 0.0, 0.0, 0.0, 1.0],
                [0.99868, -0.046108, 0.022603, -0.125006, -0.047977, -0.994723, 0.09069, -0.002831, 0.018303, -0.091654, -0.995622, -1.2e-05, 0.0, 0.0, 0.0, 1.0],
                [0.998692, -0.039742, 0.032163, -0.125006, -0.050626, -0.856436, 0.513765, -0.002831, 0.007128, -0.514721, -0.857328, -1.2e-05, 0.0, 0.0, 0.0, 1.0],
                [0.999904, -0.008505, 0.010843, -0.125006, -0.013536, -0.753516, 0.65729, -0.002831, 0.00258, -0.657374, -0.75356, -1.2e-05, 0.0, 0.0, 0.0, 1.0],
                [0.999823, -0.008252, 0.016867, -0.125006, -0.013481, -0.940726, 0.338898, -0.002831, 0.013071, -0.339065, -0.940672, -1.2e-05, 0.0, 0.0, 0.0, 1.0],
                [0.999678, -0.01158, 0.022562, -0.125006, -0.014244, -0.992459, 0.12175, -0.002831, 0.020982, -0.122032, -0.992304, -1.2e-05, 0.0, 0.0, 0.0, 1.0]
            ]
        },
        {
            "name": "Leg_L",
            "time": [0.0, 0.1167, 0.25, 0.3833, 0.5167, 0.65, 0.7833],
            "transform": [
                [0.999846, 0.017056, 0.004177, -0.0, -0.017453, 0.991487, 0.129029, 0.37472, -0.001941, -0.129081, 0.991632, -0.0, 0.0, 0.0, 0.0, 1.0],
                [0.999848, 0.012337, 0.012345, 0.0, -0.017453, 0.706779, 0.707219, 0.37472, -1e-06, -0.707327, 0.706887, 0.0, 0.0, 0.0, 0.0, 1.0],
                [0.999844, 0.010983, 0.013828, -0.0, -0.017453, 0.495202, 0.868603, 0.37472, 0.002692, -0.868708, 0.495317, -0.0, 0.0, 0.0, 0.0, 1.0],
                [0.999848, 0.01001, 0.014297, -0.0, -0.017453, 0.573489, 0.819028, 0.37472, -0.0, -0.819152, 0.573576, 0.0, 0.0, 0.0, 0.0, 1.0],
                [0.999839, 0.011452, 0.013825, 0.0, -0.017617, 0.77403, 0.632904, 0.37472, -0.003453, -0.633045, 0.774107, 0.0, 0.0, 0.0, 0.0, 1.0],
                [0.999843, 0.01564, 0.008355, -0.0, -0.017549, 0.940274, 0.339965, 0.37472, -0.002539, -0.340058, 0.940401, -0.0, 0.0, 0.0, 0.0, 1.0],
                [0.999846, 0.017056, 0.004177, -0.0, -0.017453, 0.991487, 0.129029, 0.37472, -0.001941, -0.129082, 0.991632, -0.0, 0.0, 0.0, 0.0, 1.0]
            ]
        },
        {
            "name": "Knee_L",
            "time": [0.0, 0.1167, 0.25, 0.3833, 0.5167, 0.65, 0.7833],
            "transform": [
                [1.0, 0.0, -0.0, -0.0, -0.0, 1e-06, -1.0, 0.37472, -0.0, 1.0, 1e-06, -0.0, 0.0, 0.0, 0.0, 1.0],
                [1.0, 0.0, -0.0, -0.0, -0.0, 1e-06, -1.0, 0.409226, -0.0, 1.0, 1e-06, -0.0, 0.0, 0.0, 0.0, 1.0],
                [1.0, 0.0, -0.0, -0.0, -0.0, 1e-06, -1.0, 0.43319, -0.0, 1.0, 1e-06, -0.0, 0.0, 0.0, 0.0, 1.0],
                [1.0, 0.0, -0.0, -0.0, -0.0, 1e-06, -1.0, 0.424869, -0.0, 1.0, 1e-06, -0.0, 0.0, 0.0, 0.0, 1.0],
                [1.0, 0.0, -0.0, 0.0, -0.0, 1e-06, -1.0, 0.400226, -0.0, 1.0, 1e-06, -0.0, 0.0, 0.0, 0.0, 1.0],
                [1.0, 0.0, -0.0, -0.0, -0.0, 1e-06, -1.0, 0.37472, -0.0, 1.0, 1e-06, -0.0, 0.0, 0.0, 0.0, 1.0],
                [1.0, 0.0, -0.0, -0.0, -0.0, 1e-06, -1.0, 0.37472, -0.0, 1.0, 1e-06, -0.0, 0.0, 0.0, 0.0, 1.0]
            ]
        },
        {
            "name": "Torso",
            "time": [0.0, 0.2, 0.3833, 0.6, 0.7833],
            "transform": [
                [1.0, 0.0, 0.0, 0.0, 0.0, 0.998933, 0.046195, 0.05, 0.0, -0.046195, 0.998932, 0.0, 0.0, 0.0, 0.0, 1.0],
                [0.999377, 0.034558, 0.007111, 0.0, -0.035046, 0.995598, 0.086935, 0.05, -0.004075, -0.08713, 0.996189, 0.0, 0.0, 0.0, 0.0, 1.0],
                [1.0, 0.000844, 0.00018, 0.0, -0.000843, 0.999994, -0.003364, 0.05, -0.000183, 0.003364, 0.999994, 0.0, 0.0, 0.0, 0.0, 1.0],
                [0.999428, -0.033806, 0.001132, 0.0, 0.033579, 0.995623, 0.087218, 0.05, -0.004075, -0.08713, 0.996189, 0.0, 0.0, 0.0, 0.0, 1.0],
                [1.0, 0.0, 0.0, 0.0, 0.0, 0.998933, 0.046195, 0.05, 0.0, -0.046195, 0.998932, 0.0, 0.0, 0.0, 0.0, 1.0]
            ]
        },
        {
            "name": "Chest",
            "time": [0.0, 0.2, 0.3833, 0.6, 0.7833],
            "transform": [
                [1.0, 0.0, 0.0, -0.0, 0.0, 1.0, -0.0, 0.3, 0.0, 0.0, 1.0, 0.0, 0.0, 0.0, 0.0, 1.0],
                [0.951108, -0.021913, -0.308079, 0.0, 0.029334, 0.99938, 0.019477, 0.3, 0.307461, -0.027562, 0.951161, -0.0, 0.0, 0.0, 0.0, 1.0],
                [1.0, 2e-06, -1.1e-05, 0.0, -2e-06, 0.999912, 0.013291, 0.3, 1.1e-05, -0.013291, 0.999912, -0.0, 0.0, 0.0, 0.0, 1.0],
                [0.966424, -0.010546, 0.256737, 0.0, 0.002597, 0.999507, 0.031282, 0.3, -0.25694, -0.029565, 0.965975, -0.0, 0.0, 0.0, 0.0, 1.0],
                [1.0, 0.0, 0.0, -0.0, 0.0, 1.0, -0.0, 0.3, 0.0, 0.0, 1.0, 0.0, 0.0, 0.0, 0.0, 1.0]
            ]
        },
        {
            "name": "Head",
            "time": [0.0, 0.2, 0.3833, 0.6, 0.7833],
            "transform": [
                [0.999934, 0.011367, 0.001432, 0.0, -0.011289, 0.998882, -0.045908, 0.4, -0.001952, 0.045889, 0.998945, 0.0, 0.0, 0.0, 0.0, 1.0],
                [0.952343, 0.026945, 0.303836, -0.0, 0.002285, 0.995433, -0.09544, 0.4, -0.30502, 0.091586, 0.947932, -0.0, 0.0, 0.0, 0.0, 1.0],
                [0.999996, -0.001874, 0.002209, 0.0, 0.001892, 0.999964, -0.008253, 0.4, -0.002193, 0.008257, 0.999964, -0.0, 0.0, 0.0, 0.0, 1.0],
                [0.965885, 0.016608, -0.258439, 0.0, -0.045477, 0.993312, -0.106131, 0.4, 0.254948, 0.114264, 0.96018, 0.0, 0.0, 0.0, 0.0, 1.0],
                [0.999988, 0.004779, 0.00143, 0.0, -0.004709, 0.998935, -0.045899, 0.4, -0.001648, 0.045891, 0.998945, 0.0, 0.0, 0.0, 0.0, 1.0]
            ]
        },
        {
            "name": "Shoulder_R",
            "time": [0.0, 0.7833],
            "transform": [
                [-0.184389, 0.936645, 0.29782, 0.0, 0.296244, -0.23596, 0.925507, 0.4, 0.937145, 0.258881, -0.233967, 0.0, 0.0, 0.0, 0.0, 1.0],
                [-0.184389, 0.936645, 0.29782, 0.0, 0.296244, -0.23596, 0.925507, 0.4, 0.937145, 0.258881, -0.233967, 0.0, 0.0, 0.0, 0.0, 1.0]
            ]
        },
        {
            "name": "Arm_R",
            "time": [0.0, 0.5167, 0.7833],
            "transform": [
                [0.665395, -0.134981, -0.734186, 0.021371, 0.724438, 0.354057, 0.591467, 0.415813, 0.180107, -0.925432, 0.333373, -0.001385, 0.0, 0.0, 0.0, 1.0],
                [0.783261, -0.024515, -0.62121, 0.02137, 0.599762, 0.292858, 0.744661, 0.415813, 0.163671, -0.955842, 0.244088, -0.001385, 0.0, 0.0, 0.0, 1.0],
                [0.665395, -0.134981, -0.734186, 0.021371, 0.724438, 0.354057, 0.591467, 0.415813, 0.180107, -0.925432, 0.333373, -0.001385, 0.0, 0.0, 0.0, 1.0]
            ]
        },
        {
            "name": "Hand_R",
            "time": [0.0, 0.7833],
            "transform": [
                [1.0, 0.0, -0.0, -0.0, -0.0, 0.999904, -0.01388, 0.3, -0.0, 0.01388, 0.999904, 0.0, 0.0, 0.0, 0.0, 1.0],
                [1.0, 0.0, -0.0, -0.0, -0.0, 0.999904, -0.01388, 0.3, -0.0, 0.01388, 0.999904, 0.0, 0.0, 0.0, 0.0, 1.0]
            ]
        },
        {
            "name": "Tool_R",
            "time": [0.0, 0.7833],
            "transform": [
                [0.999984, 0.005027, -0.002786, 0.0, 0.004184, -0.969083, -0.246698, 0.272858, -0.003938, 0.246525, -0.968515, 0.0, 0.0, 0.0, 0.0, 1.0],
                [0.999984, 0.005027, -0.002786, 0.0, 0.004184, -0.969083, -0.246698, 0.272858, -0.003938, 0.246525, -0.968515, 0.0, 0.0, 0.0, 0.0, 1.0]
            ]
        },
        {
            "name": "Elbow_R",
            "time": [0.0, 0.1167, 0.25, 0.3833, 0.5167, 0.65, 0.7833],
            "transform": [
                [-1.0, 0.0, -0.0, -0.0, 0.0, -0.0, -1.0, 0.311625, -0.0, -1.0, 0.0, -0.0, 0.0, 0.0, 0.0, 1.0],
                [-1.0, 0.0, 0.0, -0.0, -0.0, -0.0, -1.0, 0.311625, -0.0, -1.0, 0.0, 0.0, 0.0, 0.0, 0.0, 1.0],
                [-1.0, 0.0, -0.0, 0.0, -0.0, -0.0, -1.0, 0.311625, -0.0, -1.0, 0.0, -0.0, 0.0, 0.0, 0.0, 1.0],
                [-1.0, 0.0, 0.0, -0.0, -0.0, -0.0, -1.0, 0.311625, -0.0, -1.0, 0.0, -0.0, 0.0, 0.0, 0.0, 1.0],
                [-1.0, 0.0, -0.0, 0.0, 0.0, 0.0, -1.0, 0.311625, -0.0, -1.0, 0.0, -0.0, 0.0, 0.0, 0.0, 1.0],
                [-1.0, 0.0, 0.0, -0.0, -0.0, -0.0, -1.0, 0.311625, -0.0, -1.0, 0.0, -0.0, 0.0, 0.0, 0.0, 1.0],
                [-1.0, 0.0, -0.0, -0.0, 0.0, -0.0, -1.0, 0.311625, -0.0, -1.0, 0.0, -0.0, 0.0, 0.0, 0.0, 1.0]
            ]
        },
        {
            "name": "Shoulder_L",
            "time": [0.0, 0.1167, 0.5167, 0.7833],
            "transform": [
                [0.112242, -0.930305, -0.349192, 0.0, -0.288823, -0.366784, 0.884336, 0.4, -0.95078, 0.001595, -0.309862, 0.0, 0.0, 0.0, 0.0, 1.0],
                [0.305282, -0.913672, -0.26834, 0.0, -0.290859, -0.357793, 0.887347, 0.4, -0.906755, -0.192842, -0.374977, 0.0, 0.0, 0.0, 0.0, 1.0],
                [-0.098104, -0.895551, -0.434009, 0.0, -0.280249, -0.393602, 0.875522, 0.4, -0.954901, 0.207523, -0.212364, 0.0, 0.0, 0.0, 0.0, 1.0],
                [0.112242, -0.930305, -0.349192, 0.0, -0.288823, -0.366784, 0.884336, 0.4, -0.95078, 0.001595, -0.309862, 0.0, 0.0, 0.0, 0.0, 1.0]
            ]
        },
        {
            "name": "Arm_L",
            "time": [0.0, 0.1167, 0.25, 0.3833, 0.5167, 0.65, 0.7833],
            "transform": [
                [-0.40161, 0.447422, 0.799076, -0.0, -0.468864, 0.64906, -0.599072, 0.39386, -0.786686, -0.615252, -0.050889, -0.0, 0.0, 0.0, 0.0, 1.0],
                [-0.088217, 0.532216, 0.842, 0.0, -0.561762, 0.671464, -0.48328, 0.39386, -0.822582, -0.515637, 0.239744, -0.0, 0.0, 0.0, 0.0, 1.0],
                [0.038128, 0.213369, 0.976227, -0.0, -0.683671, 0.718074, -0.130244, 0.39386, -0.728794, -0.662452, 0.173253, 0.0, 0.0, 0.0, 0.0, 1.0],
                [0.008255, 0.070435, 0.997482, -0.0, -0.731124, 0.680948, -0.042033, 0.39386, -0.682195, -0.728936, 0.057118, 0.0, 0.0, 0.0, 0.0, 1.0],
                [-0.130096, 0.077978, 0.98843, -0.0, -0.745065, 0.650056, -0.149348, 0.39386, -0.654181, -0.755875, -0.026472, -0.0, 0.0, 0.0, 0.0, 1.0],
                [0.008222, 0.246746, 0.969045, -0.0, -0.838193, 0.530167, -0.127884, 0.39386, -0.545311, -0.811196, 0.21118, -0.0, 0.0, 0.0, 0.0, 1.0],
                [-0.40161, 0.447422, 0.799076, -0.0, -0.468864, 0.64906, -0.599072, 0.39386, -0.786686, -0.615252, -0.050889, -0.0, 0.0, 0.0, 0.0, 1.0]
            ]
        },
        {
            "name": "Hand_L",
            "time": [0.0, 0.25, 0.5167, 0.7833],
            "transform": [
                [1.0, 0.0, -0.0, 0.0, -0.0, 0.593094, -0.805134, 0.3, -0.0, 0.805134, 0.593094, -0.0, 0.0, 0.0, 0.0, 1.0],
                [1.0, -0.0, 0.0, -0.0, -0.0, 0.593093, -0.805134, 0.3, -0.0, 0.805134, 0.593094, -0.0, 0.0, 0.0, 0.0, 1.0],
                [1.0, 0.0, 0.0, 0.0, -0.0, 0.898192, -0.439604, 0.3, -0.0, 0.439604, 0.898192, 0.0, 0.0, 0.0, 0.0, 1.0],
                [1.0, 0.0, -0.0, 0.0, -0.0, 0.593094, -0.805134, 0.3, -0.0, 0.805134, 0.593094, -0.0, 0.0, 0.0, 0.0, 1.0]
            ]
        },
        {
            "name": "Tool_L",
            "time": [0.0, 0.7833],
            "transform": [
                [1.0, 0.0, 0.0, 0.0, 0.0, -0.999836, 0.018122, 0.272858, 0.0, -0.018122, -0.999243, 0.0, 0.0, 0.0, 0.0, 1.0],
                [1.0, 0.0, 0.0, -0.0, 0.0, -0.999836, 0.018122, 0.272858, 0.0, -0.018122, -0.999243, 0.0, 0.0, 0.0, 0.0, 1.0]
            ]
        },
        {
            "name": "Elbow_L",
            "time": [0.0, 0.7833],
            "transform": [
                [-1.0, 0.0, -0.0, 0.0, 0.0, -0.0, -1.0, 0.398028, -0.0, -1.0, -0.0, -0.0, 0.0, 0.0, 0.0, 1.0],
                [-1.0, 0.0, -0.0, 0.0, 0.0, -0.0, -1.0, 0.398028, -0.0, -1.0, -0.0, -0.0, 0.0, 0.0, 0.0, 1.0]
            ]
        }
    ]
}