{
    "animation": [
        {
            "name": "Root",
            "time": [0.0, 0.1333, 0.25, 0.3833, 0.5, 0.6167, 0.7333],
            "transform": [
                [0.866018, -0.000327, -0.500012, 4.2e-05, -0.499954, 0.014791, -0.865926, 0.001281, 0.007679, 0.999891, 0.012646, 0.763725, 0.0, 0.0, 0.0, 1.0],
                [0.936736, -0.004997, -0.350001, 0.000663, -0.348866, 0.068381, -0.934675, -0.003519, 0.028603, 0.997647, 0.062312, 0.639597, 0.0, 0.0, 0.0, 1.0],
                [0.942573, -0.001275, -0.333997, 0.000372, -0.333844, 0.026869, -0.942245, -0.001975, 0.010175, 0.999638, 0.0249, 0.697962, 0.0, 0.0, 0.0, 1.0],
                [0.888187, -0.009048, -0.459393, 0.000478, -0.459478, -0.013603, -0.888085, -0.004095, 0.001786, 0.999867, -0.016239, 0.775409, 0.0, 0.0, 0.0, 1.0],
                [0.954444, 0.017608, -0.29787, 0.000894, -0.298369, 0.044597, -0.953408, -0.001872, -0.003503, 0.99885, 0.047819, 0.636978, 0.0, 0.0, 0.0, 1.0],
                [0.899674, 0.016565, -0.436248, 0.002205, -0.43617, -0.008261, -0.899827, 0.006479, -0.018509, 0.999829, -0.000207, 0.711256, 0.0, 0.0, 0.0, 1.0],
                [0.866018, -0.000327, -0.500012, 4.2e-05, -0.499954, 0.014791, -0.865926, 0.001281, 0.007679, 0.999891, 0.012646, 0.763725, 0.0, 0.0, 0.0, 1.0]
            ]
        },
        {
            "name": "Thigh_R",
            "time": [0.0, 0.1333, 0.25, 0.3833, 0.5, 0.6167, 0.7333],
            "transform": [
                [0.936804, -0.220079, -0.271961, 0.124994, 0.074929, -0.633103, 0.770431, -0.00283, -0.341735, -0.742119, -0.576606, -1.2e-05, 0.0, 0.0, 0.0, 1.0],
                [0.936581, -0.281747, -0.208405, 0.131985, 0.003639, -0.586828, 0.809702, -0.00285, -0.350429, -0.759109, -0.548589, -0.00149, 0.0, 0.0, 0.0, 1.0],
                [0.958881, -0.191387, -0.209561, 0.131928, -0.016329, -0.774379, 0.632508, -0.002856, -0.283334, -0.603077, -0.745666, -0.001489, 0.0, 0.0, 0.0, 1.0],
                [0.98176, -0.02607, -0.188324, 0.131665, -0.005926, -0.994266, 0.106748, -0.002858, -0.190028, -0.103684, -0.976288, -0.001487, 0.0, 0.0, 0.0, 1.0],
                [0.958308, 0.096098, -0.26909, 0.130468, 0.032268, -0.972118, -0.232251, -0.002858, -0.283906, 0.213885, -0.934693, -0.001478, 0.0, 0.0, 0.0, 1.0],
                [0.950254, 0.14378, -0.276301, 0.127385, 0.096353, -0.979262, -0.178206, -0.002844, -0.296194, 0.142719, -0.944405, -0.000742, 0.0, 0.0, 0.0, 1.0],
                [0.936804, -0.220079, -0.271961, 0.124994, 0.074929, -0.633103, 0.770431, -0.00283, -0.341735, -0.742119, -0.576606, -1.2e-05, 0.0, 0.0, 0.0, 1.0]
            ]
        },
        {
            "name": "Leg_R",
            "time": [0.0, 0.1333, 0.25, 0.3833, 0.5, 0.6167, 0.7333],
            "transform": [
                [1.0, -1e-06, 1e-06, 0.0, -1e-06, -0.102851, 0.994695, 0.37472, -1e-06, -0.994699, -0.102851, -0.0, 0.0, 0.0, 0.0, 1.0],
                [1.0, -1e-06, 1e-06, 0.0, 0.0, 0.682564, 0.730826, 0.37472, -1e-06, -0.730829, 0.682561, -0.0, 0.0, 0.0, 0.0, 1.0],
                [1.0, -1e-06, 1e-06, 0.0, 0.0, 0.831981, 0.554806, 0.37472, -1e-06, -0.554808, 0.831978, 0.0, 0.0, 0.0, 0.0, 1.0],
                [1.0, -0.0, 1e-06, 0.0, 0.0, 0.991944, 0.12669, 0.37472, -1e-06, -0.12669, 0.991941, -0.0, 0.0, 0.0, 0.0, 1.0],
                [1.0, -0.0, 1e-06, 0.0, -0.0, 0.841733, 0.539896, 0.37472, -1e-06, -0.539898, 0.84173, 0.0, 0.0, 0.0, 0.0, 1.0],
                [1.0, -1e-06, 1e-06, -0.0, 0.0, 0.918044, 0.396482, 0.37472, -1e-06, -0.396484, 0.918041, -0.0, 0.0, 0.0, 0.0, 1.0],
                [1.0, -1e-06, 1e-06, 0.0, -1e-06, -0.102851, 0.994695, 0.37472, -1e-06, -0.994699, -0.102851, -0.0, 0.0, 0.0, 0.0, 1.0]
            ]
        },
        {
            "name": "Knee_R",
            "time": [0.0, 0.1333, 0.25, 0.3833, 0.5, 0.6167, 0.7333],
            "transform": [
                [1.0, 0.0, -0.0, 0.0, -0.0, 1e-06, -1.0, 0.47972, -0.0, 1.0, 1e-06, -0.0, 0.0, 0.0, 0.0, 1.0],
                [1.0, 0.0, -0.0, 0.0, -0.0, 1e-06, -1.0, 0.412263, -0.0, 1.0, 1e-06, -0.0, 0.0, 0.0, 0.0, 1.0],
                [1.0, 0.0, -0.0, 0.0, -0.0, 1e-06, -1.0, 0.391485, -0.0, 1.0, 1e-06, 0.0, 0.0, 0.0, 0.0, 1.0],
                [1.0, 0.0, -0.0, 0.0, -0.0, 1e-06, -1.0, 0.37472, -0.0, 1.0, 1e-06, -0.0, 0.0, 0.0, 0.0, 1.0],
                [1.0, 0.0, -0.0, 0.0, -0.0, 1e-06, -1.0, 0.389885, -0.0, 1.0, 1e-06, 0.0, 0.0, 0.0, 0.0, 1.0],
                [1.0, 0.0, -0.0, -0.0, -0.0, 1e-06, -1.0, 0.375282, -0.0, 1.0, 1e-06, -0.0, 0.0, 0.0, 0.0, 1.0],
                [1.0, 0.0, -0.0, 0.0, -0.0, 1e-06, -1.0, 0.47972, -0.0, 1.0, 1e-06, -0.0, 0.0, 0.0, 0.0, 1.0]
            ]
        },
        {
            "name": "Thigh_L",
            "time": [0.0, 0.1333, 0.25, 0.3833, 0.5, 0.6167, 0.7333],
            "transform": [
                [0.874134, -0.028081, -0.484871, -0.152778, 0.011197, -0.996897, 0.07792, -0.001303, -0.485555, -0.073541, -0.871107, 0.02659, 0.0, 0.0, 0.0, 1.0],
                [0.937352, 0.121439, -0.32653, -0.135651, -0.012844, -0.924595, -0.380735, -0.002645, -0.348144, 0.361077, -0.865112, 0.001719, 0.0, 0.0, 0.0, 1.0],
                [0.923492, 0.035032, -0.382014, -0.135651, -0.052977, -0.974634, -0.217446, -0.002645, -0.379941, 0.221048, -0.898211, 0.001719, 0.0, 0.0, 0.0, 1.0],
                [0.879947, -0.241376, -0.409182, -0.135651, -0.031156, -0.888774, 0.457285, -0.002645, -0.474048, -0.389638, -0.789595, 0.001719, 0.0, 0.0, 0.0, 1.0],
                [0.951593, -0.237689, -0.194866, -0.132677, 0.017286, -0.591614, 0.806035, -0.002608, -0.306871, -0.770387, -0.558868, 0.001578, 0.0, 0.0, 0.0, 1.0],
                [0.919314, -0.194612, -0.342033, -0.142727, 0.004018, -0.864469, 0.50267, -0.001928, -0.393502, -0.463486, -0.793937, 0.014084, 0.0, 0.0, 0.0, 1.0],
                [0.874134, -0.028081, -0.484871, -0.152778, 0.011197, -0.996897, 0.07792, -0.001303, -0.485555, -0.073541, -0.871107, 0.02659, 0.0, 0.0, 0.0, 1.0]
            ]
        },
        {
            "name": "Leg_L",
            "time": [0.0, 0.1333, 0.25, 0.3833, 0.5, 0.6167, 0.7333],
            "transform": [
                [1.0, -0.0, 1e-06, 0.0, 0.0, 0.99799, 0.063362, 0.37472, -1e-06, -0.063362, 0.997991, -0.0, 0.0, 0.0, 0.0, 1.0],
                [1.0, -0.0, 1e-06, 0.0, 0.0, 0.96899, 0.2471, 0.37472, -1e-06, -0.2471, 0.96899, 0.0, 0.0, 0.0, 0.0, 1.0],
                [1.0, -1e-06, 1e-06, -0.0, -1e-06, 0.565771, 0.824562, 0.37472, -1e-06, -0.824562, 0.565771, 0.0, 0.0, 0.0, 0.0, 1.0],
                [1.0, -1e-06, 1e-06, -0.0, -1e-06, 0.338986, 0.940792, 0.37472, -1e-06, -0.940791, 0.338986, 0.0, 0.0, 0.0, 0.0, 1.0],
                [1.0, -1e-06, 1e-06, 0.0, 0.0, 0.614716, 0.788749, 0.37472, -1e-06, -0.788749, 0.614716, 0.0, 0.0, 0.0, 0.0, 1.0],
                [1.0, -1e-06, 1e-06, -0.0, 0.0, 0.850052, 0.526699, 0.37472, -1e-06, -0.526698, 0.850052, -0.0, 0.0, 0.0, 0.0, 1.0],
                [1.0, -0.0, 1e-06, 0.0, 0.0, 0.99799, 0.063362, 0.37472, -1e-06, -0.063362, 0.997991, -0.0, 0.0, 0.0, 0.0, 1.0]
            ]
        },
        {
            "name": "Knee_L",
            "time": [0.0, 0.1333, 0.25, 0.3833, 0.5, 0.6167, 0.7333],
            "transform": [
                [1.0, 0.0, -0.0, 0.0, -0.0, 1e-06, -1.0, 0.37472, -0.0, 1.0, 1e-06, -0.0, 0.0, 0.0, 0.0, 1.0],
                [1.0, 0.0, -0.0, 0.0, -0.0, 1e-06, -1.0, 0.37472, -0.0, 1.0, 1e-06, 0.0, 0.0, 0.0, 0.0, 1.0],
                [1.0, 0.0, -0.0, 0.0, -0.0, 1e-06, -1.0, 0.425722, -0.0, 1.0, 1e-06, -0.0, 0.0, 0.0, 0.0, 1.0],
                [1.0, 0.0, -0.0, 0.0, -0.0, 1e-06, -1.0, 0.448667, -0.0, 1.0, 1e-06, -0.0, 0.0, 0.0, 0.0, 1.0],
                [1.0, 0.0, -0.0, 0.0, -0.0, 1e-06, -1.0, 0.420276, -0.0, 1.0, 1e-06, 0.0, 0.0, 0.0, 0.0, 1.0],
                [1.0, 0.0, -0.0, -0.0, -0.0, 1e-06, -1.0, 0.388484, -0.0, 1.0, 1e-06, -0.0, 0.0, 0.0, 0.0, 1.0],
                [1.0, 0.0, -0.0, 0.0, -0.0, 1e-06, -1.0, 0.37472, -0.0, 1.0, 1e-06, -0.0, 0.0, 0.0, 0.0, 1.0]
            ]
        },
        {
            "name": "Torso",
            "time": [0.0, 0.1333, 0.7333],
            "transform": [
                [1.0, 0.0, -0.0, 0.0, 0.0, 1.0, 0.0, 0.05, 0.0, 0.0, 1.0, 0.0, 0.0, 0.0, 0.0, 1.0],
                [1.0, -0.0, -0.0, -0.0, 0.0, 1.0, 0.0, 0.05, -0.0, -0.0, 1.0, 0.0, 0.0, 0.0, 0.0, 1.0],
                [1.0, 0.0, -0.0, 0.0, 0.0, 1.0, 0.0, 0.05, 0.0, 0.0, 1.0, 0.0, 0.0, 0.0, 0.0, 1.0]
            ]
        },
        {
            "name": "Chest",
            "time": [0.0, 0.1333, 0.5, 0.7333],
            "transform": [
                [0.999955, -0.009433, 0.000754, -0.0, 0.009423, 0.999889, 0.011523, 0.3, -0.000863, -0.011516, 0.999933, 0.0, 0.0, 0.0, 0.0, 1.0],
                [0.999869, -0.016145, 0.000734, -0.0, 0.016097, 0.998883, 0.044416, 0.3, -0.00145, -0.044398, 0.999013, -0.0, 0.0, 0.0, 0.0, 1.0],
                [0.999869, -0.016145, 0.000734, -0.0, 0.016097, 0.998883, 0.044416, 0.3, -0.00145, -0.044398, 0.999013, -0.0, 0.0, 0.0, 0.0, 1.0],
                [0.999955, -0.009433, 0.000754, -0.0, 0.009423, 0.999889, 0.011523, 0.3, -0.000863, -0.011516, 0.999933, 0.0, 0.0, 0.0, 0.0, 1.0]
            ]
        },
        {
            "name": "Head",
            "time": [0.0, 0.1333, 0.25, 0.3833, 0.5, 0.6167, 0.7333],
            "transform": [
                [0.866087, 0.016957, 0.499606, 0.0, -0.003486, 0.999605, -0.027885, 0.4, -0.499882, 0.022409, 0.865804, 0.0, 0.0, 0.0, 0.0, 1.0],
                [0.936436, 0.041496, 0.348377, 0.0, -0.000712, 0.993203, -0.11639, 0.4, -0.350839, 0.108744, 0.9301, -0.0, 0.0, 0.0, 0.0, 1.0],
                [0.9435, 0.028734, 0.330124, -0.0, -0.004546, 0.997262, -0.073809, 0.4, -0.331341, 0.068138, 0.941048, -0.0, 0.0, 0.0, 0.0, 1.0],
                [0.887929, 0.01978, 0.459555, -0.0, -0.005488, 0.999459, -0.032414, 0.4, -0.459948, 0.026259, 0.887557, -0.0, 0.0, 0.0, 0.0, 1.0],
                [0.954255, 0.014667, 0.298633, 0.0, 0.013655, 0.995616, -0.092531, 0.4, -0.298681, 0.092376, 0.949872, 0.0, 0.0, 0.0, 0.0, 1.0],
                [0.900238, -0.00519, 0.435368, -0.0, 0.016986, 0.999586, -0.023207, 0.4, -0.435067, 0.028287, 0.899954, -0.0, 0.0, 0.0, 0.0, 1.0],
                [0.866087, 0.016957, 0.499606, 0.0, -0.003486, 0.999605, -0.027885, 0.4, -0.499882, 0.022409, 0.865804, 0.0, 0.0, 0.0, 0.0, 1.0]
            ]
        },
        {
            "name": "Shoulder_R",
            "time": [0.0, 0.1333, 0.5, 0.7333],
            "transform": [
                [0.093479, 0.952114, 0.291102, 0.0, 0.291102, -0.305743, 0.906521, 0.4, 0.952114, 0.0, -0.305743, 0.0, 0.0, 0.0, 0.0, 1.0],
                [0.273207, 0.937347, 0.216189, 0.0, 0.288291, -0.294193, 0.911229, 0.4, 0.91774, -0.186629, -0.350604, -0.0, 0.0, 0.0, 0.0, 1.0],
                [-0.130506, 0.967237, 0.217763, 0.0, 0.252518, -0.17997, 0.950708, 0.4, 0.95875, 0.179063, -0.220757, 0.0, 0.0, 0.0, 0.0, 1.0],
                [0.093479, 0.952114, 0.291102, 0.0, 0.291102, -0.305743, 0.906521, 0.4, 0.952114, 0.0, -0.305743, 0.0, 0.0, 0.0, 0.0, 1.0]
            ]
        },
        {
            "name": "Arm_R",
            "time": [0.0, 0.1333, 0.25, 0.3833, 0.5, 0.6167, 0.7333],
            "transform": [
                [0.069304, 0.086928, -0.993801, -0.008645, 0.8439, 0.526151, 0.104873, 0.401786, 0.532005, -0.845937, -0.036894, -0.024755, 0.0, 0.0, 0.0, 1.0],
                [0.414448, 0.113227, -0.903002, -0.008645, 0.83073, 0.358127, 0.426183, 0.401786, 0.371645, -0.926782, 0.054364, -0.024755, 0.0, 0.0, 0.0, 1.0],
                [0.340543, 0.02812, -0.939808, -0.008645, 0.856832, 0.402274, 0.322513, 0.401786, 0.38713, -0.915087, 0.112897, -0.024755, 0.0, 0.0, 0.0, 1.0],
                [-0.065924, 0.052791, -0.996427, -0.008645, 0.878899, 0.475869, -0.032937, 0.401786, 0.47243, -0.87793, -0.077769, -0.024755, 0.0, 0.0, 0.0, 1.0],
                [0.026034, 0.176281, -0.983996, -0.008645, 0.925255, 0.368399, 0.090478, 0.401786, 0.378452, -0.912802, -0.153514, -0.024755, 0.0, 0.0, 0.0, 1.0],
                [-0.023223, 0.141024, -0.989734, -0.008645, 0.841766, 0.536851, 0.056743, 0.401786, 0.539342, -0.831807, -0.131177, -0.024755, 0.0, 0.0, 0.0, 1.0],
                [0.069304, 0.086928, -0.993801, -0.008645, 0.8439, 0.526151, 0.104873, 0.401786, 0.532005, -0.845937, -0.036894, -0.024755, 0.0, 0.0, 0.0, 1.0]
            ]
        },
        {
            "name": "Hand_R",
            "time": [0.0, 0.7333],
            "transform": [
                [1.0, 0.0, 0.0, -0.0, -0.0, 0.967672, -0.252211, 0.3, -0.0, 0.252211, 0.967672, -0.0, 0.0, 0.0, 0.0, 1.0],
                [1.0, 0.0, 0.0, -0.0, -0.0, 0.967672, -0.252211, 0.3, -0.0, 0.252211, 0.967672, -0.0, 0.0, 0.0, 0.0, 1.0]
            ]
        },
        {
            "name": "Tool_R",
            "time": [0.0, 0.7333],
            "transform": [
                [1.0, 0.0, 0.0, -0.0, 0.0, -0.999299, -0.037431, 0.272858, 0.0, 0.037398, -0.998705, 0.0, 0.0, 0.0, 0.0, 1.0],
                [1.0, 0.0, 0.0, -0.0, 0.0, -0.999299, -0.037431, 0.272858, 0.0, 0.037398, -0.998705, 0.0, 0.0, 0.0, 0.0, 1.0]
            ]
        },
        {
            "name": "Elbow_R",
            "time": [0.0, 0.7333],
            "transform": [
                [-1.0, 0.0, 0.0, -0.0, -0.0, 0.0, -1.0, 0.334217, -0.0, -1.0, -0.0, -0.0, 0.0, 0.0, 0.0, 1.0],
                [-1.0, 0.0, 0.0, -0.0, -0.0, 0.0, -1.0, 0.334217, -0.0, -1.0, -0.0, -0.0, 0.0, 0.0, 0.0, 1.0]
            ]
        },
        {
            "name": "Shoulder_L",
            "time": [0.0, 0.1833, 0.5, 0.7333],
            "transform": [
                [-0.097872, -0.951672, -0.291103, 0.0, -0.346126, -0.241695, 0.906521, 0.4, -0.933069, 0.189481, -0.305743, 0.0, 0.0, 0.0, 0.0, 1.0],
                [-0.056224, -0.934173, -0.352364, 0.0, -0.285385, -0.323161, 0.902287, 0.4, -0.956762, 0.15129, -0.24843, -0.0, 0.0, 0.0, 0.0, 1.0],
                [0.297495, -0.935946, -0.18842, 0.0, -0.301476, -0.279352, 0.911633, 0.4, -0.905874, -0.214402, -0.365271, 0.0, 0.0, 0.0, 0.0, 1.0],
                [-0.097872, -0.951672, -0.291103, 0.0, -0.346126, -0.241695, 0.906521, 0.4, -0.933069, 0.189481, -0.305743, 0.0, 0.0, 0.0, 0.0, 1.0]
            ]
        },
        {
            "name": "Arm_L",
            "time": [0.0, 0.1833, 0.5, 0.7333],
            "transform": [
                [0.184939, 0.24687, 0.951238, 0.0, -0.763108, 0.645983, -0.019286, 0.39386, -0.619245, -0.72233, 0.307856, 0.0, 0.0, 0.0, 0.0, 1.0],
                [0.214408, -0.298218, 0.930105, -0.0, -0.913974, 0.274605, 0.298736, 0.39386, -0.3445, -0.914143, -0.213686, -0.0, 0.0, 0.0, 0.0, 1.0],
                [0.132764, 0.245448, 0.960276, -0.0, -0.573767, 0.809039, -0.127465, 0.39386, -0.808186, -0.534052, 0.248241, 0.0, 0.0, 0.0, 0.0, 1.0],
                [0.184939, 0.24687, 0.951238, 0.0, -0.763108, 0.645983, -0.019286, 0.39386, -0.619245, -0.72233, 0.307856, 0.0, 0.0, 0.0, 0.0, 1.0]
            ]
        },
        {
            "name": "Hand_L",
            "time": [0.0, 0.1833, 0.3333, 0.5, 0.7333],
            "transform": [
                [1.0, 0.0, 0.0, 0.0, -0.0, 0.943065, -0.332608, 0.3, -0.0, 0.332608, 0.943065, 0.0, 0.0, 0.0, 0.0, 1.0],
                [1.0, 0.0, 0.0, -0.0, -0.0, 0.943065, -0.332609, 0.3, -0.0, 0.332609, 0.943065, 0.0, 0.0, 0.0, 0.0, 1.0],
                [1.0, 0.0, 0.0, -0.0, -0.0, 0.960213, -0.279269, 0.3, -0.0, 0.279269, 0.960213, 0.0, 0.0, 0.0, 0.0, 1.0],
                [1.0, 0.0, 0.0, 0.0, 0.0, 0.700391, -0.71376, 0.3, -0.0, 0.71376, 0.700391, 0.0, 0.0, 0.0, 0.0, 1.0],
                [1.0, 0.0, 0.0, 0.0, -0.0, 0.943065, -0.332608, 0.3, -0.0, 0.332608, 0.943065, 0.0, 0.0, 0.0, 0.0, 1.0]
            ]
        },
        {
            "name": "Tool_L",
            "time": [0.0, 0.7333],
            "transform": [
                [1.0, 0.0, 0.0, -0.005789, 0.0, -0.999836, 0.018122, 0.210369, 0.0, -0.018122, -0.999243, 0.061911, 0.0, 0.0, 0.0, 1.0],
                [1.0, 0.0, 0.0, -0.005789, 0.0, -0.999836, 0.018122, 0.210369, 0.0, -0.018122, -0.999243, 0.061911, 0.0, 0.0, 0.0, 1.0]
            ]
        },
        {
            "name": "Elbow_L",
            "time": [0.0, 0.1333, 0.7333],
            "transform": [
                [-1.0, 0.0, -0.0, 0.0, 0.0, -0.0, -1.0, 0.342099, -0.0, -1.0, -0.0, 0.0, 0.0, 0.0, 0.0, 1.0],
                [-1.0, 0.0, -0.0, 0.0, 0.0, -0.0, -1.0, 0.342098, -0.0, -1.0, -0.0, -0.0, 0.0, 0.0, 0.0, 1.0],
                [-1.0, 0.0, -0.0, 0.0, 0.0, -0.0, -1.0, 0.342099, -0.0, -1.0, -0.0, 0.0, 0.0, 0.0, 0.0, 1.0]
            ]
        }
    ]
}