{
    "animation": [
        {
            "name": "Root",
            "time": [0.0, 0.1333, 0.25, 0.3833, 0.5167, 0.65, 0.7833],
            "transform": [
                [0.643846, 0.007209, -0.765121, -5e-06, -0.757322, 0.148721, -0.635882, 0.000946, 0.109206, 0.988853, 0.101213, 0.778375, 0.0, 0.0, 0.0, 1.0],
                [0.870428, -0.017493, -0.491985, -5e-06, -0.476696, 0.219635, -0.851188, 0.000946, 0.122947, 0.975425, 0.182837, 0.629341, 0.0, 0.0, 0.0, 1.0],
                [0.824352, -0.000697, -0.566078, -5e-06, -0.557337, 0.174057, -0.811837, 0.000946, 0.099095, 0.984735, 0.143096, 0.699357, 0.0, 0.0, 0.0, 1.0],
                [0.808548, -0.005885, -0.5884, -5e-06, -0.580824, 0.152271, -0.79966, 0.000946, 0.094302, 0.988321, 0.119701, 0.754369, 0.0, 0.0, 0.0, 1.0],
                [0.712309, -0.005885, -0.701842, -5e-06, -0.68207, 0.230014, -0.694171, 0.000946, 0.165518, 0.97317, 0.159827, 0.628877, 0.0, 0.0, 0.0, 1.0],
                [0.712309, -0.005885, -0.701842, -5e-06, -0.68207, 0.230014, -0.694171, 0.000946, 0.165518, 0.97317, 0.159827, 0.691892, 0.0, 0.0, 0.0, 1.0],
                [0.643846, 0.007209, -0.765121, -5e-06, -0.757322, 0.148721, -0.635882, 0.000946, 0.109206, 0.988853, 0.101213, 0.778375, 0.0, 0.0, 0.0, 1.0]
            ]
        },
        {
            "name": "Thigh_R",
            "time": [0.0, 0.1333, 0.25, 0.3833, 0.5167, 0.65, 0.7833],
            "transform": [
                [0.821127, -0.360415, -0.44255, 0.124994, 0.165756, -0.591379, 0.789173, -0.002831, -0.546145, -0.721364, -0.425859, -1.2e-05, 0.0, 0.0, 0.0, 1.0],
                [0.943452, -0.310781, -0.11537, 0.144644, -0.057454, -0.496045, 0.866393, -0.003226, -0.326487, -0.81077, -0.485854, -0.011118, 0.0, 0.0, 0.0, 1.0],
                [0.928144, -0.294852, -0.227177, 0.144644, -0.073615, -0.743684, 0.664462, -0.003226, -0.364867, -0.59999, -0.711956, -0.011118, 0.0, 0.0, 0.0, 1.0],
                [0.945317, -0.113488, -0.30577, 0.144644, -0.031513, -0.964903, 0.260698, -0.003226, -0.324626, -0.236804, -0.915719, -0.011118, 0.0, 0.0, 0.0, 1.0],
                [0.895449, 0.165501, -0.413253, 0.144644, 0.147777, -0.986189, -0.074751, -0.003225, -0.419918, 0.005868, -0.907543, -0.011118, 0.0, 0.0, 0.0, 1.0],
                [0.838706, 0.026773, -0.543924, 0.134819, 0.164171, -0.964753, 0.205656, -0.003028, -0.519247, -0.261779, -0.813543, -0.005565, 0.0, 0.0, 0.0, 1.0],
                [0.821127, -0.360415, -0.44255, 0.124994, 0.165756, -0.591379, 0.789173, -0.002831, -0.546145, -0.721364, -0.425859, -1.2e-05, 0.0, 0.0, 0.0, 1.0]
            ]
        },
        {
            "name": "Leg_R",
            "time": [0.0, 0.1333, 0.25, 0.3833, 0.5167, 0.65, 0.7833],
            "transform": [
                [1.0, -0.0, 1e-06, -0.0, 0.0, 0.100415, 0.994944, 0.37472, -1e-06, -0.994948, 0.100412, 0.0, 0.0, 0.0, 0.0, 1.0],
                [1.0, 0.0, 1e-06, 0.0, 0.0, 0.719422, 0.694575, 0.37472, -1e-06, -0.694577, 0.719416, -0.0, 0.0, 0.0, 0.0, 1.0],
                [1.0, 0.0, 1e-06, 0.0, 0.0, 0.837199, 0.546903, 0.37472, -1e-06, -0.546904, 0.837193, 0.0, 0.0, 0.0, 0.0, 1.0],
                [1.0, 1e-06, 1e-06, -0.0, 0.0, 0.99049, 0.1376, 0.37472, -1e-06, -0.137599, 0.990486, 0.0, 0.0, 0.0, 0.0, 1.0],
                [1.0, 0.0, 1e-06, 0.0, 0.0, 0.924939, 0.380123, 0.37472, -1e-06, -0.380121, 0.924934, 0.0, 0.0, 0.0, 0.0, 1.0],
                [1.0, -0.0, 1e-06, 0.0, 0.0, 0.414264, 0.910157, 0.37472, -1e-06, -0.910159, 0.41426, -0.0, 0.0, 0.0, 0.0, 1.0],
                [1.0, -0.0, 1e-06, -0.0, 0.0, 0.100415, 0.994944, 0.37472, -1e-06, -0.994948, 0.100412, 0.0, 0.0, 0.0, 0.0, 1.0]
            ]
        },
        {
            "name": "Knee_R",
            "time": [0.0, 0.1333, 0.25, 0.3833, 0.5167, 0.65, 0.7833],
            "transform": [
                [1.0, 0.0, -0.0, 0.0, -0.0, 1e-06, -1.0, 0.470689, -0.0, 1.0, 1e-06, -0.0, 0.0, 0.0, 0.0, 1.0],
                [1.0, 0.0, -0.0, 0.0, -0.0, 1e-06, -1.0, 0.40762, -0.0, 1.0, 1e-06, -0.0, 0.0, 0.0, 0.0, 1.0],
                [1.0, 0.0, -0.0, 0.0, -0.0, 1e-06, -1.0, 0.390634, -0.0, 1.0, 1e-06, -0.0, 0.0, 0.0, 0.0, 1.0],
                [1.0, 0.0, -0.0, 0.0, -0.0, 1e-06, -1.0, 0.37472, -0.0, 1.0, 1e-06, 0.0, 0.0, 0.0, 0.0, 1.0],
                [1.0, 0.0, -0.0, -0.0, -0.0, 1e-06, -1.0, 0.37472, -0.0, 1.0, 1e-06, 0.0, 0.0, 0.0, 0.0, 1.0],
                [1.0, 0.0, -0.0, 0.0, -0.0, 1e-06, -1.0, 0.441367, -0.0, 1.0, 1e-06, -0.0, 0.0, 0.0, 0.0, 1.0],
                [1.0, 0.0, -0.0, 0.0, -0.0, 1e-06, -1.0, 0.470689, -0.0, 1.0, 1e-06, -0.0, 0.0, 0.0, 0.0, 1.0]
            ]
        },
        {
            "name": "Thigh_L",
            "time": [0.0, 0.1333, 0.25, 0.3833, 0.5167, 0.65, 0.7833],
            "transform": [
                [0.679944, -0.174384, -0.712225, -0.143216, -0.007978, -0.973011, 0.230618, -0.002831, -0.73322, -0.151124, -0.662986, 0.011049, 0.0, 0.0, 0.0, 1.0],
                [0.867127, 0.017477, -0.497778, -0.143216, -0.021749, -0.997102, -0.0729, -0.002831, -0.49761, 0.074042, -0.864235, 0.011049, 0.0, 0.0, 0.0, 1.0],
                [0.807336, -0.041261, -0.588647, -0.143216, -0.028825, -0.999119, 0.030497, -0.002831, -0.589387, -0.007651, -0.807814, 0.011049, 0.0, 0.0, 0.0, 1.0],
                [0.80163, -0.509018, -0.313511, -0.143216, -0.021992, -0.54918, 0.835414, -0.002831, -0.597414, -0.662798, -0.451436, 0.011049, 0.0, 0.0, 0.0, 1.0],
                [0.711787, -0.654836, -0.254061, -0.158677, -0.003951, -0.365437, 0.930826, -0.002703, -0.702383, -0.661547, -0.262703, 0.026283, 0.0, 0.0, 0.0, 1.0],
                [0.680001, -0.606883, -0.411449, -0.150946, 0.006608, -0.556068, 0.83111, -0.002767, -0.73318, -0.567875, -0.374118, 0.018666, 0.0, 0.0, 0.0, 1.0],
                [0.679944, -0.174384, -0.712225, -0.143216, -0.007978, -0.973011, 0.230618, -0.002831, -0.73322, -0.151124, -0.662986, 0.011049, 0.0, 0.0, 0.0, 1.0]
            ]
        },
        {
            "name": "Leg_L",
            "time": [0.0, 0.1333, 0.25, 0.3833, 0.5167, 0.65, 0.7833],
            "transform": [
                [1.0, 1e-06, 1e-06, 0.0, 0.0, 0.995677, 0.09288, 0.37472, -1e-06, -0.09288, 0.995678, 0.0, 0.0, 0.0, 0.0, 1.0],
                [1.0, 0.0, 1e-06, 0.0, 0.0, 0.835054, 0.550168, 0.37472, -1e-06, -0.550167, 0.835055, 0.0, 0.0, 0.0, 0.0, 1.0],
                [1.0, -0.0, 1e-06, -0.0, 0.0, 0.454829, 0.890579, 0.37472, -1e-06, -0.890579, 0.454829, 0.0, 0.0, 0.0, 0.0, 1.0],
                [1.0, -0.0, 0.0, -0.0, 0.0, -0.153944, 0.98808, 0.37472, -1e-06, -0.988079, -0.153945, 0.0, 0.0, 0.0, 0.0, 1.0],
                [1.0, 0.0, 1e-06, -0.0, 0.0, 0.475841, 0.879532, 0.37472, -1e-06, -0.879532, 0.475841, -0.0, 0.0, 0.0, 0.0, 1.0],
                [1.0, 0.0, 1e-06, 0.0, 0.0, 0.709708, 0.704496, 0.37472, -1e-06, -0.704496, 0.709708, 0.0, 0.0, 0.0, 0.0, 1.0],
                [1.0, 1e-06, 1e-06, 0.0, 0.0, 0.995677, 0.09288, 0.37472, -1e-06, -0.09288, 0.995678, 0.0, 0.0, 0.0, 0.0, 1.0]
            ]
        },
        {
            "name": "Knee_L",
            "time": [0.0, 0.1333, 0.25, 0.3833, 0.5167, 0.65, 0.7833],
            "transform": [
                [1.0, 0.0, -0.0, 0.0, -0.0, 1e-06, -1.0, 0.37472, -0.0, 1.0, 1e-06, 0.0, 0.0, 0.0, 0.0, 1.0],
                [1.0, 0.0, -0.0, -0.0, -0.0, 1e-06, -1.0, 0.390985, -0.0, 1.0, 1e-06, -0.0, 0.0, 0.0, 0.0, 1.0],
                [1.0, 0.0, -0.0, 0.0, -0.0, 1e-06, -1.0, 0.437322, -0.0, 1.0, 1e-06, -0.0, 0.0, 0.0, 0.0, 1.0],
                [1.0, 0.0, -0.0, 0.0, -0.0, 1e-06, -1.0, 0.47972, -0.0, 1.0, 1e-06, -0.0, 0.0, 0.0, 0.0, 1.0],
                [1.0, 0.0, -0.0, 0.0, -0.0, 1e-06, -1.0, 0.435191, -0.0, 1.0, 1e-06, -0.0, 0.0, 0.0, 0.0, 1.0],
                [1.0, 0.0, -0.0, 0.0, -0.0, 1e-06, -1.0, 0.408867, -0.0, 1.0, 1e-06, -0.0, 0.0, 0.0, 0.0, 1.0],
                [1.0, 0.0, -0.0, 0.0, -0.0, 1e-06, -1.0, 0.37472, -0.0, 1.0, 1e-06, 0.0, 0.0, 0.0, 0.0, 1.0]
            ]
        },
        {
            "name": "Torso",
            "time": [0.0, 0.1333, 0.25, 0.7833],
            "transform": [
                [1.0, 0.0, 0.0, 0.0, -0.0, 1.0, -0.0, 0.05, -0.0, -0.0, 1.0, -0.0, 0.0, 0.0, 0.0, 1.0],
                [0.999859, 0.016417, 0.003413, -0.0, -0.016448, 0.999822, 0.009193, 0.05, -0.003262, -0.009248, 0.999952, 0.0, 0.0, 0.0, 0.0, 1.0],
                [1.0, 0.0, -0.0, -0.0, -0.0, 1.0, -0.0, 0.05, -0.0, 0.0, 1.0, 0.0, 0.0, 0.0, 0.0, 1.0],
                [1.0, 0.0, 0.0, 0.0, -0.0, 1.0, -0.0, 0.05, -0.0, -0.0, 1.0, -0.0, 0.0, 0.0, 0.0, 1.0]
            ]
        },
        {
            "name": "Chest",
            "time": [0.0, 0.1333, 0.25, 0.65, 0.7833],
            "transform": [
                [0.997792, -0.066277, -0.004309, 0.0, 0.066393, 0.997064, 0.038141, 0.3, 0.001768, -0.038342, 0.999263, -0.0, 0.0, 0.0, 0.0, 1.0],
                [0.999441, -0.033179, 0.004081, -0.0, 0.032894, 0.997836, 0.056924, 0.3, -0.005961, -0.056758, 0.99837, 0.0, 0.0, 0.0, 0.0, 1.0],
                [0.999766, -0.021608, -0.000468, -0.0, 0.021612, 0.999339, 0.029241, 0.3, -0.000164, -0.029244, 0.999572, 0.0, 0.0, 0.0, 0.0, 1.0],
                [0.999107, -0.042149, 0.00277, 0.0, 0.041933, 0.997613, 0.054857, 0.3, -0.005076, -0.054692, 0.998491, 0.0, 0.0, 0.0, 0.0, 1.0],
                [0.997792, -0.066277, -0.004309, 0.0, 0.066393, 0.997064, 0.038141, 0.3, 0.001768, -0.038342, 0.999263, -0.0, 0.0, 0.0, 0.0, 1.0]
            ]
        },
        {
            "name": "Head",
            "time": [0.0, 0.1333, 0.25, 0.3833, 0.5167, 0.65, 0.7833],
            "transform": [
                [0.641916, 0.178587, 0.745688, -0.0, -0.006905, 0.973806, -0.227276, 0.4, -0.766744, 0.140743, 0.626335, 0.0, 0.0, 0.0, 0.0, 1.0],
                [0.872817, 0.141046, 0.467222, -0.0, -0.002101, 0.958406, -0.285402, 0.4, -0.488043, 0.248122, 0.836809, 0.0, 0.0, 0.0, 0.0, 1.0],
                [0.821944, 0.116625, 0.5575, -0.0, 0.000708, 0.978602, -0.20576, 0.4, -0.569568, 0.169518, 0.804274, 0.0, 0.0, 0.0, 0.0, 1.0],
                [0.805998, 0.117411, 0.580157, 0.0, -0.005928, 0.981682, -0.190435, 0.4, -0.591889, 0.150051, 0.791929, 0.0, 0.0, 0.0, 0.0, 1.0],
                [0.711402, 0.19297, 0.675774, 0.0, 0.009677, 0.958784, -0.283971, 0.4, -0.702719, 0.208557, 0.680213, -0.0, 0.0, 0.0, 0.0, 1.0],
                [0.711132, 0.209726, 0.671049, -0.0, -0.001474, 0.954913, -0.296881, 0.4, -0.703057, 0.210133, 0.679378, 0.0, 0.0, 0.0, 0.0, 1.0],
                [0.641916, 0.178587, 0.745688, -0.0, -0.006905, 0.973806, -0.227276, 0.4, -0.766744, 0.140743, 0.626335, 0.0, 0.0, 0.0, 0.0, 1.0]
            ]
        },
        {
            "name": "Shoulder_R",
            "time": [0.0, 0.1333, 0.25, 0.3833, 0.5167, 0.65, 0.7833],
            "transform": [
                [0.356915, 0.919887, 0.162537, -0.0, 0.406571, -0.309626, 0.859553, 0.4, 0.841018, -0.240704, -0.48451, 0.0, 0.0, 0.0, 0.0, 1.0],
                [0.065157, 0.90026, 0.430449, -0.0, 0.375924, -0.42173, 0.825121, 0.4, 0.924357, 0.108054, -0.365908, 0.0, 0.0, 0.0, 0.0, 1.0],
                [0.167763, 0.915023, 0.366861, -0.0, 0.364791, -0.40334, 0.839193, 0.4, 0.915851, -0.006958, -0.401458, 0.0, 0.0, 0.0, 0.0, 1.0],
                [0.186073, 0.915128, 0.357656, 0.0, 0.363364, -0.402299, 0.840311, 0.4, 0.912876, -0.0264, -0.407381, 0.0, 0.0, 0.0, 0.0, 1.0],
                [0.299461, 0.909341, 0.288827, 0.0, 0.320073, -0.380923, 0.867439, 0.4, 0.898819, -0.167318, -0.405128, -0.0, 0.0, 0.0, 0.0, 1.0],
                [0.329233, 0.8878, 0.321583, -0.0, 0.268391, -0.414509, 0.869568, 0.4, 0.905302, -0.19998, -0.374748, 0.0, 0.0, 0.0, 0.0, 1.0],
                [0.356915, 0.919887, 0.162537, -0.0, 0.406571, -0.309626, 0.859553, 0.4, 0.841018, -0.240704, -0.48451, 0.0, 0.0, 0.0, 0.0, 1.0]
            ]
        },
        {
            "name": "Arm_R",
            "time": [0.0, 0.7833],
            "transform": [
                [0.43347, -0.533332, -0.726403, 0.034272, -0.736482, 0.254864, -0.626608, 0.313961, 0.519324, 0.806599, -0.282314, 0.036884, 0.0, 0.0, 0.0, 1.0],
                [0.43347, -0.533332, -0.726403, 0.034272, -0.736482, 0.254864, -0.626608, 0.313961, 0.519324, 0.806599, -0.282314, 0.036884, 0.0, 0.0, 0.0, 1.0]
            ]
        },
        {
            "name": "Hand_R",
            "time": [0.0, 0.7833],
            "transform": [
                [1.0, 0.0, 0.0, -0.0, -0.0, 0.337969, -0.941157, 0.3, -0.0, 0.941157, 0.337969, 0.0, 0.0, 0.0, 0.0, 1.0],
                [1.0, 0.0, 0.0, -0.0, -0.0, 0.337969, -0.941157, 0.3, -0.0, 0.941157, 0.337969, 0.0, 0.0, 0.0, 0.0, 1.0]
            ]
        },
        {
            "name": "Tool_R",
            "time": [0.0, 0.1333, 0.7833],
            "transform": [
                [0.373778, -0.877066, -0.301737, 0.0, -0.098318, 0.286018, -0.953167, 0.272858, 0.921743, 0.385713, 0.020654, -0.0, 0.0, 0.0, 0.0, 1.0],
                [0.363092, -0.873489, -0.324316, 0.0, -0.158916, 0.284916, -0.945288, 0.272858, 0.917554, 0.394533, -0.03535, -0.0, 0.0, 0.0, 0.0, 1.0],
                [0.373778, -0.877066, -0.301737, 0.0, -0.098318, 0.286018, -0.953167, 0.272858, 0.921743, 0.385713, 0.020654, -0.0, 0.0, 0.0, 0.0, 1.0]
            ]
        },
        {
            "name": "Elbow_R",
            "time": [0.0, 0.7833],
            "transform": [
                [-1.0, 0.0, 0.0, -0.0, -0.0, -0.0, -1.0, 0.425217, -0.0, -1.0, 0.0, 0.0, 0.0, 0.0, 0.0, 1.0],
                [-1.0, 0.0, 0.0, -0.0, -0.0, -0.0, -1.0, 0.425217, -0.0, -1.0, 0.0, 0.0, 0.0, 0.0, 0.0, 1.0]
            ]
        },
        {
            "name": "Shoulder_L",
            "time": [0.0, 0.1333, 0.25, 0.3833, 0.5167, 0.65, 0.7833],
            "transform": [
                [0.474591, -0.829164, -0.295382, -0.0, -0.263138, -0.453888, 0.851319, 0.4, -0.839953, -0.326302, -0.433595, 0.0, 0.0, 0.0, 0.0, 1.0],
                [0.717452, -0.696517, -0.01129, -0.0, -0.333021, -0.357175, 0.872653, 0.4, -0.61185, -0.622326, -0.488211, 0.0, 0.0, 0.0, 0.0, 1.0],
                [0.645604, -0.758676, -0.087208, -0.0, -0.308977, -0.36393, 0.878685, 0.4, -0.698376, -0.540338, -0.469369, 0.0, 0.0, 0.0, 0.0, 1.0],
                [0.631513, -0.769179, -0.09775, 0.0, -0.30702, -0.363829, 0.879413, 0.4, -0.71199, -0.525349, -0.465916, 0.0, 0.0, 0.0, 0.0, 1.0],
                [0.536569, -0.826383, -0.170834, 0.0, -0.256748, -0.352721, 0.899815, 0.4, -0.803849, -0.438952, -0.401432, -0.0, 0.0, 0.0, 0.0, 1.0],
                [0.51033, -0.849162, -0.135964, -0.0, -0.247105, -0.296227, 0.922599, 0.4, -0.823712, -0.437233, -0.361006, 0.0, 0.0, 0.0, 0.0, 1.0],
                [0.474591, -0.829164, -0.295382, -0.0, -0.263138, -0.453888, 0.851319, 0.4, -0.839953, -0.326302, -0.433595, 0.0, 0.0, 0.0, 0.0, 1.0]
            ]
        },
        {
            "name": "Arm_L",
            "time": [0.0, 0.7833],
            "transform": [
                [-0.394587, 0.915974, 0.072761, 0.087585, -0.780728, -0.29246, -0.552205, 0.35043, -0.484526, -0.274699, 0.830527, 0.086298, 0.0, 0.0, 0.0, 1.0],
                [-0.394587, 0.915974, 0.072761, 0.087585, -0.780728, -0.29246, -0.552205, 0.35043, -0.484526, -0.274699, 0.830527, 0.086298, 0.0, 0.0, 0.0, 1.0]
            ]
        },
        {
            "name": "Hand_L",
            "time": [0.0, 0.7833],
            "transform": [
                [1.0, 0.0, 0.0, -0.0, -0.0, 0.504285, -0.863537, 0.3, -0.0, 0.863537, 0.504285, -0.0, 0.0, 0.0, 0.0, 1.0],
                [1.0, 0.0, 0.0, -0.0, -0.0, 0.504285, -0.863537, 0.3, -0.0, 0.863537, 0.504285, -0.0, 0.0, 0.0, 0.0, 1.0]
            ]
        },
        {
            "name": "Tool_L",
            "time": [0.0, 0.7833],
            "transform": [
                [0.999402, 0.02395, -0.024943, -0.005789, 0.004928, -0.812601, -0.582799, 0.210369, -0.034207, 0.581974, -0.811758, 0.061911, 0.0, 0.0, 0.0, 1.0],
                [0.999402, 0.02395, -0.024943, -0.005789, 0.004928, -0.812601, -0.582799, 0.210369, -0.034207, 0.581974, -0.811758, 0.061911, 0.0, 0.0, 0.0, 1.0]
            ]
        },
        {
            "name": "Elbow_L",
            "time": [0.0, 0.7833],
            "transform": [
                [-1.0, 0.0, -0.0, -0.0, 0.0, -0.0, -1.0, 0.407993, -0.0, -1.0, -0.0, -0.0, 0.0, 0.0, 0.0, 1.0],
                [-1.0, 0.0, -0.0, -0.0, 0.0, -0.0, -1.0, 0.407993, -0.0, -1.0, -0.0, -0.0, 0.0, 0.0, 0.0, 1.0]
            ]
        }
    ]
}