{
    "animation": [
        {
            "name": "Root",
            "time": [0.0, 0.1167, 0.25, 0.3833, 0.5167, 0.65, 0.7833],
            "transform": [
                [1.0, 0.0, 0.0, -5e-06, 0.0, 0.0, -1.0, 0.000946, 0.0, 1.0, 0.0, 0.777496, 0.0, 0.0, 0.0, 1.0],
                [1.0, 0.0, 0.0, -5e-06, 0.0, 0.0, -1.0, 0.000946, 0.0, 1.0, 0.0, 0.68579, 0.0, 0.0, 0.0, 1.0],
                [1.0, 0.0, 0.0, -5e-06, 0.0, 0.0, -1.0, 0.000946, 0.0, 1.0, 0.0, 0.717555, 0.0, 0.0, 0.0, 1.0],
                [1.0, 0.0, 0.0, -5e-06, 0.0, 0.0, -1.0, 0.000946, 0.0, 1.0, 0.0, 0.770964, 0.0, 0.0, 0.0, 1.0],
                [1.0, 0.0, 0.0, -5e-06, 0.0, 0.0, -1.0, 0.000946, 0.0, 1.0, 0.0, 0.674429, 0.0, 0.0, 0.0, 1.0],
                [1.0, 0.0, 0.0, -5e-06, 0.0, 0.0, -1.0, 0.000946, 0.0, 1.0, 0.0, 0.749826, 0.0, 0.0, 0.0, 1.0],
                [1.0, 0.0, 0.0, -5e-06, 0.0, 0.0, -1.0, 0.000946, 0.0, 1.0, 0.0, 0.777496, 0.0, 0.0, 0.0, 1.0]
            ]
        },
        {
            "name": "Thigh_R",
            "time": [0.0, 0.1167, 0.25, 0.3833, 0.5167, 0.65, 0.7833],
            "transform": [
                [0.998692, 0.050626, 0.007128, 0.124994, 0.039742, -0.856435, 0.514721, -0.002831, 0.032163, -0.513763, -0.857329, -1.2e-05, 0.0, 0.0, 0.0, 1.0],
                [0.999182, 0.032338, 0.024285, 0.124994, 0.008425, -0.753758, 0.657096, -0.002831, 0.039554, -0.656352, -0.753416, -1.2e-05, 0.0, 0.0, 0.0, 1.0],
                [0.999343, 0.025355, 0.025873, 0.124994, 0.009466, -0.872173, 0.489103, -0.002831, 0.034967, -0.488536, -0.871843, -1.2e-05, 0.0, 0.0, 0.0, 1.0],
                [0.999571, 0.020858, 0.02052, 0.124994, 0.019949, -0.99885, 0.043539, -0.002831, 0.021405, -0.043111, -0.998841, -1.2e-05, 0.0, 0.0, 0.0, 1.0],
                [0.998741, 0.043907, 0.02425, 0.124994, 0.047681, -0.981147, -0.187276, -0.002831, 0.015571, 0.188197, -0.982008, -1.2e-05, 0.0, 0.0, 0.0, 1.0],
                [0.998673, 0.048811, 0.016393, 0.124994, 0.04528, -0.984094, 0.171767, -0.002831, 0.024516, -0.170796, -0.985002, -1.2e-05, 0.0, 0.0, 0.0, 1.0],
                [0.998692, 0.050626, 0.007128, 0.124994, 0.039742, -0.856435, 0.514721, -0.002831, 0.032163, -0.513763, -0.857329, -1.2e-05, 0.0, 0.0, 0.0, 1.0]
            ]
        },
        {
            "name": "Leg_R",
            "time": [0.0, 0.1167, 0.25, 0.3833, 0.5167, 0.65, 0.7833],
            "transform": [
                [0.999848, -0.00655, -0.016176, 0.0, 0.017452, 0.375249, 0.926759, 0.37472, -0.0, -0.926902, 0.375306, 0.0, 0.0, 0.0, 0.0, 1.0],
                [0.999839, -0.01678, -0.006378, 0.0, 0.017452, 0.825348, 0.564355, 0.37472, -0.004206, -0.564377, 0.825506, 0.0, 0.0, 0.0, 0.0, 1.0],
                [0.999781, -0.009892, -0.018445, 0.0, 0.017451, 0.880527, 0.473676, 0.37472, 0.011556, -0.473895, 0.880505, -0.0, 0.0, 0.0, 0.0, 1.0],
                [0.999848, -0.017386, -0.00152, -0.0, 0.017452, 0.996044, 0.087142, 0.37472, -1e-06, -0.087155, 0.996194, 0.0, 0.0, 0.0, 0.0, 1.0],
                [0.999848, -0.011695, -0.012954, -0.0, 0.017452, 0.670011, 0.742146, 0.37472, -1e-06, -0.74226, 0.670112, 0.0, 0.0, 0.0, 0.0, 1.0],
                [0.999847, -0.007991, -0.01557, 0.0, 0.017452, 0.389115, 0.921024, 0.37472, -0.001302, -0.921156, 0.389194, -0.0, 0.0, 0.0, 0.0, 1.0],
                [0.999848, -0.00655, -0.016176, 0.0, 0.017452, 0.375249, 0.926759, 0.37472, -0.0, -0.926902, 0.375306, 0.0, 0.0, 0.0, 0.0, 1.0]
            ]
        },
        {
            "name": "Knee_R",
            "time": [0.0, 0.1167, 0.25, 0.3833, 0.5167, 0.65, 0.7833],
            "transform": [
                [1.0, 0.0, -0.0, 0.0, -0.0, 1e-06, -1.0, 0.445175, -0.0, 1.0, 1e-06, -0.0, 0.0, 0.0, 0.0, 1.0],
                [1.0, 0.0, -0.0, 0.0, -0.0, 1e-06, -1.0, 0.392522, -0.0, 1.0, 1e-06, 0.0, 0.0, 0.0, 0.0, 1.0],
                [1.0, 0.0, -0.0, -0.0, -0.0, 1e-06, -1.0, 0.38301, -0.0, 1.0, 1e-06, 0.0, 0.0, 0.0, 0.0, 1.0],
                [1.0, 0.0, -0.0, -0.0, -0.0, 1e-06, -1.0, 0.37472, -0.0, 1.0, 1e-06, 0.0, 0.0, 0.0, 0.0, 1.0],
                [1.0, 0.0, -0.0, -0.0, -0.0, 1e-06, -1.0, 0.41378, -0.0, 1.0, 1e-06, -0.0, 0.0, 0.0, 0.0, 1.0],
                [1.0, 0.0, -0.0, 0.0, -0.0, 1e-06, -1.0, 0.443825, -0.0, 1.0, 1e-06, -0.0, 0.0, 0.0, 0.0, 1.0],
                [1.0, 0.0, -0.0, 0.0, -0.0, 1e-06, -1.0, 0.445175, -0.0, 1.0, 1e-06, -0.0, 0.0, 0.0, 0.0, 1.0]
            ]
        },
        {
            "name": "Thigh_L",
            "time": [0.0, 0.1167, 0.25, 0.3833, 0.5167, 0.65, 0.7833],
            "transform": [
                [0.999678, -0.01158, 0.022562, -0.125006, -0.014244, -0.992459, 0.12175, -0.002831, 0.020982, -0.122032, -0.992304, -1.2e-05, 0.0, 0.0, 0.0, 1.0],
                [0.998742, -0.047652, 0.015561, -0.125006, -0.04388, -0.981151, -0.188197, -0.002831, 0.024235, 0.187278, -0.982008, -1.2e-05, 0.0, 0.0, 0.0, 1.0],
                [0.99868, -0.046108, 0.022603, -0.125006, -0.047977, -0.994723, 0.09069, -0.002831, 0.018303, -0.091654, -0.995622, -1.2e-05, 0.0, 0.0, 0.0, 1.0],
                [0.998692, -0.039742, 0.032163, -0.125006, -0.050626, -0.856436, 0.513765, -0.002831, 0.007128, -0.514721, -0.857328, -1.2e-05, 0.0, 0.0, 0.0, 1.0],
                [0.999904, -0.008505, 0.010843, -0.125006, -0.013536, -0.753516, 0.65729, -0.002831, 0.00258, -0.657374, -0.75356, -1.2e-05, 0.0, 0.0, 0.0, 1.0],
                [0.999823, -0.008252, 0.016867, -0.125006, -0.013481, -0.940726, 0.338898, -0.002831, 0.013071, -0.339065, -0.940672, -1.2e-05, 0.0, 0.0, 0.0, 1.0],
                [0.999678, -0.01158, 0.022562, -0.125006, -0.014244, -0.992459, 0.12175, -0.002831, 0.020982, -0.122032, -0.992304, -1.2e-05, 0.0, 0.0, 0.0, 1.0]
            ]
        },
        {
            "name": "Leg_L",
            "time": [0.0, 0.1167, 0.25, 0.3833, 0.5167, 0.65, 0.7833],
            "transform": [
                [0.999846, 0.017056, 0.004177, -0.0, -0.017453, 0.991487, 0.129029, 0.37472, -0.001941, -0.129081, 0.991632, -0.0, 0.0, 0.0, 0.0, 1.0],
                [0.999848, 0.012337, 0.012345, 0.0, -0.017453, 0.706779, 0.707219, 0.37472, -1e-06, -0.707327, 0.706887, 0.0, 0.0, 0.0, 0.0, 1.0],
                [0.999844, 0.010983, 0.013828, -0.0, -0.017453, 0.495202, 0.868603, 0.37472, 0.002692, -0.868708, 0.495317, -0.0, 0.0, 0.0, 0.0, 1.0],
                [0.999848, 0.01001, 0.014297, -0.0, -0.017453, 0.573489, 0.819028, 0.37472, -0.0, -0.819152, 0.573576, 0.0, 0.0, 0.0, 0.0, 1.0],
                [0.999839, 0.011452, 0.013825, 0.0, -0.017617, 0.77403, 0.632904, 0.37472, -0.003453, -0.633045, 0.774107, 0.0, 0.0, 0.0, 0.0, 1.0],
                [0.999843, 0.01564, 0.008355, -0.0, -0.017549, 0.940274, 0.339965, 0.37472, -0.002539, -0.340058, 0.940401, -0.0, 0.0, 0.0, 0.0, 1.0],
                [0.999846, 0.017056, 0.004177, -0.0, -0.017453, 0.991487, 0.129029, 0.37472, -0.001941, -0.129082, 0.991632, -0.0, 0.0, 0.0, 0.0, 1.0]
            ]
        },
        {
            "name": "Knee_L",
            "time": [0.0, 0.1167, 0.25, 0.3833, 0.5167, 0.65, 0.7833],
            "transform": [
                [1.0, 0.0, -0.0, -0.0, -0.0, 1e-06, -1.0, 0.37472, -0.0, 1.0, 1e-06, -0.0, 0.0, 0.0, 0.0, 1.0],
                [1.0, 0.0, -0.0, -0.0, -0.0, 1e-06, -1.0, 0.409226, -0.0, 1.0, 1e-06, -0.0, 0.0, 0.0, 0.0, 1.0],
                [1.0, 0.0, -0.0, -0.0, -0.0, 1e-06, -1.0, 0.43319, -0.0, 1.0, 1e-06, -0.0, 0.0, 0.0, 0.0, 1.0],
                [1.0, 0.0, -0.0, -0.0, -0.0, 1e-06, -1.0, 0.424869, -0.0, 1.0, 1e-06, -0.0, 0.0, 0.0, 0.0, 1.0],
                [1.0, 0.0, -0.0, 0.0, -0.0, 1e-06, -1.0, 0.400226, -0.0, 1.0, 1e-06, -0.0, 0.0, 0.0, 0.0, 1.0],
                [1.0, 0.0, -0.0, -0.0, -0.0, 1e-06, -1.0, 0.37472, -0.0, 1.0, 1e-06, -0.0, 0.0, 0.0, 0.0, 1.0],
                [1.0, 0.0, -0.0, -0.0, -0.0, 1e-06, -1.0, 0.37472, -0.0, 1.0, 1e-06, -0.0, 0.0, 0.0, 0.0, 1.0]
            ]
        },
        {
            "name": "Torso",
            "time": [0.0, 0.2, 0.3833, 0.6, 0.7833],
            "transform": [
                [1.0, 0.0, 0.0, 0.0, 0.0, 0.998933, 0.046195, 0.05, 0.0, -0.046195, 0.998932, 0.0, 0.0, 0.0, 0.0, 1.0],
                [0.999377, 0.034558, 0.007111, 0.0, -0.035046, 0.995598, 0.086935, 0.05, -0.004075, -0.08713, 0.996189, 0.0, 0.0, 0.0, 0.0, 1.0],
                [1.0, 0.000844, 0.00018, 0.0, -0.000843, 0.999994, -0.003364, 0.05, -0.000183, 0.003364, 0.999994, 0.0, 0.0, 0.0, 0.0, 1.0],
                [0.999428, -0.033806, 0.001132, 0.0, 0.033579, 0.995623, 0.087218, 0.05, -0.004075, -0.08713, 0.996189, 0.0, 0.0, 0.0, 0.0, 1.0],
                [1.0, 0.0, 0.0, 0.0, 0.0, 0.998933, 0.046195, 0.05, 0.0, -0.046195, 0.998932, 0.0, 0.0, 0.0, 0.0, 1.0]
            ]
        },
        {
            "name": "Chest",
            "time": [0.0, 0.2, 0.3833, 0.6, 0.7833],
            "transform": [
                [1.0, 0.0, 0.0, -0.0, 0.0, 1.0, -0.0, 0.3, 0.0, 0.0, 1.0, 0.0, 0.0, 0.0, 0.0, 1.0],
                [0.951108, -0.021913, -0.308079, 0.0, 0.029334, 0.99938, 0.019477, 0.3, 0.307461, -0.027562, 0.951161, -0.0, 0.0, 0.0, 0.0, 1.0],
                [1.0, 2e-06, -1.1e-05, 0.0, -2e-06, 0.999912, 0.013291, 0.3, 1.1e-05, -0.013291, 0.999912, -0.0, 0.0, 0.0, 0.0, 1.0],
                [0.966424, -0.010546, 0.256737, 0.0, 0.002597, 0.999507, 0.031282, 0.3, -0.25694, -0.029565, 0.965975, -0.0, 0.0, 0.0, 0.0, 1.0],
                [1.0, 0.0, 0.0, -0.0, 0.0, 1.0, -0.0, 0.3, 0.0, 0.0, 1.0, 0.0, 0.0, 0.0, 0.0, 1.0]
            ]
        },
        {
            "name": "Head",
            "time": [0.0, 0.2, 0.3833, 0.6, 0.7833],
            "transform": [
                [0.999934, 0.011367, 0.001432, 0.0, -0.011289, 0.998882, -0.045908, 0.4, -0.001952, 0.045889, 0.998945, 0.0, 0.0, 0.0, 0.0, 1.0],
                [0.952343, 0.026945, 0.303836, -0.0, 0.002285, 0.995433, -0.09544, 0.4, -0.30502, 0.091586, 0.947932, -0.0, 0.0, 0.0, 0.0, 1.0],
                [0.999996, -0.001874, 0.002209, 0.0, 0.001892, 0.999964, -0.008253, 0.4, -0.002193, 0.008257, 0.999964, -0.0, 0.0, 0.0, 0.0, 1.0],
                [0.965885, 0.016608, -0.258439, 0.0, -0.045477, 0.993312, -0.106131, 0.4, 0.254948, 0.114264, 0.96018, 0.0, 0.0, 0.0, 0.0, 1.0],
                [0.999988, 0.004779, 0.00143, 0.0, -0.004709, 0.998935, -0.045899, 0.4, -0.001648, 0.045891, 0.998945, 0.0, 0.0, 0.0, 0.0, 1.0]
            ]
        },
        {
            "name": "Shoulder_R",
            "time": [0.0, 0.7833],
            "transform": [
                [0.093479, 0.952114, 0.291102, 0.0, 0.291102, -0.305743, 0.906521, 0.4, 0.952114, 0.0, -0.305743, 0.0, 0.0, 0.0, 0.0, 1.0],
                [0.093479, 0.952114, 0.291102, 0.0, 0.291102, -0.305743, 0.906521, 0.4, 0.952114, -0.0, -0.305743, 0.0, 0.0, 0.0, 0.0, 1.0]
            ]
        },
        {
            "name": "Arm_R",
            "time": [0.0, 0.1167, 0.25, 0.3833, 0.5167, 0.65, 0.7833],
            "transform": [
                [0.118892, -0.258018, -0.958797, -0.0, 0.94185, 0.334975, 0.026647, 0.393861, 0.314297, -0.906211, 0.28284, 0.0, 0.0, 0.0, 0.0, 1.0],
                [0.09869, -0.09538, -0.990537, 0.0, 0.933082, 0.354825, 0.058799, 0.393861, 0.345859, -0.930055, 0.124015, 0.0, 0.0, 0.0, 0.0, 1.0],
                [0.115918, -0.066088, -0.991058, 0.0, 0.933991, 0.346761, 0.08612, 0.39386, 0.337969, -0.935622, 0.101921, 0.0, 0.0, 0.0, 0.0, 1.0],
                [0.101901, -0.393774, -0.913542, -0.0, 0.944234, 0.327328, -0.035767, 0.393861, 0.313111, -0.858953, 0.405169, 0.0, 0.0, 0.0, 0.0, 1.0],
                [0.225943, -0.567069, -0.792075, 0.0, 0.921942, 0.387071, -0.014128, 0.39386, 0.314601, -0.727055, 0.610261, 0.0, 0.0, 0.0, 0.0, 1.0],
                [0.158556, -0.40826, -0.898991, -0.0, 0.928616, 0.371013, -0.004707, 0.39386, 0.335459, -0.834071, 0.437943, 0.0, 0.0, 0.0, 0.0, 1.0],
                [0.118892, -0.258018, -0.958797, -0.0, 0.94185, 0.334975, 0.026647, 0.393861, 0.314297, -0.906211, 0.28284, -0.0, 0.0, 0.0, 0.0, 1.0]
            ]
        },
        {
            "name": "Hand_R",
            "time": [0.0, 0.1167, 0.25, 0.3833, 0.5167, 0.65, 0.7833],
            "transform": [
                [1.0, 0.0, 0.0, 0.0, -0.0, 0.983477, -0.181033, 0.3, -0.0, 0.181033, 0.983477, -0.0, 0.0, 0.0, 0.0, 1.0],
                [1.0, 0.0, 0.0, 0.0, -0.0, 0.98073, -0.195367, 0.3, -0.0, 0.195367, 0.98073, -0.0, 0.0, 0.0, 0.0, 1.0],
                [1.0, 0.0, 0.0, -0.0, -0.0, 0.996027, -0.089055, 0.3, -0.0, 0.089055, 0.996027, 0.0, 0.0, 0.0, 0.0, 1.0],
                [1.0, 0.0, 0.0, 0.0, -0.0, 0.997929, -0.064318, 0.3, -0.0, 0.064318, 0.99793, -0.0, 0.0, 0.0, 0.0, 1.0],
                [1.0, 0.0, 0.0, -0.0, -0.0, 0.997566, -0.069728, 0.3, -0.0, 0.069728, 0.997566, -0.0, 0.0, 0.0, 0.0, 1.0],
                [1.0, 0.0, 0.0, 0.0, -0.0, 0.986015, -0.166655, 0.3, -0.0, 0.166655, 0.986015, 0.0, 0.0, 0.0, 0.0, 1.0],
                [1.0, 0.0, 0.0, 0.0, -0.0, 0.983477, -0.181033, 0.3, -0.0, 0.181033, 0.983477, -0.0, 0.0, 0.0, 0.0, 1.0]
            ]
        },
        {
            "name": "Tool_R",
            "time": [0.0, 0.7833],
            "transform": [
                [1.0, -0.0, 0.0, -0.0, -0.0, -0.999836, 0.018122, 0.272858, 0.0, -0.018122, -0.999241, 0.0, 0.0, 0.0, 0.0, 1.0],
                [1.0, -0.0, 0.0, -0.0, -0.0, -0.999836, 0.018122, 0.272858, 0.0, -0.018122, -0.999241, -0.0, 0.0, 0.0, 0.0, 1.0]
            ]
        },
        {
            "name": "Elbow_R",
            "time": [0.0, 0.1167, 0.25, 0.3833, 0.5167, 0.65, 0.7833],
            "transform": [
                [-1.0, 0.0, -0.0, 0.0, 0.0, -0.0, -1.0, 0.327383, -0.0, -1.0, 0.0, -0.0, 0.0, 0.0, 0.0, 1.0],
                [-1.0, 0.0, -0.0, 0.0, 0.0, -0.0, -1.0, 0.328751, -0.0, -1.0, 0.0, -0.0, 0.0, 0.0, 0.0, 1.0],
                [-1.0, 0.0, -0.0, 0.0, 0.0, 0.0, -1.0, 0.318681, -0.0, -1.0, 0.0, 0.0, 0.0, 0.0, 0.0, 1.0],
                [-1.0, 0.0, -0.0, 0.0, 0.0, -0.0, -1.0, 0.316356, -0.0, -1.0, 0.0, -0.0, 0.0, 0.0, 0.0, 1.0],
                [-1.0, 0.0, -0.0, 0.0, 0.0, -0.0, -1.0, 0.316864, -0.0, -1.0, 0.0, 0.0, 0.0, 0.0, 0.0, 1.0],
                [-1.0, 0.0, 0.0, 0.0, 0.0, -0.0, -1.0, 0.326015, -0.0, -1.0, 0.0, 0.0, 0.0, 0.0, 0.0, 1.0],
                [-1.0, 0.0, -0.0, 0.0, 0.0, -0.0, -1.0, 0.327383, -0.0, -1.0, 0.0, -0.0, 0.0, 0.0, 0.0, 1.0]
            ]
        },
        {
            "name": "Shoulder_L",
            "time": [0.0, 0.7833],
            "transform": [
                [0.093479, -0.952114, -0.291103, 0.0, -0.291103, -0.305743, 0.906521, 0.4, -0.952114, 0.0, -0.305743, 0.0, 0.0, 0.0, 0.0, 1.0],
                [0.093479, -0.952114, -0.291103, 0.0, -0.291103, -0.305743, 0.906521, 0.4, -0.952114, -0.0, -0.305743, 0.0, 0.0, 0.0, 0.0, 1.0]
            ]
        },
        {
            "name": "Arm_L",
            "time": [0.0, 0.1167, 0.25, 0.3833, 0.5167, 0.65, 0.7833],
            "transform": [
                [0.122388, 0.514588, 0.848658, -0.0, -0.952847, 0.300157, -0.044588, 0.39386, -0.277675, -0.803184, 0.527059, -0.0, 0.0, 0.0, 0.0, 1.0],
                [0.223138, 0.567475, 0.792579, 0.0, -0.924279, 0.381499, -0.012932, 0.39386, -0.309707, -0.729678, 0.609632, 0.0, 0.0, 0.0, 0.0, 1.0],
                [0.193221, 0.330465, 0.923828, -0.0, -0.914932, 0.400742, 0.04801, 0.39386, -0.354351, -0.854516, 0.379785, -0.0, 0.0, 0.0, 0.0, 1.0],
                [0.104257, 0.09396, 0.990102, -0.0, -0.946186, 0.316041, 0.06964, 0.39386, -0.30637, -0.944081, 0.121853, 0.0, 0.0, 0.0, 0.0, 1.0],
                [-0.048499, 0.032299, 0.998301, -0.0, -0.928665, 0.366518, -0.056974, 0.39386, -0.367736, -0.92985, 0.012219, 0.0, 0.0, 0.0, 0.0, 1.0],
                [-0.029357, 0.342932, 0.938901, -0.0, -0.934625, 0.323635, -0.14743, 0.39386, -0.35442, -0.881849, 0.311012, 0.0, 0.0, 0.0, 0.0, 1.0],
                [0.122388, 0.514588, 0.848658, -0.0, -0.952847, 0.300157, -0.044588, 0.39386, -0.277675, -0.803184, 0.527059, -0.0, 0.0, 0.0, 0.0, 1.0]
            ]
        },
        {
            "name": "Hand_L",
            "time": [0.0, 0.1167, 0.25, 0.3833, 0.5167, 0.65, 0.7833],
            "transform": [
                [1.0, 0.0, 0.0, -0.0, -0.0, 0.994693, -0.102887, 0.3, -0.0, 0.102887, 0.994693, 0.0, 0.0, 0.0, 0.0, 1.0],
                [1.0, 0.0, 0.0, -0.0, -0.0, 0.997566, -0.069728, 0.3, -0.0, 0.069728, 0.997566, 0.0, 0.0, 0.0, 0.0, 1.0],
                [1.0, 0.0, 0.0, 0.0, -0.0, 0.997886, -0.064995, 0.3, -0.0, 0.064995, 0.997886, -0.0, 0.0, 0.0, 0.0, 1.0],
                [1.0, 0.0, 0.0, 0.0, -0.0, 0.99793, -0.064319, 0.3, -0.0, 0.064319, 0.99793, 0.0, 0.0, 0.0, 0.0, 1.0],
                [1.0, 0.0, 0.0, -0.0, -0.0, 0.978999, -0.203865, 0.3, -0.0, 0.203865, 0.978999, 0.0, 0.0, 0.0, 0.0, 1.0],
                [1.0, 0.0, 0.0, 0.0, -0.0, 0.988136, -0.153584, 0.3, -0.0, 0.153584, 0.988136, 0.0, 0.0, 0.0, 0.0, 1.0],
                [1.0, 0.0, 0.0, -0.0, -0.0, 0.994693, -0.102887, 0.3, -0.0, 0.102887, 0.994693, 0.0, 0.0, 0.0, 0.0, 1.0]
            ]
        },
        {
            "name": "Tool_L",
            "time": [0.0, 0.1167, 0.25, 0.3833, 0.65, 0.7833],
            "transform": [
                [1.0, 0.0, 0.0, -0.0, 0.0, -0.999836, 0.018122, 0.272858, 0.0, -0.018122, -0.999243, -0.0, 0.0, 0.0, 0.0, 1.0],
                [1.0, 0.0, 0.0, -0.0, 0.0, -0.999836, 0.018122, 0.272858, 0.0, -0.018122, -0.999243, 0.0, 0.0, 0.0, 0.0, 1.0],
                [1.0, 0.0, 0.0, 0.0, 0.0, -0.999836, 0.018122, 0.272858, 0.0, -0.018122, -0.999243, 0.0, 0.0, 0.0, 0.0, 1.0],
                [1.0, 0.0, 0.0, 0.0, 0.0, -0.999836, 0.018122, 0.272858, 0.0, -0.018122, -0.999243, 0.0, 0.0, 0.0, 0.0, 1.0],
                [1.0, 0.0, 0.0, 0.0, 0.0, -0.999836, 0.018122, 0.272858, 0.0, -0.018122, -0.999243, -0.0, 0.0, 0.0, 0.0, 1.0],
                [1.0, 0.0, 0.0, -0.0, 0.0, -0.999836, 0.018122, 0.272858, 0.0, -0.018122, -0.999243, -0.0, 0.0, 0.0, 0.0, 1.0]
            ]
        },
        {
            "name": "Elbow_L",
            "time": [0.0, 0.1167, 0.25, 0.3833, 0.5167, 0.65, 0.7833],
            "transform": [
                [-1.0, 0.0, -0.0, -0.0, 0.0, -0.0, -1.0, 0.319983, -0.0, -1.0, -0.0, 0.0, 0.0, 0.0, 0.0, 1.0],
                [-1.0, 0.0, -0.0, -0.0, 0.0, -0.0, -1.0, 0.316864, -0.0, -1.0, -0.0, 0.0, 0.0, 0.0, 0.0, 1.0],
                [-1.0, 0.0, -0.0, 0.0, 0.0, -0.0, -1.0, 0.316419, -0.0, -1.0, -0.0, 0.0, 0.0, 0.0, 0.0, 1.0],
                [-1.0, 0.0, -0.0, 0.0, 0.0, -0.0, -1.0, 0.316356, -0.0, -1.0, -0.0, -0.0, 0.0, 0.0, 0.0, 1.0],
                [-1.0, 0.0, -0.0, 0.0, 0.0, -0.0, -1.0, 0.329563, -0.0, -1.0, -0.0, -0.0, 0.0, 0.0, 0.0, 1.0],
                [-1.0, 0.0, -0.0, 0.0, 0.0, -0.0, -1.0, 0.324774, -0.0, -1.0, -0.0, -0.0, 0.0, 0.0, 0.0, 1.0],
                [-1.0, 0.0, -0.0, -0.0, 0.0, -0.0, -1.0, 0.319983, -0.0, -1.0, -0.0, 0.0, 0.0, 0.0, 0.0, 1.0]
            ]
        }
    ]
}