{
    "animation": [
        {
            "name": "Root",
            "time": [0.0, 0.1167, 0.25, 0.3833, 0.5167, 0.65, 0.7833],
            "transform": [
                [0.866025, 0.0, -0.5, -5e-06, -0.5, 0.0, -0.866025, 0.000946, 0.0, 1.0, 0.0, 0.777496, 0.0, 0.0, 0.0, 1.0],
                [0.866025, 0.0, -0.5, -5e-06, -0.5, 0.0, -0.866025, 0.000946, 0.0, 1.0, 0.0, 0.68579, 0.0, 0.0, 0.0, 1.0],
                [0.866025, 0.0, -0.5, -5e-06, -0.5, 0.0, -0.866025, 0.000946, 0.0, 1.0, 0.0, 0.717555, 0.0, 0.0, 0.0, 1.0],
                [0.866025, 0.0, -0.5, -5e-06, -0.5, 0.0, -0.866025, 0.000946, 0.0, 1.0, 0.0, 0.763247, 0.0, 0.0, 0.0, 1.0],
                [0.866025, 0.0, -0.5, -5e-06, -0.5, 0.0, -0.866025, 0.000946, 0.0, 1.0, 0.0, 0.674429, 0.0, 0.0, 0.0, 1.0],
                [0.866025, 0.0, -0.5, -5e-06, -0.5, 0.0, -0.866025, 0.000946, 0.0, 1.0, 0.0, 0.749826, 0.0, 0.0, 0.0, 1.0],
                [0.866025, 0.0, -0.5, -5e-06, -0.5, 0.0, -0.866025, 0.000946, 0.0, 1.0, 0.0, 0.777496, 0.0, 0.0, 0.0, 1.0]
            ]
        },
        {
            "name": "Thigh_R",
            "time": [0.0, 0.1167, 0.25, 0.3833, 0.5167, 0.65, 0.7833],
            "transform": [
                [0.999139, 0.040436, 0.009249, 0.124994, 0.026203, -0.788115, 0.614968, -0.002831, 0.032156, -0.614195, -0.788498, -1.2e-05, 0.0, 0.0, 0.0, 1.0],
                [0.997398, -0.070888, -0.013073, 0.124994, -0.044548, -0.748763, 0.661338, -0.002831, -0.05667, -0.659033, -0.749975, -1.2e-05, 0.0, 0.0, 0.0, 1.0],
                [0.999916, -0.012506, -0.003294, 0.124994, -0.008558, -0.830839, 0.556445, -0.002831, -0.009696, -0.556369, -0.830878, -1.2e-05, 0.0, 0.0, 0.0, 1.0],
                [0.997925, 0.046747, 0.044261, 0.124994, 0.037038, -0.979256, 0.199203, -0.002831, 0.052656, -0.197149, -0.978958, -1.2e-05, 0.0, 0.0, 0.0, 1.0],
                [0.953073, 0.248137, -0.173432, 0.124994, 0.259496, -0.964653, 0.045848, -0.002831, -0.155925, -0.088701, -0.983778, -1.2e-05, 0.0, 0.0, 0.0, 1.0],
                [0.977626, 0.162656, -0.133376, 0.124994, 0.201046, -0.909014, 0.365062, -0.002831, -0.061861, -0.383708, -0.92138, -1.2e-05, 0.0, 0.0, 0.0, 1.0],
                [0.999139, 0.040436, 0.009249, 0.124994, 0.026203, -0.788115, 0.614968, -0.002831, 0.032156, -0.614195, -0.788498, -1.2e-05, 0.0, 0.0, 0.0, 1.0]
            ]
        },
        {
            "name": "Leg_R",
            "time": [0.0, 0.1167, 0.25, 0.3833, 0.5167, 0.65, 0.7833],
            "transform": [
                [1.0, -1e-06, 1e-06, 0.0, -0.0, 0.380035, 0.924972, 0.37472, -1e-06, -0.924973, 0.380034, 0.0, 0.0, 0.0, 0.0, 1.0],
                [1.0, -1e-06, 1e-06, -0.0, 0.0, 0.787664, 0.616105, 0.37472, -1e-06, -0.616106, 0.787663, -0.0, 0.0, 0.0, 0.0, 1.0],
                [1.0, -1e-06, 1e-06, -0.0, 0.0, 0.836796, 0.547515, 0.37472, -1e-06, -0.547516, 0.836795, 0.0, 0.0, 0.0, 0.0, 1.0],
                [1.0, 0.0, 1e-06, 0.0, -0.0, 0.986313, 0.164889, 0.37472, -1e-06, -0.164889, 0.986311, -0.0, 0.0, 0.0, 0.0, 1.0],
                [1.0, -1e-06, 1e-06, -0.0, -0.0, 0.515289, 0.857016, 0.37472, -1e-06, -0.857018, 0.515288, -0.0, 0.0, 0.0, 0.0, 1.0],
                [1.0, -1e-06, 1e-06, -0.0, -0.0, 0.292717, 0.956199, 0.37472, -1e-06, -0.9562, 0.292716, -0.0, 0.0, 0.0, 0.0, 1.0],
                [1.0, -1e-06, 1e-06, 0.0, -0.0, 0.380035, 0.924972, 0.37472, -1e-06, -0.924973, 0.380034, 0.0, 0.0, 0.0, 0.0, 1.0]
            ]
        },
        {
            "name": "Knee_R",
            "time": [0.0, 0.1167, 0.25, 0.3833, 0.5167, 0.65, 0.7833],
            "transform": [
                [1.0, 0.0, -0.0, 0.0, -0.0, 1e-06, -1.0, 0.444716, -0.0, 1.0, 1e-06, -0.0, 0.0, 0.0, 0.0, 1.0],
                [1.0, 0.0, -0.0, 0.0, -0.0, 1e-06, -1.0, 0.398278, -0.0, 1.0, 1e-06, -0.0, 0.0, 0.0, 0.0, 1.0],
                [1.0, -0.0, -0.0, -0.0, -0.0, 1e-06, -1.0, 0.3907, 0.0, 1.0, 1e-06, 0.0, 0.0, 0.0, 0.0, 1.0],
                [1.0, 0.0, -0.0, 0.0, -0.0, 1e-06, -1.0, 0.37472, -0.0, 1.0, 1e-06, -0.0, 0.0, 0.0, 0.0, 1.0],
                [1.0, 0.0, -0.0, 0.0, -0.0, 1e-06, -1.0, 0.431112, -0.0, 1.0, 1e-06, -0.0, 0.0, 0.0, 0.0, 1.0],
                [1.0, 0.0, -0.0, 0.0, -0.0, 1e-06, -1.0, 0.453046, -0.0, 1.0, 1e-06, -0.0, 0.0, 0.0, 0.0, 1.0],
                [1.0, 0.0, -0.0, 0.0, -0.0, 1e-06, -1.0, 0.444716, -0.0, 1.0, 1e-06, -0.0, 0.0, 0.0, 0.0, 1.0]
            ]
        },
        {
            "name": "Thigh_L",
            "time": [0.0, 0.1167, 0.25, 0.3833, 0.5167, 0.65, 0.7833],
            "transform": [
                [0.883106, -0.048879, -0.466619, -0.125006, -0.026083, -0.998135, 0.055192, -0.002831, -0.468446, -0.036569, -0.882734, -1.2e-05, 0.0, 0.0, 0.0, 1.0],
                [0.875349, 0.17763, -0.449679, -0.125006, -0.020165, -0.915845, -0.401026, -0.002831, -0.48307, 0.360106, -0.798102, -1.2e-05, 0.0, 0.0, 0.0, 1.0],
                [0.884259, 0.023289, -0.466413, -0.125006, -0.012763, -0.997177, -0.07399, -0.002831, -0.46682, 0.07138, -0.881467, -1.2e-05, 0.0, 0.0, 0.0, 1.0],
                [0.877511, -0.230259, -0.420659, -0.125006, -0.029591, -0.901513, 0.431738, -0.002831, -0.478642, -0.366407, -0.797902, -1.2e-05, 0.0, 0.0, 0.0, 1.0],
                [0.875569, -0.317687, -0.363941, -0.125006, -0.006105, -0.760574, 0.649223, -0.002831, -0.483054, -0.566218, -0.667874, -1.2e-05, 0.0, 0.0, 0.0, 1.0],
                [0.862564, -0.180096, -0.472808, -0.125006, -0.027247, -0.949681, 0.312032, -0.002831, -0.505212, -0.256265, -0.824068, -1.2e-05, 0.0, 0.0, 0.0, 1.0],
                [0.883106, -0.048879, -0.466618, -0.125006, -0.026083, -0.998135, 0.055192, -0.002831, -0.468446, -0.036569, -0.882735, -1.2e-05, 0.0, 0.0, 0.0, 1.0]
            ]
        },
        {
            "name": "Leg_L",
            "time": [0.0, 0.1167, 0.25, 0.3833, 0.5167, 0.65, 0.7833],
            "transform": [
                [1.0, -0.0, 1e-06, 0.0, 0.0, 0.986352, 0.164652, 0.37472, -1e-06, -0.164652, 0.986352, 0.0, 0.0, 0.0, 0.0, 1.0],
                [1.0, -1e-06, 1e-06, 0.0, -0.0, 0.885841, 0.463988, 0.37472, -1e-06, -0.463988, 0.885842, -0.0, 0.0, 0.0, 0.0, 1.0],
                [1.0, -1e-06, 1e-06, -0.0, -0.0, 0.62856, 0.777761, 0.37472, -1e-06, -0.77776, 0.628561, 0.0, 0.0, 0.0, 0.0, 1.0],
                [1.0, -1e-06, 1e-06, 0.0, -0.0, 0.571203, 0.820809, 0.37472, -1e-06, -0.820808, 0.571204, 0.0, 0.0, 0.0, 0.0, 1.0],
                [1.0, -1e-06, 1e-06, -0.0, 0.0, 0.672795, 0.739829, 0.37472, -1e-06, -0.739829, 0.672795, 0.0, 0.0, 0.0, 0.0, 1.0],
                [1.0, -1e-06, 1e-06, 0.0, 0.0, 0.895856, 0.444345, 0.37472, -1e-06, -0.444344, 0.895856, -0.0, 0.0, 0.0, 0.0, 1.0],
                [1.0, -0.0, 1e-06, -0.0, 0.0, 0.986352, 0.164652, 0.37472, -1e-06, -0.164652, 0.986352, 0.0, 0.0, 0.0, 0.0, 1.0]
            ]
        },
        {
            "name": "Knee_L",
            "time": [0.0, 0.1167, 0.25, 0.3833, 0.5167, 0.65, 0.7833],
            "transform": [
                [1.0, 0.0, -0.0, 0.0, -0.0, 1e-06, -1.0, 0.37472, -0.0, 1.0, 1e-06, 0.0, 0.0, 0.0, 0.0, 1.0],
                [1.0, 0.0, -0.0, 0.0, -0.0, 1e-06, -1.0, 0.381999, -0.0, 1.0, 1e-06, -0.0, 0.0, 0.0, 0.0, 1.0],
                [1.0, 0.0, -0.0, 0.0, -0.0, 1e-06, -1.0, 0.418689, -0.0, 1.0, 1e-06, -0.0, 0.0, 0.0, 0.0, 1.0],
                [1.0, 0.0, -0.0, 0.0, -0.0, 1e-06, -1.0, 0.425129, -0.0, 1.0, 1e-06, -0.0, 0.0, 0.0, 0.0, 1.0],
                [1.0, 0.0, -0.0, 0.0, -0.0, 1e-06, -1.0, 0.413456, -0.0, 1.0, 1e-06, 0.0, 0.0, 0.0, 0.0, 1.0],
                [1.0, 0.0, -0.0, -0.0, -0.0, 1e-06, -1.0, 0.380019, -0.0, 1.0, 1e-06, -0.0, 0.0, 0.0, 0.0, 1.0],
                [1.0, 0.0, -0.0, 0.0, -0.0, 1e-06, -1.0, 0.37472, -0.0, 1.0, 1e-06, 0.0, 0.0, 0.0, 0.0, 1.0]
            ]
        },
        {
            "name": "Torso",
            "time": [0.0, 0.2, 0.3833, 0.6, 0.7833],
            "transform": [
                [1.0, 0.0, 0.0, -0.0, 0.0, 0.998933, 0.046195, 0.05, 0.0, -0.046195, 0.998932, 0.0, 0.0, 0.0, 0.0, 1.0],
                [0.999377, 0.034558, 0.007111, -0.0, -0.035046, 0.995598, 0.086935, 0.05, -0.004075, -0.08713, 0.996189, 0.0, 0.0, 0.0, 0.0, 1.0],
                [1.0, 0.000844, 0.00018, -0.0, -0.000843, 0.999994, -0.003364, 0.05, -0.000183, 0.003364, 0.999994, 0.0, 0.0, 0.0, 0.0, 1.0],
                [0.999428, -0.033806, 0.001132, -0.0, 0.033579, 0.995623, 0.087218, 0.05, -0.004075, -0.08713, 0.996189, 0.0, 0.0, 0.0, 0.0, 1.0],
                [1.0, 0.0, 0.0, -0.0, 0.0, 0.998933, 0.046195, 0.05, 0.0, -0.046195, 0.998932, 0.0, 0.0, 0.0, 0.0, 1.0]
            ]
        },
        {
            "name": "Chest",
            "time": [0.0, 0.2, 0.3833, 0.6, 0.7833],
            "transform": [
                [1.0, 0.0, 0.0, -0.0, 0.0, 1.0, -0.0, 0.3, -0.0, 0.0, 1.0, -0.0, 0.0, 0.0, 0.0, 1.0],
                [0.951108, -0.021913, -0.308079, 0.0, 0.029334, 0.99938, 0.019477, 0.3, 0.307461, -0.027562, 0.951162, 0.0, 0.0, 0.0, 0.0, 1.0],
                [1.0, 2e-06, -1.1e-05, 0.0, -2e-06, 0.999912, 0.013291, 0.3, 1.1e-05, -0.013291, 0.999912, 0.0, 0.0, 0.0, 0.0, 1.0],
                [0.966424, -0.010546, 0.256737, -0.0, 0.002597, 0.999507, 0.031282, 0.3, -0.25694, -0.029565, 0.965975, -0.0, 0.0, 0.0, 0.0, 1.0],
                [1.0, 0.0, 0.0, -0.0, 0.0, 1.0, -0.0, 0.3, -0.0, 0.0, 1.0, -0.0, 0.0, 0.0, 0.0, 1.0]
            ]
        },
        {
            "name": "Head",
            "time": [0.0, 0.2, 0.3833, 0.6, 0.7833],
            "transform": [
                [0.865446, 0.003164, 0.500993, 0.0, 0.01932, 0.999025, -0.039684, 0.4, -0.50063, 0.044024, 0.864541, 0.0, 0.0, 0.0, 0.0, 1.0],
                [0.673809, 0.009599, 0.738843, 0.0, 0.066647, 0.99505, -0.073709, 0.4, -0.735894, 0.098908, 0.669834, 0.0, 0.0, 0.0, 0.0, 1.0],
                [0.864828, -0.002572, 0.502061, 0.0, 0.00674, 0.999956, -0.006488, 0.4, -0.502023, 0.008995, 0.864808, 0.0, 0.0, 0.0, 0.0, 1.0],
                [0.965859, 0.011171, 0.258829, 0.0, 0.018687, 0.993464, -0.112609, 0.4, -0.258395, 0.113601, 0.959337, 0.0, 0.0, 0.0, 0.0, 1.0],
                [0.864223, 0.000784, 0.503108, 0.0, 0.022155, 0.998969, -0.039613, 0.4, -0.50262, 0.045381, 0.863315, 0.0, 0.0, 0.0, 0.0, 1.0]
            ]
        },
        {
            "name": "Shoulder_R",
            "time": [0.0, 0.2, 0.3833, 0.6, 0.7833],
            "transform": [
                [0.093479, 0.952114, 0.291102, 0.0, 0.291102, -0.305743, 0.906521, 0.4, 0.952114, 0.0, -0.305743, 0.0, 0.0, 0.0, 0.0, 1.0],
                [0.305779, 0.933353, 0.188017, 0.0, 0.291467, -0.27976, 0.914758, 0.4, 0.906392, -0.224912, -0.357586, 0.0, 0.0, 0.0, 0.0, 1.0],
                [0.13575, 0.956766, 0.257235, 0.0, 0.290515, -0.286666, 0.91292, 0.4, 0.947192, -0.049198, -0.31687, 0.0, 0.0, 0.0, 0.0, 1.0],
                [-0.066969, 0.931401, 0.357781, 0.0, 0.292846, -0.324444, 0.899431, 0.4, 0.953811, 0.165009, -0.251029, 0.0, 0.0, 0.0, 0.0, 1.0],
                [0.093479, 0.952114, 0.291102, 0.0, 0.291102, -0.305743, 0.906521, 0.4, 0.952114, 0.0, -0.305743, 0.0, 0.0, 0.0, 0.0, 1.0]
            ]
        },
        {
            "name": "Arm_R",
            "time": [0.0, 0.7833],
            "transform": [
                [-0.044499, -0.968077, -0.246671, 0.036028, 0.953853, 0.032225, -0.298541, 0.372116, 0.29696, -0.248573, 0.921969, -0.089097, 0.0, 0.0, 0.0, 1.0],
                [-0.044499, -0.968077, -0.246671, 0.036028, 0.953853, 0.032225, -0.298541, 0.372116, 0.29696, -0.248573, 0.921969, -0.089097, 0.0, 0.0, 0.0, 1.0]
            ]
        },
        {
            "name": "Hand_R",
            "time": [0.0, 0.7833],
            "transform": [
                [1.0, 0.0, -0.0, 0.0, -0.0, 0.13774, -0.990468, 0.3, -0.0, 0.990468, 0.13774, -0.0, 0.0, 0.0, 0.0, 1.0],
                [1.0, 0.0, -0.0, 0.0, -0.0, 0.13774, -0.990468, 0.3, -0.0, 0.990468, 0.13774, -0.0, 0.0, 0.0, 0.0, 1.0]
            ]
        },
        {
            "name": "Tool_R",
            "time": [0.0, 0.7833],
            "transform": [
                [0.999988, 0.004863, 0.000219, 0.010061, 0.004734, -0.981855, 0.189574, 0.220344, 0.001136, -0.189469, -0.98128, -0.020904, 0.0, 0.0, 0.0, 1.0],
                [0.999988, 0.004863, 0.000219, 0.010061, 0.004734, -0.981855, 0.189574, 0.220344, 0.001136, -0.189469, -0.98128, -0.020904, 0.0, 0.0, 0.0, 1.0]
            ]
        },
        {
            "name": "Elbow_R",
            "time": [0.0, 0.7833],
            "transform": [
                [-1.0, 0.0, -0.0, 0.0, 0.0, 0.0, -1.0, 0.444575, -0.0, -1.0, 0.0, -0.0, 0.0, 0.0, 0.0, 1.0],
                [-1.0, 0.0, -0.0, 0.0, 0.0, 0.0, -1.0, 0.444575, -0.0, -1.0, 0.0, -0.0, 0.0, 0.0, 0.0, 1.0]
            ]
        },
        {
            "name": "Shoulder_L",
            "time": [0.0, 0.2, 0.3833, 0.6, 0.7833],
            "transform": [
                [0.093479, -0.952114, -0.291103, 0.0, -0.291103, -0.305743, 0.906521, 0.4, -0.952114, 0.0, -0.305743, 0.0, 0.0, 0.0, 0.0, 1.0],
                [-0.12406, -0.917508, -0.377872, 0.0, -0.286388, -0.3315, 0.898938, 0.4, -0.950048, 0.219741, -0.221637, 0.0, 0.0, 0.0, 0.0, 1.0],
                [0.050932, -0.944647, -0.32411, 0.0, -0.286782, -0.324697, 0.901292, 0.4, -0.956641, 0.047044, -0.287445, 0.0, 0.0, 0.0, 0.0, 1.0],
                [0.251058, -0.943699, -0.215411, 0.0, -0.296622, -0.286837, 0.910901, 0.4, -0.921404, -0.164793, -0.351934, 0.0, 0.0, 0.0, 0.0, 1.0],
                [0.093479, -0.952114, -0.291103, 0.0, -0.291103, -0.305743, 0.906521, 0.4, -0.952114, 0.0, -0.305743, 0.0, 0.0, 0.0, 0.0, 1.0]
            ]
        },
        {
            "name": "Arm_L",
            "time": [0.0, 0.7833],
            "transform": [
                [-0.244612, 0.797496, -0.551511, 0.155498, 0.180549, -0.52138, -0.834005, 0.25858, -0.952663, -0.303583, -0.016451, -0.000225, 0.0, 0.0, 0.0, 1.0],
                [-0.244612, 0.797496, -0.551511, 0.155498, 0.180549, -0.52138, -0.834005, 0.25858, -0.952663, -0.303583, -0.016451, -0.000225, 0.0, 0.0, 0.0, 1.0]
            ]
        },
        {
            "name": "Hand_L",
            "time": [0.0, 0.7833],
            "transform": [
                [1.0, 0.0, 0.0, -0.0, -0.0, 0.858144, -0.51341, 0.3, -0.0, 0.51341, 0.858144, 0.0, 0.0, 0.0, 0.0, 1.0],
                [1.0, 0.0, 0.0, -0.0, -0.0, 0.858144, -0.51341, 0.3, -0.0, 0.51341, 0.858144, 0.0, 0.0, 0.0, 0.0, 1.0]
            ]
        },
        {
            "name": "Tool_L",
            "time": [0.0, 0.7833],
            "transform": [
                [1.0, 0.0, 0.0, 0.0, 0.0, -0.999836, 0.018122, 0.272858, 0.0, -0.018122, -0.999243, -0.0, 0.0, 0.0, 0.0, 1.0],
                [1.0, 0.0, 0.0, 0.0, 0.0, -0.999836, 0.018122, 0.272858, 0.0, -0.018122, -0.999243, -0.0, 0.0, 0.0, 0.0, 1.0]
            ]
        },
        {
            "name": "Elbow_L",
            "time": [0.0, 0.7833],
            "transform": [
                [-1.0, 0.0, -0.0, -0.0, 0.0, -0.0, -1.0, 0.360849, -0.0, -1.0, -0.0, -0.0, 0.0, 0.0, 0.0, 1.0],
                [-1.0, 0.0, -0.0, -0.0, 0.0, -0.0, -1.0, 0.360849, -0.0, -1.0, -0.0, -0.0, 0.0, 0.0, 0.0, 1.0]
            ]
        }
    ]
}