{
    "animation": [
        {
            "name": "Root",
            "time": [0.0, 0.1333, 0.25, 0.4167, 0.6],
            "transform": [
                [0.473077, 0.0, -0.881021, -5e-06, -0.881021, 0.0, -0.473077, -0.00425, 0.0, 1.0, 0.0, 0.770166, 0.0, 0.0, 0.0, 1.0],
                [0.473875, 0.0, -0.880592, -5e-06, -0.880592, 0.0, -0.473875, -0.00425, 0.0, 1.0, 0.0, 0.69307, 0.0, 0.0, 0.0, 1.0],
                [0.388101, 0.0, -0.921617, -5e-06, -0.921617, 0.0, -0.388101, -0.00425, 0.0, 1.0, 0.0, 0.687124, 0.0, 0.0, 0.0, 1.0],
                [0.593613, 0.0, -0.80475, -5e-06, -0.80475, 0.0, -0.593613, -0.00425, 0.0, 1.0, 0.0, 0.616254, 0.0, 0.0, 0.0, 1.0],
                [0.473077, 0.0, -0.881021, -5e-06, -0.881021, 0.0, -0.473077, -0.00425, 0.0, 1.0, 0.0, 0.770166, 0.0, 0.0, 0.0, 1.0]
            ]
        },
        {
            "name": "Thigh_R",
            "time": [0.0, 0.1333, 0.3167, 0.4167, 0.4667, 0.6],
            "transform": [
                [0.897136, -0.252946, -0.362167, 0.153967, 0.020794, -0.794747, 0.606582, -0.002831, -0.441265, -0.551716, -0.707739, -0.029428, 0.0, 0.0, 0.0, 1.0],
                [0.991283, -0.090958, -0.095313, 0.153967, -0.018046, -0.810359, 0.585653, -0.002831, -0.130507, -0.578826, -0.804939, -0.029428, 0.0, 0.0, 0.0, 1.0],
                [0.961538, 0.1574, 0.2251, 0.153967, 0.074927, -0.938747, 0.336357, -0.002831, 0.264255, -0.306553, -0.914437, -0.029428, 0.0, 0.0, 0.0, 1.0],
                [0.846424, 0.485912, 0.217841, 0.153967, 0.46797, -0.873958, 0.131137, -0.002831, 0.254105, -0.009054, -0.967134, -0.029428, 0.0, 0.0, 0.0, 1.0],
                [0.838526, 0.491226, 0.23573, 0.153967, 0.466454, -0.870792, 0.155364, -0.002831, 0.281591, -0.020319, -0.959319, -0.029428, 0.0, 0.0, 0.0, 1.0],
                [0.897136, -0.252946, -0.362167, 0.153967, 0.020794, -0.794747, 0.606582, -0.002831, -0.441265, -0.551716, -0.707739, -0.029428, 0.0, 0.0, 0.0, 1.0]
            ]
        },
        {
            "name": "Leg_R",
            "time": [0.0, 0.1333, 0.3167, 0.4667, 0.6],
            "transform": [
                [1.0, -1e-06, 3.6e-05, -0.0, -3.5e-05, 0.15635, 0.987701, 0.37472, -7e-06, -0.987703, 0.15635, -0.0, 0.0, 0.0, 0.0, 1.0],
                [1.0, -1e-06, 1.9e-05, 0.0, -1.1e-05, 0.808511, 0.588481, 0.37472, -1.6e-05, -0.588482, 0.80851, 0.0, 0.0, 0.0, 0.0, 1.0],
                [1.0, -1e-06, 1.3e-05, -0.0, -9e-06, 0.711117, 0.703074, 0.37472, -1e-05, -0.703075, 0.711116, -0.0, 0.0, 0.0, 0.0, 1.0],
                [1.0, -0.0, 4e-06, 0.0, -2e-06, 0.800014, 0.599981, 0.37472, -3e-06, -0.599982, 0.800013, -0.0, 0.0, 0.0, 0.0, 1.0],
                [1.0, -1e-06, 3.6e-05, -0.0, -3.5e-05, 0.15635, 0.987701, 0.37472, -7e-06, -0.987703, 0.15635, -0.0, 0.0, 0.0, 0.0, 1.0]
            ]
        },
        {
            "name": "Knee_R",
            "time": [0.0, 0.1333, 0.25, 0.4167, 0.6],
            "transform": [
                [1.0, -0.0, -0.0, 0.0, -0.0, 1e-06, -1.0, 0.46027, -0.0, 1.0, 1e-06, -0.0, 0.0, 0.0, 0.0, 1.0],
                [1.0, 0.0, -0.0, -0.000966, -0.0, 1e-06, -1.0, 0.394914, -0.0, 1.0, 1e-06, 0.000577, 0.0, 0.0, 0.0, 1.0],
                [1.0, 0.0, -0.0, 0.0, -0.0, 1e-06, -1.0, 0.408668, -0.0, 1.0, 1e-06, -0.0, 0.0, 0.0, 0.0, 1.0],
                [1.0, 0.0, -0.0, 0.0, -0.0, 1e-06, -1.0, 0.395817, -0.0, 1.0, 1e-06, 0.0, 0.0, 0.0, 0.0, 1.0],
                [1.0, -0.0, -0.0, 0.0, -0.0, 1e-06, -1.0, 0.46027, -0.0, 1.0, 1e-06, -0.0, 0.0, 0.0, 0.0, 1.0]
            ]
        },
        {
            "name": "Thigh_L",
            "time": [0.0, 0.1333, 0.3167, 0.4667, 0.6],
            "transform": [
                [0.43207, -0.10595, -0.895595, -0.156613, -0.007156, -0.993446, 0.114074, -0.00283, -0.901811, -0.042879, -0.429997, 0.032079, 0.0, 0.0, 0.0, 1.0],
                [0.471256, -0.456733, -0.754528, -0.156613, -0.221964, -0.889359, 0.399716, -0.00283, -0.853609, -0.02089, -0.520494, 0.032079, 0.0, 0.0, 0.0, 1.0],
                [0.439328, -0.686231, -0.579721, -0.156613, -0.076752, -0.671649, 0.736883, -0.00283, -0.895041, -0.279238, -0.347745, 0.032079, 0.0, 0.0, 0.0, 1.0],
                [0.577357, -0.640157, -0.50681, -0.156613, 0.032574, -0.602165, 0.797707, -0.002831, -0.815841, -0.477071, -0.326813, 0.032079, 0.0, 0.0, 0.0, 1.0],
                [0.43207, -0.10595, -0.895595, -0.156613, -0.007156, -0.993446, 0.114074, -0.00283, -0.901811, -0.042879, -0.429997, 0.032079, 0.0, 0.0, 0.0, 1.0]
            ]
        },
        {
            "name": "Leg_L",
            "time": [0.0, 0.1333, 0.3167, 0.4667, 0.6],
            "transform": [
                [0.999999, -0.00069, 0.001446, -0.0, 0.000513, 0.992944, 0.118582, 0.37472, -0.001518, -0.118581, 0.992944, -0.0, 0.0, 0.0, 0.0, 1.0],
                [0.999996, -0.002745, 0.000988, 0.0, -0.000885, 0.037484, 0.999297, 0.37472, -0.00278, -0.999293, 0.037481, -0.0, 0.0, 0.0, 0.0, 1.0],
                [1.0, -1e-06, 0.000752, 0.0, -0.000691, 0.39406, 0.919085, 0.37472, -0.000297, -0.919085, 0.39406, -0.0, 0.0, 0.0, 0.0, 1.0],
                [1.0, -1e-06, 2.2e-05, -0.0, -1.6e-05, 0.627996, 0.778217, 0.37472, -1.4e-05, -0.778216, 0.627996, -0.0, 0.0, 0.0, 0.0, 1.0],
                [0.999999, -0.00069, 0.001446, -0.0, 0.000513, 0.992944, 0.118582, 0.37472, -0.001518, -0.118581, 0.992944, -0.0, 0.0, 0.0, 0.0, 1.0]
            ]
        },
        {
            "name": "Knee_L",
            "time": [0.0, 0.1333, 0.25, 0.4167, 0.6],
            "transform": [
                [1.0, 0.0, -0.0, -0.0, -0.0, 1e-06, -1.0, 0.37472, -0.0, 1.0, 1e-06, -0.0, 0.0, 0.0, 0.0, 1.0],
                [1.0, 0.0, -0.0, 0.000377, -0.0, 1e-06, -1.0, 0.474287, -0.0, 1.0, 1e-06, 5.8e-05, 0.0, 0.0, 0.0, 1.0],
                [1.0, 0.0, -0.0, 0.0, -0.0, 1e-06, -1.0, 0.449891, -0.0, 1.0, 1e-06, -0.0, 0.0, 0.0, 0.0, 1.0],
                [1.0, 0.0, -0.0, 2.9e-05, -0.0, 1e-06, -1.0, 0.423768, -0.0, 1.0, 1e-06, 0.000395, 0.0, 0.0, 0.0, 1.0],
                [1.0, 0.0, -0.0, -0.0, -0.0, 1e-06, -1.0, 0.37472, -0.0, 1.0, 1e-06, -0.0, 0.0, 0.0, 0.0, 1.0]
            ]
        },
        {
            "name": "Torso",
            "time": [0.0, 0.1333, 0.25, 0.4167, 0.6],
            "transform": [
                [0.997581, -0.069194, -0.006676, 0.0, 0.06885, 0.970198, 0.232327, 0.05, -0.009598, -0.232225, 0.972615, 0.0, 0.0, 0.0, 0.0, 1.0],
                [0.999351, -0.035236, -0.007423, -0.0, 0.035578, 0.997983, 0.052581, 0.05, 0.005555, -0.052811, 0.998589, -0.0, 0.0, 0.0, 0.0, 1.0],
                [0.99626, -0.085452, -0.012801, 0.0, 0.086399, 0.983395, 0.159595, 0.05, -0.00105, -0.160104, 0.9871, -0.0, 0.0, 0.0, 0.0, 1.0],
                [0.998212, -0.059767, 0.000403, -0.0, 0.056034, 0.938157, 0.341647, 0.05, -0.020797, -0.341013, 0.939828, -0.0, 0.0, 0.0, 0.0, 1.0],
                [0.997581, -0.069194, -0.006676, 0.0, 0.06885, 0.970198, 0.232327, 0.05, -0.009598, -0.232225, 0.972615, 0.0, 0.0, 0.0, 0.0, 1.0]
            ]
        },
        {
            "name": "Chest",
            "time": [0.0, 0.1333, 0.25, 0.4167, 0.6],
            "transform": [
                [0.999773, 0.020717, 0.004958, -0.0, -0.021079, 0.99573, 0.089875, 0.3, -0.003074, -0.08996, 0.995941, 0.0, 0.0, 0.0, 0.0, 1.0],
                [1.0, 4.3e-05, 0.000785, -0.0, 0.000114, 0.980126, -0.198377, 0.3, -0.000778, 0.198377, 0.980126, -0.0, 0.0, 0.0, 0.0, 1.0],
                [0.999873, 0.015779, 0.00221, -0.0, -0.015732, 0.999684, -0.0196, 0.3, -0.002518, 0.019563, 0.999806, 0.0, 0.0, 0.0, 0.0, 1.0],
                [0.999517, 0.029439, 0.009919, -0.0, -0.030946, 0.971583, 0.234669, 0.3, -0.002729, -0.234863, 0.972025, 0.0, 0.0, 0.0, 0.0, 1.0],
                [0.999773, 0.020717, 0.004958, -0.0, -0.021079, 0.99573, 0.089875, 0.3, -0.003074, -0.08996, 0.995941, 0.0, 0.0, 0.0, 0.0, 1.0]
            ]
        },
        {
            "name": "Head",
            "time": [0.0, 0.1, 0.2333, 0.4167, 0.6],
            "transform": [
                [0.428291, -0.041487, 0.902688, 0.0, 0.152198, 0.987986, -0.026805, 0.4, -0.890731, 0.148867, 0.42946, 0.0, 0.0, 0.0, 0.0, 1.0],
                [0.550521, 0.021539, 0.834544, -0.0, -0.078157, 0.996606, 0.025836, 0.4, -0.831155, -0.079448, 0.550336, -0.0, 0.0, 0.0, 0.0, 1.0],
                [0.442546, 0.131256, 0.887088, 0.0, 0.039051, 0.985471, -0.165294, 0.4, -0.895895, 0.107792, 0.43099, -0.0, 0.0, 0.0, 0.0, 1.0],
                [0.55322, 0.036006, 0.832257, 0.0, 0.233964, 0.952137, -0.196713, 0.4, -0.799506, 0.303544, 0.518317, 0.0, 0.0, 0.0, 0.0, 1.0],
                [0.428291, -0.041487, 0.902688, 0.0, 0.152198, 0.987986, -0.026805, 0.4, -0.890731, 0.148867, 0.42946, 0.0, 0.0, 0.0, 0.0, 1.0]
            ]
        },
        {
            "name": "Shoulder_R",
            "time": [0.0, 0.1333, 0.25, 0.4167, 0.6],
            "transform": [
                [0.297023, 0.909622, 0.290456, 0.0, 0.06191, -0.321889, 0.944751, 0.4, 0.952861, -0.262631, -0.151923, 0.0, 0.0, 0.0, 0.0, 1.0],
                [0.298174, 0.91216, 0.281171, -0.0, 0.116445, -0.327131, 0.937777, 0.4, 0.947382, -0.24688, -0.203758, -0.0, 0.0, 0.0, 0.0, 1.0],
                [0.296737, 0.909137, 0.292262, 0.0, 0.05124, -0.320763, 0.945772, 0.4, 0.953583, -0.26567, -0.141767, 0.0, 0.0, 0.0, 0.0, 1.0],
                [0.275587, 0.914224, 0.297061, 0.0, -0.316435, -0.205526, 0.926082, 0.4, 0.907701, -0.349217, 0.232652, 0.0, 0.0, 0.0, 0.0, 1.0],
                [0.297023, 0.909622, 0.290456, 0.0, 0.06191, -0.321889, 0.944751, 0.4, 0.952861, -0.262631, -0.151923, 0.0, 0.0, 0.0, 0.0, 1.0]
            ]
        },
        {
            "name": "Arm_R",
            "time": [0.0, 0.25, 0.4167, 0.6],
            "transform": [
                [0.0468, -0.302139, -0.952114, 0.0, 0.990239, 0.139311, 0.004466, 0.393861, 0.13129, -0.943029, 0.30571, -0.0, 0.0, 0.0, 0.0, 1.0],
                [0.0468, -0.302139, -0.952114, -0.0, 0.990239, 0.13931, 0.004466, 0.39386, 0.13129, -0.943029, 0.305709, -0.0, 0.0, 0.0, 0.0, 1.0],
                [0.0468, -0.302139, -0.952114, -0.0, 0.990239, 0.13931, 0.004466, 0.393861, 0.13129, -0.943029, 0.30571, 0.0, 0.0, 0.0, 0.0, 1.0],
                [0.0468, -0.302139, -0.952114, 0.0, 0.990239, 0.139311, 0.004466, 0.393861, 0.13129, -0.943029, 0.30571, -0.0, 0.0, 0.0, 0.0, 1.0]
            ]
        },
        {
            "name": "Hand_R",
            "time": [0.0, 0.1333, 0.25, 0.4167, 0.6],
            "transform": [
                [0.999985, 0.001325, 0.005391, -0.0, -0.00125, 0.999903, -0.013883, 0.3, -0.005409, 0.013876, 0.999889, 0.0, 0.0, 0.0, 0.0, 1.0],
                [0.999985, 0.001325, 0.005391, 0.0, -0.00125, 0.999903, -0.013883, 0.3, -0.005409, 0.013876, 0.999889, 0.0, 0.0, 0.0, 0.0, 1.0],
                [0.999985, 0.001325, 0.005391, -0.0, -0.00125, 0.999903, -0.013883, 0.3, -0.005409, 0.013876, 0.999889, 0.0, 0.0, 0.0, 0.0, 1.0],
                [0.999985, 0.001325, 0.005391, -0.0, -0.00125, 0.999903, -0.013883, 0.3, -0.005409, 0.013876, 0.999889, -0.0, 0.0, 0.0, 0.0, 1.0],
                [0.999985, 0.001325, 0.005391, -0.0, -0.00125, 0.999903, -0.013883, 0.3, -0.005409, 0.013876, 0.999889, 0.0, 0.0, 0.0, 0.0, 1.0]
            ]
        },
        {
            "name": "Tool_R",
            "time": [0.0, 0.6],
            "transform": [
                [-0.195883, 0.161668, -0.967209, 0.0, 0.086292, -0.979649, -0.181224, 0.272858, -0.976244, -0.118902, 0.177839, -0.0, 0.0, 0.0, 0.0, 1.0],
                [-0.195883, 0.161668, -0.967209, 0.0, 0.086292, -0.979649, -0.181224, 0.272858, -0.976244, -0.118902, 0.177839, -0.0, 0.0, 0.0, 0.0, 1.0]
            ]
        },
        {
            "name": "Elbow_R",
            "time": [0.0, 0.6],
            "transform": [
                [-1.0, 0.0, -0.0, -0.0, 0.0, -0.0, -1.0, 0.3, -0.0, -1.0, 0.0, 0.0, 0.0, 0.0, 0.0, 1.0],
                [-1.0, 0.0, -0.0, -0.0, 0.0, -0.0, -1.0, 0.3, -0.0, -1.0, 0.0, 0.0, 0.0, 0.0, 0.0, 1.0]
            ]
        },
        {
            "name": "Shoulder_L",
            "time": [0.0, 0.1333, 0.25, 0.4167, 0.6],
            "transform": [
                [0.64325, -0.740086, -0.196221, 0.0, -0.097979, -0.333737, 0.937561, 0.4, -0.759361, -0.58386, -0.287189, 0.0, 0.0, 0.0, 0.0, 1.0],
                [0.642755, -0.737949, -0.205664, -0.0, -0.13309, -0.371949, 0.918662, 0.4, -0.754423, -0.563103, -0.337286, -0.0, 0.0, 0.0, 0.0, 1.0],
                [0.643386, -0.740455, -0.194371, 0.0, -0.0911, -0.326149, 0.940918, 0.4, -0.760102, -0.587667, -0.277295, 0.0, 0.0, 0.0, 0.0, 1.0],
                [0.659935, -0.72782, -0.186451, 0.0, 0.196835, -0.072011, 0.977788, 0.4, -0.72508, -0.681977, 0.095738, 0.0, 0.0, 0.0, 0.0, 1.0],
                [0.64325, -0.740086, -0.196221, 0.0, -0.097979, -0.333737, 0.937561, 0.4, -0.759361, -0.58386, -0.287189, 0.0, 0.0, 0.0, 0.0, 1.0]
            ]
        },
        {
            "name": "Arm_L",
            "time": [0.0, 0.6],
            "transform": [
                [-0.56939, 0.337625, 0.749536, 0.0, -0.789723, 0.02859, -0.612797, 0.39386, -0.228325, -0.940846, 0.250351, -0.0, 0.0, 0.0, 0.0, 1.0],
                [-0.56939, 0.337625, 0.749536, 0.0, -0.789723, 0.02859, -0.612797, 0.39386, -0.228325, -0.940846, 0.250351, -0.0, 0.0, 0.0, 0.0, 1.0]
            ]
        },
        {
            "name": "Hand_L",
            "time": [0.0, 0.6],
            "transform": [
                [1.0, 0.0, 0.0, -0.0, -0.0, 0.993938, 0.109947, 0.3, 0.0, -0.109947, 0.993938, -0.0, 0.0, 0.0, 0.0, 1.0],
                [1.0, 0.0, 0.0, -0.0, -0.0, 0.993938, 0.109947, 0.3, 0.0, -0.109947, 0.993938, -0.0, 0.0, 0.0, 0.0, 1.0]
            ]
        },
        {
            "name": "Tool_L",
            "time": [0.0, 0.6],
            "transform": [
                [1.0, 0.0, 0.0, 0.0, 0.0, -0.999836, 0.018122, 0.272858, 0.0, -0.018122, -0.999248, -0.0, 0.0, 0.0, 0.0, 1.0],
                [1.0, 0.0, 0.0, 0.0, 0.0, -0.999836, 0.018122, 0.272858, 0.0, -0.018122, -0.999248, -0.0, 0.0, 0.0, 0.0, 1.0]
            ]
        },
        {
            "name": "Elbow_L",
            "time": [0.0, 0.6],
            "transform": [
                [-1.0, 0.0, -0.0, -0.0, -0.0, -0.0, -1.0, 0.3, -0.0, -1.0, -0.0, -0.0, 0.0, 0.0, 0.0, 1.0],
                [-1.0, 0.0, -0.0, -0.0, -0.0, -0.0, -1.0, 0.3, -0.0, -1.0, -0.0, -0.0, 0.0, 0.0, 0.0, 1.0]
            ]
        }
    ]
}