{
    "animation": [
        {
            "name": "Root",
            "time": [0.0, 1.4333],
            "transform": [
                [1.0, 0.0, 0.0, -5e-06, 0.0, 0.0, -1.0, 0.000946, 0.0, 1.0, 0.0, 0.763972, 0.0, 0.0, 0.0, 1.0],
                [1.0, 0.0, 0.0, -5e-06, 0.0, 0.0, -1.0, 0.000946, 0.0, 1.0, 0.0, 0.763972, 0.0, 0.0, 0.0, 1.0]
            ]
        },
        {
            "name": "Thigh_R",
            "time": [0.0, 1.4333],
            "transform": [
                [1.0, -0.0, -0.0, 0.124994, 0.0, -0.999999, 1e-06, -0.002831, -0.0, -0.0, -1.0, -1.2e-05, 0.0, 0.0, 0.0, 1.0],
                [1.0, -0.0, -0.0, 0.124994, 0.0, -0.999999, 1e-06, -0.002831, -0.0, -0.0, -1.0, -1.2e-05, 0.0, 0.0, 0.0, 1.0]
            ]
        },
        {
            "name": "Leg_R",
            "time": [0.0, 1.4333],
            "transform": [
                [1.0, 0.0, 1e-06, -0.0, -0.0, 1.000001, 0.0, 0.37472, -1e-06, -0.0, 0.999999, 0.0, 0.0, 0.0, 0.0, 1.0],
                [1.0, 0.0, 1e-06, -0.0, -0.0, 1.000001, 0.0, 0.37472, -1e-06, -0.0, 0.999999, 0.0, 0.0, 0.0, 0.0, 1.0]
            ]
        },
        {
            "name": "Knee_R",
            "time": [0.0, 1.4333],
            "transform": [
                [1.0, 0.0, -0.0, -0.0, -0.0, 1e-06, -1.0, 0.37472, -0.0, 1.0, 1e-06, 0.0, 0.0, 0.0, 0.0, 1.0],
                [1.0, 0.0, -0.0, -0.0, -0.0, 1e-06, -1.0, 0.37472, -0.0, 1.0, 1e-06, 0.0, 0.0, 0.0, 0.0, 1.0]
            ]
        },
        {
            "name": "Thigh_L",
            "time": [0.0, 1.4333],
            "transform": [
                [1.0, -0.0, -0.0, -0.125006, 0.0, -1.0, 1e-06, -0.002831, -0.0, -0.0, -1.0, -1.2e-05, 0.0, 0.0, 0.0, 1.0],
                [1.0, -0.0, -0.0, -0.125006, 0.0, -1.0, 1e-06, -0.002831, -0.0, -0.0, -1.0, -1.2e-05, 0.0, 0.0, 0.0, 1.0]
            ]
        },
        {
            "name": "Leg_L",
            "time": [0.0, 1.4333],
            "transform": [
                [1.0, 0.0, 1e-06, -0.0, -0.0, 1.0, 0.0, 0.37472, -1e-06, -0.0, 1.0, 0.0, 0.0, 0.0, 0.0, 1.0],
                [1.0, 0.0, 1e-06, -0.0, -0.0, 1.0, 0.0, 0.37472, -1e-06, -0.0, 1.0, 0.0, 0.0, 0.0, 0.0, 1.0]
            ]
        },
        {
            "name": "Knee_L",
            "time": [0.0, 1.4333],
            "transform": [
                [1.0, 0.0, -0.0, -0.0, -0.0, 1e-06, -1.0, 0.37472, -0.0, 1.0, 1e-06, 0.0, 0.0, 0.0, 0.0, 1.0],
                [1.0, 0.0, -0.0, -0.0, -0.0, 1e-06, -1.0, 0.37472, -0.0, 1.0, 1e-06, 0.0, 0.0, 0.0, 0.0, 1.0]
            ]
        },
        {
            "name": "Torso",
            "time": [0.0, 1.4333],
            "transform": [
                [1.0, 0.0, 0.0, 0.0, 0.0, 1.0, 0.0, 0.05, 0.0, 0.0, 1.0, 0.0, 0.0, 0.0, 0.0, 1.0],
                [1.0, 0.0, 0.0, 0.0, 0.0, 1.0, 0.0, 0.05, 0.0, 0.0, 1.0, 0.0, 0.0, 0.0, 0.0, 1.0]
            ]
        },
        {
            "name": "Chest",
            "time": [0.0, 0.1, 0.4333, 0.9333, 1.1, 1.2667, 1.4333],
            "transform": [
                [1.0, 0.0, 0.0, 0.0, 0.0, 1.0, 0.0, 0.3, 0.0, 0.0, 1.0, 0.0, 0.0, 0.0, 0.0, 1.0],
                [1.0, 0.0, 0.0, 0.0, 0.0, 1.0, 0.0, 0.3, 0.0, 0.0, 1.0, 0.0, 0.0, 0.0, 0.0, 1.0],
                [1.0, 0.0, 0.0, 0.0, 0.0, 0.983177, -0.182655, 0.3, 0.0, 0.182655, 0.983177, 0.0, 0.0, 0.0, 0.0, 1.0],
                [1.0, 0.0, 0.0, 0.0, 0.0, 0.949527, -0.313684, 0.3, 0.0, 0.313684, 0.949527, 0.0, 0.0, 0.0, 0.0, 1.0],
                [1.0, 0.0, 0.0, 0.0, 0.0, 0.953662, -0.30088, 0.3, 0.0, 0.30088, 0.953662, 0.0, 0.0, 0.0, 0.0, 1.0],
                [1.0, 0.0, 0.0, 0.0, 0.0, 0.968961, -0.247212, 0.3, 0.0, 0.247212, 0.968961, 0.0, 0.0, 0.0, 0.0, 1.0],
                [1.0, 0.0, 0.0, 0.0, 0.0, 0.968961, -0.247212, 0.3, 0.0, 0.247212, 0.968961, 0.0, 0.0, 0.0, 0.0, 1.0]
            ]
        },
        {
            "name": "Head",
            "time": [0.0, 0.1, 0.4333, 0.9333, 1.1, 1.2667, 1.4333],
            "transform": [
                [1.0, 0.0, 0.0, 0.0, 0.0, 0.969819, 0.243828, 0.4, 0.0, -0.243828, 0.969819, 0.0, 0.0, 0.0, 0.0, 1.0],
                [1.0, 0.0, 0.0, 0.0, 0.0, 0.969819, 0.243828, 0.4, 0.0, -0.243828, 0.969819, 0.0, 0.0, 0.0, 0.0, 1.0],
                [1.0, 0.0, 0.0, 0.0, 0.0, 0.998518, -0.054429, 0.4, 0.0, 0.054429, 0.998518, 0.0, 0.0, 0.0, 0.0, 1.0],
                [1.0, 0.0, 0.0, 0.0, 0.0, 0.986827, -0.161778, 0.4, 0.0, 0.161778, 0.986827, 0.0, 0.0, 0.0, 0.0, 1.0],
                [1.0, 0.0, 0.0, 0.0, 0.0, 0.906539, -0.422122, 0.4, 0.0, 0.422122, 0.906539, -0.0, 0.0, 0.0, 0.0, 1.0],
                [1.0, 0.0, 0.0, 0.0, 0.0, 0.986827, -0.161778, 0.4, 0.0, 0.161778, 0.986827, 0.0, 0.0, 0.0, 0.0, 1.0],
                [1.0, 0.0, 0.0, 0.0, 0.0, 0.986827, -0.161778, 0.4, 0.0, 0.161778, 0.986827, 0.0, 0.0, 0.0, 0.0, 1.0]
            ]
        },
        {
            "name": "Shoulder_R",
            "time": [0.0, 1.4333],
            "transform": [
                [0.0, 0.952114, 0.305743, 0.0, 0.0, -0.305743, 0.952114, 0.4, 1.0, 0.0, -0.0, 0.0, 0.0, 0.0, 0.0, 1.0],
                [0.0, 0.952114, 0.305743, 0.0, 0.0, -0.305743, 0.952114, 0.4, 1.0, 0.0, -0.0, 0.0, 0.0, 0.0, 0.0, 1.0]
            ]
        },
        {
            "name": "Arm_R",
            "time": [0.0, 0.1, 0.4333, 0.9333, 1.1, 1.2667, 1.4333],
            "transform": [
                [-0.571174, -0.761739, -0.305801, -0.0, -0.069945, 0.416364, -0.906503, 0.39386, 0.817843, -0.496382, -0.291097, 0.0, 0.0, 0.0, 0.0, 1.0],
                [-0.508486, -0.678136, -0.530635, -0.0, 0.058477, 0.587632, -0.807012, 0.39386, 0.859082, -0.441384, -0.259148, 0.0, 0.0, 0.0, 0.0, 1.0],
                [0.19701, -0.946383, -0.25602, -0.0, -0.266262, 0.199675, -0.942992, 0.393861, 0.943553, 0.253947, -0.212648, 0.0, 0.0, 0.0, 0.0, 1.0],
                [0.42735, -0.896053, -0.120255, 0.0, -0.285628, -0.007613, -0.95831, 0.393861, 0.857781, 0.443882, -0.259191, -0.0, 0.0, 0.0, 0.0, 1.0],
                [0.655492, -0.748101, -0.103318, 0.0, -0.240105, -0.076734, -0.967709, 0.39386, 0.716016, 0.659133, -0.229921, -0.0, 0.0, 0.0, 0.0, 1.0],
                [0.42735, -0.896053, -0.120255, 0.0, -0.285628, -0.007613, -0.958311, 0.393861, 0.857781, 0.443882, -0.259191, 0.0, 0.0, 0.0, 0.0, 1.0],
                [0.42735, -0.896053, -0.120255, 0.0, -0.285628, -0.007613, -0.958311, 0.393861, 0.857781, 0.443882, -0.259191, 0.0, 0.0, 0.0, 0.0, 1.0]
            ]
        },
        {
            "name": "Hand_R",
            "time": [0.0, 1.4333],
            "transform": [
                [1.003844, -0.0, 0.0, -0.0, 0.0, 0.109316, -0.98823, 0.3, 0.0, 0.988229, 0.109316, 0.0, 0.0, 0.0, 0.0, 1.0],
                [1.003844, -0.0, 0.0, -0.0, 0.0, 0.109316, -0.98823, 0.3, 0.0, 0.988229, 0.109316, 0.0, 0.0, 0.0, 0.0, 1.0]
            ]
        },
        {
            "name": "Tool_R",
            "time": [0.0, 0.1, 0.4333, 1.4333],
            "transform": [
                [-0.005916, -0.994179, -0.107582, 0.072456, -0.992134, -0.007616, 0.124946, 0.380256, -0.124974, 0.107411, -0.985728, 0.01245, 0.0, 0.0, 0.0, 1.0],
                [-0.005916, -0.994179, -0.107582, 0.072456, -0.992134, -0.007616, 0.124946, 0.380256, -0.124974, 0.107411, -0.985728, 0.01245, 0.0, 0.0, 0.0, 1.0],
                [0.043938, -0.843752, -0.534932, 0.072456, -0.989433, -0.11081, 0.093511, 0.380256, -0.138105, 0.524858, -0.839206, 0.01245, 0.0, 0.0, 0.0, 1.0],
                [0.043938, -0.843752, -0.534932, 0.072456, -0.989433, -0.11081, 0.093511, 0.380256, -0.138105, 0.524859, -0.839206, 0.01245, 0.0, 0.0, 0.0, 1.0]
            ]
        },
        {
            "name": "Elbow_R",
            "time": [0.0, 1.4333],
            "transform": [
                [-1.0, 0.0, 0.0, 0.001558, 0.0, 0.0, -1.0, 0.447128, -0.0, -1.0, 0.0, -0.000833, 0.0, 0.0, 0.0, 1.0],
                [-1.0, 0.0, 0.0, 0.001558, 0.0, -0.0, -1.0, 0.447128, -0.0, -1.0, 0.0, -0.000833, 0.0, 0.0, 0.0, 1.0]
            ]
        },
        {
            "name": "Shoulder_L",
            "time": [0.0, 1.4333],
            "transform": [
                [-0.0, -0.952114, -0.305743, 0.0, 0.0, -0.305743, 0.952114, 0.4, -1.0, 0.0, 0.0, 0.0, 0.0, 0.0, 0.0, 1.0],
                [-0.0, -0.952114, -0.305743, 0.0, 0.0, -0.305743, 0.952114, 0.4, -1.0, 0.0, 0.0, 0.0, 0.0, 0.0, 0.0, 1.0]
            ]
        },
        {
            "name": "Arm_L",
            "time": [0.0, 0.1, 0.4333, 0.9333, 1.4333],
            "transform": [
                [0.138041, 0.990427, -0.0, -0.0, 0.302816, -0.042205, -0.952114, 0.39386, -0.942999, 0.131431, -0.305743, 0.0, 0.0, 0.0, 0.0, 1.0],
                [0.114671, 0.822744, 0.556725, -0.0, 0.375987, 0.482786, -0.790918, 0.39386, -0.919502, 0.300017, -0.25398, 0.0, 0.0, 0.0, 0.0, 1.0],
                [0.056671, 0.226684, 0.972318, 0.0, -0.455935, 0.872278, -0.176787, 0.39386, -0.888207, -0.433295, 0.152786, -0.0, 0.0, 0.0, 0.0, 1.0],
                [0.12606, 0.097858, 0.987184, -0.0, -0.660454, 0.750801, 0.009912, 0.39386, -0.740209, -0.653239, 0.159277, 0.0, 0.0, 0.0, 0.0, 1.0],
                [0.12606, 0.097858, 0.987184, -0.0, -0.660454, 0.750801, 0.009912, 0.39386, -0.740209, -0.653239, 0.159277, -0.0, 0.0, 0.0, 0.0, 1.0]
            ]
        },
        {
            "name": "Hand_L",
            "time": [0.0, 1.4333],
            "transform": [
                [1.020763, -0.0, 0.0, 0.0, 0.0, 0.109947, -0.993937, 0.3, 0.0, 0.993937, 0.109947, 0.0, 0.0, 0.0, 0.0, 1.0],
                [1.020762, -0.0, 0.0, 0.0, 0.0, 0.109947, -0.993937, 0.3, 0.0, 0.993937, 0.109947, 0.0, 0.0, 0.0, 0.0, 1.0]
            ]
        },
        {
            "name": "Tool_L",
            "time": [0.0, 1.4333],
            "transform": [
                [1.0, 0.0, 0.0, -0.0, 0.0, -0.999836, 0.018122, 0.272858, 0.0, -0.018122, -0.999247, -0.0, 0.0, 0.0, 0.0, 1.0],
                [1.0, 0.0, 0.0, -0.0, 0.0, -0.999836, 0.018122, 0.272858, 0.0, -0.018122, -0.999247, 0.0, 0.0, 0.0, 0.0, 1.0]
            ]
        },
        {
            "name": "Elbow_L",
            "time": [0.0, 1.4333],
            "transform": [
                [-1.0, 0.0, -0.0, -0.003998, 0.0, -0.0, -1.0, 0.449686, -0.0, -1.0, -0.0, 0.000927, 0.0, 0.0, 0.0, 1.0],
                [-1.0, 0.0, -0.0, -0.003998, 0.0, -0.0, -1.0, 0.449686, -0.0, -1.0, -0.0, 0.000927, 0.0, 0.0, 0.0, 1.0]
            ]
        }
    ]
}