{
    "animation": [
        {
            "name": "Root",
            "time": [0.0, 0.1167, 0.25, 0.5, 0.65, 1.1, 2.0],
            "transform": [
                [0.978456, 0.160343, -0.130058, 0.0, -0.148622, 0.984285, 0.095362, -1.345899, 0.143305, -0.073978, 0.98691, 2.401968, 0.0, 0.0, 0.0, 1.0],
                [0.947522, 0.291997, -0.130152, 0.0, -0.264957, 0.945079, 0.191372, -1.728603, 0.178884, -0.146844, 0.97285, 2.237952, 0.0, 0.0, 0.0, 1.0],
                [0.939786, 0.316524, -0.128897, 0.0, -0.28619, 0.935005, 0.209431, -1.799854, 0.186809, -0.159932, 0.969291, 2.207416, 0.0, 0.0, 0.0, 1.0],
                [0.98135, -0.119359, -0.150686, 0.0, 0.135255, 0.985747, 0.10004, 0.003394, 0.136597, -0.118556, 0.983507, 2.401968, 0.0, 0.0, 0.0, 1.0],
                [0.849574, -0.478041, -0.222937, 0.0, 0.521533, 0.824529, 0.219443, 0.036576, 0.078916, -0.302702, 0.949812, 2.401968, 0.0, 0.0, 0.0, 1.0],
                [0.834133, -0.500697, -0.231355, 0.0, 0.546903, 0.805219, 0.229171, 0.054248, 0.071546, -0.317688, 0.945492, 2.401968, 0.0, 0.0, 0.0, 1.0],
                [1.0, 0.0, 0.0, 0.0, 0.0, 0.995298, 0.096864, -1.268548, 0.0, -0.096864, 0.995298, 2.538529, 0.0, 0.0, 0.0, 1.0]
            ]
        },
        {
            "name": "Leg_Back_R1",
            "time": [0.0, 1.1, 2.0],
            "transform": [
                [0.764398, 0.566969, 0.306986, 0.999854, -0.438404, 0.107942, 0.892272, 0.352899, 0.472754, -0.816635, 0.331072, -0.092456, 0.0, 0.0, 0.0, 1.0],
                [0.764398, 0.566969, 0.306986, 0.999854, -0.438404, 0.107942, 0.892272, 0.3529, 0.472754, -0.816635, 0.331072, -0.092455, 0.0, 0.0, 0.0, 1.0],
                [0.965273, 0.259488, 0.030232, 0.999855, -0.122803, 0.348558, 0.929207, 0.086326, 0.23058, -0.900651, 0.368319, -0.271295, 0.0, 0.0, 0.0, 1.0]
            ]
        },
        {
            "name": "Leg_Back_R2",
            "time": [0.0, 1.1, 2.0],
            "transform": [
                [0.943433, -0.297213, -0.146965, -0.0, 0.159399, 0.017899, 0.987052, 1.692269, -0.290734, -0.954643, 0.064261, 0.0, 0.0, 0.0, 0.0, 1.0],
                [0.920952, -0.377226, -0.097716, -0.0, 0.158328, 0.133102, 0.978374, 1.692268, -0.356062, -0.916507, 0.182306, -0.0, 0.0, 0.0, 0.0, 1.0],
                [0.984145, -0.147824, -0.098016, 0.0, 0.080652, -0.11921, 0.989588, 1.692268, -0.15797, -0.981803, -0.105398, 0.0, 0.0, 0.0, 0.0, 1.0]
            ]
        },
        {
            "name": "Leg_Back_R3",
            "time": [0.0, 1.1, 2.0],
            "transform": [
                [0.925996, 0.076305, 0.369741, 0.0, 0.26118, -0.836658, -0.481445, 2.159911, 0.27261, 0.542385, -0.794671, 0.0, 0.0, 0.0, 0.0, 1.0],
                [0.884809, 0.10974, 0.452847, 0.0, 0.30321, -0.873554, -0.380746, 2.159911, 0.353803, 0.474195, -0.806203, 0.0, 0.0, 0.0, 0.0, 1.0],
                [0.99576, -0.075184, 0.053, -0.0, -0.043857, -0.894492, -0.444927, 2.159911, 0.080859, 0.440716, -0.893997, -0.0, 0.0, 0.0, 0.0, 1.0]
            ]
        },
        {
            "name": "Leg_Back_L1",
            "time": [0.0, 0.1167, 0.25, 0.4, 0.5, 0.65, 1.1, 2.0],
            "transform": [
                [0.782724, -0.61954, -0.059263, -0.999947, 0.5739, 0.681649, 0.453865, 0.352899, -0.240791, -0.389261, 0.889097, -0.092457, 0.0, 0.0, 0.0, 1.0],
                [0.786784, -0.611385, 0.084724, -0.999947, 0.571382, 0.773364, 0.274643, 0.352899, -0.233434, -0.167675, 0.957806, -0.092457, 0.0, 0.0, 0.0, 1.0],
                [0.793644, -0.588534, 0.154127, -0.999948, 0.569758, 0.807841, 0.150892, 0.352899, -0.213315, -0.031939, 0.976461, -0.092457, 0.0, 0.0, 0.0, 1.0],
                [0.792005, -0.593203, 0.14435, -0.999948, 0.564815, 0.801701, 0.1956, 0.352899, -0.231755, -0.073385, 0.970001, -0.092458, 0.0, 0.0, 0.0, 1.0],
                [0.861917, -0.495057, -0.109623, -0.999948, 0.506724, 0.833258, 0.221161, 0.3529, -0.018142, -0.24617, 0.969056, -0.092457, 0.0, 0.0, 0.0, 1.0],
                [0.920282, -0.381858, -0.085238, -0.999948, 0.371979, 0.921465, -0.111959, 0.3529, 0.121297, 0.071327, 0.990049, -0.092456, 0.0, 0.0, 0.0, 1.0],
                [0.920282, -0.381858, -0.085238, -0.999948, 0.371979, 0.921465, -0.111959, 0.3529, 0.121297, 0.071328, 0.990049, -0.092456, 0.0, 0.0, 0.0, 1.0],
                [0.951026, -0.303076, -0.060767, -0.999947, 0.296791, 0.950254, -0.094508, 0.086326, 0.086388, 0.071845, 0.993667, -0.271296, 0.0, 0.0, 0.0, 1.0]
            ]
        },
        {
            "name": "Leg_Back_L2",
            "time": [0.0, 0.1167, 0.25, 0.4, 0.5, 0.65, 1.1, 2.0],
            "transform": [
                [1.0, 0.0, -1e-06, 0.0, 1e-06, -0.443964, 0.896045, 1.692269, -0.0, -0.896045, -0.443964, 0.0, 0.0, 0.0, 0.0, 1.0],
                [1.0, 0.0, -1e-06, 0.0, 1e-06, -0.555181, 0.83173, 1.692269, -1e-06, -0.83173, -0.555181, 0.0, 0.0, 0.0, 0.0, 1.0],
                [1.0, 0.0, -1e-06, -0.0, 1e-06, -0.607799, 0.794091, 1.692269, -1e-06, -0.794091, -0.607799, 0.0, 0.0, 0.0, 0.0, 1.0],
                [0.999383, 0.030674, 0.017079, -0.0, 0.002387, -0.544714, 0.838619, 1.692268, 0.035027, -0.838061, -0.544452, -0.0, 0.0, 0.0, 0.0, 1.0],
                [0.999467, -0.0204, -0.025465, -0.0, 0.012559, -0.479796, 0.87729, 1.692268, -0.030114, -0.877143, -0.479285, -0.0, 0.0, 0.0, 0.0, 1.0],
                [1.0, 0.0, -1e-06, -0.0, 1e-06, -0.482527, 0.875881, 1.692269, -0.0, -0.875881, -0.482527, 0.0, 0.0, 0.0, 0.0, 1.0],
                [1.0, -0.0, -1e-06, 0.0, 1e-06, -0.482527, 0.875882, 1.692269, -0.0, -0.875882, -0.482527, 0.0, 0.0, 0.0, 0.0, 1.0],
                [1.0, 0.0, 0.0, 0.0, -0.0, -0.226321, 0.974053, 1.692269, 0.0, -0.974053, -0.226321, 0.0, 0.0, 0.0, 0.0, 1.0]
            ]
        },
        {
            "name": "Leg_Back_L3",
            "time": [0.0, 0.1167, 0.25, 0.4, 0.5, 0.65, 1.1, 2.0],
            "transform": [
                [0.98576, 0.008836, -0.167926, 0.0, -0.08113, -0.849717, -0.520959, 2.159911, -0.147293, 0.527165, -0.8369, 0.0, 0.0, 0.0, 0.0, 1.0],
                [0.987451, 0.017929, -0.156905, 0.0, -0.075063, -0.820846, -0.566195, 2.15991, -0.138947, 0.570867, -0.8092, 0.0, 0.0, 0.0, 0.0, 1.0],
                [0.988625, 0.021352, -0.14888, 0.0, -0.071051, -0.806151, -0.587429, 2.159911, -0.132563, 0.591325, -0.795464, 0.0, 0.0, 0.0, 0.0, 1.0],
                [0.989946, 0.031869, -0.137811, 0.0, -0.064791, -0.763902, -0.642071, 2.159911, -0.125736, 0.644545, -0.754157, -0.0, 0.0, 0.0, 0.0, 1.0],
                [0.999935, 0.008376, 0.007759, -0.0, 0.011354, -0.800752, -0.598889, 2.159911, 0.001197, 0.598938, -0.800795, 0.0, 0.0, 0.0, 0.0, 1.0],
                [0.998237, 0.004611, 0.059172, 0.0, 0.045811, -0.693729, -0.718778, 2.159911, 0.037735, 0.720221, -0.692717, 0.0, 0.0, 0.0, 0.0, 1.0],
                [0.998237, 0.004611, 0.059172, 0.0, 0.045811, -0.693729, -0.718778, 2.159911, 0.037735, 0.720221, -0.692717, 0.0, 0.0, 0.0, 0.0, 1.0],
                [0.982618, 0.177312, 0.054977, 0.0, 0.097299, -0.239702, -0.965958, 2.15991, -0.158098, 0.954517, -0.252788, 0.0, 0.0, 0.0, 0.0, 1.0]
            ]
        },
        {
            "name": "Torso",
            "time": [0.0, 0.4, 0.5, 0.65, 1.1, 2.0],
            "transform": [
                [0.998477, -0.003427, 0.055069, 0.0, 0.007724, 0.996923, -0.078006, 0.273754, -0.054632, 0.078313, 0.995431, -0.0, 0.0, 0.0, 0.0, 1.0],
                [0.998477, -0.003427, 0.055069, 0.0, 0.007724, 0.996923, -0.078007, 0.273754, -0.054633, 0.078313, 0.995431, -0.0, 0.0, 0.0, 0.0, 1.0],
                [0.998477, -0.003427, 0.055069, -0.0, 0.007724, 0.996923, -0.078006, 0.273754, -0.054632, 0.078312, 0.995431, -0.0, 0.0, 0.0, 0.0, 1.0],
                [0.998477, -0.003427, 0.055069, 0.0, 0.007724, 0.996923, -0.078007, 0.273754, -0.054633, 0.078314, 0.995431, -0.0, 0.0, 0.0, 0.0, 1.0],
                [0.998477, -0.003427, 0.055069, 0.0, 0.007724, 0.996923, -0.078007, 0.273754, -0.054633, 0.078314, 0.995431, 0.0, 0.0, 0.0, 0.0, 1.0],
                [1.0, 0.0, 0.0, 0.0, 0.0, 0.995501, -0.094747, 0.273754, 0.0, 0.094747, 0.995501, -0.0, 0.0, 0.0, 0.0, 1.0]
            ]
        },
        {
            "name": "Tail1",
            "time": [0.0, 0.5, 0.65, 1.1, 2.0],
            "transform": [
                [-0.917012, -0.373636, -0.13959, 1e-06, 0.388043, -0.916676, -0.095543, -0.516187, -0.09226, -0.141781, 0.985589, 0.429314, 0.0, 0.0, 0.0, 1.0],
                [-0.919072, -0.370817, -0.133425, 1e-06, 0.380224, -0.923386, -0.052806, -0.516187, -0.103621, -0.099264, 0.989651, 0.429314, 0.0, 0.0, 0.0, 1.0],
                [-0.895205, -0.404273, -0.187541, 1e-06, 0.43556, -0.882746, -0.176203, -0.516187, -0.094317, -0.239424, 0.966323, 0.429315, 0.0, 0.0, 0.0, 1.0],
                [-0.896188, -0.375643, -0.236092, 1e-06, 0.428305, -0.871331, -0.239452, -0.516188, -0.115766, -0.315714, 0.941766, 0.429315, 0.0, 0.0, 0.0, 1.0],
                [-0.993934, -0.10895, -0.015013, -0.0, 0.10948, -0.993154, -0.040727, -0.516188, -0.010473, -0.042123, 0.999057, 0.429315, 0.0, 0.0, 0.0, 1.0]
            ]
        },
        {
            "name": "Tail2",
            "time": [0.0, 0.5, 0.65, 1.1, 2.0],
            "transform": [
                [0.996136, -0.083129, -0.028326, 0.0, 0.087139, 0.975732, 0.200882, 0.615504, 0.010939, -0.202574, 0.979206, -0.0, 0.0, 0.0, 0.0, 1.0],
                [0.996136, -0.08313, -0.028326, -0.0, 0.08714, 0.975732, 0.200881, 0.615504, 0.010939, -0.202573, 0.979206, 0.0, 0.0, 0.0, 0.0, 1.0],
                [0.996135, -0.08313, -0.028326, 0.0, 0.087139, 0.975732, 0.200881, 0.615504, 0.010939, -0.202573, 0.979206, 0.0, 0.0, 0.0, 0.0, 1.0],
                [0.996136, -0.08313, -0.028326, 0.0, 0.087139, 0.975732, 0.200881, 0.615504, 0.010939, -0.202573, 0.979206, 0.0, 0.0, 0.0, 0.0, 1.0],
                [0.999239, -0.038748, 0.004275, 0.0, 0.037595, 0.986838, 0.157282, 0.615504, -0.010313, -0.157002, 0.987544, 0.0, 0.0, 0.0, 0.0, 1.0]
            ]
        },
        {
            "name": "Tail3",
            "time": [0.0, 0.5, 0.65, 1.1, 2.0],
            "transform": [
                [0.998708, -0.045734, -0.02212, -0.0, 0.048879, 0.983707, 0.173006, 0.624616, 0.013847, -0.173864, 0.984672, -0.0, 0.0, 0.0, 0.0, 1.0],
                [0.998708, -0.045735, -0.02212, 0.0, 0.04888, 0.983707, 0.173006, 0.624616, 0.013847, -0.173864, 0.984672, -0.0, 0.0, 0.0, 0.0, 1.0],
                [0.998708, -0.045735, -0.02212, -0.0, 0.048879, 0.983707, 0.173004, 0.624616, 0.013847, -0.173862, 0.984672, -0.0, 0.0, 0.0, 0.0, 1.0],
                [0.998708, -0.045735, -0.02212, 0.0, 0.048879, 0.983707, 0.173003, 0.624616, 0.013847, -0.173861, 0.984672, 0.0, 0.0, 0.0, 0.0, 1.0],
                [0.999581, -0.028935, 0.000441, 0.0, 0.028571, 0.989204, 0.14373, 0.624616, -0.004595, -0.143658, 0.989616, 0.0, 0.0, 0.0, 0.0, 1.0]
            ]
        },
        {
            "name": "Tail4",
            "time": [0.0, 0.5, 0.65, 1.1, 2.0],
            "transform": [
                [0.999748, -0.01547, -0.016238, 0.0, 0.017276, 0.992891, 0.117765, 0.62624, 0.014301, -0.118016, 0.992908, -0.0, 0.0, 0.0, 0.0, 1.0],
                [0.999748, -0.01547, -0.016238, 0.0, 0.017277, 0.992891, 0.117765, 0.62624, 0.014301, -0.118016, 0.992909, 0.0, 0.0, 0.0, 0.0, 1.0],
                [0.999748, -0.01547, -0.016238, 0.0, 0.017277, 0.992891, 0.117765, 0.62624, 0.014301, -0.118016, 0.992909, -0.0, 0.0, 0.0, 0.0, 1.0],
                [0.999748, -0.01547, -0.016238, -0.0, 0.017277, 0.992891, 0.117765, 0.62624, 0.014301, -0.118016, 0.992909, 0.0, 0.0, 0.0, 0.0, 1.0],
                [0.99978, -0.020825, -0.002254, -0.0, 0.020946, 0.992751, 0.118343, 0.62624, -0.000227, -0.118364, 0.99297, -0.0, 0.0, 0.0, 0.0, 1.0]
            ]
        },
        {
            "name": "Tail5",
            "time": [0.0, 0.1167, 0.25, 0.4, 0.5, 0.65, 1.1, 2.0],
            "transform": [
                [0.999902, 0.00749, -0.011841, 0.0, -0.006899, 0.998766, 0.049183, 0.624649, 0.012195, -0.049097, 0.99872, -0.0, 0.0, 0.0, 0.0, 1.0],
                [0.999902, 0.007489, -0.011841, -0.0, -0.006899, 0.998766, 0.049181, 0.624649, 0.012195, -0.049094, 0.99872, -0.0, 0.0, 0.0, 0.0, 1.0],
                [0.999902, 0.007489, -0.011841, -0.0, -0.006898, 0.998766, 0.04918, 0.624649, 0.012194, -0.049093, 0.99872, -0.0, 0.0, 0.0, 0.0, 1.0],
                [0.999902, 0.00749, -0.011841, -0.0, -0.006899, 0.998766, 0.049182, 0.624649, 0.012195, -0.049096, 0.99872, -0.0, 0.0, 0.0, 0.0, 1.0],
                [0.999902, 0.007489, -0.011841, 0.0, -0.006898, 0.998766, 0.049181, 0.624649, 0.012195, -0.049095, 0.99872, -0.0, 0.0, 0.0, 0.0, 1.0],
                [0.999902, 0.007489, -0.011841, 0.0, -0.006898, 0.998766, 0.049182, 0.624649, 0.012195, -0.049096, 0.99872, -0.0, 0.0, 0.0, 0.0, 1.0],
                [0.999902, 0.007489, -0.011841, 0.0, -0.006898, 0.998766, 0.049182, 0.624649, 0.012195, -0.049096, 0.99872, -0.0, 0.0, 0.0, 0.0, 1.0],
                [0.99989, -0.01439, -0.003578, 0.0, 0.014639, 0.996391, 0.083607, 0.624649, 0.002362, -0.08365, 0.996493, -0.0, 0.0, 0.0, 0.0, 1.0]
            ]
        },
        {
            "name": "Tail6",
            "time": [0.0, 0.5, 0.65, 1.1, 2.0],
            "transform": [
                [0.999675, 0.023808, -0.009109, -0.0, -0.023857, 0.999702, -0.005212, 0.623273, 0.008982, 0.005428, 0.999945, -0.0, 0.0, 0.0, 0.0, 1.0],
                [0.999675, 0.023808, -0.009099, -0.0, -0.023856, 0.999702, -0.005207, 0.623273, 0.008973, 0.005422, 0.999945, -0.0, 0.0, 0.0, 0.0, 1.0],
                [0.999675, 0.023808, -0.009099, -0.0, -0.023856, 0.999702, -0.005207, 0.623273, 0.008973, 0.005422, 0.999945, -0.0, 0.0, 0.0, 0.0, 1.0],
                [0.999675, 0.023808, -0.009099, 0.0, -0.023856, 0.999702, -0.005207, 0.623273, 0.008972, 0.005422, 0.999945, 0.0, 0.0, 0.0, 0.0, 1.0],
                [0.999947, -0.009603, -0.003773, 0.0, 0.009756, 0.999036, 0.042804, 0.623273, 0.003359, -0.042839, 0.999076, 0.0, 0.0, 0.0, 0.0, 1.0]
            ]
        },
        {
            "name": "Tail7",
            "time": [0.0, 0.5, 1.1, 2.0],
            "transform": [
                [0.999392, 0.034082, -0.007341, 0.0, -0.03443, 0.997941, -0.054116, 0.625387, 0.005481, 0.054336, 0.998508, 0.0, 0.0, 0.0, 0.0, 1.0],
                [0.999392, 0.034081, -0.007341, 0.0, -0.034429, 0.997941, -0.054116, 0.625387, 0.005482, 0.054336, 0.998508, -0.0, 0.0, 0.0, 0.0, 1.0],
                [0.999392, 0.034081, -0.007341, -0.0, -0.034429, 0.997941, -0.054116, 0.625387, 0.005482, 0.054336, 0.998508, -0.0, 0.0, 0.0, 0.0, 1.0],
                [0.999975, -0.006272, -0.003228, 0.0, 0.006271, 0.99998, -0.00027, 0.625387, 0.003229, 0.00025, 0.999995, 0.0, 0.0, 0.0, 0.0, 1.0]
            ]
        },
        {
            "name": "Tail8",
            "time": [0.0, 0.5, 0.65, 1.1, 2.0],
            "transform": [
                [0.999228, 0.038854, -0.005827, 0.0, -0.039227, 0.994945, -0.092443, 0.625387, 0.002206, 0.0926, 0.995701, 0.0, 0.0, 0.0, 0.0, 1.0],
                [0.999228, 0.038854, -0.005827, 0.0, -0.039227, 0.994945, -0.092443, 0.625387, 0.002206, 0.0926, 0.995701, -0.0, 0.0, 0.0, 0.0, 1.0],
                [0.999228, 0.038854, -0.005827, -0.0, -0.039227, 0.994945, -0.092442, 0.625387, 0.002206, 0.092599, 0.995701, 0.0, 0.0, 0.0, 0.0, 1.0],
                [0.999228, 0.038854, -0.005827, -0.0, -0.039227, 0.994945, -0.092441, 0.625387, 0.002206, 0.092599, 0.995701, -0.0, 0.0, 0.0, 0.0, 1.0],
                [0.999989, -0.004091, -0.002437, -0.0, 0.003987, 0.999148, -0.04108, 0.625387, 0.002603, 0.04107, 0.999153, -0.0, 0.0, 0.0, 0.0, 1.0]
            ]
        },
        {
            "name": "Tail9",
            "time": [0.0, 0.5, 0.65, 1.1, 2.0],
            "transform": [
                [0.999244, 0.038637, -0.004295, -0.0, -0.038874, 0.992236, -0.118136, 0.624782, -0.000303, 0.118213, 0.992988, 0.0, 0.0, 0.0, 0.0, 1.0],
                [0.999244, 0.038637, -0.004295, 0.0, -0.038874, 0.992236, -0.118137, 0.624782, -0.000303, 0.118215, 0.992988, -0.0, 0.0, 0.0, 0.0, 1.0],
                [0.999244, 0.038637, -0.004295, 0.0, -0.038874, 0.992236, -0.118137, 0.624782, -0.000303, 0.118214, 0.992988, 0.0, 0.0, 0.0, 0.0, 1.0],
                [0.999244, 0.038637, -0.004295, 0.0, -0.038874, 0.992236, -0.118137, 0.624782, -0.000303, 0.118214, 0.992988, 0.0, 0.0, 0.0, 0.0, 1.0],
                [0.999995, -0.002683, -0.001568, 0.0, 0.002557, 0.997178, -0.075023, 0.624781, 0.001765, 0.075018, 0.997181, 0.0, 0.0, 0.0, 0.0, 1.0]
            ]
        },
        {
            "name": "Tail10",
            "time": [0.0, 0.5, 0.65, 1.1, 2.0],
            "transform": [
                [0.999423, 0.033851, -0.002965, 0.0, -0.033938, 0.989993, -0.136971, 0.625861, -0.001701, 0.136992, 0.990571, 0.0, 0.0, 0.0, 0.0, 1.0],
                [0.999423, 0.033851, -0.002965, -0.0, -0.033938, 0.989993, -0.136972, 0.62586, -0.001701, 0.136993, 0.99057, -0.0, 0.0, 0.0, 0.0, 1.0],
                [0.999422, 0.03385, -0.002965, -0.0, -0.033937, 0.989994, -0.13697, 0.62586, -0.001701, 0.136992, 0.990571, 0.0, 0.0, 0.0, 0.0, 1.0],
                [0.999423, 0.03385, -0.002965, 0.0, -0.033937, 0.989994, -0.13697, 0.62586, -0.001701, 0.136991, 0.990571, -1e-06, 0.0, 0.0, 0.0, 1.0],
                [0.999998, -0.001725, -0.000836, 0.0, 0.001635, 0.995178, -0.098071, 0.62586, 0.001001, 0.09807, 0.995179, 0.0, 0.0, 0.0, 0.0, 1.0]
            ]
        },
        {
            "name": "Tail11",
            "time": [0.0, 0.5, 0.65, 1.1, 2.0],
            "transform": [
                [0.999683, 0.025106, -0.001555, -0.0, -0.025104, 0.991868, -0.124767, 0.625141, -0.00159, 0.124767, 0.992185, 0.0, 0.0, 0.0, 0.0, 1.0],
                [0.999683, 0.025106, -0.001555, -0.0, -0.025104, 0.991868, -0.124767, 0.625141, -0.00159, 0.124767, 0.992185, 0.0, 0.0, 0.0, 0.0, 1.0],
                [0.999683, 0.025106, -0.001555, 0.0, -0.025104, 0.991868, -0.124767, 0.62514, -0.00159, 0.124766, 0.992185, -0.0, 0.0, 0.0, 0.0, 1.0],
                [0.999683, 0.025106, -0.001555, 0.0, -0.025104, 0.991868, -0.124767, 0.625141, -0.00159, 0.124766, 0.992185, 0.0, 0.0, 0.0, 0.0, 1.0],
                [0.999999, -0.001021, -0.000344, 0.0, 0.000979, 0.994279, -0.106808, 0.625141, 0.000451, 0.106807, 0.99428, 0.0, 0.0, 0.0, 0.0, 1.0]
            ]
        },
        {
            "name": "Tail12",
            "time": [0.0, 0.5, 0.65, 1.1, 2.0],
            "transform": [
                [0.99991, 0.01332, -0.000981, 0.0, -0.013305, 0.98698, -0.160294, 0.624677, -0.001167, 0.160293, 0.987069, 0.0, 0.0, 0.0, 0.0, 1.0],
                [0.999911, 0.013319, -0.000981, 0.0, -0.013304, 0.98698, -0.160294, 0.624676, -0.001167, 0.160293, 0.987069, -0.0, 0.0, 0.0, 0.0, 1.0],
                [0.999911, 0.01332, -0.000981, -0.0, -0.013305, 0.98698, -0.160294, 0.624677, -0.001167, 0.160293, 0.987069, -0.0, 0.0, 0.0, 0.0, 1.0],
                [0.999911, 0.01332, -0.000981, 0.0, -0.013305, 0.98698, -0.160294, 0.624676, -0.001167, 0.160292, 0.987069, 0.0, 0.0, 0.0, 0.0, 1.0],
                [1.0, -0.000481, -4.6e-05, -0.0, 0.000456, 0.971271, -0.237976, 0.624677, 0.000159, 0.237976, 0.971271, -0.0, 0.0, 0.0, 0.0, 1.0]
            ]
        },
        {
            "name": "Leg_Front_R1",
            "time": [0.0, 0.1167, 0.25, 0.4, 0.55, 0.65, 1.0, 1.1, 2.0],
            "transform": [
                [0.420088, 0.905697, 0.056917, 0.749746, 0.104486, -0.110575, 0.98836, 2.931932, 0.901448, -0.409251, -0.141084, -0.106381, 0.0, 0.0, 0.0, 1.0],
                [0.695148, 0.668272, 0.264917, 0.749746, 0.183706, -0.521426, 0.833287, 2.931933, 0.694997, -0.530591, -0.485234, -0.106382, 0.0, 0.0, 0.0, 1.0],
                [0.783534, 0.51837, 0.342589, 0.749746, 0.214997, -0.743486, 0.633249, 2.931933, 0.582967, -0.422517, -0.693994, -0.106381, 0.0, 0.0, 0.0, 1.0],
                [-0.024165, 0.997996, 0.058483, 0.765285, 0.155054, -0.05405, 0.986426, 3.06702, 0.98761, 0.032905, -0.153437, -0.102397, 0.0, 0.0, 0.0, 1.0],
                [0.560665, 0.348313, -0.75122, 0.773766, -0.148567, 0.934817, 0.32256, 3.317028, 0.814605, -0.069242, 0.575867, -0.095836, 0.0, 0.0, 0.0, 1.0],
                [0.915673, -0.260359, -0.306197, 0.775642, 0.336936, 0.912593, 0.23162, 3.423624, 0.219129, -0.315256, 0.923361, -0.093108, 0.0, 0.0, 0.0, 1.0],
                [0.759169, -0.466158, -0.454267, 0.775706, 0.616283, 0.739343, 0.271233, 3.437654, 0.209422, -0.485868, 0.848572, -0.092757, 0.0, 0.0, 0.0, 1.0],
                [0.759169, -0.466158, -0.454267, 0.775706, 0.616283, 0.739343, 0.271232, 3.437654, 0.209422, -0.485868, 0.848572, -0.092757, 0.0, 0.0, 0.0, 1.0],
                [0.970296, 0.133087, -0.202024, 0.749746, 0.237462, -0.364348, 0.900479, 2.917176, 0.046235, -0.921703, -0.385128, -0.176387, 0.0, 0.0, 0.0, 1.0]
            ]
        },
        {
            "name": "Leg_Front_R2",
            "time": [0.0, 0.1167, 0.25, 0.4, 0.55, 0.65, 1.0, 1.1, 2.0],
            "transform": [
                [0.480618, 0.479262, 0.73438, 0.0, 0.129783, 0.789348, -0.600071, 1.253495, -0.867273, 0.383715, 0.317175, -0.0, 0.0, 0.0, 0.0, 1.0],
                [0.492264, 0.523521, 0.695415, -0.0, 0.172237, 0.724538, -0.667367, 1.253495, -0.853236, 0.448296, 0.266494, -0.0, 0.0, 0.0, 0.0, 1.0],
                [0.487069, 0.552773, 0.676169, 0.0, 0.18322, 0.692312, -0.69795, 1.253495, -0.853928, 0.463838, 0.235924, -0.0, 0.0, 0.0, 0.0, 1.0],
                [0.572921, 0.372158, 0.730246, 0.0, 0.104289, 0.850624, -0.515328, 1.253495, -0.812948, 0.371399, 0.448528, 0.0, 0.0, 0.0, 0.0, 1.0],
                [0.999994, -0.002039, -0.00286, -0.0, 0.002294, 0.995753, 0.092031, 1.253494, 0.00266, -0.092037, 0.995752, -0.0, 0.0, 0.0, 0.0, 1.0],
                [0.917002, -0.379854, -0.121731, 0.0, 0.248857, 0.783314, -0.56964, 1.253495, 0.311734, 0.492067, 0.812829, -0.0, 0.0, 0.0, 0.0, 1.0],
                [0.867024, -0.475905, -0.147592, -0.0, 0.307185, 0.743761, -0.59368, 1.253494, 0.392309, 0.469398, 0.791049, -0.0, 0.0, 0.0, 0.0, 1.0],
                [0.867024, -0.475905, -0.147592, 0.0, 0.307185, 0.743761, -0.59368, 1.253495, 0.392309, 0.469398, 0.79105, 0.0, 0.0, 0.0, 0.0, 1.0],
                [0.999591, 0.025416, -0.013122, 0.0, -0.021754, 0.377645, -0.925694, 1.253495, -0.018572, 0.925601, 0.378043, 0.0, 0.0, 0.0, 0.0, 1.0]
            ]
        },
        {
            "name": "Leg_Front_R3",
            "time": [0.0, 0.1167, 0.25, 0.4, 0.5, 0.55, 0.65, 1.0, 1.1, 2.0],
            "transform": [
                [-0.01208, 0.398949, 0.916894, 0.0, -0.08734, 0.913035, -0.39842, 1.488528, -0.996105, -0.084895, 0.023815, 0.0, 0.0, 0.0, 0.0, 1.0],
                [-0.916105, 0.346357, 0.201962, -0.0, 0.034278, 0.569539, -0.821249, 1.488528, -0.39947, -0.745428, -0.53363, 0.0, 0.0, 0.0, 0.0, 1.0],
                [-0.996361, 0.059065, 0.061452, 0.0, -0.005876, 0.671654, -0.740842, 1.488528, -0.085032, -0.738507, -0.668863, 0.0, 0.0, 0.0, 0.0, 1.0],
                [-0.787993, 0.404513, 0.464151, -0.0, 0.016239, 0.767271, -0.641117, 1.488528, -0.61547, -0.497658, -0.611173, -0.0, 0.0, 0.0, 0.0, 1.0],
                [0.837898, 0.432988, -0.332337, -0.0, -0.398815, 0.901355, 0.168836, 1.488528, 0.372658, -0.008926, 0.927926, 0.0, 0.0, 0.0, 0.0, 1.0],
                [0.918329, -0.114361, -0.378938, -0.0, 0.042599, 0.980347, -0.192626, 1.488528, 0.393519, 0.160752, 0.905153, 0.0, 0.0, 0.0, 0.0, 1.0],
                [0.130245, -0.495744, -0.858647, 0.0, -0.0893, 0.856638, -0.50813, 1.488528, 0.987452, 0.142859, 0.067303, 0.0, 0.0, 0.0, 0.0, 1.0],
                [0.05265, -0.532003, -0.845104, -0.0, -0.140811, 0.833867, -0.533702, 1.488528, 0.988636, 0.1471, -0.031009, -0.0, 0.0, 0.0, 0.0, 1.0],
                [0.05265, -0.532003, -0.845104, -0.0, -0.140811, 0.833867, -0.533702, 1.488528, 0.988636, 0.1471, -0.031009, -0.0, 0.0, 0.0, 0.0, 1.0],
                [0.970379, 0.227651, 0.080873, 0.0, -0.106393, 0.703234, -0.702952, 1.488528, -0.2169, 0.673526, 0.706624, -0.0, 0.0, 0.0, 0.0, 1.0]
            ]
        },
        {
            "name": "Leg_Front_L1",
            "time": [0.0, 0.1167, 0.25, 0.4, 0.65, 1.1, 2.0],
            "transform": [
                [0.96529, -0.207516, 0.158594, -0.749883, -0.161424, 0.003336, 0.98688, 2.931931, -0.205322, -0.978226, -0.030278, -0.106382, 0.0, 0.0, 0.0, 1.0],
                [0.930877, -0.315704, 0.183843, -0.749884, -0.135398, 0.169252, 0.976228, 2.931933, -0.339315, -0.93364, 0.114808, -0.106383, 0.0, 0.0, 0.0, 1.0],
                [0.894986, -0.40187, 0.193652, -0.749884, -0.083932, 0.274655, 0.957873, 2.931933, -0.438128, -0.873535, 0.212083, -0.106383, 0.0, 0.0, 0.0, 1.0],
                [0.922223, -0.228689, 0.311779, -0.749884, -0.385806, -0.490752, 0.781227, 2.931933, -0.025652, -0.840752, -0.540812, -0.106383, 0.0, 0.0, 0.0, 1.0],
                [0.907767, -0.403914, -0.11319, -0.749882, -0.349263, -0.877237, 0.329349, 2.931932, -0.232323, -0.25944, -0.937399, -0.106382, 0.0, 0.0, 0.0, 1.0],
                [0.90877, -0.401582, -0.113439, -0.749882, -0.352203, -0.883924, 0.307623, 2.931931, -0.223808, -0.239605, -0.944721, -0.106382, 0.0, 0.0, 0.0, 1.0],
                [0.976868, -0.13781, 0.163515, -0.749883, -0.213616, -0.593676, 0.775833, 2.917176, -0.009843, -0.792816, -0.609382, -0.176387, 0.0, 0.0, 0.0, 1.0]
            ]
        },
        {
            "name": "Leg_Front_L2",
            "time": [0.0, 0.1167, 0.25, 0.4, 0.65, 1.1, 2.0],
            "transform": [
                [0.99256, -0.116876, 0.034136, 0.0, 0.09624, 0.581328, -0.807957, 1.253495, 0.074586, 0.805231, 0.588251, -0.0, 0.0, 0.0, 0.0, 1.0],
                [0.90539, -0.4128, 0.099325, -0.0, 0.35139, 0.597212, -0.721015, 1.253495, 0.238317, 0.687701, 0.685764, 0.0, 0.0, 0.0, 0.0, 1.0],
                [0.867399, -0.466894, 0.172131, 0.0, 0.4407, 0.560128, -0.701455, 1.253495, 0.23109, 0.6843, 0.691615, -0.0, 0.0, 0.0, 0.0, 1.0],
                [0.685764, -0.622618, 0.376927, 0.0, 0.530323, 0.072755, -0.844668, 1.253495, 0.498483, 0.779136, 0.380082, 0.0, 0.0, 0.0, 0.0, 1.0],
                [0.911985, 0.211659, -0.351403, 0.0, -0.256295, -0.374868, -0.890947, 1.253495, -0.320307, 0.902593, -0.287627, 0.0, 0.0, 0.0, 0.0, 1.0],
                [0.907513, 0.222165, -0.356459, -0.0, -0.246238, -0.406122, -0.880018, 1.253494, -0.340275, 0.886401, -0.313855, 0.0, 0.0, 0.0, 0.0, 1.0],
                [0.999991, -0.000641, 0.004127, 0.0, 0.004136, 0.289174, -0.957268, 1.253495, -0.000579, 0.957276, 0.289174, -0.0, 0.0, 0.0, 0.0, 1.0]
            ]
        },
        {
            "name": "Leg_Front_L3",
            "time": [0.0, 0.1167, 0.25, 0.4, 0.65, 1.1, 2.0],
            "transform": [
                [0.976214, -0.021007, -0.21579, 0.0, -0.10924, 0.81207, -0.573245, 1.488528, 0.187279, 0.583182, 0.790459, 0.0, 0.0, 0.0, 0.0, 1.0],
                [0.854528, 0.018728, -0.519068, 0.0, -0.269678, 0.870091, -0.412572, 1.488528, 0.443909, 0.492535, 0.748568, -0.0, 0.0, 0.0, 0.0, 1.0],
                [0.765888, 0.06115, -0.64006, 0.0, -0.302915, 0.912389, -0.275298, 1.488528, 0.567149, 0.404732, 0.717311, 0.0, 0.0, 0.0, 0.0, 1.0],
                [0.704109, -0.290002, -0.648174, 0.0, -0.157273, 0.826444, -0.540608, 1.488528, 0.692457, 0.482587, 0.536297, -0.0, 0.0, 0.0, 0.0, 1.0],
                [0.975282, -0.031463, 0.21871, 0.0, 0.213711, 0.385793, -0.897492, 1.488528, -0.056139, 0.922049, 0.382981, 0.0, 0.0, 0.0, 0.0, 1.0],
                [0.970035, -0.02948, 0.241168, 0.0, 0.234127, 0.378675, -0.895427, 1.488528, -0.064928, 0.92506, 0.374231, -0.0, 0.0, 0.0, 0.0, 1.0],
                [0.976941, -0.213428, -0.005935, 0.0, 0.120129, 0.572432, -0.811105, 1.488528, 0.17651, 0.791688, 0.584871, -0.0, 0.0, 0.0, 0.0, 1.0]
            ]
        },
        {
            "name": "Wing_R1",
            "time": [0.0, 0.1167, 0.25, 0.4, 0.55, 0.8333, 1.1, 2.0],
            "transform": [
                [-0.484246, 0.584948, 0.650647, 0.749483, -0.671612, -0.725131, 0.152062, 2.856542, 0.560752, -0.363346, 0.744, 0.761098, 0.0, 0.0, 0.0, 1.0],
                [-0.484247, 0.584948, 0.650647, 0.749483, -0.671611, -0.725131, 0.152062, 2.856541, 0.560753, -0.363346, 0.744, 0.761097, 0.0, 0.0, 0.0, 1.0],
                [-0.484247, 0.584948, 0.650647, 0.749483, -0.671611, -0.725132, 0.152062, 2.856542, 0.560753, -0.363346, 0.744, 0.761097, 0.0, 0.0, 0.0, 1.0],
                [-0.484247, 0.584948, 0.650647, 0.749483, -0.671611, -0.725131, 0.152062, 2.856541, 0.560753, -0.363346, 0.744, 0.761097, 0.0, 0.0, 0.0, 1.0],
                [-0.53507, 0.485179, 0.691594, 0.748812, -0.591406, -0.799708, 0.103469, 2.84841, 0.603274, -0.35365, 0.714837, 0.778389, 0.0, 0.0, 0.0, 1.0],
                [-0.38137, 0.716228, 0.584444, 0.749483, -0.750431, -0.609059, 0.25671, 2.856539, 0.539824, -0.340683, 0.769757, 0.761097, 0.0, 0.0, 0.0, 1.0],
                [-0.38137, 0.716228, 0.584444, 0.749483, -0.750431, -0.609059, 0.25671, 2.85654, 0.539824, -0.340683, 0.769757, 0.761097, 0.0, 0.0, 0.0, 1.0],
                [-0.376968, 0.572061, 0.728451, 0.749813, -0.684114, -0.702158, 0.197389, 2.861322, 0.624407, -0.423934, 0.656046, 0.744816, 0.0, 0.0, 0.0, 1.0]
            ]
        },
        {
            "name": "Wing_R2",
            "time": [0.0, 0.1167, 0.25, 0.4, 0.5, 0.65, 1.1, 2.0],
            "transform": [
                [0.807048, 0.589641, -0.031572, -0.0, -0.59018, 0.807196, -0.011025, 3.499784, 0.018984, 0.027531, 0.999441, -0.0, 0.0, 0.0, 0.0, 1.0],
                [0.807048, 0.589641, -0.031568, 0.0, -0.59018, 0.807196, -0.011024, 3.499785, 0.018982, 0.027528, 0.999441, -0.0, 0.0, 0.0, 0.0, 1.0],
                [0.807048, 0.589641, -0.031567, -0.0, -0.59018, 0.807196, -0.011023, 3.499784, 0.018981, 0.027527, 0.999441, -0.0, 0.0, 0.0, 0.0, 1.0],
                [0.807048, 0.589641, -0.031569, 0.0, -0.59018, 0.807196, -0.011024, 3.499784, 0.018982, 0.027528, 0.999441, -0.0, 0.0, 0.0, 0.0, 1.0],
                [0.807048, 0.589641, -0.031569, -0.0, -0.59018, 0.807196, -0.011024, 3.499785, 0.018982, 0.027528, 0.999441, -0.0, 0.0, 0.0, 0.0, 1.0],
                [0.807048, 0.589641, -0.031572, 0.0, -0.59018, 0.807196, -0.011025, 3.499784, 0.018984, 0.02753, 0.999441, 0.0, 0.0, 0.0, 0.0, 1.0],
                [0.807048, 0.589641, -0.031572, -0.0, -0.59018, 0.807196, -0.011025, 3.499784, 0.018984, 0.027531, 0.999441, 0.0, 0.0, 0.0, 0.0, 1.0],
                [0.816789, 0.570762, -0.084183, 0.0, -0.57421, 0.818397, -0.022557, 3.499784, 0.05602, 0.066763, 0.996195, 0.0, 0.0, 0.0, 0.0, 1.0]
            ]
        },
        {
            "name": "Wing_L1",
            "time": [0.0, 0.1167, 0.25, 0.4, 0.55, 0.8333, 1.1, 2.0],
            "transform": [
                [-0.437664, -0.56881, -0.696352, -0.75035, 0.697139, -0.703779, 0.136718, 2.866106, -0.567844, -0.425617, 0.704559, 0.728535, 0.0, 0.0, 0.0, 1.0],
                [-0.437664, -0.56881, -0.696352, -0.75035, 0.697139, -0.703779, 0.136718, 2.866106, -0.567845, -0.425617, 0.704558, 0.728534, 0.0, 0.0, 0.0, 1.0],
                [-0.437664, -0.56881, -0.696352, -0.75035, 0.697139, -0.70378, 0.136718, 2.866106, -0.567845, -0.425617, 0.704558, 0.728535, 0.0, 0.0, 0.0, 1.0],
                [-0.437664, -0.56881, -0.696352, -0.75035, 0.697139, -0.703779, 0.136718, 2.866106, -0.567845, -0.425617, 0.704558, 0.728535, 0.0, 0.0, 0.0, 1.0],
                [-0.377683, -0.660353, -0.649068, -0.749679, 0.721667, -0.649125, 0.240484, 2.874238, -0.580131, -0.377585, 0.721719, 0.711242, 0.0, 0.0, 0.0, 1.0],
                [-0.487136, -0.49484, -0.719606, -0.75035, 0.657206, -0.750351, 0.071087, 2.866106, -0.575133, -0.4383, 0.690735, 0.728534, 0.0, 0.0, 0.0, 1.0],
                [-0.487136, -0.49484, -0.719605, -0.75035, 0.657206, -0.750351, 0.071087, 2.866106, -0.575133, -0.4383, 0.690735, 0.728534, 0.0, 0.0, 0.0, 1.0],
                [-0.376968, -0.572061, -0.728451, -0.75068, 0.684113, -0.702158, 0.197389, 2.861323, -0.624407, -0.423934, 0.656046, 0.744816, 0.0, 0.0, 0.0, 1.0]
            ]
        },
        {
            "name": "Wing_L2",
            "time": [0.0, 0.1167, 0.25, 0.4, 0.5, 0.65, 1.1, 2.0],
            "transform": [
                [0.810068, -0.586327, -0.003244, -0.0, 0.586319, 0.809992, 0.011959, 3.499784, -0.004384, -0.011589, 0.999923, -0.0, 0.0, 0.0, 0.0, 1.0],
                [0.810068, -0.586327, -0.003242, 0.0, 0.586319, 0.809992, 0.011952, 3.499784, -0.004382, -0.011583, 0.999923, 0.0, 0.0, 0.0, 0.0, 1.0],
                [0.810068, -0.586326, -0.003241, 0.0, 0.586319, 0.809992, 0.01195, 3.499784, -0.004381, -0.01158, 0.999924, -0.0, 0.0, 0.0, 0.0, 1.0],
                [0.810068, -0.586326, -0.003241, -0.0, 0.586319, 0.809992, 0.01195, 3.499784, -0.004381, -0.01158, 0.999923, -0.0, 0.0, 0.0, 0.0, 1.0],
                [0.810068, -0.586327, -0.00324, 0.0, 0.586319, 0.809992, 0.011945, 3.499784, -0.004379, -0.011576, 0.999924, -0.0, 0.0, 0.0, 0.0, 1.0],
                [0.810068, -0.586327, -0.003242, 0.0, 0.586319, 0.809992, 0.011953, 3.499785, -0.004382, -0.011584, 0.999923, -0.0, 0.0, 0.0, 0.0, 1.0],
                [0.810068, -0.586327, -0.003242, -0.0, 0.586319, 0.809992, 0.011954, 3.499784, -0.004383, -0.011585, 0.999923, -0.0, 0.0, 0.0, 0.0, 1.0],
                [0.825491, -0.564337, -0.009405, -0.0, 0.564337, 0.824984, 0.030415, 3.499784, -0.009405, -0.030415, 0.999493, 0.0, 0.0, 0.0, 0.0, 1.0]
            ]
        },
        {
            "name": "Neck1",
            "time": [0.0, 0.1167, 0.25, 0.4, 0.5, 0.65, 1.1, 2.0],
            "transform": [
                [0.999904, -0.013874, -0.000565, 0.0, 0.013874, 0.996589, 0.081357, 3.493827, -0.000565, -0.081357, 0.996685, 2e-06, 0.0, 0.0, 0.0, 1.0],
                [0.999904, -0.013874, -0.000565, 0.0, 0.013874, 0.996589, 0.081356, 3.493828, -0.000565, -0.081356, 0.996685, 2e-06, 0.0, 0.0, 0.0, 1.0],
                [0.999904, -0.013875, -0.000565, -0.0, 0.013875, 0.996589, 0.081356, 3.493829, -0.000565, -0.081356, 0.996685, 2e-06, 0.0, 0.0, 0.0, 1.0],
                [0.999904, -0.013874, -0.000565, 0.0, 0.013874, 0.996589, 0.081355, 3.493828, -0.000565, -0.081355, 0.996685, 2e-06, 0.0, 0.0, 0.0, 1.0],
                [0.93299, -0.352866, -0.070823, -0.0, 0.356225, 0.93346, 0.04191, 3.493829, 0.051322, -0.064331, 0.996608, 3e-06, 0.0, 0.0, 0.0, 1.0],
                [0.507164, -0.835432, -0.211753, -2e-06, 0.83785, 0.535506, -0.106026, 3.493827, 0.201972, -0.123645, 0.971555, 2e-06, 0.0, 0.0, 0.0, 1.0],
                [0.197924, -0.95015, -0.240917, -3e-06, 0.946734, 0.24899, -0.204205, 3.493826, 0.254011, -0.187667, 0.94882, 1e-06, 0.0, 0.0, 0.0, 1.0],
                [1.0, 0.0, -0.0, 0.0, -0.0, 0.919809, 0.392368, 3.493828, 0.0, -0.392368, 0.919809, 2e-06, 0.0, 0.0, 0.0, 1.0]
            ]
        },
        {
            "name": "Neck2",
            "time": [0.0, 0.25, 0.4, 0.5, 0.65, 1.1, 2.0],
            "transform": [
                [0.999526, 0.030674, -0.002782, 0.0, -0.030674, 0.983211, -0.179876, 0.623755, -0.002782, 0.179876, 0.983685, -0.0, 0.0, 0.0, 0.0, 1.0],
                [0.999526, 0.030674, -0.002782, -0.0, -0.030674, 0.983211, -0.179876, 0.623754, -0.002782, 0.179876, 0.983685, -0.0, 0.0, 0.0, 0.0, 1.0],
                [0.999526, 0.030674, -0.002782, 0.0, -0.030674, 0.983211, -0.179876, 0.623754, -0.002782, 0.179876, 0.983685, 0.0, 0.0, 0.0, 0.0, 1.0],
                [0.995726, 0.091859, -0.009544, 0.0, -0.091734, 0.971804, -0.217215, 0.623755, -0.010679, 0.217162, 0.976077, 0.0, 0.0, 0.0, 0.0, 1.0],
                [0.984041, 0.177325, -0.014844, 0.0, -0.177286, 0.969798, -0.167515, 0.623755, -0.015309, 0.167473, 0.985758, 0.0, 0.0, 0.0, 0.0, 1.0],
                [0.976197, 0.216392, -0.01462, 0.0, -0.216392, 0.967218, -0.132906, 0.623755, -0.01462, 0.132906, 0.991021, -0.0, 0.0, 0.0, 0.0, 1.0],
                [1.0, 0.0, -0.0, 0.0, -0.0, 0.988476, -0.151382, 0.623754, -0.0, 0.151382, 0.988475, 0.0, 0.0, 0.0, 0.0, 1.0]
            ]
        },
        {
            "name": "Neck3",
            "time": [0.0, 0.1167, 0.25, 0.4, 0.5, 0.65, 1.1, 2.0],
            "transform": [
                [0.998489, 0.054239, -0.008862, 0.0, -0.054239, 0.946517, -0.31806, 0.626764, -0.008863, 0.31806, 0.948029, -0.0, 0.0, 0.0, 0.0, 1.0],
                [0.998489, 0.05424, -0.008863, 0.0, -0.05424, 0.946517, -0.31806, 0.626763, -0.008863, 0.31806, 0.948029, 0.0, 0.0, 0.0, 0.0, 1.0],
                [0.998489, 0.05424, -0.008863, 0.0, -0.05424, 0.946517, -0.318061, 0.626764, -0.008863, 0.318061, 0.948029, -0.0, 0.0, 0.0, 0.0, 1.0],
                [0.998489, 0.05424, -0.008862, -0.0, -0.05424, 0.946518, -0.31806, 0.626764, -0.008863, 0.31806, 0.948029, -0.0, 0.0, 0.0, 0.0, 1.0],
                [0.993, 0.116183, -0.021287, -0.0, -0.115921, 0.923973, -0.364466, 0.626764, -0.022676, 0.364382, 0.930973, 0.0, 0.0, 0.0, 0.0, 1.0],
                [0.965614, 0.257548, -0.035484, -0.0, -0.257469, 0.928406, -0.267902, 0.626764, -0.036054, 0.267826, 0.962792, -0.0, 0.0, 0.0, 0.0, 1.0],
                [0.944947, 0.325471, -0.033813, -0.0, -0.325472, 0.924179, -0.199902, 0.626764, -0.033813, 0.199902, 0.979232, 0.0, 0.0, 0.0, 0.0, 1.0],
                [1.0, 0.0, -0.0, 0.0, -0.0, 0.988876, -0.148738, 0.626764, -0.0, 0.148738, 0.988876, -0.0, 0.0, 0.0, 0.0, 1.0]
            ]
        },
        {
            "name": "Neck4",
            "time": [0.0, 0.25, 0.4, 0.5, 0.65, 1.1, 2.0],
            "transform": [
                [0.9985, 0.054028, -0.008792, 0.0, -0.054028, 0.946944, -0.316825, 0.624224, -0.008792, 0.316825, 0.948443, -0.0, 0.0, 0.0, 0.0, 1.0],
                [0.9985, 0.054028, -0.008792, 0.0, -0.054028, 0.946944, -0.316825, 0.624224, -0.008792, 0.316825, 0.948443, -0.0, 0.0, 0.0, 0.0, 1.0],
                [0.998501, 0.054027, -0.008792, 0.0, -0.054027, 0.946944, -0.316824, 0.624224, -0.008792, 0.316824, 0.948444, -0.0, 0.0, 0.0, 0.0, 1.0],
                [0.994346, 0.104463, -0.019038, 0.0, -0.104256, 0.92646, -0.361667, 0.624224, -0.020143, 0.361607, 0.932113, 0.0, 0.0, 0.0, 0.0, 1.0],
                [0.969491, 0.242948, -0.032604, -0.0, -0.242887, 0.934161, -0.261436, 0.624224, -0.033058, 0.261379, 0.96467, 0.0, 0.0, 0.0, 0.0, 1.0],
                [0.950074, 0.310513, -0.030664, 0.0, -0.310513, 0.931241, -0.190715, 0.624224, -0.030664, 0.190715, 0.981167, -0.0, 0.0, 0.0, 0.0, 1.0],
                [1.0, 0.0, -0.0, 0.0, -0.0, 0.994033, -0.109084, 0.624224, -0.0, 0.109084, 0.994033, -0.0, 0.0, 0.0, 0.0, 1.0]
            ]
        },
        {
            "name": "Neck5",
            "time": [0.0, 0.25, 0.4, 0.5, 0.65, 1.1, 2.0],
            "transform": [
                [0.999437, 0.033367, -0.003297, 0.0, -0.033367, 0.980103, -0.195669, 0.624444, -0.003297, 0.195669, 0.980665, -0.0, 0.0, 0.0, 0.0, 1.0],
                [0.999438, 0.033367, -0.003297, 0.0, -0.033367, 0.980103, -0.195668, 0.624444, -0.003297, 0.195668, 0.980665, 0.0, 0.0, 0.0, 0.0, 1.0],
                [0.999438, 0.033367, -0.003297, 0.0, -0.033367, 0.980103, -0.195668, 0.624444, -0.003297, 0.195668, 0.980665, -0.0, 0.0, 0.0, 0.0, 1.0],
                [0.998052, 0.062008, -0.006893, 0.0, -0.061973, 0.972569, -0.22421, 0.624445, -0.007199, 0.224201, 0.974517, -1e-06, 0.0, 0.0, 0.0, 1.0],
                [0.989158, 0.146378, -0.011825, 0.0, -0.146367, 0.976125, -0.160494, 0.624445, -0.01195, 0.160485, 0.986966, -0.0, 0.0, 0.0, 0.0, 1.0],
                [0.981938, 0.188876, -0.011093, 0.0, -0.188876, 0.975125, -0.116006, 0.624445, -0.011093, 0.116006, 0.993187, -0.0, 0.0, 0.0, 0.0, 1.0],
                [1.0, 0.0, -0.0, -0.0, -0.0, 0.997975, -0.063613, 0.624445, -0.0, 0.063613, 0.997975, 0.0, 0.0, 0.0, 0.0, 1.0]
            ]
        },
        {
            "name": "Head",
            "time": [0.0, 0.1167, 0.25, 0.4, 0.5, 0.65, 1.1, 2.0],
            "transform": [
