{
    "animation": [
        {
            "name": "Root",
            "time": [0.0, 0.1667, 0.4, 0.5667, 0.7333, 1.0167, 1.2333, 2.0],
            "transform": [
                [0.989969, 0.140951, 0.009731, 0.0, -0.140838, 0.978997, 0.147407, -1.345899, 0.011251, -0.147299, 0.989028, 2.401968, 0.0, 0.0, 0.0, 1.0],
                [0.970207, 0.241918, 0.013179, 0.0, -0.24127, 0.959791, 0.143491, -1.401544, 0.022064, -0.142396, 0.989564, 2.303729, 0.0, 0.0, 0.0, 1.0],
                [0.990168, -0.129769, -0.052222, 0.0, 0.130645, 0.991334, 0.013715, 0.246029, 0.049989, -0.020403, 0.998541, 2.437586, 0.0, 0.0, 0.0, 1.0],
                [0.924828, -0.368351, -0.094929, 0.0, 0.378985, 0.913671, 0.146887, 1.637376, 0.032628, -0.171822, 0.984588, 2.374101, 0.0, 0.0, 0.0, 1.0],
                [0.875457, -0.463829, -0.135785, 0.0, 0.483265, 0.836974, 0.256766, 2.239755, -0.005447, -0.290408, 0.956887, 2.319188, 0.0, 0.0, 0.0, 1.0],
                [0.868811, -0.474256, -0.142299, 0.0, 0.494992, 0.824794, 0.27331, 2.310244, -0.012251, -0.307891, 0.951343, 2.310616, 0.0, 0.0, 0.0, 1.0],
                [0.868811, -0.474256, -0.142299, 0.0, 0.494992, 0.824794, 0.27331, 2.310244, -0.012251, -0.307891, 0.951343, 2.310616, 0.0, 0.0, 0.0, 1.0],
                [1.0, 0.0, 0.0, 0.0, 0.0, 0.995298, 0.096864, 2.400127, 0.0, -0.096864, 0.995298, 2.538529, 0.0, 0.0, 0.0, 1.0]
            ]
        },
        {
            "name": "Leg_Back_R1",
            "time": [0.0, 0.1667, 0.4, 0.5667, 0.7333, 1.0167, 1.2333, 2.0],
            "transform": [
                [0.769408, 0.562161, 0.30329, 0.999854, -0.358074, -0.013597, 0.933593, 0.3529, 0.528954, -0.826915, 0.190834, -0.092455, 0.0, 0.0, 0.0, 1.0],
                [0.3994, 0.756614, 0.517701, 0.999854, -0.518215, -0.279505, 0.808288, 0.544667, 0.756261, -0.591111, 0.280454, 0.036198, 0.0, 0.0, 0.0, 1.0],
                [0.007866, 0.886616, -0.462438, 0.999854, -0.513109, 0.400508, 0.759152, 0.086325, 0.858286, 0.23131, 0.458082, -0.271296, 0.0, 0.0, 0.0, 1.0],
                [0.387246, 0.920419, -0.053568, 0.999855, -0.911517, 0.37348, -0.172189, 0.086325, -0.138479, 0.115508, 0.983605, -0.271298, 0.0, 0.0, 0.0, 1.0],
                [0.292885, 0.956123, 0.006744, 0.999854, -0.926756, 0.285611, -0.244025, 0.086324, -0.235245, 0.065221, 0.969744, -0.271298, 0.0, 0.0, 0.0, 1.0],
                [0.280313, 0.95986, 0.009679, 0.999854, -0.929971, 0.274055, -0.245044, 0.086325, -0.237861, 0.059688, 0.969462, -0.271298, 0.0, 0.0, 0.0, 1.0],
                [0.280313, 0.95986, 0.009679, 0.999854, -0.929971, 0.274055, -0.245044, 0.086325, -0.237861, 0.059688, 0.969462, -0.271298, 0.0, 0.0, 0.0, 1.0],
                [0.965273, 0.259488, 0.030232, 0.999855, -0.122803, 0.348558, 0.929207, 0.086326, 0.23058, -0.900651, 0.368319, -0.271296, 0.0, 0.0, 0.0, 1.0]
            ]
        },
        {
            "name": "Leg_Back_R2",
            "time": [0.0, 0.1667, 0.4, 0.5667, 0.7333, 1.0167, 1.2333, 2.0],
            "transform": [
                [0.97301, -0.211572, -0.092136, 0.0, 0.138702, 0.217099, 0.966245, 1.692269, -0.184427, -0.952946, 0.240584, 0.0, 0.0, 0.0, 0.0, 1.0],
                [0.92726, -0.347678, -0.138956, 0.0, 0.234655, 0.250431, 0.939266, 1.692268, -0.291764, -0.903551, 0.313799, 0.0, 0.0, 0.0, 0.0, 1.0],
                [0.693247, -0.431295, -0.577402, -0.0, 0.092222, -0.741495, 0.66459, 1.692269, -0.714776, -0.513974, -0.474264, -0.0, 0.0, 0.0, 0.0, 1.0],
                [0.998381, 0.043748, 0.03636, 0.0, -0.023964, -0.256239, 0.966316, 1.692269, 0.051591, -0.965623, -0.254776, -0.0, 0.0, 0.0, 0.0, 1.0],
                [0.925848, 0.272343, 0.261981, -0.0, -0.155968, -0.356074, 0.921349, 1.692269, 0.344208, -0.893891, -0.287193, -0.0, 0.0, 0.0, 0.0, 1.0],
                [0.911352, 0.291572, 0.290559, -0.0, -0.168781, -0.379116, 0.909826, 1.692268, 0.375436, -0.878212, -0.296296, -0.0, 0.0, 0.0, 0.0, 1.0],
                [0.911352, 0.291572, 0.290559, -0.0, -0.168781, -0.379116, 0.909826, 1.692268, 0.375436, -0.878212, -0.296296, -0.0, 0.0, 0.0, 0.0, 1.0],
                [0.984145, -0.147824, -0.098016, 0.0, 0.080652, -0.11921, 0.989588, 1.692269, -0.15797, -0.981803, -0.105398, 0.0, 0.0, 0.0, 0.0, 1.0]
            ]
        },
        {
            "name": "Leg_Back_R3",
            "time": [0.0, 0.1667, 0.4, 0.5667, 0.7333, 1.0167, 1.2333, 2.0],
            "transform": [
                [0.673688, 0.592637, 0.441504, -0.0, 0.737447, -0.578001, -0.349408, 2.159911, 0.048118, 0.560978, -0.826431, 0.0, 0.0, 0.0, 0.0, 1.0],
                [0.701272, 0.405011, 0.586671, 1e-06, 0.712862, -0.390618, -0.582448, 2.159911, -0.006734, 0.82667, -0.562646, 0.0, 0.0, 0.0, 0.0, 1.0],
                [1.0, 0.0, 0.0, -0.0, -0.0, 0.659118, -0.75204, 2.159911, -0.0, 0.752039, 0.659118, 0.0, 0.0, 0.0, 0.0, 1.0],
                [0.996684, -0.000335, 0.081372, 0.0, 0.079904, -0.185125, -0.979461, 2.159911, 0.015392, 0.982715, -0.184485, -0.0, 0.0, 0.0, 0.0, 1.0],
                [0.926815, 0.016386, 0.37516, -0.0, 0.358083, -0.339444, -0.869802, 2.159911, 0.113093, 0.940483, -0.32047, -0.0, 0.0, 0.0, 0.0, 1.0],
                [0.902517, 0.019824, 0.430196, 0.0, 0.409642, -0.347729, -0.843373, 2.159911, 0.132872, 0.937385, -0.321952, 0.0, 0.0, 0.0, 0.0, 1.0],
                [0.902517, 0.019824, 0.430196, 0.0, 0.409642, -0.347729, -0.843373, 2.159911, 0.132872, 0.937385, -0.321952, 0.0, 0.0, 0.0, 0.0, 1.0],
                [0.99576, -0.075184, 0.053, -0.0, -0.043857, -0.894492, -0.444927, 2.159911, 0.080859, 0.440716, -0.893997, 0.0, 0.0, 0.0, 0.0, 1.0]
            ]
        },
        {
            "name": "Leg_Back_L1",
            "time": [0.0, 0.1667, 0.4, 0.5667, 0.7333, 1.2333, 2.0],
            "transform": [
                [0.794861, -0.566756, -0.216756, -0.999948, 0.602347, 0.693826, 0.394693, 0.352899, -0.073303, -0.444289, 0.892879, -0.092456, 0.0, 0.0, 0.0, 1.0],
                [0.641282, -0.707412, -0.297196, -0.999947, 0.746713, 0.486231, 0.453871, 0.544667, -0.176567, -0.512979, 0.840045, 0.036198, 0.0, 0.0, 0.0, 1.0],
                [0.612003, -0.748414, -0.255594, -0.999947, 0.750006, 0.651771, -0.11263, 0.086324, 0.250882, -0.122767, 0.9602, -0.271296, 0.0, 0.0, 0.0, 1.0],
                [0.801719, -0.596959, -0.029754, -0.999948, 0.59764, 0.799938, 0.054089, 0.086324, -0.008487, -0.061146, 0.998092, -0.271297, 0.0, 0.0, 0.0, 1.0],
                [0.799995, -0.599671, -0.020046, -0.999948, 0.599189, 0.796717, 0.078827, 0.086324, -0.0313, -0.075072, 0.996686, -0.271297, 0.0, 0.0, 0.0, 1.0],
                [0.799995, -0.599671, -0.020045, -0.999948, 0.599189, 0.796717, 0.078827, 0.086323, -0.0313, -0.075072, 0.996686, -0.271298, 0.0, 0.0, 0.0, 1.0],
                [0.951026, -0.303076, -0.060767, -0.999947, 0.296791, 0.950254, -0.094508, 0.086326, 0.086388, 0.071845, 0.993667, -0.271296, 0.0, 0.0, 0.0, 1.0]
            ]
        },
        {
            "name": "Leg_Back_L2",
            "time": [0.0, 0.1667, 0.4, 0.5667, 0.7333, 1.2333, 2.0],
            "transform": [
                [1.0, 0.0, -0.0, 0.0, 0.0, -0.387422, 0.921903, 1.692269, -0.0, -0.921903, -0.387422, -0.0, 0.0, 0.0, 0.0, 1.0],
                [1.0, 0.0, -0.0, -0.0, -0.0, -0.346513, 0.938045, 1.692269, -0.0, -0.938045, -0.346514, -0.0, 0.0, 0.0, 0.0, 1.0],
                [0.974456, 0.0, 0.224578, 0.0, -0.202173, -0.435407, 0.877239, 1.692269, 0.097783, -0.900234, -0.424285, 0.0, 0.0, 0.0, 0.0, 1.0],
                [0.902518, -0.013633, 0.430436, 0.0, -0.375901, -0.512656, 0.771935, 1.692269, 0.210142, -0.858486, -0.467805, -0.0, 0.0, 0.0, 0.0, 1.0],
                [0.897596, -0.0, 0.440819, 0.0, -0.380934, -0.503234, 0.775658, 1.692269, 0.221835, -0.864151, -0.451701, -0.0, 0.0, 0.0, 0.0, 1.0],
                [0.897596, -0.0, 0.440819, 0.0, -0.380934, -0.503234, 0.775658, 1.692268, 0.221835, -0.864151, -0.451701, -0.0, 0.0, 0.0, 0.0, 1.0],
                [1.0, 0.0, 0.0, -0.0, -0.0, -0.226321, 0.974053, 1.692268, 0.0, -0.974053, -0.226321, 0.0, 0.0, 0.0, 0.0, 1.0]
            ]
        },
        {
            "name": "Leg_Back_L3",
            "time": [0.0, 0.1667, 0.4, 0.5667, 0.7333, 1.0167, 1.2333, 2.0],
            "transform": [
                [0.988848, -0.003903, -0.148875, -0.0, -0.08508, -0.835274, -0.543212, 2.15991, -0.122231, 0.54982, -0.826291, -0.0, 0.0, 0.0, 0.0, 1.0],
                [0.963482, -0.00966, -0.267597, -0.0, -0.147592, -0.852997, -0.500612, 2.15991, -0.223423, 0.521826, -0.823274, 0.0, 0.0, 0.0, 0.0, 1.0],
                [0.920468, 0.043766, 0.38836, -0.0, 0.351303, -0.528072, -0.773128, 2.159911, 0.171245, 0.848071, -0.501449, 0.0, 0.0, 0.0, 0.0, 1.0],
                [0.97884, -0.000413, 0.204627, 0.0, 0.149597, -0.680855, -0.716978, 2.15991, 0.139617, 0.732418, -0.666386, -0.0, 0.0, 0.0, 0.0, 1.0],
                [0.990859, 0.019644, 0.133464, 0.0, 0.101828, -0.757845, -0.64444, 2.15991, 0.088485, 0.652139, -0.752918, 0.0, 0.0, 0.0, 0.0, 1.0],
                [0.992169, 0.020795, 0.123161, -0.0, 0.095202, -0.76421, -0.637903, 2.159911, 0.080856, 0.644632, -0.760205, 0.0, 0.0, 0.0, 0.0, 1.0],
                [0.992169, 0.020795, 0.123161, -0.0, 0.095202, -0.76421, -0.637903, 2.159911, 0.080856, 0.644632, -0.760205, 0.0, 0.0, 0.0, 0.0, 1.0],
                [0.982618, 0.177312, 0.054977, 0.0, 0.097299, -0.239702, -0.965958, 2.15991, -0.158098, 0.954517, -0.252788, 0.0, 0.0, 0.0, 0.0, 1.0]
            ]
        },
        {
            "name": "Torso",
            "time": [0.0, 0.1667, 0.4, 0.5667, 0.7333, 1.0167, 1.2333, 2.0],
            "transform": [
                [0.998477, -0.003427, 0.055071, 0.0, 0.007724, 0.996923, -0.078009, 0.273754, -0.054634, 0.078315, 0.99543, 0.0, 0.0, 0.0, 0.0, 1.0],
                [0.995497, -0.00645, 0.094575, 0.0, 0.01271, 0.997756, -0.065737, 0.273754, -0.093938, 0.066643, 0.993345, -0.0, 0.0, 0.0, 0.0, 1.0],
                [0.992184, 0.12306, -0.020673, 0.0, -0.124738, 0.97358, -0.191265, 0.273754, -0.003411, 0.192349, 0.98132, -0.0, 0.0, 0.0, 0.0, 1.0],
                [0.997417, 0.060274, 0.03906, -0.0, -0.0547, 0.989905, -0.130755, 0.273754, -0.046547, 0.128281, 0.990645, 0.0, 0.0, 0.0, 0.0, 1.0],
                [0.996174, 0.002764, 0.087345, 0.0, 0.003788, 0.997195, -0.074753, 0.273754, -0.087307, 0.074798, 0.993369, 0.0, 0.0, 0.0, 0.0, 1.0],
                [0.995497, -0.006451, 0.094573, 0.0, 0.01271, 0.997756, -0.065735, 0.273754, -0.093936, 0.066641, 0.993345, -0.0, 0.0, 0.0, 0.0, 1.0],
                [0.995497, -0.006451, 0.094573, 0.0, 0.01271, 0.997756, -0.065735, 0.273754, -0.093936, 0.066641, 0.993345, -0.0, 0.0, 0.0, 0.0, 1.0],
                [1.0, 0.0, 0.0, 0.0, 0.0, 0.995501, -0.094747, 0.273754, 0.0, 0.094747, 0.995501, -0.0, 0.0, 0.0, 0.0, 1.0]
            ]
        },
        {
            "name": "Tail1",
            "time": [0.0, 0.1667, 0.4, 0.5667, 0.7333, 1.0167, 1.2333, 2.0],
            "transform": [
                [-0.917012, -0.373637, -0.139591, 1e-06, 0.388044, -0.916675, -0.095544, -0.516187, -0.092261, -0.141783, 0.985589, 0.429314, 0.0, 0.0, 0.0, 1.0],
                [-0.836936, -0.460198, -0.296237, 2e-06, 0.534866, -0.802475, -0.264487, -0.516187, -0.116007, -0.379806, 0.917764, 0.429315, 0.0, 0.0, 0.0, 1.0],
                [-0.943148, 0.316761, 0.100671, 1e-06, -0.280396, -0.595648, -0.752716, -0.516187, -0.178467, -0.738151, 0.650602, 0.429315, 0.0, 0.0, 0.0, 1.0],
                [-0.844224, 0.535281, -0.027568, 1e-06, -0.321234, -0.54647, -0.773421, -0.516187, -0.429063, -0.644085, 0.633293, 0.429315, 0.0, 0.0, 0.0, 1.0],
                [-0.826908, 0.562293, 0.007124, 2e-06, -0.341778, -0.492478, -0.800408, -0.516187, -0.446556, -0.664298, 0.599413, 0.429315, 0.0, 0.0, 0.0, 1.0],
                [-0.826478, 0.562835, 0.012326, 2e-06, -0.34104, -0.48313, -0.806398, -0.516187, -0.447914, -0.670673, 0.591245, 0.429315, 0.0, 0.0, 0.0, 1.0],
                [-0.826478, 0.562835, 0.012326, 2e-06, -0.34104, -0.48313, -0.806398, -0.516187, -0.447914, -0.670673, 0.591245, 0.429315, 0.0, 0.0, 0.0, 1.0],
                [-0.993934, -0.10895, -0.015013, -0.0, 0.10948, -0.993154, -0.040727, -0.516187, -0.010473, -0.042123, 0.999057, 0.429315, 0.0, 0.0, 0.0, 1.0]
            ]
        },
        {
            "name": "Tail2",
            "time": [0.0, 0.1667, 0.4, 0.5667, 0.7333, 1.0167, 1.2333, 2.0],
            "transform": [
                [0.996136, -0.083129, -0.028326, 0.0, 0.087138, 0.975732, 0.200881, 0.615504, 0.010939, -0.202573, 0.979206, -0.0, 0.0, 0.0, 0.0, 1.0],
                [0.985012, -0.169563, -0.031583, 0.0, 0.172475, 0.967046, 0.187282, 0.615504, -0.001214, -0.189922, 0.981798, -0.0, 0.0, 0.0, 0.0, 1.0],
                [0.988107, 0.153001, -0.015314, -0.0, -0.153001, 0.968388, -0.197017, 0.615504, -0.015314, 0.197017, 0.980281, 0.0, 0.0, 0.0, 0.0, 1.0],
                [0.984904, 0.172559, -0.01364, -0.0, -0.172559, 0.972581, -0.155913, 0.615504, -0.013639, 0.155913, 0.987677, -0.0, 0.0, 0.0, 0.0, 1.0],
                [0.987883, 0.154954, -0.008725, 0.0, -0.154954, 0.981601, -0.111572, 0.615504, -0.008724, 0.111573, 0.993718, -0.0, 0.0, 0.0, 0.0, 1.0],
                [0.988566, 0.150579, -0.007919, 0.0, -0.150579, 0.983082, -0.104283, 0.615504, -0.007918, 0.104283, 0.994516, -0.0, 0.0, 0.0, 0.0, 1.0],
                [0.988566, 0.150579, -0.007919, 0.0, -0.150579, 0.983082, -0.104283, 0.615504, -0.007918, 0.104283, 0.994516, -0.0, 0.0, 0.0, 0.0, 1.0],
                [0.999239, -0.038748, 0.004275, 0.0, 0.037595, 0.986838, 0.157282, 0.615504, -0.010313, -0.157002, 0.987544, 0.0, 0.0, 0.0, 0.0, 1.0]
            ]
        },
        {
            "name": "Tail3",
            "time": [0.0, 0.1667, 0.4, 0.5667, 0.7333, 1.0167, 1.2333, 2.0],
            "transform": [
                [0.998708, -0.045734, -0.02212, 0.0, 0.048879, 0.983707, 0.173006, 0.624616, 0.013848, -0.173864, 0.984672, 0.0, 0.0, 0.0, 0.0, 1.0],
                [0.994466, -0.100898, -0.029269, -0.0, 0.10347, 0.988912, 0.106516, 0.624616, 0.018197, -0.108955, 0.99388, 0.0, 0.0, 0.0, 0.0, 1.0],
                [0.991494, 0.12969, -0.010953, -0.0, -0.12969, 0.97739, -0.167, 0.624616, -0.010953, 0.167, 0.985896, 0.0, 0.0, 0.0, 0.0, 1.0],
                [0.989674, 0.143028, -0.00933, 0.0, -0.143028, 0.981245, -0.129231, 0.624616, -0.009329, 0.129231, 0.99157, -0.0, 0.0, 0.0, 0.0, 1.0],
                [0.99136, 0.131022, -0.006215, 0.0, -0.131022, 0.98689, -0.094241, 0.624616, -0.006214, 0.094241, 0.99553, -0.0, 0.0, 0.0, 0.0, 1.0],
                [0.991751, 0.128047, -0.005713, -0.0, -0.128047, 0.987795, -0.088679, 0.624616, -0.005712, 0.088679, 0.996044, 0.0, 0.0, 0.0, 0.0, 1.0],
                [0.991751, 0.128047, -0.005713, -0.0, -0.128047, 0.987795, -0.088679, 0.624616, -0.005712, 0.088679, 0.996044, 0.0, 0.0, 0.0, 0.0, 1.0],
                [0.999581, -0.028935, 0.000441, 0.0, 0.028571, 0.989204, 0.14373, 0.624616, -0.004595, -0.143658, 0.989616, -0.0, 0.0, 0.0, 0.0, 1.0]
            ]
        },
        {
            "name": "Tail4",
            "time": [0.0, 0.1667, 0.4, 0.5667, 0.7333, 1.0167, 1.2333, 2.0],
            "transform": [
                [0.999748, -0.015469, -0.016238, 0.0, 0.017276, 0.992891, 0.117766, 0.62624, 0.014301, -0.118017, 0.992908, -0.0, 0.0, 0.0, 0.0, 1.0],
                [0.998618, -0.045547, -0.026232, -0.0, 0.046528, 0.99819, 0.038088, 0.62624, 0.02445, -0.039255, 0.99893, 0.0, 0.0, 0.0, 0.0, 1.0],
                [0.993891, 0.110086, -0.007867, -0.0, -0.110086, 0.983761, -0.141756, 0.62624, -0.007866, 0.141756, 0.98987, -0.0, 0.0, 0.0, 0.0, 1.0],
                [0.99292, 0.118615, -0.006397, 0.0, -0.118615, 0.987139, -0.107172, 0.62624, -0.006397, 0.107172, 0.99422, -0.0, 0.0, 0.0, 0.0, 1.0],
                [0.993815, 0.110961, -0.004444, -0.0, -0.110961, 0.990621, -0.079725, 0.62624, -0.004444, 0.079725, 0.996807, 0.0, 0.0, 0.0, 0.0, 1.0],
                [0.994026, 0.109067, -0.004138, 0.0, -0.109067, 0.99116, -0.075534, 0.62624, -0.004137, 0.075534, 0.997134, -0.0, 0.0, 0.0, 0.0, 1.0],
                [0.994026, 0.109067, -0.004138, 0.0, -0.109067, 0.99116, -0.075534, 0.62624, -0.004137, 0.075534, 0.997134, -0.0, 0.0, 0.0, 0.0, 1.0],
                [0.99978, -0.020825, -0.002254, -0.0, 0.020946, 0.992751, 0.118343, 0.62624, -0.000227, -0.118364, 0.99297, -0.0, 0.0, 0.0, 0.0, 1.0]
            ]
        },
        {
            "name": "Tail5",
            "time": [0.0, 0.1667, 0.4, 0.5667, 0.7333, 1.0167, 1.2333, 2.0],
            "transform": [
                [0.999902, 0.00749, -0.011842, -0.0, -0.006899, 0.998766, 0.049186, 0.624649, 0.012196, -0.049099, 0.99872, -0.0, 0.0, 0.0, 0.0, 1.0],
                [0.999716, -0.003803, -0.023525, 0.0, 0.003376, 0.99983, -0.018151, 0.624649, 0.02359, 0.018067, 0.999559, -0.0, 0.0, 0.0, 0.0, 1.0],
                [0.995638, 0.093125, -0.005616, -0.0, -0.093125, 0.988407, -0.119916, 0.624649, -0.005616, 0.119916, 0.992768, -0.0, 0.0, 0.0, 0.0, 1.0],
                [0.995163, 0.098133, -0.00437, -0.0, -0.098133, 0.991216, -0.088666, 0.624649, -0.00437, 0.088666, 0.996052, 0.0, 0.0, 0.0, 0.0, 1.0],
                [0.995587, 0.093789, -0.003168, 0.0, -0.093789, 0.993314, -0.06732, 0.624649, -0.003167, 0.06732, 0.997727, -0.0, 0.0, 0.0, 0.0, 1.0],
                [0.995688, 0.092715, -0.002986, 0.0, -0.092715, 0.99362, -0.06421, 0.624649, -0.002986, 0.06421, 0.997932, 0.0, 0.0, 0.0, 0.0, 1.0],
                [0.995688, 0.092715, -0.002986, 0.0, -0.092715, 0.99362, -0.06421, 0.624649, -0.002986, 0.06421, 0.997932, 0.0, 0.0, 0.0, 0.0, 1.0],
                [0.99989, -0.01439, -0.003578, 0.0, 0.014639, 0.996391, 0.083607, 0.624649, 0.002362, -0.08365, 0.996493, -0.0, 0.0, 0.0, 0.0, 1.0]
            ]
        },
        {
            "name": "Tail6",
            "time": [0.0, 0.1667, 0.4, 0.5667, 0.7333, 1.0167, 1.2333, 2.0],
            "transform": [
                [0.999675, 0.023808, -0.009119, -0.0, -0.023856, 0.999702, -0.005218, 0.623273, 0.008992, 0.005434, 0.999945, 0.0, 0.0, 0.0, 0.0, 1.0],
                [0.999454, 0.025498, -0.021026, -0.0, -0.026748, 0.997748, -0.061524, 0.623274, 0.01941, 0.062053, 0.997884, -0.0, 0.0, 0.0, 0.0, 1.0],
                [0.996938, 0.078097, -0.003943, -0.0, -0.078097, 0.991861, -0.100564, 0.623273, -0.003943, 0.100564, 0.994923, 0.0, 0.0, 0.0, 0.0, 1.0],
                [0.996737, 0.080662, -0.002948, -0.0, -0.080662, 0.994074, -0.07288, 0.623273, -0.002948, 0.07288, 0.997336, -0.0, 0.0, 0.0, 0.0, 1.0],
                [0.996892, 0.07875, -0.002229, 0.0, -0.07875, 0.995294, -0.056475, 0.623273, -0.002229, 0.056475, 0.998401, 0.0, 0.0, 0.0, 0.0, 1.0],
                [0.99693, 0.078277, -0.002127, -0.0, -0.078277, 0.995457, -0.05421, 0.623274, -0.002126, 0.05421, 0.998527, -0.0, 0.0, 0.0, 0.0, 1.0],
                [0.99693, 0.078277, -0.002127, -0.0, -0.078277, 0.995457, -0.05421, 0.623274, -0.002126, 0.05421, 0.998527, -0.0, 0.0, 0.0, 0.0, 1.0],
                [0.999947, -0.009603, -0.003773, -0.0, 0.009756, 0.999036, 0.042804, 0.623273, 0.003359, -0.042839, 0.999076, -0.0, 0.0, 0.0, 0.0, 1.0]
            ]
        },
        {
            "name": "Tail7",
            "time": [0.0, 0.1667, 0.4, 0.5667, 0.7333, 1.0167, 1.2333, 2.0],
            "transform": [
                [0.999392, 0.034081, -0.007342, 0.0, -0.034429, 0.997941, -0.05412, 0.625387, 0.005482, 0.05434, 0.998507, 0.0, 0.0, 0.0, 0.0, 1.0],
                [0.998871, 0.043956, -0.018016, 0.0, -0.045419, 0.994812, -0.091031, 0.625387, 0.013921, 0.091747, 0.995685, -0.0, 0.0, 0.0, 0.0, 1.0],
                [0.997912, 0.064536, -0.002689, 0.0, -0.064536, 0.994449, -0.083102, 0.625387, -0.002689, 0.083102, 0.996537, -0.0, 0.0, 0.0, 0.0, 1.0],
                [0.997851, 0.065498, -0.001942, -0.0, -0.065498, 0.996096, -0.059179, 0.625387, -0.001942, 0.059179, 0.998245, 0.0, 0.0, 0.0, 0.0, 1.0],
                [0.997867, 0.065262, -0.001529, 0.0, -0.065262, 0.996772, -0.046768, 0.625387, -0.001528, 0.046768, 0.998905, -0.0, 0.0, 0.0, 0.0, 1.0],
                [0.997871, 0.065202, -0.001475, -0.0, -0.065202, 0.99685, -0.045155, 0.625387, -0.001474, 0.045155, 0.998979, -0.0, 0.0, 0.0, 0.0, 1.0],
                [0.997871, 0.065202, -0.001475, -0.0, -0.065202, 0.99685, -0.045155, 0.625387, -0.001474, 0.045155, 0.998979, -0.0, 0.0, 0.0, 0.0, 1.0],
                [0.999975, -0.006272, -0.003228, -0.0, 0.006271, 0.99998, -0.00027, 0.625387, 0.003229, 0.00025, 0.999995, 0.0, 0.0, 0.0, 0.0, 1.0]
            ]
        },
        {
            "name": "Tail8",
            "time": [0.0, 0.1667, 0.4, 0.5667, 0.7333, 1.0167, 1.2333, 2.0],
            "transform": [
                [0.999228, 0.038854, -0.005827, 0.0, -0.039227, 0.994945, -0.092444, 0.625387, 0.002206, 0.092601, 0.995701, 0.0, 0.0, 0.0, 0.0, 1.0],
                [0.998497, 0.052962, -0.014081, 0.0, -0.054156, 0.992925, -0.105681, 0.625388, 0.008384, 0.106284, 0.9943, -0.0, 0.0, 0.0, 0.0, 1.0],
                [0.998633, 0.052231, -0.00176, -0.0, -0.052231, 0.996368, -0.067256, 0.625388, -0.001759, 0.067256, 0.997734, 0.0, 0.0, 0.0, 0.0, 1.0],
                [0.998634, 0.052227, -0.001234, -0.0, -0.052227, 0.99752, -0.047189, 0.625387, -0.001234, 0.047189, 0.998885, 0.0, 0.0, 0.0, 0.0, 1.0],
                [0.998594, 0.052994, -0.001007, -0.0, -0.052994, 0.997874, -0.037954, 0.625387, -0.001007, 0.037954, 0.999279, -0.0, 0.0, 0.0, 0.0, 1.0],
                [0.998584, 0.053182, -0.000981, 0.0, -0.053182, 0.997906, -0.036831, 0.625387, -0.00098, 0.036831, 0.999321, -0.0, 0.0, 0.0, 0.0, 1.0],
                [0.998584, 0.053182, -0.000981, 0.0, -0.053182, 0.997906, -0.036831, 0.625387, -0.00098, 0.036831, 0.999321, -0.0, 0.0, 0.0, 0.0, 1.0],
                [0.999989, -0.004091, -0.002437, -0.0, 0.003987, 0.999148, -0.04108, 0.625387, 0.002603, 0.04107, 0.999153, 0.0, 0.0, 0.0, 0.0, 1.0]
            ]
        },
        {
            "name": "Tail9",
            "time": [0.0, 0.1667, 0.4, 0.5667, 0.7333, 1.0167, 1.2333, 2.0],
            "transform": [
                [0.999244, 0.038636, -0.004295, 0.0, -0.038873, 0.992236, -0.118136, 0.624782, -0.000303, 0.118213, 0.992988, 0.0, 0.0, 0.0, 0.0, 1.0],
                [0.998503, 0.053846, -0.009583, 0.0, -0.054558, 0.992915, -0.105557, 0.624782, 0.003831, 0.105921, 0.994367, -0.0, 0.0, 0.0, 0.0, 1.0],
                [0.999161, 0.040924, -0.00108, -0.0, -0.040924, 0.997771, -0.052697, 0.624782, -0.001079, 0.052697, 0.99861, 0.0, 0.0, 0.0, 0.0, 1.0],
                [0.999182, 0.040421, -0.000739, 0.0, -0.040421, 0.998515, -0.03652, 0.624782, -0.000739, 0.03652, 0.999333, 0.0, 0.0, 0.0, 0.0, 1.0],
                [0.999133, 0.041629, -0.000621, -0.0, -0.041629, 0.998688, -0.029798, 0.624782, -0.000621, 0.029798, 0.999556, 0.0, 0.0, 0.0, 0.0, 1.0],
                [0.99912, 0.041926, -0.000609, -0.0, -0.041926, 0.998698, -0.029034, 0.624782, -0.000609, 0.029034, 0.999578, 0.0, 0.0, 0.0, 0.0, 1.0],
                [0.99912, 0.041926, -0.000609, -0.0, -0.041926, 0.998698, -0.029034, 0.624782, -0.000609, 0.029034, 0.999578, 0.0, 0.0, 0.0, 0.0, 1.0],
                [0.999995, -0.002683, -0.001568, 0.0, 0.002557, 0.997178, -0.075023, 0.624782, 0.001765, 0.075018, 0.997181, 0.0, 0.0, 0.0, 0.0, 1.0]
            ]
        },
        {
            "name": "Tail10",
            "time": [0.0, 0.1667, 0.4, 0.5667, 0.7333, 1.0167, 1.2333, 2.0],
            "transform": [
                [0.999423, 0.03385, -0.002966, -0.0, -0.033937, 0.989994, -0.136971, 0.62586, -0.0017, 0.136993, 0.990571, -0.0, 0.0, 0.0, 0.0, 1.0],
                [0.998848, 0.047677, -0.005384, -0.0, -0.04797, 0.994604, -0.091989, 0.625859, 0.000969, 0.092141, 0.995745, -0.0, 0.0, 0.0, 0.0, 1.0],
                [0.999541, 0.03028, -0.000591, 0.0, -0.03028, 0.99878, -0.038993, 0.62586, -0.000591, 0.038993, 0.999239, -0.0, 0.0, 0.0, 0.0, 1.0],
                [0.999561, 0.029617, -0.000396, 0.0, -0.029617, 0.999203, -0.026757, 0.625861, -0.000396, 0.026757, 0.999642, -0.0, 0.0, 0.0, 0.0, 1.0],
                [0.999524, 0.030839, -0.00034, 0.0, -0.030839, 0.999281, -0.022065, 0.62586, -0.00034, 0.022065, 0.999756, -0.0, 0.0, 0.0, 0.0, 1.0],
                [0.999515, 0.03114, -0.000336, -0.0, -0.03114, 0.999282, -0.021564, 0.62586, -0.000336, 0.021564, 0.999767, 0.0, 0.0, 0.0, 0.0, 1.0],
                [0.999515, 0.03114, -0.000336, -0.0, -0.03114, 0.999282, -0.021564, 0.62586, -0.000336, 0.021564, 0.999767, 0.0, 0.0, 0.0, 0.0, 1.0],
                [0.999998, -0.001725, -0.000836, 0.0, 0.001635, 0.995178, -0.098071, 0.62586, 0.001001, 0.09807, 0.995179, 0.0, 0.0, 0.0, 0.0, 1.0]
            ]
        },
        {
            "name": "Tail11",
            "time": [0.0, 0.1667, 0.4, 0.5667, 0.7333, 1.0167, 1.2333, 2.0],
            "transform": [
                [0.999683, 0.025106, -0.001555, -0.0, -0.025104, 0.991868, -0.124767, 0.625142, -0.00159, 0.124766, 0.992185, 0.0, 0.0, 0.0, 0.0, 1.0],
                [0.999366, 0.035532, -0.002257, 0.0, -0.035603, 0.997081, -0.06754, 0.625141, -0.00015, 0.067578, 0.997714, 0.0, 0.0, 0.0, 0.0, 1.0],
                [0.999799, 0.020034, -0.000259, -0.0, -0.020034, 0.999467, -0.025795, 0.625142, -0.000258, 0.025795, 0.999667, 0.0, 0.0, 0.0, 0.0, 1.0],
                [0.999811, 0.019455, -0.000171, 0.0, -0.019455, 0.999656, -0.017577, 0.625141, -0.000171, 0.017577, 0.999845, -0.0, 0.0, 0.0, 0.0, 1.0],
                [0.999792, 0.020403, -0.000149, -0.0, -0.020403, 0.999685, -0.01459, 0.625141, -0.000149, 0.01459, 0.999893, -0.0, 0.0, 0.0, 0.0, 1.0],
                [0.999787, 0.020636, -0.000147, 0.0, -0.020636, 0.999685, -0.014285, 0.625141, -0.000147, 0.014285, 0.999898, -0.0, 0.0, 0.0, 0.0, 1.0],
                [0.999787, 0.020636, -0.000147, 0.0, -0.020636, 0.999685, -0.014285, 0.625141, -0.000147, 0.014285, 0.999898, -0.0, 0.0, 0.0, 0.0, 1.0],
                [0.999999, -0.001021, -0.000344, 0.0, 0.000979, 0.994279, -0.106808, 0.625141, 0.000451, 0.106807, 0.99428, 0.0, 0.0, 0.0, 0.0, 1.0]
            ]
        },
        {
            "name": "Tail12",
            "time": [0.0, 0.1667, 0.4, 0.5667, 0.7333, 1.0167, 1.2333, 2.0],
            "transform": [
                [0.99991, 0.01332, -0.000981, -0.0, -0.013305, 0.98698, -0.160294, 0.624677, -0.001167, 0.160293, 0.987069, -0.0, 0.0, 0.0, 0.0, 1.0],
                [0.999821, 0.018907, -0.000515, -0.0, -0.018913, 0.999189, -0.03555, 0.624677, -0.000157, 0.035553, 0.999368, 0.0, 0.0, 0.0, 0.0, 1.0],
                [0.99995, 0.009957, -6.4e-05, 0.0, -0.009957, 0.999868, -0.012821, 0.624677, -6.4e-05, 0.012821, 0.999918, -0.0, 0.0, 0.0, 0.0, 1.0],
                [0.999953, 0.009627, -4.2e-05, -0.0, -0.009627, 0.999916, -0.008693, 0.624676, -4.2e-05, 0.008693, 0.999962, -0.0, 0.0, 0.0, 0.0, 1.0],
                [0.999948, 0.010135, -3.7e-05, 0.0, -0.010135, 0.999922, -0.007244, 0.624677, -3.7e-05, 0.007244, 0.999974, -0.0, 0.0, 0.0, 0.0, 1.0],
                [0.999947, 0.01026, -3.6e-05, 0.0, -0.01026, 0.999922, -0.007101, 0.624677, -3.6e-05, 0.007101, 0.999975, -0.0, 0.0, 0.0, 0.0, 1.0],
                [0.999947, 0.01026, -3.6e-05, 0.0, -0.01026, 0.999922, -0.007101, 0.624677, -3.6e-05, 0.007101, 0.999975, -0.0, 0.0, 0.0, 0.0, 1.0],
                [1.0, -0.000481, -4.6e-05, -0.0, 0.000456, 0.971271, -0.237976, 0.624677, 0.000159, 0.237976, 0.971271, -0.0, 0.0, 0.0, 0.0, 1.0]
            ]
        },
        {
            "name": "Leg_Front_R1",
            "time": [0.0, 0.1667, 0.3667, 0.5667, 0.7333, 1.0167, 1.2333, 2.0],
            "transform": [
                [0.769567, 0.589697, 0.244999, 0.749747, 0.288691, -0.663512, 0.690224, 2.931932, 0.569583, -0.460445, -0.680856, -0.106382, 0.0, 0.0, 0.0, 1.0],
                [0.744689, 0.646158, 0.167085, 0.749747, 0.464313, -0.681411, 0.565767, 2.942549, 0.479429, -0.343741, -0.807459, -0.056022, 0.0, 0.0, 0.0, 1.0],
                [-0.373054, 0.916215, -0.146219, 0.749746, -0.533613, -0.082951, 0.841651, 2.929863, 0.759004, 0.392005, 0.519849, -0.116203, 0.0, 0.0, 0.0, 1.0],
                [-0.333411, 0.461849, -0.821908, 0.749746, -0.879194, 0.162429, 0.447922, 2.929862, 0.340373, 0.871958, 0.3519, -0.116203, 0.0, 0.0, 0.0, 1.0],
                [0.728746, 0.677046, -0.102659, 0.749746, -0.548828, 0.667116, 0.503729, 2.917176, 0.409533, -0.310748, 0.85774, -0.176385, 0.0, 0.0, 0.0, 1.0],
                [0.722427, 0.686773, -0.080263, 0.749746, -0.55874, 0.648208, 0.517335, 2.917176, 0.407318, -0.32889, 0.852011, -0.176385, 0.0, 0.0, 0.0, 1.0],
                [0.722427, 0.686773, -0.080263, 0.749746, -0.55874, 0.648208, 0.517335, 2.917176, 0.407318, -0.32889, 0.852011, -0.176385, 0.0, 0.0, 0.0, 1.0],
                [0.970296, 0.133087, -0.202024, 0.749746, 0.237462, -0.364348, 0.900479, 2.917176, 0.046235, -0.921703, -0.385128, -0.176387, 0.0, 0.0, 0.0, 1.0]
            ]
        },
        {
            "name": "Leg_Front_R2",
            "time": [0.0, 0.1667, 0.3667, 0.5667, 0.7333, 1.0167, 1.2333, 2.0],
            "transform": [
                [0.907692, 0.34697, -0.236024, -0.0, -0.280158, 0.082311, -0.956418, 1.253495, -0.312422, 0.934257, 0.171919, -0.0, 0.0, 0.0, 0.0, 1.0],
                [0.759126, 0.594471, -0.265201, -0.0, -0.490534, 0.254611, -0.833396, 1.253495, -0.427907, 0.762743, 0.48489, -0.0, 0.0, 0.0, 0.0, 1.0],
                [1.0, 0.0, 0.0, 0.0, -0.0, 0.956842, -0.290607, 1.253495, 0.0, 0.290608, 0.956842, 0.0, 0.0, 0.0, 0.0, 1.0],
                [1.0, 0.0, 0.0, 1e-06, -0.0, 0.956842, -0.290607, 1.253495, 0.0, 0.290608, 0.956842, -0.0, 0.0, 0.0, 0.0, 1.0],
                [0.998034, -0.056075, -0.027999, 0.0, 0.050474, 0.983915, -0.171357, 1.253495, 0.037157, 0.169607, 0.984811, -0.0, 0.0, 0.0, 0.0, 1.0],
                [0.999979, 0.005891, 0.002482, 0.0, -0.004864, 0.953095, -0.30263, 1.253494, -0.004148, 0.302611, 0.953105, -0.0, 0.0, 0.0, 0.0, 1.0],
                [0.999979, 0.005891, 0.002482, 0.0, -0.004864, 0.953095, -0.30263, 1.253494, -0.004148, 0.302611, 0.953105, -0.0, 0.0, 0.0, 0.0, 1.0],
                [0.999591, 0.025416, -0.013122, 0.0, -0.021754, 0.377645, -0.925694, 1.253495, -0.018572, 0.925601, 0.378043, 1e-06, 0.0, 0.0, 0.0, 1.0]
            ]
        },
        {
            "name": "Leg_Front_R3",
            "time": [0.0, 0.1667, 0.3667, 0.5667, 0.7333, 1.0167, 1.2333, 2.0],
            "transform": [
                [0.891838, -0.104414, 0.44014, -0.0, -0.181201, 0.809062, 0.559093, 1.488528, -0.414478, -0.578374, 0.702632, 0.0, 0.0, 0.0, 0.0, 1.0],
                [0.891838, -0.104415, 0.44014, -0.0, -0.181201, 0.809062, 0.559093, 1.488528, -0.414478, -0.578374, 0.702632, -0.0, 0.0, 0.0, 0.0, 1.0],
                [0.755716, 0.429366, -0.494507, 0.0, -0.123445, 0.834946, 0.536308, 1.488528, 0.64316, -0.344252, 0.683985, 0.0, 0.0, 0.0, 0.0, 1.0],
                [0.062191, 0.854712, -0.515364, -1e-06, 0.051066, 0.512962, 0.856891, 1.488528, 0.996757, -0.079609, -0.011745, 0.0, 0.0, 0.0, 0.0, 1.0],
                [0.891318, 0.021746, 0.452857, -0.0, 0.177235, 0.902653, -0.392179, 1.488528, -0.417301, 0.429818, 0.800697, 0.0, 0.0, 0.0, 0.0, 1.0],
                [0.89132, -0.020928, 0.452892, 0.0, 0.17724, 0.935521, -0.30559, 1.488527, -0.417295, 0.352649, 0.837558, -0.0, 0.0, 0.0, 0.0, 1.0],
                [0.89132, -0.020928, 0.452892, 0.0, 0.17724, 0.935521, -0.30559, 1.488527, -0.417295, 0.352649, 0.837558, -0.0, 0.0, 0.0, 0.0, 1.0],
                [0.970379, 0.227651, 0.080873, 0.0, -0.106393, 0.703234, -0.702952, 1.488528, -0.2169, 0.673526, 0.706624, -0.0, 0.0, 0.0, 0.0, 1.0]
            ]
        },
        {
            "name": "Leg_Front_L1",
            "time": [0.0, 0.1667, 0.4, 0.5667, 0.7333, 1.2333, 2.0],
            "transform": [
                [0.966556, -0.145493, 0.211192, -0.749883, -0.189086, 0.152027, 0.970121, 2.931932, -0.173253, -0.977609, 0.119432, -0.106383, 0.0, 0.0, 0.0, 1.0],
                [0.961659, -0.244829, 0.123578, -0.749884, -0.098238, 0.113183, 0.988706, 2.94255, -0.256051, -0.962937, 0.084792, -0.056023, 0.0, 0.0, 0.0, 1.0],
                [0.997067, -0.07209, 0.025697, -0.749885, -0.043281, -0.254217, 0.966178, 2.942551, -0.063119, -0.964456, -0.256591, -0.056021, 0.0, 0.0, 0.0, 1.0],
                [0.345157, -0.28285, -0.894909, -0.749885, 0.380475, -0.829475, 0.408914, 2.942552, -0.857966, -0.48163, -0.178682, -0.056022, 0.0, 0.0, 0.0, 1.0],
                [0.388772, -0.094239, -0.916502, -0.749884, 0.144546, -0.976198, 0.161692, 2.942552, -0.909924, -0.195338, -0.365897, -0.056021, 0.0, 0.0, 0.0, 1.0],
                [0.388772, -0.094239, -0.916502, -0.749884, 0.144546, -0.976198, 0.161692, 2.942552, -0.909924, -0.195338, -0.365897, -0.056021, 0.0, 0.0, 0.0, 1.0],
                [0.976868, -0.13781, 0.163515, -0.749883, -0.213616, -0.593676, 0.775833, 2.917176, -0.009843, -0.792816, -0.609382, -0.176387, 0.0, 0.0, 0.0, 1.0]
            ]
        },
        {
            "name": "Leg_Front_L2",
            "time": [0.0, 0.1667, 0.4, 0.5667, 0.7333, 1.2333, 2.0],
            "transform": [
                [0.998448, -0.053488, 0.015507, -0.0, 0.042409, 0.549786, -0.834228, 1.253495, 0.036096, 0.833591, 0.551201, 0.0, 0.0, 0.0, 0.0, 1.0],
                [0.992083, -0.124395, 0.017246, -0.0, 0.083898, 0.554308, -0.828072, 1.253495, 0.093448, 0.822963, 0.560356, -0.0, 0.0, 0.0, 0.0, 1.0],
                [0.974944, 0.022571, -0.2213, 0.0, -0.047167, 0.993193, -0.106496, 1.253495, 0.21739, 0.114266, 0.969373, -0.0, 0.0, 0.0, 0.0, 1.0],
                [0.400944, 0.913783, -0.065142, 0.0, -0.908764, 0.405708, 0.09772, 1.253495, 0.115724, 0.020018, 0.99308, -0.0, 0.0, 0.0, 0.0, 1.0],
                [0.101354, 0.975067, -0.197412, -0.0, -0.99485, 0.099127, -0.021155, 1.253495, -0.001059, 0.19854, 0.980092, 0.0, 0.0, 0.0, 0.0, 1.0],
                [0.101354, 0.975067, -0.197412, -0.0, -0.99485, 0.099127, -0.021155, 1.253494, -0.001059, 0.19854, 0.980092, -0.0, 0.0, 0.0, 0.0, 1.0],
                [0.999991, -0.000641, 0.004127, 0.0, 0.004136, 0.289174, -0.957268, 1.253495, -0.000579, 0.957276, 0.289174, -1e-06, 0.0, 0.0, 0.0, 1.0]
            ]
        },
        {
            "name": "Leg_Front_L3",
            "time": [0.0, 0.1667, 0.4, 0.5667, 0.7333, 1.2333, 2.0],
            "transform": [
                [0.936383, -0.253048, -0.243214, -0.0, 0.106542, 0.865195, -0.489987, 1.488528, 0.334417, 0.432903, 0.837114, 0.0, 0.0, 0.0, 0.0, 1.0],
                [0.885294, -0.245299, -0.395072, -0.0, 0.025549, 0.873935, -0.485372, 1.488528, 0.464329, 0.419603, 0.779957, -0.0, 0.0, 0.0, 0.0, 1.0],
                [0.93531, 0.353665, 0.010781, -0.0, -0.00244, 0.036915, -0.999316, 1.488528, -0.35382, 0.934644, 0.03539, 0.0, 0.0, 0.0, 0.0, 1.0],
                [-0.035899, 0.998682, 0.036687, 0.0, 0.177146, 0.042489, -0.983267, 1.488528, -0.98353, -0.028799, -0.178438, -0.0, 0.0, 0.0, 0.0, 1.0],
                [0.522687, 0.837241, -0.160707, -0.0, 0.004159, -0.19101, -0.981579, 1.488528, -0.852515, 0.51239, -0.10332, -0.0, 0.0, 0.0, 0.0, 1.0],
                [0.522687, 0.837241, -0.160707, 0.0, 0.004159, -0.191009, -0.981579, 1.488528, -0.852515, 0.51239, -0.10332, -0.0, 0.0, 0.0, 0.0, 1.0],
                [0.976941, -0.213428, -0.005935, 0.0, 0.120129, 0.572432, -0.811105, 1.488528, 0.17651, 0.791688, 0.584871, -0.0, 0.0, 0.0, 0.0, 1.0]
            ]
        },
        {
            "name": "Wing_R1",
            "time": [0.0, 0.1667, 0.4, 0.5667, 0.7333, 1.0167, 1.2333, 2.0],
            "transform": [
                [-0.484246, 0.584948, 0.650647, 0.749483, -0.671612, -0.725131, 0.152062, 2.85654, 0.560752, -0.363347, 0.744, 0.761097, 0.0, 0.0, 0.0, 1.0],
                [-0.601081, 0.577935, 0.551989, 0.749246, -0.625083, -0.770342, 0.125875, 2.8531, 0.497968, -0.269378, 0.824296, 0.772809, 0.0, 0.0, 0.0, 1.0],
                [-0.667136, 0.481162, 0.568695, 0.7496, -0.393307, -0.875846, 0.279649, 2.858994, 0.632645, -0.037108, 0.773552, 0.739261, 0.0, 0.0, 0.0, 1.0],
                [-0.694753, 0.494948, 0.521867, 0.749385, -0.457191, -0.864024, 0.210805, 2.855416, 0.555243, -0.092135, 0.826569, 0.759631, 0.0, 0.0, 0.0, 1.0],
                [-0.652961, 0.59476, 0.468938, 0.749301, -0.582649, -0.790031, 0.190711, 2.854021, 0.483903, -0.148699, 0.862396, 0.767567, 0.0, 0.0, 0.0, 1.0],
                [-0.640153, 0.615194, 0.460153, 0.749292, -0.606212, -0.772434, 0.189347, 2.85387, 0.471923, -0.157739, 0.867414, 0.768427, 0.0, 0.0, 0.0, 1.0],
                [-0.640153, 0.615194, 0.460153, 0.749292, -0.606212, -0.772434, 0.189347, 2.85387, 0.471923, -0.157739, 0.867414, 0.768427, 0.0, 0.0, 0.0, 1.0],
                [-0.376968, 0.572061, 0.728451, 0.749813, -0.684114, -0.702158, 0.197389, 2.861323, 0.624407, -0.423934, 0.656046, 0.744816, 0.0, 0.0, 0.0, 1.0]
            ]
        },
        {
            "name": "Wing_R2",
            "time": [0.0, 0.1667, 0.4, 0.5667, 0.7333, 1.0167, 1.2333, 2.0],
            "transform": [
                [0.807048, 0.589641, -0.031572, 0.0, -0.59018, 0.807196, -0.011025, 3.499784, 0.018984, 0.027531, 0.999441, -0.0, 0.0, 0.0, 0.0, 1.0],
                [0.798636, 0.601779, 0.006481, 0.0, -0.601771, 0.798662, -0.003378, 3.499784, -0.007208, -0.001202, 0.999973, -0.0, 0.0, 0.0, 0.0, 1.0],
                [0.798636, 0.601779, 0.006481, 0.0, -0.601771, 0.798662, -0.003378, 3.499785, -0.007208, -0.001202, 0.999973, 0.0, 0.0, 0.0, 0.0, 1.0],
                [0.798636, 0.601779, 0.006473, 0.0, -0.601771, 0.798662, -0.003374, 3.499785, -0.0072, -0.001201, 0.999973, 0.0, 0.0, 0.0, 0.0, 1.0],
                [0.798636, 0.601779, 0.006479, 1e-06, -0.60177, 0.798662, -0.003377, 3.499784, -0.007207, -0.001202, 0.999973, 0.0, 0.0, 0.0, 0.0, 1.0],
                [0.798636, 0.601779, 0.00648, -0.0, -0.601771, 0.798662, -0.003378, 3.499785, -0.007208, -0.001202, 0.999973, 0.0, 0.0, 0.0, 0.0, 1.0],
                [0.798636, 0.601779, 0.00648, -0.0, -0.601771, 0.798662, -0.003378, 3.499785, -0.007208, -0.001202, 0.999973, 0.0, 0.0, 0.0, 0.0, 1.0],
                [0.816789, 0.570762, -0.084183, 0.0, -0.57421, 0.818397, -0.022557, 3.499785, 0.05602, 0.066763, 0.996195, 0.0, 0.0, 0.0, 0.0, 1.0]
            ]
        },
        {
            "name": "Wing_L1",
            "time": [0.0, 0.1667, 0.4, 0.5667, 0.7333, 1.0167, 1.2333, 2.0],
            "transform": [
                [-0.437664, -0.56881, -0.696352, -0.75035, 0.697139, -0.703779, 0.136718, 2.866106, -0.567844, -0.425617, 0.704559, 0.728534, 0.0, 0.0, 0.0, 1.0],
                [-0.522445, -0.560104, -0.64291, -0.750113, 0.673526, -0.733457, 0.091664, 2.869547, -0.522889, -0.385128, 0.760437, 0.716823, 0.0, 0.0, 0.0, 1.0],
                [-0.64174, -0.480795, -0.5975, -0.750467, 0.449247, -0.867096, 0.215224, 2.863652, -0.621569, -0.130307, 0.772446, 0.75037, 0.0, 0.0, 0.0, 1.0],
                [-0.616846, -0.493928, -0.61281, -0.750252, 0.514441, -0.842268, 0.161044, 2.867231, -0.595694, -0.215915, 0.773647, 0.730001, 0.0, 0.0, 0.0, 1.0],
                [-0.532294, -0.590932, -0.606186, -0.750168, 0.643104, -0.747925, 0.164393, 2.868625, -0.550527, -0.302335, 0.778148, 0.722064, 0.0, 0.0, 0.0, 1.0],
                [-0.514505, -0.608477, -0.604186, -0.750159, 0.664944, -0.728, 0.166927, 2.868776, -0.541419, -0.315865, 0.779163, 0.721204, 0.0, 0.0, 0.0, 1.0],
                [-0.514505, -0.608477, -0.604186, -0.750159, 0.664944, -0.728, 0.166927, 2.868776, -0.541419, -0.315865, 0.779163, 0.721204, 0.0, 0.0, 0.0, 1.0],
                [-0.376968, -0.572061, -0.728451, -0.75068, 0.684113, -0.702158, 0.197389, 2.861323, -0.624407, -0.423934, 0.656046, 0.744816, 0.0, 0.0, 0.0, 1.0]
            ]
        },
        {
            "name": "Wing_L2",
            "time": [0.0, 0.1667, 0.4, 0.5667, 1.0167, 1.2333, 2.0],
            "transform": [
                [0.810069, -0.586326, -0.003244, 0.0, 0.586319, 0.809992, 0.011959, 3.499784, -0.004384, -0.011589, 0.999923, -0.0, 0.0, 0.0, 0.0, 1.0],
