{
    "animation": [
        {
            "name": "Root",
            "time": [0.0, 0.1167, 0.25, 0.4, 0.5, 0.65, 1.1, 2.0],
            "transform": [
                [0.989742, -0.140085, 0.02804, 0.0, 0.137457, 0.987248, 0.080294, -1.345899, -0.03893, -0.075616, 0.996377, 2.401968, 0.0, 0.0, 0.0, 1.0],
                [0.945855, -0.324582, -0.002302, 0.0, 0.321112, 0.93466, 0.15264, -1.713486, -0.047393, -0.145114, 0.988279, 2.244431, 0.0, 0.0, 0.0, 1.0],
                [0.943262, -0.331946, -0.008301, 0.0, 0.329164, 0.931482, 0.154894, -1.728603, -0.043684, -0.148838, 0.987896, 2.237952, 0.0, 0.0, 0.0, 1.0],
                [0.995627, -0.091499, 0.018837, 0.0, 0.087678, 0.98485, 0.149607, -0.608263, -0.03224, -0.147302, 0.988566, 2.346324, 0.0, 0.0, 0.0, 1.0],
                [0.982849, 0.165523, 0.081307, 0.0, -0.174984, 0.976239, 0.12782, 0.003394, -0.058217, -0.139855, 0.988459, 2.401968, 0.0, 0.0, 0.0, 1.0],
                [0.854586, 0.498782, 0.144562, 0.0, -0.519283, 0.817966, 0.247542, 0.053139, 0.005222, -0.286614, 0.958032, 2.401968, 0.0, 0.0, 0.0, 1.0],
                [0.84426, 0.512688, 0.15613, 0.0, -0.53564, 0.797541, 0.277523, 0.054248, 0.017762, -0.317931, 0.947948, 2.401968, 0.0, 0.0, 0.0, 1.0],
                [1.0, 0.0, 0.0, 0.0, 0.0, 0.995298, 0.096864, -1.268548, 0.0, -0.096864, 0.995298, 2.538529, 0.0, 0.0, 0.0, 1.0]
            ]
        },
        {
            "name": "Leg_Back_R1",
            "time": [0.0, 1.1, 2.0],
            "transform": [
                [0.772118, 0.548351, 0.32116, 0.999854, -0.395183, 0.018547, 0.918414, 0.352899, 0.497657, -0.836042, 0.23102, -0.092455, 0.0, 0.0, 0.0, 1.0],
                [0.713603, 0.37119, -0.594128, 0.999854, -0.32719, 0.9265, 0.185858, 0.3529, 0.619448, 0.061764, 0.782603, -0.092455, 0.0, 0.0, 0.0, 1.0],
                [0.965273, 0.259488, 0.030232, 0.999855, -0.122803, 0.348558, 0.929207, 0.086326, 0.23058, -0.900651, 0.368319, -0.271295, 0.0, 0.0, 0.0, 1.0]
            ]
        },
        {
            "name": "Leg_Back_R2",
            "time": [0.0, 1.1, 2.0],
            "transform": [
                [0.958621, -0.250103, -0.135997, 0.0, 0.151105, 0.042136, 0.987619, 1.692269, -0.241277, -0.967302, 0.078184, 0.0, 0.0, 0.0, 0.0, 1.0],
                [0.841882, -0.438988, -0.313887, 0.0, 0.161242, -0.350453, 0.922596, 1.692269, -0.515011, -0.827329, -0.224256, -0.0, 0.0, 0.0, 0.0, 1.0],
                [0.984145, -0.147824, -0.098016, 0.0, 0.080652, -0.11921, 0.989588, 1.692268, -0.15797, -0.981803, -0.105398, 0.0, 0.0, 0.0, 0.0, 1.0]
            ]
        },
        {
            "name": "Leg_Back_R3",
            "time": [0.0, 1.1, 2.0],
            "transform": [
                [0.917783, 0.248471, 0.309736, -0.0, 0.341683, -0.891579, -0.29722, 2.15991, 0.202303, 0.378615, -0.903175, 0.0, 0.0, 0.0, 0.0, 1.0],
                [0.912486, -0.350651, 0.210743, -0.0, -0.05837, -0.621447, -0.781279, 2.159911, 0.404922, 0.700606, -0.587529, -0.0, 0.0, 0.0, 0.0, 1.0],
                [0.99576, -0.075184, 0.053, -0.0, -0.043857, -0.894492, -0.444927, 2.159911, 0.080859, 0.440716, -0.893997, -0.0, 0.0, 0.0, 0.0, 1.0]
            ]
        },
        {
            "name": "Leg_Back_L1",
            "time": [0.0, 1.1, 2.0],
            "transform": [
                [0.79856, -0.539954, -0.26599, -0.999947, 0.601909, 0.718098, 0.349342, 0.352899, 0.002379, -0.439072, 0.898447, -0.092457, 0.0, 0.0, 0.0, 1.0],
                [0.78166, -0.622813, -0.03333, -0.999947, 0.623704, 0.780556, 0.041523, 0.352899, 0.000155, -0.053244, 0.998581, -0.092456, 0.0, 0.0, 0.0, 1.0],
                [0.951026, -0.303076, -0.060767, -0.999947, 0.296791, 0.950254, -0.094508, 0.086326, 0.086388, 0.071845, 0.993667, -0.271296, 0.0, 0.0, 0.0, 1.0]
            ]
        },
        {
            "name": "Leg_Back_L2",
            "time": [0.0, 1.1, 2.0],
            "transform": [
                [1.0, -0.0, -1e-06, -0.0, 1e-06, -0.371772, 0.928324, 1.692269, -0.0, -0.928324, -0.371772, -0.0, 0.0, 0.0, 0.0, 1.0],
                [1.0, 0.000576, -0.000236, 0.0, 0.000463, -0.434465, 0.900689, 1.692269, 0.000416, -0.900689, -0.434465, 0.0, 0.0, 0.0, 0.0, 1.0],
                [1.0, 0.0, 0.0, 0.0, -0.0, -0.226321, 0.974053, 1.692269, 0.0, -0.974053, -0.226321, 0.0, 0.0, 0.0, 0.0, 1.0]
            ]
        },
        {
            "name": "Leg_Back_L3",
            "time": [0.0, 1.1, 2.0],
            "transform": [
                [0.997342, -0.010623, -0.07208, -0.0, -0.054197, -0.769362, -0.636511, 2.159911, -0.048694, 0.638725, -0.767893, -0.0, 0.0, 0.0, 0.0, 1.0],
                [0.982878, 0.000133, -0.18426, 0.0, -0.131407, -0.700493, -0.701457, 2.15991, -0.129165, 0.71366, -0.688481, 0.0, 0.0, 0.0, 0.0, 1.0],
                [0.982618, 0.177312, 0.054977, 0.0, 0.097299, -0.239702, -0.965958, 2.15991, -0.158098, 0.954517, -0.252788, 0.0, 0.0, 0.0, 0.0, 1.0]
            ]
        },
        {
            "name": "Torso",
            "time": [0.0, 0.1167, 0.25, 0.4, 0.5, 0.65, 1.1, 2.0],
            "transform": [
                [0.998477, -0.003427, 0.055069, -0.0, 0.007724, 0.996923, -0.078006, 0.273754, -0.054632, 0.078313, 0.995431, -0.0, 0.0, 0.0, 0.0, 1.0],
                [0.998477, -0.003427, 0.055068, -0.0, 0.007724, 0.996923, -0.078005, 0.273754, -0.054632, 0.078312, 0.995431, 0.0, 0.0, 0.0, 0.0, 1.0],
                [0.998477, -0.003427, 0.055068, 0.0, 0.007724, 0.996923, -0.078005, 0.273754, -0.054632, 0.078312, 0.995431, 0.0, 0.0, 0.0, 0.0, 1.0],
                [0.998477, -0.003427, 0.055069, 0.0, 0.007724, 0.996923, -0.078006, 0.273754, -0.054632, 0.078312, 0.995431, -0.0, 0.0, 0.0, 0.0, 1.0],
                [0.998477, -0.003427, 0.055068, 0.0, 0.007724, 0.996923, -0.078005, 0.273754, -0.054631, 0.078312, 0.995431, -0.0, 0.0, 0.0, 0.0, 1.0],
                [0.998477, -0.003427, 0.055069, 0.0, 0.007724, 0.996923, -0.078007, 0.273754, -0.054633, 0.078313, 0.995431, 0.0, 0.0, 0.0, 0.0, 1.0],
                [0.998477, -0.003427, 0.05507, 0.0, 0.007724, 0.996923, -0.078007, 0.273754, -0.054633, 0.078314, 0.99543, -0.0, 0.0, 0.0, 0.0, 1.0],
                [1.0, 0.0, 0.0, 0.0, 0.0, 0.995501, -0.094747, 0.273754, 0.0, 0.094747, 0.995501, -0.0, 0.0, 0.0, 0.0, 1.0]
            ]
        },
        {
            "name": "Tail1",
            "time": [0.0, 0.5, 0.65, 1.1, 2.0],
            "transform": [
                [-0.990908, 0.122576, -0.055461, 1e-06, -0.100721, -0.949166, -0.298226, -0.516187, -0.089197, -0.289929, 0.952883, 0.429314, 0.0, 0.0, 0.0, 1.0],
                [-0.995435, 0.084856, 0.04369, 1e-06, -0.092234, -0.972957, -0.211775, -0.516187, 0.024538, -0.214838, 0.976341, 0.429315, 0.0, 0.0, 0.0, 1.0],
                [-0.992707, 0.073287, 0.095714, 1e-06, -0.099635, -0.945757, -0.309219, -0.516187, 0.067861, -0.3165, 0.946162, 0.429314, 0.0, 0.0, 0.0, 1.0],
                [-0.992897, 0.023512, 0.116628, 1e-06, -0.067341, -0.919204, -0.387982, -0.516187, 0.098083, -0.39308, 0.914258, 0.429314, 0.0, 0.0, 0.0, 1.0],
                [-0.993934, -0.10895, -0.015013, -0.0, 0.10948, -0.993154, -0.040727, -0.516188, -0.010473, -0.042123, 0.999057, 0.429315, 0.0, 0.0, 0.0, 1.0]
            ]
        },
        {
            "name": "Tail2",
            "time": [0.0, 1.1, 2.0],
            "transform": [
                [0.998876, 0.046866, 0.006947, -0.0, -0.047327, 0.980157, 0.192489, 0.615504, 0.002212, -0.192601, 0.981275, 0.0, 0.0, 0.0, 0.0, 1.0],
                [0.990677, -0.134412, -0.022167, -0.0, 0.136193, 0.973568, 0.183349, 0.615504, -0.003063, -0.184659, 0.982798, -0.0, 0.0, 0.0, 0.0, 1.0],
                [0.999239, -0.038748, 0.004275, 0.0, 0.037595, 0.986838, 0.157282, 0.615504, -0.010313, -0.157002, 0.987544, 0.0, 0.0, 0.0, 0.0, 1.0]
            ]
        },
        {
            "name": "Tail3",
            "time": [0.0, 1.1, 2.0],
            "transform": [
                [0.999569, 0.029011, 0.004461, 0.0, -0.02933, 0.993124, 0.113334, 0.624616, -0.001142, -0.113416, 0.993547, -0.0, 0.0, 0.0, 0.0, 1.0],
                [0.995561, -0.090298, -0.026535, 0.0, 0.093388, 0.982785, 0.159413, 0.624616, 0.011683, -0.161184, 0.986855, 0.0, 0.0, 0.0, 0.0, 1.0],
                [0.999581, -0.028935, 0.000441, 0.0, 0.028571, 0.989204, 0.14373, 0.624616, -0.004595, -0.143658, 0.989616, 0.0, 0.0, 0.0, 0.0, 1.0]
            ]
        },
        {
            "name": "Tail4",
            "time": [0.0, 1.1, 2.0],
            "transform": [
                [0.999918, 0.012466, 0.003045, -0.0, -0.012576, 0.999155, 0.03913, 0.62624, -0.002555, -0.039165, 0.999229, -0.0, 0.0, 0.0, 0.0, 1.0],
                [0.998362, -0.050778, -0.02635, 0.0, 0.053232, 0.993279, 0.102777, 0.62624, 0.020954, -0.104011, 0.994355, -0.0, 0.0, 0.0, 0.0, 1.0],
                [0.99978, -0.020825, -0.002254, -0.0, 0.020946, 0.992751, 0.118343, 0.62624, -0.000227, -0.118364, 0.99297, -0.0, 0.0, 0.0, 0.0, 1.0]
            ]
        },
        {
            "name": "Tail5",
            "time": [0.0, 1.1, 2.0],
            "transform": [
                [0.999995, -0.001713, 0.00254, -0.0, 0.001775, 0.999687, -0.024979, 0.624649, -0.002497, 0.024983, 0.999685, -0.0, 0.0, 0.0, 0.0, 1.0],
                [0.999545, -0.018526, -0.023788, -0.0, 0.019205, 0.999405, 0.028635, 0.624649, 0.023243, -0.029078, 0.999307, 0.0, 0.0, 0.0, 0.0, 1.0],
                [0.99989, -0.01439, -0.003578, 0.0, 0.014639, 0.996391, 0.083607, 0.624649, 0.002362, -0.08365, 0.996493, -0.0, 0.0, 0.0, 0.0, 1.0]
            ]
        },
        {
            "name": "Tail6",
            "time": [0.0, 1.1, 2.0],
            "transform": [
                [0.999914, -0.012845, 0.002563, -0.0, 0.013001, 0.997069, -0.075397, 0.623273, -0.001587, 0.075424, 0.99715, -0.0, 0.0, 0.0, 0.0, 1.0],
                [0.999769, 0.00594, -0.020685, 0.0, -0.006625, 0.999427, -0.033205, 0.623273, 0.020476, 0.033334, 0.999234, -0.0, 0.0, 0.0, 0.0, 1.0],
                [0.999947, -0.009603, -0.003773, 0.0, 0.009756, 0.999036, 0.042804, 0.623273, 0.003359, -0.042839, 0.999076, 0.0, 0.0, 0.0, 0.0, 1.0]
            ]
        },
        {
            "name": "Tail7",
            "time": [0.0, 1.1, 2.0],
            "transform": [
                [0.999785, -0.020543, 0.002693, 0.0, 0.020715, 0.993734, -0.109836, 0.625387, -0.00042, 0.109868, 0.993946, 0.0, 0.0, 0.0, 0.0, 1.0],
                [0.999591, 0.022773, -0.017264, -0.0, -0.024229, 0.995698, -0.08944, 0.625387, 0.015153, 0.089822, 0.995843, -0.0, 0.0, 0.0, 0.0, 1.0],
                [0.999975, -0.006272, -0.003228, 0.0, 0.006271, 0.99998, -0.00027, 0.625387, 0.003229, 0.00025, 0.999995, 0.0, 0.0, 0.0, 0.0, 1.0]
            ]
        },
        {
            "name": "Tail8",
            "time": [0.0, 1.1, 2.0],
            "transform": [
                [0.999695, -0.024566, 0.002611, -0.0, 0.024699, 0.991613, -0.126861, 0.625387, 0.000527, 0.126887, 0.991917, 0.0, 0.0, 0.0, 0.0, 1.0],
                [0.999382, 0.032481, -0.013428, -0.0, -0.03398, 0.990536, -0.132982, 0.625388, 0.008981, 0.133356, 0.991027, -0.0, 0.0, 0.0, 0.0, 1.0],
                [0.999989, -0.004091, -0.002437, -0.0, 0.003987, 0.999148, -0.04108, 0.625387, 0.002603, 0.04107, 0.999153, -0.0, 0.0, 0.0, 0.0, 1.0]
            ]
        },
        {
            "name": "Tail9",
            "time": [0.0, 1.1, 2.0],
            "transform": [
                [0.999686, -0.024959, 0.002189, 0.0, 0.025035, 0.99164, -0.126582, 0.624782, 0.000988, 0.126598, 0.991954, 0.0, 0.0, 0.0, 0.0, 1.0],
                [0.999317, 0.035718, -0.009402, -0.0, -0.036764, 0.986389, -0.160264, 0.624782, 0.00355, 0.160501, 0.987029, 0.0, 0.0, 0.0, 0.0, 1.0],
                [0.999995, -0.002683, -0.001568, 0.0, 0.002557, 0.997178, -0.075023, 0.624781, 0.001765, 0.075018, 0.997181, 0.0, 0.0, 0.0, 0.0, 1.0]
            ]
        },
        {
            "name": "Tail10",
            "time": [0.0, 1.1, 2.0],
            "transform": [
                [0.999756, -0.022024, 0.001501, 0.0, 0.022055, 0.993634, -0.110477, 0.62586, 0.000942, 0.110483, 0.993878, 0.0, 0.0, 0.0, 0.0, 1.0],
                [0.999436, 0.033058, -0.005822, -0.0, -0.033567, 0.983806, -0.176062, 0.62586, -9.3e-05, 0.176158, 0.984362, 0.0, 0.0, 0.0, 0.0, 1.0],
                [0.999998, -0.001725, -0.000836, 0.0, 0.001635, 0.995178, -0.098071, 0.62586, 0.001001, 0.09807, 0.995179, 0.0, 0.0, 0.0, 0.0, 1.0]
            ]
        },
        {
            "name": "Tail11",
            "time": [0.0, 1.1, 2.0],
            "transform": [
                [0.999866, -0.016325, 0.000758, 0.0, 0.016332, 0.996554, -0.081325, 0.625141, 0.000572, 0.081326, 0.996687, 0.0, 0.0, 0.0, 0.0, 1.0],
                [0.999675, 0.025339, -0.002745, -0.0, -0.025457, 0.987469, -0.155745, 0.625142, -0.001236, 0.155765, 0.987793, -0.0, 0.0, 0.0, 0.0, 1.0],
                [0.999999, -0.001021, -0.000344, 0.0, 0.000979, 0.994279, -0.106808, 0.625141, 0.000451, 0.106807, 0.99428, 0.0, 0.0, 0.0, 0.0, 1.0]
            ]
        },
        {
            "name": "Tail12",
            "time": [0.0, 1.1, 2.0],
            "transform": [
                [0.999962, -0.008645, 0.000201, 0.0, 0.008645, 0.999042, -0.042902, 0.624676, 0.00017, 0.042902, 0.999079, -0.0, 0.0, 0.0, 0.0, 1.0],
                [0.999906, 0.01367, -0.001269, -0.0, -0.013677, 0.983868, -0.178373, 0.624677, -0.00119, 0.178373, 0.983962, -0.0, 0.0, 0.0, 0.0, 1.0],
                [1.0, -0.000481, -4.6e-05, -0.0, 0.000456, 0.971271, -0.237976, 0.624677, 0.000159, 0.237976, 0.971271, -0.0, 0.0, 0.0, 0.0, 1.0]
            ]
        },
        {
            "name": "Leg_Front_R1",
            "time": [0.0, 0.1167, 0.25, 0.4, 0.65, 1.1, 2.0],
            "transform": [
                [0.86143, 0.298429, -0.410948, 0.749746, 0.427558, 0.010574, 0.903926, 2.931932, 0.274103, -0.954373, -0.118487, -0.106381, 0.0, 0.0, 0.0, 1.0],
                [0.763066, 0.574233, -0.296626, 0.749746, 0.270946, 0.132462, 0.953437, 2.931932, 0.586786, -0.807904, -0.054508, -0.106381, 0.0, 0.0, 0.0, 1.0],
                [0.696487, 0.614347, -0.370787, 0.749746, 0.368591, 0.137048, 0.919434, 2.931932, 0.615667, -0.777042, -0.13099, -0.106381, 0.0, 0.0, 0.0, 1.0],
                [0.785368, 0.617653, -0.041253, 0.765285, 0.372152, -0.41785, 0.828797, 3.06702, 0.494671, -0.666263, -0.558027, -0.102398, 0.0, 0.0, 0.0, 1.0],
                [0.932045, 0.346071, 0.107361, 0.775704, 0.337395, -0.936944, 0.091109, 3.437526, 0.132121, -0.048695, -0.990037, -0.09276, 0.0, 0.0, 0.0, 1.0],
                [0.896242, 0.425163, 0.126437, 0.775706, 0.415515, -0.904492, 0.096132, 3.437653, 0.155233, -0.033621, -0.987305, -0.092757, 0.0, 0.0, 0.0, 1.0],
                [0.970296, 0.133087, -0.202024, 0.749746, 0.237462, -0.364348, 0.900479, 2.917176, 0.046235, -0.921703, -0.385128, -0.176387, 0.0, 0.0, 0.0, 1.0]
            ]
        },
        {
            "name": "Leg_Front_R2",
            "time": [0.0, 0.1167, 0.25, 0.4, 0.65, 1.1, 2.0],
            "transform": [
                [0.713931, 0.193139, 0.673052, 0.0, 0.474619, 0.573231, -0.667939, 1.253495, -0.51482, 0.796306, 0.31758, -0.0, 0.0, 0.0, 0.0, 1.0],
                [0.677007, 0.363298, 0.64006, 0.0, 0.351815, 0.604125, -0.715024, 1.253495, -0.646443, 0.709258, 0.281183, 0.0, 0.0, 0.0, 0.0, 1.0],
                [0.665051, 0.390188, 0.636757, -0.0, 0.329754, 0.611594, -0.719176, 1.253495, -0.670052, 0.688262, 0.278075, -0.0, 0.0, 0.0, 0.0, 1.0],
                [0.903942, 0.407535, -0.129629, -0.0, -0.322049, 0.449257, -0.833338, 1.253495, -0.281378, 0.795036, 0.537349, 0.0, 0.0, 0.0, 0.0, 1.0],
                [0.984921, 0.123212, -0.121447, 0.0, -0.080756, -0.293394, -0.952574, 1.253495, -0.153, 0.948018, -0.27902, -0.0, 0.0, 0.0, 0.0, 1.0],
                [0.986359, 0.104302, -0.127345, -0.0, -0.086798, -0.327768, -0.940762, 1.253494, -0.139863, 0.938983, -0.314243, 0.0, 0.0, 0.0, 0.0, 1.0],
                [0.999591, 0.025416, -0.013122, 0.0, -0.021754, 0.377645, -0.925694, 1.253495, -0.018572, 0.925601, 0.378043, 0.0, 0.0, 0.0, 0.0, 1.0]
            ]
        },
        {
            "name": "Leg_Front_R3",
            "time": [0.0, 0.1167, 0.25, 0.4, 0.65, 1.1, 2.0],
            "transform": [
                [0.937054, -0.197442, -0.288005, 0.0, -0.009855, 0.809509, -0.587025, 1.488528, 0.349046, 0.552912, 0.756608, 0.0, 0.0, 0.0, 0.0, 1.0],
                [0.985103, -0.151472, 0.081418, 0.0, 0.171532, 0.899147, -0.402631, 1.488528, -0.01222, 0.410599, 0.911734, -0.0, 0.0, 0.0, 0.0, 1.0],
                [0.97671, -0.129774, 0.170868, -0.0, 0.19165, 0.885729, -0.422794, 1.488528, -0.096475, 0.445694, 0.889972, -0.0, 0.0, 0.0, 0.0, 1.0],
                [0.519626, 0.410165, 0.749503, 0.0, 0.37482, 0.678878, -0.631376, 1.488528, -0.767789, 0.609007, 0.199024, -0.0, 0.0, 0.0, 0.0, 1.0],
                [0.993056, -0.007007, 0.117433, -0.0, 0.116345, 0.206281, -0.971551, 1.488528, -0.017416, 0.978468, 0.205664, 0.0, 0.0, 0.0, 0.0, 1.0],
                [0.990251, -0.001561, 0.139283, 0.0, 0.137995, 0.147092, -0.97945, 1.488528, -0.018959, 0.989122, 0.145873, 0.0, 0.0, 0.0, 0.0, 1.0],
                [0.970379, 0.227651, 0.080873, 0.0, -0.106393, 0.703234, -0.702952, 1.488528, -0.2169, 0.673526, 0.706624, -0.0, 0.0, 0.0, 0.0, 1.0]
            ]
        },
        {
            "name": "Leg_Front_L1",
            "time": [0.0, 0.1167, 0.25, 0.4, 0.55, 0.65, 1.0, 1.1, 2.0],
            "transform": [
                [0.465593, -0.778975, -0.420026, -0.749883, -0.043896, -0.494349, 0.868155, 2.931931, -0.88391, -0.385769, -0.264358, -0.106382, 0.0, 0.0, 0.0, 1.0],
                [0.532605, -0.784076, -0.318681, -0.749884, 0.027673, -0.360195, 0.932467, 2.931933, -0.845911, -0.505455, -0.170144, -0.106382, 0.0, 0.0, 0.0, 1.0],
                [0.554508, -0.774172, -0.305251, -0.749884, 0.024829, -0.351256, 0.93595, 2.931932, -0.831808, -0.526571, -0.175552, -0.106383, 0.0, 0.0, 0.0, 1.0],
                [0.066568, -0.997543, -0.021834, -0.74453, 0.134345, -0.012723, 0.990853, 2.993075, -0.988696, -0.068892, 0.133168, -0.101647, 0.0, 0.0, 0.0, 1.0],
                [-0.061042, -0.356671, 0.932234, -0.911993, -0.260545, 0.907288, 0.330067, 3.331701, -0.96353, -0.22274, -0.148311, -0.099969, 0.0, 0.0, 0.0, 1.0],
                [0.959149, 0.278587, 0.049214, -0.795109, -0.282448, 0.933182, 0.22225, 3.425869, 0.01599, -0.227071, 0.973747, 0.002586, 0.0, 0.0, 0.0, 1.0],
                [0.872931, 0.48158, 0.077922, -0.767597, -0.470869, 0.789972, 0.392719, 3.423169, 0.127569, -0.379507, 0.916351, 0.015976, 0.0, 0.0, 0.0, 1.0],
                [0.872931, 0.48158, 0.077922, -0.767598, -0.470869, 0.789972, 0.392718, 3.423168, 0.127569, -0.379507, 0.916351, 0.015976, 0.0, 0.0, 0.0, 1.0],
                [0.976868, -0.13781, 0.163515, -0.749883, -0.213616, -0.593676, 0.775833, 2.917176, -0.009843, -0.792816, -0.609382, -0.176387, 0.0, 0.0, 0.0, 1.0]
            ]
        },
        {
            "name": "Leg_Front_L2",
            "time": [0.0, 0.1167, 0.25, 0.4, 0.55, 0.65, 1.0, 1.1, 2.0],
            "transform": [
                [0.873849, -0.373045, -0.311809, -0.0, 0.1827, 0.846269, -0.500449, 1.253495, 0.450565, 0.380349, 0.807667, 0.0, 0.0, 0.0, 0.0, 1.0],
                [0.99946, -0.014043, -0.029698, 0.0, 0.004565, 0.954623, -0.297781, 1.253495, 0.032532, 0.297485, 0.954172, 0.0, 0.0, 0.0, 0.0, 1.0],
                [1.0, 0.0, 0.0, 0.0, 0.0, 0.956842, -0.290607, 1.253495, 0.0, 0.290607, 0.956842, 0.0, 0.0, 0.0, 0.0, 1.0],
                [0.524839, -0.505317, -0.684981, 0.0, 0.131076, 0.843102, -0.521533, 1.253495, 0.841049, 0.183936, 0.508728, 0.0, 0.0, 0.0, 0.0, 1.0],
                [0.996967, -0.033841, -0.070089, 0.0, 0.038305, 0.997255, 0.063359, 1.253495, 0.067752, -0.065851, 0.995527, -0.0, 0.0, 0.0, 0.0, 1.0],
                [0.858362, 0.435435, 0.271314, 0.0, -0.394869, 0.898343, -0.192506, 1.253495, -0.327557, 0.058106, 0.943043, -0.0, 0.0, 0.0, 0.0, 1.0],
                [0.737538, 0.587441, 0.333092, -0.0, -0.527257, 0.809113, -0.259492, 1.253495, -0.421946, 0.01576, 0.906484, -0.0, 0.0, 0.0, 0.0, 1.0],
                [0.737538, 0.587441, 0.333092, 0.0, -0.527257, 0.809113, -0.259492, 1.253495, -0.421946, 0.01576, 0.906484, -0.0, 0.0, 0.0, 0.0, 1.0],
                [0.999991, -0.000641, 0.004127, 0.0, 0.004136, 0.289174, -0.957268, 1.253495, -0.000579, 0.957276, 0.289174, -0.0, 0.0, 0.0, 0.0, 1.0]
            ]
        },
        {
            "name": "Leg_Front_L3",
            "time": [0.0, 0.1167, 0.25, 0.4, 0.55, 0.65, 1.0, 1.1, 2.0],
            "transform": [
                [0.992722, 0.112302, 0.043496, 0.0, -0.119318, 0.966146, 0.228749, 1.488528, -0.016334, -0.232274, 0.972513, -0.0, 0.0, 0.0, 0.0, 1.0],
                [0.992655, 0.120778, 0.007036, 0.0, -0.102065, 0.804793, 0.584714, 1.488528, 0.064958, -0.581137, 0.811209, -0.0, 0.0, 0.0, 0.0, 1.0],
                [0.991393, 0.129581, -0.018685, 0.0, -0.092687, 0.795482, 0.598848, 1.488528, 0.092463, -0.591961, 0.800645, 0.0, 0.0, 0.0, 0.0, 1.0],
                [0.531579, -0.194691, 0.824329, -0.0, -0.05327, 0.963613, 0.261939, 1.488528, -0.845332, -0.183154, 0.501866, 0.0, 0.0, 0.0, 0.0, 1.0],
                [0.996456, -0.040018, -0.07399, 0.0, 0.028289, 0.987779, -0.153269, 1.488527, 0.079219, 0.150632, 0.985411, -0.0, 0.0, 0.0, 0.0, 1.0],
                [0.07981, 0.427542, 0.900466, -0.0, 0.22562, 0.872155, -0.434098, 1.488528, -0.970941, 0.237808, -0.026855, -0.0, 0.0, 0.0, 0.0, 1.0],
                [-0.163342, 0.520085, 0.83835, -0.0, 0.321438, 0.83145, -0.453177, 1.488528, -0.932736, 0.195455, -0.302985, 0.0, 0.0, 0.0, 0.0, 1.0],
                [-0.163342, 0.520085, 0.83835, 0.0, 0.321438, 0.83145, -0.453177, 1.488528, -0.932736, 0.195455, -0.302985, -0.0, 0.0, 0.0, 0.0, 1.0],
                [0.976941, -0.213428, -0.005935, 0.0, 0.120129, 0.572432, -0.811105, 1.488528, 0.17651, 0.791688, 0.584871, -0.0, 0.0, 0.0, 0.0, 1.0]
            ]
        },
        {
            "name": "Wing_R1",
            "time": [0.0, 0.1167, 0.25, 0.4, 0.55, 1.1, 2.0],
            "transform": [
                [-0.484246, 0.584948, 0.650647, 0.749483, -0.671612, -0.725131, 0.152062, 2.856542, 0.560752, -0.363346, 0.744, 0.761097, 0.0, 0.0, 0.0, 1.0],
                [-0.484247, 0.584948, 0.650647, 0.749483, -0.671611, -0.725132, 0.152062, 2.856542, 0.560753, -0.363346, 0.744, 0.761098, 0.0, 0.0, 0.0, 1.0],
                [-0.484247, 0.584948, 0.650647, 0.749483, -0.671611, -0.725132, 0.152062, 2.856542, 0.560753, -0.363346, 0.744, 0.761098, 0.0, 0.0, 0.0, 1.0],
                [-0.484247, 0.584947, 0.650647, 0.749483, -0.671611, -0.725132, 0.152062, 2.856542, 0.560753, -0.363346, 0.744, 0.761097, 0.0, 0.0, 0.0, 1.0],
                [-0.454369, 0.604943, 0.653906, 0.748974, -0.664152, -0.719252, 0.203908, 2.850374, 0.593675, -0.341644, 0.72858, 0.774212, 0.0, 0.0, 0.0, 1.0],
                [-0.479541, 0.588575, 0.650861, 0.749483, -0.680909, -0.717442, 0.147105, 2.856539, 0.553537, -0.372634, 0.744808, 0.761097, 0.0, 0.0, 0.0, 1.0],
                [-0.376968, 0.572061, 0.728451, 0.749813, -0.684114, -0.702158, 0.197389, 2.861322, 0.624407, -0.423934, 0.656046, 0.744816, 0.0, 0.0, 0.0, 1.0]
            ]
        },
        {
            "name": "Wing_R2",
            "time": [0.0, 0.1167, 0.25, 0.4, 0.5, 0.65, 1.1, 2.0],
            "transform": [
                [0.807048, 0.589641, -0.031572, -0.0, -0.59018, 0.807196, -0.011025, 3.499784, 0.018984, 0.027531, 0.999441, -0.0, 0.0, 0.0, 0.0, 1.0],
                [0.807048, 0.589641, -0.031566, -0.0, -0.59018, 0.807196, -0.011023, 3.499785, 0.01898, 0.027525, 0.999441, -0.0, 0.0, 0.0, 0.0, 1.0],
                [0.807048, 0.589641, -0.031565, -0.0, -0.59018, 0.807196, -0.011022, 3.499785, 0.01898, 0.027525, 0.999441, -0.0, 0.0, 0.0, 0.0, 1.0],
                [0.807048, 0.589641, -0.031569, 0.0, -0.590181, 0.807196, -0.011024, 3.499784, 0.018982, 0.027528, 0.999441, -0.0, 0.0, 0.0, 0.0, 1.0],
                [0.807048, 0.589641, -0.031569, -0.0, -0.59018, 0.807196, -0.011024, 3.499785, 0.018982, 0.027528, 0.999441, 0.0, 0.0, 0.0, 0.0, 1.0],
                [0.807048, 0.589641, -0.031572, 0.0, -0.59018, 0.807196, -0.011025, 3.499784, 0.018984, 0.02753, 0.999441, -0.0, 0.0, 0.0, 0.0, 1.0],
                [0.807048, 0.589641, -0.031572, 0.0, -0.59018, 0.807196, -0.011025, 3.499784, 0.018984, 0.027531, 0.999441, 0.0, 0.0, 0.0, 0.0, 1.0],
                [0.816789, 0.570762, -0.084183, 0.0, -0.57421, 0.818397, -0.022557, 3.499784, 0.05602, 0.066763, 0.996195, 0.0, 0.0, 0.0, 0.0, 1.0]
            ]
        },
        {
            "name": "Wing_L1",
            "time": [0.0, 0.1167, 0.25, 0.4, 0.55, 1.1, 2.0],
            "transform": [
                [-0.437664, -0.56881, -0.696352, -0.75035, 0.697139, -0.703779, 0.136718, 2.866106, -0.567844, -0.425617, 0.704559, 0.728535, 0.0, 0.0, 0.0, 1.0],
                [-0.437664, -0.56881, -0.696352, -0.75035, 0.697139, -0.703779, 0.136718, 2.866107, -0.567845, -0.425617, 0.704559, 0.728535, 0.0, 0.0, 0.0, 1.0],
                [-0.437664, -0.56881, -0.696352, -0.75035, 0.697139, -0.703779, 0.136718, 2.866106, -0.567845, -0.425617, 0.704559, 0.728535, 0.0, 0.0, 0.0, 1.0],
                [-0.437664, -0.568809, -0.696352, -0.75035, 0.697139, -0.70378, 0.136718, 2.866106, -0.567845, -0.425617, 0.704558, 0.728534, 0.0, 0.0, 0.0, 1.0],
                [-0.468583, -0.549331, -0.691856, -0.749841, 0.65716, -0.740142, 0.142586, 2.872273, -0.590398, -0.387847, 0.707817, 0.715419, 0.0, 0.0, 0.0, 1.0],
                [-0.392964, -0.631984, -0.667964, -0.75035, 0.735449, -0.652046, 0.184259, 2.866106, -0.551992, -0.418846, 0.721023, 0.728534, 0.0, 0.0, 0.0, 1.0],
                [-0.376968, -0.572061, -0.728451, -0.75068, 0.684113, -0.702158, 0.197389, 2.861323, -0.624407, -0.423934, 0.656046, 0.744816, 0.0, 0.0, 0.0, 1.0]
            ]
        },
        {
            "name": "Wing_L2",
            "time": [0.0, 0.1167, 0.25, 0.4, 0.5, 0.65, 1.1, 2.0],
            "transform": [
                [0.810068, -0.586327, -0.003244, -0.0, 0.586319, 0.809992, 0.011959, 3.499785, -0.004384, -0.011589, 0.999923, 0.0, 0.0, 0.0, 0.0, 1.0],
                [0.810068, -0.586326, -0.003239, 0.0, 0.586319, 0.809992, 0.011941, 3.499784, -0.004378, -0.011572, 0.999924, -0.0, 0.0, 0.0, 0.0, 1.0],
                [0.810068, -0.586327, -0.003239, 0.0, 0.586319, 0.809992, 0.01194, 3.499784, -0.004378, -0.011571, 0.999924, 0.0, 0.0, 0.0, 0.0, 1.0],
                [0.810068, -0.586326, -0.003241, 0.0, 0.586319, 0.809992, 0.01195, 3.499784, -0.004381, -0.01158, 0.999923, 0.0, 0.0, 0.0, 0.0, 1.0],
                [0.810068, -0.586327, -0.003238, 0.0, 0.586319, 0.809992, 0.01194, 3.499785, -0.004378, -0.011571, 0.999924, -0.0, 0.0, 0.0, 0.0, 1.0],
                [0.810068, -0.586326, -0.003242, 0.0, 0.586319, 0.809992, 0.011952, 3.499784, -0.004382, -0.011582, 0.999923, -0.0, 0.0, 0.0, 0.0, 1.0],
                [0.810068, -0.586327, -0.003242, -0.0, 0.586319, 0.809992, 0.011954, 3.499784, -0.004383, -0.011585, 0.999923, 0.0, 0.0, 0.0, 0.0, 1.0],
                [0.825491, -0.564337, -0.009405, -0.0, 0.564337, 0.824984, 0.030415, 3.499784, -0.009405, -0.030415, 0.999493, 0.0, 0.0, 0.0, 0.0, 1.0]
            ]
        },
        {
            "name": "Neck1",
            "time": [0.0, 0.1167, 0.25, 0.4, 0.5, 0.65, 1.1, 2.0],
            "transform": [
                [0.98265, -0.18236, -0.033822, -0.0, 0.176199, 0.974811, -0.136736, 3.493826, 0.057905, 0.128404, 0.99003, 2e-06, 0.0, 0.0, 0.0, 1.0],
                [0.999973, 0.001094, 0.007277, -1e-06, -0.001808, 0.995104, 0.098819, 3.493827, -0.007133, -0.098829, 0.995079, 2e-06, 0.0, 0.0, 0.0, 1.0],
                [0.999916, 0.00841, 0.009873, -1e-06, -0.009429, 0.994082, 0.108221, 3.493827, -0.008905, -0.108305, 0.994078, 2e-06, 0.0, 0.0, 0.0, 1.0],
                [0.997905, -0.059754, -0.024821, 0.0, 0.061614, 0.994683, 0.082521, 3.493828, 0.019758, -0.083877, 0.99628, 2e-06, 0.0, 0.0, 0.0, 1.0],
                [0.999843, 0.017736, 0.000532, -0.0, -0.017736, 0.998044, 0.059951, 3.493829, 0.000532, -0.059951, 0.998201, 4e-06, 0.0, 0.0, 0.0, 1.0],
                [0.609374, 0.760449, 0.224457, -3e-06, -0.784415, 0.619469, 0.030862, 3.493827, -0.115575, -0.194874, 0.973995, 2e-06, 0.0, 0.0, 0.0, 1.0],
                [0.476276, 0.84058, 0.258043, -3e-06, -0.871295, 0.490663, 0.009825, 3.493827, -0.118354, -0.229511, 0.966083, 1e-06, 0.0, 0.0, 0.0, 1.0],
                [1.0, 0.0, -0.0, 0.0, -0.0, 0.919809, 0.392368, 3.493828, 0.0, -0.392368, 0.919809, 2e-06, 0.0, 0.0, 0.0, 1.0]
            ]
        },
        {
            "name": "Neck2",
            "time": [0.0, 0.1167, 0.25, 0.4, 0.5, 0.65, 1.1, 2.0],
            "transform": [
                [0.996393, -0.068726, -0.049773, 0.0, 0.060502, 0.986653, -0.151179, 0.623754, 0.059499, 0.147623, 0.987252, 0.0, 0.0, 0.0, 0.0, 1.0],
                [0.999586, -0.013566, -0.025401, 0.0, 0.008382, 0.980956, -0.194051, 0.623755, 0.02755, 0.193757, 0.980663, -0.0, 0.0, 0.0, 0.0, 1.0],
                [0.999766, -0.004272, -0.021214, 0.0, 3.6e-05, 0.980653, -0.195756, 0.623754, 0.02164, 0.195709, 0.980423, 0.0, 0.0, 0.0, 0.0, 1.0],
                [0.999757, -0.006952, -0.020942, 0.0, 0.003186, 0.984609, -0.174743, 0.623754, 0.021835, 0.174634, 0.984391, 0.0, 0.0, 0.0, 0.0, 1.0],
                [0.997798, -0.065915, 0.007445, 0.0, 0.065915, 0.972631, -0.222811, 0.623754, 0.007445, 0.222811, 0.974833, 0.0, 0.0, 0.0, 0.0, 1.0],
                [0.997856, -0.065251, 0.005166, -0.0, 0.065251, 0.98541, -0.157192, 0.623754, 0.005166, 0.157192, 0.987554, -0.0, 0.0, 0.0, 0.0, 1.0],
                [0.99787, -0.065073, 0.004637, -0.0, 0.065073, 0.987778, -0.141637, 0.623755, 0.004637, 0.141637, 0.989908, 0.0, 0.0, 0.0, 0.0, 1.0],
                [1.0, 0.0, -0.0, 0.0, -0.0, 0.988476, -0.151382, 0.623754, -0.0, 0.151382, 0.988475, 0.0, 0.0, 0.0, 0.0, 1.0]
            ]
        },
        {
            "name": "Neck3",
            "time": [0.0, 0.1167, 0.25, 0.4, 0.5, 0.65, 1.1, 2.0],
            "transform": [
                [0.999235, -0.020962, -0.033008, -0.0, 0.016522, 0.991448, -0.12945, 0.626763, 0.035439, 0.128806, 0.991036, 0.0, 0.0, 0.0, 0.0, 1.0],
                [0.997224, 0.073659, -0.010951, 0.0, -0.072359, 0.923687, -0.376253, 0.626764, -0.017599, 0.376, 0.926452, 0.0, 0.0, 0.0, 0.0, 1.0],
                [0.996927, 0.077627, -0.010569, 0.0, -0.075682, 0.919396, -0.385983, 0.626764, -0.020245, 0.385597, 0.922445, -0.0, 0.0, 0.0, 0.0, 1.0],
                [0.999569, 0.023442, -0.017681, 0.0, -0.027785, 0.949844, -0.311487, 0.626763, 0.009492, 0.311844, 0.950086, 0.0, 0.0, 0.0, 0.0, 1.0],
                [0.993835, -0.108893, 0.020839, 0.0, 0.108893, 0.923392, -0.368089, 0.626763, 0.020839, 0.368089, 0.929557, 0.0, 0.0, 0.0, 0.0, 1.0],
                [0.98996, -0.139494, 0.022842, 0.0, 0.139494, 0.937993, -0.317349, 0.626764, 0.022842, 0.317349, 0.948034, 0.0, 0.0, 0.0, 0.0, 1.0],
                [0.989861, -0.140317, 0.022069, 0.0, 0.140317, 0.941825, -0.305412, 0.626764, 0.022069, 0.305412, 0.951964, -0.0, 0.0, 0.0, 0.0, 1.0],
                [1.0, 0.0, -0.0, 0.0, -0.0, 0.988876, -0.148738, 0.626764, -0.0, 0.148738, 0.988876, -0.0, 0.0, 0.0, 0.0, 1.0]
            ]
        },
        {
            "name": "Neck4",
            "time": [0.0, 0.1167, 0.25, 0.4, 0.5, 0.65, 1.1, 2.0],
            "transform": [
                [0.999904, -0.003833, -0.013266, 0.0, 0.002606, 0.995821, -0.091286, 0.624224, 0.013561, 0.091243, 0.995737, 0.0, 0.0, 0.0, 0.0, 1.0],
                [0.999326, 0.034951, -0.011194, 0.0, -0.036616, 0.970075, -0.240027, 0.624224, 0.00247, 0.240275, 0.970702, 0.0, 0.0, 0.0, 0.0, 1.0],
                [0.999125, 0.040327, -0.011045, -0.0, -0.041812, 0.964488, -0.260796, 0.624224, 0.000136, 0.26103, 0.965331, 0.0, 0.0, 0.0, 0.0, 1.0],
                [0.999419, 0.032299, -0.01083, 0.0, -0.034066, 0.949828, -0.310911, 0.624224, 0.000245, 0.311099, 0.950377, -0.0, 0.0, 0.0, 0.0, 1.0],
                [0.994076, -0.106823, 0.020023, 0.0, 0.106823, 0.926392, -0.36109, 0.624224, 0.020023, 0.36109, 0.932316, 0.0, 0.0, 0.0, 0.0, 1.0],
                [0.988977, -0.145984, 0.024739, 0.0, 0.145984, 0.933453, -0.32765, 0.624224, 0.024739, 0.32765, 0.944475, 0.0, 0.0, 0.0, 0.0, 1.0],
                [0.988842, -0.146976, 0.024287, 0.0, 0.146976, 0.93598, -0.319905, 0.624224, 0.024287, 0.319905, 0.947138, 0.0, 0.0, 0.0, 0.0, 1.0],
                [1.0, 0.0, -0.0, 0.0, -0.0, 0.994033, -0.109084, 0.624224, -0.0, 0.109084, 0.994033, -0.0, 0.0, 0.0, 0.0, 1.0]
            ]
        },
        {
            "name": "Neck5",
            "time": [0.0, 0.1167, 0.25, 0.4, 0.5, 0.65, 1.1, 2.0],
            "transform": [
                [0.999996, 0.001215, -0.002513, 0.0, -0.001332, 0.998899, -0.046891, 0.624445, 0.002453, 0.046894, 0.998897, 0.0, 0.0, 0.0, 0.0, 1.0],
                [0.999728, 0.02312, -0.002939, 0.0, -0.023303, 0.989689, -0.141324, 0.624445, -0.000359, 0.141355, 0.989959, -0.0, 0.0, 0.0, 0.0, 1.0],
                [0.999654, 0.026106, -0.003105, 0.0, -0.026272, 0.987549, -0.155101, 0.624445, -0.000983, 0.155129, 0.987894, -0.0, 0.0, 0.0, 0.0, 1.0],
                [0.999745, 0.022318, -0.003248, -0.0, -0.022526, 0.981125, -0.192061, 0.624445, -0.0011, 0.192085, 0.981378, 0.0, 0.0, 0.0, 0.0, 1.0],
                [0.997804, -0.06581, 0.007421, 0.0, 0.06581, 0.97272, -0.222455, 0.624445, 0.007421, 0.222455, 0.974915, -0.0, 0.0, 0.0, 0.0, 1.0],
                [0.995687, -0.09227, 0.009628, 0.0, 0.09227, 0.974192, -0.206004, 0.624445, 0.009628, 0.206004, 0.978504, 0.0, 0.0, 0.0, 0.0, 1.0],
                [0.995631, -0.092884, 0.009508, 0.0, 0.092884, 0.974936, -0.202171, 0.624445, 0.009508, 0.202171, 0.979304, -0.0, 0.0, 0.0, 0.0, 1.0],
                [1.0, 0.0, -0.0, -0.0, -0.0, 0.997975, -0.063613, 0.624445, -0.0, 0.063613, 0.997975, 0.0, 0.0, 0.0, 0.0, 1.0]
            ]
        },
        {
            "name": "Head",
            "time": [0.0, 0.1167, 0.25, 0.4, 0.5, 0.65, 1.1, 2.0],
            "transform": [
                [0.927708, 0.35869, 0.103434, -0.0, -0.351495, 0.745987, 0.565645, 0.629229, 0.125731, -0.56111, 0.818136, -0.0, 0.0, 0.0, 0.0, 1.0],
                [0.963808, 0.239509, -0.117087, -0.0, -0.093638, 0.715337, 0.692477, 0.629229, 0.249611, -0.656452, 0.711875, -0.0, 0.0, 0.0, 0.0, 1.0],
                [0.970606, 0.195162, -0.140841, 0.0, -0.036073, 0.696547, 0.716603, 0.629229, 0.237956, -0.690459, 0.683113, -0.0, 0.0, 0.0, 0.0, 1.0],
                [0.99452, 0.073673, -0.074173, -0.0, 0.007332, 0.65859, 0.752466, 0.629229, 0.104286, -0.748887, 0.65444, -0.0, 0.0, 0.0, 0.0, 1.0],
                [0.996257, 0.086076, 0.007875, -0.0, -0.040986, 0.390225, 0.919807, 0.629229, 0.076101, -0.916687, 0.392292, -0.0, 0.0, 0.0, 0.0, 1.0],
                [0.541669, -0.836739, 0.080391, 0.0, 0.637006, 0.471, 0.610231, 0.629229, -0.548468, -0.279334, 0.788134, 0.0, 0.0, 0.0, 0.0, 1.0],
                [0.348321, -0.925983, 0.145698, 0.0, 0.768601, 0.37111, 0.521085, 0.629229, -0.536586, -0.069521, 0.840977, -0.0, 0.0, 0.0, 0.0, 1.0],
                [1.0, -0.0, -0.0, 0.0, 0.0, 0.999955, 0.009481, 0.629229, 0.0, -0.009481, 0.999955, 0.0, 0.0, 0.0, 0.0, 1.0]
            ]
        },
        {
            "name": "Mouth_Upper",
            "time": [0.0, 0.1167, 0.25, 0.4, 0.5, 0.65, 1.1, 2.0],
            "transform": [
                [1.0, -1e-06, 0.0, 0.001002, 1e-06, 0.99845, -0.055646, 0.873064, 0.0, 0.055646, 0.998451, -0.249923, 0.0, 0.0, 0.0, 1.0],
                [1.0, -1e-06, 0.0, 0.001003, 1e-06, 0.998451, -0.055641, 0.873062, 0.0, 0.055641, 0.998451, -0.249923, 0.0, 0.0, 0.0, 1.0],
                [1.0, -1e-06, -0.0, 0.001003, 1e-06, 0.998451, -0.05564, 0.873062, 0.0, 0.05564, 0.998451, -0.249923, 0.0, 0.0, 0.0, 1.0],
                [1.0, -1e-06, 0.0, 0.001002, 1e-06, 0.998451, -0.05564, 0.873063, 0.0, 0.05564, 0.998451, -0.249922, 0.0, 0.0, 0.0, 1.0],
                [1.0, 0.0, 0.0, 0.001002, -0.0, 0.998451, -0.055646, 0.873061, -0.0, 0.055646, 0.998451, -0.249922, 0.0, 0.0, 0.0, 1.0],
                [1.0, 0.0, 0.0, 0.001001, -0.0, 0.99845, -0.055648, 0.873064, -0.0, 0.055648, 0.998451, -0.249922, 0.0, 0.0, 0.0, 1.0],
                [1.0, 0.0, 0.0, 0.001002, 0.0, 0.99845, -0.055648, 0.873064, -0.0, 0.055648, 0.99845, -0.249922, 0.0, 0.0, 0.0, 1.0],
                [1.0, 0.0, -0.0, 0.001002, -0.0, 0.99845, -0.05565, 0.873064, 0.0, 0.05565, 0.99845, -0.249922, 0.0, 0.0, 0.0, 1.0]
            ]
        },
        {
            "name": "Mouse_Lower",
            "time": [0.0, 0.1167, 0.25, 0.4, 0.5, 0.65, 1.1, 2.0],
            "transform": [
                [1.0, -2e-06, -0.0, 0.001002, 2e-06, 1.0, -0.0, 0.873065, 0.0, 0.0, 1.0, -0.257516, 0.0, 0.0, 0.0, 1.0],
                [1.0, -1e-06, -0.0, 0.001002, 1e-06, 1.0, 0.0, 0.873065, -0.0, -0.0, 1.0, -0.257517, 0.0, 0.0, 0.0, 1.0],
                [1.0, -1e-06, 0.0, 0.001002, 1e-06, 1.0, 0.0, 0.873065, -0.0, -0.0, 1.0, -0.257516, 0.0, 0.0, 0.0, 1.0],
                [1.0, -1e-06, -0.0, 0.001002, 1e-06, 1.0, -0.0, 0.873065, 0.0, 0.0, 1.0, -0.257515, 0.0, 0.0, 0.0, 1.0],
                [1.0, 0.0, -0.0, 0.001002, -0.0, 1.0, -0.0, 0.873066, -0.0, 0.0, 1.0, -0.257516, 0.0, 0.0, 0.0, 1.0],
                [1.0, 0.0, 0.0, 0.001001, -0.0, 1.0, -0.0, 0.873067, 0.0, 0.0, 1.0, -0.257517, 0.0, 0.0, 0.0, 1.0],
                [1.0, -0.0, -0.0, 0.001002, 0.0, 1.0, -0.0, 0.873066, 0.0, 0.0, 1.0, -0.257517, 0.0, 0.0, 0.0, 1.0],
                [1.0, -0.0, 0.0, 0.001002, -0.0, 1.0, 0.0, 0.873064, 0.0, 0.0, 1.0, -0.257517, 0.0, 0.0, 0.0, 1.0]
            ]
        }
    ]
}