{
    "animation": [
        {
            "name": "Root",
            "time": [0.0, 0.1667, 0.4167, 0.8, 1.0167, 1.2, 1.4333, 1.9],
            "transform": [
                [1.0, 0.0, 0.0, -0.0, 0.0, 0.948717, -0.316128, -1.356869, 0.0, 0.316128, 0.948717, 2.142643, 0.0, 0.0, 0.0, 1.0],
                [1.0, 0.0, 0.0, -0.0, 0.0, 0.946679, -0.322179, -1.952519, 0.0, 0.322179, 0.946679, 1.935653, 0.0, 0.0, 0.0, 1.0],
                [1.0, 0.0, 0.0, 0.0, 0.0, 0.946478, -0.322768, -2.010632, 0.0, 0.322768, 0.946478, 1.915459, 0.0, 0.0, 0.0, 1.0],
                [1.0, 0.0, 0.0, 0.0, 0.0, 0.999548, 0.030054, 7.484258, 0.0, -0.030054, 0.999548, 6.149073, 0.0, 0.0, 0.0, 1.0],
                [1.0, 0.0, 0.0, 0.0, 0.0, 0.999107, 0.042257, 11.691433, 0.0, -0.042257, 0.999107, 3.6383, 0.0, 0.0, 0.0, 1.0],
                [1.0, 0.0, 0.0, 0.0, 0.0, 0.985197, 0.171425, 14.50872, 0.0, -0.171425, 0.985197, 1.450093, 0.0, 0.0, 0.0, 1.0],
                [1.0, 0.0, 0.0, -0.0, 0.0, 0.985197, 0.171425, 15.266199, 0.0, -0.171425, 0.985197, 1.450093, 0.0, 0.0, 0.0, 1.0],
                [1.0, 0.0, 0.0, -0.0, 0.0, 0.985197, 0.171425, 15.266199, 0.0, -0.171425, 0.985197, 1.450093, 0.0, 0.0, 0.0, 1.0]
            ]
        },
        {
            "name": "Leg_Back_R1",
            "time": [0.0, 0.1667, 0.4167, 0.6333, 0.8, 1.0167, 1.2, 1.4333, 1.9],
            "transform": [
                [0.892043, 0.436562, 0.116929, 0.999855, -0.426044, 0.725945, 0.539898, 0.086325, 0.150815, -0.531429, 0.833568, -0.271295, 0.0, 0.0, 0.0, 1.0],
                [0.919484, 0.392435, 0.023291, 0.999855, -0.383426, 0.882143, 0.273509, 0.086326, 0.086788, -0.260418, 0.961586, -0.271295, 0.0, 0.0, 0.0, 1.0],
                [0.922126, 0.386595, 0.015082, 0.999855, -0.378225, 0.892587, 0.245428, 0.086325, 0.081419, -0.232019, 0.969297, -0.271295, 0.0, 0.0, 0.0, 1.0],
                [0.850342, 0.091539, 0.518206, 0.999855, -0.188779, -0.866142, 0.462775, 0.086323, 0.491202, -0.491344, -0.719236, -0.271296, 0.0, 0.0, 0.0, 1.0],
                [0.99408, 0.10864, -0.001181, 0.999854, 0.103177, -0.94057, 0.323546, 0.086321, 0.03404, -0.321752, -0.94621, -0.271296, 0.0, 0.0, 0.0, 1.0],
                [0.999981, -0.004046, 0.004447, 0.999854, -0.005607, -0.894547, 0.446938, 0.086321, 0.002169, -0.446955, -0.894552, -0.271295, 0.0, 0.0, 0.0, 1.0],
                [0.999771, 0.018585, -0.01054, 0.999855, 0.021359, -0.857192, 0.514554, 0.086323, 0.000528, -0.514661, -0.857392, -0.271296, 0.0, 0.0, 0.0, 1.0],
                [0.999238, 0.030461, -0.024381, 0.999855, 0.03897, -0.809586, 0.585706, 0.086322, -0.001897, -0.58621, -0.810156, -0.271296, 0.0, 0.0, 0.0, 1.0],
                [0.999238, 0.030461, -0.024381, 0.999855, 0.03897, -0.809586, 0.585706, 0.086322, -0.001897, -0.58621, -0.810156, -0.271296, 0.0, 0.0, 0.0, 1.0]
            ]
        },
        {
            "name": "Leg_Back_R2",
            "time": [0.0, 0.1667, 0.4167, 0.6333, 0.8, 1.0167, 1.2, 1.4333, 1.9],
            "transform": [
                [0.918766, 0.193927, 0.343892, -0.0, -0.178272, -0.573408, 0.799638, 1.692269, 0.352263, -0.795987, -0.492256, -0.0, 0.0, 0.0, 0.0, 1.0],
                [0.944119, 0.15769, 0.289435, 0.0, -0.113411, -0.669092, 0.734475, 1.692268, 0.309478, -0.726258, -0.613818, 0.0, 0.0, 0.0, 0.0, 1.0],
                [0.946353, 0.154532, 0.283789, 0.0, -0.107372, -0.677952, 0.727222, 1.692268, 0.304774, -0.71868, -0.624989, 0.0, 0.0, 0.0, 0.0, 1.0],
                [0.999833, 0.000486, 0.018292, 0.0, -0.000608, 0.999978, 0.006673, 1.692268, -0.018288, -0.006683, 0.99981, 0.0, 0.0, 0.0, 0.0, 1.0],
                [1.0, 0.000501, -0.000131, -0.0, -0.0005, 0.999998, 0.001713, 1.692268, 0.000132, -0.001713, 0.999998, 1e-06, 0.0, 0.0, 0.0, 1.0],
                [0.968407, 0.205652, 0.141051, -0.0, -0.198149, 0.291142, 0.935934, 1.692269, 0.151411, -0.934314, 0.322694, -0.0, 0.0, 0.0, 0.0, 1.0],
                [0.986594, 0.161788, 0.021366, 0.0, -0.140068, 0.772319, 0.6196, 1.692267, 0.083742, -0.614287, 0.784626, -0.0, 0.0, 0.0, 0.0, 1.0],
                [0.990768, 0.135539, -0.002929, -0.0, -0.119514, 0.883419, 0.453087, 1.69227, 0.063998, -0.448554, 0.891461, -0.0, 0.0, 0.0, 0.0, 1.0],
                [0.990768, 0.135539, -0.002929, -0.0, -0.119514, 0.883419, 0.453087, 1.69227, 0.063998, -0.448554, 0.891461, -0.0, 0.0, 0.0, 0.0, 1.0]
            ]
        },
        {
            "name": "Leg_Back_R3",
            "time": [0.0, 0.1667, 0.4167, 0.6333, 0.8, 1.0167, 1.2, 1.4333, 1.9],
            "transform": [
                [0.918553, 0.047942, 0.392379, 0.0, 0.296194, -0.740822, -0.602871, 2.159911, 0.26178, 0.669989, -0.694684, 0.0, 0.0, 0.0, 0.0, 1.0],
                [0.963982, 0.000121, 0.265967, 0.0, 0.2079, -0.624029, -0.753236, 2.159911, 0.16588, 0.781401, -0.601578, 0.0, 0.0, 0.0, 0.0, 1.0],
                [0.967472, -0.003354, 0.252957, -0.0, 0.198187, -0.611403, -0.7661, 2.159911, 0.157228, 0.791312, -0.59085, -0.0, 0.0, 0.0, 0.0, 1.0],
                [0.907571, 0.099374, 0.407969, 0.0, 0.39566, -0.527714, -0.751646, 2.159911, 0.140597, 0.843589, -0.518257, 0.0, 0.0, 0.0, 0.0, 1.0],
                [1.0, 0.0, -0.0, 0.0, 0.0, 0.982889, -0.184198, 2.159911, -0.0, 0.184198, 0.982889, -0.0, 0.0, 0.0, 0.0, 1.0],
                [0.96094, -0.039554, 0.273915, -0.0, 0.258164, 0.484751, -0.835684, 2.159912, -0.099726, 0.873757, 0.476028, -1e-06, 0.0, 0.0, 0.0, 1.0],
                [1.0, -0.0, -0.0, -0.0, -0.0, 0.994558, 0.104183, 2.15991, -0.0, -0.104182, 0.994558, -0.0, 0.0, 0.0, 0.0, 1.0],
                [1.0, -0.0, 0.0, -0.0, 0.0, 0.982889, -0.184198, 2.159912, 0.0, 0.184198, 0.982889, -0.0, 0.0, 0.0, 0.0, 1.0],
                [1.0, -0.0, 0.0, -0.0, 0.0, 0.982889, -0.184198, 2.159912, 0.0, 0.184198, 0.982889, -0.0, 0.0, 0.0, 0.0, 1.0]
            ]
        },
        {
            "name": "Leg_Back_L1",
            "time": [0.0, 0.1667, 0.4167, 0.6333, 0.8, 1.0167, 1.2, 1.4333, 1.9],
            "transform": [
                [0.837422, -0.54596, -0.025506, -0.999947, 0.483181, 0.717702, 0.501437, 0.086325, -0.255459, -0.432238, 0.864818, -0.271296, 0.0, 0.0, 0.0, 1.0],
                [0.856804, -0.509585, 0.078794, -0.999947, 0.503779, 0.859851, 0.08284, 0.086325, -0.109965, -0.031283, 0.993442, -0.271296, 0.0, 0.0, 0.0, 1.0],
                [0.859391, -0.503744, 0.087677, -0.999947, 0.502259, 0.863798, 0.039872, 0.086325, -0.09582, 0.009771, 0.99535, -0.271296, 0.0, 0.0, 0.0, 1.0],
                [0.855516, -0.098419, -0.508335, -0.999947, 0.220078, -0.819549, 0.529059, 0.086322, -0.468675, -0.564493, -0.679477, -0.271296, 0.0, 0.0, 0.0, 1.0],
                [0.994257, -0.090657, 0.056869, -0.999947, -0.103902, -0.945019, 0.310069, 0.086321, 0.025632, -0.314198, -0.94901, -0.271296, 0.0, 0.0, 0.0, 1.0],
                [0.993392, -0.082861, 0.079408, -0.999947, -0.109911, -0.886008, 0.450453, 0.086321, 0.033031, -0.456205, -0.88926, -0.271295, 0.0, 0.0, 0.0, 1.0],
                [0.994323, -0.075456, 0.075009, -0.999947, -0.103226, -0.854965, 0.508309, 0.086322, 0.025775, -0.513167, -0.857901, -0.271296, 0.0, 0.0, 0.0, 1.0],
                [0.993651, -0.076929, 0.082091, -0.999947, -0.109887, -0.820099, 0.561571, 0.086321, 0.024121, -0.567027, -0.823345, -0.271297, 0.0, 0.0, 0.0, 1.0],
                [0.993651, -0.076929, 0.082091, -0.999947, -0.109887, -0.820099, 0.561571, 0.086321, 0.024121, -0.567027, -0.823345, -0.271297, 0.0, 0.0, 0.0, 1.0]
            ]
        },
        {
            "name": "Leg_Back_L2",
            "time": [0.0, 0.1667, 0.4167, 0.6333, 0.8, 1.0167, 1.2, 1.4333, 1.9],
            "transform": [
                [0.999988, 0.003776, 0.003088, 0.0, -0.000246, -0.593257, 0.805013, 1.692269, 0.004872, -0.805004, -0.593249, -0.0, 0.0, 0.0, 0.0, 1.0],
                [0.999983, 0.005099, 0.002641, -0.0, 0.000865, -0.588448, 0.808535, 1.692269, 0.005677, -0.80852, -0.588442, 0.0, 0.0, 0.0, 0.0, 1.0],
                [0.999983, 0.005228, 0.002598, 0.0, 0.000973, -0.587977, 0.808877, 1.692269, 0.005756, -0.808861, -0.587972, -0.0, 0.0, 0.0, 0.0, 1.0],
                [1.0, 0.0, -0.0, -0.0, -0.0, 0.99995, 0.010036, 1.692268, 0.0, -0.010036, 0.99995, -0.0, 0.0, 0.0, 0.0, 1.0],
                [1.0, -1e-06, 0.0, -0.0, 1e-06, 0.999998, 0.001947, 1.692269, -0.0, -0.001947, 0.999998, 0.0, 0.0, 0.0, 0.0, 1.0],
                [1.0, -0.0, -0.0, 0.0, 0.0, 0.289453, 0.957192, 1.69227, -0.0, -0.957192, 0.289453, -0.0, 0.0, 0.0, 0.0, 1.0],
                [1.0, -0.0, 0.0, -0.0, 0.0, 0.779962, 0.625828, 1.692268, -0.0, -0.625828, 0.779962, -1e-06, 0.0, 0.0, 0.0, 1.0],
                [1.0, -1e-06, 0.0, 0.0, 1e-06, 0.903999, 0.427536, 1.692268, -0.0, -0.427536, 0.903999, -1e-06, 0.0, 0.0, 0.0, 1.0],
                [1.0, -1e-06, 0.0, 0.0, 1e-06, 0.903999, 0.427536, 1.692268, -0.0, -0.427536, 0.903999, -1e-06, 0.0, 0.0, 0.0, 1.0]
            ]
        },
        {
            "name": "Leg_Back_L3",
            "time": [0.0, 0.1667, 0.4167, 0.6333, 0.8, 1.0167, 1.2, 1.4333, 1.9],
            "transform": [
                [0.879244, 0.468227, -0.087712, -0.0, 0.293224, -0.677064, -0.674985, 2.159911, -0.375433, 0.567757, -0.7326, 0.0, 0.0, 0.0, 0.0, 1.0],
                [0.866933, 0.494678, 0.060992, 0.0, 0.234358, -0.296569, -0.92581, 2.159911, -0.43989, 0.816909, -0.373037, 0.0, 0.0, 0.0, 0.0, 1.0],
                [0.866417, 0.493546, 0.075723, 0.0, 0.227204, -0.254638, -0.939967, 2.15991, -0.444635, 0.831608, -0.332758, -0.0, 0.0, 0.0, 0.0, 1.0],
                [0.90111, 0.07083, -0.427767, 0.0, -0.272251, -0.675411, -0.685346, 2.159911, -0.337462, 0.734032, -0.589336, -0.0, 0.0, 0.0, 0.0, 1.0],
                [1.0, 0.0, -0.0, -0.0, -0.0, 0.982889, -0.184198, 2.159911, 0.0, 0.184198, 0.982889, -0.0, 0.0, 0.0, 0.0, 1.0],
                [0.991333, 0.005206, -0.131268, -0.0, -0.118291, 0.470021, -0.874693, 2.15991, 0.057145, 0.88264, 0.466564, -0.0, 0.0, 0.0, 0.0, 1.0],
                [1.0, 0.0, -0.0, 0.0, -0.0, 0.994558, 0.104183, 2.159911, 0.0, -0.104183, 0.994558, 0.0, 0.0, 0.0, 0.0, 1.0],
                [1.0, 0.0, -0.0, 0.0, 0.0, 0.982889, -0.184198, 2.159911, 0.0, 0.184198, 0.982889, -0.0, 0.0, 0.0, 0.0, 1.0],
                [1.0, 0.0, -0.0, 0.0, 0.0, 0.982889, -0.184198, 2.159911, 0.0, 0.184198, 0.982889, -0.0, 0.0, 0.0, 0.0, 1.0]
            ]
        },
        {
            "name": "Torso",
            "time": [0.0, 0.4167, 0.8, 1.0167, 1.2, 1.9],
            "transform": [
                [1.0, -0.0, 0.0, 0.0, 0.0, 0.999858, -0.016872, 0.273754, -0.0, 0.016872, 0.999858, 0.0, 0.0, 0.0, 0.0, 1.0],
                [1.0, -0.0, 0.0, 0.0, 0.0, 0.999858, -0.016872, 0.273754, -0.0, 0.016872, 0.999858, 0.0, 0.0, 0.0, 0.0, 1.0],
                [1.0, 0.0, -0.0, 0.0, -0.0, 0.999858, -0.016865, 0.273754, 0.0, 0.016865, 0.999858, 1e-06, 0.0, 0.0, 0.0, 1.0],
                [1.0, 0.0, -0.0, -0.0, -0.0, 0.999858, -0.016862, 0.273752, 0.0, 0.016862, 0.999858, -0.0, 0.0, 0.0, 0.0, 1.0],
                [1.0, 0.0, -0.0, -0.0, -0.0, 0.999858, -0.016865, 0.273754, 0.0, 0.016865, 0.999858, -0.0, 0.0, 0.0, 0.0, 1.0],
                [1.0, 0.0, -0.0, 0.0, -0.0, 0.999858, -0.016865, 0.273755, 0.0, 0.016865, 0.999858, 0.0, 0.0, 0.0, 0.0, 1.0]
            ]
        },
        {
            "name": "Tail1",
            "time": [0.0, 0.4167, 0.8, 1.0167, 1.2, 1.4333, 1.9],
            "transform": [
                [-1.0, -0.0, -0.0, -1e-06, 0.0, -0.93514, -0.354278, -0.516186, 0.0, -0.354279, 0.93514, 0.429314, 0.0, 0.0, 0.0, 1.0],
                [-1.0, -0.0, -0.0, -1e-06, 0.0, -0.999833, -0.018269, -0.516186, 0.0, -0.018269, 0.999833, 0.429314, 0.0, 0.0, 0.0, 1.0],
                [-0.999933, -0.011301, 0.00269, -1e-06, 0.009735, -0.941508, -0.336849, -0.516186, 0.006339, -0.3368, 0.941555, 0.429316, 0.0, 0.0, 0.0, 1.0],
                [-1.0, -0.0, -0.0, -1e-06, 0.0, -0.728953, -0.684563, -0.516187, 0.0, -0.684563, 0.728953, 0.429315, 0.0, 0.0, 0.0, 1.0],
                [-1.0, -1e-06, -0.0, -1e-06, 1e-06, -0.480819, -0.87682, -0.516185, 0.0, -0.87682, 0.480819, 0.429314, 0.0, 0.0, 0.0, 1.0],
                [-1.0, -1e-06, -0.0, -1e-06, 1e-06, -0.480817, -0.876821, -0.516187, 0.0, -0.876821, 0.480817, 0.429314, 0.0, 0.0, 0.0, 1.0],
                [-1.0, -1e-06, -0.0, -1e-06, 1e-06, -0.480817, -0.876821, -0.516187, 0.0, -0.876821, 0.480817, 0.429314, 0.0, 0.0, 0.0, 1.0]
            ]
        },
        {
            "name": "Tail2",
            "time": [0.0, 0.4167, 0.8, 1.0167, 1.2, 1.4333, 1.9],
            "transform": [
                [0.999999, -0.0, -0.0, 0.0, 0.0, 0.995858, -0.090927, 0.615504, 0.0, 0.090927, 0.995858, -0.0, 0.0, 0.0, 0.0, 1.0],
                [0.999999, 0.0, -0.0, 0.0, -0.0, 0.999147, -0.041305, 0.615504, -0.0, 0.041305, 0.999147, 0.0, 0.0, 0.0, 0.0, 1.0],
                [0.999933, 0.011504, 0.000237, 0.0, -0.011061, 0.955378, 0.295177, 0.615505, 0.003169, -0.29516, 0.955442, -0.0, 0.0, 0.0, 0.0, 1.0],
                [0.999999, -0.0, -0.0, -0.0, 0.0, 0.999307, -0.037234, 0.615504, 0.0, 0.037234, 0.999307, -0.0, 0.0, 0.0, 0.0, 1.0],
                [0.999999, -0.0, 0.0, 0.0, 0.0, 0.964602, -0.263709, 0.615503, 0.0, 0.263709, 0.964602, 0.0, 0.0, 0.0, 0.0, 1.0],
                [0.999999, -0.0, 0.0, 0.0, 0.0, 0.964603, -0.263708, 0.615503, 0.0, 0.263708, 0.964603, -1e-06, 0.0, 0.0, 0.0, 1.0],
                [0.999999, -0.0, 0.0, 0.0, 0.0, 0.964603, -0.263708, 0.615503, 0.0, 0.263708, 0.964603, -1e-06, 0.0, 0.0, 0.0, 1.0]
            ]
        },
        {
            "name": "Tail3",
            "time": [0.0, 0.4167, 0.8, 1.0167, 1.2, 1.4333, 1.9],
            "transform": [
                [1.0, -0.0, 0.0, 0.0, 0.0, 0.992191, -0.124725, 0.624616, 0.0, 0.124725, 0.992191, 0.0, 0.0, 0.0, 0.0, 1.0],
                [1.0, 0.0, -0.0, -0.0, -0.0, 0.994475, -0.104974, 0.624616, -0.0, 0.104974, 0.994475, -0.0, 0.0, 0.0, 0.0, 1.0],
                [0.999937, 0.01094, 0.002218, -0.0, -0.011157, 0.97325, 0.229478, 0.624616, 0.000351, -0.229489, 0.973311, -0.0, 0.0, 0.0, 0.0, 1.0],
                [1.0, -0.0, -0.0, 0.0, 0.0, 0.998947, -0.045868, 0.624615, 0.0, 0.045868, 0.998947, -0.0, 0.0, 0.0, 0.0, 1.0],
                [1.0, -0.0, 0.0, 0.0, 0.0, 0.97996, -0.199192, 0.624616, 0.0, 0.199192, 0.97996, -0.0, 0.0, 0.0, 0.0, 1.0],
                [1.0, -0.0, 0.0, 0.0, 0.0, 0.97996, -0.199191, 0.624615, 0.0, 0.199191, 0.97996, -1e-06, 0.0, 0.0, 0.0, 1.0],
                [1.0, -0.0, 0.0, 0.0, 0.0, 0.97996, -0.199191, 0.624615, 0.0, 0.199191, 0.97996, -1e-06, 0.0, 0.0, 0.0, 1.0]
            ]
        },
        {
            "name": "Tail4",
            "time": [0.0, 0.4167, 0.8, 1.0167, 1.2, 1.4333, 1.9],
            "transform": [
                [1.0, -0.0, 0.0, 0.0, 0.0, 0.987792, -0.155773, 0.62624, 0.0, 0.155773, 0.987793, 0.0, 0.0, 0.0, 0.0, 1.0],
                [1.0, 0.0, -0.0, -0.0, -0.0, 0.986457, -0.164016, 0.626239, -0.0, 0.164016, 0.986457, -0.0, 0.0, 0.0, 0.0, 1.0],
                [0.999943, 0.010104, 0.003276, 0.0, -0.010477, 0.989001, 0.147535, 0.62624, -0.001749, -0.147561, 0.989051, 0.0, 0.0, 0.0, 0.0, 1.0],
                [1.0, -0.0, -0.0, -0.0, 0.0, 0.99838, -0.056896, 0.62624, 0.0, 0.056896, 0.99838, 0.0, 0.0, 0.0, 0.0, 1.0],
                [1.0, -0.0, 0.0, -0.0, 0.0, 0.989206, -0.146529, 0.62624, 0.0, 0.146529, 0.989206, -1e-06, 0.0, 0.0, 0.0, 1.0],
                [1.0, -0.0, 0.0, 0.0, 0.0, 0.989206, -0.146529, 0.626239, 0.0, 0.146529, 0.989206, 0.0, 0.0, 0.0, 0.0, 1.0],
                [1.0, -0.0, 0.0, 0.0, 0.0, 0.989206, -0.146529, 0.626239, 0.0, 0.146529, 0.989206, 0.0, 0.0, 0.0, 0.0, 1.0]
            ]
        },
        {
            "name": "Tail5",
            "time": [0.0, 0.4167, 0.8, 1.0167, 1.2, 1.4333, 1.9],
            "transform": [
                [1.0, -0.0, 0.0, 0.0, 0.0, 0.983722, -0.179699, 0.624649, 0.0, 0.179699, 0.983722, -0.0, 0.0, 0.0, 0.0, 1.0],
                [1.0, 0.0, -0.0, 0.0, -0.0, 0.977339, -0.211682, 0.624649, -0.0, 0.211682, 0.977339, -0.0, 0.0, 0.0, 0.0, 1.0],
                [0.99995, 0.009264, 0.003577, 0.0, -0.009455, 0.998289, 0.057711, 0.62465, -0.003036, -0.057742, 0.998327, 0.0, 0.0, 0.0, 0.0, 1.0],
                [1.0, -0.0, -0.0, 0.0, 0.0, 0.99759, -0.069381, 0.624648, 0.0, 0.069381, 0.99759, -0.0, 0.0, 0.0, 0.0, 1.0],
                [1.0, -0.0, 0.0, 0.0, 0.0, 0.994495, -0.104789, 0.624648, -0.0, 0.104789, 0.994495, -0.0, 0.0, 0.0, 0.0, 1.0],
                [1.0, -0.0, 0.0, 0.0, 0.0, 0.994495, -0.10479, 0.62465, -0.0, 0.10479, 0.994495, -0.0, 0.0, 0.0, 0.0, 1.0],
                [1.0, -0.0, 0.0, 0.0, 0.0, 0.994495, -0.10479, 0.62465, -0.0, 0.10479, 0.994495, -0.0, 0.0, 0.0, 0.0, 1.0]
            ]
        },
        {
            "name": "Tail6",
            "time": [0.0, 0.4167, 0.8, 1.0167, 1.2, 1.9],
            "transform": [
                [1.0, -0.0, 0.0, 0.0, 0.0, 0.981072, -0.193646, 0.623274, 0.0, 0.193646, 0.981071, 0.0, 0.0, 0.0, 0.0, 1.0],
                [1.0, 0.0, -0.0, 0.0, -0.0, 0.969906, -0.243481, 0.623273, -0.0, 0.243481, 0.969905, -0.0, 0.0, 0.0, 0.0, 1.0],
                [0.999959, 0.00871, 0.002682, -0.0, -0.008382, 0.994509, -0.104318, 0.623273, -0.003576, 0.104292, 0.99454, -0.0, 0.0, 0.0, 0.0, 1.0],
                [1.0, -0.0, -0.0, 0.0, 0.0, 0.993589, -0.113055, 0.623273, 0.0, 0.113055, 0.993589, 0.0, 0.0, 0.0, 0.0, 1.0],
                [1.0, -0.0, 0.0, 0.0, 0.0, 0.997364, -0.072573, 0.623274, -0.0, 0.072573, 0.997363, 0.0, 0.0, 0.0, 0.0, 1.0],
                [1.0, -0.0, 0.0, -0.0, 0.0, 0.997364, -0.072573, 0.623275, -0.0, 0.072573, 0.997363, 1e-06, 0.0, 0.0, 0.0, 1.0]
            ]
        },
        {
            "name": "Tail7",
            "time": [0.0, 0.4167, 0.8, 1.0167, 1.2, 1.4333, 1.9],
            "transform": [
                [1.0, -0.0, 0.0, 0.0, 0.0, 0.980599, -0.196026, 0.625386, 0.0, 0.196026, 0.980599, 0.0, 0.0, 0.0, 0.0, 1.0],
                [1.0, 0.0, -0.0, 0.0, -0.0, 0.966429, -0.256933, 0.625387, -0.0, 0.256933, 0.966429, -0.0, 0.0, 0.0, 0.0, 1.0],
                [0.999967, 0.007943, 0.001781, 0.0, -0.00762, 0.990335, -0.138484, 0.625387, -0.002864, 0.138466, 0.990363, -0.0, 0.0, 0.0, 0.0, 1.0],
                [1.0, -0.0, -0.0, 0.0, 0.0, 0.994225, -0.107318, 0.625386, 0.0, 0.107318, 0.994225, -0.0, 0.0, 0.0, 0.0, 1.0],
                [1.0, -0.0, 0.0, -0.0, 0.0, 0.998829, -0.048373, 0.625388, -0.0, 0.048373, 0.998829, 0.0, 0.0, 0.0, 0.0, 1.0],
                [1.0, -0.0, 0.0, 0.0, 0.0, 0.998829, -0.048374, 0.625387, -0.0, 0.048374, 0.998829, -0.0, 0.0, 0.0, 0.0, 1.0],
                [1.0, -0.0, 0.0, 0.0, 0.0, 0.998829, -0.048374, 0.625387, -0.0, 0.048374, 0.998829, -0.0, 0.0, 0.0, 0.0, 1.0]
            ]
        },
        {
            "name": "Tail8",
            "time": [0.0, 0.4167, 0.8, 1.0167, 1.2, 1.9],
            "transform": [
                [1.0, -0.0, 0.0, 0.0, 0.0, 0.982497, -0.186282, 0.625387, 0.0, 0.186282, 0.982496, -0.0, 0.0, 0.0, 0.0, 1.0],
                [1.0, 0.0, -0.0, -0.0, -0.0, 0.967967, -0.251077, 0.625388, -0.0, 0.251077, 0.967967, 0.0, 0.0, 0.0, 0.0, 1.0],
                [0.999975, 0.006947, 0.001013, 0.0, -0.006714, 0.988472, -0.151258, 0.625386, -0.002052, 0.151247, 0.988494, -0.0, 0.0, 0.0, 0.0, 1.0],
                [1.0, -0.0, -0.0, 0.0, 0.0, 0.995414, -0.095662, 0.625387, 0.0, 0.095662, 0.995414, -0.0, 0.0, 0.0, 0.0, 1.0],
                [1.0, -0.0, 0.0, 0.0, 0.0, 0.999522, -0.030928, 0.625386, -0.0, 0.030928, 0.999522, 0.0, 0.0, 0.0, 0.0, 1.0],
                [1.0, -0.0, 0.0, 0.0, 0.0, 0.999522, -0.030928, 0.625387, -0.0, 0.030928, 0.999522, -0.0, 0.0, 0.0, 0.0, 1.0]
            ]
        },
        {
            "name": "Tail9",
            "time": [0.0, 0.4167, 0.8, 1.0167, 1.2, 1.9],
            "transform": [
                [1.0, -0.0, 0.0, -0.0, 0.0, 0.987043, -0.160454, 0.624782, 0.0, 0.160454, 0.987043, -0.0, 0.0, 0.0, 0.0, 1.0],
                [1.0, 0.0, -0.0, 0.0, -0.0, 0.973971, -0.226672, 0.624782, -0.0, 0.226672, 0.973971, -1e-06, 0.0, 0.0, 0.0, 1.0],
                [0.999983, 0.005752, 0.000457, 0.0, -0.005625, 0.989383, -0.145218, 0.624783, -0.001287, 0.145213, 0.9894, 0.0, 0.0, 0.0, 0.0, 1.0],
                [1.0, -0.0, -0.0, -0.0, 0.0, 0.996751, -0.080539, 0.624783, 0.0, 0.080539, 0.996751, -0.0, 0.0, 0.0, 0.0, 1.0],
                [1.0, -0.0, 0.0, -0.0, 0.0, 0.999821, -0.01891, 0.624782, -0.0, 0.01891, 0.999821, -0.0, 0.0, 0.0, 0.0, 1.0],
                [1.0, -0.0, 0.0, 0.0, 0.0, 0.999821, -0.01891, 0.624781, -0.0, 0.01891, 0.999821, -0.0, 0.0, 0.0, 0.0, 1.0]
            ]
        },
        {
            "name": "Tail10",
            "time": [0.0, 0.4167, 0.8, 1.0167, 1.2, 1.4333, 1.9],
            "transform": [
                [1.0, -0.0, 0.0, -0.0, 0.0, 0.993068, -0.117538, 0.62586, 0.0, 0.117538, 0.993068, -0.0, 0.0, 0.0, 0.0, 1.0],
                [1.0, 0.0, -0.0, -0.0, -0.0, 0.982606, -0.185703, 0.625859, -0.0, 0.185703, 0.982606, 1e-06, 0.0, 0.0, 0.0, 1.0],
                [0.99999, 0.004409, 0.000132, 0.0, -0.004359, 0.992357, -0.123325, 0.62586, -0.000674, 0.123323, 0.992366, 0.0, 0.0, 0.0, 0.0, 1.0],
                [1.0, -0.0, -0.0, 0.0, 0.0, 0.998034, -0.06268, 0.62586, 0.0, 0.06268, 0.998034, -0.0, 0.0, 0.0, 0.0, 1.0],
                [1.0, -0.0, 0.0, -0.0, 0.0, 0.99994, -0.010929, 0.625861, -0.0, 0.010929, 0.99994, -0.0, 0.0, 0.0, 0.0, 1.0],
                [1.0, -0.0, 0.0, -0.0, 0.0, 0.99994, -0.010924, 0.625861, -0.0, 0.010924, 0.99994, 0.0, 0.0, 0.0, 0.0, 1.0],
                [1.0, -0.0, 0.0, -0.0, 0.0, 0.99994, -0.010924, 0.625861, -0.0, 0.010924, 0.99994, 0.0, 0.0, 0.0, 0.0, 1.0]
            ]
        },
        {
            "name": "Tail11",
            "time": [0.0, 0.4167, 0.8, 1.0167, 1.2, 1.4333, 1.9],
            "transform": [
                [1.0, -0.0, 0.0, -0.0, 0.0, 0.996371, -0.085122, 0.625141, 0.0, 0.085122, 0.996371, 1e-06, 0.0, 0.0, 0.0, 1.0],
                [1.0, 0.0, -0.0, 0.0, -0.0, 0.991324, -0.131438, 0.625141, -0.0, 0.131438, 0.991324, -0.0, 0.0, 0.0, 0.0, 1.0],
                [0.999995, 0.002976, 0.0, -0.0, -0.002964, 0.996017, -0.089116, 0.625142, -0.000266, 0.089116, 0.996021, 0.0, 0.0, 0.0, 0.0, 1.0],
                [1.0, -0.0, -0.0, -0.0, 0.0, 0.999082, -0.042835, 0.625141, 0.0, 0.042835, 0.999082, -0.0, 0.0, 0.0, 0.0, 1.0],
                [1.0, -0.0, 0.0, 0.0, 0.0, 0.999983, -0.005819, 0.62514, -0.0, 0.005819, 0.999983, -0.0, 0.0, 0.0, 0.0, 1.0],
                [1.0, -0.0, 0.0, -0.0, 0.0, 0.999983, -0.005808, 0.625142, -0.0, 0.005808, 0.999983, -0.0, 0.0, 0.0, 0.0, 1.0],
                [1.0, -0.0, 0.0, 0.0, 0.0, 0.999983, -0.005808, 0.625142, -0.0, 0.005808, 0.999983, -0.0, 0.0, 0.0, 0.0, 1.0]
            ]
        },
        {
            "name": "Tail12",
            "time": [0.0, 0.4167, 0.8, 1.0167, 1.2, 1.4333, 1.9],
            "transform": [
                [1.0, -0.0, 0.0, -0.0, 0.0, 0.998929, -0.046264, 0.624676, 0.0, 0.046264, 0.998929, -0.0, 0.0, 0.0, 0.0, 1.0],
                [1.0, 0.0, -0.0, 0.0, -0.0, 0.997695, -0.067863, 0.624677, -0.0, 0.067863, 0.997695, -0.0, 0.0, 0.0, 0.0, 1.0],
                [0.999999, 0.001494, -1.2e-05, 0.0, -0.001493, 0.998922, -0.046406, 0.624677, -5.7e-05, 0.046406, 0.998923, -0.0, 0.0, 0.0, 0.0, 1.0],
                [1.0, -0.0, 0.0, -0.0, 0.0, 0.999767, -0.021586, 0.624677, 0.0, 0.021586, 0.999767, -0.0, 0.0, 0.0, 0.0, 1.0],
                [1.0, -0.0, 0.0, -0.0, 0.0, 0.999997, -0.002417, 0.624677, -0.0, 0.002417, 0.999997, -0.0, 0.0, 0.0, 0.0, 1.0],
                [1.0, -0.0, 0.0, -0.0, 0.0, 0.999997, -0.002392, 0.624677, -0.0, 0.002392, 0.999997, -0.0, 0.0, 0.0, 0.0, 1.0],
                [1.0, -0.0, 0.0, -0.0, 0.0, 0.999997, -0.002392, 0.624677, -0.0, 0.002392, 0.999997, -0.0, 0.0, 0.0, 0.0, 1.0]
            ]
        },
        {
            "name": "Leg_Front_R1",
            "time": [0.0, 0.4667, 0.6333, 0.8, 1.2, 1.4333, 1.9],
            "transform": [
                [0.789913, 0.505392, 0.347299, 0.749746, 0.233096, -0.771305, 0.592245, 3.021175, 0.56719, -0.386868, -0.727068, 0.347203, 0.0, 0.0, 0.0, 1.0],
                [0.669824, 0.687956, 0.279378, 0.749746, 0.275879, -0.579903, 0.766553, 3.022357, 0.689367, -0.43638, -0.578225, 0.353265, 0.0, 0.0, 0.0, 1.0],
                [-0.797717, 0.501268, -0.33523, 0.749746, 0.307766, 0.816478, 0.488512, 3.022357, 0.518583, 0.286522, -0.805591, 0.353266, 0.0, 0.0, 0.0, 1.0],
                [0.228129, 0.038647, -0.972864, 0.749746, 0.034745, 0.998252, 0.047803, 3.022357, 0.97301, -0.044707, 0.226387, 0.353265, 0.0, 0.0, 0.0, 1.0],
                [0.888234, -0.027785, -0.458551, 0.749746, 0.196515, 0.925213, 0.324596, 3.022357, 0.415239, -0.378429, 0.827266, 0.353265, 0.0, 0.0, 0.0, 1.0],
                [0.37891, 0.634446, -0.673725, 0.749746, 0.230441, 0.640394, 0.732661, 3.022361, 0.896283, -0.432866, 0.096449, 0.353266, 0.0, 0.0, 0.0, 1.0],
                [0.37891, 0.634446, -0.673725, 0.749746, 0.230441, 0.640394, 0.732661, 3.022361, 0.896283, -0.432866, 0.096449, 0.353266, 0.0, 0.0, 0.0, 1.0]
            ]
        },
        {
            "name": "Leg_Front_R2",
            "time": [0.0, 0.4667, 0.6333, 0.8, 1.2, 1.4333, 1.9],
            "transform": [
                [0.165729, 0.37702, 0.911257, -0.0, 0.856918, 0.402276, -0.322283, 1.253495, -0.488084, 0.834284, -0.256407, -0.0, 0.0, 0.0, 0.0, 1.0],
                [0.141516, 0.444663, 0.884447, -0.0, 0.820098, 0.447741, -0.356325, 1.253495, -0.554448, 0.775759, -0.301305, 0.0, 0.0, 0.0, 0.0, 1.0],
                [-0.95831, 0.267843, 0.099515, -0.0, 0.28108, 0.821086, 0.496801, 1.253495, 0.051354, 0.50406, -0.86214, -0.0, 0.0, 0.0, 0.0, 1.0],
                [0.99914, 0.00074, 0.041449, 0.0, -0.000673, 0.999998, -0.001632, 1.253495, -0.04145, 0.001603, 0.999139, 0.0, 0.0, 0.0, 0.0, 1.0],
                [0.995621, 0.032103, 0.087801, 1e-06, -0.014135, 0.980088, -0.198058, 1.253497, -0.092411, 0.19595, 0.97625, 1e-06, 0.0, 0.0, 0.0, 1.0],
                [0.913009, -0.279552, 0.297093, 1e-06, 0.348191, 0.154576, -0.924591, 1.253495, 0.212548, 0.947606, 0.238467, 0.0, 0.0, 0.0, 0.0, 1.0],
                [0.913009, -0.279552, 0.297093, 1e-06, 0.348191, 0.154576, -0.924591, 1.253495, 0.212548, 0.947606, 0.238467, 0.0, 0.0, 0.0, 0.0, 1.0]
            ]
        },
        {
            "name": "Leg_Front_R3",
            "time": [0.0, 0.4667, 0.6333, 0.8, 1.2, 1.4333, 1.9],
            "transform": [
                [0.634795, -0.677641, 0.371265, 0.0, 0.655597, 0.726652, 0.205351, 1.488528, -0.408935, 0.113044, 0.905535, 0.0, 0.0, 0.0, 0.0, 1.0],
                [0.634795, -0.677641, 0.371265, 0.0, 0.655597, 0.726652, 0.205351, 1.488528, -0.408935, 0.113044, 0.905535, 0.0, 0.0, 0.0, 0.0, 1.0],
                [0.857282, -0.032818, 0.5138, -0.0, 0.420313, 0.620947, -0.661635, 1.488527, -0.297329, 0.783165, 0.546121, 1e-06, 0.0, 0.0, 0.0, 1.0],
                [-0.010091, 0.764747, 0.644252, -1e-06, 0.111414, 0.641133, -0.7593, 1.488528, -0.993723, 0.064116, -0.091673, -0.0, 0.0, 0.0, 0.0, 1.0],
                [0.946958, 0.063775, 0.314966, 0.0, 0.051965, 0.936822, -0.345925, 1.488526, -0.317128, 0.343943, 0.883817, 1e-06, 0.0, 0.0, 0.0, 1.0],
                [0.619834, 0.519723, 0.587957, -0.0, -0.400801, 0.853817, -0.332197, 1.488526, -0.674659, -0.029746, 0.73753, -0.0, 0.0, 0.0, 0.0, 1.0],
                [0.619834, 0.519723, 0.587957, -0.0, -0.400801, 0.853817, -0.332197, 1.488526, -0.674659, -0.029746, 0.73753, -0.0, 0.0, 0.0, 0.0, 1.0]
            ]
        },
        {
            "name": "Leg_Front_L1",
            "time": [0.0, 0.4667, 0.6333, 0.8, 1.2, 1.4333, 1.9],
            "transform": [
                [0.730191, -0.669755, -0.135093, -0.749884, -0.570853, -0.706679, 0.41801, 3.021174, -0.375431, -0.228109, -0.898341, 0.347201, 0.0, 0.0, 0.0, 1.0],
                [0.585434, -0.802782, -0.113173, -0.749884, -0.643004, -0.544799, 0.538275, 3.022357, -0.493774, -0.242353, -0.835136, 0.353264, 0.0, 0.0, 0.0, 1.0],
                [-0.749554, -0.421451, 0.51044, -0.749884, -0.145193, 0.857022, 0.494402, 3.022363, -0.645824, 0.296469, -0.703575, 0.353267, 0.0, 0.0, 0.0, 1.0],
                [0.313389, -0.017076, 0.949472, -0.749884, -0.03471, 0.998964, 0.029423, 3.022359, -0.94899, -0.042177, 0.312471, 0.353265, 0.0, 0.0, 0.0, 1.0],
                [0.856617, 0.005088, 0.515927, -0.749884, -0.216747, 0.910987, 0.350891, 3.022358, -0.468218, -0.412404, 0.78147, 0.353264, 0.0, 0.0, 0.0, 1.0],
                [0.29617, -0.64126, 0.707862, -0.749884, -0.3226, 0.630401, 0.706063, 3.022361, -0.899006, -0.43747, -0.020164, 0.353265, 0.0, 0.0, 0.0, 1.0],
                [0.29617, -0.64126, 0.707862, -0.749884, -0.3226, 0.630401, 0.706063, 3.022361, -0.899006, -0.43747, -0.020164, 0.353265, 0.0, 0.0, 0.0, 1.0]
            ]
        },
        {
            "name": "Leg_Front_L2",
            "time": [0.0, 0.4667, 0.6333, 0.8, 1.2, 1.4333, 1.9],
            "transform": [
                [0.30444, -0.306375, -0.901915, 0.0, -0.794625, 0.440434, -0.417838, 1.253495, 0.525249, 0.843891, -0.109368, -0.0, 0.0, 0.0, 0.0, 1.0],
                [0.282747, -0.406475, -0.868811, 0.0, -0.751573, 0.468902, -0.46397, 1.253495, 0.59598, 0.78416, -0.172915, 0.0, 0.0, 0.0, 0.0, 1.0],
                [0.109359, -0.0428, -0.99308, 0.0, -0.436573, 0.895484, -0.08667, 1.253495, 0.892998, 0.44303, 0.079244, 0.0, 0.0, 0.0, 0.0, 1.0],
                [0.997229, -0.000366, -0.074387, -0.0, 0.00026, 0.999999, -0.001427, 1.253495, 0.074388, 0.001404, 0.997228, -0.0, 0.0, 0.0, 0.0, 1.0],
                [0.994022, -0.038515, -0.102162, -0.0, 0.010225, 0.964439, -0.264106, 1.253495, 0.108701, 0.261482, 0.959068, 0.0, 0.0, 0.0, 0.0, 1.0],
                [0.971619, 0.135238, -0.19408, 0.0, -0.211708, 0.131128, -0.968496, 1.253494, -0.105528, 0.982098, 0.156037, 0.0, 0.0, 0.0, 0.0, 1.0],
                [0.971619, 0.135238, -0.19408, 0.0, -0.211708, 0.131128, -0.968496, 1.253494, -0.105528, 0.982098, 0.156037, 0.0, 0.0, 0.0, 0.0, 1.0]
            ]
        },
        {
            "name": "Leg_Front_L3",
            "time": [0.0, 0.4667, 0.6333, 0.8, 1.2, 1.4333, 1.9],
            "transform": [
                [0.628249, 0.494933, -0.600287, -0.0, -0.733597, 0.633809, -0.245198, 1.488528, 0.259111, 0.594414, 0.761271, 0.0, 0.0, 0.0, 0.0, 1.0],
                [0.628249, 0.494933, -0.600287, -0.0, -0.733597, 0.633809, -0.245198, 1.488528, 0.259111, 0.594414, 0.761271, 0.0, 0.0, 0.0, 0.0, 1.0],
                [-0.406553, -0.729559, -0.549961, -0.0, -0.451325, 0.683751, -0.573403, 1.488528, 0.794368, 0.015092, -0.607249, 1e-06, 0.0, 0.0, 0.0, 1.0],
                [-0.054861, -0.773725, -0.631142, -1e-06, -0.098831, 0.633198, -0.767655, 1.488527, 0.993591, 0.020262, -0.111205, -0.0, 0.0, 0.0, 0.0, 1.0],
                [0.93548, -0.012304, -0.353164, -1e-06, -0.111383, 0.938185, -0.327724, 1.48853, 0.335366, 0.345916, 0.876283, 0.0, 0.0, 0.0, 0.0, 1.0],
                [0.562954, -0.45053, -0.692896, 1e-06, 0.335051, 0.890787, -0.306984, 1.488529, 0.755529, -0.059338, 0.652423, 1e-06, 0.0, 0.0, 0.0, 1.0],
                [0.562954, -0.45053, -0.692896, 1e-06, 0.335051, 0.890787, -0.306984, 1.488529, 0.755529, -0.059338, 0.652423, 1e-06, 0.0, 0.0, 0.0, 1.0]
            ]
        },
        {
            "name": "Wing_R1",
            "time": [0.0, 0.1667, 0.3167, 0.7333, 1.15, 1.4333, 1.9],
            "transform": [
                [-0.094225, 0.983907, 0.151816, 0.749813, -0.834477, -0.16122, 0.526931, 2.861323, 0.542927, -0.077037, 0.836239, 0.744816, 0.0, 0.0, 0.0, 1.0],
                [-0.062655, 0.636981, -0.768329, 0.749813, -0.648323, 0.559316, 0.516568, 2.861323, 0.758783, 0.53049, 0.377926, 0.744816, 0.0, 0.0, 0.0, 1.0],
                [-0.08984, 0.476795, -0.874412, 0.749813, -0.608549, 0.668729, 0.427166, 2.861323, 0.788414, 0.570499, 0.230074, 0.744816, 0.0, 0.0, 0.0, 1.0],
                [0.010782, 0.459359, 0.888185, 0.749813, -0.751942, -0.581782, 0.310019, 2.861324, 0.659141, -0.671207, 0.339139, 0.744816, 0.0, 0.0, 0.0, 1.0],
                [-0.524959, 0.741489, 0.417866, 0.749813, -0.825936, -0.562362, -0.03972, 2.861322, 0.20554, -0.365982, 0.90764, 0.744816, 0.0, 0.0, 0.0, 1.0],
                [-0.5635, 0.707238, 0.426946, 0.749813, -0.77519, -0.631321, 0.02266, 2.861324, 0.285566, -0.318195, 0.903993, 0.744816, 0.0, 0.0, 0.0, 1.0],
                [-0.5635, 0.707238, 0.426946, 0.749813, -0.77519, -0.631321, 0.02266, 2.861324, 0.285566, -0.318195, 0.903993, 0.744816, 0.0, 0.0, 0.0, 1.0]
            ]
        },
        {
            "name": "Wing_R2",
            "time": [0.0, 0.4167, 0.8, 1.15, 1.9],
            "transform": [
                [0.958159, 0.284676, -0.029836, -0.0, -0.284464, 0.935464, -0.20973, 3.499785, -0.031795, 0.209442, 0.977304, 0.0, 0.0, 0.0, 0.0, 1.0],
                [0.999997, 0.000873, 0.002222, 0.0, 0.000559, 0.819155, -0.573572, 3.499784, -0.002321, 0.573572, 0.819152, 0.0, 0.0, 0.0, 0.0, 1.0],
                [0.99987, 0.007345, -0.014337, 0.0, 0.001061, 0.858053, 0.51356, 3.499784, 0.016074, -0.513508, 0.857934, 0.0, 0.0, 0.0, 0.0, 1.0],
                [0.842155, 0.539235, -0.000221, -1e-06, -0.539235, 0.842155, -0.000114, 3.499784, 0.000125, 0.000215, 1.0, -0.0, 0.0, 0.0, 0.0, 1.0],
                [0.842155, 0.539235, -0.000221, 1e-06, -0.539235, 0.842155, -0.000114, 3.499785, 0.000125, 0.000215, 1.0, -0.0, 0.0, 0.0, 0.0, 1.0]
            ]
        },
        {
            "name": "Wing_L1",
            "time": [0.0, 0.1667, 0.3167, 0.7333, 1.15, 1.4333, 1.9],
            "transform": [
                [-0.074821, -0.993433, -0.086556, -0.75068, 0.836721, -0.109763, 0.536517, 2.861323, -0.542494, -0.03228, 0.839439, 0.744817, 0.0, 0.0, 0.0, 1.0],
                [-0.056258, -0.506663, 0.860307, -0.75068, 0.650629, 0.634982, 0.416508, 2.861323, -0.757309, 0.583173, 0.293927, 0.744817, 0.0, 0.0, 0.0, 1.0],
                [-0.087203, -0.321232, 0.942977, -0.750681, 0.614171, 0.727946, 0.304776, 2.861323, -0.78434, 0.605726, 0.133813, 0.744817, 0.0, 0.0, 0.0, 1.0],
                [0.010344, -0.441293, -0.897304, -0.75068, 0.751739, -0.588295, 0.297989, 2.861324, -0.659379, -0.677621, 0.325652, 0.744815, 0.0, 0.0, 0.0, 1.0],
                [-0.55417, -0.704917, -0.442705, -0.75068, 0.801672, -0.595148, -0.055866, 2.861323, -0.224093, -0.385863, 0.894926, 0.744815, 0.0, 0.0, 0.0, 1.0],
                [-0.591201, -0.668798, -0.450768, -0.75068, 0.747839, -0.663867, 0.004147, 2.861324, -0.302023, -0.33465, 0.892632, 0.744815, 0.0, 0.0, 0.0, 1.0],
                [-0.591201, -0.668798, -0.450768, -0.75068, 0.747839, -0.663867, 0.004147, 2.861324, -0.302023, -0.33465, 0.892632, 0.744815, 0.0, 0.0, 0.0, 1.0]
            ]
        },
        {
            "name": "Wing_L2",
            "time": [0.0, 0.4167, 0.8, 1.15, 1.9],
            "transform": [
                [0.958028, -0.285129, 0.029731, -0.0, 0.284884, 0.935335, -0.209738, 3.499784, 0.031994, 0.209404, 0.977306, 0.0, 0.0, 0.0, 0.0, 1.0],
                [0.999996, -0.000376, -0.002766, 0.0, -0.001279, 0.819156, -0.57357, 3.499784, 0.002481, 0.573571, 0.819152, 0.0, 0.0, 0.0, 0.0, 1.0],
                [0.999995, 0.001955, -0.002332, 0.0, -0.000572, 0.873502, 0.48682, 3.499784, 0.002989, -0.486816, 0.873499, 0.0, 0.0, 0.0, 0.0, 1.0],
                [0.832544, -0.553959, 0.000357, -1e-06, 0.553959, 0.832543, -0.00045, 3.499785, -4.8e-05, 0.000572, 1.0, 0.0, 0.0, 0.0, 0.0, 1.0],
                [0.832544, -0.553959, 0.000357, 1e-06, 0.553959, 0.832543, -0.00045, 3.499784, -4.8e-05, 0.000572, 1.0, -0.0, 0.0, 0.0, 0.0, 1.0]
            ]
        },
        {
            "name": "Neck1",
            "time": [0.0, 0.1667, 0.4167, 0.8, 1.0167, 1.2, 1.4333, 1.9],
            "transform": [
                [1.0, -0.0, 0.0, -0.0, 0.0, 0.987296, -0.158895, 3.493828, 0.0, 0.158895, 0.987296, 2e-06, 0.0, 0.0, 0.0, 1.0],
                [1.0, -0.0, 0.0, -0.0, 0.0, 0.976937, -0.213531, 3.493828, 0.0, 0.213531, 0.976936, 1e-06, 0.0, 0.0, 0.0, 1.0],
                [1.0, -0.0, 0.0, 0.0, 0.0, 0.975764, -0.218827, 3.493828, 0.0, 0.218827, 0.975764, 1e-06, 0.0, 0.0, 0.0, 1.0],
                [1.0, -0.0, 0.0, -0.0, 0.0, 0.980303, -0.197499, 3.493825, -0.0, 0.197499, 0.980303, 1e-06, 0.0, 0.0, 0.0, 1.0],
                [1.0, 0.0, 0.0, -0.0, -0.0, 0.973535, -0.228538, 3.493827, -0.0, 0.228538, 0.973535, 1e-06, 0.0, 0.0, 0.0, 1.0],
                [1.0, -0.0, 0.0, -0.0, 0.0, 0.783467, -0.621433, 3.493829, 0.0, 0.621434, 0.783467, 2e-06, 0.0, 0.0, 0.0, 1.0],
                [1.0, -0.0, 0.0, -0.0, 0.0, 0.783466, -0.621435, 3.493827, 0.0, 0.621435, 0.783466, 2e-06, 0.0, 0.0, 0.0, 1.0],
                [1.0, -0.0, 0.0, -0.0, 0.0, 0.783466, -0.621435, 3.493827, 0.0, 0.621435, 0.783466, 2e-06, 0.0, 0.0, 0.0, 1.0]
            ]
        },
        {
            "name": "Neck2",
            "time": [0.0, 0.1667, 0.4167, 0.8, 1.0167, 1.2, 1.9],
            "transform": [
                [1.0, 0.0, -0.0, 0.0, -0.0, 0.997284, 0.073652, 0.623755, 0.0, -0.073652, 0.997284, -0.0, 0.0, 0.0, 0.0, 1.0],
                [1.0, 0.0, -0.0, -0.0, -0.0, 0.995548, 0.094259, 0.623755, 0.0, -0.094259, 0.995548, 0.0, 0.0, 0.0, 0.0, 1.0],
                [1.0, 0.0, 0.0, 0.0, -0.0, 0.995356, 0.096268, 0.623755, 0.0, -0.096268, 0.995355, 0.0, 0.0, 0.0, 0.0, 1.0],
                [1.0, 0.0, -0.0, 0.0, -0.0, 0.999929, 0.011935, 0.623755, 0.0, -0.011935, 0.999929, -0.0, 0.0, 0.0, 0.0, 1.0],
                [1.0, 0.0, -0.0, -0.0, -0.0, 0.999909, -0.013518, 0.623755, 0.0, 0.013518, 0.999909, -0.0, 0.0, 0.0, 0.0, 1.0],
                [1.0, -0.0, -0.0, -0.0, 0.0, 0.995485, -0.094924, 0.623752, 0.0, 0.094924, 0.995484, 1e-06, 0.0, 0.0, 0.0, 1.0],
                [1.0, -0.0, -0.0, -0.0, 0.0, 0.995485, -0.094924, 0.623754, 0.0, 0.094924, 0.995485, 0.0, 0.0, 0.0, 0.0, 1.0]
            ]
        },
        {
            "name": "Neck3",
            "time": [0.0, 0.1667, 0.4167, 0.8, 1.0167, 1.2, 1.4333, 1.9],
            "transform": [
                [1.0, -0.0, -0.0, -0.0, 0.0, 0.964219, 0.265107, 0.626763, 0.0, -0.265107, 0.964219, 0.0, 0.0, 0.0, 0.0, 1.0],
                [1.0, -0.0, -0.0, -0.0, 0.0, 0.954868, 0.29703, 0.626764, 0.0, -0.29703, 0.954868, 0.0, 0.0, 0.0, 0.0, 1.0],
                [1.0, 0.0, 0.0, -0.0, -0.0, 0.953899, 0.300127, 0.626764, 0.0, -0.300127, 0.953899, -0.0, 0.0, 0.0, 0.0, 1.0],
                [1.0, 0.0, -0.0, -0.0, -0.0, 0.997469, 0.071098, 0.626764, 0.0, -0.071098, 0.997469, -0.0, 0.0, 0.0, 0.0, 1.0],
                [1.0, 0.0, -0.0, 0.0, -0.0, 0.998269, 0.058815, 0.626764, 0.0, -0.058815, 0.998269, 0.0, 0.0, 0.0, 0.0, 1.0],
                [1.0, 0.0, 0.0, -0.0, -0.0, 0.93913, 0.343562, 0.626763, 0.0, -0.343562, 0.93913, -1e-06, 0.0, 0.0, 0.0, 1.0],
                [1.0, 0.0, 0.0, -0.0, -0.0, 0.939129, 0.343563, 0.626762, 0.0, -0.343563, 0.939129, 1e-06, 0.0, 0.0, 0.0, 1.0],
                [1.0, 0.0, 0.0, -0.0, -0.0, 0.939129, 0.343563, 0.626762, 0.0, -0.343563, 0.939129, 1e-06, 0.0, 0.0, 0.0, 1.0]
            ]
        },
        {
            "name": "Neck4",
            "time": [0.0, 0.1667, 0.4167, 0.8, 1.0167, 1.2, 1.4333, 1.9],
            "transform": [
                [1.0, 0.0, -0.0, -0.0, -0.0, 0.957842, 0.287295, 0.624224, 0.0, -0.287295, 0.957842, 0.0, 0.0, 0.0, 0.0, 1.0],
                [1.0, 0.0, -0.0, 0.0, -0.0, 0.94304, 0.332679, 0.624224, 0.0, -0.332679, 0.94304, 0.0, 0.0, 0.0, 0.0, 1.0],
                [1.0, 0.0, 0.0, -0.0, -0.0, 0.941481, 0.337068, 0.624224, 0.0, -0.337067, 0.941481, 0.0, 0.0, 0.0, 0.0, 1.0],
                [1.0, 0.0, -0.0, -0.0, -0.0, 0.997922, 0.064432, 0.624222, 0.0, -0.064432, 0.997922, 0.0, 0.0, 0.0, 0.0, 1.0],
                [1.0, 0.0, -0.0, -0.0, -0.0, 0.998329, 0.057788, 0.624224, 0.0, -0.057788, 0.998329, 0.0, 0.0, 0.0, 0.0, 1.0],
                [1.0, 0.0, 0.0, -0.0, -0.0, 0.871533, 0.490337, 0.624226, 0.0, -0.490337, 0.871533, 0.0, 0.0, 0.0, 0.0, 1.0],
