{
    "animation": [
        {
            "name": "Root",
            "time": [0.0, 0.8167, 1.8, 2.0],
            "transform": [
                [1.0, 0.0, 0.0, -0.0, 0.0, 0.985197, 0.171425, -1.268549, 0.0, -0.171425, 0.985197, 1.450108, 0.0, 0.0, 0.0, 1.0],
                [0.963589, -0.045837, 0.263429, -0.0, 0.0, 0.985197, 0.171425, -2.194049, -0.267387, -0.165184, 0.949325, 2.50253, 0.0, 0.0, 0.0, 1.0],
                [1.0, 0.0, 0.0, 0.0, 0.0, 0.988959, 0.148188, -1.855148, 0.0, -0.148188, 0.988959, 2.704093, 0.0, 0.0, 0.0, 1.0],
                [1.0, 0.0, 0.0, 0.0, 0.0, 0.988959, 0.148188, -1.855148, 0.0, -0.148188, 0.988959, 2.704093, 0.0, 0.0, 0.0, 1.0]
            ]
        },
        {
            "name": "Leg_Back_R1",
            "time": [0.0, 0.8167, 1.15, 1.4833, 1.8, 2.0],
            "transform": [
                [0.999238, 0.030461, -0.024381, 0.999855, 0.03897, -0.809586, 0.585706, 0.086322, -0.001897, -0.58621, -0.810156, -0.271296, 0.0, 0.0, 0.0, 1.0],
                [0.972962, 0.229157, -0.028822, 0.999855, 0.213428, -0.844372, 0.491409, 0.086321, 0.088273, -0.484275, -0.87045, -0.271297, 0.0, 0.0, 0.0, 1.0],
                [0.843766, 0.453715, 0.286708, 0.999854, -0.07785, -0.425082, 0.9018, 0.086321, 0.531034, -0.783228, -0.323347, -0.271296, 0.0, 0.0, 0.0, 1.0],
                [0.971482, 0.090055, 0.219345, 0.999855, -0.200191, -0.184217, 0.962282, 0.086322, 0.127066, -0.97875, -0.160935, -0.271295, 0.0, 0.0, 0.0, 1.0],
                [0.890996, 0.451336, 0.049212, 0.999854, -0.169999, 0.231148, 0.957951, 0.086322, 0.420982, -0.861896, 0.282679, -0.271296, 0.0, 0.0, 0.0, 1.0],
                [0.890996, 0.451336, 0.049212, 0.999854, -0.169999, 0.231148, 0.957951, 0.086322, 0.420982, -0.861896, 0.282679, -0.271296, 0.0, 0.0, 0.0, 1.0]
            ]
        },
        {
            "name": "Leg_Back_R2",
            "time": [0.0, 0.8167, 1.15, 1.4833, 1.8, 2.0],
            "transform": [
                [0.990768, 0.135539, -0.002929, 0.0, -0.119514, 0.883419, 0.453087, 1.692269, 0.063998, -0.448554, 0.891461, -0.0, 0.0, 0.0, 0.0, 1.0],
                [0.999993, 0.003645, -0.000943, -0.0, -0.003638, 0.999969, 0.007006, 1.692269, 0.000968, -0.007003, 0.999975, 0.0, 0.0, 0.0, 0.0, 1.0],
                [0.999787, 0.018726, 0.008706, 0.0, -0.016912, 0.500527, 0.865555, 1.692269, 0.011851, -0.865518, 0.500737, -0.0, 0.0, 0.0, 0.0, 1.0],
                [0.98302, 0.172723, 0.061954, 0.0, -0.120051, 0.350017, 0.929019, 1.692269, 0.138778, -0.920682, 0.364809, 0.0, 0.0, 0.0, 0.0, 1.0],
                [0.974637, -0.202209, -0.095889, 0.0, 0.129073, 0.157882, 0.978986, 1.692269, -0.18282, -0.966532, 0.179977, 0.0, 0.0, 0.0, 0.0, 1.0],
                [0.974637, -0.202209, -0.095889, 0.0, 0.129073, 0.157882, 0.978986, 1.692269, -0.18282, -0.966532, 0.179977, 0.0, 0.0, 0.0, 0.0, 1.0]
            ]
        },
        {
            "name": "Leg_Back_R3",
            "time": [0.0, 0.8167, 1.15, 1.4833, 1.8, 2.0],
            "transform": [
                [1.0, -0.0, 0.0, 0.0, 0.0, 0.982889, -0.184198, 2.159911, 0.0, 0.184198, 0.982889, 0.0, 0.0, 0.0, 0.0, 1.0],
                [0.991642, -0.115005, -0.058474, 0.0, 0.124754, 0.970281, 0.207343, 2.15991, 0.032891, -0.212905, 0.976519, 0.0, 0.0, 0.0, 0.0, 1.0],
                [0.983663, 0.136712, 0.117121, 0.0, -0.005037, 0.671243, -0.74122, 2.159911, -0.179951, 0.72852, 0.660966, -0.0, 0.0, 0.0, 0.0, 1.0],
                [1.0, -0.0, -0.0, 0.0, -0.0, -0.733755, -0.679414, 2.159911, 0.0, 0.679414, -0.733755, -0.0, 0.0, 0.0, 0.0, 1.0],
                [0.957461, -0.000432, 0.288562, -0.0, 0.105839, -0.929781, -0.352571, 2.159911, 0.268452, 0.368114, -0.890183, -0.0, 0.0, 0.0, 0.0, 1.0],
                [0.957461, -0.000432, 0.288562, -0.0, 0.105839, -0.929781, -0.352571, 2.159911, 0.268452, 0.368114, -0.890183, -0.0, 0.0, 0.0, 0.0, 1.0]
            ]
        },
        {
            "name": "Leg_Back_L1",
            "time": [0.0, 0.25, 0.5, 0.8167, 1.15, 1.8, 2.0],
            "transform": [
                [0.993651, -0.076929, 0.082091, -0.999947, -0.109887, -0.820099, 0.561571, 0.086321, 0.024121, -0.567027, -0.823345, -0.271296, 0.0, 0.0, 0.0, 1.0],
                [0.994275, -0.08757, -0.061222, -0.999947, -0.038289, -0.826939, 0.560985, 0.086322, -0.099752, -0.55543, -0.825558, -0.271296, 0.0, 0.0, 0.0, 1.0],
                [0.910303, -0.384462, -0.153416, -0.999947, 0.208589, 0.105914, 0.972251, 0.086319, -0.357545, -0.917044, 0.176608, -0.271296, 0.0, 0.0, 0.0, 1.0],
                [0.887453, -0.4598, 0.03178, -0.999947, 0.433209, 0.808617, -0.398081, 0.08632, 0.15734, 0.367046, 0.916799, -0.271297, 0.0, 0.0, 0.0, 1.0],
                [0.924493, -0.374406, -0.071641, -0.999947, 0.380877, 0.89954, 0.213916, 0.08632, -0.015647, -0.22505, 0.974221, -0.271296, 0.0, 0.0, 0.0, 1.0],
                [0.918476, -0.139344, 0.370113, -0.999947, 0.020375, 0.9513, 0.307591, 0.086321, -0.394949, -0.274974, 0.876586, -0.271297, 0.0, 0.0, 0.0, 1.0],
                [0.918476, -0.139344, 0.370113, -0.999947, 0.020375, 0.9513, 0.307591, 0.086321, -0.394949, -0.274974, 0.876586, -0.271297, 0.0, 0.0, 0.0, 1.0]
            ]
        },
        {
            "name": "Leg_Back_L2",
            "time": [0.0, 0.25, 0.5, 0.8167, 1.15, 1.8, 2.0],
            "transform": [
                [1.0, -1e-06, 0.0, 0.0, 1e-06, 0.903999, 0.427536, 1.692269, -0.0, -0.427536, 0.903999, 0.0, 0.0, 0.0, 0.0, 1.0],
                [1.0, 2e-06, 0.0, 0.0, -2e-06, 0.955884, 0.293745, 1.692269, 0.0, -0.293746, 0.955884, 0.0, 0.0, 0.0, 0.0, 1.0],
                [1.0, 0.0, 0.0, 0.0, -0.0, -0.210819, 0.977525, 1.692268, 0.0, -0.977526, -0.210819, -0.0, 0.0, 0.0, 0.0, 1.0],
                [1.0, -1e-06, -0.0, -0.0, -0.0, -0.677421, 0.735596, 1.692268, -0.0, -0.735596, -0.677421, -0.0, 0.0, 0.0, 0.0, 1.0],
                [1.0, -0.0, 1e-06, -0.0, -1e-06, -0.07145, 0.997444, 1.692268, -0.0, -0.997445, -0.07145, 0.0, 0.0, 0.0, 0.0, 1.0],
                [1.0, -0.0, 0.0, -0.0, -0.0, -0.182267, 0.983249, 1.692268, -0.0, -0.983249, -0.182267, 0.0, 0.0, 0.0, 0.0, 1.0],
                [1.0, -0.0, 0.0, -0.0, -0.0, -0.182267, 0.983249, 1.692268, -0.0, -0.983249, -0.182267, 0.0, 0.0, 0.0, 0.0, 1.0]
            ]
        },
        {
            "name": "Leg_Back_L3",
            "time": [0.0, 0.25, 0.5, 0.8167, 1.15, 1.8, 2.0],
            "transform": [
                [1.0, 0.0, -0.0, 0.0, 0.0, 0.982889, -0.184198, 2.159911, 0.0, 0.184198, 0.982889, -0.0, 0.0, 0.0, 0.0, 1.0],
                [1.0, 0.0, 0.0, 0.0, -0.0, 0.982889, -0.184198, 2.159911, 0.0, 0.184198, 0.982889, -0.0, 0.0, 0.0, 0.0, 1.0],
                [1.0, 0.0, 0.0, -0.0, 0.0, 0.558828, -0.829284, 2.159911, 0.0, 0.829284, 0.558828, -0.0, 0.0, 0.0, 0.0, 1.0],
                [0.999992, -0.001171, 0.003837, -0.0, 0.004008, 0.330702, -0.943727, 2.15991, -0.000163, 0.943734, 0.330704, -0.0, 0.0, 0.0, 0.0, 1.0],
                [0.85409, 0.446506, -0.266764, -0.0, -0.048074, -0.442921, -0.895271, 2.159911, -0.517899, 0.777466, -0.356829, -0.0, 0.0, 0.0, 0.0, 1.0],
                [0.914463, -0.09666, -0.392956, -0.0, -0.373864, -0.573418, -0.728984, 2.15991, -0.154864, 0.813541, -0.560507, -0.0, 0.0, 0.0, 0.0, 1.0],
                [0.914463, -0.09666, -0.392956, -0.0, -0.373864, -0.573418, -0.728984, 2.15991, -0.154864, 0.813541, -0.560507, -0.0, 0.0, 0.0, 0.0, 1.0]
            ]
        },
        {
            "name": "Torso",
            "time": [0.0, 0.8167, 1.8, 2.0],
            "transform": [
                [1.0, 0.0, -0.0, 0.0, -0.0, 0.999858, -0.016865, 0.273754, 0.0, 0.016865, 0.999858, 0.0, 0.0, 0.0, 0.0, 1.0],
                [1.0, 0.0, -0.0, 0.0, -0.0, 0.999858, -0.016862, 0.273754, 0.0, 0.016862, 0.999858, -0.0, 0.0, 0.0, 0.0, 1.0],
                [1.0, 0.0, -0.0, 0.0, -0.0, 0.999858, -0.016865, 0.273754, 0.0, 0.016865, 0.999858, 0.0, 0.0, 0.0, 0.0, 1.0],
                [1.0, 0.0, -0.0, 0.0, -0.0, 0.999858, -0.016865, 0.273754, 0.0, 0.016865, 0.999858, 0.0, 0.0, 0.0, 0.0, 1.0]
            ]
        },
        {
            "name": "Tail1",
            "time": [0.0, 0.8167, 1.8, 2.0],
            "transform": [
                [-1.0, -1e-06, -0.0, -1e-06, 1e-06, -0.480817, -0.876821, -0.516188, 0.0, -0.876821, 0.480817, 0.429314, 0.0, 0.0, 0.0, 1.0],
                [-1.0, -1e-06, -0.0, -0.0, 1e-06, -0.480815, -0.876822, -0.516189, 0.0, -0.876822, 0.480815, 0.429314, 0.0, 0.0, 0.0, 1.0],
                [-1.0, -1e-06, -0.0, -1e-06, 1e-06, -0.480811, -0.876824, -0.516188, 0.0, -0.876824, 0.480811, 0.429314, 0.0, 0.0, 0.0, 1.0],
                [-1.0, -1e-06, -0.0, -1e-06, 1e-06, -0.480811, -0.876824, -0.516188, 0.0, -0.876824, 0.480811, 0.429314, 0.0, 0.0, 0.0, 1.0]
            ]
        },
        {
            "name": "Tail2",
            "time": [0.0, 0.8167, 1.8, 2.0],
            "transform": [
                [0.999999, -0.0, 0.0, -0.0, 0.0, 0.964603, -0.263708, 0.615504, 0.0, 0.263708, 0.964603, 0.0, 0.0, 0.0, 0.0, 1.0],
                [1.0, 0.0, -0.0, 0.0, -0.0, 0.964603, -0.263707, 0.615504, 0.0, 0.263707, 0.964603, -0.0, 0.0, 0.0, 0.0, 1.0],
                [0.999999, -0.0, 0.0, -0.0, 0.0, 0.964603, -0.263707, 0.615504, 0.0, 0.263707, 0.964603, 0.0, 0.0, 0.0, 0.0, 1.0],
                [0.999999, -0.0, 0.0, -0.0, 0.0, 0.964603, -0.263707, 0.615504, 0.0, 0.263707, 0.964603, 0.0, 0.0, 0.0, 0.0, 1.0]
            ]
        },
        {
            "name": "Tail3",
            "time": [0.0, 0.8167, 1.8, 2.0],
            "transform": [
                [1.0, -0.0, 0.0, -0.0, 0.0, 0.97996, -0.199191, 0.624616, 0.0, 0.199191, 0.97996, 0.0, 0.0, 0.0, 0.0, 1.0],
                [1.0, -0.0, -0.0, 0.0, 0.0, 0.97996, -0.199193, 0.624616, 0.0, 0.199193, 0.97996, -0.0, 0.0, 0.0, 0.0, 1.0],
                [1.0, -0.0, 0.0, 0.0, 0.0, 0.97996, -0.199194, 0.624616, 0.0, 0.199194, 0.97996, 0.0, 0.0, 0.0, 0.0, 1.0],
                [1.0, -0.0, 0.0, 0.0, 0.0, 0.97996, -0.199194, 0.624616, 0.0, 0.199194, 0.97996, 0.0, 0.0, 0.0, 0.0, 1.0]
            ]
        },
        {
            "name": "Tail4",
            "time": [0.0, 0.8167, 1.8, 2.0],
            "transform": [
                [1.0, -0.0, 0.0, -0.0, 0.0, 0.989206, -0.146529, 0.62624, 0.0, 0.146529, 0.989206, 0.0, 0.0, 0.0, 0.0, 1.0],
                [1.0, -0.0, -0.0, 0.0, 0.0, 0.989205, -0.146532, 0.62624, 0.0, 0.146532, 0.989206, -0.0, 0.0, 0.0, 0.0, 1.0],
                [1.0, -0.0, 0.0, 0.0, 0.0, 0.989205, -0.146534, 0.62624, 0.0, 0.146534, 0.989205, -0.0, 0.0, 0.0, 0.0, 1.0],
                [1.0, -0.0, 0.0, 0.0, 0.0, 0.989205, -0.146534, 0.62624, 0.0, 0.146534, 0.989205, -0.0, 0.0, 0.0, 0.0, 1.0]
            ]
        },
        {
            "name": "Tail5",
            "time": [0.0, 0.8167, 1.8, 2.0],
            "transform": [
                [1.0, -0.0, 0.0, -0.0, 0.0, 0.994495, -0.10479, 0.624649, -0.0, 0.10479, 0.994495, 0.0, 0.0, 0.0, 0.0, 1.0],
                [1.0, 0.0, 0.0, -0.0, 0.0, 0.994494, -0.104793, 0.624649, -0.0, 0.104793, 0.994494, 0.0, 0.0, 0.0, 0.0, 1.0],
                [1.0, -0.0, 0.0, -0.0, 0.0, 0.994494, -0.104795, 0.624649, -0.0, 0.104795, 0.994494, -0.0, 0.0, 0.0, 0.0, 1.0],
                [1.0, -0.0, 0.0, -0.0, 0.0, 0.994494, -0.104795, 0.624649, -0.0, 0.104795, 0.994494, -0.0, 0.0, 0.0, 0.0, 1.0]
            ]
        },
        {
            "name": "Tail6",
            "time": [0.0, 0.8167, 1.8, 2.0],
            "transform": [
                [1.0, -0.0, 0.0, 0.0, 0.0, 0.997364, -0.072573, 0.623273, -0.0, 0.072573, 0.997363, 0.0, 0.0, 0.0, 0.0, 1.0],
                [1.0, -0.0, 0.0, -0.0, 0.0, 0.997363, -0.072575, 0.623274, -0.0, 0.072575, 0.997363, 0.0, 0.0, 0.0, 0.0, 1.0],
                [1.0, -0.0, 0.0, 0.0, 0.0, 0.997363, -0.072579, 0.623273, -0.0, 0.072579, 0.997363, -0.0, 0.0, 0.0, 0.0, 1.0],
                [1.0, -0.0, 0.0, 0.0, 0.0, 0.997363, -0.072579, 0.623273, -0.0, 0.072579, 0.997363, -0.0, 0.0, 0.0, 0.0, 1.0]
            ]
        },
        {
            "name": "Tail7",
            "time": [0.0, 0.8167, 1.8, 2.0],
            "transform": [
                [1.0, -0.0, 0.0, 0.0, 0.0, 0.998829, -0.048374, 0.625387, -0.0, 0.048374, 0.998829, -0.0, 0.0, 0.0, 0.0, 1.0],
                [1.0, -0.0, -0.0, -0.0, -0.0, 0.998829, -0.048376, 0.625387, 0.0, 0.048376, 0.998829, 0.0, 0.0, 0.0, 0.0, 1.0],
                [1.0, -0.0, 0.0, -0.0, 0.0, 0.998829, -0.04838, 0.625387, -0.0, 0.04838, 0.998829, 0.0, 0.0, 0.0, 0.0, 1.0],
                [1.0, -0.0, 0.0, -0.0, 0.0, 0.998829, -0.04838, 0.625387, -0.0, 0.04838, 0.998829, 0.0, 0.0, 0.0, 0.0, 1.0]
            ]
        },
        {
            "name": "Tail8",
            "time": [0.0, 0.8167, 1.8, 2.0],
            "transform": [
                [1.0, -0.0, 0.0, 0.0, 0.0, 0.999522, -0.030928, 0.625387, -0.0, 0.030928, 0.999522, 0.0, 0.0, 0.0, 0.0, 1.0],
                [1.0, 0.0, 0.0, -0.0, 0.0, 0.999522, -0.03093, 0.625387, -0.0, 0.03093, 0.999521, 0.0, 0.0, 0.0, 0.0, 1.0],
                [1.0, -0.0, 0.0, 0.0, 0.0, 0.999522, -0.030928, 0.625387, -0.0, 0.030928, 0.999522, 0.0, 0.0, 0.0, 0.0, 1.0],
                [1.0, -0.0, 0.0, 0.0, 0.0, 0.999522, -0.030928, 0.625387, -0.0, 0.030928, 0.999522, 0.0, 0.0, 0.0, 0.0, 1.0]
            ]
        },
        {
            "name": "Tail9",
            "time": [0.0, 2.0],
            "transform": [
                [1.0, -0.0, 0.0, 0.0, 0.0, 0.999821, -0.01891, 0.624782, -0.0, 0.01891, 0.999821, -0.0, 0.0, 0.0, 0.0, 1.0],
                [1.0, -0.0, 0.0, 0.0, 0.0, 0.999821, -0.01891, 0.624782, -0.0, 0.01891, 0.999821, -0.0, 0.0, 0.0, 0.0, 1.0]
            ]
        },
        {
            "name": "Tail10",
            "time": [0.0, 0.8167, 1.8, 2.0],
            "transform": [
                [1.0, -0.0, 0.0, -0.0, 0.0, 0.99994, -0.010924, 0.62586, -0.0, 0.010924, 0.99994, -0.0, 0.0, 0.0, 0.0, 1.0],
                [1.0, 0.0, -0.0, 0.0, -0.0, 0.99994, -0.010924, 0.62586, 0.0, 0.010924, 0.99994, 0.0, 0.0, 0.0, 0.0, 1.0],
                [1.0, -0.0, 0.0, 0.0, 0.0, 0.99994, -0.010918, 0.62586, -0.0, 0.010918, 0.99994, 0.0, 0.0, 0.0, 0.0, 1.0],
                [1.0, -0.0, 0.0, -0.0, 0.0, 0.99994, -0.010918, 0.62586, -0.0, 0.010918, 0.99994, 0.0, 0.0, 0.0, 0.0, 1.0]
            ]
        },
        {
            "name": "Tail11",
            "time": [0.0, 0.8167, 1.8, 2.0],
            "transform": [
                [1.0, -0.0, 0.0, -0.0, 0.0, 0.999983, -0.005808, 0.625142, -0.0, 0.005808, 0.999983, 0.0, 0.0, 0.0, 0.0, 1.0],
                [1.0, 0.0, 0.0, -0.0, -0.0, 0.999983, -0.005798, 0.625142, -0.0, 0.005798, 0.999983, -0.0, 0.0, 0.0, 0.0, 1.0],
                [1.0, -0.0, 0.0, 0.0, 0.0, 0.999983, -0.005788, 0.625141, -0.0, 0.005788, 0.999983, 0.0, 0.0, 0.0, 0.0, 1.0],
                [1.0, -0.0, 0.0, -0.0, 0.0, 0.999983, -0.005788, 0.625141, -0.0, 0.005788, 0.999983, 0.0, 0.0, 0.0, 0.0, 1.0]
            ]
        },
        {
            "name": "Tail12",
            "time": [0.0, 0.8167, 2.0],
            "transform": [
                [1.0, -0.0, 0.0, 0.0, 0.0, 0.999997, -0.002392, 0.624677, -0.0, 0.002392, 0.999997, -0.0, 0.0, 0.0, 0.0, 1.0],
                [1.0, 0.0, -0.0, -0.0, -0.0, 0.999997, -0.002367, 0.624676, 0.0, 0.002367, 0.999997, -0.0, 0.0, 0.0, 0.0, 1.0],
                [1.0, -0.0, 0.0, 0.0, 0.0, 0.999997, -0.002367, 0.624677, -0.0, 0.002367, 0.999997, 0.0, 0.0, 0.0, 0.0, 1.0]
            ]
        },
        {
            "name": "Leg_Front_R1",
            "time": [0.0, 0.8167, 1.8, 2.0],
            "transform": [
                [0.37891, 0.634446, -0.673725, 0.749746, 0.230441, 0.640394, 0.732661, 3.02236, 0.896283, -0.432866, 0.096449, 0.353266, 0.0, 0.0, 0.0, 1.0],
                [0.432572, 0.423235, -0.796086, 0.749746, 0.427913, 0.680809, 0.594466, 3.022358, 0.793582, -0.597804, 0.113391, 0.353266, 0.0, 0.0, 0.0, 1.0],
                [0.999966, 0.006472, -0.005172, 0.749746, 0.002552, 0.353377, 0.935478, 3.022362, 0.007882, -0.935458, 0.353349, 0.353266, 0.0, 0.0, 0.0, 1.0],
                [0.999966, 0.006472, -0.005172, 0.749746, 0.002552, 0.353377, 0.935478, 3.022362, 0.007882, -0.935458, 0.353349, 0.353266, 0.0, 0.0, 0.0, 1.0]
            ]
        },
        {
            "name": "Leg_Front_R2",
            "time": [0.0, 0.8167, 1.8, 2.0],
            "transform": [
                [0.913009, -0.279552, 0.297093, 0.0, 0.348191, 0.154576, -0.924591, 1.253495, 0.212548, 0.947606, 0.238467, 0.0, 0.0, 0.0, 0.0, 1.0],
                [0.981604, -0.186359, 0.041516, 0.0, 0.185593, 0.88031, -0.436588, 1.253495, 0.044815, 0.436262, 0.898703, 0.0, 0.0, 0.0, 0.0, 1.0],
                [0.999999, 0.001262, 0.000871, 0.0, -0.000928, 0.950204, -0.311626, 1.253495, -0.001221, 0.311625, 0.950204, -0.0, 0.0, 0.0, 0.0, 1.0],
                [0.999999, 0.001262, 0.000871, 0.0, -0.000928, 0.950204, -0.311626, 1.253495, -0.001221, 0.311625, 0.950204, -0.0, 0.0, 0.0, 0.0, 1.0]
            ]
        },
        {
            "name": "Leg_Front_R3",
            "time": [0.0, 0.8167, 1.8, 2.0],
            "transform": [
                [0.619834, 0.519723, 0.587957, -0.0, -0.400801, 0.853817, -0.332197, 1.488528, -0.674659, -0.029746, 0.73753, -0.0, 0.0, 0.0, 0.0, 1.0],
                [0.547477, 0.716461, 0.432381, -0.0, -0.298977, 0.65006, -0.698595, 1.488528, -0.781589, 0.253192, 0.570098, 0.0, 0.0, 0.0, 0.0, 1.0],
                [0.999557, -0.028382, 0.008979, -0.0, 0.022406, 0.518702, -0.854661, 1.488528, 0.0196, 0.854484, 0.519108, 0.0, 0.0, 0.0, 0.0, 1.0],
                [0.999557, -0.028382, 0.008979, -0.0, 0.022406, 0.518702, -0.854661, 1.488528, 0.0196, 0.854484, 0.519108, 0.0, 0.0, 0.0, 0.0, 1.0]
            ]
        },
        {
            "name": "Leg_Front_L1",
            "time": [0.0, 0.25, 0.5, 0.8167, 1.8, 2.0],
            "transform": [
                [0.29617, -0.64126, 0.707862, -0.749884, -0.3226, 0.630401, 0.706063, 3.02236, -0.899006, -0.43747, -0.020164, 0.353265, 0.0, 0.0, 0.0, 1.0],
                [0.390241, -0.803358, -0.449809, -0.749884, -0.524289, -0.595495, 0.608694, 3.022364, -0.756858, -0.001708, -0.653577, 0.353266, 0.0, 0.0, 0.0, 1.0],
                [0.957177, -0.285771, -0.046335, -0.749884, -0.200139, -0.76883, 0.607326, 3.022362, -0.20918, -0.572045, -0.7931, 0.353266, 0.0, 0.0, 0.0, 1.0],
                [0.998704, -0.049201, 0.013061, -0.749884, -0.031062, -0.385714, 0.922095, 3.022359, -0.040331, -0.921305, -0.386742, 0.353264, 0.0, 0.0, 0.0, 1.0],
                [0.986629, -0.11411, 0.116375, -0.749884, -0.144919, -0.287448, 0.946769, 3.022362, -0.074584, -0.950974, -0.300141, 0.353266, 0.0, 0.0, 0.0, 1.0],
                [0.986629, -0.11411, 0.116375, -0.749884, -0.144919, -0.287448, 0.946769, 3.022362, -0.074584, -0.950974, -0.300141, 0.353266, 0.0, 0.0, 0.0, 1.0]
            ]
        },
        {
            "name": "Leg_Front_L2",
            "time": [0.0, 0.25, 0.5, 0.8167, 1.8, 2.0],
            "transform": [
                [0.971619, 0.135238, -0.19408, 0.0, -0.211708, 0.131128, -0.968496, 1.253495, -0.105528, 0.982098, 0.156037, -0.0, 0.0, 0.0, 0.0, 1.0],
                [0.956148, 0.089546, -0.27886, -0.0, -0.107511, -0.77834, -0.618569, 1.253495, -0.272439, 0.621424, -0.734581, -0.0, 0.0, 0.0, 0.0, 1.0],
                [0.916938, 0.399026, -0.001895, 0.0, -0.079126, 0.177168, -0.980995, 1.253495, -0.391107, 0.899661, 0.194025, -0.0, 0.0, 0.0, 0.0, 1.0],
                [0.999781, -0.016964, -0.012249, -0.0, 0.009035, 0.87802, -0.478538, 1.253495, 0.018873, 0.478322, 0.877981, 0.0, 0.0, 0.0, 0.0, 1.0],
                [0.999654, 0.004014, -0.02599, -0.0, -0.004564, 0.999766, -0.021121, 1.253495, 0.0259, 0.021232, 0.999439, -0.0, 0.0, 0.0, 0.0, 1.0],
                [0.999654, 0.004014, -0.02599, -0.0, -0.004564, 0.999766, -0.021121, 1.253495, 0.0259, 0.021232, 0.999439, -0.0, 0.0, 0.0, 0.0, 1.0]
            ]
        },
        {
            "name": "Leg_Front_L3",
            "time": [0.0, 0.25, 0.5, 0.8167, 1.8, 2.0],
            "transform": [
                [0.562954, -0.45053, -0.692896, -0.0, 0.335051, 0.890787, -0.306984, 1.488528, 0.755529, -0.059338, 0.652423, -0.0, 0.0, 0.0, 0.0, 1.0],
                [0.357417, 0.138001, -0.923693, -0.0, 0.186647, 0.958517, 0.215426, 1.488528, 0.915104, -0.249401, 0.316832, -0.0, 0.0, 0.0, 0.0, 1.0],
                [0.832807, -0.551702, 0.045358, 0.0, 0.15595, 0.15521, -0.975495, 1.488528, 0.531142, 0.819472, 0.215298, 0.0, 0.0, 0.0, 0.0, 1.0],
                [0.929466, -0.181542, -0.321148, 0.0, -0.3257, 0.004989, -0.94546, 1.488528, 0.173243, 0.983371, -0.054491, 0.0, 0.0, 0.0, 0.0, 1.0],
                [0.954186, -0.292254, -0.064162, -0.0, -0.173428, -0.36545, -0.914532, 1.488528, 0.243828, 0.883761, -0.399393, 0.0, 0.0, 0.0, 0.0, 1.0],
                [0.954186, -0.292254, -0.064162, -0.0, -0.173428, -0.36545, -0.914532, 1.488528, 0.243828, 0.883761, -0.399393, 0.0, 0.0, 0.0, 0.0, 1.0]
            ]
        },
        {
            "name": "Wing_R1",
            "time": [0.0, 0.8167, 1.8, 2.0],
            "transform": [
                [-0.5635, 0.707238, 0.426946, 0.749813, -0.77519, -0.631321, 0.02266, 2.861324, 0.285566, -0.318195, 0.903993, 0.744816, 0.0, 0.0, 0.0, 1.0],
                [-0.381766, 0.582468, 0.717625, 0.749813, -0.802335, -0.594286, 0.055528, 2.861323, 0.458818, -0.554577, 0.694212, 0.744816, 0.0, 0.0, 0.0, 1.0],
                [-0.5635, 0.707238, 0.426946, 0.749813, -0.77519, -0.631321, 0.02266, 2.861323, 0.285566, -0.318195, 0.903993, 0.744816, 0.0, 0.0, 0.0, 1.0],
                [-0.5635, 0.707238, 0.426946, 0.749813, -0.77519, -0.631321, 0.02266, 2.861323, 0.285566, -0.318195, 0.903993, 0.744816, 0.0, 0.0, 0.0, 1.0]
            ]
        },
        {
            "name": "Wing_R2",
            "time": [0.0, 2.0],
            "transform": [
                [0.842155, 0.539235, -0.000221, -0.0, -0.539235, 0.842155, -0.000114, 3.499785, 0.000125, 0.000215, 1.0, 0.0, 0.0, 0.0, 0.0, 1.0],
                [0.842155, 0.539235, -0.000221, -0.0, -0.539235, 0.842155, -0.000114, 3.499784, 0.000125, 0.000215, 1.0, 0.0, 0.0, 0.0, 0.0, 1.0]
            ]
        },
        {
            "name": "Wing_L1",
            "time": [0.0, 0.8167, 1.8, 2.0],
            "transform": [
                [-0.591201, -0.668798, -0.450768, -0.75068, 0.747839, -0.663867, 0.004147, 2.861324, -0.302023, -0.33465, 0.892632, 0.744815, 0.0, 0.0, 0.0, 1.0],
                [-0.657505, -0.699371, -0.280298, -0.75068, 0.72984, -0.683588, -0.006391, 2.861324, -0.187138, -0.208775, 0.959892, 0.744815, 0.0, 0.0, 0.0, 1.0],
                [-0.591201, -0.668798, -0.450768, -0.75068, 0.747839, -0.663867, 0.004147, 2.861324, -0.302023, -0.33465, 0.892632, 0.744816, 0.0, 0.0, 0.0, 1.0],
                [-0.591201, -0.668798, -0.450768, -0.75068, 0.747839, -0.663867, 0.004147, 2.861324, -0.302023, -0.33465, 0.892632, 0.744816, 0.0, 0.0, 0.0, 1.0]
            ]
        },
        {
            "name": "Wing_L2",
            "time": [0.0, 2.0],
            "transform": [
                [0.832544, -0.553959, 0.000357, -0.0, 0.553959, 0.832543, -0.00045, 3.499784, -4.8e-05, 0.000572, 1.0, -0.0, 0.0, 0.0, 0.0, 1.0],
                [0.832544, -0.553959, 0.000357, 0.0, 0.553959, 0.832543, -0.00045, 3.499784, -4.8e-05, 0.000572, 1.0, -0.0, 0.0, 0.0, 0.0, 1.0]
            ]
        },
        {
            "name": "Neck1",
            "time": [0.0, 0.8167, 1.8, 2.0],
            "transform": [
                [1.0, -0.0, 0.0, -0.0, 0.0, 0.783466, -0.621435, 3.493827, 0.0, 0.621435, 0.783466, 2e-06, 0.0, 0.0, 0.0, 1.0],
                [1.0, 0.0, 0.0, -0.0, -0.0, 0.783466, -0.621435, 3.493827, -0.0, 0.621435, 0.783466, 1e-06, 0.0, 0.0, 0.0, 1.0],
                [1.0, -0.0, 0.0, -0.0, 0.0, 0.952525, -0.30446, 3.49383, 0.0, 0.30446, 0.952525, 5e-06, 0.0, 0.0, 0.0, 1.0],
                [1.0, -0.0, 0.0, -0.0, 0.0, 0.952525, -0.30446, 3.49383, 0.0, 0.30446, 0.952525, 5e-06, 0.0, 0.0, 0.0, 1.0]
            ]
        },
        {
            "name": "Neck2",
            "time": [0.0, 0.8167, 1.8, 2.0],
            "transform": [
                [1.0, -0.0, -0.0, 0.0, 0.0, 0.995485, -0.094924, 0.623754, 0.0, 0.094924, 0.995485, -0.0, 0.0, 0.0, 0.0, 1.0],
                [1.0, 0.0, -0.0, 0.0, -0.0, 0.995485, -0.094923, 0.623755, 0.0, 0.094923, 0.995485, -0.0, 0.0, 0.0, 0.0, 1.0],
                [1.0, 0.0, -0.0, -0.0, -0.0, 0.999813, -0.019349, 0.623754, 0.0, 0.019349, 0.999813, 0.0, 0.0, 0.0, 0.0, 1.0],
                [1.0, 0.0, -0.0, -0.0, -0.0, 0.999813, -0.019349, 0.623754, 0.0, 0.019349, 0.999813, 0.0, 0.0, 0.0, 0.0, 1.0]
            ]
        },
        {
            "name": "Neck3",
            "time": [0.0, 0.8167, 1.8, 2.0],
            "transform": [
                [1.0, 0.0, 0.0, 0.0, -0.0, 0.939129, 0.343563, 0.626763, 0.0, -0.343563, 0.939129, 0.0, 0.0, 0.0, 0.0, 1.0],
                [1.0, -0.0, 0.0, -0.0, 0.0, 0.939129, 0.343563, 0.626764, -0.0, -0.343563, 0.939129, -0.0, 0.0, 0.0, 0.0, 1.0],
                [1.0, 0.0, -0.0, 0.0, -0.0, 0.994949, 0.100376, 0.626763, 0.0, -0.100376, 0.99495, 0.0, 0.0, 0.0, 0.0, 1.0],
                [1.0, 0.0, -0.0, 0.0, -0.0, 0.994949, 0.100376, 0.626763, 0.0, -0.100376, 0.99495, 0.0, 0.0, 0.0, 0.0, 1.0]
            ]
        },
        {
            "name": "Neck4",
            "time": [0.0, 0.8167, 1.8, 2.0],
            "transform": [
                [1.0, 0.0, 0.0, 0.0, -0.0, 0.871532, 0.490338, 0.624224, 0.0, -0.490338, 0.871532, -0.0, 0.0, 0.0, 0.0, 1.0],
                [1.0, 0.0, -0.0, 0.0, 0.0, 0.871532, 0.490338, 0.624224, 0.0, -0.490338, 0.871532, -0.0, 0.0, 0.0, 0.0, 1.0],
                [1.0, 0.0, -0.0, 0.0, -0.0, 0.993315, 0.115436, 0.624224, 0.0, -0.115436, 0.993315, 0.0, 0.0, 0.0, 0.0, 1.0],
                [1.0, 0.0, -0.0, 0.0, -0.0, 0.993315, 0.115436, 0.624224, 0.0, -0.115436, 0.993315, 0.0, 0.0, 0.0, 0.0, 1.0]
            ]
        },
        {
            "name": "Neck5",
            "time": [0.0, 0.8167, 1.8, 2.0],
            "transform": [
                [1.0, 0.0, 0.0, 0.0, -0.0, 0.93709, 0.349088, 0.624445, 0.0, -0.349089, 0.93709, -0.0, 0.0, 0.0, 0.0, 1.0],
                [1.0, -0.0, -0.0, -0.0, -0.0, 0.93709, 0.349088, 0.624445, 0.0, -0.349088, 0.93709, -0.0, 0.0, 0.0, 0.0, 1.0],
                [1.0, 0.0, -0.0, 0.0, -0.0, 0.997374, 0.072434, 0.624445, 0.0, -0.072434, 0.997373, 0.0, 0.0, 0.0, 0.0, 1.0],
                [1.0, 0.0, -0.0, 0.0, -0.0, 0.997374, 0.072434, 0.624445, 0.0, -0.072434, 0.997373, 0.0, 0.0, 0.0, 0.0, 1.0]
            ]
        },
        {
            "name": "Head",
            "time": [0.0, 0.8167, 1.8, 2.0],
            "transform": [
                [1.0, 0.0, 0.0, -0.0, 0.0, 0.846634, -0.532175, 0.629229, -0.0, 0.532175, 0.846634, 0.0, 0.0, 0.0, 0.0, 1.0],
                [0.995779, -0.087688, -0.027118, -0.0, 0.065505, 0.885896, -0.459235, 0.629229, 0.064293, 0.455521, 0.8879, 0.0, 0.0, 0.0, 0.0, 1.0],
                [1.0, -0.0, -0.0, -0.0, 0.0, 0.999408, -0.034404, 0.629229, 0.0, 0.034404, 0.999408, 0.0, 0.0, 0.0, 0.0, 1.0],
                [1.0, -0.0, -0.0, -0.0, 0.0, 0.999408, -0.034404, 0.629229, 0.0, 0.034404, 0.999408, 0.0, 0.0, 0.0, 0.0, 1.0]
            ]
        },
        {
            "name": "Mouth_Upper",
            "time": [0.0, 2.0],
            "transform": [
                [1.0, 0.0, -0.0, 0.001002, -0.0, 0.998451, -0.055644, 0.873062, 0.0, 0.055644, 0.998451, -0.249923, 0.0, 0.0, 0.0, 1.0],
                [1.0, -0.0, -0.0, 0.001002, -0.0, 0.998451, -0.055641, 0.873062, 0.0, 0.055641, 0.998451, -0.249923, 0.0, 0.0, 0.0, 1.0]
            ]
        },
        {
            "name": "Mouth_Lower",
            "time": [0.0, 2.0],
            "transform": [
                [1.0, 0.0, 0.0, 0.001002, 0.0, 1.0, 0.0, 0.87306, 0.0, 0.0, 1.0, -0.257517, 0.0, 0.0, 0.0, 1.0],
                [1.0, -0.0, 0.0, 0.001002, -0.0, 1.0, 0.0, 0.87306, 0.0, 0.0, 1.0, -0.257517, 0.0, 0.0, 0.0, 1.0]
            ]
        }
    ]
}