{
    "animation": [
        {
            "name": "Root",
            "time": [0.0, 0.2333, 0.4167, 0.7167, 1.0667],
            "transform": [
                [1.0, 0.0, 0.0, 0.0, 0.0, 0.997337, 0.072932, -1.177988, 0.0, -0.072932, 0.997337, 3.469115, 0.0, 0.0, 0.0, 1.0],
                [1.0, 0.0, 0.0, -0.0, 0.0, 0.908177, -0.418587, -5.958951, 0.0, 0.418587, 0.908177, 6.292986, 0.0, 0.0, 0.0, 1.0],
                [1.0, 0.0, 0.0, 0.0, 0.0, 0.779362, -0.626574, -10.616444, 0.0, 0.626574, 0.779362, 7.757859, 0.0, 0.0, 0.0, 1.0],
                [1.0, 0.0, 0.0, 0.0, 0.0, 0.782586, -0.622542, -16.611343, 0.0, 0.622542, 0.782586, 8.001397, 0.0, 0.0, 0.0, 1.0],
                [1.0, 0.0, 0.0, 0.0, 0.0, 0.976545, -0.215314, -20.800047, 0.0, 0.215314, 0.976545, 4.313075, 0.0, 0.0, 0.0, 1.0]
            ]
        },
        {
            "name": "Leg_Back_R1",
            "time": [0.0, 0.2333, 0.4167, 0.7167, 1.0667],
            "transform": [
                [0.999999, 0.0, 0.0, 0.999855, -0.0, 0.68974, 0.724056, 0.086324, 0.0, -0.724056, 0.68974, -0.271294, 0.0, 0.0, 0.0, 1.0],
                [0.999999, 0.0, 0.0, 0.999855, -0.0, 0.430328, 0.902672, 0.086323, -0.0, -0.902672, 0.430328, -0.271295, 0.0, 0.0, 0.0, 1.0],
                [0.999999, -0.0, 0.0, 0.999855, -0.0, 0.185071, 0.982725, 0.086323, -0.0, -0.982724, 0.185071, -0.271299, 0.0, 0.0, 0.0, 1.0],
                [0.999999, 0.0, 0.0, 0.999855, -0.0, 0.385863, 0.922555, 0.086321, -0.0, -0.922555, 0.385863, -0.271289, 0.0, 0.0, 0.0, 1.0],
                [0.999999, -0.0, 0.0, 0.999855, -0.0, -0.456127, 0.889914, 0.086327, -0.0, -0.889914, -0.456126, -0.271299, 0.0, 0.0, 0.0, 1.0]
            ]
        },
        {
            "name": "Leg_Back_R2",
            "time": [0.0, 0.2333, 0.4167, 0.7167, 1.0667],
            "transform": [
                [1.0, -0.0, 0.0, 0.0, 0.0, 0.248896, 0.96853, 1.692269, -0.0, -0.96853, 0.248896, 0.0, 0.0, 0.0, 0.0, 1.0],
                [1.0, -0.0, 0.0, 0.0, 0.0, 0.999975, 0.007023, 1.692269, -0.0, -0.007023, 0.999975, -0.0, 0.0, 0.0, 0.0, 1.0],
                [1.0, 0.0, 0.0, 0.0, -0.0, 0.999883, 0.015276, 1.69227, -0.0, -0.015276, 0.999883, 0.0, 0.0, 0.0, 0.0, 1.0],
                [1.0, 0.0, 0.0, 0.0, -0.0, 0.367453, 0.930042, 1.692268, -0.0, -0.930042, 0.367452, 0.0, 0.0, 0.0, 0.0, 1.0],
                [1.0, 0.0, 0.0, -0.0, -0.0, 0.990449, 0.137882, 1.692268, -0.0, -0.137882, 0.990448, 1e-06, 0.0, 0.0, 0.0, 1.0]
            ]
        },
        {
            "name": "Leg_Back_R3",
            "time": [0.0, 0.2333, 0.4167, 0.7167, 1.0667],
            "transform": [
                [1.0, -0.0, -0.0, 0.0, -0.0, -0.594172, -0.804338, 2.159911, -0.0, 0.804338, -0.594172, 0.0, 0.0, 0.0, 0.0, 1.0],
                [1.0, 0.0, -0.0, 0.0, -0.0, 0.948572, -0.316562, 2.15991, 0.0, 0.316561, 0.948572, -0.0, 0.0, 0.0, 0.0, 1.0],
                [1.0, 0.0, -0.0, 0.0, -0.0, 0.948572, -0.316562, 2.159911, 0.0, 0.316562, 0.948572, -0.0, 0.0, 0.0, 0.0, 1.0],
                [1.0, 0.0, -0.0, 0.0, -0.0, 0.948572, -0.316562, 2.159911, 0.0, 0.316561, 0.948572, 0.0, 0.0, 0.0, 0.0, 1.0],
                [1.0, -0.0, 0.0, 0.0, 0.0, -0.12374, -0.992315, 2.15991, 0.0, 0.992315, -0.12374, -1e-06, 0.0, 0.0, 0.0, 1.0]
            ]
        },
        {
            "name": "Leg_Back_L1",
            "time": [0.0, 0.2333, 0.4167, 0.7167, 1.0667],
            "transform": [
                [0.999999, 0.0, 0.0, -0.999947, -0.0, 0.689741, 0.724056, 0.086325, -0.0, -0.724055, 0.689741, -0.271295, 0.0, 0.0, 0.0, 1.0],
                [0.999999, -0.0, 0.0, -0.999947, -0.0, 0.430518, 0.902582, 0.086325, -0.0, -0.902581, 0.430518, -0.271296, 0.0, 0.0, 0.0, 1.0],
                [0.999999, -0.0, 0.0, -0.999947, -0.0, 0.18511, 0.982717, 0.086326, -0.0, -0.982717, 0.185111, -0.2713, 0.0, 0.0, 0.0, 1.0],
                [0.999999, -0.0, 0.0, -0.999947, -0.0, 0.385846, 0.922563, 0.086324, -0.0, -0.922562, 0.385846, -0.271295, 0.0, 0.0, 0.0, 1.0],
                [0.999999, -0.0, 0.0, -0.999947, -0.0, -0.455614, 0.890177, 0.086327, -0.0, -0.890177, -0.455613, -0.271299, 0.0, 0.0, 0.0, 1.0]
            ]
        },
        {
            "name": "Leg_Back_L2",
            "time": [0.0, 0.2333, 0.4167, 0.7167, 1.0667],
            "transform": [
                [1.0, -0.0, 0.0, -0.0, -0.0, 0.248895, 0.968531, 1.692269, -0.0, -0.968531, 0.248895, 0.0, 0.0, 0.0, 0.0, 1.0],
                [1.0, -0.0, 0.0, -0.0, 0.0, 0.999973, 0.007398, 1.692269, -0.0, -0.007398, 0.999973, -0.0, 0.0, 0.0, 0.0, 1.0],
                [1.0, -0.0, 0.0, -0.0, 0.0, 0.999883, 0.015349, 1.692269, -0.0, -0.015349, 0.999883, -0.0, 0.0, 0.0, 0.0, 1.0],
                [1.0, -0.0, 0.0, -0.0, -0.0, 0.367355, 0.930081, 1.69227, -0.0, -0.930081, 0.367355, -0.0, 0.0, 0.0, 0.0, 1.0],
                [1.0, -0.0, 0.0, -0.0, 0.0, 0.990315, 0.138838, 1.692268, -0.0, -0.138839, 0.990315, 1e-06, 0.0, 0.0, 0.0, 1.0]
            ]
        },
        {
            "name": "Leg_Back_L3",
            "time": [0.0, 0.2333, 0.4167, 0.7167, 1.0667],
            "transform": [
                [1.0, -0.0, -0.0, -0.0, -0.0, -0.594809, -0.803867, 2.159911, -0.0, 0.803867, -0.594809, -0.0, 0.0, 0.0, 0.0, 1.0],
                [1.0, 0.0, -0.0, 0.0, -0.0, 0.948572, -0.316562, 2.159911, -0.0, 0.316561, 0.948572, -0.0, 0.0, 0.0, 0.0, 1.0],
                [1.0, 0.0, -0.0, 0.0, -0.0, 0.948572, -0.316561, 2.15991, -0.0, 0.316561, 0.948572, 1e-06, 0.0, 0.0, 0.0, 1.0],
                [1.0, 0.0, -0.0, -0.0, -0.0, 0.948572, -0.316562, 2.159911, -0.0, 0.316562, 0.948572, 0.0, 0.0, 0.0, 0.0, 1.0],
                [1.0, 0.0, 0.0, 0.0, 0.0, -0.12374, -0.992315, 2.159911, -0.0, 0.992315, -0.12374, 1e-06, 0.0, 0.0, 0.0, 1.0]
            ]
        },
        {
            "name": "Torso",
            "time": [0.0, 0.2333, 0.4167, 0.7167, 1.0667],
            "transform": [
                [1.0, 0.0, 0.0, 0.0, 0.0, 0.999931, -0.01173, 0.273754, 0.0, 0.01173, 0.999931, -0.0, 0.0, 0.0, 0.0, 1.0],
                [1.0, -0.0, 0.0, 0.0, 0.0, 0.999931, -0.011729, 0.273753, -0.0, 0.011729, 0.999931, -0.0, 0.0, 0.0, 0.0, 1.0],
                [1.0, 0.0, -0.0, 0.0, -0.0, 0.999931, -0.011729, 0.273754, 0.0, 0.011729, 0.999931, 0.0, 0.0, 0.0, 0.0, 1.0],
                [1.0, 0.0, -0.0, 0.0, -0.0, 0.999931, -0.01174, 0.273754, 0.0, 0.011739, 0.999931, 0.0, 0.0, 0.0, 0.0, 1.0],
                [1.0, 0.0, -0.0, 0.0, -0.0, 0.999858, -0.016872, 0.273753, 0.0, 0.016872, 0.999857, -0.0, 0.0, 0.0, 0.0, 1.0]
            ]
        },
        {
            "name": "Tail1",
            "time": [0.0, 0.0833, 0.4167, 0.85, 1.0667],
            "transform": [
                [-1.0, 0.0, -0.0, -1e-06, -0.0, -0.891689, 0.452649, -0.516185, -0.0, 0.452649, 0.891689, 0.429315, 0.0, 0.0, 0.0, 1.0],
                [-1.0, 0.0, -0.0, -1e-06, -0.0, -0.950589, 0.310452, -0.516185, -0.0, 0.310452, 0.950589, 0.429315, 0.0, 0.0, 0.0, 1.0],
                [-1.0, -0.0, -0.0, -1e-06, 0.0, -0.949014, -0.315234, -0.516184, -0.0, -0.315234, 0.949014, 0.429315, 0.0, 0.0, 0.0, 1.0],
                [-1.0, -0.0, 0.0, -1e-06, 0.0, -0.996757, 0.080473, -0.516184, 0.0, 0.080473, 0.996757, 0.429317, 0.0, 0.0, 0.0, 1.0],
                [-1.0, -3e-06, -0.0, -1e-06, 3e-06, -0.900202, 0.435474, -0.516184, -1e-06, 0.435474, 0.900201, 0.429318, 0.0, 0.0, 0.0, 1.0]
            ]
        },
        {
            "name": "Tail2",
            "time": [0.0, 0.0833, 0.4167, 0.85, 1.0667],
            "transform": [
                [0.999999, 0.0, 0.0, -0.0, -0.0, 0.931452, -0.363863, 0.615504, -0.0, 0.363863, 0.931452, -0.0, 0.0, 0.0, 0.0, 1.0],
                [0.999999, 0.0, 0.0, 0.0, -0.0, 0.971451, -0.237239, 0.615504, -0.0, 0.237239, 0.971451, -0.0, 0.0, 0.0, 0.0, 1.0],
                [0.999999, 0.0, -0.0, 0.0, -0.0, 0.970874, 0.23959, 0.615504, 0.0, -0.23959, 0.970874, -0.0, 0.0, 0.0, 0.0, 1.0],
                [0.999999, 0.0, -0.0, 0.0, -0.0, 0.998594, -0.053013, 0.615505, 0.0, 0.053013, 0.998594, -0.0, 0.0, 0.0, 0.0, 1.0],
                [0.999999, 3e-06, 0.0, -0.0, -3e-06, 0.923324, -0.384021, 0.615505, -1e-06, 0.384021, 0.923324, -0.0, 0.0, 0.0, 0.0, 1.0]
            ]
        },
        {
            "name": "Tail3",
            "time": [0.0, 0.0833, 0.4167, 0.85, 1.0667],
            "transform": [
                [1.0, 0.0, 0.0, -0.0, -0.0, 0.968697, -0.248245, 0.624615, -0.0, 0.248245, 0.968697, -0.0, 0.0, 0.0, 0.0, 1.0],
                [1.0, 0.0, 0.0, -0.0, -0.0, 0.989825, -0.142288, 0.624616, -0.0, 0.142288, 0.989825, 0.0, 0.0, 0.0, 0.0, 1.0],
                [1.0, 0.0, -0.0, 0.0, 0.0, 0.980621, 0.195912, 0.624616, 0.0, -0.195912, 0.980621, -0.0, 0.0, 0.0, 0.0, 1.0],
                [1.0, 0.0, -0.0, 0.0, -0.0, 0.999817, -0.01913, 0.624615, 0.0, 0.01913, 0.999817, -1e-06, 0.0, 0.0, 0.0, 1.0],
                [1.0, 2e-06, 1e-06, -0.0, -2e-06, 0.956537, -0.29161, 0.624618, -1e-06, 0.29161, 0.956537, 0.0, 0.0, 0.0, 0.0, 1.0]
            ]
        },
        {
            "name": "Tail4",
            "time": [0.0, 0.0833, 0.4167, 0.85, 1.0667],
            "transform": [
                [1.0, -0.0, 0.0, 0.0, 0.0, 0.991315, -0.131509, 0.62624, -0.0, 0.131509, 0.991315, 0.0, 0.0, 0.0, 0.0, 1.0],
                [1.0, -0.0, 0.0, -0.0, 0.0, 0.998804, -0.048884, 0.62624, -0.0, 0.048884, 0.998804, 0.0, 0.0, 0.0, 0.0, 1.0],
                [1.0, -0.0, -0.0, 0.0, 0.0, 0.989478, 0.144677, 0.626239, 0.0, -0.144676, 0.989479, 1e-06, 0.0, 0.0, 0.0, 1.0],
                [1.0, -0.0, -0.0, -0.0, 0.0, 0.999992, -0.003814, 0.626239, 0.0, 0.003814, 0.999992, 0.0, 0.0, 0.0, 0.0, 1.0],
                [1.0, 1e-06, 1e-06, -0.0, -0.0, 0.981796, -0.189937, 0.626238, -1e-06, 0.189937, 0.981796, -1e-06, 0.0, 0.0, 0.0, 1.0]
            ]
        },
        {
            "name": "Tail5",
            "time": [0.0, 0.0833, 0.4167, 0.85, 1.0667],
            "transform": [
                [1.0, -0.0, 0.0, 0.0, 0.0, 0.999956, -0.009405, 0.624649, -0.0, 0.009405, 0.999956, -0.0, 0.0, 0.0, 0.0, 1.0],
                [1.0, -0.0, 0.0, 0.0, 0.0, 0.999337, 0.0364, 0.624649, -0.0, -0.0364, 0.999337, 0.0, 0.0, 0.0, 0.0, 1.0],
                [1.0, -0.0, -0.0, 0.0, 0.0, 0.988741, 0.149637, 0.624649, 0.0, -0.149637, 0.988741, 1e-06, 0.0, 0.0, 0.0, 1.0],
                [1.0, -0.0, -0.0, 0.0, 0.0, 0.99918, 0.04049, 0.624651, 0.0, -0.04049, 0.99918, 1e-06, 0.0, 0.0, 0.0, 1.0],
                [1.0, -1e-06, 1e-06, -0.0, 1e-06, 0.99959, -0.028635, 0.624649, -1e-06, 0.028635, 0.99959, -2e-06, 0.0, 0.0, 0.0, 1.0]
            ]
        },
        {
            "name": "Tail6",
            "time": [0.0, 0.0833, 0.4167, 0.85, 1.0667],
            "transform": [
                [1.0, -0.0, 0.0, 0.0, 0.0, 0.994512, 0.104623, 0.623274, -0.0, -0.104623, 0.994512, 0.0, 0.0, 0.0, 0.0, 1.0],
                [1.0, -0.0, 0.0, 0.0, 0.0, 0.990175, 0.139835, 0.623273, -0.0, -0.139835, 0.990175, -0.0, 0.0, 0.0, 0.0, 1.0],
                [1.0, -0.0, -0.0, -0.0, 0.0, 0.983877, 0.178852, 0.623273, 0.0, -0.178852, 0.983876, -1e-06, 0.0, 0.0, 0.0, 1.0],
                [1.0, -0.0, -0.0, 0.0, 0.0, 0.995736, 0.09226, 0.623271, 0.0, -0.09226, 0.995735, -0.0, 0.0, 0.0, 0.0, 1.0],
                [1.0, -2e-06, 1e-06, 0.0, 2e-06, 0.990809, 0.135271, 0.623274, -1e-06, -0.135271, 0.990809, -2e-06, 0.0, 0.0, 0.0, 1.0]
            ]
        },
        {
            "name": "Tail7",
            "time": [0.0, 0.0833, 0.4167, 0.85, 1.0667],
            "transform": [
                [1.0, -0.0, 0.0, 0.0, 0.0, 0.983135, 0.182881, 0.625387, -0.0, -0.182881, 0.983135, 0.0, 0.0, 0.0, 0.0, 1.0],
                [1.0, -0.0, -0.0, 0.0, 0.0, 0.98016, 0.198208, 0.625387, -0.0, -0.198208, 0.98016, -0.0, 0.0, 0.0, 0.0, 1.0],
                [1.0, -0.0, -0.0, 0.0, 0.0, 0.982653, 0.185454, 0.625388, 0.0, -0.185454, 0.982653, 0.0, 0.0, 0.0, 0.0, 1.0],
                [1.0, -0.0, -0.0, 0.0, 0.0, 0.99477, 0.102141, 0.625387, 0.0, -0.102141, 0.99477, 0.0, 0.0, 0.0, 0.0, 1.0],
                [1.0, -3e-06, 0.0, -0.0, 3e-06, 0.972092, 0.2346, 0.62539, -1e-06, -0.2346, 0.972092, -1e-06, 0.0, 0.0, 0.0, 1.0]
            ]
        },
        {
            "name": "Tail8",
            "time": [0.0, 0.0833, 0.4167, 0.85, 1.0667],
            "transform": [
                [1.0, -0.0, 0.0, 0.0, 0.0, 0.973644, 0.228072, 0.625387, -0.0, -0.228072, 0.973644, -0.0, 0.0, 0.0, 0.0, 1.0],
                [1.0, -0.0, -0.0, -0.0, 0.0, 0.973645, 0.228071, 0.625387, -0.0, -0.228071, 0.973644, 0.0, 0.0, 0.0, 0.0, 1.0],
                [1.0, -0.0, -0.0, -0.0, 0.0, 0.983651, 0.180085, 0.625387, 0.0, -0.180085, 0.983651, 0.0, 0.0, 0.0, 0.0, 1.0],
                [1.0, -0.0, -0.0, 0.0, 0.0, 0.996106, 0.088164, 0.625385, 0.0, -0.088164, 0.996106, -2e-06, 0.0, 0.0, 0.0, 1.0],
                [1.0, -4e-06, -0.0, -0.0, 4e-06, 0.961508, 0.274779, 0.625388, -1e-06, -0.274779, 0.961507, 0.0, 0.0, 0.0, 0.0, 1.0]
            ]
        },
        {
            "name": "Tail9",
            "time": [0.0, 0.0833, 0.4167, 0.85, 1.0667],
            "transform": [
                [1.0, -0.0, -0.0, 0.0, 0.0, 0.971296, 0.237871, 0.624782, -0.0, -0.237871, 0.971297, -0.0, 0.0, 0.0, 0.0, 1.0],
                [1.0, -0.0, -0.0, -0.0, 0.0, 0.973656, 0.22802, 0.624782, -0.0, -0.22802, 0.973656, 0.0, 0.0, 0.0, 0.0, 1.0],
                [1.0, -0.0, -0.0, 0.0, 0.0, 0.988694, 0.149945, 0.624783, 0.0, -0.149945, 0.988694, -0.0, 0.0, 0.0, 0.0, 1.0],
                [1.0, -0.0, -0.0, 0.0, 0.0, 0.997635, 0.068727, 0.624782, 0.0, -0.068727, 0.997635, 2e-06, 0.0, 0.0, 0.0, 1.0],
                [1.0, -4e-06, -0.0, 0.0, 4e-06, 0.961722, 0.274028, 0.624784, -1e-06, -0.274027, 0.961722, 1e-06, 0.0, 0.0, 0.0, 1.0]
            ]
        },
        {
            "name": "Tail10",
            "time": [0.0, 0.0833, 0.4167, 0.85, 1.0667],
            "transform": [
                [1.0, -0.0, -0.0, 0.0, 0.0, 0.976922, 0.213598, 0.62586, -0.0, -0.213598, 0.976922, 0.0, 0.0, 0.0, 0.0, 1.0],
                [1.0, -0.0, -0.0, 0.0, 0.0, 0.979868, 0.199645, 0.62586, -0.0, -0.199645, 0.979868, -0.0, 0.0, 0.0, 0.0, 1.0],
                [1.0, -0.0, -0.0, 0.0, 0.0, 0.992756, 0.120147, 0.625861, 0.0, -0.120147, 0.992756, 1e-06, 0.0, 0.0, 0.0, 1.0],
                [1.0, -0.0, -0.0, -0.0, 0.0, 0.998585, 0.053169, 0.625861, 0.0, -0.053169, 0.998586, 2e-06, 0.0, 0.0, 0.0, 1.0],
                [1.0, -3e-06, -0.0, -0.0, 3e-06, 0.970347, 0.241715, 0.625858, -0.0, -0.241715, 0.970347, 0.0, 0.0, 0.0, 0.0, 1.0]
            ]
        },
        {
            "name": "Tail11",
            "time": [0.0, 0.0833, 0.4167, 0.85, 1.0667],
            "transform": [
                [1.0, -0.0, -0.0, 0.0, 0.0, 0.987098, 0.160115, 0.625142, -0.0, -0.160115, 0.987098, 0.0, 0.0, 0.0, 0.0, 1.0],
                [1.0, -0.0, -0.0, -0.0, 0.0, 0.989081, 0.147374, 0.625142, -0.0, -0.147374, 0.989081, -0.0, 0.0, 0.0, 0.0, 1.0],
                [1.0, -0.0, -0.0, -0.0, 0.0, 0.996469, 0.083963, 0.625141, 0.0, -0.083963, 0.996469, 0.0, 0.0, 0.0, 0.0, 1.0],
                [1.0, -0.0, -0.0, 0.0, 0.0, 0.999348, 0.036117, 0.625141, 0.0, -0.036117, 0.999348, -1e-06, 0.0, 0.0, 0.0, 1.0],
                [1.0, -2e-06, -0.0, -0.0, 2e-06, 0.983837, 0.179068, 0.625142, -0.0, -0.179068, 0.983837, 0.0, 0.0, 0.0, 0.0, 1.0]
            ]
        },
        {
            "name": "Tail12",
            "time": [0.0, 0.0833, 0.4167, 0.85, 1.0667],
            "transform": [
                [1.0, -0.0, -0.0, 0.0, 0.0, 0.996352, 0.085337, 0.624677, -0.0, -0.085337, 0.996352, -1e-06, 0.0, 0.0, 0.0, 1.0],
                [1.0, -0.0, -0.0, -0.0, 0.0, 0.996962, 0.077889, 0.624677, -0.0, -0.077889, 0.996962, 1e-06, 0.0, 0.0, 0.0, 1.0],
                [1.0, -0.0, -0.0, -0.0, 0.0, 0.999071, 0.043088, 0.624677, 0.0, -0.043088, 0.999071, -0.0, 0.0, 0.0, 0.0, 1.0],
                [1.0, -0.0, -0.0, -0.0, 0.0, 0.999834, 0.01821, 0.624678, 0.0, -0.01821, 0.999834, -3e-06, 0.0, 0.0, 0.0, 1.0],
                [1.0, -1e-06, -0.0, -0.0, 1e-06, 0.995496, 0.094804, 0.624675, -0.0, -0.094804, 0.995496, 0.0, 0.0, 0.0, 0.0, 1.0]
            ]
        },
        {
            "name": "Leg_Front_R1",
            "time": [0.0, 0.2333, 0.4167, 0.7167, 1.0667],
            "transform": [
                [0.634443, 7.1e-05, -0.77297, 0.749746, 0.7722, -0.044663, 0.633808, 2.942548, -0.034478, -0.999002, -0.028391, -0.056021, 0.0, 0.0, 0.0, 1.0],
                [0.62742, 0.071359, -0.775405, 0.749746, 0.752663, 0.199683, 0.627396, 2.942548, 0.199606, -0.977258, 0.071576, -0.056017, 0.0, 0.0, 0.0, 1.0],
                [0.619226, 0.255035, -0.742641, 0.749746, 0.75566, 0.063479, 0.651881, 2.942546, 0.213395, -0.964845, -0.153412, -0.056019, 0.0, 0.0, 0.0, 1.0],
                [0.632144, 0.067344, -0.771919, 0.749746, 0.74408, -0.330716, 0.580493, 2.942547, -0.216193, -0.941324, -0.25917, -0.056019, 0.0, 0.0, 0.0, 1.0],
                [0.744404, 0.150885, -0.650458, 0.749746, 0.651581, -0.377082, 0.658219, 2.942552, -0.145961, -0.913806, -0.379015, -0.05602, 0.0, 0.0, 0.0, 1.0]
            ]
        },
        {
            "name": "Leg_Front_R2",
            "time": [0.0, 0.2333, 0.4167, 0.7167, 1.0667],
            "transform": [
                [0.998993, -9e-06, -0.04486, 0.0, 2e-06, 1.0, -0.000158, 1.253495, 0.04486, 0.000158, 0.998993, -0.0, 0.0, 0.0, 0.0, 1.0],
                [0.998605, -0.025169, -0.046413, 0.0, 0.017986, 0.988649, -0.149159, 1.253495, 0.049641, 0.148116, 0.987723, 0.0, 0.0, 0.0, 0.0, 1.0],
                [0.967927, -0.251211, -0.003269, -0.0, 0.229169, 0.88818, -0.398268, 1.253495, 0.102953, 0.384745, 0.917263, 1e-06, 0.0, 0.0, 0.0, 1.0],
                [0.997413, -0.036017, -0.062211, 0.0, 0.027517, 0.990805, -0.132466, 1.253495, 0.06641, 0.130411, 0.989233, 1e-06, 0.0, 0.0, 0.0, 1.0],
                [0.955555, -0.127658, 0.265741, -2e-06, 0.191423, 0.954194, -0.229938, 1.253495, -0.224215, 0.270587, 0.936221, 0.0, 0.0, 0.0, 0.0, 1.0]
            ]
        },
        {
            "name": "Leg_Front_R3",
            "time": [0.0, 0.2333, 0.4167, 0.7167, 1.0667],
            "transform": [
                [0.825442, 0.489045, 0.281923, 0.0, 0.127123, 0.325557, -0.936938, 1.488528, -0.549987, 0.809227, 0.206559, 0.0, 0.0, 0.0, 0.0, 1.0],
                [0.749531, 0.639555, 0.170801, -0.0, -0.224557, 0.488371, -0.843248, 1.488527, -0.622718, 0.593686, 0.509666, -0.0, 0.0, 0.0, 0.0, 1.0],
                [0.744503, 0.393531, 0.539304, 0.0, -0.103698, 0.866162, -0.488886, 1.488528, -0.659517, 0.308052, 0.685669, -0.0, 0.0, 0.0, 0.0, 1.0],
                [0.798205, 0.320769, 0.509878, -0.0, -0.060547, 0.884867, -0.461892, 1.488528, -0.599335, 0.337813, 0.725727, 0.0, 0.0, 0.0, 0.0, 1.0],
                [0.768823, 0.538961, 0.34414, -0.0, -0.307246, 0.783325, -0.540372, 1.488528, -0.560813, 0.309715, 0.767832, -0.0, 0.0, 0.0, 0.0, 1.0]
            ]
        },
        {
            "name": "Leg_Front_L1",
            "time": [0.0, 0.2333, 0.4167, 0.7167, 1.0667],
            "transform": [
                [0.640357, -7.1e-05, 0.768077, -0.749884, -0.767313, -0.044663, 0.639716, 2.942548, 0.03426, -0.999002, -0.028655, -0.056021, 0.0, 0.0, 0.0, 1.0],
                [0.631807, -0.071218, 0.771847, -0.749884, -0.749175, 0.199398, 0.631647, 2.942549, -0.198889, -0.977327, 0.072627, -0.05602, 0.0, 0.0, 0.0, 1.0],
                [0.623554, -0.254535, 0.739183, -0.749884, -0.752155, 0.062495, 0.656016, 2.942546, -0.213175, -0.965042, -0.152481, -0.056019, 0.0, 0.0, 0.0, 1.0],
                [0.636479, -0.067229, 0.768358, -0.749884, -0.740721, -0.330977, 0.584626, 2.942547, 0.215005, -0.941241, -0.260458, -0.056019, 0.0, 0.0, 0.0, 1.0],
                [0.719275, -0.150977, 0.678122, -0.749884, -0.67605, -0.376914, 0.633161, 2.942549, 0.160001, -0.91386, -0.373173, -0.056025, 0.0, 0.0, 0.0, 1.0]
            ]
        },
        {
            "name": "Leg_Front_L2",
            "time": [0.0, 0.2333, 0.4167, 0.7167, 1.0667],
            "transform": [
                [0.998619, 1e-05, 0.052533, -0.0, -1e-06, 1.0, -0.000159, 1.253495, -0.052533, 0.000159, 0.998619, 0.0, 0.0, 0.0, 0.0, 1.0],
                [0.998222, 0.025424, 0.053913, 0.0, -0.017116, 0.988644, -0.149299, 1.253496, -0.057097, 0.148111, 0.987321, -0.0, 0.0, 0.0, 0.0, 1.0],
                [0.967816, 0.251435, 0.010623, 1e-06, -0.226452, 0.888514, -0.399077, 1.253495, -0.109781, 0.383827, 0.916856, 0.0, 0.0, 0.0, 0.0, 1.0],
                [0.996911, 0.036228, 0.069685, 1e-06, -0.026735, 0.990804, -0.132637, 1.253495, -0.07385, 0.130364, 0.988712, 1e-06, 0.0, 0.0, 0.0, 1.0],
                [0.956172, 0.117685, -0.268115, -1e-06, -0.183674, 0.954186, -0.236205, 1.253495, 0.228034, 0.275098, 0.933981, 0.0, 0.0, 0.0, 0.0, 1.0]
            ]
        },
        {
            "name": "Leg_Front_L3",
            "time": [0.0, 0.2333, 0.4167, 0.7167, 1.0667],
            "transform": [
                [0.825615, -0.490113, -0.279552, -0.0, -0.123075, 0.327092, -0.936944, 1.488528, 0.550648, 0.80796, 0.209731, 0.0, 0.0, 0.0, 0.0, 1.0],
                [0.801559, -0.577966, -0.153161, 0.0, 0.187971, 0.486754, -0.853075, 1.488528, 0.5676, 0.655, 0.498803, -0.0, 0.0, 0.0, 0.0, 1.0],
                [0.77817, -0.340945, -0.527454, 0.0, 0.032723, 0.860693, -0.508072, 1.488528, 0.6272, 0.378107, 0.680922, 0.0, 0.0, 0.0, 0.0, 1.0],
                [0.825251, -0.263365, -0.4996, -1e-06, -0.012032, 0.876213, -0.481773, 1.488527, 0.564638, 0.403595, 0.719927, -0.0, 0.0, 0.0, 0.0, 1.0],
                [0.814688, -0.471101, -0.338152, 1e-06, 0.2297, 0.797583, -0.557763, 1.488528, 0.532467, 0.37673, 0.757994, -1e-06, 0.0, 0.0, 0.0, 1.0]
            ]
        },
        {
            "name": "Wing_R1",
            "time": [0.0, 0.2333, 0.4167, 0.7167, 1.0667],
            "transform": [
                [-0.020894, 0.859285, -0.51107, 0.749401, -0.98305, 0.075471, 0.167082, 2.88475, 0.182142, 0.505898, 0.843144, 0.736471, 0.0, 0.0, 0.0, 1.0],
                [0.086525, 0.600483, 0.794942, 0.749401, -0.991721, -0.024081, 0.126134, 2.884749, 0.094884, -0.799275, 0.593428, 0.736472, 0.0, 0.0, 0.0, 1.0],
                [0.100408, 0.51039, 0.854061, 0.749401, -0.991347, -0.021624, 0.129471, 2.884749, 0.084549, -0.859671, 0.503802, 0.73647, 0.0, 0.0, 0.0, 1.0],
                [0.184979, 0.973525, -0.134281, 0.749401, -0.949937, 0.212136, 0.229386, 2.884752, 0.251799, 0.085127, 0.964028, 0.736469, 0.0, 0.0, 0.0, 1.0],
                [0.087375, 0.474093, -0.876129, 0.749401, -0.925578, 0.363827, 0.104569, 2.884752, 0.368335, 0.801789, 0.470599, 0.736472, 0.0, 0.0, 0.0, 1.0]
            ]
        },
        {
            "name": "Wing_R2",
            "time": [0.0, 0.0833, 0.2333, 0.4167, 0.7167, 1.0667],
            "transform": [
                [0.999998, 0.001395, 0.001428, 0.0, -0.00064, 0.901717, -0.432325, 3.499784, -0.001891, 0.432324, 0.901716, -1e-06, 0.0, 0.0, 0.0, 1.0],
                [0.999999, 0.000115, 0.001142, -0.0, 0.000361, 0.912891, -0.408202, 3.499784, -0.001089, 0.408203, 0.912891, 0.0, 0.0, 0.0, 0.0, 1.0],
                [1.0, -2.3e-05, 5.3e-05, -0.0, -2.7e-05, 0.619489, 0.785005, 3.499784, -5.1e-05, -0.785005, 0.619489, -0.0, 0.0, 0.0, 0.0, 1.0],
                [1.0, -0.0, 0.0, -0.0, -0.0, 0.573576, 0.819152, 3.499784, -0.0, -0.819152, 0.573576, -0.0, 0.0, 0.0, 0.0, 1.0],
                [0.999996, -0.0009, 0.00265, -1e-06, 0.000379, 0.981679, 0.190541, 3.499785, -0.002773, -0.190539, 0.981676, 1e-06, 0.0, 0.0, 0.0, 1.0],
                [0.999988, -6.4e-05, 0.004799, -2e-06, 0.002086, 0.906311, -0.422607, 3.499784, -0.004322, 0.422612, 0.906301, -0.0, 0.0, 0.0, 0.0, 1.0]
            ]
        },
        {
            "name": "Wing_L1",
            "time": [0.0, 0.2333, 0.4167, 0.7167, 1.0667],
            "transform": [
                [-0.049528, -0.853874, 0.518119, -0.750268, 0.979156, 0.060799, 0.193798, 2.837896, -0.19698, 0.516917, 0.833064, 0.753161, 0.0, 0.0, 0.0, 1.0],
                [0.085094, -0.600693, -0.794939, -0.750268, 0.991729, -0.025876, 0.125713, 2.837895, -0.096085, -0.799061, 0.593523, 0.753161, 0.0, 0.0, 0.0, 1.0],
                [0.100393, -0.510388, -0.854064, -0.750268, 0.991399, -0.021124, 0.12916, 2.837896, -0.083963, -0.859685, 0.503877, 0.753159, 0.0, 0.0, 0.0, 1.0],
                [0.185447, -0.973817, 0.131488, -0.750268, 0.950166, 0.211826, 0.228723, 2.837897, -0.250587, 0.082519, 0.964571, 0.75316, 0.0, 0.0, 0.0, 1.0],
                [0.088082, -0.478343, 0.873745, -0.750268, 0.925678, 0.363284, 0.105567, 2.837895, -0.367914, 0.799508, 0.474791, 0.753162, 0.0, 0.0, 0.0, 1.0]
            ]
        },
        {
            "name": "Wing_L2",
            "time": [0.0, 0.0833, 0.2333, 0.4167, 0.7167, 1.0667],
            "transform": [
                [0.999998, 0.002076, 0.000198, -0.0, -0.001742, 0.883599, -0.468242, 3.499784, -0.001147, 0.46824, 0.883601, -0.0, 0.0, 0.0, 0.0, 1.0],
                [1.0, 0.0007, 0.000601, 0.0, -0.000395, 0.913671, -0.406454, 3.499784, -0.000834, 0.406454, 0.913671, -1e-06, 0.0, 0.0, 0.0, 1.0],
                [1.0, 2.5e-05, 4.7e-05, -0.0, -5.2e-05, 0.619725, 0.784819, 3.499785, -1e-05, -0.784819, 0.619726, -0.0, 0.0, 0.0, 0.0, 1.0],
                [1.0, -0.0, 0.0, 0.0, 0.0, 0.573577, 0.819152, 3.499786, -0.0, -0.819152, 0.573577, 1e-06, 0.0, 0.0, 0.0, 1.0],
                [0.999996, 0.001447, -0.002329, 0.0, -0.000977, 0.981679, 0.19054, 3.499784, 0.002562, -0.190537, 0.981677, -0.0, 0.0, 0.0, 0.0, 1.0],
                [0.999989, 0.001127, -0.004567, -0.0, -0.002952, 0.906309, -0.422605, 3.499784, 0.003663, 0.422614, 0.906302, -0.0, 0.0, 0.0, 0.0, 1.0]
            ]
        },
        {
            "name": "Neck1",
            "time": [0.0, 0.2333, 0.4167, 0.7167, 1.0667],
            "transform": [
                [1.0, 0.0, -0.0, 0.0, -0.0, 0.977639, 0.21029, 3.493826, 0.0, -0.21029, 0.977639, 2e-06, 0.0, 0.0, 0.0, 1.0],
                [1.0, 0.0, -0.0, -0.0, -0.0, 0.997344, -0.072837, 3.493826, 0.0, 0.072837, 0.997344, 3e-06, 0.0, 0.0, 0.0, 1.0],
                [1.0, -0.0, -0.0, -0.0, 0.0, 0.988756, -0.149539, 3.493823, 0.0, 0.149539, 0.988756, 0.0, 0.0, 0.0, 0.0, 1.0],
                [1.0, -0.0, 0.0, 0.0, 0.0, 0.984191, -0.17711, 3.493829, 0.0, 0.17711, 0.984191, 3e-06, 0.0, 0.0, 0.0, 1.0],
                [1.0, -0.0, 0.0, -0.0, 0.0, 0.996261, -0.086395, 3.493833, -0.0, 0.086395, 0.996261, 0.0, 0.0, 0.0, 0.0, 1.0]
            ]
        },
        {
            "name": "Neck2",
            "time": [0.0, 0.2333, 0.4167, 0.7167, 1.0667],
            "transform": [
                [1.0, -0.0, -0.0, -0.0, 0.0, 0.99781, -0.066148, 0.623755, 0.0, 0.066148, 0.99781, 0.0, 0.0, 0.0, 0.0, 1.0],
                [1.0, 0.0, -0.0, 0.0, -0.0, 0.99869, 0.051177, 0.623755, 0.0, -0.051177, 0.99869, 0.0, 0.0, 0.0, 0.0, 1.0],
                [1.0, 0.0, -0.0, -0.0, -0.0, 0.992197, 0.124679, 0.623754, 0.0, -0.124679, 0.992197, -0.0, 0.0, 0.0, 0.0, 1.0],
                [1.0, 0.0, -0.0, -0.0, -0.0, 0.98809, 0.153881, 0.623755, 0.0, -0.153881, 0.98809, 0.0, 0.0, 0.0, 0.0, 1.0],
                [1.0, 0.0, -0.0, -0.0, -0.0, 0.997975, 0.063619, 0.623755, 0.0, -0.063619, 0.997974, 0.0, 0.0, 0.0, 0.0, 1.0]
            ]
        },
        {
            "name": "Neck3",
            "time": [0.0, 0.2333, 0.4167, 0.7167, 1.0667],
            "transform": [
                [1.0, -0.0, -0.0, -0.0, 0.0, 0.990254, -0.139271, 0.626764, 0.0, 0.139271, 0.990254, -0.0, 0.0, 0.0, 0.0, 1.0],
                [1.0, -0.0, -0.0, -0.0, 0.0, 0.99973, -0.023232, 0.626764, 0.0, 0.023232, 0.99973, 0.0, 0.0, 0.0, 0.0, 1.0],
                [1.0, -0.0, -0.0, 0.0, 0.0, 0.998132, 0.061081, 0.626765, 0.0, -0.061081, 0.998133, 0.0, 0.0, 0.0, 0.0, 1.0],
                [1.0, -0.0, -0.0, 0.0, 0.0, 0.99586, 0.090896, 0.626764, 0.0, -0.090897, 0.99586, 0.0, 0.0, 0.0, 0.0, 1.0],
                [1.0, -0.0, -0.0, 0.0, 0.0, 0.998908, -0.046718, 0.626764, 0.0, 0.046718, 0.998908, 0.0, 0.0, 0.0, 0.0, 1.0]
            ]
        },
        {
            "name": "Neck4",
            "time": [0.0, 0.2333, 0.4167, 0.7167, 1.0667],
            "transform": [
                [1.0, -0.0, -0.0, -0.0, 0.0, 0.995068, 0.099194, 0.624224, -0.0, -0.099194, 0.995068, 0.0, 0.0, 0.0, 0.0, 1.0],
                [1.0, 0.0, 0.0, 0.0, -0.0, 0.893979, 0.448109, 0.624224, 0.0, -0.448109, 0.893979, 0.0, 0.0, 0.0, 0.0, 1.0],
                [1.0, 0.0, 0.0, 0.0, -0.0, 0.91952, 0.393043, 0.624224, 0.0, -0.393043, 0.91952, 0.0, 0.0, 0.0, 0.0, 1.0],
                [1.0, 0.0, 0.0, -0.0, -0.0, 0.929585, 0.368608, 0.624224, 0.0, -0.368608, 0.929585, 0.0, 0.0, 0.0, 0.0, 1.0],
                [1.0, -0.0, -0.0, -0.0, 0.0, 0.92039, 0.391003, 0.624224, -0.0, -0.391003, 0.92039, 0.0, 0.0, 0.0, 0.0, 1.0]
            ]
        },
        {
            "name": "Neck5",
            "time": [0.0, 0.2333, 0.4167, 0.7167, 1.0667],
            "transform": [
                [1.0, -0.0, -0.0, -0.0, 0.0, 0.996303, 0.08591, 0.624445, -0.0, -0.08591, 0.996303, -0.0, 0.0, 0.0, 0.0, 1.0],
                [1.0, 0.0, 0.0, 0.0, -0.0, 0.953083, 0.302709, 0.624445, 0.0, -0.302709, 0.953083, 1e-06, 0.0, 0.0, 0.0, 1.0],
                [1.0, 0.0, 0.0, 0.0, -0.0, 0.965892, 0.258945, 0.624445, 0.0, -0.258945, 0.965892, 0.0, 0.0, 0.0, 0.0, 1.0],
                [1.0, 0.0, 0.0, 0.0, -0.0, 0.97036, 0.241665, 0.624445, 0.0, -0.241665, 0.97036, -0.0, 0.0, 0.0, 0.0, 1.0],
                [1.0, -0.0, -0.0, 0.0, 0.0, 0.963992, 0.265934, 0.624445, -0.0, -0.265934, 0.963992, 0.0, 0.0, 0.0, 0.0, 1.0]
            ]
        },
        {
            "name": "Head",
            "time": [0.0, 0.2333, 0.4167, 0.7167, 1.0667],
            "transform": [
                [1.0, 0.0, -0.0, 0.0, -0.0, 0.977198, -0.21233, 0.629229, 0.0, 0.21233, 0.977198, -0.0, 0.0, 0.0, 0.0, 1.0],
                [1.0, -0.0, 0.0, 0.0, 0.0, 0.965451, -0.260585, 0.629229, -0.0, 0.260585, 0.965451, -0.0, 0.0, 0.0, 0.0, 1.0],
                [1.0, -0.0, 0.0, -0.0, 0.0, 0.981748, 0.190189, 0.62923, -0.0, -0.190189, 0.981747, -1e-06, 0.0, 0.0, 0.0, 1.0],
                [1.0, -0.0, 0.0, -0.0, 0.0, 0.996791, 0.080053, 0.629229, -0.0, -0.080053, 0.99679, -0.0, 0.0, 0.0, 0.0, 1.0],
                [1.0, 0.0, 0.0, 0.0, -0.0, 0.938678, -0.344795, 0.629228, -0.0, 0.344795, 0.938678, -0.0, 0.0, 0.0, 0.0, 1.0]
            ]
        },
        {
            "name": "Mouth_Upper",
            "time": [0.0, 0.2333, 0.4167, 0.7167, 1.0667],
            "transform": [
                [1.0, 0.0, -0.0, 0.001002, -0.0, 0.998451, -0.055644, 0.873064, 0.0, 0.055644, 0.998451, -0.249921, 0.0, 0.0, 0.0, 1.0],
                [1.0, -0.0, 0.0, 0.001002, 0.0, 0.998451, -0.055644, 0.873064, -0.0, 0.055644, 0.998451, -0.24992, 0.0, 0.0, 0.0, 1.0],
                [1.0, 0.0, 0.0, 0.001002, 0.0, 0.998451, -0.055644, 0.873063, -0.0, 0.055644, 0.998451, -0.24992, 0.0, 0.0, 0.0, 1.0],
                [1.0, 0.0, 0.0, 0.001002, 0.0, 0.99845, -0.055646, 0.87306, -0.0, 0.055646, 0.998451, -0.249922, 0.0, 0.0, 0.0, 1.0],
                [1.0, -0.0, 0.0, 0.001002, 0.0, 0.998451, -0.055647, 0.873066, -0.0, 0.055647, 0.998451, -0.249922, 0.0, 0.0, 0.0, 1.0]
            ]
        },
        {
            "name": "Mouse_Lower",
            "time": [0.0, 0.2333, 0.4167, 0.7167, 1.0667],
            "transform": [
                [1.0, 0.0, 0.0, 0.001002, -0.0, 1.0, 0.0, 0.873064, 0.0, 0.0, 1.0, -0.257517, 0.0, 0.0, 0.0, 1.0],
                [1.0, -0.0, 0.0, 0.001002, -0.0, 1.0, 0.0, 0.873064, -0.0, 0.0, 1.0, -0.257517, 0.0, 0.0, 0.0, 1.0],
                [1.0, 0.0, 0.0, 0.001002, -0.0, 1.0, 0.0, 0.873064, 0.0, 0.0, 1.0, -0.257518, 0.0, 0.0, 0.0, 1.0],
                [1.0, 0.0, 0.0, 0.001002, -0.0, 1.0, 0.0, 0.873068, -0.0, 0.0, 1.0, -0.257517, 0.0, 0.0, 0.0, 1.0],
                [1.0, -0.0, 0.0, 0.001002, -0.0, 1.0, 0.0, 0.87306, -0.0, 0.0, 1.0, -0.257516, 0.0, 0.0, 0.0, 1.0]
            ]
        }
    ]
}