{
    "animation": [
        {
            "name": "Root",
            "time": [0.0, 0.15, 0.2667, 0.3167],
            "transform": [
                [1.0, 0.0, 0.0, 0.0, 0.0, 0.988959, 0.148188, -1.268548, 0.0, -0.148188, 0.988959, 2.704079, 0.0, 0.0, 0.0, 1.0],
                [1.0, 0.0, 0.0, 0.0, 0.0, 0.988959, 0.148188, -1.268549, 0.0, -0.148188, 0.988959, 2.22593, 0.0, 0.0, 0.0, 1.0],
                [1.0, 0.0, 0.0, 0.0, 0.0, 0.988959, 0.148188, -1.268548, 0.0, -0.148188, 0.988959, 1.88748, 0.0, 0.0, 0.0, 1.0],
                [1.0, 0.0, 0.0, 0.0, 0.0, 0.997337, 0.072932, -1.177988, 0.0, -0.072932, 0.997337, 3.469115, 0.0, 0.0, 0.0, 1.0]
            ]
        },
        {
            "name": "Leg_Back_R1",
            "time": [0.0, 0.15, 0.2667, 0.3167],
            "transform": [
                [0.999999, 0.0, 0.0, 0.999855, -0.0, 0.940281, 0.3404, 0.086325, 0.0, -0.340399, 0.94028, -0.271296, 0.0, 0.0, 0.0, 1.0],
                [0.999999, 0.0, -0.0, 0.999855, -0.0, 0.99006, 0.140647, 0.086323, 0.0, -0.140646, 0.990059, -0.271294, 0.0, 0.0, 0.0, 1.0],
                [0.999999, 0.0, -0.0, 0.999855, -0.0, 0.999844, -0.017637, 0.086324, 0.0, 0.017637, 0.999843, -0.271295, 0.0, 0.0, 0.0, 1.0],
                [0.999999, 0.0, 0.0, 0.999855, -0.0, 0.68974, 0.724056, 0.086324, 0.0, -0.724056, 0.68974, -0.271294, 0.0, 0.0, 0.0, 1.0]
            ]
        },
        {
            "name": "Leg_Back_R2",
            "time": [0.0, 0.15, 0.2667, 0.3167],
            "transform": [
                [1.0, -0.0, 0.0, 0.0, -0.0, -0.320022, 0.94741, 1.692268, -0.0, -0.94741, -0.320021, -0.0, 0.0, 0.0, 0.0, 1.0],
                [1.0, -0.0, -0.0, 0.0, 0.0, -0.583874, 0.811844, 1.692268, -0.0, -0.811844, -0.583874, -0.0, 0.0, 0.0, 0.0, 1.0],
                [1.0, -0.0, -0.0, 0.0, -0.0, -0.73521, 0.677839, 1.692269, -0.0, -0.677839, -0.73521, -0.0, 0.0, 0.0, 0.0, 1.0],
                [1.0, -0.0, 0.0, 0.0, 0.0, 0.248896, 0.96853, 1.692269, -0.0, -0.96853, 0.248896, 0.0, 0.0, 0.0, 0.0, 1.0]
            ]
        },
        {
            "name": "Leg_Back_R3",
            "time": [0.0, 0.15, 0.2667, 0.3167],
            "transform": [
                [1.0, -0.0, -0.0, 0.0, -0.0, -0.734789, -0.678296, 2.159911, -0.0, 0.678296, -0.734789, -0.0, 0.0, 0.0, 0.0, 1.0],
                [1.0, -0.0, -0.0, -0.0, -0.0, -0.796139, -0.605114, 2.159911, -0.0, 0.605114, -0.796139, 0.0, 0.0, 0.0, 0.0, 1.0],
                [1.0, -0.0, -0.0, 0.0, -0.0, -0.818733, -0.574174, 2.159911, -0.0, 0.574174, -0.818733, 0.0, 0.0, 0.0, 0.0, 1.0],
                [1.0, -0.0, -0.0, 0.0, -0.0, -0.594172, -0.804338, 2.159911, -0.0, 0.804338, -0.594172, 0.0, 0.0, 0.0, 0.0, 1.0]
            ]
        },
        {
            "name": "Leg_Back_L1",
            "time": [0.0, 0.15, 0.2667, 0.3167],
            "transform": [
                [0.999999, -0.0, 0.0, -0.999947, -0.0, 0.940281, 0.340399, 0.086325, -0.0, -0.340399, 0.94028, -0.271296, 0.0, 0.0, 0.0, 1.0],
                [0.999999, 0.0, 0.0, -0.999947, -0.0, 0.99006, 0.140645, 0.086324, -0.0, -0.140645, 0.990059, -0.271295, 0.0, 0.0, 0.0, 1.0],
                [0.999999, 0.0, 0.0, -0.999947, -0.0, 0.999844, -0.017638, 0.086325, -0.0, 0.017638, 0.999844, -0.271296, 0.0, 0.0, 0.0, 1.0],
                [0.999999, 0.0, 0.0, -0.999947, -0.0, 0.689741, 0.724056, 0.086325, -0.0, -0.724055, 0.689741, -0.271295, 0.0, 0.0, 0.0, 1.0]
            ]
        },
        {
            "name": "Leg_Back_L2",
            "time": [0.0, 0.15, 0.2667, 0.3167],
            "transform": [
                [1.0, -0.0, 0.0, -0.0, -0.0, -0.320023, 0.94741, 1.692268, 0.0, -0.94741, -0.320023, -0.0, 0.0, 0.0, 0.0, 1.0],
                [1.0, 0.0, -0.0, -0.0, 0.0, -0.583876, 0.811843, 1.692269, -0.0, -0.811843, -0.583876, 0.0, 0.0, 0.0, 0.0, 1.0],
                [1.0, 0.0, -0.0, -0.0, 0.0, -0.735212, 0.677838, 1.692269, -0.0, -0.677838, -0.735212, -0.0, 0.0, 0.0, 0.0, 1.0],
                [1.0, -0.0, 0.0, -0.0, -0.0, 0.248895, 0.968531, 1.692269, -0.0, -0.968531, 0.248895, 0.0, 0.0, 0.0, 0.0, 1.0]
            ]
        },
        {
            "name": "Leg_Back_L3",
            "time": [0.0, 0.15, 0.2667, 0.3167],
            "transform": [
                [1.0, -0.0, -0.0, 0.0, -0.0, -0.734789, -0.678296, 2.159911, -0.0, 0.678296, -0.734789, 0.0, 0.0, 0.0, 0.0, 1.0],
                [1.0, -0.0, -0.0, -0.0, -0.0, -0.796139, -0.605114, 2.15991, -0.0, 0.605114, -0.796139, -0.0, 0.0, 0.0, 0.0, 1.0],
                [1.0, -0.0, -0.0, 0.0, -0.0, -0.818733, -0.574174, 2.159911, -0.0, 0.574174, -0.818733, -0.0, 0.0, 0.0, 0.0, 1.0],
                [1.0, -0.0, -0.0, -0.0, -0.0, -0.594809, -0.803867, 2.159911, -0.0, 0.803867, -0.594809, -0.0, 0.0, 0.0, 0.0, 1.0]
            ]
        },
        {
            "name": "Torso",
            "time": [0.0, 0.15, 0.2667, 0.3167],
            "transform": [
                [1.0, 0.0, 0.0, 0.0, 0.0, 0.999857, -0.016883, 0.273754, 0.0, 0.016883, 0.999857, 0.0, 0.0, 0.0, 0.0, 1.0],
                [1.0, 0.0, 0.0, 0.0, 0.0, 0.999931, -0.011734, 0.273754, 0.0, 0.011734, 0.999931, 0.0, 0.0, 0.0, 0.0, 1.0],
                [1.0, 0.0, 0.0, 0.0, 0.0, 0.999931, -0.011731, 0.273754, 0.0, 0.011731, 0.999931, -0.0, 0.0, 0.0, 0.0, 1.0],
                [1.0, 0.0, 0.0, 0.0, 0.0, 0.999931, -0.01173, 0.273754, 0.0, 0.01173, 0.999931, -0.0, 0.0, 0.0, 0.0, 1.0]
            ]
        },
        {
            "name": "Tail1",
            "time": [0.0, 0.2667, 0.3167],
            "transform": [
                [-1.0, -0.0, -0.0, -1e-06, 0.0, -0.998739, -0.05021, -0.516186, 0.0, -0.05021, 0.998739, 0.429315, 0.0, 0.0, 0.0, 1.0],
                [-1.0, 0.0, -0.0, -1e-06, -0.0, -0.922958, 0.384902, -0.516186, 0.0, 0.384902, 0.922957, 0.429315, 0.0, 0.0, 0.0, 1.0],
                [-1.0, 0.0, -0.0, -1e-06, -0.0, -0.891689, 0.452649, -0.516185, -0.0, 0.452649, 0.891689, 0.429315, 0.0, 0.0, 0.0, 1.0]
            ]
        },
        {
            "name": "Tail2",
            "time": [0.0, 0.2667, 0.3167],
            "transform": [
                [0.999999, -0.0, -0.0, 0.0, 0.0, 0.998398, 0.056586, 0.615504, -0.0, -0.056586, 0.998398, -0.0, 0.0, 0.0, 0.0, 1.0],
                [0.999999, 0.0, 0.0, 0.0, -0.0, 0.955633, -0.294561, 0.615504, -0.0, 0.294561, 0.955633, 0.0, 0.0, 0.0, 0.0, 1.0],
                [0.999999, 0.0, 0.0, -0.0, -0.0, 0.931452, -0.363863, 0.615504, -0.0, 0.363863, 0.931452, -0.0, 0.0, 0.0, 0.0, 1.0]
            ]
        },
        {
            "name": "Tail3",
            "time": [0.0, 0.2667, 0.3167],
            "transform": [
                [1.0, -0.0, -0.0, 0.0, 0.0, 0.998106, 0.061514, 0.624616, -0.0, -0.061514, 0.998106, 0.0, 0.0, 0.0, 0.0, 1.0],
                [1.0, 0.0, 0.0, 0.0, 0.0, 0.981742, -0.190217, 0.624616, -0.0, 0.190218, 0.981742, -0.0, 0.0, 0.0, 0.0, 1.0],
                [1.0, 0.0, 0.0, -0.0, -0.0, 0.968697, -0.248245, 0.624615, -0.0, 0.248245, 0.968697, -0.0, 0.0, 0.0, 0.0, 1.0]
            ]
        },
        {
            "name": "Tail4",
            "time": [0.0, 0.2667, 0.3167],
            "transform": [
                [1.0, -0.0, -0.0, -0.0, 0.0, 0.997919, 0.06447, 0.62624, -0.0, -0.06447, 0.997919, 0.0, 0.0, 0.0, 0.0, 1.0],
                [1.0, -0.0, 0.0, -0.0, 0.0, 0.995989, -0.089465, 0.62624, -0.0, 0.089465, 0.99599, 0.0, 0.0, 0.0, 0.0, 1.0],
                [1.0, -0.0, 0.0, 0.0, 0.0, 0.991315, -0.131509, 0.62624, -0.0, 0.131509, 0.991315, 0.0, 0.0, 0.0, 0.0, 1.0]
            ]
        },
        {
            "name": "Tail5",
            "time": [0.0, 0.2667, 0.3167],
            "transform": [
                [1.0, -0.0, -0.0, -0.0, 0.0, 0.997874, 0.065178, 0.624649, -0.0, -0.065178, 0.997874, -0.0, 0.0, 0.0, 0.0, 1.0],
                [1.0, -0.0, 0.0, 0.0, 0.0, 0.999964, 0.008503, 0.624649, -0.0, -0.008503, 0.999964, -0.0, 0.0, 0.0, 0.0, 1.0],
                [1.0, -0.0, 0.0, 0.0, 0.0, 0.999956, -0.009405, 0.624649, -0.0, 0.009405, 0.999956, -0.0, 0.0, 0.0, 0.0, 1.0]
            ]
        },
        {
            "name": "Tail6",
            "time": [0.0, 0.2667, 0.3167],
            "transform": [
                [1.0, -0.0, -0.0, 0.0, 0.0, 0.99798, 0.06354, 0.623274, -0.0, -0.06354, 0.997979, 0.0, 0.0, 0.0, 0.0, 1.0],
                [1.0, -0.0, 0.0, -0.0, 0.0, 0.995927, 0.090168, 0.623274, -0.0, -0.090168, 0.995927, -0.0, 0.0, 0.0, 0.0, 1.0],
                [1.0, -0.0, 0.0, 0.0, 0.0, 0.994512, 0.104623, 0.623274, -0.0, -0.104623, 0.994512, 0.0, 0.0, 0.0, 0.0, 1.0]
            ]
        },
        {
            "name": "Tail7",
            "time": [0.0, 0.2667, 0.3167],
            "transform": [
                [1.0, -0.0, -0.0, 0.0, 0.0, 0.998224, 0.059568, 0.625387, -0.0, -0.059568, 0.998224, -0.0, 0.0, 0.0, 0.0, 1.0],
                [1.0, -0.0, 0.0, 0.0, 0.0, 0.989111, 0.14717, 0.625387, -0.0, -0.14717, 0.989111, 0.0, 0.0, 0.0, 0.0, 1.0],
                [1.0, -0.0, 0.0, 0.0, 0.0, 0.983135, 0.182881, 0.625387, -0.0, -0.182881, 0.983135, 0.0, 0.0, 0.0, 0.0, 1.0]
            ]
        },
        {
            "name": "Tail8",
            "time": [0.0, 0.2667, 0.3167],
            "transform": [
                [1.0, -0.0, -0.0, 0.0, 0.0, 0.998573, 0.0534, 0.625388, -0.0, -0.0534, 0.998573, 0.0, 0.0, 0.0, 0.0, 1.0],
                [1.0, -0.0, 0.0, -0.0, 0.0, 0.982518, 0.186167, 0.625387, -0.0, -0.186167, 0.982518, 0.0, 0.0, 0.0, 0.0, 1.0],
                [1.0, -0.0, 0.0, 0.0, 0.0, 0.973644, 0.228072, 0.625387, -0.0, -0.228072, 0.973644, -0.0, 0.0, 0.0, 0.0, 1.0]
            ]
        },
        {
            "name": "Tail9",
            "time": [0.0, 0.2667, 0.3167],
            "transform": [
                [1.0, -0.0, -0.0, 0.0, 0.0, 0.998974, 0.045272, 0.624781, -0.0, -0.045272, 0.998975, -0.0, 0.0, 0.0, 0.0, 1.0],
                [1.0, -0.0, -0.0, 0.0, 0.0, 0.981603, 0.190932, 0.624782, -0.0, -0.190932, 0.981603, -0.0, 0.0, 0.0, 0.0, 1.0],
                [1.0, -0.0, -0.0, 0.0, 0.0, 0.971296, 0.237871, 0.624782, -0.0, -0.237871, 0.971297, -0.0, 0.0, 0.0, 0.0, 1.0]
            ]
        },
        {
            "name": "Tail10",
            "time": [0.0, 0.2667, 0.3167],
            "transform": [
                [1.0, -0.0, -0.0, -0.0, 0.0, 0.999371, 0.035463, 0.62586, -0.0, -0.035463, 0.999371, -0.0, 0.0, 0.0, 0.0, 1.0],
                [1.0, -0.0, -0.0, 0.0, 0.0, 0.985514, 0.169591, 0.62586, -0.0, -0.169591, 0.985515, -0.0, 0.0, 0.0, 0.0, 1.0],
                [1.0, -0.0, -0.0, 0.0, 0.0, 0.976922, 0.213598, 0.62586, -0.0, -0.213598, 0.976922, 0.0, 0.0, 0.0, 0.0, 1.0]
            ]
        },
        {
            "name": "Tail11",
            "time": [0.0, 0.2667, 0.3167],
            "transform": [
                [1.0, -0.0, -0.0, 0.0, 0.0, 0.999703, 0.024351, 0.62514, -0.0, -0.024351, 0.999703, 0.0, 0.0, 0.0, 0.0, 1.0],
                [1.0, -0.0, -0.0, 0.0, 0.0, 0.992003, 0.126212, 0.625141, -0.0, -0.126212, 0.992003, -0.0, 0.0, 0.0, 0.0, 1.0],
                [1.0, -0.0, -0.0, 0.0, 0.0, 0.987098, 0.160115, 0.625142, -0.0, -0.160115, 0.987098, 0.0, 0.0, 0.0, 0.0, 1.0]
            ]
        },
        {
            "name": "Tail12",
            "time": [0.0, 0.2667, 0.3167],
            "transform": [
                [1.0, -0.0, -0.0, 0.0, 0.0, 0.999924, 0.012352, 0.624678, -0.0, -0.012352, 0.999924, 1e-06, 0.0, 0.0, 0.0, 1.0],
                [1.0, -0.0, -0.0, -0.0, 0.0, 0.997754, 0.066984, 0.624677, -0.0, -0.066984, 0.997754, -1e-06, 0.0, 0.0, 0.0, 1.0],
                [1.0, -0.0, -0.0, 0.0, 0.0, 0.996352, 0.085337, 0.624677, -0.0, -0.085337, 0.996352, -1e-06, 0.0, 0.0, 0.0, 1.0]
            ]
        },
        {
            "name": "Leg_Front_R1",
            "time": [0.0, 0.15, 0.2667, 0.3167],
            "transform": [
                [0.658392, 0.601065, -0.453035, 0.749746, 0.720622, -0.329607, 0.60997, 2.942551, 0.217308, -0.728066, -0.650151, -0.056021, 0.0, 0.0, 0.0, 1.0],
                [0.602358, 0.71342, -0.358045, 0.749746, 0.795885, -0.502457, 0.337791, 2.942548, 0.061085, -0.488433, -0.87046, -0.056021, 0.0, 0.0, 0.0, 1.0],
                [0.59615, 0.772797, -0.217689, 0.749746, 0.802195, -0.562193, 0.201054, 2.942548, 0.032991, -0.294487, -0.955086, -0.056021, 0.0, 0.0, 0.0, 1.0],
                [0.634443, 7.1e-05, -0.77297, 0.749746, 0.7722, -0.044663, 0.633808, 2.942548, -0.034478, -0.999002, -0.028391, -0.056021, 0.0, 0.0, 0.0, 1.0]
            ]
        },
        {
            "name": "Leg_Front_R2",
            "time": [0.0, 0.15, 0.2667, 0.3167],
            "transform": [
                [0.79354, -0.275183, 0.542741, 0.0, 0.596095, 0.172222, -0.784226, 1.253495, 0.122334, 0.94584, 0.300701, 0.0, 0.0, 0.0, 0.0, 1.0],
                [0.995196, -0.059984, 0.07737, 0.0, 0.054565, -0.316308, -0.947086, 1.253495, 0.081282, 0.946758, -0.311515, 0.0, 0.0, 0.0, 0.0, 1.0],
                [0.997361, -0.046943, 0.055381, -0.0, 0.018268, -0.576005, -0.817241, 1.253495, 0.070263, 0.816097, -0.573627, 0.0, 0.0, 0.0, 0.0, 1.0],
                [0.998993, -9e-06, -0.04486, 0.0, 2e-06, 1.0, -0.000158, 1.253495, 0.04486, 0.000158, 0.998993, -0.0, 0.0, 0.0, 0.0, 1.0]
            ]
        },
        {
            "name": "Leg_Front_R3",
            "time": [0.0, 0.15, 0.2667, 0.3167],
            "transform": [
                [0.725779, 0.560623, -0.398681, -0.0, -0.539497, 0.104266, -0.835507, 1.488528, -0.426836, 0.82148, 0.378129, -0.0, 0.0, 0.0, 0.0, 1.0],
                [0.717762, 0.681263, -0.14387, -0.0, -0.544881, 0.420923, -0.725209, 1.488528, -0.4335, 0.59892, 0.67333, -0.0, 0.0, 0.0, 0.0, 1.0],
                [0.710266, 0.687646, -0.150548, 0.0, -0.584551, 0.457006, -0.670407, 1.488528, -0.392201, 0.56417, 0.72656, -0.0, 0.0, 0.0, 0.0, 1.0],
                [0.825442, 0.489045, 0.281923, 0.0, 0.127123, 0.325557, -0.936938, 1.488528, -0.549987, 0.809227, 0.206559, 0.0, 0.0, 0.0, 0.0, 1.0]
            ]
        },
        {
            "name": "Leg_Front_L1",
            "time": [0.0, 0.15, 0.2667, 0.3167],
            "transform": [
                [0.640429, -0.601505, 0.477538, -0.749884, -0.743272, -0.328856, 0.582581, 2.942551, -0.193384, -0.728042, -0.65769, -0.056022, 0.0, 0.0, 0.0, 1.0],
                [0.602358, -0.713421, 0.358045, -0.749884, -0.795886, -0.502458, 0.33779, 2.942548, -0.061084, -0.488434, -0.87046, -0.056022, 0.0, 0.0, 0.0, 1.0],
                [0.599283, -0.771278, 0.214455, -0.749884, -0.799673, -0.564307, 0.205139, 2.942548, -0.037201, -0.29443, -0.954948, -0.056022, 0.0, 0.0, 0.0, 1.0],
                [0.640357, -7.1e-05, 0.768077, -0.749884, -0.767313, -0.044663, 0.639716, 2.942548, 0.03426, -0.999002, -0.028655, -0.056021, 0.0, 0.0, 0.0, 1.0]
            ]
        },
        {
            "name": "Leg_Front_L2",
            "time": [0.0, 0.15, 0.2667, 0.3167],
            "transform": [
                [0.815445, 0.240369, -0.526567, 0.0, -0.569692, 0.172222, -0.803611, 1.253495, -0.102477, 0.955281, 0.277373, 0.0, 0.0, 0.0, 0.0, 1.0],
                [0.995196, 0.059983, -0.07737, 0.0, -0.054565, -0.316308, -0.947086, 1.253495, -0.081282, 0.946758, -0.311516, -0.0, 0.0, 0.0, 0.0, 1.0],
                [0.997183, 0.050503, -0.05546, 0.0, -0.016282, -0.576005, -0.817284, 1.253495, -0.07322, 0.815884, -0.573561, -0.0, 0.0, 0.0, 0.0, 1.0],
                [0.998619, 1e-05, 0.052533, -0.0, -1e-06, 1.0, -0.000159, 1.253495, -0.052533, 0.000159, 0.998619, 0.0, 0.0, 0.0, 0.0, 1.0]
            ]
        },
        {
            "name": "Leg_Front_L3",
            "time": [0.0, 0.15, 0.2667, 0.3167],
            "transform": [
                [0.724317, -0.573361, 0.382912, -0.0, 0.537678, 0.122086, -0.834265, 1.488528, 0.431587, 0.810155, 0.396713, 0.0, 0.0, 0.0, 0.0, 1.0],
                [0.714666, -0.68499, 0.141565, 0.0, 0.546834, 0.420956, -0.723719, 1.488528, 0.436148, 0.59463, 0.675419, -0.0, 0.0, 0.0, 0.0, 1.0],
                [0.706193, -0.691172, 0.153534, -0.0, 0.592251, 0.457837, -0.663041, 1.488528, 0.387982, 0.559165, 0.732669, 0.0, 0.0, 0.0, 0.0, 1.0],
                [0.825615, -0.490113, -0.279552, -0.0, -0.123075, 0.327092, -0.936944, 1.488528, 0.550648, 0.80796, 0.209731, 0.0, 0.0, 0.0, 0.0, 1.0]
            ]
        },
        {
            "name": "Wing_R1",
            "time": [0.0, 0.15, 0.2667, 0.3167],
            "transform": [
                [-0.282407, 0.823773, 0.491574, 0.749813, -0.932905, -0.355206, 0.0593, 2.861324, 0.22346, -0.441845, 0.868815, 0.744817, 0.0, 0.0, 0.0, 1.0],
                [-0.076564, 0.608281, -0.790021, 0.749401, -0.983383, 0.084741, 0.160551, 2.88475, 0.164607, 0.789185, 0.591685, 0.736471, 0.0, 0.0, 0.0, 1.0],
                [-0.049404, 0.704538, -0.707944, 0.749401, -0.983259, 0.090162, 0.158345, 2.884749, 0.17539, 0.703915, 0.688289, 0.736471, 0.0, 0.0, 0.0, 1.0],
                [-0.020894, 0.859285, -0.51107, 0.749401, -0.98305, 0.075471, 0.167082, 2.88475, 0.182142, 0.505898, 0.843144, 0.736471, 0.0, 0.0, 0.0, 1.0]
            ]
        },
        {
            "name": "Wing_R2",
            "time": [0.0, 0.15, 0.2667, 0.3167],
            "transform": [
                [0.884971, 0.465397, 0.015256, 0.0, -0.465397, 0.882947, 0.061722, 3.499784, 0.015255, -0.061722, 0.997977, 0.0, 0.0, 0.0, 0.0, 1.0],
                [0.999901, 0.013929, -0.001831, -0.0, -0.012953, 0.863529, -0.504133, 3.499784, -0.005441, 0.504107, 0.863624, -0.0, 0.0, 0.0, 0.0, 1.0],
                [0.999992, 0.003797, 0.001005, 0.0, -0.002957, 0.89623, -0.443579, 3.499784, -0.002585, 0.443572, 0.896235, 0.0, 0.0, 0.0, 0.0, 1.0],
                [0.999998, 0.001395, 0.001428, 0.0, -0.00064, 0.901717, -0.432325, 3.499784, -0.001891, 0.432324, 0.901716, -1e-06, 0.0, 0.0, 0.0, 1.0]
            ]
        },
        {
            "name": "Wing_L1",
            "time": [0.0, 0.15, 0.2667, 0.3167],
            "transform": [
                [-0.282407, -0.823772, -0.491575, -0.75068, 0.932905, -0.355207, 0.059301, 2.861324, -0.223461, -0.441846, 0.868814, 0.744817, 0.0, 0.0, 0.0, 1.0],
                [-0.141436, -0.594687, 0.791419, -0.750268, 0.976572, 0.047157, 0.209959, 2.837896, -0.162181, 0.802573, 0.574085, 0.753161, 0.0, 0.0, 0.0, 1.0],
                [-0.088315, -0.694966, 0.713599, -0.750268, 0.978521, 0.07344, 0.192624, 2.837896, -0.186274, 0.715283, 0.673553, 0.753161, 0.0, 0.0, 0.0, 1.0],
                [-0.049528, -0.853874, 0.518119, -0.750268, 0.979156, 0.060799, 0.193798, 2.837896, -0.19698, 0.516917, 0.833064, 0.753161, 0.0, 0.0, 0.0, 1.0]
            ]
        },
        {
            "name": "Wing_L2",
            "time": [0.0, 0.15, 0.2667, 0.3167],
            "transform": [
                [0.884971, -0.465397, -0.015255, 0.0, 0.465397, 0.882947, 0.061721, 3.499784, -0.015255, -0.061721, 0.997977, 0.0, 0.0, 0.0, 0.0, 1.0],
                [0.999995, 0.003286, -0.000482, -0.0, -0.003016, 0.837777, -0.546004, 3.499785, -0.00139, 0.546003, 0.837782, 0.0, 0.0, 0.0, 0.0, 1.0],
                [0.999996, 0.00282, -6.8e-05, -0.0, -0.002498, 0.874004, -0.485912, 3.499784, -0.001311, 0.48591, 0.874008, 0.0, 0.0, 0.0, 0.0, 1.0],
                [0.999998, 0.002076, 0.000198, -0.0, -0.001742, 0.883599, -0.468242, 3.499784, -0.001147, 0.46824, 0.883601, -0.0, 0.0, 0.0, 0.0, 1.0]
            ]
        },
        {
            "name": "Neck1",
            "time": [0.0, 0.15, 0.2667, 0.3167],
            "transform": [
                [1.0, -0.0, -0.0, -0.0, 0.0, 0.962465, 0.271408, 3.493828, 0.0, -0.271408, 0.962464, 1e-06, 0.0, 0.0, 0.0, 1.0],
                [1.0, 0.0, -0.0, 0.0, -0.0, 0.94675, 0.321971, 3.493827, 0.0, -0.321971, 0.94675, 1e-06, 0.0, 0.0, 0.0, 1.0],
                [1.0, 0.0, -0.0, 0.0, -0.0, 0.963776, 0.266715, 3.493827, 0.0, -0.266715, 0.963776, 2e-06, 0.0, 0.0, 0.0, 1.0],
                [1.0, 0.0, -0.0, 0.0, -0.0, 0.977639, 0.21029, 3.493826, 0.0, -0.21029, 0.977639, 2e-06, 0.0, 0.0, 0.0, 1.0]
            ]
        },
        {
            "name": "Neck2",
            "time": [0.0, 0.15, 0.2667, 0.3167],
            "transform": [
                [1.0, 0.0, -0.0, 0.0, -0.0, 0.995039, -0.099493, 0.623754, 0.0, 0.099493, 0.995038, 0.0, 0.0, 0.0, 0.0, 1.0],
                [1.0, -0.0, -0.0, 0.0, 0.0, 0.994131, -0.108183, 0.623755, 0.0, 0.108183, 0.994131, -0.0, 0.0, 0.0, 0.0, 1.0],
                [1.0, -0.0, -0.0, 0.0, 0.0, 0.996169, -0.087448, 0.623755, 0.0, 0.087449, 0.996169, -0.0, 0.0, 0.0, 0.0, 1.0],
                [1.0, -0.0, -0.0, -0.0, 0.0, 0.99781, -0.066148, 0.623755, 0.0, 0.066148, 0.99781, 0.0, 0.0, 0.0, 0.0, 1.0]
            ]
        },
        {
            "name": "Neck3",
            "time": [0.0, 0.15, 0.2667, 0.3167],
            "transform": [
                [1.0, -0.0, -0.0, 0.0, 0.0, 0.986676, -0.162697, 0.626764, 0.0, 0.162697, 0.986676, -0.0, 0.0, 0.0, 0.0, 1.0],
                [1.0, -0.0, -0.0, 0.0, 0.0, 0.983814, -0.179193, 0.626764, 0.0, 0.179193, 0.983814, 0.0, 0.0, 0.0, 0.0, 1.0],
                [1.0, -0.0, -0.0, 0.0, 0.0, 0.987185, -0.159578, 0.626763, 0.0, 0.159578, 0.987185, 0.0, 0.0, 0.0, 0.0, 1.0],
                [1.0, -0.0, -0.0, -0.0, 0.0, 0.990254, -0.139271, 0.626764, 0.0, 0.139271, 0.990254, -0.0, 0.0, 0.0, 0.0, 1.0]
            ]
        },
        {
            "name": "Neck4",
            "time": [0.0, 0.15, 0.2667, 0.3167],
            "transform": [
                [1.0, 0.0, -0.0, 0.0, -0.0, 0.99876, -0.049795, 0.624224, 0.0, 0.049795, 0.99876, 0.0, 0.0, 0.0, 0.0, 1.0],
                [1.0, -0.0, 0.0, -0.0, 0.0, 0.993929, -0.110019, 0.624224, 0.0, 0.110019, 0.99393, 0.0, 0.0, 0.0, 0.0, 1.0],
                [1.0, -0.0, 0.0, -0.0, 0.0, 0.999994, -0.003557, 0.624224, -0.0, 0.003557, 0.999994, 0.0, 0.0, 0.0, 0.0, 1.0],
                [1.0, -0.0, -0.0, -0.0, 0.0, 0.995068, 0.099194, 0.624224, -0.0, -0.099194, 0.995068, 0.0, 0.0, 0.0, 0.0, 1.0]
            ]
        },
        {
            "name": "Neck5",
            "time": [0.0, 0.15, 0.2667, 0.3167],
            "transform": [
                [1.0, 0.0, -0.0, -0.0, -0.0, 0.999947, -0.010358, 0.624446, 0.0, 0.010358, 0.999947, 0.0, 0.0, 0.0, 0.0, 1.0],
                [1.0, -0.0, 0.0, 0.0, 0.0, 0.999148, -0.041278, 0.624445, 0.0, 0.041278, 0.999148, -0.0, 0.0, 0.0, 0.0, 1.0],
                [1.0, -0.0, 0.0, 0.0, 0.0, 0.999718, 0.02374, 0.624445, -0.0, -0.02374, 0.999718, -0.0, 0.0, 0.0, 0.0, 1.0],
                [1.0, -0.0, -0.0, -0.0, 0.0, 0.996303, 0.08591, 0.624445, -0.0, -0.08591, 0.996303, -0.0, 0.0, 0.0, 0.0, 1.0]
            ]
        },
        {
            "name": "Head",
            "time": [0.0, 0.15, 0.2667, 0.3167],
            "transform": [
                [1.0, 0.0, 0.0, -0.0, -0.0, 0.993287, -0.115673, 0.62923, 0.0, 0.115673, 0.993287, 0.0, 0.0, 0.0, 0.0, 1.0],
                [1.0, -0.0, 0.0, 0.0, 0.0, 0.99975, -0.022354, 0.629229, -0.0, 0.022354, 0.99975, -0.0, 0.0, 0.0, 0.0, 1.0],
                [1.0, 0.0, -0.0, 0.0, -0.0, 0.987226, -0.159328, 0.629229, 0.0, 0.159328, 0.987226, 0.0, 0.0, 0.0, 0.0, 1.0],
                [1.0, 0.0, -0.0, 0.0, -0.0, 0.977198, -0.21233, 0.629229, 0.0, 0.21233, 0.977198, -0.0, 0.0, 0.0, 0.0, 1.0]
            ]
        },
        {
            "name": "Mouth_Upper",
            "time": [0.0, 0.15, 0.2667, 0.3167],
            "transform": [
                [1.0, -0.0, -0.0, 0.001002, -0.0, 0.99845, -0.055647, 0.873063, 0.0, 0.055647, 0.998451, -0.249922, 0.0, 0.0, 0.0, 1.0],
                [1.0, 0.0, -0.0, 0.001002, -0.0, 0.998451, -0.055645, 0.873064, 0.0, 0.055645, 0.998451, -0.249922, 0.0, 0.0, 0.0, 1.0],
                [1.0, -0.0, -0.0, 0.001002, -0.0, 0.998451, -0.055644, 0.873064, 0.0, 0.055644, 0.998451, -0.249922, 0.0, 0.0, 0.0, 1.0],
                [1.0, 0.0, -0.0, 0.001002, -0.0, 0.998451, -0.055644, 0.873064, 0.0, 0.055644, 0.998451, -0.249921, 0.0, 0.0, 0.0, 1.0]
            ]
        },
        {
            "name": "Mouse_Lower",
            "time": [0.0, 0.15, 0.2667, 0.3167],
            "transform": [
                [1.0, -0.0, -0.0, 0.001002, 0.0, 1.0, 0.0, 0.873063, 0.0, 0.0, 1.0, -0.257516, 0.0, 0.0, 0.0, 1.0],
                [1.0, 0.0, 0.0, 0.001002, 0.0, 1.0, 0.0, 0.873064, 0.0, 0.0, 1.0, -0.257517, 0.0, 0.0, 0.0, 1.0],
                [1.0, 0.0, -0.0, 0.001002, 0.0, 1.0, 0.0, 0.873064, -0.0, 0.0, 1.0, -0.257517, 0.0, 0.0, 0.0, 1.0],
                [1.0, 0.0, 0.0, 0.001002, -0.0, 1.0, 0.0, 0.873064, 0.0, 0.0, 1.0, -0.257517, 0.0, 0.0, 0.0, 1.0]
            ]
        }
    ]
}