{
    "animation": [
        {
            "name": "Root",
            "time": [0.0, 0.2833, 0.5667, 1.1667],
            "transform": [
                [1.0, 0.0, 0.0, 0.0, 0.0, 0.976545, -0.215314, -1.270046, 0.0, 0.215314, 0.976545, 4.313058, 0.0, 0.0, 0.0, 1.0],
                [1.0, 0.0, 0.0, 0.0, 0.0, 0.995249, 0.097367, -2.856248, 0.0, -0.097367, 0.995249, 2.898948, 0.0, 0.0, 0.0, 1.0],
                [1.0, 0.0, 0.0, 0.0, 0.0, 0.995249, 0.097367, -2.856248, 0.0, -0.097367, 0.995249, 2.408752, 0.0, 0.0, 0.0, 1.0],
                [1.0, 0.0, 0.0, 0.0, 0.0, 0.995249, 0.097367, -2.856248, 0.0, -0.097367, 0.995249, 2.408752, 0.0, 0.0, 0.0, 1.0]
            ]
        },
        {
            "name": "Leg_Back_R1",
            "time": [0.0, 0.2833, 0.5667, 1.1667],
            "transform": [
                [0.999999, -0.0, 0.0, 0.999855, -0.0, -0.456127, 0.889914, 0.086327, -0.0, -0.889914, -0.456126, -0.271299, 0.0, 0.0, 0.0, 1.0],
                [0.999999, 0.0, 0.0, 0.999855, -0.0, 0.822827, 0.568291, 0.086332, 0.0, -0.568291, 0.822827, -0.2713, 0.0, 0.0, 0.0, 1.0],
                [0.999999, 0.0, -0.0, 0.999855, -0.0, 0.911085, 0.412219, 0.086331, 0.0, -0.412218, 0.911084, -0.271295, 0.0, 0.0, 0.0, 1.0],
                [0.999999, 0.0, -0.0, 0.999855, -0.0, 0.911085, 0.412219, 0.086331, 0.0, -0.412218, 0.911084, -0.271295, 0.0, 0.0, 0.0, 1.0]
            ]
        },
        {
            "name": "Leg_Back_R2",
            "time": [0.0, 0.2833, 0.5667, 1.1667],
            "transform": [
                [1.0, 0.0, 0.0, 0.0, -0.0, 0.990449, 0.137882, 1.692269, -0.0, -0.137882, 0.990448, -0.0, 0.0, 0.0, 0.0, 1.0],
                [1.0, -0.0, -0.0, -0.0, 0.0, -0.174271, 0.984697, 1.692269, -0.0, -0.984698, -0.174271, -0.0, 0.0, 0.0, 0.0, 1.0],
                [1.0, -0.0, -0.0, 0.0, 0.0, -0.473149, 0.880982, 1.692269, -0.0, -0.880982, -0.473149, -0.0, 0.0, 0.0, 0.0, 1.0],
                [1.0, -0.0, -0.0, 0.0, 0.0, -0.473149, 0.880982, 1.692269, -0.0, -0.880982, -0.473149, -0.0, 0.0, 0.0, 0.0, 1.0]
            ]
        },
        {
            "name": "Leg_Back_R3",
            "time": [0.0, 0.2833, 0.5667, 1.1667],
            "transform": [
                [1.0, -0.0, 0.0, 0.0, 0.0, -0.12374, -0.992315, 2.159911, 0.0, 0.992315, -0.12374, 0.0, 0.0, 0.0, 0.0, 1.0],
                [1.0, -0.0, -0.0, 0.0, -0.0, -0.769074, -0.63916, 2.15991, -0.0, 0.63916, -0.769074, -0.0, 0.0, 0.0, 0.0, 1.0],
                [1.0, -0.0, -0.0, -0.0, -0.0, -0.849538, -0.527527, 2.159911, -0.0, 0.527527, -0.849538, 0.0, 0.0, 0.0, 0.0, 1.0],
                [1.0, -0.0, -0.0, -0.0, -0.0, -0.849538, -0.527527, 2.159911, -0.0, 0.527527, -0.849538, 0.0, 0.0, 0.0, 0.0, 1.0]
            ]
        },
        {
            "name": "Leg_Back_L1",
            "time": [0.0, 0.2833, 0.5667, 1.1667],
            "transform": [
                [0.999999, -0.0, 0.0, -0.999947, -0.0, -0.455614, 0.890177, 0.086327, -0.0, -0.890177, -0.455613, -0.271299, 0.0, 0.0, 0.0, 1.0],
                [0.999999, 0.0, -0.0, -0.999947, -0.0, 0.822827, 0.568291, 0.086332, 0.0, -0.56829, 0.822827, -0.2713, 0.0, 0.0, 0.0, 1.0],
                [0.999999, 0.0, -0.0, -0.999947, -0.0, 0.911085, 0.412219, 0.086331, 0.0, -0.412218, 0.911084, -0.271295, 0.0, 0.0, 0.0, 1.0],
                [0.999999, 0.0, -0.0, -0.999947, -0.0, 0.911085, 0.412219, 0.086331, 0.0, -0.412218, 0.911084, -0.271295, 0.0, 0.0, 0.0, 1.0]
            ]
        },
        {
            "name": "Leg_Back_L2",
            "time": [0.0, 0.2833, 0.5667, 1.1667],
            "transform": [
                [1.0, -0.0, 0.0, -0.0, 0.0, 0.990315, 0.138838, 1.692269, -0.0, -0.138839, 0.990315, -0.0, 0.0, 0.0, 0.0, 1.0],
                [1.0, -0.0, 0.0, -0.0, -0.0, -0.174272, 0.984698, 1.692268, -0.0, -0.984698, -0.174272, -0.0, 0.0, 0.0, 0.0, 1.0],
                [1.0, -0.0, 0.0, -0.0, -0.0, -0.47315, 0.880982, 1.692269, 0.0, -0.880982, -0.47315, 0.0, 0.0, 0.0, 0.0, 1.0],
                [1.0, -0.0, 0.0, -0.0, -0.0, -0.47315, 0.880982, 1.692269, 0.0, -0.880982, -0.47315, 0.0, 0.0, 0.0, 0.0, 1.0]
            ]
        },
        {
            "name": "Leg_Back_L3",
            "time": [0.0, 0.2833, 0.5667, 1.1667],
            "transform": [
                [1.0, 0.0, 0.0, 0.0, 0.0, -0.12374, -0.992315, 2.159911, -0.0, 0.992315, -0.12374, -0.0, 0.0, 0.0, 0.0, 1.0],
                [1.0, -0.0, -0.0, 0.0, -0.0, -0.769074, -0.63916, 2.159911, 0.0, 0.63916, -0.769074, 0.0, 0.0, 0.0, 0.0, 1.0],
                [1.0, -0.0, -0.0, 0.0, -0.0, -0.849539, -0.527527, 2.15991, 0.0, 0.527527, -0.849539, 0.0, 0.0, 0.0, 0.0, 1.0],
                [1.0, -0.0, -0.0, 0.0, -0.0, -0.849539, -0.527527, 2.15991, 0.0, 0.527527, -0.849539, 0.0, 0.0, 0.0, 0.0, 1.0]
            ]
        },
        {
            "name": "Torso",
            "time": [0.0, 0.2833, 1.1667],
            "transform": [
                [1.0, 0.0, -0.0, 0.0, -0.0, 0.999858, -0.016872, 0.273754, 0.0, 0.016872, 0.999857, -1e-06, 0.0, 0.0, 0.0, 1.0],
                [1.0, 0.0, 0.0, 0.0, 0.0, 0.999857, -0.016879, 0.273754, -0.0, 0.016879, 0.999857, -0.0, 0.0, 0.0, 0.0, 1.0],
                [1.0, -0.0, 0.0, 0.0, 0.0, 0.999857, -0.016879, 0.273754, -0.0, 0.016879, 0.999857, 0.0, 0.0, 0.0, 0.0, 1.0]
            ]
        },
        {
            "name": "Tail1",
            "time": [0.0, 0.2833, 0.5667, 1.1667],
            "transform": [
                [-1.0, -3e-06, -0.0, -1e-06, 3e-06, -0.900202, 0.435474, -0.516184, -1e-06, 0.435474, 0.900201, 0.429317, 0.0, 0.0, 0.0, 1.0],
                [-1.0, -2e-06, -0.0, -1e-06, 2e-06, -0.973019, 0.230724, -0.51618, -1e-06, 0.230724, 0.973019, 0.429316, 0.0, 0.0, 0.0, 1.0],
                [-1.0, -0.0, -0.0, -1e-06, 0.0, -0.999394, -0.034824, -0.516174, 0.0, -0.034824, 0.999393, 0.429314, 0.0, 0.0, 0.0, 1.0],
                [-1.0, -0.0, -0.0, -1e-06, 0.0, -0.999394, -0.034824, -0.516174, 0.0, -0.034824, 0.999393, 0.429314, 0.0, 0.0, 0.0, 1.0]
            ]
        },
        {
            "name": "Tail2",
            "time": [0.0, 0.2833, 0.5667, 1.1667],
            "transform": [
                [0.999999, 3e-06, 0.0, 0.0, -3e-06, 0.923324, -0.384021, 0.615504, -1e-06, 0.384021, 0.923324, -0.0, 0.0, 0.0, 0.0, 1.0],
                [0.999999, 2e-06, 0.0, -0.0, -2e-06, 0.976068, -0.217467, 0.615504, -1e-06, 0.217467, 0.976068, 0.0, 0.0, 0.0, 0.0, 1.0],
                [0.999999, -0.0, 0.0, -0.0, 0.0, 0.999991, -0.00427, 0.615504, 0.0, 0.00427, 0.999991, -0.0, 0.0, 0.0, 0.0, 1.0],
                [0.999999, -0.0, 0.0, -0.0, 0.0, 0.999991, -0.00427, 0.615504, 0.0, 0.00427, 0.999991, -0.0, 0.0, 0.0, 0.0, 1.0]
            ]
        },
        {
            "name": "Tail3",
            "time": [0.0, 0.2833, 0.5667, 1.1667],
            "transform": [
                [1.0, 2e-06, 1e-06, 0.0, -2e-06, 0.956537, -0.29161, 0.624616, -1e-06, 0.29161, 0.956537, 0.0, 0.0, 0.0, 0.0, 1.0],
                [1.0, 1e-06, 0.0, 0.0, -1e-06, 0.983525, -0.180769, 0.624616, -1e-06, 0.180769, 0.983525, -0.0, 0.0, 0.0, 0.0, 1.0],
                [1.0, -0.0, 0.0, 0.0, 0.0, 0.999136, -0.041555, 0.624616, 0.0, 0.041555, 0.999136, -0.0, 0.0, 0.0, 0.0, 1.0],
                [1.0, -0.0, 0.0, 0.0, 0.0, 0.999136, -0.041555, 0.624616, 0.0, 0.041555, 0.999136, -0.0, 0.0, 0.0, 0.0, 1.0]
            ]
        },
        {
            "name": "Tail4",
            "time": [0.0, 0.2833, 0.5667, 1.1667],
            "transform": [
                [1.0, 1e-06, 1e-06, 0.0, -0.0, 0.981796, -0.189937, 0.62624, -1e-06, 0.189937, 0.981796, -1e-06, 0.0, 0.0, 0.0, 1.0],
                [1.0, 0.0, 0.0, 0.0, -0.0, 0.990427, -0.138031, 0.62624, -1e-06, 0.138031, 0.990428, -0.0, 0.0, 0.0, 0.0, 1.0],
                [1.0, -0.0, 0.0, 0.0, 0.0, 0.997274, -0.073781, 0.62624, 0.0, 0.073781, 0.997274, 0.0, 0.0, 0.0, 0.0, 1.0],
                [1.0, -0.0, 0.0, 0.0, 0.0, 0.997274, -0.073781, 0.62624, 0.0, 0.073781, 0.997274, 0.0, 0.0, 0.0, 0.0, 1.0]
            ]
        },
        {
            "name": "Tail5",
            "time": [0.0, 0.2833, 0.5667, 1.1667],
            "transform": [
                [1.0, -1e-06, 1e-06, 0.0, 1e-06, 0.99959, -0.028635, 0.624649, -1e-06, 0.028635, 0.99959, -0.0, 0.0, 0.0, 0.0, 1.0],
                [1.0, -0.0, 0.0, -0.0, 1e-06, 0.996204, -0.08705, 0.62465, -0.0, 0.08705, 0.996204, -0.0, 0.0, 0.0, 0.0, 1.0],
                [1.0, -0.0, 0.0, -0.0, 0.0, 0.995111, -0.098767, 0.624649, 0.0, 0.098767, 0.995111, -0.0, 0.0, 0.0, 0.0, 1.0],
                [1.0, -0.0, 0.0, -0.0, 0.0, 0.995111, -0.098767, 0.624649, 0.0, 0.098767, 0.995111, -0.0, 0.0, 0.0, 0.0, 1.0]
            ]
        },
        {
            "name": "Tail6",
            "time": [0.0, 0.2833, 0.5667, 1.1667],
            "transform": [
                [1.0, -2e-06, 1e-06, 0.0, 2e-06, 0.990809, 0.135271, 0.623273, -1e-06, -0.135271, 0.990809, 0.0, 0.0, 0.0, 0.0, 1.0],
                [1.0, -1e-06, 0.0, 0.0, 1e-06, 0.999736, 0.023014, 0.623274, -0.0, -0.023015, 0.999735, 0.0, 0.0, 0.0, 0.0, 1.0],
                [1.0, -0.0, 0.0, 0.0, 0.0, 0.993352, -0.115121, 0.623274, 0.0, 0.115121, 0.993351, -0.0, 0.0, 0.0, 0.0, 1.0],
                [1.0, -0.0, 0.0, 0.0, 0.0, 0.993352, -0.115121, 0.623274, 0.0, 0.115121, 0.993351, -0.0, 0.0, 0.0, 0.0, 1.0]
            ]
        },
        {
            "name": "Tail7",
            "time": [0.0, 0.2833, 0.5667, 1.1667],
            "transform": [
                [1.0, -3e-06, 0.0, 0.0, 3e-06, 0.972092, 0.2346, 0.625387, -1e-06, -0.2346, 0.972092, -0.0, 0.0, 0.0, 0.0, 1.0],
                [1.0, -2e-06, 0.0, 0.0, 2e-06, 0.997143, 0.075537, 0.625387, -0.0, -0.075537, 0.997143, 0.0, 0.0, 0.0, 0.0, 1.0],
                [1.0, -0.0, 0.0, 0.0, 0.0, 0.992513, -0.122142, 0.625387, 0.0, 0.122142, 0.992513, 0.0, 0.0, 0.0, 0.0, 1.0],
                [1.0, -0.0, 0.0, 0.0, 0.0, 0.992513, -0.122142, 0.625387, 0.0, 0.122142, 0.992513, 0.0, 0.0, 0.0, 0.0, 1.0]
            ]
        },
        {
            "name": "Tail8",
            "time": [0.0, 0.2833, 0.5667, 1.1667],
            "transform": [
                [1.0, -4e-06, -0.0, -0.0, 4e-06, 0.961508, 0.274779, 0.625387, -1e-06, -0.274779, 0.961507, 0.0, 0.0, 0.0, 0.0, 1.0],
                [1.0, -2e-06, 0.0, 0.0, 2e-06, 0.995038, 0.099495, 0.625387, -0.0, -0.099495, 0.995038, -0.0, 0.0, 0.0, 0.0, 1.0],
                [1.0, -0.0, 0.0, 0.0, 0.0, 0.992818, -0.11964, 0.625387, 0.0, 0.11964, 0.992817, -0.0, 0.0, 0.0, 0.0, 1.0],
                [1.0, -0.0, 0.0, 0.0, 0.0, 0.992818, -0.11964, 0.625387, 0.0, 0.11964, 0.992817, -0.0, 0.0, 0.0, 0.0, 1.0]
            ]
        },
        {
            "name": "Tail9",
            "time": [0.0, 0.2833, 0.5667, 1.1667],
            "transform": [
                [1.0, -4e-06, -0.0, -0.0, 4e-06, 0.961722, 0.274028, 0.624782, -1e-06, -0.274027, 0.961722, 1e-06, 0.0, 0.0, 0.0, 1.0],
                [1.0, -2e-06, 0.0, -0.0, 2e-06, 0.994552, 0.104237, 0.624783, -0.0, -0.104237, 0.994553, -0.0, 0.0, 0.0, 0.0, 1.0],
                [1.0, -0.0, 0.0, -0.0, 0.0, 0.994137, -0.108123, 0.624782, 0.0, 0.108123, 0.994138, -0.0, 0.0, 0.0, 0.0, 1.0],
                [1.0, -0.0, 0.0, -0.0, 0.0, 0.994137, -0.108123, 0.624782, 0.0, 0.108123, 0.994138, -0.0, 0.0, 0.0, 0.0, 1.0]
            ]
        },
        {
            "name": "Tail10",
            "time": [0.0, 0.2833, 0.5667, 1.1667],
            "transform": [
                [1.0, -3e-06, -0.0, -0.0, 3e-06, 0.970347, 0.241715, 0.62586, -0.0, -0.241715, 0.970347, 0.0, 0.0, 0.0, 0.0, 1.0],
                [1.0, -2e-06, 0.0, 0.0, 2e-06, 0.995513, 0.094626, 0.625861, -0.0, -0.094626, 0.995513, -0.0, 0.0, 0.0, 0.0, 1.0],
                [1.0, -0.0, 0.0, -0.0, 0.0, 0.996066, -0.088619, 0.62586, 0.0, 0.088619, 0.996066, 0.0, 0.0, 0.0, 0.0, 1.0],
                [1.0, -0.0, 0.0, -0.0, 0.0, 0.996066, -0.088619, 0.62586, 0.0, 0.088619, 0.996066, 0.0, 0.0, 0.0, 0.0, 1.0]
            ]
        },
        {
            "name": "Tail11",
            "time": [0.0, 0.2833, 0.5667, 1.1667],
            "transform": [
                [1.0, -2e-06, -0.0, -0.0, 2e-06, 0.983837, 0.179068, 0.625141, -0.0, -0.179068, 0.983837, 0.0, 0.0, 0.0, 0.0, 1.0],
                [1.0, -1e-06, -0.0, 0.0, 1e-06, 0.997476, 0.071012, 0.625142, -0.0, -0.071012, 0.997475, 0.0, 0.0, 0.0, 0.0, 1.0],
                [1.0, -0.0, 0.0, -0.0, 0.0, 0.998031, -0.06273, 0.625141, 0.0, 0.06273, 0.998031, 0.0, 0.0, 0.0, 0.0, 1.0],
                [1.0, -0.0, 0.0, -0.0, 0.0, 0.998031, -0.06273, 0.625141, 0.0, 0.06273, 0.998031, 0.0, 0.0, 0.0, 0.0, 1.0]
            ]
        },
        {
            "name": "Tail12",
            "time": [0.0, 0.2833, 0.5667, 1.1667],
            "transform": [
                [1.0, -1e-06, -0.0, -0.0, 1e-06, 0.995496, 0.094804, 0.624677, -0.0, -0.094804, 0.995496, -0.0, 0.0, 0.0, 0.0, 1.0],
                [1.0, -1e-06, -0.0, 0.0, 1e-06, 0.999286, 0.037786, 0.624676, -0.0, -0.037786, 0.999286, 0.0, 0.0, 0.0, 0.0, 1.0],
                [1.0, -0.0, 0.0, 0.0, 0.0, 0.999475, -0.032387, 0.624678, 0.0, 0.032386, 0.999475, -0.0, 0.0, 0.0, 0.0, 1.0],
                [1.0, -0.0, 0.0, 0.0, 0.0, 0.999475, -0.032387, 0.624678, 0.0, 0.032386, 0.999475, -0.0, 0.0, 0.0, 0.0, 1.0]
            ]
        },
        {
            "name": "Leg_Front_R1",
            "time": [0.0, 0.2833, 0.5667, 1.1667],
            "transform": [
                [0.744404, 0.150885, -0.650458, 0.749746, 0.651581, -0.377082, 0.658219, 2.942553, -0.145961, -0.913806, -0.379015, -0.056021, 0.0, 0.0, 0.0, 1.0],
                [0.694641, 0.393546, -0.602159, 0.749746, 0.678868, -0.081765, 0.729694, 2.94256, 0.237933, -0.915661, -0.323963, -0.056019, 0.0, 0.0, 0.0, 1.0],
                [0.656934, 0.622715, -0.425046, 0.749746, 0.685974, -0.259735, 0.679689, 2.942558, 0.312853, -0.73808, -0.597795, -0.05602, 0.0, 0.0, 0.0, 1.0],
                [0.656934, 0.622715, -0.425046, 0.749746, 0.685974, -0.259735, 0.679689, 2.942558, 0.312853, -0.73808, -0.597795, -0.05602, 0.0, 0.0, 0.0, 1.0]
            ]
        },
        {
            "name": "Leg_Front_R2",
            "time": [0.0, 0.2833, 0.5667, 1.1667],
            "transform": [
                [0.955555, -0.127658, 0.265741, -0.0, 0.191423, 0.954194, -0.229938, 1.253495, -0.224215, 0.270587, 0.936221, -0.0, 0.0, 0.0, 0.0, 1.0],
                [0.871359, -0.167024, 0.461343, 0.0, 0.456048, 0.62254, -0.635974, 1.253495, -0.180981, 0.764556, 0.618627, 0.0, 0.0, 0.0, 0.0, 1.0],
                [0.802548, -0.201704, 0.561455, 0.0, 0.57932, 0.038698, -0.814181, 1.253495, 0.142496, 0.978682, 0.147908, -0.0, 0.0, 0.0, 0.0, 1.0],
                [0.802548, -0.201704, 0.561455, 0.0, 0.57932, 0.038698, -0.814181, 1.253495, 0.142496, 0.978682, 0.147908, -0.0, 0.0, 0.0, 0.0, 1.0]
            ]
        },
        {
            "name": "Leg_Front_R3",
            "time": [0.0, 0.2833, 0.5667, 1.1667],
            "transform": [
                [0.768823, 0.538961, 0.34414, 0.0, -0.307246, 0.783325, -0.540372, 1.488528, -0.560813, 0.309715, 0.767832, 0.0, 0.0, 0.0, 0.0, 1.0],
                [0.88329, 0.432228, -0.181596, -0.0, -0.335817, 0.313017, -0.888396, 1.488528, -0.327147, 0.845694, 0.421635, -0.0, 0.0, 0.0, 0.0, 1.0],
                [0.836128, 0.459376, -0.299773, -0.0, -0.515842, 0.472643, -0.714503, 1.488528, -0.18654, 0.752052, 0.632156, -0.0, 0.0, 0.0, 0.0, 1.0],
                [0.836128, 0.459376, -0.299773, -0.0, -0.515842, 0.472643, -0.714503, 1.488528, -0.18654, 0.752052, 0.632156, -0.0, 0.0, 0.0, 0.0, 1.0]
            ]
        },
        {
            "name": "Leg_Front_L1",
            "time": [0.0, 0.2833, 0.5667, 1.1667],
            "transform": [
                [0.719275, -0.150977, 0.678122, -0.749884, -0.67605, -0.376914, 0.633161, 2.942551, 0.160001, -0.91386, -0.373173, -0.056026, 0.0, 0.0, 0.0, 1.0],
                [0.671193, -0.393867, 0.627988, -0.749884, -0.705972, -0.081288, 0.703559, 2.942551, -0.226061, -0.915566, -0.332618, -0.056023, 0.0, 0.0, 0.0, 1.0],
                [0.639978, -0.623227, 0.449462, -0.749884, -0.711199, -0.258988, 0.653545, 2.94255, -0.290902, -0.737911, -0.608985, -0.05602, 0.0, 0.0, 0.0, 1.0],
                [0.639978, -0.623227, 0.449462, -0.749884, -0.711199, -0.258988, 0.653545, 2.94255, -0.290902, -0.737911, -0.608985, -0.05602, 0.0, 0.0, 0.0, 1.0]
            ]
        },
        {
            "name": "Leg_Front_L2",
            "time": [0.0, 0.2833, 0.5667, 1.1667],
            "transform": [
                [0.956172, 0.117685, -0.268115, 0.0, -0.183674, 0.954186, -0.236205, 1.253495, 0.228034, 0.275098, 0.933981, 0.0, 0.0, 0.0, 0.0, 1.0],
                [0.879754, 0.138884, -0.454691, 0.0, -0.434637, 0.622535, -0.6508, 1.253495, 0.192676, 0.770169, 0.608042, 0.0, 0.0, 0.0, 0.0, 1.0],
                [0.825634, 0.165683, -0.53933, 0.0, -0.551911, 0.038701, -0.833005, 1.253495, -0.117142, 0.985419, 0.123395, 0.0, 0.0, 0.0, 0.0, 1.0],
                [0.825634, 0.165683, -0.53933, 0.0, -0.551911, 0.038701, -0.833005, 1.253495, -0.117142, 0.985419, 0.123395, 0.0, 0.0, 0.0, 0.0, 1.0]
            ]
        },
        {
            "name": "Leg_Front_L3",
            "time": [0.0, 0.2833, 0.5667, 1.1667],
            "transform": [
                [0.814688, -0.471101, -0.338152, 0.0, 0.2297, 0.797583, -0.557763, 1.488528, 0.532467, 0.37673, 0.757994, 0.0, 0.0, 0.0, 0.0, 1.0],
                [0.880464, -0.441566, 0.172633, -0.0, 0.334226, 0.319823, -0.88657, 1.488528, 0.336267, 0.838291, 0.429176, -0.0, 0.0, 0.0, 0.0, 1.0],
                [0.840118, -0.466276, 0.277106, 0.0, 0.504364, 0.483608, -0.71536, 1.488528, 0.199544, 0.74075, 0.641461, -0.0, 0.0, 0.0, 0.0, 1.0],
                [0.840118, -0.466276, 0.277106, 0.0, 0.504364, 0.483608, -0.71536, 1.488528, 0.199544, 0.74075, 0.641461, -0.0, 0.0, 0.0, 0.0, 1.0]
            ]
        },
        {
            "name": "Wing_R1",
            "time": [0.0, 0.2833, 0.5667, 1.1667],
            "transform": [
                [0.087375, 0.474093, -0.876129, 0.749401, -0.925578, 0.363827, 0.104569, 2.884751, 0.368335, 0.801789, 0.470599, 0.736471, 0.0, 0.0, 0.0, 1.0],
                [-0.119771, 0.878919, 0.461689, 0.749813, -0.967977, -0.206724, 0.142429, 2.861321, 0.220626, -0.429845, 0.875532, 0.744817, 0.0, 0.0, 0.0, 1.0],
                [-0.119771, 0.878919, 0.461689, 0.749813, -0.967977, -0.206724, 0.142429, 2.861319, 0.220626, -0.429845, 0.875532, 0.744817, 0.0, 0.0, 0.0, 1.0],
                [-0.119771, 0.878919, 0.461689, 0.749813, -0.967977, -0.206724, 0.142429, 2.861319, 0.220626, -0.429845, 0.875532, 0.744817, 0.0, 0.0, 0.0, 1.0]
            ]
        },
        {
            "name": "Wing_R2",
            "time": [0.0, 0.2833, 1.1667],
            "transform": [
                [0.999988, -6.4e-05, 0.004799, 0.0, 0.002086, 0.906311, -0.422607, 3.499785, -0.004322, 0.422612, 0.906301, -0.0, 0.0, 0.0, 0.0, 1.0],
                [0.884971, 0.465397, 0.015255, 0.0, -0.465397, 0.882948, 0.06172, 3.499784, 0.015255, -0.06172, 0.997977, -0.0, 0.0, 0.0, 0.0, 1.0],
                [0.884971, 0.465397, 0.015255, 0.0, -0.465397, 0.882948, 0.06172, 3.499784, 0.015255, -0.06172, 0.997977, 0.0, 0.0, 0.0, 0.0, 1.0]
            ]
        },
        {
            "name": "Wing_L1",
            "time": [0.0, 0.2833, 0.5667, 1.1667],
            "transform": [
                [0.088082, -0.478343, 0.873745, -0.750268, 0.925678, 0.363284, 0.105567, 2.837896, -0.367914, 0.799508, 0.474791, 0.753162, 0.0, 0.0, 0.0, 1.0],
                [-0.119772, -0.878919, -0.461689, -0.750681, 0.967977, -0.206725, 0.142429, 2.861321, -0.220626, -0.429845, 0.875533, 0.744817, 0.0, 0.0, 0.0, 1.0],
                [-0.119772, -0.878919, -0.461689, -0.75068, 0.967977, -0.206725, 0.142429, 2.861319, -0.220626, -0.429845, 0.875533, 0.744817, 0.0, 0.0, 0.0, 1.0],
                [-0.119772, -0.878919, -0.461689, -0.75068, 0.967977, -0.206725, 0.142429, 2.861319, -0.220626, -0.429845, 0.875533, 0.744817, 0.0, 0.0, 0.0, 1.0]
            ]
        },
        {
            "name": "Wing_L2",
            "time": [0.0, 0.2833, 0.5667, 1.1667],
            "transform": [
                [0.999989, 0.001127, -0.004567, 0.0, -0.002952, 0.906309, -0.422605, 3.499784, 0.003663, 0.422614, 0.906302, 0.0, 0.0, 0.0, 0.0, 1.0],
                [0.884971, -0.465396, -0.015255, 0.0, 0.465396, 0.882948, 0.06172, 3.499785, -0.015256, -0.06172, 0.997977, 0.0, 0.0, 0.0, 0.0, 1.0],
                [0.884971, -0.465397, -0.015254, -0.0, 0.465397, 0.882947, 0.061721, 3.499784, -0.015256, -0.061721, 0.997977, 0.0, 0.0, 0.0, 0.0, 1.0],
                [0.884971, -0.465397, -0.015254, -0.0, 0.465397, 0.882947, 0.061721, 3.499784, -0.015256, -0.061721, 0.997977, 0.0, 0.0, 0.0, 0.0, 1.0]
            ]
        },
        {
            "name": "Neck1",
            "time": [0.0, 0.2833, 0.5667, 1.1667],
            "transform": [
                [1.0, -0.0, 0.0, -0.0, 0.0, 0.996261, -0.086395, 3.493833, -0.0, 0.086395, 0.996261, -0.0, 0.0, 0.0, 0.0, 1.0],
                [1.0, 0.0, 0.0, -0.0, -0.0, 0.990249, 0.139307, 3.493829, 0.0, -0.139307, 0.990249, 0.0, 0.0, 0.0, 0.0, 1.0],
                [1.0, 0.0, 0.0, -0.0, -0.0, 0.990251, 0.139295, 3.493823, 0.0, -0.139295, 0.990251, -1e-06, 0.0, 0.0, 0.0, 1.0],
                [1.0, 0.0, 0.0, -0.0, -0.0, 0.990251, 0.139295, 3.493823, 0.0, -0.139295, 0.990251, -1e-06, 0.0, 0.0, 0.0, 1.0]
            ]
        },
        {
            "name": "Neck2",
            "time": [0.0, 0.2833, 0.5667, 1.1667],
            "transform": [
                [1.0, 0.0, -0.0, -0.0, -0.0, 0.997975, 0.063619, 0.623755, 0.0, -0.063619, 0.997974, -0.0, 0.0, 0.0, 0.0, 1.0],
                [1.0, -0.0, 0.0, 0.0, 0.0, 0.99987, -0.016105, 0.623754, 0.0, 0.016105, 0.99987, -0.0, 0.0, 0.0, 0.0, 1.0],
                [1.0, -0.0, 0.0, -0.0, 0.0, 0.999871, -0.016102, 0.623755, 0.0, 0.016102, 0.99987, -0.0, 0.0, 0.0, 0.0, 1.0],
                [1.0, -0.0, 0.0, -0.0, 0.0, 0.999871, -0.016102, 0.623755, 0.0, 0.016102, 0.99987, -0.0, 0.0, 0.0, 0.0, 1.0]
            ]
        },
        {
            "name": "Neck3",
            "time": [0.0, 0.2833, 0.5667, 1.1667],
            "transform": [
                [1.0, -0.0, -0.0, 0.0, 0.0, 0.998908, -0.046718, 0.626764, 0.0, 0.046718, 0.998908, 0.0, 0.0, 0.0, 0.0, 1.0],
                [1.0, -0.0, 0.0, -0.0, 0.0, 0.990636, -0.136531, 0.626764, 0.0, 0.136531, 0.990636, -0.0, 0.0, 0.0, 0.0, 1.0],
                [1.0, -0.0, 0.0, -0.0, 0.0, 0.990637, -0.136524, 0.626764, 0.0, 0.136524, 0.990637, -0.0, 0.0, 0.0, 0.0, 1.0],
                [1.0, -0.0, 0.0, -0.0, 0.0, 0.990637, -0.136524, 0.626764, 0.0, 0.136524, 0.990637, -0.0, 0.0, 0.0, 0.0, 1.0]
            ]
        },
        {
            "name": "Neck4",
            "time": [0.0, 0.2833, 0.5667, 1.1667],
            "transform": [
                [1.0, -0.0, -0.0, 0.0, 0.0, 0.92039, 0.391003, 0.624224, -0.0, -0.391003, 0.92039, 0.0, 0.0, 0.0, 0.0, 1.0],
                [1.0, -0.0, 0.0, 0.0, 0.0, 0.985193, -0.171447, 0.624224, 0.0, 0.171447, 0.985193, -0.0, 0.0, 0.0, 0.0, 1.0],
                [1.0, -0.0, 0.0, -0.0, 0.0, 0.985195, -0.171437, 0.624224, 0.0, 0.171437, 0.985195, -0.0, 0.0, 0.0, 0.0, 1.0],
                [1.0, -0.0, 0.0, -0.0, 0.0, 0.985195, -0.171437, 0.624224, 0.0, 0.171437, 0.985195, -0.0, 0.0, 0.0, 0.0, 1.0]
            ]
        },
        {
            "name": "Neck5",
            "time": [0.0, 0.2833, 0.5667, 1.1667],
            "transform": [
                [1.0, -0.0, -0.0, -0.0, 0.0, 0.963992, 0.265934, 0.624445, -0.0, -0.265934, 0.963992, -0.0, 0.0, 0.0, 0.0, 1.0],
                [1.0, -0.0, 0.0, -0.0, 0.0, 0.993319, -0.115405, 0.624445, 0.0, 0.115405, 0.993319, 0.0, 0.0, 0.0, 0.0, 1.0],
                [1.0, -0.0, 0.0, 0.0, 0.0, 0.99332, -0.115398, 0.624445, 0.0, 0.115398, 0.99332, -0.0, 0.0, 0.0, 0.0, 1.0],
                [1.0, -0.0, 0.0, 0.0, 0.0, 0.99332, -0.115398, 0.624445, 0.0, 0.115398, 0.99332, -0.0, 0.0, 0.0, 0.0, 1.0]
            ]
        },
        {
            "name": "Head",
            "time": [0.0, 0.2833, 0.5667, 1.1667],
            "transform": [
                [1.0, 0.0, 0.0, 0.0, -0.0, 0.938678, -0.344795, 0.629229, -0.0, 0.344795, 0.938678, -1e-06, 0.0, 0.0, 0.0, 1.0],
                [1.0, 0.0, 0.0, 0.0, -0.0, 0.973827, 0.227291, 0.629229, -0.0, -0.227291, 0.973827, -0.0, 0.0, 0.0, 0.0, 1.0],
                [1.0, 0.0, 0.0, 0.0, -0.0, 0.965883, 0.258979, 0.629229, -0.0, -0.258979, 0.965883, -0.0, 0.0, 0.0, 0.0, 1.0],
                [1.0, 0.0, 0.0, 0.0, -0.0, 0.965883, 0.258979, 0.629229, -0.0, -0.258979, 0.965883, -0.0, 0.0, 0.0, 0.0, 1.0]
            ]
        },
        {
            "name": "Mouth_Upper",
            "time": [0.0, 0.2833, 0.5667, 1.1667],
            "transform": [
                [1.0, -0.0, 0.0, 0.001002, 0.0, 0.998451, -0.055647, 0.873066, -0.0, 0.055647, 0.998451, -0.249922, 0.0, 0.0, 0.0, 1.0],
                [1.0, -0.0, 0.0, 0.001002, 0.0, 0.99845, -0.055647, 0.873066, -0.0, 0.055647, 0.998451, -0.249922, 0.0, 0.0, 0.0, 1.0],
                [1.0, 0.0, -0.0, 0.001002, -0.0, 0.998451, -0.055644, 0.873071, 0.0, 0.055644, 0.998451, -0.249923, 0.0, 0.0, 0.0, 1.0],
                [1.0, 0.0, -0.0, 0.001002, -0.0, 0.998451, -0.055644, 0.873071, 0.0, 0.055644, 0.998451, -0.249923, 0.0, 0.0, 0.0, 1.0]
            ]
        },
        {
            "name": "Mouse_Lower",
            "time": [0.0, 0.2833, 1.1667],
            "transform": [
                [1.0, -0.0, 0.0, 0.001002, -0.0, 1.0, 0.0, 0.87306, -0.0, 0.0, 1.0, -0.257516, 0.0, 0.0, 0.0, 1.0],
                [1.0, 0.0, -0.0, 0.001002, 0.0, 1.0, 0.0, 0.87306, 0.0, 0.0, 1.0, -0.257516, 0.0, 0.0, 0.0, 1.0],
                [1.0, 0.0, -0.0, 0.001002, 0.0, 1.0, 0.0, 0.87306, -0.0, 0.0, 1.0, -0.257516, 0.0, 0.0, 0.0, 1.0]
            ]
        }
    ]
}