{
    "animation": [
        {
            "name": "Root",
            "time": [0.0, 7.0, 7.6, 8.3333, 9.1667, 9.8],
            "transform": [
                [1.0, -0.0, -0.0, -0.0, 0.0, 0.977008, -0.213203, -1.654651, 0.0, 0.213203, 0.977008, 1.435723, 0.0, 0.0, 0.0, 1.0],
                [1.0, -0.0, -0.0, -0.0, 0.0, 0.988638, -0.150316, -1.654651, 0.0, 0.150316, 0.988638, 1.435723, 0.0, 0.0, 0.0, 1.0],
                [0.998516, 0.050323, -0.020802, 0.0, -0.054453, 0.92278, -0.381461, -1.498083, 0.0, 0.382027, 0.924151, 1.669647, 0.0, 0.0, 0.0, 1.0],
                [0.998738, -0.04641, 0.019185, 0.0, 0.050219, 0.922985, -0.381545, -1.498083, 0.0, 0.382027, 0.924151, 1.644479, 0.0, 0.0, 0.0, 1.0],
                [1.0, 0.0, 0.0, 0.0, 0.0, 0.988959, 0.148188, -1.268548, 0.0, -0.148188, 0.988959, 2.538529, 0.0, 0.0, 0.0, 1.0],
                [1.0, 0.0, 0.0, 0.0, 0.0, 0.988959, 0.148188, -1.268548, 0.0, -0.148188, 0.988959, 2.538529, 0.0, 0.0, 0.0, 1.0]
            ]
        },
        {
            "name": "Leg_Back_R1",
            "time": [0.0, 7.0, 7.6, 8.3333, 9.1667, 9.8],
            "transform": [
                [1.0, 0.0, 0.0, 0.999855, -0.0, 0.870993, 0.491295, 0.544667, -0.0, -0.491295, 0.870991, 0.036199, 0.0, 0.0, 0.0, 1.0],
                [1.0, 0.0, -0.0, 0.999855, 0.0, 0.903145, 0.429335, 0.544667, 0.0, -0.429335, 0.903143, 0.036199, 0.0, 0.0, 0.0, 1.0],
                [0.999999, -0.000171, 0.000785, 0.999855, -0.000479, 0.657579, 0.753384, 0.544667, -0.000646, -0.753384, 0.657578, 0.036198, 0.0, 0.0, 0.0, 1.0],
                [0.99743, 0.067609, 0.023676, 0.999854, -0.060051, 0.608951, 0.79093, 0.544667, 0.039057, -0.79032, 0.611446, 0.036199, 0.0, 0.0, 0.0, 1.0],
                [0.964159, 0.264294, 0.023345, 0.999855, -0.131931, 0.401228, 0.906426, 0.086326, 0.230197, -0.877019, 0.421716, -0.271295, 0.0, 0.0, 0.0, 1.0],
                [0.964159, 0.264294, 0.023345, 0.999855, -0.131931, 0.401228, 0.906426, 0.086326, 0.230197, -0.877019, 0.421716, -0.271295, 0.0, 0.0, 0.0, 1.0]
            ]
        },
        {
            "name": "Leg_Back_R2",
            "time": [0.0, 7.0, 7.6, 8.3333, 9.1667, 9.8],
            "transform": [
                [1.0, 0.0, 0.0, 0.0, 0.0, -0.727861, 0.685725, 1.692269, 0.0, -0.685725, -0.72786, 0.0, 0.0, 0.0, 0.0, 1.0],
                [1.0, 0.0, 0.0, 0.0, 0.0, -0.746623, 0.665247, 1.692269, 0.0, -0.665247, -0.746623, 0.0, 0.0, 0.0, 0.0, 1.0],
                [0.999999, -0.001189, -0.000421, -0.0, -0.000346, -0.579203, 0.815183, 1.692269, -0.001214, -0.815183, -0.579202, 0.0, 0.0, 0.0, 0.0, 1.0],
                [0.99996, 0.005938, 0.00673, 0.0, -0.002057, -0.578318, 0.815808, 1.692268, 0.008736, -0.81579, -0.578283, 0.0, 0.0, 0.0, 0.0, 1.0],
                [0.982192, -0.156206, -0.104395, -0.0, 0.084822, -0.127125, 0.988253, 1.692269, -0.167642, -0.97951, -0.111612, 0.0, 0.0, 0.0, 0.0, 1.0],
                [0.982192, -0.156206, -0.104395, -0.0, 0.084822, -0.127125, 0.988253, 1.692269, -0.167642, -0.97951, -0.111612, 0.0, 0.0, 0.0, 0.0, 1.0]
            ]
        },
        {
            "name": "Leg_Back_R3",
            "time": [0.0, 7.0, 7.6, 8.3333, 9.1667, 9.8],
            "transform": [
                [1.0, 0.0, 0.0, 0.0, 0.0, -0.901438, -0.432908, 2.159911, 0.0, 0.432908, -0.901438, 0.0, 0.0, 0.0, 0.0, 1.0],
                [1.0, 0.0, 0.0, 0.0, 0.0, -0.906937, -0.421267, 2.15991, 0.0, 0.421267, -0.906937, 0.0, 0.0, 0.0, 0.0, 1.0],
                [0.999991, -0.003726, -0.001874, 0.0, -0.00417, -0.884204, -0.467083, 2.159911, 8.3e-05, 0.467087, -0.884211, 0.0, 0.0, 0.0, 0.0, 1.0],
                [0.999753, -0.003887, 0.021875, 0.0, 0.005535, -0.909967, -0.414645, 2.159911, 0.021517, 0.414663, -0.909721, -0.0, 0.0, 0.0, 0.0, 1.0],
                [0.99576, -0.075184, 0.053, -0.0, -0.043857, -0.894492, -0.444927, 2.15991, 0.080859, 0.440716, -0.893997, 0.0, 0.0, 0.0, 0.0, 1.0],
                [0.99576, -0.075184, 0.053, -0.0, -0.043857, -0.894492, -0.444927, 2.15991, 0.080859, 0.440716, -0.893997, 0.0, 0.0, 0.0, 0.0, 1.0]
            ]
        },
        {
            "name": "Leg_Back_L1",
            "time": [0.0, 7.0, 7.6, 8.3333, 8.75, 8.9667, 9.1667, 9.8],
            "transform": [
                [0.999999, 0.0, 0.0, -0.999948, -0.0, 0.870993, 0.491294, 0.544667, -0.0, -0.491294, 0.870992, 0.036199, 0.0, 0.0, 0.0, 1.0],
                [0.999999, 0.0, 0.0, -0.999948, -0.0, 0.903145, 0.429333, 0.544667, -0.0, -0.429333, 0.903144, 0.036199, 0.0, 0.0, 0.0, 1.0],
                [0.998396, -0.054904, -0.013783, -0.999947, 0.044083, 0.601345, 0.797771, 0.544667, -0.035513, -0.7971, 0.6028, 0.036199, 0.0, 0.0, 0.0, 1.0],
                [0.998392, -0.054794, -0.014518, -0.999947, 0.047149, 0.660576, 0.749276, 0.544667, -0.031466, -0.748756, 0.662096, 0.036199, 0.0, 0.0, 0.0, 1.0],
                [0.982375, -0.178612, -0.055096, -0.999947, 0.178082, 0.804811, 0.566184, 0.315496, -0.056786, -0.566017, 0.822433, -0.117549, 0.0, 0.0, 0.0, 1.0],
                [0.964495, -0.261648, 0.035909, -0.999947, 0.262406, 0.934036, -0.242322, 0.167359, 0.029863, 0.243141, 0.969529, -0.216932, 0.0, 0.0, 0.0, 1.0],
                [0.95268, -0.29822, -0.058859, -0.999947, 0.28703, 0.946297, -0.148779, 0.086325, 0.100067, 0.124845, 0.987115, -0.271296, 0.0, 0.0, 0.0, 1.0],
                [0.95268, -0.29822, -0.058859, -0.999947, 0.28703, 0.946297, -0.148779, 0.086325, 0.100067, 0.124845, 0.987115, -0.271296, 0.0, 0.0, 0.0, 1.0]
            ]
        },
        {
            "name": "Leg_Back_L2",
            "time": [0.0, 7.0, 7.6, 8.3333, 8.75, 8.9667, 9.1667, 9.8],
            "transform": [
                [1.0, 0.0, -0.0, 0.0, 0.0, -0.727861, 0.685725, 1.692269, -0.0, -0.685725, -0.727861, -0.0, 0.0, 0.0, 0.0, 1.0],
                [1.0, 0.0, -0.0, -0.0, 0.0, -0.746624, 0.665247, 1.692268, -0.0, -0.665247, -0.746624, -0.0, 0.0, 0.0, 0.0, 1.0],
                [1.0, 0.000126, -6e-05, 0.0, 0.000121, -0.565655, 0.824642, 1.692269, 7e-05, -0.824642, -0.565655, -0.0, 0.0, 0.0, 0.0, 1.0],
                [0.999999, 0.000511, 0.000775, -0.0, -0.000323, -0.590845, 0.806785, 1.692269, 0.000871, -0.806785, -0.590845, -0.0, 0.0, 0.0, 0.0, 1.0],
                [0.999998, 0.001322, 0.001555, -0.0, -0.000623, -0.528097, 0.849185, 1.692269, 0.001944, -0.849184, -0.528095, -0.0, 0.0, 0.0, 0.0, 1.0],
                [1.0, -0.0, -0.0, 0.0, -0.0, -0.68608, 0.727527, 1.692269, -1e-06, -0.727527, -0.68608, -0.0, 0.0, 0.0, 0.0, 1.0],
                [1.0, 0.0, -0.0, -0.0, 0.0, -0.223346, 0.97474, 1.692268, 0.0, -0.97474, -0.223346, 0.0, 0.0, 0.0, 0.0, 1.0],
                [1.0, 0.0, -0.0, -0.0, 0.0, -0.223346, 0.97474, 1.692268, 0.0, -0.97474, -0.223346, 0.0, 0.0, 0.0, 0.0, 1.0]
            ]
        },
        {
            "name": "Leg_Back_L3",
            "time": [0.0, 7.0, 7.6, 8.3333, 8.75, 8.9667, 9.1667, 9.8],
            "transform": [
                [1.0, -0.0, -0.0, -0.0, -0.0, -0.901438, -0.432908, 2.159911, -0.0, 0.432908, -0.901438, -0.0, 0.0, 0.0, 0.0, 1.0],
                [1.0, -0.0, -0.0, 0.0, -0.0, -0.906937, -0.421267, 2.159911, -0.0, 0.421266, -0.906937, -0.0, 0.0, 0.0, 0.0, 1.0],
                [0.99984, 0.006166, -0.016805, 0.0, -0.001438, -0.908089, -0.418775, 2.159911, -0.017842, 0.418732, -0.907935, 0.0, 0.0, 0.0, 0.0, 1.0],
                [0.999903, 0.006749, -0.012149, -0.0, 0.000431, -0.888813, -0.458271, 2.15991, -0.013892, 0.458221, -0.88873, -0.0, 0.0, 0.0, 0.0, 1.0],
                [0.997954, 0.053285, -0.035343, -0.0, 0.028408, -0.864688, -0.501506, 2.159911, -0.057283, 0.499476, -0.864432, -0.0, 0.0, 0.0, 0.0, 1.0],
                [0.99471, 0.063456, 0.080778, 0.0, 0.100727, -0.448338, -0.888171, 2.15991, -0.020144, 0.891609, -0.452358, -0.0, 0.0, 0.0, 0.0, 1.0],
                [0.982576, 0.177021, 0.05663, -0.0, 0.097974, -0.234407, -0.967189, 2.159911, -0.157938, 0.955886, -0.247666, 0.0, 0.0, 0.0, 0.0, 1.0],
                [0.982576, 0.177021, 0.05663, -0.0, 0.097974, -0.234407, -0.967189, 2.159911, -0.157938, 0.955886, -0.247666, 0.0, 0.0, 0.0, 0.0, 1.0]
            ]
        },
        {
            "name": "Torso",
            "time": [0.0, 8.3333, 9.1667, 9.8],
            "transform": [
                [1.0, 0.0, 0.0, 0.0, 0.0, 1.0, -1e-06, 0.273754, 0.0, 1e-06, 1.0, 0.0, 0.0, 0.0, 0.0, 1.0],
                [1.0, 0.0, -0.0, -0.0, 0.0, 1.0, -1e-06, 0.273754, 0.0, 1e-06, 1.0, 0.0, 0.0, 0.0, 0.0, 1.0],
                [1.0, 0.0, 0.0, 0.0, 0.0, 0.995501, -0.094747, 0.273754, 0.0, 0.094747, 0.995501, 0.0, 0.0, 0.0, 0.0, 1.0],
                [1.0, 0.0, 0.0, 0.0, 0.0, 0.995501, -0.094747, 0.273754, 0.0, 0.094747, 0.995501, 0.0, 0.0, 0.0, 0.0, 1.0]
            ]
        },
        {
            "name": "Tail1",
            "time": [0.0, 7.0, 7.6, 8.3333, 9.1667, 9.8],
            "transform": [
                [-0.906355, -0.38006, -0.184597, 0.0, 0.370649, -0.924926, 0.084444, -0.516188, -0.202832, 0.008116, 0.97918, 0.429314, 0.0, 0.0, 0.0, 1.0],
                [-0.906355, -0.38006, -0.184597, 0.0, 0.382007, -0.923784, 0.026324, -0.516188, -0.180532, -0.046659, 0.982461, 0.429315, 0.0, 0.0, 0.0, 1.0],
                [-1.0, 0.0, -0.0, -0.0, -0.0, -0.997193, 0.074877, -0.516188, 0.0, 0.074878, 0.997193, 0.429314, 0.0, 0.0, 0.0, 1.0],
                [-1.0, 0.0, -0.0, -0.0, -0.0, -0.997193, 0.074879, -0.516188, -0.0, 0.074879, 0.997192, 0.429314, 0.0, 0.0, 0.0, 1.0],
                [-0.993126, -0.116415, -0.012177, -0.0, 0.116827, -0.99227, -0.041859, -0.516187, -0.00721, -0.042994, 0.999049, 0.429314, 0.0, 0.0, 0.0, 1.0],
                [-0.993126, -0.116415, -0.012177, -0.0, 0.116827, -0.99227, -0.041859, -0.516187, -0.00721, -0.042994, 0.999049, 0.429314, 0.0, 0.0, 0.0, 1.0]
            ]
        },
        {
            "name": "Tail2",
            "time": [0.0, 7.0, 7.6, 8.3333, 9.1667, 9.8],
            "transform": [
                [0.998303, -0.054591, -0.02026, 0.0, 0.055814, 0.996272, 0.065783, 0.615504, 0.016593, -0.066802, 0.997628, 0.0, 0.0, 0.0, 0.0, 1.0],
                [0.998303, -0.054591, -0.02026, -0.0, 0.055815, 0.996272, 0.065783, 0.615504, 0.016593, -0.066802, 0.997628, 0.0, 0.0, 0.0, 0.0, 1.0],
                [0.999999, 0.0, -0.0, 0.0, -0.0, 0.994762, -0.102223, 0.615504, 0.0, 0.102223, 0.994762, 0.0, 0.0, 0.0, 0.0, 1.0],
                [0.999999, 0.0, -0.0, 0.0, -0.0, 0.994762, -0.102224, 0.615504, 0.0, 0.102224, 0.994762, 0.0, 0.0, 0.0, 0.0, 1.0],
                [0.999377, -0.035235, 0.001859, -0.0, 0.0344, 0.984703, 0.170815, 0.615504, -0.007849, -0.170645, 0.985301, 0.0, 0.0, 0.0, 0.0, 1.0],
                [0.999377, -0.035235, 0.001859, -0.0, 0.0344, 0.984703, 0.170815, 0.615504, -0.007849, -0.170645, 0.985301, 0.0, 0.0, 0.0, 0.0, 1.0]
            ]
        },
        {
            "name": "Tail3",
            "time": [0.0, 7.0, 7.6, 8.3333, 9.1667, 9.8],
            "transform": [
                [0.988384, -0.149484, -0.02739, -0.0, 0.151094, 0.985931, 0.071481, 0.624616, 0.01632, -0.07479, 0.997065, 0.0, 0.0, 0.0, 0.0, 1.0],
                [0.988384, -0.149484, -0.02739, 0.0, 0.151094, 0.985931, 0.071481, 0.624616, 0.01632, -0.07479, 0.997065, -0.0, 0.0, 0.0, 0.0, 1.0],
                [1.0, 0.0, -0.0, -0.0, -0.0, 0.991331, -0.131383, 0.624616, -0.0, 0.131383, 0.991331, 0.0, 0.0, 0.0, 0.0, 1.0],
                [1.0, -0.0, 0.0, -0.0, 0.0, 0.991331, -0.131383, 0.624616, 0.0, 0.131383, 0.991331, -0.0, 0.0, 0.0, 0.0, 1.0],
                [0.9996, -0.028245, -0.001383, 0.0, 0.028088, 0.985981, 0.164473, 0.624616, -0.003281, -0.164446, 0.98638, 0.0, 0.0, 0.0, 0.0, 1.0],
                [0.9996, -0.028245, -0.001383, 0.0, 0.028088, 0.985981, 0.164473, 0.624616, -0.003281, -0.164446, 0.98638, 0.0, 0.0, 0.0, 0.0, 1.0]
            ]
        },
        {
            "name": "Tail4",
            "time": [0.0, 7.0, 7.6, 8.3333, 9.1667, 9.8],
            "transform": [
                [0.969303, -0.242805, -0.038691, -0.0, 0.244476, 0.968529, 0.046712, 0.62624, 0.026131, -0.054737, 0.998159, 0.0, 0.0, 0.0, 0.0, 1.0],
                [0.969303, -0.242805, -0.038691, -0.0, 0.244475, 0.968529, 0.046712, 0.62624, 0.026131, -0.054737, 0.998159, -0.0, 0.0, 0.0, 0.0, 1.0],
                [1.0, -0.0, 0.0, 0.0, 0.0, 0.987564, -0.157211, 0.62624, -0.0, 0.157211, 0.987565, -0.0, 0.0, 0.0, 0.0, 1.0],
                [1.0, -0.0, -0.0, 0.0, 0.0, 0.987564, -0.157212, 0.62624, 0.0, 0.157212, 0.987565, 0.0, 0.0, 0.0, 0.0, 1.0],
                [0.99975, -0.02207, -0.003646, -0.0, 0.022363, 0.98982, 0.140556, 0.62624, 0.000507, -0.140602, 0.990066, 0.0, 0.0, 0.0, 0.0, 1.0],
                [0.99975, -0.02207, -0.003646, -0.0, 0.022363, 0.98982, 0.140556, 0.62624, 0.000507, -0.140602, 0.990066, 0.0, 0.0, 0.0, 0.0, 1.0]
            ]
        },
        {
            "name": "Tail5",
            "time": [0.0, 7.0, 7.6, 8.3333, 9.1667, 9.8],
            "transform": [
                [0.950113, -0.310976, -0.024053, 0.0, 0.311739, 0.944265, 0.105753, 0.624649, -0.010174, -0.107975, 0.994101, -0.0, 0.0, 0.0, 0.0, 1.0],
                [0.950113, -0.310976, -0.024053, -0.0, 0.311739, 0.944265, 0.105753, 0.624649, -0.010174, -0.107975, 0.994101, 0.0, 0.0, 0.0, 0.0, 1.0],
                [1.0, -0.0, -0.0, 0.0, 0.0, 0.98439, -0.176004, 0.624649, 0.0, 0.176004, 0.984389, -0.0, 0.0, 0.0, 0.0, 1.0],
                [1.0, 0.0, -0.0, -0.0, -0.0, 0.98439, -0.176004, 0.624649, 0.0, 0.176004, 0.984389, -0.0, 0.0, 0.0, 0.0, 1.0],
                [0.999846, -0.016874, -0.004718, -0.0, 0.017268, 0.994599, 0.102342, 0.624649, 0.002966, -0.102408, 0.994738, 0.0, 0.0, 0.0, 0.0, 1.0],
                [0.999846, -0.016874, -0.004718, -0.0, 0.017268, 0.994599, 0.102342, 0.624649, 0.002966, -0.102408, 0.994738, 0.0, 0.0, 0.0, 0.0, 1.0]
            ]
        },
        {
            "name": "Tail6",
            "time": [0.0, 7.0, 7.6, 8.3333, 9.1667, 9.8],
            "transform": [
                [0.935422, -0.352596, -0.025733, 0.0, 0.352845, 0.926581, 0.130191, 0.623273, -0.022061, -0.130864, 0.991155, -0.0, 0.0, 0.0, 0.0, 1.0],
                [0.935422, -0.352596, -0.025733, -0.0, 0.352845, 0.926581, 0.130191, 0.623274, -0.022061, -0.130864, 0.991155, 0.0, 0.0, 0.0, 0.0, 1.0],
                [1.0, 0.0, -0.0, -0.0, -0.0, 0.982638, -0.185536, 0.623274, 0.0, 0.185536, 0.982637, 0.0, 0.0, 0.0, 0.0, 1.0],
                [1.0, 0.0, 0.0, 0.0, -0.0, 0.982638, -0.185536, 0.623274, -0.0, 0.185536, 0.982637, 0.0, 0.0, 0.0, 0.0, 1.0],
                [0.999907, -0.012764, -0.004768, 0.0, 0.013005, 0.99843, 0.054487, 0.623273, 0.004065, -0.054544, 0.998503, -1e-06, 0.0, 0.0, 0.0, 1.0],
                [0.999907, -0.012764, -0.004768, 0.0, 0.013005, 0.99843, 0.054487, 0.623273, 0.004065, -0.054544, 0.998503, -1e-06, 0.0, 0.0, 0.0, 1.0]
            ]
        },
        {
            "name": "Tail7",
            "time": [0.0, 7.0, 7.6, 8.3333, 9.1667, 9.8],
            "transform": [
                [0.931004, -0.364145, -0.025092, -0.0, 0.363769, 0.919985, 0.145948, 0.625387, -0.030062, -0.145006, 0.988974, -0.0, 0.0, 0.0, 0.0, 1.0],
                [0.931004, -0.364145, -0.025092, 0.0, 0.363769, 0.919985, 0.145948, 0.625388, -0.030062, -0.145006, 0.988974, 0.0, 0.0, 0.0, 0.0, 1.0],
                [1.0, 0.0, 0.0, -0.0, 0.0, 0.982786, -0.184749, 0.625386, -0.0, 0.18475, 0.982786, 0.0, 0.0, 0.0, 0.0, 1.0],
                [1.0, 0.0, -0.0, 0.0, -0.0, 0.982786, -0.184749, 0.625387, -0.0, 0.184749, 0.982786, -0.0, 0.0, 0.0, 0.0, 1.0],
                [0.999945, -0.009662, -0.004099, -0.0, 0.009672, 0.99995, 0.002442, 0.625387, 0.004076, -0.002482, 0.999989, 0.0, 0.0, 0.0, 0.0, 1.0],
                [0.999945, -0.009662, -0.004099, -0.0, 0.009672, 0.99995, 0.002442, 0.625387, 0.004076, -0.002482, 0.999989, 0.0, 0.0, 0.0, 0.0, 1.0]
            ]
        },
        {
            "name": "Tail8",
            "time": [0.0, 7.0, 7.6, 8.3333, 9.1667, 9.8],
            "transform": [
                [0.937627, -0.346981, -0.021427, 0.0, 0.346139, 0.926074, 0.150248, 0.625387, -0.03229, -0.148294, 0.988416, 0.0, 0.0, 0.0, 0.0, 1.0],
                [0.937627, -0.346981, -0.021427, -0.0, 0.346139, 0.926074, 0.150248, 0.625387, -0.03229, -0.148294, 0.988416, 0.0, 0.0, 0.0, 0.0, 1.0],
                [1.0, -0.0, -0.0, -0.0, 0.0, 0.984839, -0.173473, 0.625386, 0.0, 0.173473, 0.984838, 0.0, 0.0, 0.0, 0.0, 1.0],
                [1.0, -0.0, 0.0, 0.0, 0.0, 0.984839, -0.173472, 0.625387, -0.0, 0.173472, 0.984838, -0.0, 0.0, 0.0, 0.0, 1.0],
                [0.999968, -0.007359, -0.003127, 0.0, 0.007203, 0.998852, -0.047359, 0.625387, 0.003472, 0.047335, 0.998873, 0.0, 0.0, 0.0, 0.0, 1.0],
                [0.999968, -0.007359, -0.003127, 0.0, 0.007203, 0.998852, -0.047359, 0.625387, 0.003472, 0.047335, 0.998873, 0.0, 0.0, 0.0, 0.0, 1.0]
            ]
        },
        {
            "name": "Tail9",
            "time": [0.0, 7.0, 7.6, 8.3333, 9.1667, 9.8],
            "transform": [
                [0.952169, -0.305171, -0.015604, 0.0, 0.304214, 0.941906, 0.142356, 0.624782, -0.028745, -0.140294, 0.989692, 0.0, 0.0, 0.0, 0.0, 1.0],
                [0.95217, -0.305171, -0.015604, 0.0, 0.304214, 0.941906, 0.142356, 0.624782, -0.028745, -0.140295, 0.989692, 0.0, 0.0, 0.0, 0.0, 1.0],
                [1.0, 0.0, 0.0, -0.0, -0.0, 0.988328, -0.152339, 0.624782, 0.0, 0.152339, 0.988328, 1e-06, 0.0, 0.0, 0.0, 1.0],
                [1.0, -0.0, 0.0, -0.0, -0.0, 0.988328, -0.152339, 0.624783, -0.0, 0.152339, 0.988328, 0.0, 0.0, 0.0, 0.0, 1.0],
                [0.999982, -0.005567, -0.002055, 0.0, 0.005363, 0.996055, -0.088571, 0.624782, 0.00254, 0.088558, 0.996068, -1e-06, 0.0, 0.0, 0.0, 1.0],
                [0.999982, -0.005567, -0.002055, 0.0, 0.005363, 0.996055, -0.088571, 0.624782, 0.00254, 0.088558, 0.996068, -1e-06, 0.0, 0.0, 0.0, 1.0]
            ]
        },
        {
            "name": "Tail10",
            "time": [0.0, 7.0, 7.6, 8.3333, 9.1667, 9.8],
            "transform": [
                [0.969827, -0.24362, -0.009182, 0.0, 0.242874, 0.962217, 0.123088, 0.62586, -0.021151, -0.121604, 0.992353, -0.0, 0.0, 0.0, 0.0, 1.0],
                [0.969827, -0.24362, -0.009182, -0.0, 0.242874, 0.962217, 0.123088, 0.62586, -0.021151, -0.121604, 0.992353, 0.0, 0.0, 0.0, 0.0, 1.0],
                [1.0, 0.0, 0.0, 0.0, -0.0, 0.992472, -0.122474, 0.625861, 0.0, 0.122474, 0.992471, -0.0, 0.0, 0.0, 0.0, 1.0],
                [1.0, -0.0, 0.0, -0.0, -0.0, 0.992472, -0.122473, 0.62586, -0.0, 0.122473, 0.992471, 0.0, 0.0, 0.0, 0.0, 1.0],
                [0.999991, -0.004033, -0.00113, 0.0, 0.003875, 0.993272, -0.11574, 0.625861, 0.001589, 0.115735, 0.993279, -0.0, 0.0, 0.0, 0.0, 1.0],
                [0.999991, -0.004033, -0.00113, 0.0, 0.003875, 0.993272, -0.11574, 0.625861, 0.001589, 0.115735, 0.993279, -0.0, 0.0, 0.0, 0.0, 1.0]
            ]
        },
        {
            "name": "Tail11",
            "time": [0.0, 7.0, 7.6, 8.3333, 9.1667, 9.8],
            "transform": [
                [0.9867, -0.162228, -0.010263, 0.0, 0.162381, 0.980786, 0.108132, 0.625141, -0.007476, -0.108361, 0.994084, 0.0, 0.0, 0.0, 0.0, 1.0],
                [0.9867, -0.162228, -0.010263, -0.0, 0.162381, 0.980786, 0.108132, 0.625141, -0.007476, -0.108361, 0.994083, -0.0, 0.0, 0.0, 0.0, 1.0],
                [1.0, -0.0, 0.0, 0.0, 0.0, 0.996326, -0.085645, 0.625141, 0.0, 0.085645, 0.996326, 0.0, 0.0, 0.0, 0.0, 1.0],
                [1.0, 0.0, 0.0, -0.0, -0.0, 0.996326, -0.085645, 0.625141, -0.0, 0.085645, 0.996326, -1e-06, 0.0, 0.0, 0.0, 1.0],
                [0.999996, -0.002622, -0.000503, 0.0, 0.002539, 0.992217, -0.124495, 0.625141, 0.000825, 0.124493, 0.99222, 0.0, 0.0, 0.0, 0.0, 1.0],
                [0.999996, -0.002622, -0.000503, 0.0, 0.002539, 0.992217, -0.124495, 0.625141, 0.000825, 0.124493, 0.99222, 0.0, 0.0, 0.0, 0.0, 1.0]
            ]
        },
        {
            "name": "Tail12",
            "time": [0.0, 7.0, 7.6, 8.3333, 9.1667, 9.8],
            "transform": [
                [0.996294, -0.085994, -0.001833, -0.0, 0.085982, 0.99512, 0.048407, 0.624677, -0.002339, -0.048385, 0.998826, 0.0, 0.0, 0.0, 0.0, 1.0],
                [0.996294, -0.085994, -0.001833, 0.0, 0.085982, 0.99512, 0.048407, 0.624677, -0.002339, -0.048385, 0.998826, 0.0, 0.0, 0.0, 0.0, 1.0],
                [1.0, 0.0, -0.0, 0.0, -0.0, 0.999035, -0.043924, 0.624677, 0.0, 0.043924, 0.999035, -0.0, 0.0, 0.0, 0.0, 1.0],
                [1.0, 0.0, -0.0, -0.0, -0.0, 0.999035, -0.043924, 0.624677, 0.0, 0.043924, 0.999035, 1e-06, 0.0, 0.0, 0.0, 1.0],
                [0.999999, -0.001304, -3.4e-05, 0.0, 0.001254, 0.968, -0.250949, 0.624677, 0.000361, 0.250949, 0.968, -0.0, 0.0, 0.0, 0.0, 1.0],
                [0.999999, -0.001304, -3.4e-05, 0.0, 0.001254, 0.968, -0.250949, 0.624677, 0.000361, 0.250949, 0.968, -0.0, 0.0, 0.0, 0.0, 1.0]
            ]
        },
        {
            "name": "Leg_Front_R1",
            "time": [0.0, 7.0, 7.6, 8.3333, 9.1667, 9.8],
            "transform": [
                [1.0, 0.0, -0.0, 0.749746, 0.0, -0.507446, 0.861683, 2.917176, 0.0, -0.861683, -0.507445, -0.176386, 0.0, 0.0, 0.0, 1.0],
                [1.0, 0.0, -0.0, 0.749746, 0.0, -0.519943, 0.854201, 2.917176, -0.0, -0.8542, -0.519943, -0.176386, 0.0, 0.0, 0.0, 1.0],
                [0.997273, -0.073802, 0.000262, 0.749576, -0.00279, -0.034163, 0.999412, 2.900951, -0.07375, -0.996687, -0.034276, -0.223806, 0.0, 0.0, 0.0, 1.0],
                [0.99676, 0.070461, -0.038805, 0.749746, 0.048063, -0.134862, 0.989698, 2.91419, 0.064502, -0.988355, -0.137811, -0.183609, 0.0, 0.0, 0.0, 1.0],
                [0.97076, 0.146621, -0.190073, 0.749746, 0.233377, -0.390983, 0.890319, 2.917176, 0.056224, -0.908644, -0.413768, -0.176387, 0.0, 0.0, 0.0, 1.0],
                [0.97076, 0.146621, -0.190073, 0.749746, 0.233377, -0.390983, 0.890319, 2.917176, 0.056224, -0.908644, -0.413768, -0.176387, 0.0, 0.0, 0.0, 1.0]
            ]
        },
        {
            "name": "Leg_Front_R2",
            "time": [0.0, 7.0, 7.6, 8.3333, 9.1667, 9.8],
            "transform": [
                [1.0, 0.0, -0.0, 0.0, -0.0, 0.117805, -0.993036, 1.253494, -0.0, 0.993037, 0.117804, 0.0, 0.0, 0.0, 0.0, 1.0],
                [1.0, 0.0, -0.0, -0.0, -0.0, -0.081969, -0.996634, 1.253495, -0.0, 0.996635, -0.081969, -0.0, 0.0, 0.0, 0.0, 1.0],
                [0.999973, -0.007242, -0.00011, 0.0, 0.007241, 0.999972, -0.002188, 1.253495, 0.000126, 0.002187, 0.999997, -0.0, 0.0, 0.0, 0.0, 1.0],
                [0.999955, 0.009455, -0.000677, 0.0, -0.009453, 0.989441, -0.144628, 1.253495, -0.000697, 0.144628, 0.989485, -0.0, 0.0, 0.0, 0.0, 1.0],
                [0.999202, 0.035219, -0.01881, 0.0, -0.02534, 0.195292, -0.980417, 1.253495, -0.030856, 0.980113, 0.196029, 0.0, 0.0, 0.0, 0.0, 1.0],
                [0.999202, 0.035219, -0.01881, 0.0, -0.02534, 0.195292, -0.980417, 1.253495, -0.030856, 0.980113, 0.196029, 0.0, 0.0, 0.0, 0.0, 1.0]
            ]
        },
        {
            "name": "Leg_Front_R3",
            "time": [0.0, 7.0, 7.6, 8.3333, 9.1667, 9.8],
            "transform": [
                [1.0, -0.0, 0.0, 0.0, 0.0, 0.907753, -0.419504, 1.488528, -0.0, 0.419504, 0.907753, 0.0, 0.0, 0.0, 0.0, 1.0],
                [1.0, -0.0, 0.0, -0.0, 0.0, 0.951445, -0.307819, 1.488528, -0.0, 0.307819, 0.951445, -0.0, 0.0, 0.0, 0.0, 1.0],
                [0.995707, 0.054089, -0.075111, -0.0, -0.08934, 0.349445, -0.932688, 1.488528, -0.024201, 0.935394, 0.352778, 0.0, 0.0, 0.0, 0.0, 1.0],
                [0.994463, 0.057834, 0.08774, -0.0, 0.05822, 0.391866, -0.918178, 1.488528, -0.087484, 0.918203, 0.386329, 0.0, 0.0, 0.0, 0.0, 1.0],
                [0.969785, 0.220173, 0.105077, -0.0, -0.108381, 0.774695, -0.622978, 1.488528, -0.218565, 0.592766, 0.77515, -0.0, 0.0, 0.0, 0.0, 1.0],
                [0.969785, 0.220173, 0.105077, -0.0, -0.108381, 0.774695, -0.622978, 1.488528, -0.218565, 0.592766, 0.77515, -0.0, 0.0, 0.0, 0.0, 1.0]
            ]
        },
        {
            "name": "Leg_Front_L1",
            "time": [0.0, 7.0, 7.6, 8.3333, 8.55, 8.75, 9.1667, 9.8],
            "transform": [
                [1.0, -0.0, -0.0, -0.749884, 0.0, -0.507445, 0.861684, 2.917176, -0.0, -0.861684, -0.507444, -0.176386, 0.0, 0.0, 0.0, 1.0],
                [1.0, -0.0, -0.0, -0.749884, 0.0, -0.519942, 0.854201, 2.917176, -0.0, -0.854201, -0.519942, -0.176386, 0.0, 0.0, 0.0, 1.0],
                [0.995846, -0.077643, 0.047575, -0.750224, -0.052582, -0.063773, 0.996578, 2.91339, -0.074344, -0.994939, -0.06759, -0.201885, 0.0, 0.0, 0.0, 1.0],
                [0.996521, 0.071757, 0.042386, -0.749883, -0.040245, -0.031022, 0.998708, 2.908219, 0.072979, -0.996939, -0.028026, -0.198055, 0.0, 0.0, 0.0, 1.0],
                [0.995682, -0.007043, 0.092567, -0.749883, -0.073654, -0.666892, 0.741504, 2.917176, 0.05651, -0.74512, -0.66453, -0.176386, 0.0, 0.0, 0.0, 1.0],
                [0.990306, -0.057144, 0.126607, -0.749883, -0.134786, -0.615642, 0.776413, 2.917176, 0.033577, -0.785951, -0.617375, -0.176386, 0.0, 0.0, 0.0, 1.0],
                [0.976991, -0.151061, 0.150561, -0.749883, -0.212484, -0.628501, 0.748222, 2.917176, -0.018399, -0.762998, -0.646137, -0.176387, 0.0, 0.0, 0.0, 1.0],
                [0.976991, -0.151061, 0.150561, -0.749883, -0.212484, -0.628501, 0.748222, 2.917176, -0.018399, -0.762998, -0.646137, -0.176387, 0.0, 0.0, 0.0, 1.0]
            ]
        },
        {
            "name": "Leg_Front_L2",
            "time": [0.0, 7.0, 7.6, 8.3333, 8.55, 8.75, 9.1667, 9.8],
            "transform": [
                [1.0, 0.0, 0.0, -0.0, 0.0, 0.117805, -0.993037, 1.253495, -0.0, 0.993037, 0.117805, 0.0, 0.0, 0.0, 0.0, 1.0],
                [1.0, 0.0, 0.0, -0.0, 0.0, -0.081969, -0.996635, 1.253495, -0.0, 0.996635, -0.081969, 0.0, 0.0, 0.0, 0.0, 1.0],
                [1.0, -0.000398, -8e-06, -0.0, 0.000398, 0.999983, -0.005741, 1.253495, 1e-05, 0.005741, 0.999983, 0.0, 0.0, 0.0, 0.0, 1.0],
                [0.999999, 0.001011, 0.000225, -0.0, -0.001011, 0.999999, -0.00091, 1.253494, -0.000225, 0.00091, 0.999999, -0.0, 0.0, 0.0, 0.0, 1.0],
                [0.999359, 0.029965, -0.019561, 0.0, -0.029259, 0.369533, -0.928757, 1.253494, -0.020602, 0.928735, 0.370173, 0.0, 0.0, 0.0, 0.0, 1.0],
                [0.999698, 0.022405, -0.010054, 0.0, -0.018956, 0.443734, -0.895958, 1.253495, -0.015613, 0.895878, 0.444025, 0.0, 0.0, 0.0, 0.0, 1.0],
                [0.999963, -0.007165, 0.004801, 0.0, 0.005513, 0.102927, -0.994674, 1.253495, 0.006633, 0.994663, 0.102963, 0.0, 0.0, 0.0, 0.0, 1.0],
                [0.999963, -0.007165, 0.004801, 0.0, 0.005513, 0.102927, -0.994674, 1.253495, 0.006633, 0.994663, 0.102963, 0.0, 0.0, 0.0, 0.0, 1.0]
            ]
        },
        {
            "name": "Leg_Front_L3",
            "time": [0.0, 7.0, 7.6, 8.3333, 8.55, 8.75, 9.1667, 9.8],
            "transform": [
                [1.0, 0.0, -0.0, 0.0, -0.0, 0.907753, -0.419505, 1.488528, 0.0, 0.419505, 0.907753, -0.0, 0.0, 0.0, 0.0, 1.0],
                [1.0, 0.0, -0.0, -0.0, -0.0, 0.951445, -0.307819, 1.488528, 0.0, 0.307819, 0.951445, -0.0, 0.0, 0.0, 0.0, 1.0],
                [0.994905, 0.035582, -0.094326, 0.0, -0.100771, 0.323841, -0.94073, 1.488528, -0.002927, 0.945442, 0.325776, 0.0, 0.0, 0.0, 0.0, 1.0],
                [0.997863, 0.038507, 0.052782, 0.0, 0.0355, 0.358654, -0.932795, 1.488528, -0.054849, 0.932676, 0.356521, 0.0, 0.0, 0.0, 0.0, 1.0],
                [0.999729, -0.017939, 0.014806, -0.0, 0.023092, 0.688944, -0.724446, 1.488528, 0.002795, 0.724592, 0.689172, 0.0, 0.0, 0.0, 0.0, 1.0],
                [0.990396, -0.134254, 0.033024, -0.0, 0.104039, 0.566398, -0.817538, 1.488528, 0.091053, 0.813123, 0.574927, 0.0, 0.0, 0.0, 0.0, 1.0],
                [0.976764, -0.212855, -0.024979, 0.0, 0.12069, 0.642623, -0.756617, 1.488528, 0.177102, 0.736022, 0.653381, -0.0, 0.0, 0.0, 0.0, 1.0],
                [0.976764, -0.212855, -0.024979, 0.0, 0.12069, 0.642623, -0.756617, 1.488528, 0.177102, 0.736022, 0.653381, -0.0, 0.0, 0.0, 0.0, 1.0]
            ]
        },
        {
            "name": "Wing_R1",
            "time": [0.0, 7.0, 7.5, 8.3333, 9.1667, 9.8],
            "transform": [
                [0.750361, 0.065948, 0.657731, 0.749813, 0.012455, 0.993424, -0.113817, 2.243737, -0.660911, 0.093596, 0.744605, 0.534875, 0.0, 0.0, 0.0, 1.0],
                [0.750361, 0.065948, 0.65773, 0.749813, 0.060768, 0.983915, -0.167981, 2.243737, -0.658229, 0.166015, 0.734284, 0.534876, 0.0, 0.0, 0.0, 1.0],
                [0.749536, 0.631552, -0.198338, 0.749813, -0.509663, 0.359378, -0.781723, 2.861323, -0.42242, 0.687015, 0.591246, 0.744815, 0.0, 0.0, 0.0, 1.0],
                [0.719698, 0.63522, -0.280233, 0.749813, -0.568946, 0.308265, -0.762413, 2.861323, -0.397914, 0.708144, 0.583263, 0.744815, 0.0, 0.0, 0.0, 1.0],
                [-0.376968, 0.572061, 0.728451, 0.749813, -0.684114, -0.702158, 0.197389, 2.861323, 0.624407, -0.423934, 0.656046, 0.744815, 0.0, 0.0, 0.0, 1.0],
                [-0.376968, 0.572061, 0.728451, 0.749813, -0.684114, -0.702158, 0.197389, 2.861323, 0.624407, -0.423934, 0.656046, 0.744815, 0.0, 0.0, 0.0, 1.0]
            ]
        },
        {
            "name": "Wing_R2",
            "time": [0.0, 7.0, 7.3333, 7.5, 8.3333, 9.1667, 9.8],
            "transform": [
                [0.999996, -0.002653, -0.001237, -0.0, 0.002653, 0.642788, 0.766039, 3.499785, -0.001237, -0.766039, 0.642792, -0.0, 0.0, 0.0, 0.0, 1.0],
                [0.999996, -0.002653, -0.001237, -0.0, 0.002338, 0.469473, 0.882944, 3.499784, -0.001762, -0.882943, 0.469477, 0.0, 0.0, 0.0, 0.0, 1.0],
                [0.999996, -0.002506, -0.001131, -0.0, 0.002506, 0.661695, 0.749769, 3.499785, -0.00113, -0.749769, 0.661699, -0.0, 0.0, 0.0, 0.0, 1.0],
                [1.0, -0.0, 0.0, 0.0, 0.0, 0.939693, 0.34202, 3.499784, -0.0, -0.34202, 0.939693, 0.0, 0.0, 0.0, 0.0, 1.0],
                [1.0, -0.0, -0.0, -0.0, 0.0, 0.994635, 0.103442, 3.499784, 0.0, -0.103442, 0.994636, -0.0, 0.0, 0.0, 0.0, 1.0],
                [0.816789, 0.570761, -0.084183, 0.0, -0.57421, 0.818397, -0.022557, 3.499784, 0.05602, 0.066763, 0.996195, -0.0, 0.0, 0.0, 0.0, 1.0],
                [0.816789, 0.570761, -0.084183, 0.0, -0.57421, 0.818397, -0.022557, 3.499784, 0.05602, 0.066763, 0.996195, -0.0, 0.0, 0.0, 0.0, 1.0]
            ]
        },
        {
            "name": "Wing_L1",
            "time": [0.0, 7.0, 7.5, 8.3333, 9.1667, 9.8],
            "transform": [
                [0.750361, -0.065948, -0.657731, -0.750681, -0.012455, 0.993424, -0.113816, 2.243737, 0.660911, 0.093596, 0.744605, 0.534875, 0.0, 0.0, 0.0, 1.0],
                [0.750361, -0.065948, -0.657731, -0.750681, -0.060769, 0.983916, -0.16798, 2.243737, 0.658229, 0.166015, 0.734284, 0.534875, 0.0, 0.0, 0.0, 1.0],
                [0.741372, -0.632014, 0.225668, -0.750681, 0.538693, 0.35991, -0.761757, 2.861324, 0.400221, 0.686312, 0.607289, 0.744816, 0.0, 0.0, 0.0, 1.0],
                [0.708488, -0.635746, 0.306385, -0.75068, 0.597194, 0.308757, -0.740289, 2.861324, 0.376037, 0.707457, 0.598415, 0.744816, 0.0, 0.0, 0.0, 1.0],
                [-0.376968, -0.572061, -0.728451, -0.75068, 0.684113, -0.702159, 0.197389, 2.861323, -0.624407, -0.423934, 0.656046, 0.744815, 0.0, 0.0, 0.0, 1.0],
                [-0.376968, -0.572061, -0.728451, -0.75068, 0.684113, -0.702159, 0.197389, 2.861323, -0.624407, -0.423934, 0.656046, 0.744815, 0.0, 0.0, 0.0, 1.0]
            ]
        },
        {
            "name": "Wing_L2",
            "time": [0.0, 7.0, 7.3333, 7.5, 8.3333, 9.1667, 9.8],
            "transform": [
                [0.999995, 0.002653, 0.001237, 0.0, -0.002653, 0.642788, 0.76604, 3.499784, 0.001237, -0.76604, 0.642792, 0.0, 0.0, 0.0, 0.0, 1.0],
                [0.999996, 0.002653, 0.001237, -0.0, -0.002338, 0.469472, 0.882944, 3.499785, 0.001762, -0.882943, 0.469477, -0.0, 0.0, 0.0, 0.0, 1.0],
                [0.999996, 0.002506, 0.001131, 0.0, -0.002506, 0.661698, 0.749766, 3.499784, 0.001131, -0.749766, 0.661702, -0.0, 0.0, 0.0, 0.0, 1.0],
                [1.0, 0.0, 0.0, 0.0, 0.0, 0.939693, 0.34202, 3.499785, -0.0, -0.34202, 0.939693, 0.0, 0.0, 0.0, 0.0, 1.0],
                [1.0, -0.0, 0.0, -0.0, 0.0, 0.994571, 0.104062, 3.499784, 0.0, -0.104062, 0.994571, -0.0, 0.0, 0.0, 0.0, 1.0],
                [0.825491, -0.564337, -0.009406, -0.0, 0.564337, 0.824983, 0.030416, 3.499784, -0.009406, -0.030416, 0.999493, -0.0, 0.0, 0.0, 0.0, 1.0],
                [0.825491, -0.564337, -0.009406, -0.0, 0.564337, 0.824983, 0.030416, 3.499784, -0.009406, -0.030416, 0.999493, -0.0, 0.0, 0.0, 0.0, 1.0]
            ]
        },
        {
            "name": "Neck1",
            "time": [0.0, 7.0, 7.6, 8.3333, 9.1667, 9.8],
            "transform": [
                [1.0, 0.0, 0.0, 0.0, 0.0, 0.910951, -0.412516, 3.493827, -0.0, 0.412516, 0.91095, 1e-06, 0.0, 0.0, 0.0, 1.0],
                [1.0, -0.0, 0.0, 0.0, 0.0, 0.91095, -0.412516, 3.493826, -0.0, 0.412516, 0.91095, 1e-06, 0.0, 0.0, 0.0, 1.0],
                [0.998493, 0.054876, -0.000228, -0.0, -0.049656, 0.901733, -0.429432, 3.493827, -0.02336, 0.428796, 0.903099, -0.0, 0.0, 0.0, 0.0, 1.0],
                [0.993715, -0.111664, -0.007856, -0.0, 0.09725, 0.895929, -0.433421, 3.493826, 0.055436, 0.429933, 0.901157, -1e-06, 0.0, 0.0, 0.0, 1.0],
                [1.0, 0.0, -0.0, 0.0, -0.0, 0.919808, 0.392368, 3.493827, 0.0, -0.392368, 0.919808, 1e-06, 0.0, 0.0, 0.0, 1.0],
                [1.0, 0.0, -0.0, 0.0, -0.0, 0.919808, 0.392368, 3.493827, 0.0, -0.392368, 0.919808, 1e-06, 0.0, 0.0, 0.0, 1.0]
            ]
        },
        {
            "name": "Neck2",
            "time": [0.0, 7.0, 7.6, 8.3333, 9.1667, 9.8],
            "transform": [
                [1.0, -0.0, 0.0, 0.0, -0.0, 0.974716, 0.22345, 0.623755, -0.0, -0.22345, 0.974715, 0.0, 0.0, 0.0, 0.0, 1.0],
                [1.0, -0.0, 0.0, 0.0, -0.0, 0.974716, 0.22345, 0.623754, -0.0, -0.22345, 0.974715, 0.0, 0.0, 0.0, 0.0, 1.0],
                [0.998621, 0.052492, -0.001485, 0.0, -0.052486, 0.996816, -0.060029, 0.623754, -0.001671, 0.060024, 0.998196, 0.0, 0.0, 0.0, 0.0, 1.0],
                [0.999058, -0.043012, -0.00587, 0.0, 0.04258, 0.997264, -0.060438, 0.623755, 0.008453, 0.060131, 0.998155, -0.0, 0.0, 0.0, 0.0, 1.0],
                [1.0, 0.0, -0.0, -0.0, -0.0, 0.988476, -0.151382, 0.623755, -0.0, 0.151382, 0.988475, -0.0, 0.0, 0.0, 0.0, 1.0],
                [1.0, 0.0, -0.0, -0.0, -0.0, 0.988476, -0.151382, 0.623755, -0.0, 0.151382, 0.988475, -0.0, 0.0, 0.0, 0.0, 1.0]
            ]
        },
        {
            "name": "Neck3",
            "time": [0.0, 7.0, 7.6, 8.3333, 9.1667, 9.8],
            "transform": [
                [1.0, 0.0, 0.0, 0.0, -0.0, 0.772905, 0.634521, 0.626764, 0.0, -0.634521, 0.772905, 0.0, 0.0, 0.0, 0.0, 1.0],
                [1.0, 0.0, 0.0, 0.0, -0.0, 0.772905, 0.634521, 0.626764, -0.0, -0.634521, 0.772905, 0.0, 0.0, 0.0, 0.0, 1.0],
                [0.999012, 0.044454, -0.00062, -0.0, -0.044458, 0.998878, -0.016296, 0.626763, -0.000105, 0.016307, 0.999867, 0.0, 0.0, 0.0, 0.0, 1.0],
                [0.999961, -0.00836, -0.003048, 0.0, 0.008317, 0.99987, -0.013754, 0.626764, 0.003162, 0.013729, 0.999901, 0.0, 0.0, 0.0, 0.0, 1.0],
                [1.0, 0.0, -0.0, 0.0, -0.0, 0.988876, -0.148739, 0.626763, -0.0, 0.148739, 0.988876, 0.0, 0.0, 0.0, 0.0, 1.0],
                [1.0, 0.0, -0.0, 0.0, -0.0, 0.988876, -0.148739, 0.626763, -0.0, 0.148739, 0.988876, 0.0, 0.0, 0.0, 0.0, 1.0]
            ]
        },
        {
            "name": "Neck4",
            "time": [0.0, 7.0, 7.6, 8.3333, 9.1667, 9.8],
            "transform": [
                [1.0, -0.0, -0.0, -0.0, 0.0, 0.706584, 0.70763, 0.624224, -0.0, -0.70763, 0.706584, -0.0, 0.0, 0.0, 0.0, 1.0],
                [1.0, -0.0, -0.0, 0.0, 0.0, 0.706584, 0.70763, 0.624224, -0.0, -0.70763, 0.706584, 0.0, 0.0, 0.0, 0.0, 1.0],
                [0.999484, 0.032118, -0.000302, -0.0, -0.032118, 0.999293, -0.019558, 0.624224, -0.000327, 0.019558, 0.999809, -0.0, 0.0, 0.0, 0.0, 1.0],
                [0.999989, 0.004507, -0.001089, -0.0, -0.004524, 0.999861, -0.016024, 0.624224, 0.001017, 0.016029, 0.999871, 0.0, 0.0, 0.0, 0.0, 1.0],
                [1.0, 0.0, -0.0, 0.0, -0.0, 0.994033, -0.109085, 0.624224, -0.0, 0.109085, 0.994033, 0.0, 0.0, 0.0, 0.0, 1.0],
                [1.0, 0.0, -0.0, 0.0, -0.0, 0.994033, -0.109085, 0.624224, -0.0, 0.109085, 0.994033, 0.0, 0.0, 0.0, 0.0, 1.0]
            ]
        },
        {
            "name": "Neck5",
            "time": [0.0, 7.0, 7.6, 8.3333, 9.1667, 9.8],
            "transform": [
                [1.0, -0.0, 0.0, -0.0, 0.0, 0.876234, 0.481886, 0.624445, -0.0, -0.481886, 0.876234, -0.0, 0.0, 0.0, 0.0, 1.0],
                [1.0, -0.0, 0.0, 0.0, 0.0, 0.876234, 0.481885, 0.624445, -0.0, -0.481886, 0.876234, 0.0, 0.0, 0.0, 0.0, 1.0],
                [0.999858, 0.01686, -9.1e-05, -0.0, -0.01686, 0.999783, -0.012226, 0.624445, -0.000115, 0.012226, 0.999925, 0.0, 0.0, 0.0, 0.0, 1.0],
                [0.999987, 0.005053, -0.000203, 0.0, -0.005054, 0.99994, -0.009776, 0.624445, 0.000153, 0.009776, 0.999952, 0.0, 0.0, 0.0, 0.0, 1.0],
                [1.0, 0.0, -0.0, 0.0, -0.0, 0.997975, -0.063613, 0.624445, -0.0, 0.063613, 0.997975, 0.0, 0.0, 0.0, 0.0, 1.0],
                [1.0, 0.0, -0.0, 0.0, -0.0, 0.997975, -0.063613, 0.624445, -0.0, 0.063613, 0.997975, 0.0, 0.0, 0.0, 0.0, 1.0]
            ]
        },
        {
            "name": "Head",
            "time": [0.0, 7.0, 7.6, 8.3333, 9.1667, 9.8],
            "transform": [
                [1.0, -0.0, 0.0, -0.0, 0.0, 0.532609, 0.846361, 0.629229, -0.0, -0.846361, 0.532609, 0.0, 0.0, 0.0, 0.0, 1.0],
                [1.0, -0.0, 0.0, 0.0, 0.0, 0.444059, 0.895997, 0.629229, -0.0, -0.895997, 0.444059, 0.0, 0.0, 0.0, 0.0, 1.0],
                [0.988847, 0.139048, 0.053348, 0.0, -0.056896, 0.683736, -0.727508, 0.629229, -0.137635, 0.71636, 0.684022, 0.0, 0.0, 0.0, 0.0, 1.0],
                [0.984088, -0.06788, -0.164206, -0.0, -0.065407, 0.720869, -0.689978, 0.629229, 0.165207, 0.689739, 0.704958, 0.0, 0.0, 0.0, 0.0, 1.0],
                [1.0, -0.0, 0.0, 0.0, 0.0, 0.998688, -0.051217, 0.629229, 0.0, 0.051217, 0.998688, -0.0, 0.0, 0.0, 0.0, 1.0],
                [1.0, -0.0, 0.0, 0.0, 0.0, 0.998688, -0.051217, 0.629229, 0.0, 0.051217, 0.998688, -0.0, 0.0, 0.0, 0.0, 1.0]
            ]
        },
        {
            "name": "Mouth_Upper",
            "time": [0.0, 7.0, 7.6, 8.3333, 9.1667, 9.8],
            "transform": [
                [1.0, 0.0, 0.0, 0.001002, -0.0, 1.0, 0.0, 0.873064, -0.0, 0.0, 1.0, -0.249923, 0.0, 0.0, 0.0, 1.0],
                [1.0, 0.0, 0.0, 0.001002, -0.0, 1.0, 0.0, 0.873064, -0.0, 0.0, 1.0, -0.249923, 0.0, 0.0, 0.0, 1.0],
                [1.0, 0.0, -0.0, 0.001002, -0.0, 0.988094, -0.153853, 0.873063, -0.0, 0.153853, 0.988094, -0.249922, 0.0, 0.0, 0.0, 1.0],
                [1.0, 0.0, -0.0, 0.001002, -0.0, 0.988094, -0.153853, 0.873065, 0.0, 0.153853, 0.988094, -0.249921, 0.0, 0.0, 0.0, 1.0],
                [1.0, 0.0, -0.0, 0.001002, -0.0, 0.99845, -0.055652, 0.873064, 0.0, 0.055652, 0.99845, -0.249922, 0.0, 0.0, 0.0, 1.0],
                [1.0, 0.0, -0.0, 0.001002, -0.0, 0.99845, -0.055652, 0.873064, 0.0, 0.055652, 0.99845, -0.249922, 0.0, 0.0, 0.0, 1.0]
            ]
        },
        {
            "name": "Mouth_Lower",
            "time": [0.0, 7.0, 7.6, 8.3333, 9.1667, 9.8],
            "transform": [
                [1.0, 0.0, 0.0, 0.001002, -0.0, 1.0, 0.0, 0.873064, 0.0, 0.0, 1.0, -0.257517, 0.0, 0.0, 0.0, 1.0],
                [1.0, 0.0, 0.0, 0.001002, -0.0, 1.0, 0.0, 0.873064, 0.0, 0.0, 1.0, -0.257517, 0.0, 0.0, 0.0, 1.0],
                [1.0, 0.0, -0.0, 0.001002, 0.0, 0.755037, 0.655682, 0.873063, 0.0, -0.655682, 0.755037, -0.257517, 0.0, 0.0, 0.0, 1.0],
                [1.0, 0.0, 0.0, 0.001002, -0.0, 0.755037, 0.655681, 0.873063, -0.0, -0.655681, 0.755037, -0.257516, 0.0, 0.0, 0.0, 1.0],
