{
    "animation": [
        {
            "name": "Root",
            "time": [0.0, 0.6667, 0.8833, 9.0],
            "transform": [
                [1.0, 0.0, 0.0, 0.0, 0.0, 0.980697, -0.195532, -1.644203, 0.0, 0.195532, 0.980697, -0.439324, 0.0, 0.0, 0.0, 1.0],
                [1.0, 0.0, 0.0, 0.0, 0.0, 0.986175, -0.165709, -1.636854, 0.0, 0.165709, 0.986175, -0.448291, 0.0, 0.0, 0.0, 1.0],
                [1.0, 0.0, 0.0, 0.0, 0.0, 0.966157, -0.257953, -1.646046, 0.0, 0.257953, 0.966157, -0.42923, 0.0, 0.0, 0.0, 1.0],
                [1.0, 0.0, 0.0, 0.0, 0.0, 0.966157, -0.257953, -1.646046, 0.0, 0.257953, 0.966157, -0.42923, 0.0, 0.0, 0.0, 1.0]
            ]
        },
        {
            "name": "Leg_Back_R1",
            "time": [0.0, 0.6667, 0.8833, 9.0],
            "transform": [
                [1.0, -0.0, -0.0, 0.999855, 0.0, 0.190248, 0.981734, 0.086326, 0.0, -0.981735, 0.190248, -0.271296, 0.0, 0.0, 0.0, 1.0],
                [1.0, -0.0, 0.0, 0.999855, 0.0, 0.19029, 0.981726, 0.086326, -0.0, -0.981727, 0.19029, -0.271295, 0.0, 0.0, 0.0, 1.0],
                [0.900569, 0.423951, -0.096123, 0.999855, -0.007203, 0.235642, 0.971812, 0.086326, 0.434651, -0.874492, 0.215265, -0.271296, 0.0, 0.0, 0.0, 1.0],
                [0.900569, 0.423951, -0.096123, 0.999855, -0.007203, 0.235642, 0.971812, 0.086326, 0.434651, -0.874492, 0.215265, -0.271296, 0.0, 0.0, 0.0, 1.0]
            ]
        },
        {
            "name": "Leg_Back_R2",
            "time": [0.0, 0.6667, 0.8833, 9.0],
            "transform": [
                [1.0, 0.0, 0.0, 0.0, -0.0, 0.453436, 0.891288, 1.692269, 0.0, -0.891289, 0.453436, -0.0, 0.0, 0.0, 0.0, 1.0],
                [1.0, 0.0, 0.0, 0.0, -0.0, 0.453378, 0.891318, 1.692269, 0.0, -0.891319, 0.453377, 0.0, 0.0, 0.0, 0.0, 1.0],
                [0.984585, -0.160814, -0.06878, 0.0, 0.106324, 0.238068, 0.965411, 1.692269, -0.138877, -0.957843, 0.251497, -0.0, 0.0, 0.0, 0.0, 1.0],
                [0.984585, -0.160814, -0.06878, 0.0, 0.106324, 0.238068, 0.965411, 1.692269, -0.138877, -0.957843, 0.251497, -0.0, 0.0, 0.0, 0.0, 1.0]
            ]
        },
        {
            "name": "Leg_Back_R3",
            "time": [0.0, 0.6667, 0.8833, 9.0],
            "transform": [
                [1.0, -0.0, -0.0, 0.0, 0.0, 0.740376, -0.672193, 2.159911, 0.0, 0.672193, 0.740376, 0.0, 0.0, 0.0, 0.0, 1.0],
                [1.0, -0.0, -0.0, -0.0, 0.0, 0.740376, -0.672193, 2.159911, 0.0, 0.672193, 0.740376, -0.0, 0.0, 0.0, 0.0, 1.0],
                [0.949259, 0.041696, -0.311719, 0.0, -0.253467, 0.688191, -0.679814, 2.15991, 0.186177, 0.72433, 0.66384, -0.0, 0.0, 0.0, 0.0, 1.0],
                [0.949259, 0.041696, -0.311719, 0.0, -0.253467, 0.688191, -0.679814, 2.15991, 0.186177, 0.72433, 0.66384, -0.0, 0.0, 0.0, 0.0, 1.0]
            ]
        },
        {
            "name": "Leg_Back_L1",
            "time": [0.0, 0.6667, 0.8833, 9.0],
            "transform": [
                [0.999999, 0.0, -0.0, -0.999947, 0.0, 0.190145, 0.981755, 0.086325, 0.0, -0.981755, 0.190145, -0.271296, 0.0, 0.0, 0.0, 1.0],
                [0.999999, 0.0, 0.0, -0.999948, -0.0, 0.190291, 0.981726, 0.086326, 0.0, -0.981727, 0.190291, -0.271295, 0.0, 0.0, 0.0, 1.0],
                [0.918, -0.395513, -0.029045, -0.999947, 0.134144, 0.240759, 0.961269, 0.086325, -0.373202, -0.886342, 0.274073, -0.271297, 0.0, 0.0, 0.0, 1.0],
                [0.918, -0.395513, -0.029045, -0.999947, 0.134144, 0.240759, 0.961269, 0.086325, -0.373202, -0.886342, 0.274073, -0.271297, 0.0, 0.0, 0.0, 1.0]
            ]
        },
        {
            "name": "Leg_Back_L2",
            "time": [0.0, 0.6667, 0.8833, 9.0],
            "transform": [
                [1.0, -0.0, 0.0, -0.0, -0.0, 0.453414, 0.8913, 1.692269, -0.0, -0.891301, 0.453414, 0.0, 0.0, 0.0, 0.0, 1.0],
                [1.0, -0.0, -0.0, 0.0, 0.0, 0.453376, 0.89132, 1.692269, 0.0, -0.89132, 0.453376, -0.0, 0.0, 0.0, 0.0, 1.0],
                [1.0, -0.0, -0.0, -0.0, 0.0, 0.23537, 0.971906, 1.692268, -0.0, -0.971906, 0.23537, -0.0, 0.0, 0.0, 0.0, 1.0],
                [1.0, -0.0, -0.0, -0.0, 0.0, 0.23537, 0.971906, 1.692268, -0.0, -0.971906, 0.23537, -0.0, 0.0, 0.0, 0.0, 1.0]
            ]
        },
        {
            "name": "Leg_Back_L3",
            "time": [0.0, 0.6667, 0.8833, 9.0],
            "transform": [
                [1.0, -0.0, -0.0, 0.0, -0.0, 0.740376, -0.672193, 2.15991, 0.0, 0.672193, 0.740376, -0.0, 0.0, 0.0, 0.0, 1.0],
                [1.0, -0.0, -0.0, -0.0, -0.0, 0.740376, -0.672193, 2.159911, 0.0, 0.672193, 0.740376, 0.0, 0.0, 0.0, 0.0, 1.0],
                [0.925251, -0.039664, 0.377277, 0.0, 0.304751, 0.669974, -0.67695, 2.15991, -0.225916, 0.741324, 0.631982, 0.0, 0.0, 0.0, 0.0, 1.0],
                [0.925251, -0.039664, 0.377277, 0.0, 0.304751, 0.669974, -0.67695, 2.15991, -0.225916, 0.741324, 0.631982, 0.0, 0.0, 0.0, 0.0, 1.0]
            ]
        },
        {
            "name": "Torso",
            "time": [0.0, 0.6667, 0.8833, 9.0],
            "transform": [
                [1.0, 0.0, 0.0, 0.0, 0.0, 0.995501, -0.094746, 0.273754, 0.0, 0.094746, 0.995501, -0.0, 0.0, 0.0, 0.0, 1.0],
                [1.0, 0.0, 0.0, 0.0, 0.0, 0.995501, -0.094746, 0.273754, 0.0, 0.094746, 0.995501, 0.0, 0.0, 0.0, 0.0, 1.0],
                [1.0, -0.0, 0.0, 0.0, 0.0, 0.995501, -0.094746, 0.273754, -0.0, 0.094746, 0.995501, 0.0, 0.0, 0.0, 0.0, 1.0],
                [1.0, -0.0, 0.0, 0.0, 0.0, 0.995501, -0.094746, 0.273754, -0.0, 0.094746, 0.995501, 0.0, 0.0, 0.0, 0.0, 1.0]
            ]
        },
        {
            "name": "Tail1",
            "time": [0.0, 0.6667, 0.8833, 9.0],
            "transform": [
                [-1.0, -0.0, -0.0, -0.0, 0.0, -0.999365, -0.035619, -0.516187, 0.0, -0.035619, 0.999365, 0.429313, 0.0, 0.0, 0.0, 1.0],
                [-1.0, -0.0, -0.0, -0.0, 0.0, -0.997219, -0.07453, -0.516187, 0.0, -0.07453, 0.997219, 0.429313, 0.0, 0.0, 0.0, 1.0],
                [-1.0, -0.0, -0.0, -0.0, 0.0, -0.998614, -0.052628, -0.516187, 0.0, -0.052628, 0.998614, 0.429313, 0.0, 0.0, 0.0, 1.0],
                [-1.0, -0.0, -0.0, -0.0, 0.0, -0.998614, -0.052628, -0.516187, 0.0, -0.052628, 0.998614, 0.429313, 0.0, 0.0, 0.0, 1.0]
            ]
        },
        {
            "name": "Tail2",
            "time": [0.0, 0.6667, 0.8833, 9.0],
            "transform": [
                [0.999999, -0.0, -0.0, -0.0, 0.0, 0.997963, 0.063803, 0.615504, -0.0, -0.063803, 0.997963, -0.0, 0.0, 0.0, 0.0, 1.0],
                [0.999999, -0.0, -0.0, -0.0, 0.0, 0.997953, 0.063948, 0.615504, -0.0, -0.063948, 0.997953, 0.0, 0.0, 0.0, 0.0, 1.0],
                [0.999999, -0.0, 0.0, -0.0, 0.0, 0.999988, -0.004991, 0.615504, 0.0, 0.004991, 0.999988, 0.0, 0.0, 0.0, 0.0, 1.0],
                [0.999999, -0.0, 0.0, -0.0, 0.0, 0.999988, -0.004991, 0.615504, 0.0, 0.004991, 0.999988, 0.0, 0.0, 0.0, 0.0, 1.0]
            ]
        },
        {
            "name": "Tail3",
            "time": [0.0, 0.6667, 0.8833, 9.0],
            "transform": [
                [1.0, -0.0, -0.0, -0.0, 0.0, 0.995828, 0.091251, 0.624616, -0.0, -0.091251, 0.995827, -0.0, 0.0, 0.0, 0.0, 1.0],
                [1.0, -0.0, -0.0, 0.0, 0.0, 0.99582, 0.091334, 0.624616, -0.0, -0.091334, 0.99582, -0.0, 0.0, 0.0, 0.0, 1.0],
                [1.0, -0.0, 0.0, -0.0, 0.0, 0.997985, -0.063446, 0.624616, 0.0, 0.063446, 0.997985, 0.0, 0.0, 0.0, 0.0, 1.0],
                [1.0, -0.0, 0.0, -0.0, 0.0, 0.997985, -0.063446, 0.624616, 0.0, 0.063446, 0.997985, 0.0, 0.0, 0.0, 0.0, 1.0]
            ]
        },
        {
            "name": "Tail4",
            "time": [0.0, 0.6667, 0.8833, 9.0],
            "transform": [
                [1.0, -0.0, -0.0, 0.0, 0.0, 0.9934, 0.114693, 0.626239, -0.0, -0.114693, 0.993401, 0.0, 0.0, 0.0, 0.0, 1.0],
                [1.0, -0.0, -0.0, -0.0, 0.0, 0.993397, 0.114719, 0.62624, -0.0, -0.114719, 0.993398, 0.0, 0.0, 0.0, 0.0, 1.0],
                [1.0, -0.0, 0.0, 0.0, 0.0, 0.993188, -0.116522, 0.62624, 0.0, 0.116522, 0.993188, 0.0, 0.0, 0.0, 0.0, 1.0],
                [1.0, -0.0, 0.0, 0.0, 0.0, 0.993188, -0.116522, 0.62624, 0.0, 0.116522, 0.993188, 0.0, 0.0, 0.0, 0.0, 1.0]
            ]
        },
        {
            "name": "Tail5",
            "time": [0.0, 0.6667, 0.8833, 9.0],
            "transform": [
                [1.0, -0.0, -0.0, 0.0, 0.0, 0.991278, 0.13179, 0.624649, -0.0, -0.13179, 0.991277, 0.0, 0.0, 0.0, 0.0, 1.0],
                [1.0, -0.0, -0.0, -0.0, 0.0, 0.991281, 0.131768, 0.624648, -0.0, -0.131768, 0.99128, -0.0, 0.0, 0.0, 0.0, 1.0],
                [1.0, -0.0, 0.0, 0.0, 0.0, 0.987214, -0.159398, 0.624649, 0.0, 0.159398, 0.987214, -0.0, 0.0, 0.0, 0.0, 1.0],
                [1.0, -0.0, 0.0, 0.0, 0.0, 0.987214, -0.159398, 0.624649, 0.0, 0.159398, 0.987214, -0.0, 0.0, 0.0, 0.0, 1.0]
            ]
        },
        {
            "name": "Tail6",
            "time": [0.0, 0.6667, 0.8833, 9.0],
            "transform": [
                [1.0, -0.0, -0.0, 0.0, 0.0, 0.989993, 0.141123, 0.623274, -0.0, -0.141123, 0.989992, -0.0, 0.0, 0.0, 0.0, 1.0],
                [1.0, -0.0, -0.0, 0.0, 0.0, 0.990001, 0.141064, 0.623274, -0.0, -0.141064, 0.99, -0.0, 0.0, 0.0, 0.0, 1.0],
                [1.0, -0.0, 0.0, 0.0, 0.0, 0.982017, -0.188796, 0.623273, 0.0, 0.188796, 0.982016, -0.0, 0.0, 0.0, 0.0, 1.0],
                [1.0, -0.0, 0.0, 0.0, 0.0, 0.982017, -0.188796, 0.623273, 0.0, 0.188796, 0.982016, -0.0, 0.0, 0.0, 0.0, 1.0]
            ]
        },
        {
            "name": "Tail7",
            "time": [0.0, 0.6667, 0.8833, 9.0],
            "transform": [
                [1.0, -0.0, -0.0, -0.0, 0.0, 0.989868, 0.141994, 0.625387, -0.0, -0.141994, 0.989868, 0.0, 0.0, 0.0, 0.0, 1.0],
                [1.0, -0.0, -0.0, 0.0, 0.0, 0.98988, 0.141912, 0.625387, -0.0, -0.141912, 0.989879, 0.0, 0.0, 0.0, 0.0, 1.0],
                [1.0, -0.0, 0.0, -0.0, 0.0, 0.979221, -0.202797, 0.625387, 0.0, 0.202797, 0.979221, 0.0, 0.0, 0.0, 0.0, 1.0],
                [1.0, -0.0, 0.0, -0.0, 0.0, 0.979221, -0.202797, 0.625387, 0.0, 0.202797, 0.979221, 0.0, 0.0, 0.0, 0.0, 1.0]
            ]
        },
        {
            "name": "Tail8",
            "time": [0.0, 0.6667, 0.8833, 9.0],
            "transform": [
                [1.0, -0.0, -0.0, 0.0, 0.0, 0.990943, 0.134286, 0.625387, -0.0, -0.134286, 0.990942, 0.0, 0.0, 0.0, 0.0, 1.0],
                [1.0, -0.0, -0.0, -0.0, 0.0, 0.990956, 0.134192, 0.625388, -0.0, -0.134192, 0.990955, -0.0, 0.0, 0.0, 0.0, 1.0],
                [1.0, -0.0, 0.0, -0.0, 0.0, 0.979687, -0.200536, 0.625387, 0.0, 0.200536, 0.979686, -0.0, 0.0, 0.0, 0.0, 1.0],
                [1.0, -0.0, 0.0, -0.0, 0.0, 0.979687, -0.200536, 0.625387, 0.0, 0.200536, 0.979686, -0.0, 0.0, 0.0, 0.0, 1.0]
            ]
        },
        {
            "name": "Tail9",
            "time": [0.0, 0.6667, 0.8833, 9.0],
            "transform": [
                [1.0, -0.0, -0.0, -0.0, 0.0, 0.992953, 0.118504, 0.624782, -0.0, -0.118504, 0.992954, -0.0, 0.0, 0.0, 0.0, 1.0],
                [1.0, -0.0, -0.0, 0.0, 0.0, 0.992964, 0.118412, 0.624782, -0.0, -0.118412, 0.992964, 1e-06, 0.0, 0.0, 0.0, 1.0],
                [1.0, -0.0, 0.0, -0.0, 0.0, 0.983199, -0.182535, 0.624782, 0.0, 0.182535, 0.983199, -0.0, 0.0, 0.0, 0.0, 1.0],
                [1.0, -0.0, 0.0, -0.0, 0.0, 0.983199, -0.182535, 0.624782, 0.0, 0.182535, 0.983199, -0.0, 0.0, 0.0, 0.0, 1.0]
            ]
        },
        {
            "name": "Tail10",
            "time": [0.0, 0.6667, 0.8833, 9.0],
            "transform": [
                [1.0, -0.0, -0.0, 0.0, 0.0, 0.995422, 0.095579, 0.62586, -0.0, -0.095579, 0.995422, -1e-06, 0.0, 0.0, 0.0, 1.0],
                [1.0, -0.0, -0.0, 0.0, 0.0, 0.995429, 0.0955, 0.62586, -0.0, -0.0955, 0.995429, -0.0, 0.0, 0.0, 0.0, 1.0],
                [1.0, -0.0, 0.0, -0.0, 0.0, 0.988627, -0.15039, 0.625859, 0.0, 0.15039, 0.988626, -0.0, 0.0, 0.0, 0.0, 1.0],
                [1.0, -0.0, 0.0, -0.0, 0.0, 0.988627, -0.15039, 0.625859, 0.0, 0.15039, 0.988626, -0.0, 0.0, 0.0, 0.0, 1.0]
            ]
        },
        {
            "name": "Tail11",
            "time": [0.0, 0.6667, 0.8833, 9.0],
            "transform": [
                [1.0, -0.0, -0.0, -0.0, 0.0, 0.997756, 0.066965, 0.625141, -0.0, -0.066965, 0.997755, -0.0, 0.0, 0.0, 0.0, 1.0],
                [1.0, -0.0, -0.0, 0.0, 0.0, 0.99776, 0.066905, 0.625141, -0.0, -0.066905, 0.997759, 0.0, 0.0, 0.0, 0.0, 1.0],
                [1.0, -0.0, 0.0, -0.0, 0.0, 0.994277, -0.106835, 0.625141, 0.0, 0.106835, 0.994277, 1e-06, 0.0, 0.0, 0.0, 1.0],
                [1.0, -0.0, 0.0, -0.0, 0.0, 0.994277, -0.106835, 0.625141, 0.0, 0.106835, 0.994277, 1e-06, 0.0, 0.0, 0.0, 1.0]
            ]
        },
        {
            "name": "Tail12",
            "time": [0.0, 0.6667, 0.8833, 9.0],
            "transform": [
                [1.0, -0.0, -0.0, 0.0, 0.0, 0.999409, 0.034376, 0.624676, -0.0, -0.034376, 0.999409, 0.0, 0.0, 0.0, 0.0, 1.0],
                [1.0, -0.0, -0.0, 0.0, 0.0, 0.99941, 0.034343, 0.624677, -0.0, -0.034343, 0.99941, -0.0, 0.0, 0.0, 0.0, 1.0],
                [1.0, -0.0, 0.0, 0.0, 0.0, 0.998472, -0.055271, 0.624677, 0.0, 0.055271, 0.998471, -0.0, 0.0, 0.0, 0.0, 1.0],
                [1.0, -0.0, 0.0, 0.0, 0.0, 0.998472, -0.055271, 0.624677, 0.0, 0.055271, 0.998471, -0.0, 0.0, 0.0, 0.0, 1.0]
            ]
        },
        {
            "name": "Leg_Front_R1",
            "time": [0.0, 0.6667, 0.8833, 9.0],
            "transform": [
                [0.969655, 0.088853, -0.227762, 0.749746, 0.24315, -0.253456, 0.936289, 2.917176, 0.025464, -0.963257, -0.267369, -0.176387, 0.0, 0.0, 0.0, 1.0],
                [0.969655, 0.088853, -0.227762, 0.749746, 0.24315, -0.253454, 0.93629, 2.917175, 0.025465, -0.963257, -0.267367, -0.176384, 0.0, 0.0, 0.0, 1.0],
                [0.563933, 0.732264, -0.381797, 0.749746, 0.748254, -0.257458, 0.611417, 2.970943, 0.349422, -0.630479, -0.693108, 0.233232, 0.0, 0.0, 0.0, 1.0],
                [0.563933, 0.732264, -0.381797, 0.749746, 0.748254, -0.257458, 0.611417, 2.970943, 0.349422, -0.630479, -0.693108, 0.233232, 0.0, 0.0, 0.0, 1.0]
            ]
        },
        {
            "name": "Leg_Front_R2",
            "time": [0.0, 0.6667, 0.8833, 9.0],
            "transform": [
                [0.999938, 0.006585, -0.00891, -0.0, -0.010803, 0.757977, -0.652192, 1.253495, 0.002459, 0.652249, 0.758001, -0.0, 0.0, 0.0, 0.0, 1.0],
                [0.999938, 0.006585, -0.00891, 0.0, -0.010803, 0.757977, -0.652192, 1.253495, 0.002459, 0.652248, 0.758001, 0.0, 0.0, 0.0, 0.0, 1.0],
                [0.635659, -0.308952, -0.707451, -0.0, -0.144624, 0.852537, -0.50226, 1.253495, 0.758302, 0.421581, 0.49724, 0.0, 0.0, 0.0, 0.0, 1.0],
                [0.635659, -0.308952, -0.707451, -0.0, -0.144624, 0.852537, -0.50226, 1.253495, 0.758302, 0.421581, 0.49724, 0.0, 0.0, 0.0, 0.0, 1.0]
            ]
        },
        {
            "name": "Leg_Front_R3",
            "time": [0.0, 0.6667, 0.8833, 9.0],
            "transform": [
                [0.883667, -0.261179, 0.388481, 0.0, -0.008682, 0.820597, 0.571442, 1.488528, -0.468035, -0.508337, 0.722867, 0.0, 0.0, 0.0, 0.0, 1.0],
                [0.883667, -0.261179, 0.388481, -0.0, -0.008682, 0.820597, 0.571442, 1.488528, -0.468035, -0.508337, 0.722867, 0.0, 0.0, 0.0, 0.0, 1.0],
                [-0.003381, 0.805019, 0.593239, 0.0, 0.257971, 0.573864, -0.777259, 1.488528, -0.966147, 0.150411, -0.209612, -0.0, 0.0, 0.0, 0.0, 1.0],
                [-0.003381, 0.805019, 0.593239, 0.0, 0.257971, 0.573864, -0.777259, 1.488528, -0.966147, 0.150411, -0.209612, -0.0, 0.0, 0.0, 0.0, 1.0]
            ]
        },
        {
            "name": "Leg_Front_L1",
            "time": [0.0, 0.6667, 0.8833, 9.0],
            "transform": [
                [0.976615, -0.078361, 0.200209, -0.749883, -0.213801, -0.25582, 0.942785, 2.917176, -0.02266, -0.963543, -0.266591, -0.176387, 0.0, 0.0, 0.0, 1.0],
                [0.976615, -0.078361, 0.200209, -0.749883, -0.213801, -0.255819, 0.942786, 2.917175, -0.022661, -0.963543, -0.26659, -0.176384, 0.0, 0.0, 0.0, 1.0],
                [0.686631, -0.70624, 0.172519, -0.749883, -0.542382, -0.339612, 0.76843, 2.970943, -0.484106, -0.621199, -0.61624, 0.233232, 0.0, 0.0, 0.0, 1.0],
                [0.686631, -0.70624, 0.172519, -0.749883, -0.542382, -0.339612, 0.76843, 2.970943, -0.484106, -0.621199, -0.61624, 0.233232, 0.0, 0.0, 0.0, 1.0]
            ]
        },
        {
            "name": "Leg_Front_L2",
            "time": [0.0, 0.6667, 0.8833, 9.0],
            "transform": [
                [0.999986, -0.005328, -0.000441, 0.0, 0.003751, 0.757979, -0.652268, 1.253495, 0.00381, 0.652258, 0.757988, -0.0, 0.0, 0.0, 0.0, 1.0],
                [0.999986, -0.005328, -0.000441, 0.0, 0.003751, 0.757978, -0.652269, 1.253495, 0.00381, 0.652258, 0.757987, -0.0, 0.0, 0.0, 0.0, 1.0],
                [0.603722, 0.317954, 0.731044, -0.0, 0.174421, 0.842119, -0.510306, 1.253495, -0.77788, 0.435593, 0.452948, -0.0, 0.0, 0.0, 0.0, 1.0],
                [0.603722, 0.317954, 0.731044, -0.0, 0.174421, 0.842119, -0.510306, 1.253495, -0.77788, 0.435593, 0.452948, -0.0, 0.0, 0.0, 0.0, 1.0]
            ]
        },
        {
            "name": "Leg_Front_L3",
            "time": [0.0, 0.6667, 0.8833, 9.0],
            "transform": [
                [0.91606, 0.220585, -0.334928, -0.0, 0.013236, 0.818061, 0.57498, 1.488528, 0.400823, -0.531149, 0.746473, 0.0, 0.0, 0.0, 0.0, 1.0],
                [0.91606, 0.220585, -0.334928, 0.0, 0.013236, 0.818061, 0.57498, 1.488528, 0.400823, -0.531149, 0.746473, -0.0, 0.0, 0.0, 0.0, 1.0],
                [0.051045, -0.698651, -0.713639, 0.0, -0.100661, 0.707333, -0.699677, 1.488528, 0.99361, 0.10755, -0.034221, 0.0, 0.0, 0.0, 0.0, 1.0],
                [0.051045, -0.698651, -0.713639, 0.0, -0.100661, 0.707333, -0.699677, 1.488528, 0.99361, 0.10755, -0.034221, 0.0, 0.0, 0.0, 0.0, 1.0]
            ]
        },
        {
            "name": "Wing_R1",
            "time": [0.0, 0.6667, 0.8833, 9.0],
            "transform": [
                [-0.203626, 0.568754, 0.796904, 0.749813, -0.880591, -0.462139, 0.104821, 2.861322, 0.427897, -0.680402, 0.594943, 0.744815, 0.0, 0.0, 0.0, 1.0],
                [-0.047681, 0.546799, 0.835905, 0.749813, -0.997313, -0.072657, -0.00936, 2.861322, 0.055617, -0.834105, 0.548795, 0.744814, 0.0, 0.0, 0.0, 1.0],
                [0.027713, 0.996275, -0.081657, 0.749813, -0.993285, 0.018266, -0.114242, 2.861322, -0.112325, 0.084275, 0.990091, 0.744816, 0.0, 0.0, 0.0, 1.0],
                [0.027713, 0.996275, -0.081657, 0.749813, -0.993285, 0.018266, -0.114242, 2.861322, -0.112325, 0.084275, 0.990091, 0.744816, 0.0, 0.0, 0.0, 1.0]
            ]
        },
        {
            "name": "Wing_R2",
            "time": [0.0, 0.6667, 0.8833, 9.0],
            "transform": [
                [0.816789, 0.570762, -0.084183, 0.0, -0.57421, 0.818397, -0.022557, 3.499784, 0.05602, 0.066763, 0.996195, 0.0, 0.0, 0.0, 0.0, 1.0],
                [0.816789, 0.570762, -0.084183, 0.0, -0.57421, 0.818397, -0.022557, 3.499784, 0.05602, 0.066763, 0.996195, -0.0, 0.0, 0.0, 0.0, 1.0],
                [0.816789, 0.570762, -0.084182, 0.0, -0.57421, 0.818397, -0.022557, 3.499784, 0.056019, 0.066762, 0.996195, -0.0, 0.0, 0.0, 0.0, 1.0],
                [0.816789, 0.570762, -0.084182, 0.0, -0.57421, 0.818397, -0.022557, 3.499784, 0.056019, 0.066762, 0.996195, -0.0, 0.0, 0.0, 0.0, 1.0]
            ]
        },
        {
            "name": "Wing_L1",
            "time": [0.0, 0.6667, 0.8833, 9.0],
            "transform": [
                [-0.203626, -0.568754, -0.796904, -0.75068, 0.880591, -0.462139, 0.104821, 2.861322, -0.427898, -0.680401, 0.594943, 0.744815, 0.0, 0.0, 0.0, 1.0],
                [-0.047681, -0.546799, -0.835905, -0.75068, 0.997313, -0.072658, -0.00936, 2.861322, -0.055617, -0.834105, 0.548795, 0.744814, 0.0, 0.0, 0.0, 1.0],
                [0.027712, -0.996275, 0.081658, -0.750681, 0.993285, 0.018265, -0.114243, 2.861323, 0.112326, 0.084275, 0.990091, 0.744816, 0.0, 0.0, 0.0, 1.0],
                [0.027712, -0.996275, 0.081658, -0.750681, 0.993285, 0.018265, -0.114243, 2.861323, 0.112326, 0.084275, 0.990091, 0.744816, 0.0, 0.0, 0.0, 1.0]
            ]
        },
        {
            "name": "Wing_L2",
            "time": [0.0, 0.6667, 0.8833, 9.0],
            "transform": [
                [0.82549, -0.564337, -0.009405, 0.0, 0.564337, 0.824984, 0.030413, 3.499785, -0.009404, -0.030413, 0.999493, 0.0, 0.0, 0.0, 0.0, 1.0],
                [0.82549, -0.564337, -0.009405, 0.0, 0.564337, 0.824984, 0.030415, 3.499784, -0.009405, -0.030415, 0.999493, 0.0, 0.0, 0.0, 0.0, 1.0],
                [0.82549, -0.564338, -0.009404, -0.0, 0.564337, 0.824984, 0.030411, 3.499784, -0.009404, -0.030411, 0.999493, 0.0, 0.0, 0.0, 0.0, 1.0],
                [0.82549, -0.564338, -0.009404, -0.0, 0.564337, 0.824984, 0.030411, 3.499784, -0.009404, -0.030411, 0.999493, 0.0, 0.0, 0.0, 0.0, 1.0]
            ]
        },
        {
            "name": "Neck1",
            "time": [0.0, 0.6667, 0.8833, 9.0],
            "transform": [
                [1.0, 0.0, -0.0, 0.0, -0.0, 0.990034, -0.140827, 3.493828, -0.0, 0.140827, 0.990034, -0.0, 0.0, 0.0, 0.0, 1.0],
                [1.0, 0.0, -0.0, -0.0, -0.0, 0.99003, -0.140858, 3.493828, -0.0, 0.140858, 0.99003, 4e-06, 0.0, 0.0, 0.0, 1.0],
                [1.0, 0.0, 0.0, 0.0, -0.0, 0.988461, 0.151477, 3.493828, 0.0, -0.151477, 0.988461, -1e-06, 0.0, 0.0, 0.0, 1.0],
                [1.0, 0.0, 0.0, 0.0, -0.0, 0.988461, 0.151477, 3.493828, 0.0, -0.151477, 0.988461, -1e-06, 0.0, 0.0, 0.0, 1.0]
            ]
        },
        {
            "name": "Neck2",
            "time": [0.0, 0.6667, 0.8833, 9.0],
            "transform": [
                [1.0, -0.0, -0.0, -0.0, 0.0, 0.995163, 0.098239, 0.623755, 0.0, -0.098239, 0.995163, 0.0, 0.0, 0.0, 0.0, 1.0],
                [1.0, 0.0, -0.0, 0.0, -0.0, 0.995163, 0.098238, 0.623754, 0.0, -0.098238, 0.995163, 0.0, 0.0, 0.0, 0.0, 1.0],
                [1.0, -0.0, 0.0, 0.0, 0.0, 0.994562, -0.104142, 0.623755, 0.0, 0.104143, 0.994562, 0.0, 0.0, 0.0, 0.0, 1.0],
                [1.0, -0.0, 0.0, 0.0, 0.0, 0.994562, -0.104142, 0.623755, 0.0, 0.104143, 0.994562, 0.0, 0.0, 0.0, 0.0, 1.0]
            ]
        },
        {
            "name": "Neck3",
            "time": [0.0, 0.6667, 0.8833, 9.0],
            "transform": [
                [1.0, -0.0, -0.0, 0.0, 0.0, 0.970202, 0.242297, 0.626764, 0.0, -0.242297, 0.970202, 0.0, 0.0, 0.0, 0.0, 1.0],
                [1.0, 0.0, -0.0, 0.0, 0.0, 0.970196, 0.24232, 0.626764, 0.0, -0.24232, 0.970196, -0.0, 0.0, 0.0, 0.0, 1.0],
                [1.0, -0.0, 0.0, -0.0, 0.0, 0.965997, -0.258551, 0.626764, 0.0, 0.258551, 0.965998, 0.0, 0.0, 0.0, 0.0, 1.0],
                [1.0, -0.0, 0.0, -0.0, 0.0, 0.965997, -0.258551, 0.626764, 0.0, 0.258551, 0.965998, 0.0, 0.0, 0.0, 0.0, 1.0]
            ]
        },
        {
            "name": "Neck4",
            "time": [0.0, 0.6667, 0.8833, 9.0],
            "transform": [
                [1.0, -0.0, 0.0, -0.0, 0.0, 0.96551, 0.260366, 0.624224, -0.0, -0.260366, 0.96551, 0.0, 0.0, 0.0, 0.0, 1.0],
                [1.0, -0.0, -0.0, 0.0, 0.0, 0.965502, 0.260397, 0.624224, -0.0, -0.260397, 0.965502, -0.0, 0.0, 0.0, 0.0, 1.0],
                [1.0, -0.0, 0.0, -0.0, 0.0, 0.960492, -0.278309, 0.624224, 0.0, 0.278309, 0.960492, -0.0, 0.0, 0.0, 0.0, 1.0],
                [1.0, -0.0, 0.0, -0.0, 0.0, 0.960492, -0.278309, 0.624224, 0.0, 0.278309, 0.960492, -0.0, 0.0, 0.0, 0.0, 1.0]
            ]
        },
        {
            "name": "Neck5",
            "time": [0.0, 0.6667, 0.8833, 9.0],
            "transform": [
                [1.0, -0.0, -0.0, 0.0, 0.0, 0.986236, 0.165343, 0.624445, -0.0, -0.165343, 0.986236, -0.0, 0.0, 0.0, 0.0, 1.0],
                [1.0, -0.0, 0.0, 0.0, 0.0, 0.986233, 0.165365, 0.624445, -0.0, -0.165365, 0.986232, 0.0, 0.0, 0.0, 0.0, 1.0],
                [1.0, -0.0, 0.0, -0.0, 0.0, 0.984206, -0.177025, 0.624445, 0.0, 0.177025, 0.984206, -0.0, 0.0, 0.0, 0.0, 1.0],
                [1.0, -0.0, 0.0, -0.0, 0.0, 0.984206, -0.177025, 0.624445, 0.0, 0.177025, 0.984206, -0.0, 0.0, 0.0, 0.0, 1.0]
            ]
        },
        {
            "name": "Head",
            "time": [0.0, 0.6667, 0.8833, 9.0],
            "transform": [
                [1.0, -0.0, 0.0, -0.0, -0.0, 0.331845, 0.943334, 0.629229, -0.0, -0.943334, 0.331845, -0.0, 0.0, 0.0, 0.0, 1.0],
                [1.0, 0.0, 0.0, -0.0, -0.0, 0.331845, 0.943334, 0.629229, -0.0, -0.943334, 0.331845, 0.0, 0.0, 0.0, 0.0, 1.0],
                [1.0, -0.0, -0.0, 0.0, -0.0, 0.597676, -0.801738, 0.629229, 0.0, 0.801738, 0.597676, -0.0, 0.0, 0.0, 0.0, 1.0],
                [1.0, -0.0, -0.0, 0.0, -0.0, 0.597676, -0.801738, 0.629229, 0.0, 0.801738, 0.597676, -0.0, 0.0, 0.0, 0.0, 1.0]
            ]
        },
        {
            "name": "Mouth_Upper",
            "time": [0.0, 0.6667, 0.8833, 9.0],
            "transform": [
                [1.0, 0.0, 0.0, 0.001002, 0.0, 0.99845, -0.055652, 0.873064, -0.0, 0.055652, 0.99845, -0.249922, 0.0, 0.0, 0.0, 1.0],
                [1.0, 0.0, 0.0, 0.001002, 0.0, 0.99845, -0.055651, 0.873063, -0.0, 0.055651, 0.99845, -0.249921, 0.0, 0.0, 0.0, 1.0],
                [1.0, 0.0, -0.0, 0.001002, -0.0, 0.983079, -0.183178, 0.873066, 0.0, 0.183178, 0.98308, -0.249922, 0.0, 0.0, 0.0, 1.0],
                [1.0, 0.0, -0.0, 0.001002, -0.0, 0.983079, -0.183178, 0.873066, 0.0, 0.183178, 0.98308, -0.249922, 0.0, 0.0, 0.0, 1.0]
            ]
        },
        {
            "name": "Mouth_Lower",
            "time": [0.0, 0.6667, 0.8833, 9.0],
            "transform": [
                [1.0, 0.0, -0.0, 0.001002, -0.0, 1.0, 0.0, 0.873066, 0.0, 0.0, 1.0, -0.257516, 0.0, 0.0, 0.0, 1.0],
                [1.0, -0.0, -0.0, 0.001002, 0.0, 1.0, -0.0, 0.873065, 0.0, 0.0, 1.0, -0.257517, 0.0, 0.0, 0.0, 1.0],
                [1.0, -0.0, -0.0, 0.001002, 0.0, 0.287912, 0.957657, 0.873065, 0.0, -0.957657, 0.287913, -0.257517, 0.0, 0.0, 0.0, 1.0],
                [1.0, -0.0, -0.0, 0.001002, 0.0, 0.287912, 0.957657, 0.873065, 0.0, -0.957657, 0.287913, -0.257517, 0.0, 0.0, 0.0, 1.0]
            ]
        }
    ]
}