{
    "animation": [
        {
            "name": "Root",
            "time": [0.0, 0.1667, 0.3333, 0.6667, 1.3333],
            "transform": [
                [1.0, 0.0, 0.0, 0.0, 0.0, 0.998657, -0.051802, -1.311193, 0.0, 0.051802, 0.998657, 2.195686, 0.0, 0.0, 0.0, 1.0],
                [1.0, 0.0, 0.0, 0.0, 0.0, 0.963656, -0.267145, -1.374684, 0.0, 0.267145, 0.963656, 1.884829, 0.0, 0.0, 0.0, 1.0],
                [1.0, 0.0, 0.0, 0.0, 0.0, 0.949029, -0.315188, -1.389373, -0.0, 0.315188, 0.949029, 1.812913, 0.0, 0.0, 0.0, 1.0],
                [1.0, 0.0, 0.0, 0.0, -0.0, 0.974573, 0.224069, -0.610387, -0.0, -0.224069, 0.974573, 2.370723, 0.0, 0.0, 0.0, 1.0],
                [1.0, 0.0, 0.0, 0.0, -0.0, 0.995588, 0.093834, -0.914648, -0.0, -0.093834, 0.995588, 2.370723, 0.0, 0.0, 0.0, 1.0]
            ]
        },
        {
            "name": "Leg_Back_R1",
            "time": [0.0, 0.1667, 0.3333, 0.6667, 1.3333],
            "transform": [
                [0.999999, 0.0, -0.0, 0.999855, -0.0, 0.8767, 0.481036, 0.086331, 0.0, -0.481036, 0.8767, -0.271295, 0.0, 0.0, 0.0, 1.0],
                [0.999999, 0.0, -0.0, 0.999854, -0.0, 0.816735, 0.577013, 0.086331, 0.0, -0.577012, 0.816734, -0.271295, 0.0, 0.0, 0.0, 1.0],
                [0.999999, 0.0, -0.0, 0.999854, -0.0, 0.802049, 0.597258, 0.086331, 0.0, -0.597258, 0.802048, -0.271294, 0.0, 0.0, 0.0, 1.0],
                [0.999999, 0.0, 0.0, 0.999855, -0.0, 0.79227, 0.61017, 0.086331, 0.0, -0.61017, 0.792269, -0.271295, 0.0, 0.0, 0.0, 1.0],
                [0.999999, 0.0, 0.0, 0.999854, -0.0, 0.810121, 0.586262, 0.086331, 0.0, -0.586261, 0.810121, -0.271295, 0.0, 0.0, 0.0, 1.0]
            ]
        },
        {
            "name": "Leg_Back_R2",
            "time": [0.0, 0.1667, 0.3333, 0.6667, 1.3333],
            "transform": [
                [1.0, -0.0, -0.0, 0.0, -0.0, -0.577042, 0.816714, 1.692268, -0.0, -0.816714, -0.577042, -0.0, 0.0, 0.0, 0.0, 1.0],
                [1.0, -0.0, -0.0, 0.0, 0.0, -0.704793, 0.709412, 1.692268, -0.0, -0.709413, -0.704793, -0.0, 0.0, 0.0, 0.0, 1.0],
                [1.0, -0.0, -0.0, 0.0, 0.0, -0.730696, 0.682702, 1.692269, -0.0, -0.682703, -0.730696, -0.0, 0.0, 0.0, 0.0, 1.0],
                [1.0, -0.0, 0.0, 0.0, -0.0, -0.381031, 0.924562, 1.692269, 0.0, -0.924562, -0.381031, 0.0, 0.0, 0.0, 0.0, 1.0],
                [1.0, -0.0, 0.0, -0.0, -0.0, -0.440649, 0.897679, 1.692269, -0.0, -0.89768, -0.440649, 0.0, 0.0, 0.0, 0.0, 1.0]
            ]
        },
        {
            "name": "Leg_Back_R3",
            "time": [0.0, 0.1667, 0.3333, 0.6667, 1.3333],
            "transform": [
                [1.0, -0.0, 0.0, 0.0, 0.0, -0.878334, -0.478047, 2.159911, 0.0, 0.478047, -0.878334, 0.0, 0.0, 0.0, 0.0, 1.0],
                [1.0, -0.0, 0.0, 0.0, 0.0, -0.904867, -0.425695, 2.159911, 1e-06, 0.425695, -0.904867, -0.0, 0.0, 0.0, 0.0, 1.0],
                [1.0, -0.0, 0.0, 0.0, 0.0, -0.910219, -0.414126, 2.15991, 0.0, 0.414126, -0.910219, 0.0, 0.0, 0.0, 0.0, 1.0],
                [1.0, -0.0, 1e-06, 0.0, -0.0, -0.957412, -0.288724, 2.159911, 1e-06, 0.288724, -0.957412, 0.0, 0.0, 0.0, 0.0, 1.0],
                [1.0, -0.0, 0.0, -0.0, 0.0, -0.924707, -0.380681, 2.159911, 1e-06, 0.380681, -0.924707, 0.0, 0.0, 0.0, 0.0, 1.0]
            ]
        },
        {
            "name": "Leg_Back_L1",
            "time": [0.0, 0.1667, 0.3333, 0.6667, 1.3333],
            "transform": [
                [0.999999, 0.0, -0.0, -0.999947, -0.0, 0.876701, 0.481035, 0.086331, 0.0, -0.481035, 0.8767, -0.271295, 0.0, 0.0, 0.0, 1.0],
                [0.999999, 0.0, 0.0, -0.999947, -0.0, 0.816735, 0.577012, 0.086331, -0.0, -0.577012, 0.816735, -0.271295, 0.0, 0.0, 0.0, 1.0],
                [0.999999, 0.0, -0.0, -0.999947, -0.0, 0.802049, 0.597258, 0.086331, 0.0, -0.597257, 0.802049, -0.271294, 0.0, 0.0, 0.0, 1.0],
                [0.999999, 0.0, -0.0, -0.999947, -0.0, 0.79227, 0.61017, 0.086331, 0.0, -0.610169, 0.79227, -0.271295, 0.0, 0.0, 0.0, 1.0],
                [0.999999, 0.0, -0.0, -0.999948, -0.0, 0.810122, 0.586261, 0.086331, 0.0, -0.58626, 0.810122, -0.271295, 0.0, 0.0, 0.0, 1.0]
            ]
        },
        {
            "name": "Leg_Back_L2",
            "time": [0.0, 0.1667, 0.3333, 0.6667, 1.3333],
            "transform": [
                [1.0, 0.0, 0.0, -0.0, 0.0, -0.577043, 0.816714, 1.692268, 0.0, -0.816714, -0.577043, -0.0, 0.0, 0.0, 0.0, 1.0],
                [1.0, 0.0, 0.0, 0.0, -0.0, -0.704794, 0.709413, 1.692268, 0.0, -0.709413, -0.704794, -0.0, 0.0, 0.0, 0.0, 1.0],
                [1.0, 0.0, 0.0, -0.0, -0.0, -0.730697, 0.682702, 1.692268, 0.0, -0.682702, -0.730697, -0.0, 0.0, 0.0, 0.0, 1.0],
                [1.0, -0.0, -0.0, -0.0, 0.0, -0.381032, 0.924562, 1.692269, -0.0, -0.924562, -0.381032, -0.0, 0.0, 0.0, 0.0, 1.0],
                [1.0, -0.0, -0.0, -0.0, 0.0, -0.44065, 0.897679, 1.692268, -0.0, -0.897679, -0.44065, -0.0, 0.0, 0.0, 0.0, 1.0]
            ]
        },
        {
            "name": "Leg_Back_L3",
            "time": [0.0, 0.1667, 0.3333, 0.6667, 1.3333],
            "transform": [
                [1.0, 0.0, 0.0, 0.0, 0.0, -0.878335, -0.478047, 2.159911, 0.0, 0.478047, -0.878335, 0.0, 0.0, 0.0, 0.0, 1.0],
                [1.0, 0.0, 0.0, 0.0, 0.0, -0.904867, -0.425695, 2.159911, 0.0, 0.425695, -0.904867, -0.0, 0.0, 0.0, 0.0, 1.0],
                [1.0, 0.0, 0.0, -0.0, 0.0, -0.910219, -0.414126, 2.159911, 0.0, 0.414126, -0.91022, -0.0, 0.0, 0.0, 0.0, 1.0],
                [1.0, 0.0, 0.0, 0.0, 0.0, -0.957412, -0.288724, 2.15991, 0.0, 0.288724, -0.957412, -0.0, 0.0, 0.0, 0.0, 1.0],
                [1.0, 0.0, 0.0, -0.0, 0.0, -0.924706, -0.380681, 2.159911, 0.0, 0.380681, -0.924706, 0.0, 0.0, 0.0, 0.0, 1.0]
            ]
        },
        {
            "name": "Torso",
            "time": [0.0, 0.3333, 0.6667, 1.3333],
            "transform": [
                [1.0, 0.0, -0.0, -0.0, -0.0, 0.999858, -0.016865, 0.273754, 0.0, 0.016865, 0.999858, -0.0, 0.0, 0.0, 0.0, 1.0],
                [1.0, 0.0, -0.0, -0.0, -0.0, 0.999858, -0.016865, 0.273754, 0.0, 0.016865, 0.999858, 0.0, 0.0, 0.0, 0.0, 1.0],
                [1.0, 0.0, -0.0, -0.0, -0.0, 0.999858, -0.016872, 0.273754, 0.0, 0.016872, 0.999858, -0.0, 0.0, 0.0, 0.0, 1.0],
                [1.0, 0.0, 0.0, -0.0, 0.0, 0.999858, -0.016869, 0.273754, -0.0, 0.016869, 0.999858, -0.0, 0.0, 0.0, 0.0, 1.0]
            ]
        },
        {
            "name": "Tail1",
            "time": [0.0, 0.1667, 0.3333, 0.6667, 1.3333],
            "transform": [
                [-1.0, -0.0, 0.0, -1e-06, 0.0, -1.0, -0.001036, -0.516174, 0.0, -0.001036, 0.999999, 0.429315, 0.0, 0.0, 0.0, 1.0],
                [-1.0, 0.0, 0.0, -1e-06, -0.0, -0.995071, 0.099171, -0.516174, 0.0, 0.099171, 0.99507, 0.429315, 0.0, 0.0, 0.0, 1.0],
                [-1.0, -0.0, -0.0, -1e-06, 0.0, -0.996453, -0.084155, -0.516175, 0.0, -0.084155, 0.996452, 0.429314, 0.0, 0.0, 0.0, 1.0],
                [-1.0, -0.0, -0.0, -1e-06, 0.0, -0.914574, -0.404418, -0.516174, 0.0, -0.404418, 0.914574, 0.429314, 0.0, 0.0, 0.0, 1.0],
                [-1.0, -0.0, -0.0, -1e-06, 0.0, -0.932239, -0.361843, -0.516173, 0.0, -0.361843, 0.932239, 0.429314, 0.0, 0.0, 0.0, 1.0]
            ]
        },
        {
            "name": "Tail2",
            "time": [0.0, 0.1667, 0.3333, 0.6667, 1.3333],
            "transform": [
                [0.999999, 0.0, -0.0, -0.0, -0.0, 0.999765, -0.021662, 0.615504, 0.0, 0.021662, 0.999765, 0.0, 0.0, 0.0, 0.0, 1.0],
                [0.999999, -0.0, -0.0, -0.0, 0.0, 0.997125, -0.075773, 0.615504, 0.0, 0.075773, 0.997125, -0.0, 0.0, 0.0, 0.0, 1.0],
                [0.999999, -0.0, -0.0, 0.0, 0.0, 0.999294, 0.03756, 0.615504, 0.0, -0.03756, 0.999294, 0.0, 0.0, 0.0, 0.0, 1.0],
                [0.999999, 0.0, -0.0, -0.0, -0.0, 0.965957, 0.258703, 0.615504, 0.0, -0.258703, 0.965957, 0.0, 0.0, 0.0, 0.0, 1.0],
                [0.999999, 0.0, -0.0, 0.0, -0.0, 0.976416, 0.215895, 0.615504, 0.0, -0.215895, 0.976416, -0.0, 0.0, 0.0, 0.0, 1.0]
            ]
        },
        {
            "name": "Tail3",
            "time": [0.0, 0.1667, 0.3333, 0.6667, 1.3333],
            "transform": [
                [1.0, -0.0, -0.0, -0.0, 0.0, 0.99899, -0.044921, 0.624616, 0.0, 0.044921, 0.99899, 0.0, 0.0, 0.0, 0.0, 1.0],
                [1.0, -0.0, -0.0, 0.0, 0.0, 0.998334, -0.057696, 0.624616, 0.0, 0.057696, 0.998334, -0.0, 0.0, 0.0, 0.0, 1.0],
                [1.0, -0.0, -0.0, 0.0, 0.0, 0.999996, -0.002868, 0.624616, 0.0, 0.002868, 0.999995, -0.0, 0.0, 0.0, 0.0, 1.0],
                [1.0, 0.0, -0.0, 0.0, -0.0, 0.990038, 0.1408, 0.624616, 0.0, -0.1408, 0.990038, 0.0, 0.0, 0.0, 0.0, 1.0],
                [1.0, 0.0, -0.0, 0.0, -0.0, 0.994528, 0.104464, 0.624616, 0.0, -0.104464, 0.994528, -0.0, 0.0, 0.0, 0.0, 1.0]
            ]
        },
        {
            "name": "Tail4",
            "time": [0.0, 0.1667, 0.3333, 0.6667, 1.3333],
            "transform": [
                [1.0, -0.0, -0.0, 0.0, 0.0, 0.99761, -0.069091, 0.62624, 0.0, 0.069091, 0.99761, -0.0, 0.0, 0.0, 0.0, 1.0],
                [1.0, -0.0, -0.0, 0.0, 0.0, 0.999051, -0.043534, 0.62624, 0.0, 0.043534, 0.999052, 0.0, 0.0, 0.0, 0.0, 1.0],
                [1.0, -0.0, -0.0, -0.0, 0.0, 0.999363, -0.035682, 0.62624, 0.0, 0.035682, 0.999363, -0.0, 0.0, 0.0, 0.0, 1.0],
                [1.0, 0.0, -0.0, 0.0, -0.0, 0.998816, 0.048635, 0.62624, 0.0, -0.048635, 0.998816, -0.0, 0.0, 0.0, 0.0, 1.0],
                [1.0, 0.0, -0.0, -0.0, -0.0, 0.999755, 0.022109, 0.62624, 0.0, -0.022109, 0.999755, 0.0, 0.0, 0.0, 0.0, 1.0]
            ]
        },
        {
            "name": "Tail5",
            "time": [0.0, 0.1667, 0.3333, 0.6667, 1.3333],
            "transform": [
                [1.0, -0.0, 0.0, -0.0, 0.0, 0.996634, -0.081983, 0.624649, 0.0, 0.081983, 0.996634, -0.0, 0.0, 0.0, 0.0, 1.0],
                [1.0, -0.0, -0.0, -0.0, 0.0, 0.999474, -0.032445, 0.624649, 0.0, 0.032445, 0.999474, -0.0, 0.0, 0.0, 0.0, 1.0],
                [1.0, -0.0, -0.0, -0.0, 0.0, 0.998185, -0.060219, 0.624649, 0.0, 0.060219, 0.998185, -0.0, 0.0, 0.0, 0.0, 1.0],
                [1.0, -0.0, -0.0, -0.0, 0.0, 0.999759, -0.021939, 0.624649, 0.0, 0.021939, 0.999759, -0.0, 0.0, 0.0, 0.0, 1.0],
                [1.0, -0.0, -0.0, -0.0, 0.0, 0.999287, -0.037765, 0.624649, 0.0, 0.037765, 0.999287, 0.0, 0.0, 0.0, 0.0, 1.0]
            ]
        },
        {
            "name": "Tail6",
            "time": [0.0, 0.1667, 0.3333, 0.6667, 1.3333],
            "transform": [
                [1.0, -0.0, 0.0, 0.0, 0.0, 0.995716, -0.092471, 0.623273, 0.0, 0.092471, 0.995715, -0.0, 0.0, 0.0, 0.0, 1.0],
                [1.0, -0.0, -0.0, 0.0, 0.0, 0.999718, -0.023767, 0.623273, 0.0, 0.023767, 0.999717, 0.0, 0.0, 0.0, 0.0, 1.0],
                [1.0, -0.0, -0.0, -0.0, 0.0, 0.997087, -0.076279, 0.623273, 0.0, 0.076279, 0.997086, -0.0, 0.0, 0.0, 0.0, 1.0],
                [1.0, -0.0, -0.0, -0.0, 0.0, 0.99729, -0.073573, 0.623274, 0.0, 0.073573, 0.99729, -0.0, 0.0, 0.0, 0.0, 1.0],
                [1.0, -0.0, -0.0, 0.0, 0.0, 0.996843, -0.079403, 0.623273, 0.0, 0.079403, 0.996843, 0.0, 0.0, 0.0, 0.0, 1.0]
            ]
        },
        {
            "name": "Tail7",
            "time": [0.0, 0.1667, 0.3333, 0.6667, 1.3333],
            "transform": [
                [1.0, -0.0, 0.0, -0.0, 0.0, 0.995272, -0.097131, 0.625388, 0.0, 0.097131, 0.995272, -0.0, 0.0, 0.0, 0.0, 1.0],
                [1.0, -0.0, -0.0, -0.0, 0.0, 0.99983, -0.018418, 0.625387, 0.0, 0.018418, 0.99983, 0.0, 0.0, 0.0, 0.0, 1.0],
                [1.0, -0.0, -0.0, 0.0, 0.0, 0.996463, -0.084037, 0.625387, 0.0, 0.084037, 0.996463, -0.0, 0.0, 0.0, 0.0, 1.0],
                [1.0, -0.0, -0.0, 0.0, 0.0, 0.994218, -0.10738, 0.625387, 0.0, 0.107379, 0.994218, 0.0, 0.0, 0.0, 0.0, 1.0],
                [1.0, -0.0, -0.0, 0.0, 0.0, 0.994476, -0.104962, 0.625387, 0.0, 0.104962, 0.994476, -0.0, 0.0, 0.0, 0.0, 1.0]
            ]
        },
        {
            "name": "Tail8",
            "time": [0.0, 0.1667, 0.3333, 0.6667, 1.3333],
            "transform": [
                [1.0, -0.0, 0.0, 0.0, 0.0, 0.995612, -0.093577, 0.625388, 0.0, 0.093577, 0.995612, -0.0, 0.0, 0.0, 0.0, 1.0],
                [1.0, -0.0, -0.0, -0.0, 0.0, 0.999929, -0.011965, 0.625387, 0.0, 0.011965, 0.999928, -0.0, 0.0, 0.0, 0.0, 1.0],
                [1.0, -0.0, -0.0, 0.0, 0.0, 0.996477, -0.08387, 0.625387, 0.0, 0.08387, 0.996477, -0.0, 0.0, 0.0, 0.0, 1.0],
                [1.0, -0.0, -0.0, 0.0, 0.0, 0.992339, -0.123546, 0.625387, 0.0, 0.123546, 0.992339, -0.0, 0.0, 0.0, 0.0, 1.0],
                [1.0, -0.0, -0.0, 0.0, 0.0, 0.993324, -0.115361, 0.625387, 0.0, 0.115361, 0.993324, -0.0, 0.0, 0.0, 0.0, 1.0]
            ]
        },
        {
            "name": "Tail9",
            "time": [0.0, 0.1667, 0.3333, 0.6667, 1.3333],
            "transform": [
                [1.0, -0.0, 0.0, 0.0, 0.0, 0.996455, -0.084127, 0.624783, 0.0, 0.084127, 0.996455, -0.0, 0.0, 0.0, 0.0, 1.0],
                [1.0, -0.0, -0.0, 0.0, 0.0, 0.999966, -0.0082, 0.624782, 0.0, 0.0082, 0.999966, 0.0, 0.0, 0.0, 0.0, 1.0],
                [1.0, -0.0, 0.0, -0.0, 0.0, 0.997065, -0.076548, 0.624782, 0.0, 0.076548, 0.997066, -0.0, 0.0, 0.0, 0.0, 1.0],
                [1.0, -0.0, -0.0, -0.0, 0.0, 0.992426, -0.122838, 0.624782, 0.0, 0.122838, 0.992427, 0.0, 0.0, 0.0, 0.0, 1.0],
                [1.0, -0.0, -0.0, 0.0, 0.0, 0.993741, -0.111706, 0.624782, 0.0, 0.111706, 0.993741, -0.0, 0.0, 0.0, 0.0, 1.0]
            ]
        },
        {
            "name": "Tail10",
            "time": [0.0, 0.1667, 0.3333, 0.6667, 1.3333],
            "transform": [
                [1.0, -0.0, 0.0, -0.0, 0.0, 0.997634, -0.068745, 0.62586, 0.0, 0.068745, 0.997634, 0.0, 0.0, 0.0, 0.0, 1.0],
                [1.0, -0.0, -0.0, 0.0, 0.0, 0.999986, -0.005382, 0.625861, 0.0, 0.005382, 0.999986, -0.0, 0.0, 0.0, 0.0, 1.0],
                [1.0, -0.0, 0.0, 0.0, 0.0, 0.998008, -0.063086, 0.62586, 0.0, 0.063086, 0.998008, 0.0, 0.0, 0.0, 0.0, 1.0],
                [1.0, -0.0, -0.0, -0.0, 0.0, 0.994268, -0.106918, 0.62586, 0.0, 0.106918, 0.994268, -0.0, 0.0, 0.0, 0.0, 1.0],
                [1.0, -0.0, -0.0, -0.0, 0.0, 0.995417, -0.095631, 0.62586, 0.0, 0.095631, 0.995417, -0.0, 0.0, 0.0, 0.0, 1.0]
            ]
        },
        {
            "name": "Tail11",
            "time": [0.0, 0.1667, 0.3333, 0.6667, 1.3333],
            "transform": [
                [1.0, -0.0, 0.0, -0.0, 0.0, 0.99882, -0.048573, 0.625141, 0.0, 0.048573, 0.99882, -0.0, 0.0, 0.0, 0.0, 1.0],
                [1.0, -0.0, -0.0, -0.0, 0.0, 0.999995, -0.00322, 0.625141, 0.0, 0.00322, 0.999995, 0.0, 0.0, 0.0, 0.0, 1.0],
                [1.0, -0.0, 0.0, -0.0, 0.0, 0.998997, -0.044788, 0.625141, 0.0, 0.044788, 0.998997, 0.0, 0.0, 0.0, 0.0, 1.0],
                [1.0, -0.0, -0.0, 0.0, 0.0, 0.99691, -0.078552, 0.625142, 0.0, 0.078552, 0.99691, -0.0, 0.0, 0.0, 0.0, 1.0],
                [1.0, -0.0, -0.0, 0.0, 0.0, 0.997579, -0.069541, 0.625141, 0.0, 0.069541, 0.997579, 0.0, 0.0, 0.0, 0.0, 1.0]
            ]
        },
        {
            "name": "Tail12",
            "time": [0.0, 0.1667, 0.3333, 0.6667, 1.3333],
            "transform": [
                [1.0, -0.0, 0.0, -0.0, 0.0, 0.999687, -0.025034, 0.624676, 0.0, 0.025034, 0.999687, -0.0, 0.0, 0.0, 0.0, 1.0],
                [1.0, -0.0, -0.0, 0.0, 0.0, 0.999999, -0.001465, 0.624678, 0.0, 0.001465, 0.999999, 0.0, 0.0, 0.0, 0.0, 1.0],
                [1.0, -0.0, 0.0, 0.0, 0.0, 0.999732, -0.023152, 0.624677, 0.0, 0.023152, 0.999732, -0.0, 0.0, 0.0, 0.0, 1.0],
                [1.0, -0.0, -0.0, -0.0, 0.0, 0.999143, -0.041384, 0.624676, 0.0, 0.041384, 0.999143, -0.0, 0.0, 0.0, 0.0, 1.0],
                [1.0, -0.0, -0.0, -0.0, 0.0, 0.999336, -0.036427, 0.624677, 0.0, 0.036427, 0.999336, -0.0, 0.0, 0.0, 0.0, 1.0]
            ]
        },
        {
            "name": "Leg_Front_R1",
            "time": [0.0, 0.1667, 0.3333, 0.6667, 1.3333],
            "transform": [
                [0.695382, 0.515022, -0.501195, 0.749746, 0.691289, -0.28881, 0.662351, 2.942558, 0.196375, -0.807056, -0.556862, -0.056019, 0.0, 0.0, 0.0, 1.0],
                [0.732238, 0.228009, -0.641747, 0.749746, 0.681037, -0.239546, 0.691959, 2.942558, 0.004045, -0.943731, -0.330687, -0.05602, 0.0, 0.0, 0.0, 1.0],
                [0.733834, 0.000652, -0.679329, 0.749746, 0.673217, -0.134534, 0.727103, 2.942558, -0.090919, -0.990908, -0.099165, -0.05602, 0.0, 0.0, 0.0, 1.0],
                [0.78451, 0.557692, -0.271152, 0.749746, 0.619823, -0.691773, 0.370499, 2.942558, 0.019049, -0.458726, -0.888373, -0.05602, 0.0, 0.0, 0.0, 1.0],
                [0.786485, 0.475881, -0.393674, 0.749746, 0.616959, -0.57612, 0.53614, 2.942559, 0.028336, -0.664546, -0.746709, -0.05602, 0.0, 0.0, 0.0, 1.0]
            ]
        },
        {
            "name": "Leg_Front_R2",
            "time": [0.0, 0.1667, 0.3333, 0.6667, 1.3333],
            "transform": [
                [0.845555, -0.219837, 0.486526, -0.0, 0.53388, 0.343328, -0.772721, 1.253495, 0.002835, 0.913125, 0.407669, 0.0, 0.0, 0.0, 0.0, 1.0],
                [0.928529, -0.129393, 0.34798, 0.0, 0.271028, 0.876818, -0.397157, 1.253495, -0.253726, 0.463084, 0.84922, -0.0, 0.0, 0.0, 0.0, 1.0],
                [0.959696, -0.000398, 0.281039, 0.0, 0.000758, 0.999999, -0.001171, 1.253495, -0.281038, 0.001337, 0.959695, -0.0, 0.0, 0.0, 0.0, 1.0],
                [0.98884, -0.012292, 0.148475, 0.0, 0.133168, -0.373917, -0.917852, 1.253495, 0.066799, 0.927381, -0.368107, 0.0, 0.0, 0.0, 0.0, 1.0],
                [0.989286, -0.002971, 0.145961, 0.0, 0.145925, -0.009989, -0.989245, 1.253494, 0.004397, 0.999945, -0.009448, 0.0, 0.0, 0.0, 0.0, 1.0]
            ]
        },
        {
            "name": "Leg_Front_R3",
            "time": [0.0, 0.1667, 0.3333, 0.6667, 1.3333],
            "transform": [
                [0.873212, 0.424967, -0.238544, -0.0, -0.42419, 0.421808, -0.801337, 1.488528, -0.239922, 0.800925, 0.548595, 0.0, 0.0, 0.0, 0.0, 1.0],
                [0.904238, 0.423973, -0.051006, 0.0, -0.193714, 0.300806, -0.933805, 1.488528, -0.380565, 0.854262, 0.354129, 0.0, 0.0, 0.0, 0.0, 1.0],
                [0.906159, 0.413438, 0.089134, 0.0, 0.003943, 0.202481, -0.979278, 1.488528, -0.422918, 0.887734, 0.18185, 0.0, 0.0, 0.0, 0.0, 1.0],
                [0.839776, 0.499928, -0.211776, -0.0, -0.462018, 0.453148, -0.762363, 1.488528, -0.285161, 0.738057, 0.611518, 0.0, 0.0, 0.0, 0.0, 1.0],
                [0.846315, 0.520959, -0.111141, -0.0, -0.398975, 0.481689, -0.780253, 1.488528, -0.352945, 0.704683, 0.61551, 0.0, 0.0, 0.0, 0.0, 1.0]
            ]
        },
        {
            "name": "Leg_Front_L1",
            "time": [0.0, 0.1667, 0.3333, 0.6667, 1.3333],
            "transform": [
                [0.676028, -0.515303, 0.526734, -0.749884, -0.715561, -0.288393, 0.636241, 2.94255, -0.17595, -0.807027, -0.563692, -0.05602, 0.0, 0.0, 0.0, 1.0],
                [0.707432, -0.228236, 0.668916, -0.749884, -0.706736, -0.239186, 0.665819, 2.942551, 0.008031, -0.943768, -0.33051, -0.056021, 0.0, 0.0, 0.0, 1.0],
                [0.707666, -0.000678, 0.706547, -0.749884, -0.700187, -0.134546, 0.701167, 2.942551, 0.094587, -0.990907, -0.095688, -0.056021, 0.0, 0.0, 0.0, 1.0],
                [0.773685, -0.557817, 0.30042, -0.749883, -0.63341, -0.69167, 0.346964, 2.942549, 0.014249, -0.45873, -0.888461, -0.05602, 0.0, 0.0, 0.0, 1.0],
                [0.771081, -0.475974, 0.422946, -0.749883, -0.636738, -0.576044, 0.51258, 2.94255, -0.00034, -0.664546, -0.747247, -0.05602, 0.0, 0.0, 0.0, 1.0]
            ]
        },
        {
            "name": "Leg_Front_L2",
            "time": [0.0, 0.1667, 0.3333, 0.6667, 1.3333],
            "transform": [
                [0.861285, 0.186344, -0.47272, -0.0, -0.507898, 0.343326, -0.790042, 1.253495, 0.015078, 0.920545, 0.390346, -0.0, 0.0, 0.0, 0.0, 1.0],
                [0.930483, 0.112556, -0.348614, 0.0, -0.258065, 0.876817, -0.405703, 1.253494, 0.260006, 0.467465, 0.84491, -0.0, 0.0, 0.0, 0.0, 1.0],
                [0.958773, 0.000363, -0.284174, 0.0, -0.000747, 0.999999, -0.001243, 1.253495, 0.284173, 0.001404, 0.958772, -0.0, 0.0, 0.0, 0.0, 1.0],
                [0.994685, -0.022468, -0.100482, 0.0, -0.101573, -0.373916, -0.921884, 1.253495, -0.016859, 0.92719, -0.374211, 0.0, 0.0, 0.0, 0.0, 1.0],
                [0.99317, -0.034506, -0.111458, 0.0, -0.111862, -0.009989, -0.993674, 1.253495, 0.033174, 0.999354, -0.01378, 0.0, 0.0, 0.0, 0.0, 1.0]
            ]
        },
        {
            "name": "Leg_Front_L3",
            "time": [0.0, 0.1667, 0.3333, 0.6667, 1.3333],
            "transform": [
                [0.863191, -0.456817, 0.214987, 0.0, 0.42189, 0.418742, -0.804154, 1.488528, 0.277328, 0.784839, 0.554181, 0.0, 0.0, 0.0, 0.0, 1.0],
                [0.890596, -0.452815, 0.042401, 0.0, 0.197152, 0.300373, -0.933224, 1.488528, 0.409842, 0.839484, 0.356784, -0.0, 0.0, 0.0, 0.0, 1.0],
                [0.891017, -0.443367, -0.09754, 0.0, -0.006843, 0.201717, -0.97942, 1.488528, 0.453918, 0.873347, 0.176699, -0.0, 0.0, 0.0, 0.0, 1.0],
                [0.828792, -0.525734, 0.191591, -0.0, 0.463118, 0.452321, -0.762186, 1.488528, 0.314046, 0.720423, 0.618357, -0.0, 0.0, 0.0, 0.0, 1.0],
                [0.829858, -0.550317, 0.092116, 0.0, 0.40406, 0.478848, -0.779384, 1.488528, 0.384799, 0.683999, 0.619738, 0.0, 0.0, 0.0, 0.0, 1.0]
            ]
        },
        {
            "name": "Wing_R1",
            "time": [0.0, 0.1667, 0.3333, 0.6667, 1.3333],
            "transform": [
                [-0.115044, 0.890461, 0.440278, 0.749813, -0.972389, -0.191542, 0.13331, 2.861319, 0.203039, -0.412785, 0.88791, 0.744817, 0.0, 0.0, 0.0, 1.0],
                [-0.097722, 0.922575, 0.373236, 0.749813, -0.983965, -0.145794, 0.102751, 2.861319, 0.149211, -0.35721, 0.922029, 0.744816, 0.0, 0.0, 0.0, 1.0],
                [-0.060385, 0.963637, 0.260304, 0.749814, -0.996214, -0.074522, 0.044779, 2.861319, 0.062549, -0.256614, 0.964488, 0.744816, 0.0, 0.0, 0.0, 1.0],
                [-0.340465, 0.789572, 0.510548, 0.749813, -0.914946, -0.403346, 0.01364, 2.861319, 0.216698, -0.46248, 0.859741, 0.744816, 0.0, 0.0, 0.0, 1.0],
                [-0.363505, 0.764535, 0.532306, 0.749813, -0.901536, -0.432665, 0.005776, 2.861319, 0.234726, -0.477794, 0.846532, 0.744816, 0.0, 0.0, 0.0, 1.0]
            ]
        },
        {
            "name": "Wing_R2",
            "time": [0.0, 0.3333, 0.6667, 1.3333],
            "transform": [
                [0.884971, 0.465397, 0.015255, 0.0, -0.465397, 0.882948, 0.06172, 3.499785, 0.015255, -0.06172, 0.997977, 0.0, 0.0, 0.0, 0.0, 1.0],
                [0.88497, 0.465397, 0.015255, -0.0, -0.465397, 0.882947, 0.06172, 3.499784, 0.015255, -0.06172, 0.997977, -0.0, 0.0, 0.0, 0.0, 1.0],
                [0.884971, 0.465397, 0.015255, -0.0, -0.465397, 0.882948, 0.061719, 3.499784, 0.015255, -0.061719, 0.997977, -0.0, 0.0, 0.0, 0.0, 1.0],
                [0.884971, 0.465397, 0.015255, 0.0, -0.465397, 0.882948, 0.06172, 3.499785, 0.015255, -0.06172, 0.997977, 0.0, 0.0, 0.0, 0.0, 1.0]
            ]
        },
        {
            "name": "Wing_L1",
            "time": [0.0, 0.1667, 0.3333, 0.6667, 1.3333],
            "transform": [
                [-0.115044, -0.89046, -0.440278, -0.75068, 0.972389, -0.191543, 0.13331, 2.861319, -0.203039, -0.412785, 0.88791, 0.744817, 0.0, 0.0, 0.0, 1.0],
                [-0.097723, -0.922575, -0.373237, -0.75068, 0.983964, -0.145794, 0.102751, 2.861319, -0.149211, -0.35721, 0.922029, 0.744816, 0.0, 0.0, 0.0, 1.0],
                [-0.060385, -0.963636, -0.260304, -0.75068, 0.996213, -0.074522, 0.044779, 2.861319, -0.062549, -0.256615, 0.964488, 0.744816, 0.0, 0.0, 0.0, 1.0],
                [-0.340466, -0.789572, -0.510549, -0.750681, 0.914945, -0.403347, 0.01364, 2.86132, -0.216698, -0.46248, 0.859741, 0.744817, 0.0, 0.0, 0.0, 1.0],
                [-0.363506, -0.764535, -0.532306, -0.75068, 0.901536, -0.432666, 0.005776, 2.86132, -0.234726, -0.477794, 0.846532, 0.744816, 0.0, 0.0, 0.0, 1.0]
            ]
        },
        {
            "name": "Wing_L2",
            "time": [0.0, 0.1667, 0.3333, 0.6667, 1.3333],
            "transform": [
                [0.884971, -0.465397, -0.015254, 0.0, 0.465397, 0.882947, 0.061721, 3.499784, -0.015256, -0.06172, 0.997977, 0.0, 0.0, 0.0, 0.0, 1.0],
                [0.884971, -0.465397, -0.015254, -0.0, 0.465397, 0.882947, 0.061721, 3.499784, -0.015256, -0.06172, 0.997977, 0.0, 0.0, 0.0, 0.0, 1.0],
                [0.884971, -0.465397, -0.015254, -1e-06, 0.465397, 0.882947, 0.06172, 3.499784, -0.015256, -0.061719, 0.997977, -0.0, 0.0, 0.0, 0.0, 1.0],
                [0.884971, -0.465397, -0.015253, 0.0, 0.465397, 0.882948, 0.061717, 3.499784, -0.015255, -0.061716, 0.997977, 0.0, 0.0, 0.0, 0.0, 1.0],
                [0.884971, -0.465397, -0.015253, -0.0, 0.465397, 0.882948, 0.061715, 3.499784, -0.015255, -0.061715, 0.997977, -0.0, 0.0, 0.0, 0.0, 1.0]
            ]
        },
        {
            "name": "Neck1",
            "time": [0.0, 0.1667, 0.3333, 0.6667, 1.3333],
            "transform": [
                [1.0, 0.0, 0.0, -0.0, -0.0, 0.956178, 0.292788, 3.493823, 0.0, -0.292788, 0.956178, -1e-06, 0.0, 0.0, 0.0, 1.0],
                [1.0, 0.0, 0.0, 0.0, -0.0, 0.974031, 0.226416, 3.493823, -0.0, -0.226416, 0.974031, -2e-06, 0.0, 0.0, 0.0, 1.0],
                [1.0, 0.0, 0.0, -0.0, -0.0, 0.981256, 0.19271, 3.493823, -0.0, -0.19271, 0.981256, -1e-06, 0.0, 0.0, 0.0, 1.0],
                [1.0, -0.0, 0.0, -0.0, 0.0, 0.982844, -0.184441, 3.493823, 0.0, 0.184441, 0.982844, -2e-06, 0.0, 0.0, 0.0, 1.0],
                [1.0, 0.0, -0.0, -0.0, -0.0, 0.851214, -0.524818, 3.493823, -0.0, 0.524818, 0.851214, -1e-06, 0.0, 0.0, 0.0, 1.0]
            ]
        },
        {
            "name": "Neck2",
            "time": [0.0, 0.1667, 0.3333, 0.6667, 1.3333],
            "transform": [
                [1.0, -0.0, 0.0, -0.0, 0.0, 0.994043, -0.108988, 0.623754, -0.0, 0.108988, 0.994043, -0.0, 0.0, 0.0, 0.0, 1.0],
                [1.0, 0.0, 0.0, -0.0, -0.0, 0.97903, -0.203716, 0.623754, -0.0, 0.203716, 0.97903, 0.0, 0.0, 0.0, 0.0, 1.0],
                [1.0, -0.0, 0.0, -0.0, 0.0, 0.980838, -0.194825, 0.623755, -0.0, 0.194825, 0.980838, -0.0, 0.0, 0.0, 0.0, 1.0],
                [1.0, -0.0, 0.0, -0.0, 0.0, 0.991713, -0.128472, 0.623754, 0.0, 0.128472, 0.991713, 0.0, 0.0, 0.0, 0.0, 1.0],
                [1.0, 0.0, -0.0, -0.0, -0.0, 0.997577, 0.069572, 0.623755, 0.0, -0.069572, 0.997577, 0.0, 0.0, 0.0, 0.0, 1.0]
            ]
        },
        {
            "name": "Neck3",
            "time": [0.0, 0.1667, 0.3333, 0.6667, 1.3333],
            "transform": [
                [1.0, -0.0, 0.0, -0.0, 0.0, 0.925416, -0.378953, 0.626764, 0.0, 0.378953, 0.925416, 0.0, 0.0, 0.0, 0.0, 1.0],
                [1.0, -0.0, 0.0, -0.0, 0.0, 0.891208, -0.453594, 0.626764, 0.0, 0.453594, 0.891208, -0.0, 0.0, 0.0, 0.0, 1.0],
                [1.0, -0.0, 0.0, -0.0, 0.0, 0.88751, -0.460789, 0.626764, 0.0, 0.460789, 0.88751, 0.0, 0.0, 0.0, 0.0, 1.0],
                [1.0, -0.0, 0.0, -0.0, 0.0, 0.996539, -0.083122, 0.626764, 0.0, 0.083122, 0.996539, 0.0, 0.0, 0.0, 0.0, 1.0],
                [1.0, 0.0, -0.0, -0.0, -0.0, 0.988292, 0.152571, 0.626764, 0.0, -0.152571, 0.988292, 0.0, 0.0, 0.0, 0.0, 1.0]
            ]
        },
        {
            "name": "Neck4",
            "time": [0.0, 0.1667, 0.3333, 0.6667, 1.3333],
            "transform": [
                [1.0, -0.0, 0.0, -0.0, 0.0, 0.895327, -0.44541, 0.624224, 0.0, 0.44541, 0.895327, 0.0, 0.0, 0.0, 0.0, 1.0],
                [1.0, -0.0, 0.0, -0.0, 0.0, 0.867619, -0.497231, 0.624224, 0.0, 0.497231, 0.867619, 0.0, 0.0, 0.0, 0.0, 1.0],
                [1.0, -0.0, 0.0, 0.0, 0.0, 0.862173, -0.506614, 0.624224, 0.0, 0.506614, 0.862173, 0.0, 0.0, 0.0, 0.0, 1.0],
                [1.0, -0.0, 0.0, 0.0, 0.0, 0.99882, -0.048574, 0.624224, 0.0, 0.048574, 0.99882, 0.0, 0.0, 0.0, 0.0, 1.0],
                [1.0, 0.0, -0.0, 0.0, -0.0, 0.987277, 0.159009, 0.624224, 0.0, -0.159009, 0.987277, 0.0, 0.0, 0.0, 0.0, 1.0]
            ]
        },
        {
            "name": "Neck5",
            "time": [0.0, 0.1667, 0.3333, 0.6667, 1.3333],
            "transform": [
                [1.0, -0.0, 0.0, 0.0, 0.0, 0.95116, -0.3087, 0.624445, 0.0, 0.3087, 0.95116, 0.0, 0.0, 0.0, 0.0, 1.0],
                [1.0, -0.0, 0.0, -0.0, 0.0, 0.942085, -0.335375, 0.624445, 0.0, 0.335375, 0.942085, 0.0, 0.0, 0.0, 0.0, 1.0],
                [1.0, -0.0, 0.0, -0.0, 0.0, 0.942486, -0.334247, 0.624446, 0.0, 0.334247, 0.942486, 0.0, 0.0, 0.0, 0.0, 1.0],
                [1.0, -0.0, 0.0, -0.0, 0.0, 0.999754, -0.022182, 0.624444, 0.0, 0.022182, 0.999754, 0.0, 0.0, 0.0, 0.0, 1.0],
                [1.0, 0.0, 0.0, -0.0, -0.0, 0.995059, 0.09929, 0.624445, 0.0, -0.09929, 0.995059, -0.0, 0.0, 0.0, 0.0, 1.0]
            ]
        },
        {
            "name": "Head",
            "time": [0.0, 0.1667, 0.3333, 0.5, 0.6667, 1.3333],
            "transform": [
                [1.0, -0.0, 0.0, -0.0, -0.0, -0.187367, 0.98229, 0.629229, -0.0, -0.98229, -0.187367, 0.0, 0.0, 0.0, 0.0, 1.0],
                [1.0, -0.0, 0.0, 0.0, -0.0, -0.276714, 0.960952, 0.629229, -0.0, -0.960952, -0.276714, 0.0, 0.0, 0.0, 0.0, 1.0],
                [1.0, -0.0, 0.0, -0.0, -0.0, -0.122554, 0.992462, 0.629229, -0.0, -0.992462, -0.122554, 0.0, 0.0, 0.0, 0.0, 1.0],
                [1.0, -0.0, 0.0, 0.0, -0.0, 0.955156, 0.296104, 0.629229, -0.0, -0.296104, 0.955156, -0.0, 0.0, 0.0, 0.0, 1.0],
                [1.0, 0.0, 0.0, -0.0, -0.0, 0.97765, 0.210237, 0.629229, -0.0, -0.210237, 0.97765, -0.0, 0.0, 0.0, 0.0, 1.0],
                [1.0, 0.0, 0.0, -0.0, 0.0, 0.996303, -0.085913, 0.629229, 0.0, 0.085913, 0.996302, 0.0, 0.0, 0.0, 0.0, 1.0]
            ]
        },
        {
            "name": "Mouth_Upper",
            "time": [0.0, 0.1667, 0.3333, 0.6667, 1.3333],
            "transform": [
                [1.0, -0.0, -0.0, 0.001002, -0.0, 0.998451, -0.055643, 0.873072, 0.0, 0.055643, 0.998451, -0.249923, 0.0, 0.0, 0.0, 1.0],
                [1.0, -0.0, 0.0, 0.001002, 0.0, 0.998451, -0.055642, 0.873072, -0.0, 0.055643, 0.998451, -0.249923, 0.0, 0.0, 0.0, 1.0],
                [1.0, 0.0, -0.0, 0.001002, -0.0, 0.998451, -0.055641, 0.873072, 0.0, 0.055641, 0.998451, -0.249922, 0.0, 0.0, 0.0, 1.0],
                [1.0, -0.0, -0.0, 0.001002, -0.0, 0.96859, -0.248665, 0.873072, 0.0, 0.248665, 0.96859, -0.249923, 0.0, 0.0, 0.0, 1.0],
                [1.0, 0.0, 0.0, 0.001002, -0.0, 1.0, 0.0, 0.873073, -0.0, 0.0, 1.0, -0.249923, 0.0, 0.0, 0.0, 1.0]
            ]
        },
        {
            "name": "Mouth_Lower",
            "time": [0.0, 0.1667, 0.3333, 0.5, 0.6667, 1.3333],
            "transform": [
                [1.0, -0.0, -0.0, 0.001002, -0.0, 1.0, -0.0, 0.87306, 0.0, 0.0, 1.0, -0.257516, 0.0, 0.0, 0.0, 1.0],
                [1.0, 0.0, 0.0, 0.001002, 0.0, 1.0, 0.0, 0.87306, -0.0, 0.0, 1.0, -0.257515, 0.0, 0.0, 0.0, 1.0],
                [1.0, 0.0, 0.0, 0.001002, 0.0, 1.0, 0.0, 0.87306, -0.0, 0.0, 1.0, -0.257514, 0.0, 0.0, 0.0, 1.0],
                [1.0, -0.0, -0.0, 0.001002, 0.0, 0.998088, 0.061803, 0.873061, 0.0, -0.061803, 0.998088, -0.257515, 0.0, 0.0, 0.0, 1.0],
                [1.0, -0.0, -0.0, 0.001002, 0.0, 0.393162, 0.919469, 0.873061, 0.0, -0.919469, 0.393162, -0.257515, 0.0, 0.0, 0.0, 1.0],
                [1.0, 0.0, 0.0, 0.001002, -0.0, 1.0, 0.0, 0.873061, -0.0, 0.0, 1.0, -0.257515, 0.0, 0.0, 0.0, 1.0]
            ]
        }
    ]
}