{
    "animation": [
        {
            "name": "Root",
            "time": [0.0, 0.0833, 0.5333, 1.0, 1.1667],
            "transform": [
                [1.0, 0.0, 0.0, 0.0, 0.0, 0.998087, 0.061817, -1.268548, 0.0, -0.061817, 0.998087, 0.200703, 0.0, 0.0, 0.0, 1.0],
                [1.0, 0.0, 0.0, 0.0, 0.0, 0.997601, 0.069232, -1.268548, 0.0, -0.069232, 0.997601, 0.206878, 0.0, 0.0, 0.0, 1.0],
                [1.0, 0.0, 0.0, 0.0, 0.0, 0.988376, -0.152029, -1.268548, 0.0, 0.152029, 0.988376, -0.147754, 0.0, 0.0, 0.0, 1.0],
                [1.0, 0.0, 0.0, 0.0, 0.0, 0.998563, 0.053594, -1.268548, 0.0, -0.053594, 0.998563, 0.226821, 0.0, 0.0, 0.0, 1.0],
                [1.0, 0.0, 0.0, 0.0, 0.0, 0.998087, 0.061817, -1.268548, 0.0, -0.061817, 0.998087, 0.200703, 0.0, 0.0, 0.0, 1.0]
            ]
        },
        {
            "name": "Leg_Back_R1",
            "time": [0.0, 0.45, 0.8, 1.1667],
            "transform": [
                [0.999999, 0.0, 0.0, 0.999855, 0.0, -0.363691, 0.931519, 0.544667, 0.0, -0.931519, -0.363691, 0.036198, 0.0, 0.0, 0.0, 1.0],
                [0.999999, -4e-06, 1e-06, 0.999855, -4e-06, -0.98642, 0.164243, 0.544667, 1e-06, -0.164243, -0.986419, 0.036199, 0.0, 0.0, 0.0, 1.0],
                [0.999999, -0.0, 0.0, 0.999855, -1e-06, -0.755378, 0.655289, 0.544667, 0.0, -0.655289, -0.755377, 0.036198, 0.0, 0.0, 0.0, 1.0],
                [0.999999, 0.0, 0.0, 0.999855, 0.0, -0.363691, 0.931519, 0.544667, 0.0, -0.931519, -0.363691, 0.036198, 0.0, 0.0, 0.0, 1.0]
            ]
        },
        {
            "name": "Leg_Back_R2",
            "time": [0.0, 0.45, 0.8, 1.1667],
            "transform": [
                [1.0, -0.0, -0.0, 0.0, -0.0, -0.188049, 0.982159, 1.692269, -0.0, -0.98216, -0.188049, -0.0, 0.0, 0.0, 0.0, 1.0],
                [1.0, -7e-06, -0.0, -0.0, 6e-06, 0.871159, 0.491001, 1.692269, -3e-06, -0.491001, 0.871159, -0.0, 0.0, 0.0, 0.0, 1.0],
                [1.0, -1e-06, -0.0, 0.0, 0.0, 0.264174, 0.964474, 1.692268, -1e-06, -0.964475, 0.264174, -0.0, 0.0, 0.0, 0.0, 1.0],
                [1.0, -0.0, 0.0, 0.0, -0.0, -0.188049, 0.982159, 1.692269, -0.0, -0.98216, -0.188049, -0.0, 0.0, 0.0, 0.0, 1.0]
            ]
        },
        {
            "name": "Leg_Back_R3",
            "time": [0.0, 0.45, 0.8, 1.1667],
            "transform": [
                [1.0, 0.0, -0.0, 0.0, -0.0, 0.659118, -0.75204, 2.159911, 0.0, 0.75204, 0.659118, 0.0, 0.0, 0.0, 0.0, 1.0],
                [1.0, -2.1e-05, -8e-06, 0.0, -1.2e-05, -0.190932, -0.981603, 2.159911, 1.9e-05, 0.981603, -0.190932, 0.0, 0.0, 0.0, 0.0, 1.0],
                [1.0, -9e-06, -6e-06, 0.0, -4e-06, 0.287804, -0.957689, 2.159911, 1e-05, 0.957689, 0.287804, 0.0, 0.0, 0.0, 0.0, 1.0],
                [1.0, 0.0, -0.0, 0.0, -0.0, 0.659118, -0.75204, 2.159911, 0.0, 0.75204, 0.659118, 0.0, 0.0, 0.0, 0.0, 1.0]
            ]
        },
        {
            "name": "Leg_Back_L1",
            "time": [0.0, 0.45, 0.8, 1.1667],
            "transform": [
                [0.999999, 0.0, 0.0, -0.999947, 0.0, -0.363691, 0.931519, 0.544669, 0.0, -0.931519, -0.363691, 0.036198, 0.0, 0.0, 0.0, 1.0],
                [0.999999, 0.0, 0.0, -0.999948, 0.0, -0.98642, 0.164243, 0.544667, 0.0, -0.164243, -0.986419, 0.036199, 0.0, 0.0, 0.0, 1.0],
                [0.999999, 0.0, 0.0, -0.999947, 0.0, -0.755378, 0.655289, 0.544668, 0.0, -0.655289, -0.755377, 0.036198, 0.0, 0.0, 0.0, 1.0],
                [0.999999, 0.0, 0.0, -0.999947, 0.0, -0.363691, 0.931519, 0.544669, 0.0, -0.931519, -0.363691, 0.036198, 0.0, 0.0, 0.0, 1.0]
            ]
        },
        {
            "name": "Leg_Back_L2",
            "time": [0.0, 0.45, 0.8, 1.1667],
            "transform": [
                [1.0, -0.0, -0.0, -0.0, -0.0, -0.188049, 0.98216, 1.692269, -0.0, -0.98216, -0.188049, 0.0, 0.0, 0.0, 0.0, 1.0],
                [1.0, -0.0, -0.0, 0.0, 0.0, 0.871159, 0.491001, 1.692269, -0.0, -0.491001, 0.871159, -0.0, 0.0, 0.0, 0.0, 1.0],
                [1.0, -0.0, 0.0, 0.0, -0.0, 0.264174, 0.964475, 1.692269, -0.0, -0.964475, 0.264174, 0.0, 0.0, 0.0, 0.0, 1.0],
                [1.0, -0.0, -0.0, -0.0, -0.0, -0.188049, 0.98216, 1.692269, -0.0, -0.98216, -0.188049, 0.0, 0.0, 0.0, 0.0, 1.0]
            ]
        },
        {
            "name": "Leg_Back_L3",
            "time": [0.0, 0.45, 0.8, 1.1667],
            "transform": [
                [1.0, -0.0, -0.0, -0.0, -0.0, 0.659118, -0.75204, 2.159911, 0.0, 0.75204, 0.659118, 0.0, 0.0, 0.0, 0.0, 1.0],
                [1.0, -8e-06, 1e-06, 0.0, -1e-06, -0.190932, -0.981603, 2.15991, 8e-06, 0.981603, -0.190933, 0.0, 0.0, 0.0, 0.0, 1.0],
                [1.0, -4e-06, -0.0, -0.0, 1e-06, 0.287804, -0.957689, 2.15991, 4e-06, 0.957689, 0.287804, -0.0, 0.0, 0.0, 0.0, 1.0],
                [1.0, -0.0, -0.0, -0.0, -0.0, 0.659118, -0.75204, 2.159911, 0.0, 0.75204, 0.659118, 0.0, 0.0, 0.0, 0.0, 1.0]
            ]
        },
        {
            "name": "Torso",
            "time": [0.0, 0.45, 1.0, 1.1667],
            "transform": [
                [1.0, 0.0, 0.0, 0.0, 0.0, 1.0, -1e-06, 0.273754, 0.0, 1e-06, 1.0, 0.0, 0.0, 0.0, 0.0, 1.0],
                [1.0, 0.0, 0.0, 0.0, 0.0, 1.0, -1e-06, 0.273754, 0.0, 1e-06, 1.0, 0.0, 0.0, 0.0, 0.0, 1.0],
                [1.0, 0.0, 0.0, 0.0, 0.0, 1.0, -1e-06, 0.273754, 0.0, 1e-06, 1.0, -0.0, 0.0, 0.0, 0.0, 1.0],
                [1.0, 0.0, 0.0, 0.0, 0.0, 1.0, -1e-06, 0.273754, 0.0, 1e-06, 1.0, 0.0, 0.0, 0.0, 0.0, 1.0]
            ]
        },
        {
            "name": "Tail1",
            "time": [0.0, 0.45, 0.5833, 0.95, 1.1667],
            "transform": [
                [-1.0, -0.0, -0.0, -1e-06, -0.0, -0.988418, 0.151758, -0.516188, -0.0, 0.151758, 0.988418, 0.429315, 0.0, 0.0, 0.0, 1.0],
                [-1.0, 0.0, 0.0, 0.0, 0.0, -0.982179, 0.187949, -0.516189, 0.0, 0.187949, 0.982179, 0.429314, 0.0, 0.0, 0.0, 1.0],
                [-1.0, 0.0, 0.0, -2e-06, 0.0, -1.0, 0.0, -0.516188, 0.0, 0.0, 1.0, 0.429314, 0.0, 0.0, 0.0, 1.0],
                [-1.0, -0.000461, 0.0, -1e-06, 0.000461, -1.0, 0.0, -0.516188, 0.0, 0.0, 1.0, 0.429315, 0.0, 0.0, 0.0, 1.0],
                [-1.0, -0.0, -0.0, -1e-06, -0.0, -0.988418, 0.151758, -0.516188, -0.0, 0.151758, 0.988418, 0.429315, 0.0, 0.0, 0.0, 1.0]
            ]
        },
        {
            "name": "Tail2",
            "time": [0.0, 0.45, 0.5833, 0.95, 1.1667],
            "transform": [
                [0.999999, 0.0, 0.0, -0.0, -0.0, 0.993186, 0.116536, 0.615504, 0.0, -0.116536, 0.993186, 0.0, 0.0, 0.0, 0.0, 1.0],
                [0.999999, -0.0, 0.0, 0.0, 0.0, 0.993267, -0.115848, 0.615504, -0.0, 0.115848, 0.993267, -0.0, 0.0, 0.0, 0.0, 1.0],
                [0.999999, 0.0, -0.0, 0.0, -0.0, 0.982702, -0.185193, 0.615504, 0.0, 0.185193, 0.982702, -0.0, 0.0, 0.0, 0.0, 1.0],
                [0.999999, 0.0, -0.0, -0.0, -0.0, 0.999631, 0.027172, 0.615504, 0.0, -0.027172, 0.999631, -0.0, 0.0, 0.0, 0.0, 1.0],
                [0.999999, 0.0, 0.0, -0.0, -0.0, 0.993186, 0.116536, 0.615504, 0.0, -0.116536, 0.993186, 0.0, 0.0, 0.0, 0.0, 1.0]
            ]
        },
        {
            "name": "Tail3",
            "time": [0.0, 0.45, 0.5833, 0.95, 1.1667],
            "transform": [
                [1.0, 0.0, 0.0, 0.0, -0.0, 0.991278, 0.131785, 0.624616, 0.0, -0.131785, 0.991278, -0.0, 0.0, 0.0, 0.0, 1.0],
                [1.0, 0.0, -0.0, -0.0, -0.0, 0.99515, -0.098368, 0.624616, 0.0, 0.098368, 0.99515, 0.0, 0.0, 0.0, 0.0, 1.0],
                [1.0, 0.0, -0.0, 0.0, -0.0, 0.989964, -0.141319, 0.624616, 0.0, 0.141319, 0.989964, 0.0, 0.0, 0.0, 0.0, 1.0],
                [1.0, 0.0, -0.0, 0.0, -0.0, 0.998693, 0.051113, 0.624616, 0.0, -0.051113, 0.998692, -0.0, 0.0, 0.0, 0.0, 1.0],
                [1.0, 0.0, 0.0, 0.0, -0.0, 0.991278, 0.131785, 0.624616, 0.0, -0.131785, 0.991278, -0.0, 0.0, 0.0, 0.0, 1.0]
            ]
        },
        {
            "name": "Tail4",
            "time": [0.0, 0.45, 0.5833, 0.95, 1.1667],
            "transform": [
                [1.0, 0.0, -0.0, 0.0, -0.0, 0.989464, 0.144775, 0.62624, 0.0, -0.144775, 0.989464, -0.0, 0.0, 0.0, 0.0, 1.0],
                [1.0, 0.0, -0.0, -0.0, -0.0, 0.996212, -0.086956, 0.626239, 0.0, 0.086956, 0.996212, -0.0, 0.0, 0.0, 0.0, 1.0],
                [1.0, 0.0, -0.0, 0.0, -0.0, 0.99423, -0.107269, 0.62624, 0.0, 0.107269, 0.99423, -0.0, 0.0, 0.0, 0.0, 1.0],
                [1.0, 0.0, -0.0, -0.0, -0.0, 0.997515, 0.070454, 0.62624, 0.0, -0.070454, 0.997515, 0.0, 0.0, 0.0, 0.0, 1.0],
                [1.0, 0.0, -0.0, 0.0, -0.0, 0.989464, 0.144775, 0.62624, 0.0, -0.144775, 0.989464, -0.0, 0.0, 0.0, 0.0, 1.0]
            ]
        },
        {
            "name": "Tail5",
            "time": [0.0, 0.3667, 0.45, 0.5833, 0.95, 1.1667],
            "transform": [
                [1.0, 0.0, -0.0, 0.0, -0.0, 0.988232, 0.15296, 0.624649, 0.0, -0.15296, 0.988232, -0.0, 0.0, 0.0, 0.0, 1.0],
                [1.0, 0.0, -0.0, -0.0, -0.0, 0.999933, -0.011586, 0.624649, 0.0, 0.011586, 0.999933, -0.0, 0.0, 0.0, 0.0, 1.0],
                [1.0, 0.0, -0.0, -0.0, -0.0, 0.996884, -0.078885, 0.624649, 0.0, 0.078885, 0.996884, 0.0, 0.0, 0.0, 0.0, 1.0],
                [1.0, 0.0, -0.0, 0.0, -0.0, 0.996723, -0.080888, 0.624649, 0.0, 0.080888, 0.996723, 0.0, 0.0, 0.0, 0.0, 1.0],
                [1.0, 0.0, -0.0, -0.0, -0.0, 0.99646, 0.084073, 0.624649, 0.0, -0.084073, 0.99646, 0.0, 0.0, 0.0, 0.0, 1.0],
                [1.0, 0.0, -0.0, 0.0, -0.0, 0.988232, 0.15296, 0.624649, 0.0, -0.15296, 0.988232, -0.0, 0.0, 0.0, 0.0, 1.0]
            ]
        },
        {
            "name": "Tail6",
            "time": [0.0, 0.3667, 0.45, 0.5833, 0.95, 1.1667],
            "transform": [
                [1.0, 0.0, -0.0, -0.0, -0.0, 0.987936, 0.154867, 0.623273, 0.0, -0.154867, 0.987935, 0.0, 0.0, 0.0, 0.0, 1.0],
                [1.0, -0.0, 0.0, 0.0, 0.0, 1.0, -0.0, 0.623274, -0.0, -0.0, 1.0, 0.0, 0.0, 0.0, 0.0, 1.0],
                [1.0, 0.0, -0.0, -0.0, -0.0, 0.997397, -0.072109, 0.623273, 0.0, 0.072109, 0.997397, 0.0, 0.0, 0.0, 0.0, 1.0],
                [1.0, 0.0, -0.0, 0.0, -0.0, 0.996003, -0.08932, 0.623273, 0.0, 0.08932, 0.996003, -0.0, 0.0, 0.0, 0.0, 1.0],
                [1.0, -0.0, -0.0, -0.0, -0.0, 1.0, -0.0, 0.623273, 0.0, 0.0, 1.0, -0.0, 0.0, 0.0, 0.0, 1.0],
                [1.0, 0.0, -0.0, -0.0, -0.0, 0.987936, 0.154867, 0.623273, 0.0, -0.154867, 0.987935, 0.0, 0.0, 0.0, 0.0, 1.0]
            ]
        },
        {
            "name": "Tail7",
            "time": [0.0, 0.3667, 0.45, 0.5833, 0.95, 1.1667],
            "transform": [
                [1.0, 0.0, -0.0, 0.0, -0.0, 0.988713, 0.149826, 0.625387, 0.0, -0.149826, 0.988712, 0.0, 0.0, 0.0, 0.0, 1.0],
                [1.0, 0.0, 0.0, -0.0, -0.0, 0.998785, 0.049276, 0.625388, -0.0, -0.049276, 0.998785, -0.0, 0.0, 0.0, 0.0, 1.0],
                [1.0, 0.0, -0.0, 0.0, -0.0, 0.997869, -0.065256, 0.625387, 0.0, 0.065256, 0.997869, -0.0, 0.0, 0.0, 0.0, 1.0],
                [1.0, 0.0, -0.0, 0.0, -0.0, 0.997093, -0.076201, 0.625387, 0.0, 0.076201, 0.997093, 0.0, 0.0, 0.0, 0.0, 1.0],
                [1.0, 0.0, 0.0, -0.0, -0.0, 0.998803, -0.048913, 0.625388, -0.0, 0.048913, 0.998803, -0.0, 0.0, 0.0, 0.0, 1.0],
                [1.0, 0.0, -0.0, 0.0, -0.0, 0.988713, 0.149826, 0.625387, 0.0, -0.149826, 0.988712, 0.0, 0.0, 0.0, 0.0, 1.0]
            ]
        },
        {
            "name": "Tail8",
            "time": [0.0, 0.3667, 0.45, 0.5833, 0.95, 1.1667],
            "transform": [
                [1.0, 0.0, 0.0, 0.0, -0.0, 0.990461, 0.137794, 0.625387, 0.0, -0.137794, 0.990461, 0.0, 0.0, 0.0, 0.0, 1.0],
                [1.0, 0.0, 0.0, -0.0, -0.0, 0.998264, 0.058905, 0.625387, -0.0, -0.058905, 0.998263, 0.0, 0.0, 0.0, 0.0, 1.0],
                [1.0, 0.0, -0.0, -0.0, -0.0, 0.998344, -0.057535, 0.625388, 0.0, 0.057535, 0.998343, -0.0, 0.0, 0.0, 0.0, 1.0],
                [1.0, 0.0, -0.0, 0.0, -0.0, 0.997745, -0.06713, 0.625387, 0.0, 0.06713, 0.997744, 0.0, 0.0, 0.0, 0.0, 1.0],
                [1.0, 0.0, 0.0, 0.0, -0.0, 0.998581, -0.053266, 0.625387, -0.0, 0.053266, 0.99858, 0.0, 0.0, 0.0, 0.0, 1.0],
                [1.0, 0.0, 0.0, 0.0, -0.0, 0.990461, 0.137794, 0.625387, 0.0, -0.137794, 0.990461, 0.0, 0.0, 0.0, 0.0, 1.0]
            ]
        },
        {
            "name": "Tail9",
            "time": [0.0, 0.3667, 0.45, 0.5833, 0.95, 1.1667],
            "transform": [
                [1.0, 0.0, 0.0, -0.0, -0.0, 0.992866, 0.119229, 0.624782, 0.0, -0.119229, 0.992867, 0.0, 0.0, 0.0, 0.0, 1.0],
                [1.0, 0.0, 0.0, -0.0, -0.0, 0.999373, 0.035395, 0.624782, -0.0, -0.035395, 0.999373, -0.0, 0.0, 0.0, 0.0, 1.0],
                [1.0, 0.0, -0.0, 0.0, -0.0, 0.998822, -0.048525, 0.624781, 0.0, 0.048525, 0.998822, 0.0, 0.0, 0.0, 0.0, 1.0],
                [1.0, 0.0, -0.0, 0.0, -0.0, 0.998798, -0.049004, 0.624782, 0.0, 0.049004, 0.998799, -0.0, 0.0, 0.0, 0.0, 1.0],
                [1.0, 0.0, 0.0, 0.0, -0.0, 0.997491, -0.070782, 0.624782, -0.0, 0.070782, 0.997492, 0.0, 0.0, 0.0, 0.0, 1.0],
                [1.0, 0.0, 0.0, -0.0, -0.0, 0.992866, 0.119229, 0.624782, 0.0, -0.119229, 0.992867, 0.0, 0.0, 0.0, 0.0, 1.0]
            ]
        },
        {
            "name": "Tail10",
            "time": [0.0, 0.3667, 0.45, 0.5833, 0.95, 1.1667],
            "transform": [
                [1.0, 0.0, 0.0, 0.0, -0.0, 0.995489, 0.094873, 0.62586, 0.0, -0.094873, 0.995489, -0.0, 0.0, 0.0, 0.0, 1.0],
                [1.0, 0.0, 0.0, 0.0, -0.0, 0.998285, 0.058548, 0.625861, -0.0, -0.058548, 0.998285, 0.0, 0.0, 0.0, 0.0, 1.0],
                [1.0, 0.0, -0.0, -0.0, -0.0, 0.999276, -0.038052, 0.62586, 0.0, 0.038052, 0.999276, -0.0, 0.0, 0.0, 0.0, 1.0],
                [1.0, 0.0, -0.0, 0.0, -0.0, 0.999066, -0.043201, 0.62586, 0.0, 0.043201, 0.999066, 0.0, 0.0, 0.0, 0.0, 1.0],
                [1.0, 0.0, 0.0, -0.0, -0.0, 0.998497, -0.054804, 0.62586, -0.0, 0.054804, 0.998497, 0.0, 0.0, 0.0, 0.0, 1.0],
                [1.0, 0.0, 0.0, 0.0, -0.0, 0.995489, 0.094873, 0.62586, 0.0, -0.094873, 0.995489, -0.0, 0.0, 0.0, 0.0, 1.0]
            ]
        },
        {
            "name": "Tail11",
            "time": [0.0, 0.3667, 0.45, 0.5833, 0.95, 1.1667],
            "transform": [
                [1.0, 0.0, 0.0, -0.0, -0.0, 0.997827, 0.065896, 0.625141, 0.0, -0.065896, 0.997827, -0.0, 0.0, 0.0, 0.0, 1.0],
                [1.0, 0.0, 0.0, -0.0, -0.0, 0.999194, 0.040127, 0.625141, -0.0, -0.040127, 0.999195, -0.0, 0.0, 0.0, 0.0, 1.0],
                [1.0, 0.0, -0.0, 0.0, -0.0, 0.999656, -0.02622, 0.625142, 0.0, 0.02622, 0.999656, 0.0, 0.0, 0.0, 0.0, 1.0],
                [1.0, -0.0, -0.0, 0.0, 0.0, 0.999178, -0.040537, 0.625141, 0.0, 0.040537, 0.999178, 0.0, 0.0, 0.0, 0.0, 1.0],
                [1.0, 0.0, 0.0, 0.0, -0.0, 0.997384, -0.072285, 0.625141, -0.0, 0.072285, 0.997384, -0.0, 0.0, 0.0, 0.0, 1.0],
                [1.0, 0.0, 0.0, -0.0, -0.0, 0.997827, 0.065896, 0.625141, 0.0, -0.065896, 0.997827, -0.0, 0.0, 0.0, 0.0, 1.0]
            ]
        },
        {
            "name": "Tail12",
            "time": [0.0, 0.3667, 0.45, 0.5833, 0.95, 1.1667],
            "transform": [
                [1.0, 0.0, 0.0, 0.0, -0.0, 0.999433, 0.033665, 0.624677, 0.0, -0.033665, 0.999433, -1e-06, 0.0, 0.0, 0.0, 1.0],
                [1.0, 0.0, 0.0, 0.0, -0.0, 0.99641, 0.084655, 0.624677, -0.0, -0.084655, 0.99641, -0.0, 0.0, 0.0, 0.0, 1.0],
                [1.0, 0.0, -0.0, 0.0, -0.0, 0.999911, -0.013341, 0.624677, 0.0, 0.013341, 0.999911, -0.0, 0.0, 0.0, 0.0, 1.0],
                [1.0, -0.0, -0.0, -0.0, 0.0, 0.998389, -0.056748, 0.624677, 0.0, 0.056748, 0.998388, 0.0, 0.0, 0.0, 0.0, 1.0],
                [1.0, 0.0, 0.0, -0.0, -0.0, 0.99859, -0.053084, 0.624677, -0.0, 0.053084, 0.99859, 0.0, 0.0, 0.0, 0.0, 1.0],
                [1.0, 0.0, 0.0, 0.0, -0.0, 0.999433, 0.033665, 0.624677, 0.0, -0.033665, 0.999433, -1e-06, 0.0, 0.0, 0.0, 1.0]
            ]
        },
        {
            "name": "Leg_Front_R1",
            "time": [0.0, 0.45, 1.0, 1.1667],
            "transform": [
                [1.0, 0.0, 0.0, 0.749746, 0.0, -0.813752, -0.581212, 2.917175, 0.0, 0.581211, -0.813752, -0.176387, 0.0, 0.0, 0.0, 1.0],
                [1.0, -0.0, -0.0, 0.749746, -0.0, -0.567659, 0.823264, 2.917176, -0.0, -0.823263, -0.567659, -0.176387, 0.0, 0.0, 0.0, 1.0],
                [1.0, -0.0, -0.0, 0.749746, -0.0, -0.871199, -0.49093, 2.917176, -0.0, 0.490929, -0.871199, -0.176387, 0.0, 0.0, 0.0, 1.0],
                [1.0, 0.0, 0.0, 0.749746, 0.0, -0.813752, -0.581212, 2.917175, 0.0, 0.581211, -0.813752, -0.176387, 0.0, 0.0, 0.0, 1.0]
            ]
        },
        {
            "name": "Leg_Front_R2",
            "time": [0.0, 0.45, 1.0, 1.1667],
            "transform": [
                [1.0, 0.0, 0.0, 0.0, 0.0, -0.424682, -0.905342, 1.253495, -0.0, 0.905343, -0.424682, 0.0, 0.0, 0.0, 0.0, 1.0],
                [1.0, -0.0, -0.0, 0.0, 0.0, 0.924004, -0.382383, 1.253495, 0.0, 0.382383, 0.924004, 0.0, 0.0, 0.0, 0.0, 1.0],
                [1.0, -0.0, -0.0, -0.0, -0.0, -0.323963, -0.946069, 1.253495, 0.0, 0.94607, -0.323963, -0.0, 0.0, 0.0, 0.0, 1.0],
                [1.0, 0.0, -0.0, 0.0, 0.0, -0.424682, -0.905342, 1.253495, -0.0, 0.905343, -0.424682, 0.0, 0.0, 0.0, 0.0, 1.0]
            ]
        },
        {
            "name": "Leg_Front_R3",
            "time": [0.0, 0.45, 0.6333, 1.0, 1.1667],
            "transform": [
                [1.0, -0.0, 0.0, 0.0, 0.0, 0.513418, -0.858139, 1.488528, 0.0, 0.858139, 0.513418, -0.0, 0.0, 0.0, 0.0, 1.0],
                [1.0, -0.0, -0.0, 0.0, 0.0, 0.998704, 0.050892, 1.488528, 0.0, -0.050892, 0.998704, -0.0, 0.0, 0.0, 0.0, 1.0],
                [1.0, -0.0, -0.0, 0.0, 0.0, 0.998704, 0.050892, 1.488528, 0.0, -0.050892, 0.998704, 0.0, 0.0, 0.0, 0.0, 1.0],
                [1.0, -0.0, -0.0, 0.0, 0.0, 0.653191, -0.757193, 1.488528, 0.0, 0.757193, 0.653191, -0.0, 0.0, 0.0, 0.0, 1.0],
                [1.0, -0.0, 0.0, 0.0, 0.0, 0.513418, -0.858139, 1.488528, 0.0, 0.858139, 0.513418, -0.0, 0.0, 0.0, 0.0, 1.0]
            ]
        },
        {
            "name": "Leg_Front_L1",
            "time": [0.0, 0.45, 1.0, 1.1667],
            "transform": [
                [1.0, 0.0, 0.0, -0.749883, 0.0, -0.813752, -0.581212, 2.917175, 0.0, 0.581211, -0.813752, -0.176387, 0.0, 0.0, 0.0, 1.0],
                [1.0, -0.0, 0.0, -0.749883, -0.0, -0.56766, 0.823263, 2.917176, -0.0, -0.823263, -0.567659, -0.176387, 0.0, 0.0, 0.0, 1.0],
                [1.0, 0.0, -0.0, -0.749883, -0.0, -0.871199, -0.49093, 2.917175, -0.0, 0.490929, -0.871199, -0.176387, 0.0, 0.0, 0.0, 1.0],
                [1.0, 0.0, 0.0, -0.749883, 0.0, -0.813752, -0.581212, 2.917175, 0.0, 0.581211, -0.813752, -0.176387, 0.0, 0.0, 0.0, 1.0]
            ]
        },
        {
            "name": "Leg_Front_L2",
            "time": [0.0, 0.45, 1.0, 1.1667],
            "transform": [
                [1.0, -0.0, -0.0, 0.0, -0.0, -0.424682, -0.905343, 1.253495, 0.0, 0.905342, -0.424682, 0.0, 0.0, 0.0, 0.0, 1.0],
                [1.0, -0.0, -0.0, 0.0, 0.0, 0.924004, -0.382382, 1.253495, 0.0, 0.382382, 0.924004, -0.0, 0.0, 0.0, 0.0, 1.0],
                [1.0, -0.0, 0.0, 0.0, 0.0, -0.323963, -0.94607, 1.253495, 0.0, 0.946069, -0.323963, -0.0, 0.0, 0.0, 0.0, 1.0],
                [1.0, -0.0, -0.0, 0.0, -0.0, -0.424682, -0.905343, 1.253495, 0.0, 0.905342, -0.424682, 0.0, 0.0, 0.0, 0.0, 1.0]
            ]
        },
        {
            "name": "Leg_Front_L3",
            "time": [0.0, 0.45, 0.6333, 1.0, 1.1667],
            "transform": [
                [1.0, 0.0, -0.0, 0.0, -0.0, 0.513418, -0.858139, 1.488528, -0.0, 0.858139, 0.513418, 0.0, 0.0, 0.0, 0.0, 1.0],
                [1.0, 0.0, 0.0, 0.0, -0.0, 0.998704, 0.050892, 1.488528, -0.0, -0.050892, 0.998704, -0.0, 0.0, 0.0, 0.0, 1.0],
                [1.0, 0.0, 0.0, 0.0, -0.0, 0.998704, 0.050892, 1.488528, -0.0, -0.050892, 0.998704, 0.0, 0.0, 0.0, 0.0, 1.0],
                [1.0, 0.0, 0.0, -0.0, -0.0, 0.653191, -0.757193, 1.488528, -0.0, 0.757193, 0.653191, 0.0, 0.0, 0.0, 0.0, 1.0],
                [1.0, 0.0, -0.0, 0.0, -0.0, 0.513418, -0.858139, 1.488528, -0.0, 0.858138, 0.513418, 0.0, 0.0, 0.0, 0.0, 1.0]
            ]
        },
        {
            "name": "Wing_R1",
            "time": [0.0, 0.5333, 1.0, 1.1667],
            "transform": [
                [-0.049749, 0.342776, -0.938099, 0.749813, -0.969774, 0.208072, 0.127457, 2.861323, 0.238881, 0.916085, 0.322064, 0.744816, 0.0, 0.0, 0.0, 1.0],
                [-0.133789, 0.50224, 0.854316, 0.749814, -0.988928, -0.123508, -0.082261, 2.861322, 0.0642, -0.855862, 0.513204, 0.744817, 0.0, 0.0, 0.0, 1.0],
                [-0.022649, 0.906308, -0.422011, 0.749813, -0.999731, -0.02265, 0.005014, 2.861323, -0.005014, 0.422011, 0.906577, 0.744816, 0.0, 0.0, 0.0, 1.0],
                [-0.049749, 0.342776, -0.938099, 0.749813, -0.969774, 0.208072, 0.127457, 2.861323, 0.238881, 0.916085, 0.322064, 0.744816, 0.0, 0.0, 0.0, 1.0]
            ]
        },
        {
            "name": "Wing_R2",
            "time": [0.0, 0.3167, 0.5333, 0.8167, 1.0, 1.1667],
            "transform": [
                [0.9993, 0.035654, -0.011297, -0.0, -0.035654, 0.816905, -0.575669, 3.499784, -0.011297, 0.575668, 0.817605, 0.0, 0.0, 0.0, 0.0, 1.0],
                [0.999925, -0.000174, -0.012199, 0.0, -0.008474, 0.709412, -0.704743, 3.499785, 0.008776, 0.704794, 0.709358, 0.0, 0.0, 0.0, 0.0, 1.0],
                [0.999759, 0.005895, -0.021135, 0.0, 0.010773, 0.70726, 0.706871, 3.499784, 0.019115, -0.706929, 0.707026, -0.0, 0.0, 0.0, 0.0, 1.0],
                [0.999516, -0.025005, -0.018486, -0.0, 0.031075, 0.781215, 0.623488, 3.499785, -0.001149, -0.623761, 0.781614, -0.0, 0.0, 0.0, 0.0, 1.0],
                [0.999731, -0.022649, -0.005014, 0.0, 0.022649, 0.906308, 0.422011, 3.499785, -0.005014, -0.422011, 0.906577, -0.0, 0.0, 0.0, 0.0, 1.0],
                [0.9993, 0.035654, -0.011297, -0.0, -0.035654, 0.816905, -0.575669, 3.499784, -0.011297, 0.575668, 0.817605, 0.0, 0.0, 0.0, 0.0, 1.0]
            ]
        },
        {
            "name": "Wing_L1",
            "time": [0.0, 0.5333, 1.0, 1.1667],
            "transform": [
                [-0.029107, -0.349465, 0.936497, -0.750681, 0.968739, 0.221058, 0.112599, 2.861324, -0.24637, 0.910498, 0.332106, 0.744817, 0.0, 0.0, 0.0, 1.0],
                [-0.129658, -0.537102, -0.833493, -0.75068, 0.989036, -0.129972, -0.0701, 2.861323, -0.07068, -0.833444, 0.548065, 0.744816, 0.0, 0.0, 0.0, 1.0],
                [-0.02265, -0.906308, 0.422011, -0.750681, 0.999731, -0.02265, 0.005014, 2.861323, 0.005014, 0.422011, 0.906577, 0.744817, 0.0, 0.0, 0.0, 1.0],
                [-0.029107, -0.349465, 0.936497, -0.750681, 0.968739, 0.221058, 0.112599, 2.861324, -0.24637, 0.910498, 0.332106, 0.744817, 0.0, 0.0, 0.0, 1.0]
            ]
        },
        {
            "name": "Wing_L2",
            "time": [0.0, 0.3167, 0.5333, 0.8167, 1.0, 1.1667],
            "transform": [
                [0.999248, -0.03682, 0.012139, 0.0, 0.03682, 0.803256, -0.594495, 3.499785, 0.012139, 0.594495, 0.804008, 0.0, 0.0, 0.0, 0.0, 1.0],
                [0.999973, -0.007237, 0.001615, 0.0, 0.006069, 0.673558, -0.739109, 3.499784, 0.004261, 0.739098, 0.673584, -0.0, 0.0, 0.0, 0.0, 1.0],
                [0.999889, 0.005887, -0.013694, 0.0, 0.006127, 0.675169, 0.737637, 3.499785, 0.013588, -0.737639, 0.675059, 0.0, 0.0, 0.0, 0.0, 1.0],
                [0.999553, 0.028882, 0.007775, 0.0, -0.027273, 0.773366, 0.633373, 3.499784, 0.01228, -0.633301, 0.773808, -0.0, 0.0, 0.0, 0.0, 1.0],
                [0.999731, 0.022649, 0.005014, -0.0, -0.022649, 0.906308, 0.422011, 3.499784, 0.005014, -0.422011, 0.906577, 0.0, 0.0, 0.0, 0.0, 1.0],
                [0.999248, -0.03682, 0.012139, 0.0, 0.03682, 0.803256, -0.594495, 3.499785, 0.012139, 0.594495, 0.804008, 0.0, 0.0, 0.0, 0.0, 1.0]
            ]
        },
        {
            "name": "Neck1",
            "time": [0.0, 0.45, 1.0, 1.1667],
            "transform": [
                [1.0, 0.0, -0.0, 0.0, -0.0, 0.946871, 0.321613, 3.493826, 0.0, -0.321613, 0.946871, 0.0, 0.0, 0.0, 0.0, 1.0],
                [1.0, 0.0, -0.0, -0.0, -0.0, 0.93966, -0.342109, 3.493827, 0.0, 0.34211, 0.93966, -1e-06, 0.0, 0.0, 0.0, 1.0],
                [1.0, 0.0, -0.0, -0.0, -0.0, 0.9531, 0.302656, 3.493826, 0.0, -0.302656, 0.9531, 0.0, 0.0, 0.0, 0.0, 1.0],
                [1.0, 0.0, -0.0, 0.0, -0.0, 0.946871, 0.321613, 3.493826, 0.0, -0.321613, 0.946871, 0.0, 0.0, 0.0, 0.0, 1.0]
            ]
        },
        {
            "name": "Neck2",
            "time": [0.0, 0.45, 1.0, 1.1667],
            "transform": [
                [1.0, -0.0, -0.0, -0.0, 0.0, 0.99901, -0.044484, 0.623754, 0.0, 0.044484, 0.99901, -0.0, 0.0, 0.0, 0.0, 1.0],
                [1.0, 0.0, -0.0, -0.0, -0.0, 0.982468, 0.186432, 0.623755, 0.0, -0.186432, 0.982468, 0.0, 0.0, 0.0, 0.0, 1.0],
                [1.0, 0.0, -0.0, 0.0, -0.0, 0.999295, -0.037541, 0.623755, 0.0, 0.037541, 0.999295, 0.0, 0.0, 0.0, 0.0, 1.0],
                [1.0, -0.0, -0.0, -0.0, 0.0, 0.99901, -0.044484, 0.623754, 0.0, 0.044484, 0.99901, -0.0, 0.0, 0.0, 0.0, 1.0]
            ]
        },
        {
            "name": "Neck3",
            "time": [0.0, 0.45, 1.0, 1.1667],
            "transform": [
                [1.0, -0.0, -0.0, -0.0, 0.0, 0.986222, -0.165427, 0.626763, 0.0, 0.165427, 0.986222, 0.0, 0.0, 0.0, 0.0, 1.0],
                [1.0, 0.0, -0.0, 0.0, -0.0, 0.981319, 0.192384, 0.626763, 0.0, -0.192384, 0.98132, 0.0, 0.0, 0.0, 0.0, 1.0],
                [1.0, 0.0, -0.0, 0.0, -0.0, 0.987942, -0.154821, 0.626764, 0.0, 0.154821, 0.987943, 0.0, 0.0, 0.0, 0.0, 1.0],
                [1.0, -0.0, -0.0, -0.0, 0.0, 0.986222, -0.165427, 0.626763, 0.0, 0.165427, 0.986222, 0.0, 0.0, 0.0, 0.0, 1.0]
            ]
        },
        {
            "name": "Neck4",
            "time": [0.0, 0.45, 1.0, 1.1667],
            "transform": [
                [1.0, -0.0, 0.0, 0.0, 0.0, 0.981614, -0.190876, 0.624224, -0.0, 0.190876, 0.981614, 0.0, 0.0, 0.0, 0.0, 1.0],
                [1.0, 0.0, -0.0, -0.0, -0.0, 0.987789, 0.1558, 0.624224, 0.0, -0.1558, 0.987789, -0.0, 0.0, 0.0, 0.0, 1.0],
                [1.0, 0.0, -0.0, 0.0, -0.0, 0.983548, -0.180646, 0.624224, 0.0, 0.180646, 0.983548, 0.0, 0.0, 0.0, 0.0, 1.0],
                [1.0, -0.0, 0.0, 0.0, 0.0, 0.981614, -0.190876, 0.624224, -0.0, 0.190876, 0.981614, 0.0, 0.0, 0.0, 0.0, 1.0]
            ]
        },
        {
            "name": "Neck5",
            "time": [0.0, 0.45, 1.0, 1.1667],
            "transform": [
                [1.0, -0.0, 0.0, -0.0, 0.0, 0.992236, -0.124369, 0.624445, -0.0, 0.124369, 0.992236, -0.0, 0.0, 0.0, 0.0, 1.0],
                [1.0, 0.0, -0.0, -0.0, -0.0, 0.99621, 0.086989, 0.624445, 0.0, -0.086989, 0.99621, -0.0, 0.0, 0.0, 0.0, 1.0],
                [1.0, 0.0, -0.0, -0.0, -0.0, 0.993006, -0.11807, 0.624445, 0.0, 0.11807, 0.993006, -0.0, 0.0, 0.0, 0.0, 1.0],
                [1.0, -0.0, 0.0, -0.0, 0.0, 0.992236, -0.124369, 0.624445, -0.0, 0.124369, 0.992236, -0.0, 0.0, 0.0, 0.0, 1.0]
            ]
        },
        {
            "name": "Head",
            "time": [0.0, 0.45, 1.0, 1.1667],
            "transform": [
                [1.0, 0.0, 0.0, 0.0, -0.0, 0.994137, 0.108128, 0.629228, -0.0, -0.108128, 0.994137, 0.0, 0.0, 0.0, 0.0, 1.0],
                [1.0, 0.0, -0.0, 0.0, 0.0, 0.997405, 0.071995, 0.629229, 0.0, -0.071995, 0.997405, -0.0, 0.0, 0.0, 0.0, 1.0],
                [1.0, 0.0, -0.0, 0.0, 0.0, 0.994254, 0.107045, 0.629229, 0.0, -0.107046, 0.994254, 0.0, 0.0, 0.0, 0.0, 1.0],
                [1.0, 0.0, 0.0, 0.0, -0.0, 0.994137, 0.108128, 0.629228, -0.0, -0.108128, 0.994137, 0.0, 0.0, 0.0, 0.0, 1.0]
            ]
        },
        {
            "name": "Mouth_Upper",
            "time": [0.0, 0.45, 1.0, 1.1667],
            "transform": [
                [1.0, 0.0, -0.0, 0.001002, 0.0, 1.0, 0.0, 0.873065, -0.0, 0.0, 1.0, -0.249923, 0.0, 0.0, 0.0, 1.0],
                [1.0, -0.0, 0.0, 0.001002, -0.0, 1.0, 0.0, 0.873063, -0.0, 0.0, 1.0, -0.249924, 0.0, 0.0, 0.0, 1.0],
                [1.0, 0.0, -0.0, 0.001002, -0.0, 1.0, -0.0, 0.873065, 0.0, 0.0, 1.0, -0.249923, 0.0, 0.0, 0.0, 1.0],
                [1.0, 0.0, -0.0, 0.001002, 0.0, 1.0, 0.0, 0.873065, -0.0, 0.0, 1.0, -0.249923, 0.0, 0.0, 0.0, 1.0]
            ]
        },
        {
            "name": "Mouth_Lower",
            "time": [0.0, 0.45, 1.0, 1.1667],
            "transform": [
                [1.0, 0.0, -0.0, 0.001002, 0.0, 1.0, 0.0, 0.873065, -0.0, 0.0, 1.0, -0.257517, 0.0, 0.0, 0.0, 1.0],
                [1.0, -0.0, 0.0, 0.001002, -0.0, 1.0, 0.0, 0.873066, 0.0, 0.0, 1.0, -0.257518, 0.0, 0.0, 0.0, 1.0],
                [1.0, 0.0, -0.0, 0.001002, -0.0, 1.0, -0.0, 0.873064, 0.0, 0.0, 1.0, -0.257517, 0.0, 0.0, 0.0, 1.0],
                [1.0, 0.0, -0.0, 0.001002, 0.0, 1.0, 0.0, 0.873065, -0.0, 0.0, 1.0, -0.257517, 0.0, 0.0, 0.0, 1.0]
            ]
        }
    ]
}