{
    "animation": [
        {
            "name": "Root",
            "time": [0.0, 0.65, 0.95, 1.1, 1.2333, 1.4333, 1.6167, 2.1, 2.4167, 3.1833],
            "transform": [
                [1.0, 0.0, 0.0, 0.0, 0.0, 0.998087, 0.061817, -18.985329, 0.0, -0.061817, 0.998087, 12.779735, 0.0, 0.0, 0.0, 1.0],
                [1.0, 0.0, 0.0, 0.0, 0.0, 0.970156, -0.242483, -5.333874, 0.0, 0.242483, 0.970156, 6.251725, 0.0, 0.0, 0.0, 1.0],
                [1.0, 0.0, -0.0, 0.0, 0.0, 0.966974, 0.254874, -0.976428, 0.0, -0.254874, 0.966974, 5.039045, 0.0, 0.0, 0.0, 1.0],
                [1.0, 0.0, -0.0, 0.0, 0.0, 0.920837, 0.389947, -0.378077, 0.0, -0.389947, 0.920837, 3.386515, 0.0, 0.0, 0.0, 1.0],
                [1.0, 0.0, -0.0, 0.0, 0.0, 0.920837, 0.389947, -0.378078, 0.0, -0.389947, 0.920837, 2.681471, 0.0, 0.0, 0.0, 1.0],
                [1.0, 0.0, -0.0, 0.0, 0.0, 0.878743, 0.477296, 0.073521, 0.0, -0.477296, 0.878743, 2.258068, 0.0, 0.0, 0.0, 1.0],
                [1.0, 0.0, -0.0, 0.0, 0.0, 0.87121, 0.490911, 0.146021, 0.0, -0.490911, 0.87121, 2.242696, 0.0, 0.0, 0.0, 1.0],
                [1.0, 0.0, -0.0, 0.0, 0.0, 0.920837, 0.389947, -0.378078, 0.0, -0.389947, 0.920837, 2.259602, 0.0, 0.0, 0.0, 1.0],
                [1.0, 0.0, -0.0, 0.0, 0.0, 0.940812, 0.338928, -0.094077, 0.0, -0.338928, 0.940812, 2.568071, 0.0, 0.0, 0.0, 1.0],
                [1.0, 0.0, -0.0, 0.0, 0.0, 0.944456, 0.328639, -7.7e-05, 0.0, -0.328639, 0.944456, 2.68085, 0.0, 0.0, 0.0, 1.0]
            ]
        },
        {
            "name": "Leg_Back_R1",
            "time": [0.0, 0.65, 0.95, 1.2333, 1.4333, 1.6167, 2.1, 2.4167, 3.1833],
            "transform": [
                [0.999999, -4.4e-05, 2.5e-05, 0.999855, -4.2e-05, -0.444077, 0.895988, 0.54467, -2.8e-05, -0.895988, -0.444076, 0.036198, 0.0, 0.0, 0.0, 1.0],
                [0.964552, 0.26277, 0.0243, 0.999855, -0.25788, 0.919035, 0.298114, 0.544666, 0.056003, -0.293812, 0.95422, 0.0362, 0.0, 0.0, 0.0, 1.0],
                [0.966821, 0.07466, 0.244298, 0.999855, -0.25142, 0.108872, 0.961735, 0.544667, 0.045206, -0.991247, 0.124031, 0.036198, 0.0, 0.0, 0.0, 1.0],
                [0.447799, 0.828897, 0.335268, 0.999855, -0.890852, 0.445698, 0.087945, 0.544666, -0.076531, -0.338056, 0.938008, 0.036199, 0.0, 0.0, 0.0, 1.0],
                [0.437251, 0.860355, 0.261916, 0.999855, -0.899335, 0.419108, 0.124675, 0.544666, -0.002506, -0.290064, 0.957003, 0.036199, 0.0, 0.0, 0.0, 1.0],
                [0.43255, 0.858958, 0.274027, 0.999855, -0.901597, 0.410496, 0.136435, 0.544666, 0.004705, -0.306076, 0.951994, 0.036199, 0.0, 0.0, 0.0, 1.0],
                [0.470586, 0.866123, 0.168462, 0.999855, -0.881445, 0.470115, 0.045224, 0.544666, -0.040027, -0.169771, 0.984669, 0.036199, 0.0, 0.0, 0.0, 1.0],
                [0.416885, 0.825295, 0.380912, 0.999855, -0.908893, 0.373437, 0.185628, 0.544666, 0.010951, -0.423593, 0.905785, 0.036198, 0.0, 0.0, 0.0, 1.0],
                [0.397442, 0.799232, 0.450852, 0.999855, -0.917125, 0.329731, 0.22396, 0.544666, 0.030336, -0.502499, 0.864044, 0.036198, 0.0, 0.0, 0.0, 1.0]
            ]
        },
        {
            "name": "Leg_Back_R2",
            "time": [0.0, 0.65, 0.95, 1.2333, 1.4333, 1.6167, 2.1, 2.4167, 3.1833],
            "transform": [
                [0.979515, 0.168716, 0.109934, 0.0, -0.093001, -0.105199, 0.990093, 1.692268, 0.178609, -0.980035, -0.087354, 2e-06, 0.0, 0.0, 0.0, 1.0],
                [0.975561, 0.213989, -0.049891, 0.0, 0.200243, -0.772352, 0.602807, 1.692268, 0.090461, -0.598065, -0.796326, -0.0, 0.0, 0.0, 0.0, 1.0],
                [0.994605, -0.041725, -0.094978, 0.0, 0.080026, 0.891189, 0.446518, 1.692268, 0.066013, -0.45171, 0.889719, 0.0, 0.0, 0.0, 0.0, 1.0],
                [0.979515, 0.168716, 0.109934, -0.0, -0.093001, -0.105199, 0.990093, 1.692269, 0.178609, -0.980035, -0.087354, 0.0, 0.0, 0.0, 0.0, 1.0],
                [0.957441, 0.22965, 0.174838, 0.0, -0.114216, -0.254851, 0.960211, 1.692269, 0.26507, -0.939315, -0.217775, -0.0, 0.0, 0.0, 0.0, 1.0],
                [0.955573, 0.235782, 0.176883, 0.0, -0.118554, -0.241977, 0.963012, 1.692268, 0.269863, -0.941198, -0.203274, 0.0, 0.0, 0.0, 0.0, 1.0],
                [0.959767, 0.193917, 0.203083, -0.0, -0.124639, -0.353882, 0.926948, 1.692268, 0.251619, -0.914967, -0.315474, -0.0, 0.0, 0.0, 0.0, 1.0],
                [0.959523, 0.238321, 0.150063, -0.0, -0.133934, -0.082583, 0.987543, 1.692269, 0.247745, -0.967669, -0.047321, -0.0, 0.0, 0.0, 0.0, 1.0],
                [0.959571, 0.24623, 0.136365, 0.0, -0.14755, 0.027469, 0.988673, 1.692269, 0.239696, -0.968822, 0.062689, 0.0, 0.0, 0.0, 0.0, 1.0]
            ]
        },
        {
            "name": "Leg_Back_R3",
            "time": [0.0, 0.65, 0.95, 1.2333, 1.4333, 1.6167, 2.1, 2.4167, 3.1833],
            "transform": [
                [1.0, -4e-05, 1e-05, -0.0, 2.9e-05, 0.509404, -0.860527, 2.159913, 3e-05, 0.860527, 0.509404, 1e-06, 0.0, 0.0, 0.0, 1.0],
                [1.0, -0.0, -1e-06, 0.0, -0.0, 0.515596, -0.856832, 2.159911, 0.0, 0.856832, 0.515596, -0.0, 0.0, 0.0, 0.0, 1.0],
                [0.974818, -0.211099, 0.071876, 0.0, 0.101893, 0.13494, -0.985601, 2.159911, 0.198361, 0.968105, 0.153052, 0.0, 0.0, 0.0, 0.0, 1.0],
                [0.887032, -0.01685, 0.4614, 0.0, 0.359067, -0.603049, -0.712322, 2.15991, 0.29025, 0.797526, -0.528874, 0.0, 0.0, 0.0, 0.0, 1.0],
                [0.74625, 0.024369, 0.665219, 0.0, 0.483184, -0.707205, -0.516134, 2.159911, 0.457869, 0.706588, -0.539527, -0.0, 0.0, 0.0, 0.0, 1.0],
                [0.730157, 0.021439, 0.682943, -0.0, 0.491482, -0.710839, -0.503145, 2.159911, 0.474676, 0.703028, -0.529561, 0.0, 0.0, 0.0, 0.0, 1.0],
                [0.825875, -0.024942, 0.563301, -0.0, 0.407163, -0.664722, -0.626389, 2.159911, 0.390062, 0.746674, -0.538822, 0.0, 0.0, 0.0, 0.0, 1.0],
                [0.81986, -0.027317, 0.571912, 0.0, 0.42488, -0.640537, -0.639679, 2.159911, 0.383805, 0.767442, -0.513544, 0.0, 0.0, 0.0, 0.0, 1.0],
                [0.814458, -0.043605, 0.578581, -0.0, 0.430091, -0.623957, -0.652457, 2.15991, 0.38946, 0.780241, -0.489433, -0.0, 0.0, 0.0, 0.0, 1.0]
            ]
        },
        {
            "name": "Leg_Back_L1",
            "time": [0.0, 0.65, 0.95, 1.2333, 1.4333, 1.6167, 2.1, 2.4167, 3.1833],
            "transform": [
                [0.999999, -1e-05, 7e-06, -0.999948, -1.1e-05, -0.444194, 0.89593, 0.54467, -6e-06, -0.89593, -0.444193, 0.036198, 0.0, 0.0, 0.0, 1.0],
                [0.966278, -0.254579, -0.038668, -0.999947, 0.254485, 0.92123, 0.294233, 0.544667, -0.039283, -0.29415, 0.954951, 0.036199, 0.0, 0.0, 0.0, 1.0],
                [0.965832, -0.073728, -0.248459, -0.999948, 0.255454, 0.109114, 0.960644, 0.544667, -0.043716, -0.99129, 0.12422, 0.036198, 0.0, 0.0, 0.0, 1.0],
                [0.435098, -0.835195, -0.336361, -0.999947, 0.90035, 0.406766, 0.154631, 0.544666, 0.007673, -0.370122, 0.92895, 0.036198, 0.0, 0.0, 0.0, 1.0],
                [0.407212, -0.883002, -0.23342, -0.999947, 0.903435, 0.3519, 0.244888, 0.544666, -0.134096, -0.310601, 0.941033, 0.036198, 0.0, 0.0, 0.0, 1.0],
                [0.404854, -0.881674, -0.242371, -0.999947, 0.902438, 0.342574, 0.261244, 0.544666, -0.147301, -0.32449, 0.934349, 0.036199, 0.0, 0.0, 0.0, 1.0],
                [0.422736, -0.892103, -0.15952, -0.999947, 0.904309, 0.403722, 0.138683, 0.544666, -0.059317, -0.202882, 0.977404, 0.036199, 0.0, 0.0, 0.0, 1.0],
                [0.411943, -0.840243, -0.352554, -0.999947, 0.899798, 0.314062, 0.302866, 0.544666, -0.143757, -0.44199, 0.885424, 0.036198, 0.0, 0.0, 0.0, 1.0],
                [0.40893, -0.811222, -0.417965, -0.999947, 0.897496, 0.274624, 0.345083, 0.544666, -0.165155, -0.516237, 0.84037, 0.036199, 0.0, 0.0, 0.0, 1.0]
            ]
        },
        {
            "name": "Leg_Back_L2",
            "time": [0.0, 0.65, 0.95, 1.2333, 1.4333, 1.6167, 2.1, 2.4167, 3.1833],
            "transform": [
                [1.0, 1e-06, -0.0, -0.0, 0.0, -0.09794, 0.995193, 1.692269, 1e-06, -0.995193, -0.09794, 2e-06, 0.0, 0.0, 0.0, 1.0],
                [0.963203, -0.244519, 0.111581, 0.0, -0.262502, -0.766666, 0.585932, 1.692269, -0.057726, -0.593662, -0.802642, 0.0, 0.0, 0.0, 0.0, 1.0],
                [0.955481, 0.203225, 0.213904, 0.0, -0.281105, 0.847263, 0.450694, 1.692269, -0.089641, -0.49076, 0.866672, -0.0, 0.0, 0.0, 0.0, 1.0],
                [1.0, 0.0, 0.0, 0.0, -0.0, -0.161676, 0.986844, 1.692269, 0.0, -0.986844, -0.161676, 0.0, 0.0, 0.0, 0.0, 1.0],
                [1.0, 0.0, 0.0, -0.0, -0.0, -0.32089, 0.947117, 1.692269, 0.0, -0.947117, -0.32089, 0.0, 0.0, 0.0, 0.0, 1.0],
                [1.0, -0.0, 0.0, -0.0, -0.0, -0.309542, 0.950886, 1.692269, 0.0, -0.950886, -0.309542, 0.0, 0.0, 0.0, 0.0, 1.0],
                [1.0, -0.0, 1e-06, 0.0, -1e-06, -0.410358, 0.911925, 1.692268, 0.0, -0.911925, -0.410358, -0.0, 0.0, 0.0, 0.0, 1.0],
                [1.0, -0.0, 1e-06, -0.0, -1e-06, -0.145328, 0.989384, 1.692269, -0.0, -0.989384, -0.145328, 0.0, 0.0, 0.0, 0.0, 1.0],
                [1.0, -0.0, 1e-06, -0.0, -1e-06, -0.037614, 0.999293, 1.692268, -0.0, -0.999293, -0.037614, 0.0, 0.0, 0.0, 0.0, 1.0]
            ]
        },
        {
            "name": "Leg_Back_L3",
            "time": [0.0, 0.65, 0.95, 1.2333, 1.4333, 1.6167, 2.1, 2.4167, 3.1833],
            "transform": [
                [1.0, -6e-06, 3e-06, 0.0, 6e-06, 0.509405, -0.860527, 2.159911, 4e-06, 0.860527, 0.509405, 1e-06, 0.0, 0.0, 0.0, 1.0],
                [1.0, -2e-06, 2e-06, 0.0, 2e-06, 0.515594, -0.856833, 2.15991, 1e-06, 0.856833, 0.515594, 0.0, 0.0, 0.0, 0.0, 1.0],
                [0.982872, 0.18416, -0.006962, 0.0, -0.024129, 0.091141, -0.995546, 2.159911, -0.182705, 0.978661, 0.094024, -0.0, 0.0, 0.0, 0.0, 1.0],
                [0.938048, 0.038057, -0.344409, -0.0, -0.228979, -0.677919, -0.698567, 2.159911, -0.260067, 0.734151, -0.627206, -0.0, 0.0, 0.0, 0.0, 1.0],
                [0.836823, 0.008165, -0.547412, -0.0, -0.337294, -0.779898, -0.52725, 2.159911, -0.43123, 0.625854, -0.649883, -0.0, 0.0, 0.0, 0.0, 1.0],
                [0.822004, 0.006434, -0.569445, 0.0, -0.348217, -0.785544, -0.511533, 2.159911, -0.450616, 0.618772, -0.64348, -0.0, 0.0, 0.0, 0.0, 1.0],
                [0.912948, 0.031161, -0.406884, 0.0, -0.252542, -0.740064, -0.62332, 2.159911, -0.320544, 0.671814, -0.66777, 0.0, 0.0, 0.0, 0.0, 1.0],
                [0.8969, 0.031849, -0.441084, -0.0, -0.290333, -0.709946, -0.641626, 2.159911, -0.333581, 0.703536, -0.627504, 0.0, 0.0, 0.0, 0.0, 1.0],
                [0.889715, 0.0283, -0.455638, -0.0, -0.310064, -0.695085, -0.648627, 2.159911, -0.335063, 0.71837, -0.609653, -0.0, 0.0, 0.0, 0.0, 1.0]
            ]
        },
        {
            "name": "Torso",
            "time": [0.0, 0.65, 1.1, 3.1833],
            "transform": [
                [1.0, 0.0, 0.0, 0.0, 0.0, 0.995624, 0.093453, 0.273754, 0.0, -0.093453, 0.995624, -0.0, 0.0, 0.0, 0.0, 1.0],
                [1.0, 0.0, 0.0, 0.0, 0.0, 0.951923, -0.306336, 0.273754, 0.0, 0.306336, 0.951923, 0.0, 0.0, 0.0, 0.0, 1.0],
                [1.0, 0.0, -0.0, 0.0, -0.0, 0.951923, -0.306336, 0.273754, -0.0, 0.306336, 0.951923, 0.0, 0.0, 0.0, 0.0, 1.0],
                [1.0, 0.0, 0.0, 0.0, 0.0, 0.951923, -0.306336, 0.273754, -0.0, 0.306336, 0.951923, -0.0, 0.0, 0.0, 0.0, 1.0]
            ]
        },
        {
            "name": "Tail1",
            "time": [0.0, 0.65, 0.95, 1.2333, 1.4333, 2.1, 2.4167, 3.1833],
            "transform": [
                [-1.0, 0.0, 0.0, -0.0, 0.0, -1.0, 0.0, -0.51619, 0.0, 0.0, 1.0, 0.429315, 0.0, 0.0, 0.0, 1.0],
                [-1.0, 0.0, 0.0, -0.0, 0.0, -1.0, 0.0, -0.516187, 0.0, 0.0, 1.0, 0.429314, 0.0, 0.0, 0.0, 1.0],
                [-1.0, -0.0, -0.0, 0.0, 0.0, -0.624121, -0.781328, -0.516188, 0.0, -0.781328, 0.624121, 0.429314, 0.0, 0.0, 0.0, 1.0],
                [-1.0, -0.0, -0.0, 0.0, 0.0, -0.595246, -0.803544, -0.516188, 0.0, -0.803544, 0.595245, 0.429315, 0.0, 0.0, 0.0, 1.0],
                [-1.0, -0.0, -0.0, 0.0, 0.0, -0.526928, -0.84991, -0.516188, 0.0, -0.84991, 0.526927, 0.429315, 0.0, 0.0, 0.0, 1.0],
                [-1.0, -0.0, -0.0, 0.0, 0.0, -0.581093, -0.813837, -0.516188, 0.0, -0.813838, 0.581092, 0.429315, 0.0, 0.0, 0.0, 1.0],
                [-1.0, -0.0, -0.0, 2e-06, 0.0, -0.573151, -0.81945, -0.51619, 0.0, -0.81945, 0.573151, 0.429315, 0.0, 0.0, 0.0, 1.0],
                [-1.0, -0.0, -0.0, 2e-06, 0.0, -0.573151, -0.81945, -0.51619, 0.0, -0.81945, 0.573151, 0.429314, 0.0, 0.0, 0.0, 1.0]
            ]
        },
        {
            "name": "Tail2",
            "time": [0.0, 0.65, 0.95, 1.1, 1.2333, 1.4333, 1.6167, 2.4167, 3.1833],
            "transform": [
                [0.999999, -0.0, -0.0, 0.0, 0.0, 0.997111, -0.075958, 0.615501, 0.0, 0.075958, 0.997111, 0.0, 0.0, 0.0, 0.0, 1.0],
                [0.999999, 0.0, -0.0, 0.0, -0.0, 0.971956, -0.235162, 0.615504, 0.0, 0.235162, 0.971956, -0.0, 0.0, 0.0, 0.0, 1.0],
                [0.999999, -0.0, -0.0, -0.0, -0.0, 0.959709, -0.280996, 0.615504, 0.0, 0.280996, 0.959709, 0.0, 0.0, 0.0, 0.0, 1.0],
                [0.999999, -0.0, -0.0, -0.0, 0.0, 0.999443, -0.033358, 0.615504, 0.0, 0.033358, 0.999443, 0.0, 0.0, 0.0, 0.0, 1.0],
                [0.999999, 0.0, -0.0, -0.0, -0.0, 0.99212, -0.125289, 0.615504, 0.0, 0.125289, 0.99212, -0.0, 0.0, 0.0, 0.0, 1.0],
                [0.999999, 0.0, -0.0, -0.0, -0.0, 0.995636, -0.09332, 0.615504, 0.0, 0.09332, 0.995636, 0.0, 0.0, 0.0, 0.0, 1.0],
                [0.999999, -0.0, -0.0, -0.0, 0.0, 0.996104, -0.088181, 0.615504, 0.0, 0.088181, 0.996105, 0.0, 0.0, 0.0, 0.0, 1.0],
                [0.999999, -0.0, -0.0, -0.0, 0.0, 0.993111, -0.117178, 0.615504, 0.0, 0.117178, 0.993111, -0.0, 0.0, 0.0, 0.0, 1.0],
                [0.999999, -0.0, -0.0, 0.0, 0.0, 0.992912, -0.118853, 0.615504, 0.0, 0.118853, 0.992912, -0.0, 0.0, 0.0, 0.0, 1.0]
            ]
        },
        {
            "name": "Tail3",
            "time": [0.0, 0.65, 0.95, 1.1, 1.2333, 1.4333, 1.6167, 2.4167, 3.1833],
            "transform": [
                [1.0, -0.0, -0.0, -0.0, 0.0, 0.999536, -0.030443, 0.624618, 0.0, 0.030443, 0.999536, 0.0, 0.0, 0.0, 0.0, 1.0],
                [1.0, 0.0, -0.0, -0.0, -0.0, 0.980676, -0.195635, 0.624616, 0.0, 0.195635, 0.980676, -0.0, 0.0, 0.0, 0.0, 1.0],
                [1.0, 0.0, -0.0, -0.0, -0.0, 0.969467, -0.245222, 0.624616, 0.0, 0.245222, 0.969467, -0.0, 0.0, 0.0, 0.0, 1.0],
                [1.0, 0.0, -0.0, -0.0, -0.0, 0.997942, -0.064116, 0.624616, 0.0, 0.064116, 0.997942, 0.0, 0.0, 0.0, 0.0, 1.0],
                [1.0, 0.0, -0.0, -0.0, -0.0, 0.993885, -0.110418, 0.624616, 0.0, 0.110418, 0.993885, 0.0, 0.0, 0.0, 0.0, 1.0],
                [1.0, 0.0, -0.0, -0.0, -0.0, 0.994742, -0.102407, 0.624616, 0.0, 0.102407, 0.994742, 0.0, 0.0, 0.0, 0.0, 1.0],
                [1.0, -0.0, -0.0, 0.0, 0.0, 0.994874, -0.101121, 0.624616, 0.0, 0.101121, 0.994874, 0.0, 0.0, 0.0, 0.0, 1.0],
                [1.0, -0.0, -0.0, 0.0, 0.0, 0.992384, -0.123177, 0.624616, 0.0, 0.123177, 0.992384, -0.0, 0.0, 0.0, 0.0, 1.0],
                [1.0, -0.0, -0.0, -0.0, 0.0, 0.992226, -0.124451, 0.624616, 0.0, 0.124451, 0.992225, 0.0, 0.0, 0.0, 0.0, 1.0]
            ]
        },
        {
            "name": "Tail4",
            "time": [0.0, 0.65, 0.95, 1.1, 1.2333, 1.4333, 1.6167, 2.4167, 3.1833],
            "transform": [
                [1.0, 0.0, -0.0, -0.0, -0.0, 0.999989, 0.004554, 0.626239, 0.0, -0.004554, 0.999989, -1e-06, 0.0, 0.0, 0.0, 1.0],
                [1.0, 0.0, -0.0, 0.0, -0.0, 0.986631, -0.162968, 0.62624, 0.0, 0.162968, 0.986631, 0.0, 0.0, 0.0, 0.0, 1.0],
                [1.0, 0.0, -0.0, 0.0, -0.0, 0.976731, -0.214467, 0.62624, 0.0, 0.214467, 0.976731, 0.0, 0.0, 0.0, 0.0, 1.0],
                [1.0, 0.0, -0.0, 0.0, -0.0, 0.995915, -0.090286, 0.62624, 0.0, 0.090286, 0.995916, 0.0, 0.0, 0.0, 0.0, 1.0],
                [1.0, 0.0, -0.0, -0.0, -0.0, 0.995248, -0.097368, 0.62624, 0.0, 0.097368, 0.995248, 0.0, 0.0, 0.0, 0.0, 1.0],
                [1.0, 0.0, -0.0, -0.0, -0.0, 0.994562, -0.104145, 0.62624, 0.0, 0.104145, 0.994562, 0.0, 0.0, 0.0, 0.0, 1.0],
                [1.0, -0.0, -0.0, -0.0, 0.0, 0.994381, -0.105857, 0.62624, 0.0, 0.105857, 0.994381, 0.0, 0.0, 0.0, 0.0, 1.0],
                [1.0, -0.0, -0.0, 0.0, 0.0, 0.992513, -0.122135, 0.62624, 0.0, 0.122135, 0.992513, 0.0, 0.0, 0.0, 0.0, 1.0],
                [1.0, -0.0, -0.0, -0.0, 0.0, 0.99243, -0.122806, 0.62624, 0.0, 0.122806, 0.992431, -0.0, 0.0, 0.0, 0.0, 1.0]
            ]
        },
        {
            "name": "Tail5",
            "time": [0.0, 0.65, 0.95, 1.1, 1.2333, 1.4333, 1.6167, 2.4167, 3.1833],
            "transform": [
                [1.0, 0.0, -0.0, 0.0, -0.0, 0.999549, 0.030025, 0.624652, 0.0, -0.030025, 0.999549, 1e-06, 0.0, 0.0, 0.0, 1.0],
                [1.0, 0.0, -0.0, -0.0, -0.0, 0.990782, -0.13547, 0.624648, 0.0, 0.13547, 0.990782, 0.0, 0.0, 0.0, 0.0, 1.0],
                [1.0, 0.0, -0.0, -0.0, -0.0, 0.98249, -0.186317, 0.624649, 0.0, 0.186317, 0.98249, -0.0, 0.0, 0.0, 0.0, 1.0],
                [1.0, 0.0, -0.0, 0.0, -0.0, 0.993946, -0.109874, 0.624649, 0.0, 0.109874, 0.993946, -0.0, 0.0, 0.0, 0.0, 1.0],
                [1.0, 0.0, -0.0, 0.0, -0.0, 0.996338, -0.085506, 0.624649, 0.0, 0.085506, 0.996338, -0.0, 0.0, 0.0, 0.0, 1.0],
                [1.0, 0.0, -0.0, 0.0, -0.0, 0.994991, -0.099968, 0.624649, 0.0, 0.099968, 0.994991, -0.0, 0.0, 0.0, 0.0, 1.0],
                [1.0, -0.0, -0.0, 0.0, 0.0, 0.994581, -0.103968, 0.624649, 0.0, 0.103968, 0.994581, 0.0, 0.0, 0.0, 0.0, 1.0],
                [1.0, -0.0, -0.0, -0.0, 0.0, 0.993332, -0.115289, 0.624649, 0.0, 0.115289, 0.993332, 0.0, 0.0, 0.0, 0.0, 1.0],
                [1.0, -0.0, 0.0, -0.0, 0.0, 0.993294, -0.115615, 0.624649, 0.0, 0.115615, 0.993294, 0.0, 0.0, 0.0, 0.0, 1.0]
            ]
        },
        {
            "name": "Tail6",
            "time": [0.0, 0.65, 0.95, 1.1, 1.2333, 1.4333, 1.6167, 2.4167, 3.1833],
            "transform": [
                [1.0, 0.0, -0.0, -0.0, -0.0, 0.998902, 0.046848, 0.62327, 0.0, -0.046848, 0.998902, -1e-06, 0.0, 0.0, 0.0, 1.0],
                [1.0, 0.0, -0.0, -0.0, -0.0, 0.993723, -0.111872, 0.623274, 0.0, 0.111872, 0.993723, -0.0, 0.0, 0.0, 0.0, 1.0],
                [1.0, 0.0, -0.0, -0.0, -0.0, 0.98718, -0.159614, 0.623273, 0.0, 0.159614, 0.987179, -0.0, 0.0, 0.0, 0.0, 1.0],
                [1.0, 0.0, -0.0, -0.0, -0.0, 0.992572, -0.121663, 0.623274, 0.0, 0.121663, 0.992571, -0.0, 0.0, 0.0, 0.0, 1.0],
                [1.0, 0.0, -0.0, -0.0, -0.0, 0.997232, -0.074362, 0.623274, 0.0, 0.074362, 0.997231, -0.0, 0.0, 0.0, 0.0, 1.0],
                [1.0, 0.0, -0.0, 0.0, -0.0, 0.995661, -0.093056, 0.623273, 0.0, 0.093056, 0.995661, 0.0, 0.0, 0.0, 0.0, 1.0],
                [1.0, -0.0, -0.0, -0.0, 0.0, 0.995273, -0.097125, 0.623273, 0.0, 0.097125, 0.995272, 0.0, 0.0, 0.0, 0.0, 1.0],
                [1.0, -0.0, -0.0, -0.0, 0.0, 0.994534, -0.104422, 0.623273, 0.0, 0.104422, 0.994533, 0.0, 0.0, 0.0, 0.0, 1.0],
                [1.0, -0.0, 0.0, -0.0, 0.0, 0.994519, -0.104557, 0.623273, 0.0, 0.104557, 0.994519, -0.0, 0.0, 0.0, 0.0, 1.0]
            ]
        },
        {
            "name": "Tail7",
            "time": [0.0, 0.65, 0.95, 1.1, 1.2333, 1.4333, 1.6167, 2.4167, 3.1833],
            "transform": [
                [1.0, 0.0, -0.0, -0.0, -0.0, 0.998437, 0.055892, 0.625388, 0.0, -0.055892, 0.998437, -1e-06, 0.0, 0.0, 0.0, 1.0],
                [1.0, 0.0, -0.0, 0.0, -0.0, 0.995829, -0.091237, 0.625387, 0.0, 0.091237, 0.995829, 0.0, 0.0, 0.0, 0.0, 1.0],
                [1.0, 0.0, -0.0, -0.0, -0.0, 0.99098, -0.13401, 0.625388, 0.0, 0.13401, 0.99098, 0.0, 0.0, 0.0, 0.0, 1.0],
                [1.0, 0.0, -0.0, -0.0, -0.0, 0.992149, -0.125063, 0.625387, -0.0, 0.125063, 0.992149, -0.0, 0.0, 0.0, 0.0, 1.0],
                [1.0, 0.0, -0.0, 0.0, -0.0, 0.997977, -0.063577, 0.625387, 0.0, 0.063577, 0.997977, 0.0, 0.0, 0.0, 0.0, 1.0],
                [1.0, -0.0, 0.0, -0.0, 0.0, 0.996547, -0.083035, 0.625387, 0.0, 0.083035, 0.996547, -0.0, 0.0, 0.0, 0.0, 1.0],
                [1.0, -0.0, 0.0, -0.0, 0.0, 0.996229, -0.086767, 0.625387, 0.0, 0.086767, 0.996229, 0.0, 0.0, 0.0, 0.0, 1.0],
                [1.0, -0.0, 0.0, -0.0, 0.0, 0.995851, -0.091, 0.625387, 0.0, 0.091, 0.995851, 0.0, 0.0, 0.0, 0.0, 1.0],
                [1.0, -0.0, 0.0, -0.0, 0.0, 0.99585, -0.091013, 0.625387, 0.0, 0.091013, 0.99585, 0.0, 0.0, 0.0, 0.0, 1.0]
            ]
        },
        {
            "name": "Tail8",
            "time": [0.0, 0.65, 0.95, 1.1, 1.2333, 1.4333, 1.6167, 2.4167, 3.1833],
            "transform": [
                [1.0, 0.0, -0.0, -0.0, -0.0, 0.99832, 0.05795, 0.625388, 0.0, -0.05795, 0.998319, 0.0, 0.0, 0.0, 0.0, 1.0],
                [1.0, 0.0, -0.0, 0.0, -0.0, 0.997329, -0.073037, 0.625387, 0.0, 0.073037, 0.997329, 0.0, 0.0, 0.0, 0.0, 1.0],
                [1.0, 0.0, -0.0, -0.0, -0.0, 0.993965, -0.109702, 0.625388, 0.0, 0.109702, 0.993964, 0.0, 0.0, 0.0, 0.0, 1.0],
                [1.0, 0.0, -0.0, -0.0, -0.0, 0.992777, -0.119978, 0.625388, -0.0, 0.119978, 0.992776, -0.0, 0.0, 0.0, 0.0, 1.0],
                [1.0, 0.0, -0.0, -0.0, -0.0, 0.998595, -0.052996, 0.625388, 0.0, 0.052996, 0.998595, 0.0, 0.0, 0.0, 0.0, 1.0],
                [1.0, 0.0, -0.0, -0.0, -0.0, 0.99748, -0.070952, 0.625387, 0.0, 0.070952, 0.99748, 0.0, 0.0, 0.0, 0.0, 1.0],
                [1.0, -0.0, 0.0, -0.0, 0.0, 0.997249, -0.074121, 0.625387, 0.0, 0.074121, 0.997249, -0.0, 0.0, 0.0, 0.0, 1.0],
                [1.0, -0.0, 0.0, -0.0, 0.0, 0.997098, -0.076129, 0.625387, 0.0, 0.076129, 0.997098, 0.0, 0.0, 0.0, 0.0, 1.0],
                [1.0, -0.0, 0.0, -0.0, 0.0, 0.997098, -0.076132, 0.625387, 0.0, 0.076132, 0.997098, -0.0, 0.0, 0.0, 0.0, 1.0]
            ]
        },
        {
            "name": "Tail9",
            "time": [0.0, 0.65, 0.95, 1.1, 1.2333, 1.4333, 1.6167, 2.4167, 3.1833],
            "transform": [
                [1.0, 0.0, -0.0, -0.0, -0.0, 0.998542, 0.053973, 0.624784, 0.0, -0.053973, 0.998542, -1e-06, 0.0, 0.0, 0.0, 1.0],
                [1.0, 0.0, -0.0, 0.0, -0.0, 0.99839, -0.056719, 0.624783, 0.0, 0.056719, 0.99839, 0.0, 0.0, 0.0, 0.0, 1.0],
                [1.0, 0.0, -0.0, 0.0, -0.0, 0.996236, -0.086679, 0.624782, 0.0, 0.086679, 0.996236, -0.0, 0.0, 0.0, 0.0, 1.0],
                [1.0, 0.0, -0.0, -0.0, -0.0, 0.994269, -0.106908, 0.624782, -0.0, 0.106908, 0.994269, -0.0, 0.0, 0.0, 0.0, 1.0],
                [1.0, 0.0, -0.0, -0.0, -0.0, 0.999096, -0.042492, 0.624782, 0.0, 0.042492, 0.999097, 0.0, 0.0, 0.0, 0.0, 1.0],
                [1.0, 0.0, -0.0, 0.0, -0.0, 0.998339, -0.057603, 0.624782, 0.0, 0.057603, 0.99834, 0.0, 0.0, 0.0, 0.0, 1.0],
                [1.0, -0.0, 0.0, 0.0, 0.0, 0.998191, -0.060113, 0.624782, 0.0, 0.060113, 0.998192, 0.0, 0.0, 0.0, 0.0, 1.0],
                [1.0, -0.0, 0.0, -0.0, 0.0, 0.998155, -0.060711, 0.624781, 0.0, 0.060711, 0.998155, -0.0, 0.0, 0.0, 0.0, 1.0],
                [1.0, -0.0, 0.0, -0.0, 0.0, 0.998155, -0.060712, 0.624782, 0.0, 0.060712, 0.998155, -0.0, 0.0, 0.0, 0.0, 1.0]
            ]
        },
        {
            "name": "Tail10",
            "time": [0.0, 0.65, 0.95, 1.1, 1.2333, 1.4333, 1.6167, 2.4167, 3.1833],
            "transform": [
                [1.0, 0.0, 0.0, -0.0, -0.0, 0.998988, 0.044985, 0.625859, 0.0, -0.044985, 0.998988, 1e-06, 0.0, 0.0, 0.0, 1.0],
                [1.0, 0.0, -0.0, 0.0, -0.0, 0.999131, -0.041675, 0.625862, 0.0, 0.041675, 0.999131, -0.0, 0.0, 0.0, 0.0, 1.0],
                [1.0, 0.0, -0.0, 0.0, -0.0, 0.997914, -0.064556, 0.62586, 0.0, 0.064556, 0.997914, 0.0, 0.0, 0.0, 0.0, 1.0],
                [1.0, 0.0, -0.0, 0.0, -0.0, 0.996227, -0.086788, 0.62586, -0.0, 0.086788, 0.996227, -0.0, 0.0, 0.0, 0.0, 1.0],
                [1.0, 0.0, -0.0, 0.0, -0.0, 0.99949, -0.031946, 0.62586, 0.0, 0.031946, 0.99949, 0.0, 0.0, 0.0, 0.0, 1.0],
                [1.0, 0.0, -0.0, 0.0, -0.0, 0.999052, -0.043532, 0.625861, 0.0, 0.043532, 0.999052, 0.0, 0.0, 0.0, 0.0, 1.0],
                [1.0, -0.0, 0.0, 0.0, 0.0, 0.998969, -0.045391, 0.62586, 0.0, 0.045391, 0.998969, 0.0, 0.0, 0.0, 0.0, 1.0],
                [1.0, -0.0, 0.0, 0.0, 0.0, 0.998976, -0.045251, 0.62586, 0.0, 0.045251, 0.998976, -0.0, 0.0, 0.0, 0.0, 1.0],
                [1.0, -0.0, 0.0, -0.0, 0.0, 0.998976, -0.045243, 0.62586, 0.0, 0.045243, 0.998976, -0.0, 0.0, 0.0, 0.0, 1.0]
            ]
        },
        {
            "name": "Tail11",
            "time": [0.0, 0.65, 0.95, 1.1, 1.2333, 1.4333, 1.6167, 2.4167, 3.1833],
            "transform": [
                [1.0, 0.0, 0.0, -0.0, -0.0, 0.999483, 0.032143, 0.625142, 0.0, -0.032143, 0.999483, -1e-06, 0.0, 0.0, 0.0, 1.0],
                [1.0, 0.0, -0.0, -0.0, -0.0, 0.999624, -0.027435, 0.625141, 0.0, 0.027435, 0.999624, 0.0, 0.0, 0.0, 0.0, 1.0],
                [1.0, 0.0, -0.0, 0.0, -0.0, 0.999078, -0.042926, 0.625142, 0.0, 0.042926, 0.999078, -1e-06, 0.0, 0.0, 0.0, 1.0],
                [1.0, 0.0, -0.0, 0.0, -0.0, 0.998134, -0.061056, 0.625141, -0.0, 0.061056, 0.998134, -0.0, 0.0, 0.0, 0.0, 1.0],
                [1.0, 0.0, -0.0, -0.0, -0.0, 0.999772, -0.021338, 0.625141, 0.0, 0.021338, 0.999772, 0.0, 0.0, 0.0, 0.0, 1.0],
                [1.0, 0.0, -0.0, 0.0, -0.0, 0.999577, -0.029088, 0.625141, 0.0, 0.029088, 0.999577, 0.0, 0.0, 0.0, 0.0, 1.0],
                [1.0, -0.0, 0.0, 0.0, 0.0, 0.99954, -0.030331, 0.625141, 0.0, 0.030331, 0.99954, -0.0, 0.0, 0.0, 0.0, 1.0],
                [1.0, -0.0, 0.0, -0.0, 0.0, 0.999551, -0.029972, 0.625141, 0.0, 0.029972, 0.999551, 0.0, 0.0, 0.0, 0.0, 1.0],
                [1.0, -0.0, 0.0, -0.0, 0.0, 0.999551, -0.029951, 0.625142, 0.0, 0.029951, 0.999551, -0.0, 0.0, 0.0, 0.0, 1.0]
            ]
        },
        {
            "name": "Tail12",
            "time": [0.0, 0.65, 0.95, 1.1, 1.2333, 1.4333, 1.6167, 2.4167, 3.1833],
            "transform": [
                [1.0, 0.0, 0.0, -0.0, -0.0, 0.999861, 0.016676, 0.624678, 0.0, -0.016676, 0.999861, 0.0, 0.0, 0.0, 0.0, 1.0],
                [1.0, 0.0, -0.0, 0.0, -0.0, 0.999908, -0.013588, 0.624678, 0.0, 0.013588, 0.999908, -1e-06, 0.0, 0.0, 0.0, 1.0],
                [1.0, 0.0, -0.0, -0.0, -0.0, 0.999771, -0.021403, 0.624677, 0.0, 0.021403, 0.999771, -0.0, 0.0, 0.0, 0.0, 1.0],
                [1.0, 0.0, -0.0, 0.0, -0.0, 0.999506, -0.031414, 0.624676, -0.0, 0.031414, 0.999506, 0.0, 0.0, 0.0, 0.0, 1.0],
                [1.0, 0.0, -0.0, -0.0, -0.0, 0.999943, -0.010653, 0.624677, 0.0, 0.010653, 0.999943, -0.0, 0.0, 0.0, 0.0, 1.0],
                [1.0, 0.0, -0.0, -0.0, -0.0, 0.999895, -0.014503, 0.624677, 0.0, 0.014503, 0.999895, -0.0, 0.0, 0.0, 0.0, 1.0],
                [1.0, -0.0, 0.0, -0.0, 0.0, 0.999886, -0.015121, 0.624677, 0.0, 0.015121, 0.999886, -0.0, 0.0, 0.0, 0.0, 1.0],
                [1.0, -0.0, 0.0, -0.0, 0.0, 0.99989, -0.014857, 0.624676, 0.0, 0.014857, 0.99989, -0.0, 0.0, 0.0, 0.0, 1.0],
                [1.0, -0.0, 0.0, 0.0, 0.0, 0.99989, -0.014842, 0.624677, 0.0, 0.014842, 0.99989, -0.0, 0.0, 0.0, 0.0, 1.0]
            ]
        },
        {
            "name": "Leg_Front_R1",
            "time": [0.0, 0.65, 0.95, 1.1, 1.1667, 1.2333, 1.4333, 1.6167, 2.1, 2.4167, 3.1833],
            "transform": [
                [1.0, 3e-06, 2e-06, 0.749746, 3e-06, -0.868153, -0.496296, 2.917174, 0.0, 0.496295, -0.868154, -0.176386, 0.0, 0.0, 0.0, 1.0],
                [0.236865, 0.130799, -0.962698, 0.749746, 0.954282, 0.15463, 0.255803, 2.917176, 0.182321, -0.979275, -0.088192, -0.176387, 0.0, 0.0, 0.0, 1.0],
                [0.998433, 0.010951, -0.054871, 0.749746, 0.052286, 0.166583, 0.98464, 2.917176, 0.019923, -0.985966, 0.16575, -0.176387, 0.0, 0.0, 0.0, 1.0],
                [0.998081, 0.022534, -0.057675, 0.749746, 0.057644, 0.00202, 0.998335, 2.917177, 0.022613, -0.999743, 0.000717, -0.176387, 0.0, 0.0, 0.0, 1.0],
                [0.999885, 0.01519, -0.00016, 0.749746, 0.009091, -0.589914, 0.807415, 2.917176, 0.01217, -0.807323, -0.589984, -0.176385, 0.0, 0.0, 0.0, 1.0],
                [0.999428, 0.032613, -0.008993, 0.749746, 0.030021, -0.732422, 0.680188, 2.917176, 0.015596, -0.680068, -0.732982, -0.176385, 0.0, 0.0, 0.0, 1.0],
                [0.952256, 0.30215, -0.043751, 0.749746, 0.305219, -0.938849, 0.159385, 2.917176, 0.007082, -0.165129, -0.986246, -0.176385, 0.0, 0.0, 0.0, 1.0],
                [0.887474, 0.459315, -0.037665, 0.749746, 0.460401, -0.879997, 0.116776, 2.917176, 0.020491, -0.120977, -0.992444, -0.176386, 0.0, 0.0, 0.0, 1.0],
                [0.969749, 0.240841, 0.039774, 0.749746, 0.193702, -0.858392, 0.475019, 2.917177, 0.148546, -0.452944, -0.879076, -0.176386, 0.0, 0.0, 0.0, 1.0],
                [0.982501, 0.185695, 0.014433, 0.749746, 0.140227, -0.788477, 0.598866, 2.917178, 0.122586, -0.586362, -0.800719, -0.176387, 0.0, 0.0, 0.0, 1.0],
                [0.987347, 0.158573, 0.001196, 0.749746, 0.1188, -0.744657, 0.656789, 2.917178, 0.10504, -0.648336, -0.754073, -0.176387, 0.0, 0.0, 0.0, 1.0]
            ]
        },
        {
            "name": "Leg_Front_R2",
            "time": [0.0, 0.65, 0.95, 1.1, 1.1667, 1.2333, 1.4333, 1.6167, 2.1, 2.4167, 3.1833],
            "transform": [
                [1.0, -0.0, 9e-06, 0.0, 8e-06, -0.441858, -0.897085, 1.253494, 4e-06, 0.897085, -0.441858, 1e-06, 0.0, 0.0, 0.0, 1.0],
                [0.984702, -0.142335, 0.100509, 0.0, 0.16777, 0.930265, -0.32628, 1.253495, -0.047059, 0.338151, 0.939914, 0.0, 0.0, 0.0, 0.0, 1.0],
                [0.99892, -0.038257, -0.026371, 0.0, 0.040776, 0.993868, 0.102774, 1.253495, 0.022277, -0.103739, 0.994355, 0.0, 0.0, 0.0, 0.0, 1.0],
                [0.998214, -0.036594, -0.047224, -0.0, 0.036801, 0.999316, 0.003532, 1.253495, 0.047063, -0.005264, 0.998878, 0.0, 0.0, 0.0, 0.0, 1.0],
                [0.999926, 0.01106, -0.005023, 0.0, -0.008982, 0.394793, -0.918726, 1.253494, -0.008178, 0.918703, 0.394863, 0.0, 0.0, 0.0, 0.0, 1.0],
                [0.999932, 0.00832, -0.00812, -0.0, -0.008823, 0.088299, -0.996055, 1.253495, -0.00757, 0.996059, 0.088366, 0.0, 0.0, 0.0, 0.0, 1.0],
                [0.998746, -0.044074, 0.023746, -0.0, -0.000203, -0.477866, -0.878433, 1.253495, 0.050063, 0.877326, -0.477275, -0.0, 0.0, 0.0, 0.0, 1.0],
                [0.982633, -0.10639, 0.152032, -0.0, 0.078996, -0.501518, -0.861533, 1.253495, 0.167906, 0.85858, -0.484404, -0.0, 0.0, 0.0, 0.0, 1.0],
                [0.963548, -0.137378, 0.229572, 0.0, 0.176048, -0.32056, -0.930724, 1.253495, 0.201453, 0.937213, -0.28469, 0.0, 0.0, 0.0, 0.0, 1.0],
                [0.978693, -0.182293, 0.094497, -0.0, 0.132254, 0.207614, -0.969229, 1.253495, 0.157065, 0.961075, 0.227299, -0.0, 0.0, 0.0, 0.0, 1.0],
                [0.983797, -0.171888, 0.050979, 0.0, 0.1183, 0.408685, -0.904976, 1.253495, 0.134721, 0.896343, 0.422397, 0.0, 0.0, 0.0, 0.0, 1.0]
            ]
        },
        {
            "name": "Leg_Front_R3",
            "time": [0.0, 0.65, 0.95, 1.1, 1.1667, 1.2333, 1.4333, 1.6167, 2.1, 2.4167, 3.1833],
            "transform": [
                [1.0, -1e-06, -1e-06, 0.0, -0.0, 0.516808, -0.856101, 1.488528, 1e-06, 0.856101, 0.516808, 1e-06, 0.0, 0.0, 0.0, 1.0],
                [0.996046, -0.077949, 0.042613, 0.0, 0.08833, 0.920145, -0.381486, 1.488528, -0.009473, 0.383741, 0.923392, -0.0, 0.0, 0.0, 0.0, 1.0],
                [0.993438, 0.082444, 0.079278, 0.0, 0.069072, 0.120023, -0.990365, 1.488528, -0.091165, 0.989342, 0.113541, -0.0, 0.0, 0.0, 0.0, 1.0],
                [0.99463, 0.100656, -0.024083, 0.0, -0.015062, -0.089438, -0.995879, 1.488528, -0.102396, 0.990893, -0.087442, -0.0, 0.0, 0.0, 0.0, 1.0],
                [0.999605, 0.009548, 0.026414, 0.0, 0.019687, 0.432574, -0.901384, 1.488528, -0.020032, 0.901548, 0.432215, -0.0, 0.0, 0.0, 0.0, 1.0],
                [0.999044, 0.034805, 0.02647, 0.0, 0.003495, 0.539846, -0.841756, 1.488528, -0.043587, 0.841044, 0.539208, -0.0, 0.0, 0.0, 0.0, 1.0],
                [0.949862, 0.299744, -0.088973, -0.0, -0.215359, 0.420893, -0.881175, 1.488528, -0.226679, 0.856155, 0.464343, 0.0, 0.0, 0.0, 0.0, 1.0],
                [0.902738, 0.362749, -0.231252, 0.0, -0.354615, 0.323159, -0.877392, 1.488528, -0.243541, 0.874061, 0.420364, -0.0, 0.0, 0.0, 0.0, 1.0],
                [0.98507, 0.120769, -0.122689, -0.0, -0.171554, 0.629048, -0.7582, 1.488528, -0.01439, 0.767928, 0.640375, 0.0, 0.0, 0.0, 0.0, 1.0],
                [0.988561, 0.126867, -0.081562, -0.0, -0.122299, 0.357813, -0.92575, 1.488528, -0.088263, 0.925135, 0.369235, -0.0, 0.0, 0.0, 0.0, 1.0],
                [0.990103, 0.115143, -0.080241, -0.0, -0.106885, 0.248125, -0.962813, 1.488528, -0.090952, 0.961861, 0.257976, 0.0, 0.0, 0.0, 0.0, 1.0]
            ]
        },
        {
            "name": "Leg_Front_L1",
            "time": [0.0, 0.65, 0.95, 1.1, 1.1667, 1.2333, 1.4333, 1.6167, 2.1, 2.4167, 3.1833],
            "transform": [
                [1.0, 5e-06, 3e-06, -0.749884, 6e-06, -0.868154, -0.496295, 2.917174, 0.0, 0.496295, -0.868154, -0.176386, 0.0, 0.0, 0.0, 1.0],
                [0.205316, -0.17021, 0.963781, -0.749884, -0.957011, 0.171231, 0.234114, 2.917176, -0.204877, -0.970416, -0.127736, -0.176387, 0.0, 0.0, 0.0, 1.0],
                [0.996415, -0.038524, 0.075324, -0.749884, -0.067917, 0.16666, 0.983673, 2.917176, -0.050449, -0.985261, 0.163446, -0.176387, 0.0, 0.0, 0.0, 1.0],
                [0.992145, -0.079042, 0.096962, -0.749884, -0.097102, 0.002071, 0.995272, 2.917177, -0.07887, -0.996869, -0.00562, -0.176388, 0.0, 0.0, 0.0, 1.0],
                [0.999884, 0.01522, -0.00014, -0.749884, 0.009106, -0.590822, 0.806751, 2.917176, 0.012196, -0.806658, -0.590892, -0.176386, 0.0, 0.0, 0.0, 1.0],
                [0.999857, -0.004865, 0.016196, -0.749884, -0.014584, -0.732892, 0.680189, 2.917176, 0.008561, -0.680328, -0.732857, -0.176385, 0.0, 0.0, 0.0, 1.0],
                [0.955032, -0.287761, 0.071475, -0.749884, -0.295926, -0.940109, 0.169184, 2.917176, 0.01851, -0.182728, -0.982989, -0.176385, 0.0, 0.0, 0.0, 1.0],
                [0.896757, -0.43724, 0.068177, -0.749883, -0.442511, -0.887158, 0.130901, 2.917176, 0.003248, -0.147555, -0.989048, -0.176386, 0.0, 0.0, 0.0, 1.0],
                [0.945048, -0.312297, -0.096725, -0.749883, -0.22008, -0.826476, 0.518172, 2.917177, -0.241764, -0.468409, -0.849789, -0.176388, 0.0, 0.0, 0.0, 1.0],
                [0.969181, -0.244115, -0.033121, -0.749883, -0.170581, -0.761995, 0.624713, 2.917177, -0.17774, -0.599809, -0.780151, -0.176387, 0.0, 0.0, 0.0, 1.0],
                [0.978626, -0.205435, -0.009327, -0.749884, -0.145283, -0.722759, 0.675657, 2.917177, -0.145545, -0.65986, -0.737157, -0.176388, 0.0, 0.0, 0.0, 1.0]
            ]
        },
        {
            "name": "Leg_Front_L2",
            "time": [0.0, 0.65, 0.95, 1.1, 1.1667, 1.2333, 1.4333, 1.6167, 2.1, 2.4167, 3.1833],
            "transform": [
                [1.0, 1e-06, 1.8e-05, -0.0, 1.7e-05, -0.441858, -0.897085, 1.253493, 7e-06, 0.897084, -0.441858, -0.0, 0.0, 0.0, 0.0, 1.0],
                [0.986973, 0.124152, -0.102323, -0.0, -0.153546, 0.916785, -0.368683, 1.253495, 0.048036, 0.379592, 0.923906, 0.0, 0.0, 0.0, 0.0, 1.0],
                [0.997663, 0.056219, 0.038829, 0.0, -0.059871, 0.993147, 0.100369, 1.253495, -0.03292, -0.102459, 0.994192, -0.0, 0.0, 0.0, 0.0, 1.0],
                [0.99571, 0.06809, 0.062649, -0.0, -0.068126, 0.997675, -0.001571, 1.253495, -0.062611, -0.002704, 0.998034, 0.0, 0.0, 0.0, 0.0, 1.0],
                [0.999925, 0.011105, -0.005069, 0.0, -0.009015, 0.391784, -0.920013, 1.253495, -0.008231, 0.91999, 0.391855, 0.0, 0.0, 0.0, 0.0, 1.0],
                [0.999787, 0.018137, -0.009816, -0.0, -0.011335, 0.085618, -0.996264, 1.253495, -0.017229, 0.996163, 0.085805, 0.0, 0.0, 0.0, 0.0, 1.0],
                [0.995412, 0.074841, -0.059616, 0.0, -0.016439, -0.480023, -0.877102, 1.253495, -0.09426, 0.874057, -0.47659, -0.0, 0.0, 0.0, 0.0, 1.0],
                [0.972776, 0.133348, -0.189539, 0.0, -0.098197, -0.503644, -0.858312, 1.253494, -0.209914, 0.853558, -0.476839, -0.0, 0.0, 0.0, 0.0, 1.0],
                [0.836388, 0.295255, -0.461821, -0.0, -0.367648, -0.322735, -0.872168, 1.253495, -0.406558, 0.899259, -0.161382, -0.0, 0.0, 0.0, 0.0, 1.0],
                [0.925052, 0.325885, -0.195133, -0.0, -0.270502, 0.204547, -0.940739, 1.253495, -0.266659, 0.923016, 0.277369, -0.0, 0.0, 0.0, 0.0, 1.0],
                [0.946475, 0.300504, -0.117821, 0.0, -0.238553, 0.405348, -0.882488, 1.253495, -0.217432, 0.86336, 0.455338, -0.0, 0.0, 0.0, 0.0, 1.0]
            ]
        },
        {
            "name": "Leg_Front_L3",
            "time": [0.0, 0.65, 0.95, 1.1, 1.1667, 1.2333, 1.4333, 1.6167, 2.1, 2.4167, 3.1833],
            "transform": [
                [1.0, -3e-06, -2e-06, 0.0, -0.0, 0.516807, -0.856102, 1.488527, 3e-06, 0.856102, 0.516807, -0.0, 0.0, 0.0, 0.0, 1.0],
                [0.999269, 0.038006, 0.004018, -0.0, -0.029695, 0.83831, -0.544384, 1.488528, -0.024058, 0.543867, 0.838827, -0.0, 0.0, 0.0, 0.0, 1.0],
                [0.976742, -0.141582, -0.161025, 0.0, -0.144628, 0.119393, -0.982257, 1.488528, 0.158295, 0.9827, 0.09614, 0.0, 0.0, 0.0, 0.0, 1.0],
                [0.987232, -0.159282, -0.001156, -0.0, -0.016481, -0.094931, -0.995347, 1.488528, 0.158431, 0.982658, -0.096344, -0.0, 0.0, 0.0, 0.0, 1.0],
                [0.999725, 0.009957, 0.021236, 0.0, 0.014867, 0.431233, -0.902118, 1.488528, -0.01814, 0.902185, 0.430967, -0.0, 0.0, 0.0, 0.0, 1.0],
                [0.999437, -0.015559, 0.029735, -0.0, 0.033414, 0.543721, -0.838601, 1.488528, -0.00312, 0.839122, 0.543935, 0.0, 0.0, 0.0, 0.0, 1.0],
                [0.948196, -0.271206, 0.165444, -0.0, 0.272178, 0.42493, -0.863339, 1.488528, 0.16384, 0.863644, 0.476733, -0.0, 0.0, 0.0, 0.0, 1.0],
                [0.900845, -0.31767, 0.295913, 0.0, 0.399059, 0.337473, -0.852563, 1.488528, 0.17097, 0.886114, 0.43078, 0.0, 0.0, 0.0, 0.0, 1.0],
                [0.945208, -0.059756, 0.320953, 0.0, 0.289546, 0.607593, -0.73959, 1.488528, -0.150814, 0.791997, 0.591604, -0.0, 0.0, 0.0, 0.0, 1.0],
                [0.972916, -0.111584, 0.202441, 0.0, 0.228656, 0.336086, -0.913654, 1.488528, 0.033911, 0.935198, 0.352498, 0.0, 0.0, 0.0, 0.0, 1.0],
                [0.975278, -0.107727, 0.192943, -0.0, 0.212941, 0.224781, -0.950858, 1.488528, 0.059063, 0.968436, 0.242163, -0.0, 0.0, 0.0, 0.0, 1.0]
            ]
        },
        {
            "name": "Wing_R1",
            "time": [0.0, 0.4333, 0.5, 0.65, 0.95, 1.1, 1.6167, 2.4167, 3.1833],
            "transform": [
                [-0.140316, 0.422618, -0.89538, 0.749813, -0.977213, 0.086358, 0.193901, 2.861322, 0.159269, 0.902184, 0.40087, 0.744817, 0.0, 0.0, 0.0, 1.0],
                [0.10671, 0.739258, 0.664915, 0.749813, -0.988536, 0.007035, 0.150825, 2.861323, 0.10682, -0.673386, 0.731533, 0.744817, 0.0, 0.0, 0.0, 1.0],
                [0.17899, 0.525659, 0.831652, 0.749813, -0.982128, 0.045461, 0.182642, 2.861323, 0.0582, -0.84948, 0.524402, 0.744816, 0.0, 0.0, 0.0, 1.0],
                [0.165926, 0.827559, 0.536297, 0.749813, -0.985375, 0.160523, 0.057165, 2.861323, -0.03878, -0.537939, 0.842091, 0.744816, 0.0, 0.0, 0.0, 1.0],
                [-0.106698, 0.605052, -0.789005, 0.749813, -0.977958, 0.07938, 0.193123, 2.861323, 0.179481, 0.792219, 0.583245, 0.744816, 0.0, 0.0, 0.0, 1.0],
                [-0.119394, 0.576062, -0.80864, 0.749813, -0.976419, 0.079421, 0.200745, 2.861323, 0.179865, 0.813539, 0.552995, 0.744816, 0.0, 0.0, 0.0, 1.0],
                [0.116666, 0.957933, -0.262208, 0.749813, -0.988911, 0.136472, 0.058575, 2.861322, 0.091895, 0.252467, 0.963232, 0.744817, 0.0, 0.0, 0.0, 1.0],
                [0.09955, 0.893282, -0.438335, 0.749813, -0.994632, 0.101835, -0.018362, 2.861322, 0.028235, 0.43781, 0.898624, 0.744817, 0.0, 0.0, 0.0, 1.0],
                [0.09955, 0.893282, -0.438335, 0.749813, -0.994632, 0.101835, -0.018362, 2.861322, 0.028235, 0.43781, 0.898624, 0.744817, 0.0, 0.0, 0.0, 1.0]
            ]
        },
        {
            "name": "Wing_R2",
