{
    "animation": [
        {
            "name": "Root",
            "time": [0.0, 0.15, 0.3333, 0.3833, 0.6167, 0.85, 1.1333, 1.5],
            "transform": [
                [1.0, 0.0, 0.0, 0.0, 0.0, 0.988959, 0.148188, -1.268548, 0.0, -0.148188, 0.988959, 2.704079, 0.0, 0.0, 0.0, 1.0],
                [1.0, 0.0, 0.0, 0.0, 0.0, 0.988959, 0.148188, -1.268549, 0.0, -0.148188, 0.988959, 2.22593, 0.0, 0.0, 0.0, 1.0],
                [1.0, 0.0, 0.0, 0.0, 0.0, 0.988959, 0.148188, -1.268548, 0.0, -0.148188, 0.988959, 1.88748, 0.0, 0.0, 0.0, 1.0],
                [1.0, 0.0, 0.0, 0.0, 0.0, 0.997337, 0.072932, -1.177988, 0.0, -0.072932, 0.997337, 3.469115, 0.0, 0.0, 0.0, 1.0],
                [1.0, 0.0, 0.0, 0.0, 0.0, 0.98044, -0.196819, -0.854736, 0.0, 0.196819, 0.98044, 7.691835, 0.0, 0.0, 0.0, 1.0],
                [1.0, 0.0, 0.0, 0.0, 0.0, 0.986778, 0.162079, -0.963363, 0.0, -0.162079, 0.986778, 6.293734, 0.0, 0.0, 0.0, 1.0],
                [1.0, 0.0, 0.0, 0.0, 0.0, 0.97634, 0.216242, -0.965388, 0.0, -0.216242, 0.97634, 5.898383, 0.0, 0.0, 0.0, 1.0],
                [1.0, 0.0, 0.0, 0.0, 0.0, 0.997852, -0.065504, -0.830394, 0.0, 0.065504, 0.997852, 11.95, 0.0, 0.0, 0.0, 1.0]
            ]
        },
        {
            "name": "Leg_Back_R1",
            "time": [0.0, 0.15, 0.3333, 0.3833, 0.6167, 1.1333, 1.5],
            "transform": [
                [0.999999, 0.0, 0.0, 0.999855, -0.0, 0.940281, 0.3404, 0.086325, 0.0, -0.340399, 0.94028, -0.271295, 0.0, 0.0, 0.0, 1.0],
                [0.999999, 0.0, -0.0, 0.999855, -0.0, 0.99006, 0.140647, 0.086324, 0.0, -0.140646, 0.990059, -0.271295, 0.0, 0.0, 0.0, 1.0],
                [0.999999, 0.0, -0.0, 0.999855, -0.0, 0.999844, -0.017637, 0.086324, 0.0, 0.017637, 0.999843, -0.271295, 0.0, 0.0, 0.0, 1.0],
                [0.999999, 0.0, 0.0, 0.999855, -0.0, 0.689741, 0.724056, 0.086324, 0.0, -0.724056, 0.68974, -0.271294, 0.0, 0.0, 0.0, 1.0],
                [0.999999, 0.0, 0.0, 0.999855, -0.0, -0.101692, 0.994815, 0.086324, 0.0, -0.994815, -0.101691, -0.271293, 0.0, 0.0, 0.0, 1.0],
                [0.999999, 1e-06, -0.0, 0.999855, -1e-06, 0.999779, 0.02102, 0.086324, 0.0, -0.021019, 0.999778, -0.271294, 0.0, 0.0, 0.0, 1.0],
                [0.999999, 0.0, 0.0, 0.999855, -0.0, -0.503908, 0.863757, 0.086324, 0.0, -0.863757, -0.503907, -0.271294, 0.0, 0.0, 0.0, 1.0]
            ]
        },
        {
            "name": "Leg_Back_R2",
            "time": [0.0, 0.15, 0.3333, 0.3833, 0.6167, 1.1333, 1.5],
            "transform": [
                [1.0, -0.0, 0.0, 0.0, -0.0, -0.320022, 0.94741, 1.692269, -0.0, -0.94741, -0.320022, -0.0, 0.0, 0.0, 0.0, 1.0],
                [1.0, -0.0, -0.0, -0.0, 0.0, -0.583875, 0.811843, 1.692269, -0.0, -0.811844, -0.583875, -0.0, 0.0, 0.0, 0.0, 1.0],
                [1.0, -0.0, -0.0, 0.0, -0.0, -0.73521, 0.677839, 1.692269, -0.0, -0.67784, -0.73521, 0.0, 0.0, 0.0, 0.0, 1.0],
                [1.0, -0.0, 0.0, 0.0, 0.0, 0.248896, 0.96853, 1.692269, -0.0, -0.96853, 0.248896, -0.0, 0.0, 0.0, 0.0, 1.0],
                [1.0, -0.0, 0.0, 0.0, -0.0, 0.90291, 0.42983, 1.692269, -0.0, -0.42983, 0.902909, -0.0, 0.0, 0.0, 0.0, 1.0],
                [1.0, -1e-06, -1e-06, 0.0, 0.0, -0.303949, 0.952688, 1.692268, -1e-06, -0.952689, -0.303949, 0.0, 0.0, 0.0, 0.0, 1.0],
                [1.0, 0.0, 0.0, -0.0, -0.0, 0.133281, 0.991078, 1.692269, 0.0, -0.991078, 0.133281, 0.0, 0.0, 0.0, 0.0, 1.0]
            ]
        },
        {
            "name": "Leg_Back_R3",
            "time": [0.0, 0.15, 0.3333, 0.3833, 0.6167, 1.1333, 1.5],
            "transform": [
                [1.0, -0.0, 0.0, 0.0, 0.0, -0.731742, -0.681581, 2.159911, 0.0, 0.681581, -0.731742, -0.0, 0.0, 0.0, 0.0, 1.0],
                [1.0, -0.0, 0.0, 0.0, -0.0, -0.794501, -0.607263, 2.159911, 0.0, 0.607263, -0.794501, -0.0, 0.0, 0.0, 0.0, 1.0],
                [1.0, -0.0, -0.0, 0.0, -0.0, -0.82003, -0.572321, 2.15991, -0.0, 0.572321, -0.82003, -0.0, 0.0, 0.0, 0.0, 1.0],
                [1.0, -0.0, -0.0, 0.0, -0.0, -0.594567, -0.804046, 2.159911, -0.0, 0.804046, -0.594567, -0.0, 0.0, 0.0, 0.0, 1.0],
                [1.0, 0.0, -0.0, 0.0, -1e-06, 0.96963, -0.244578, 2.159911, 0.0, 0.244578, 0.96963, -0.0, 0.0, 0.0, 0.0, 1.0],
                [1.0, -0.0, -0.0, 0.0, -0.0, 0.325815, -0.945434, 2.159911, 0.0, 0.945434, 0.325815, 0.0, 0.0, 0.0, 0.0, 1.0],
                [1.0, -0.0, -0.0, -0.0, -0.0, 0.498999, -0.866603, 2.159911, 0.0, 0.866603, 0.498999, 0.0, 0.0, 0.0, 0.0, 1.0]
            ]
        },
        {
            "name": "Leg_Back_L1",
            "time": [0.0, 0.15, 0.3333, 0.3833, 0.6167, 1.1333, 1.5],
            "transform": [
                [0.999999, 0.0, 0.0, -0.999947, -0.0, 0.940281, 0.340399, 0.086325, -0.0, -0.340398, 0.940281, -0.271296, 0.0, 0.0, 0.0, 1.0],
                [0.999999, 0.0, 0.0, -0.999947, -0.0, 0.99006, 0.140646, 0.086324, -0.0, -0.140645, 0.990059, -0.271295, 0.0, 0.0, 0.0, 1.0],
                [0.999999, 0.0, 0.0, -0.999947, -0.0, 0.999844, -0.017638, 0.086324, -0.0, 0.017638, 0.999843, -0.271296, 0.0, 0.0, 0.0, 1.0],
                [0.999999, 0.0, 0.0, -0.999947, -0.0, 0.689741, 0.724056, 0.086325, -0.0, -0.724055, 0.689741, -0.271295, 0.0, 0.0, 0.0, 1.0],
                [0.999999, -0.0, 0.0, -0.999947, -0.0, -0.101687, 0.994816, 0.086325, 0.0, -0.994816, -0.101687, -0.271295, 0.0, 0.0, 0.0, 1.0],
                [0.999999, 0.0, 0.0, -0.999947, -0.0, 0.999779, 0.021019, 0.086325, -0.0, -0.021019, 0.999778, -0.271296, 0.0, 0.0, 0.0, 1.0],
                [0.999999, -0.0, 0.0, -0.999947, -0.0, -0.503908, 0.863757, 0.086325, -0.0, -0.863757, -0.503908, -0.271295, 0.0, 0.0, 0.0, 1.0]
            ]
        },
        {
            "name": "Leg_Back_L2",
            "time": [0.0, 0.15, 0.3333, 0.3833, 0.6167, 1.1333, 1.5],
            "transform": [
                [1.0, -0.0, 0.0, -0.0, -0.0, -0.320024, 0.94741, 1.692268, 0.0, -0.94741, -0.320024, -0.0, 0.0, 0.0, 0.0, 1.0],
                [1.0, 0.0, -0.0, -0.0, 0.0, -0.583877, 0.811843, 1.692269, -0.0, -0.811843, -0.583877, 0.0, 0.0, 0.0, 0.0, 1.0],
                [1.0, 0.0, 0.0, -0.0, -0.0, -0.735211, 0.677838, 1.692269, 0.0, -0.677839, -0.735211, -0.0, 0.0, 0.0, 0.0, 1.0],
                [1.0, -0.0, -0.0, -0.0, 0.0, 0.248894, 0.968531, 1.692269, -0.0, -0.968531, 0.248895, -0.0, 0.0, 0.0, 0.0, 1.0],
                [1.0, -0.0, 0.0, -0.0, 0.0, 0.902907, 0.429836, 1.692269, -0.0, -0.429836, 0.902907, -0.0, 0.0, 0.0, 0.0, 1.0],
                [1.0, -0.0, -0.0, -0.0, 0.0, -0.30395, 0.952688, 1.692269, -0.0, -0.952688, -0.303951, -0.0, 0.0, 0.0, 0.0, 1.0],
                [1.0, -0.0, -0.0, -0.0, 0.0, 0.133281, 0.991078, 1.692268, 0.0, -0.991078, 0.133281, -0.0, 0.0, 0.0, 0.0, 1.0]
            ]
        },
        {
            "name": "Leg_Back_L3",
            "time": [0.0, 0.15, 0.3333, 0.3833, 0.6167, 1.1333, 1.5],
            "transform": [
                [1.0, -0.0, 0.0, 0.0, -0.0, -0.731742, -0.681582, 2.159911, 0.0, 0.681581, -0.731743, -0.0, 0.0, 0.0, 0.0, 1.0],
                [1.0, -0.0, 0.0, 0.0, -0.0, -0.794501, -0.607263, 2.159911, 0.0, 0.607263, -0.794501, 0.0, 0.0, 0.0, 0.0, 1.0],
                [1.0, 0.0, -0.0, 0.0, 0.0, -0.82003, -0.572321, 2.159911, -0.0, 0.572321, -0.82003, 0.0, 0.0, 0.0, 0.0, 1.0],
                [1.0, 0.0, -0.0, 0.0, -0.0, -0.594567, -0.804046, 2.159911, -0.0, 0.804046, -0.594567, 0.0, 0.0, 0.0, 0.0, 1.0],
                [1.0, 0.0, -0.0, 0.0, -0.0, 0.96963, -0.244578, 2.15991, 0.0, 0.244578, 0.96963, -0.0, 0.0, 0.0, 0.0, 1.0],
                [1.0, -0.0, -0.0, -0.0, -0.0, 0.325815, -0.945434, 2.159911, 0.0, 0.945434, 0.325815, 0.0, 0.0, 0.0, 0.0, 1.0],
                [1.0, -0.0, -0.0, -0.0, -0.0, 0.498999, -0.866603, 2.159911, 0.0, 0.866603, 0.498999, 0.0, 0.0, 0.0, 0.0, 1.0]
            ]
        },
        {
            "name": "Torso",
            "time": [0.0, 0.15, 1.5],
            "transform": [
                [1.0, 0.0, 0.0, 0.0, 0.0, 0.999857, -0.016883, 0.273754, 0.0, 0.016883, 0.999857, 0.0, 0.0, 0.0, 0.0, 1.0],
                [1.0, 0.0, 0.0, 0.0, 0.0, 0.999931, -0.011745, 0.273754, 0.0, 0.011745, 0.999931, 0.0, 0.0, 0.0, 0.0, 1.0],
                [1.0, 0.0, 0.0, 0.0, 0.0, 0.999931, -0.011745, 0.273754, 0.0, 0.011745, 0.999931, -0.0, 0.0, 0.0, 0.0, 1.0]
            ]
        },
        {
            "name": "Tail1",
            "time": [0.0, 0.15, 0.6167, 1.1333, 1.5],
            "transform": [
                [-1.0, -1e-06, -0.0, -1e-06, 1e-06, -0.316838, -0.948479, -0.516186, 0.0, -0.94848, 0.316838, 0.429315, 0.0, 0.0, 0.0, 1.0],
                [-1.0, -1e-06, -0.0, -1e-06, 1e-06, -0.445696, -0.895184, -0.516185, 0.0, -0.895184, 0.445696, 0.429314, 0.0, 0.0, 0.0, 1.0],
                [-1.0, -0.0, -0.0, -1e-06, 0.0, -0.894926, -0.446214, -0.516185, 0.0, -0.446214, 0.894926, 0.429315, 0.0, 0.0, 0.0, 1.0],
                [-1.0, -0.0, -0.0, -1e-06, 1e-06, -0.763443, -0.645875, -0.516185, 0.0, -0.645875, 0.763443, 0.429314, 0.0, 0.0, 0.0, 1.0],
                [-1.0, -0.0, -0.0, -1e-06, 0.0, -0.894926, -0.446214, -0.516186, 0.0, -0.446214, 0.894926, 0.429314, 0.0, 0.0, 0.0, 1.0]
            ]
        },
        {
            "name": "Tail2",
            "time": [0.0, 0.15, 0.6167, 1.5],
            "transform": [
                [0.999999, -0.0, 0.0, 0.0, 0.0, 0.987398, -0.158258, 0.615504, 0.0, 0.158258, 0.987398, 0.0, 0.0, 0.0, 0.0, 1.0],
                [0.999999, -0.0, 0.0, -0.0, 0.0, 0.972311, -0.233689, 0.615504, 0.0, 0.233689, 0.972311, -0.0, 0.0, 0.0, 0.0, 1.0],
                [0.999999, -0.0, -0.0, -0.0, 0.0, 0.957384, 0.288816, 0.615504, -0.0, -0.288816, 0.957384, 0.0, 0.0, 0.0, 0.0, 1.0],
                [0.999999, -0.0, -0.0, 0.0, 0.0, 0.957385, 0.288816, 0.615504, -0.0, -0.288816, 0.957385, -1e-06, 0.0, 0.0, 0.0, 1.0]
            ]
        },
        {
            "name": "Tail3",
            "time": [0.0, 0.15, 0.6167, 1.5],
            "transform": [
                [1.0, -0.0, 0.0, 0.0, 0.0, 0.988442, -0.151596, 0.624616, 0.0, 0.151596, 0.988442, 0.0, 0.0, 0.0, 0.0, 1.0],
                [1.0, -0.0, 0.0, -0.0, 0.0, 0.984009, -0.178115, 0.624616, 0.0, 0.178115, 0.984009, -0.0, 0.0, 0.0, 0.0, 1.0],
                [1.0, -0.0, -0.0, 0.0, 0.0, 0.985068, 0.172164, 0.624616, -0.0, -0.172164, 0.985068, -1e-06, 0.0, 0.0, 0.0, 1.0],
                [1.0, -0.0, -0.0, -0.0, 0.0, 0.985068, 0.172164, 0.624617, -0.0, -0.172164, 0.985068, -1e-06, 0.0, 0.0, 0.0, 1.0]
            ]
        },
        {
            "name": "Tail4",
            "time": [0.0, 0.15, 0.6167, 1.5],
            "transform": [
                [1.0, -0.0, 0.0, -0.0, 0.0, 0.989503, -0.144508, 0.62624, 0.0, 0.144508, 0.989503, -0.0, 0.0, 0.0, 0.0, 1.0],
                [1.0, -0.0, 0.0, -0.0, 0.0, 0.990946, -0.134258, 0.62624, 0.0, 0.134258, 0.990946, 0.0, 0.0, 0.0, 0.0, 1.0],
                [1.0, -0.0, -0.0, -0.0, 0.0, 0.995673, 0.092915, 0.62624, -0.0, -0.092915, 0.995674, -0.0, 0.0, 0.0, 0.0, 1.0],
                [1.0, -0.0, -0.0, 0.0, 0.0, 0.995674, 0.092915, 0.626239, -0.0, -0.092915, 0.995674, 0.0, 0.0, 0.0, 0.0, 1.0]
            ]
        },
        {
            "name": "Tail5",
            "time": [0.0, 0.15, 0.6167, 1.5],
            "transform": [
                [1.0, -0.0, 0.0, 0.0, 0.0, 0.990743, -0.135754, 0.624649, 0.0, 0.135754, 0.990743, -0.0, 0.0, 0.0, 0.0, 1.0],
                [1.0, -0.0, 0.0, 0.0, 0.0, 0.994977, -0.100107, 0.624649, 0.0, 0.100107, 0.994977, 0.0, 0.0, 0.0, 0.0, 1.0],
                [1.0, -0.0, -0.0, -0.0, 0.0, 0.999108, 0.042237, 0.624649, -0.0, -0.042237, 0.999108, -0.0, 0.0, 0.0, 0.0, 1.0],
                [1.0, -0.0, -0.0, 0.0, 0.0, 0.999108, 0.042237, 0.624649, -0.0, -0.042237, 0.999108, -1e-06, 0.0, 0.0, 0.0, 1.0]
            ]
        },
        {
            "name": "Tail6",
            "time": [0.0, 0.15, 0.6167, 1.5],
            "transform": [
                [1.0, -0.0, 0.0, 0.0, 0.0, 0.992176, -0.124848, 0.623273, 0.0, 0.124848, 0.992176, -0.0, 0.0, 0.0, 0.0, 1.0],
                [1.0, -0.0, 0.0, 0.0, 0.0, 0.997279, -0.073729, 0.623273, 0.0, 0.073729, 0.997278, -0.0, 0.0, 0.0, 0.0, 1.0],
                [1.0, -0.0, -0.0, 0.0, 0.0, 0.999932, 0.011698, 0.623274, -0.0, -0.011698, 0.999932, 0.0, 0.0, 0.0, 0.0, 1.0],
                [1.0, 0.0, -0.0, -0.0, -0.0, 0.999454, 0.033057, 0.623274, 0.0, -0.033057, 0.999453, -0.0, 0.0, 0.0, 0.0, 1.0]
            ]
        },
        {
            "name": "Tail7",
            "time": [0.0, 0.15, 0.6167, 1.5],
            "transform": [
                [1.0, -0.0, 0.0, 0.0, 0.0, 0.993741, -0.111713, 0.625387, 0.0, 0.111713, 0.99374, -0.0, 0.0, 0.0, 0.0, 1.0],
                [1.0, -0.0, 0.0, 0.0, 0.0, 0.998569, -0.053472, 0.625387, 0.0, 0.053472, 0.998569, -0.0, 0.0, 0.0, 0.0, 1.0],
                [1.0, 0.0, -0.0, -0.0, -0.0, 0.999987, -0.005202, 0.625387, -0.0, 0.005202, 0.999987, 0.0, 0.0, 0.0, 0.0, 1.0],
                [1.0, 0.0, -0.0, -0.0, -0.0, 0.999666, 0.025835, 0.625387, 0.0, -0.025835, 0.999666, -1e-06, 0.0, 0.0, 0.0, 1.0]
            ]
        },
        {
            "name": "Tail8",
            "time": [0.0, 0.15, 0.6167, 1.5],
            "transform": [
                [1.0, -0.0, 0.0, 0.0, 0.0, 0.995325, -0.096583, 0.625388, 0.0, 0.096583, 0.995325, 0.0, 0.0, 0.0, 0.0, 1.0],
                [1.0, -0.0, 0.0, 0.0, 0.0, 0.999273, -0.038143, 0.625387, 0.0, 0.038143, 0.999272, -0.0, 0.0, 0.0, 0.0, 1.0],
                [1.0, 0.0, -0.0, 0.0, -0.0, 0.999916, -0.013015, 0.625387, -0.0, 0.013015, 0.999915, 0.0, 0.0, 0.0, 0.0, 1.0],
                [1.0, 0.0, -0.0, 0.0, -0.0, 0.999278, 0.038002, 0.625388, 0.0, -0.038002, 0.999278, -0.0, 0.0, 0.0, 0.0, 1.0]
            ]
        },
        {
            "name": "Tail9",
            "time": [0.0, 0.15, 0.6167, 1.5],
            "transform": [
                [1.0, -0.0, 0.0, 0.0, 0.0, 0.996817, -0.079713, 0.624781, 0.0, 0.079713, 0.996818, 0.0, 0.0, 0.0, 0.0, 1.0],
                [1.0, -0.0, 0.0, 0.0, 0.0, 0.999645, -0.02663, 0.624782, 0.0, 0.02663, 0.999645, 0.0, 0.0, 0.0, 0.0, 1.0],
                [1.0, 0.0, -0.0, 0.0, -0.0, 0.999887, -0.014986, 0.624781, -0.0, 0.014986, 0.999888, 0.0, 0.0, 0.0, 0.0, 1.0],
                [1.0, 0.0, -0.0, 0.0, -0.0, 0.999855, 0.017038, 0.624783, 0.0, -0.017038, 0.999855, -0.0, 0.0, 0.0, 0.0, 1.0]
            ]
        },
        {
            "name": "Tail10",
            "time": [0.0, 0.15, 0.6167, 1.5],
            "transform": [
                [1.0, -0.0, 0.0, -0.0, 0.0, 0.998121, -0.061281, 0.62586, 0.0, 0.061281, 0.998121, -0.0, 0.0, 0.0, 0.0, 1.0],
                [1.0, -0.0, 0.0, 0.0, 0.0, 0.99984, -0.017867, 0.62586, 0.0, 0.017867, 0.99984, 0.0, 0.0, 0.0, 0.0, 1.0],
                [1.0, 0.0, -0.0, 0.0, -0.0, 0.99991, -0.01339, 0.62586, -0.0, 0.01339, 0.99991, 0.0, 0.0, 0.0, 0.0, 1.0],
                [1.0, 0.0, -0.0, -0.0, -0.0, 0.999023, 0.04419, 0.62586, 0.0, -0.04419, 0.999023, -0.0, 0.0, 0.0, 0.0, 1.0]
            ]
        },
        {
            "name": "Tail11",
            "time": [0.0, 0.15, 0.6167, 1.5],
            "transform": [
                [1.0, -0.0, 0.0, 0.0, 0.0, 0.999135, -0.041587, 0.625141, 0.0, 0.041587, 0.999135, -0.0, 0.0, 0.0, 0.0, 1.0],
                [1.0, -0.0, 0.0, 0.0, 0.0, 0.99994, -0.010973, 0.625141, 0.0, 0.010973, 0.99994, 0.0, 0.0, 0.0, 0.0, 1.0],
                [1.0, 0.0, -0.0, 0.0, -0.0, 0.999952, -0.009753, 0.625141, -0.0, 0.009753, 0.999952, -0.0, 0.0, 0.0, 0.0, 1.0],
                [1.0, 0.0, -0.0, -0.0, -0.0, 0.9998, 0.019996, 0.625142, 0.0, -0.019996, 0.9998, 0.0, 0.0, 0.0, 0.0, 1.0]
            ]
        },
        {
            "name": "Tail12",
            "time": [0.0, 0.15, 0.6167, 1.5],
            "transform": [
                [1.0, -0.0, 0.0, -0.0, 0.0, 0.99978, -0.020964, 0.624677, 0.0, 0.020964, 0.99978, -0.0, 0.0, 0.0, 0.0, 1.0],
                [1.0, -0.0, 0.0, 0.0, 0.0, 0.999986, -0.005213, 0.624676, 0.0, 0.005213, 0.999986, -0.0, 0.0, 0.0, 0.0, 1.0],
                [1.0, 0.0, -0.0, 0.0, -0.0, 0.999987, -0.005063, 0.624677, -0.0, 0.005063, 0.999987, 0.0, 0.0, 0.0, 0.0, 1.0],
                [1.0, 0.0, -0.0, 0.0, -0.0, 0.999394, 0.034817, 0.624677, 0.0, -0.034817, 0.999394, 1e-06, 0.0, 0.0, 0.0, 1.0]
            ]
        },
        {
            "name": "Leg_Front_R1",
            "time": [0.0, 0.15, 0.3333, 0.3833, 0.6167, 0.85, 1.1333, 1.5],
            "transform": [
                [0.658392, 0.601066, -0.453034, 0.749746, 0.720622, -0.329607, 0.609969, 2.94255, 0.217309, -0.728065, -0.650152, -0.056021, 0.0, 0.0, 0.0, 1.0],
                [0.602359, 0.713412, -0.35806, 0.749746, 0.795885, -0.502456, 0.337794, 2.942548, 0.061077, -0.488448, -0.870453, -0.056021, 0.0, 0.0, 0.0, 1.0],
                [0.596151, 0.772792, -0.217705, 0.749746, 0.802194, -0.562192, 0.201059, 2.942548, 0.032985, -0.294504, -0.955081, -0.056021, 0.0, 0.0, 0.0, 1.0],
                [0.634444, 0.000422, -0.772969, 0.749746, 0.772201, -0.044923, 0.633789, 2.942548, -0.034456, -0.99899, -0.028827, -0.05602, 0.0, 0.0, 0.0, 1.0],
                [0.626304, 0.23035, -0.74477, 0.749746, 0.777695, -0.250977, 0.576368, 2.942548, -0.054154, -0.940185, -0.33633, -0.05602, 0.0, 0.0, 0.0, 1.0],
                [0.619859, 0.364549, -0.694895, 0.749746, 0.761544, -0.065863, 0.644759, 2.942548, 0.189278, -0.928851, -0.318446, -0.05602, 0.0, 0.0, 0.0, 1.0],
                [0.590583, 0.688273, -0.421299, 0.749746, 0.794899, -0.406184, 0.450721, 2.942548, 0.139094, -0.601078, -0.786993, -0.05602, 0.0, 0.0, 0.0, 1.0],
                [0.659494, 0.184978, -0.728595, 0.749746, 0.739484, -0.333741, 0.584619, 2.942547, -0.13502, -0.924337, -0.356888, -0.05602, 0.0, 0.0, 0.0, 1.0]
            ]
        },
        {
            "name": "Leg_Front_R2",
            "time": [0.0, 0.15, 0.3333, 0.3833, 0.6167, 0.85, 1.1333, 1.5],
            "transform": [
                [0.79354, -0.275183, 0.542741, 0.0, 0.596094, 0.172221, -0.784227, 1.253495, 0.122335, 0.94584, 0.300699, 0.0, 0.0, 0.0, 0.0, 1.0],
                [0.995196, -0.059991, 0.077367, 0.0, 0.054563, -0.31627, -0.947098, 1.253495, 0.081286, 0.94677, -0.311477, -0.0, 0.0, 0.0, 0.0, 1.0],
                [0.997361, -0.04695, 0.055379, 0.0, 0.018266, -0.575974, -0.817263, 1.253495, 0.070268, 0.816118, -0.573596, 0.0, 0.0, 0.0, 0.0, 1.0],
                [0.998993, -5.6e-05, -0.04486, -0.0, 1.4e-05, 0.999999, -0.000936, 1.253495, 0.04486, 0.000934, 0.998992, 0.0, 0.0, 0.0, 0.0, 1.0],
                [0.973947, -0.220831, -0.051583, -0.0, 0.186054, 0.90816, -0.375005, 1.253494, 0.129659, 0.355638, 0.925586, -0.0, 0.0, 0.0, 0.0, 1.0],
                [0.991219, -0.129905, -0.024701, 0.0, 0.074968, 0.705948, -0.704284, 1.253495, 0.108928, 0.696248, 0.709488, 0.0, 0.0, 0.0, 0.0, 1.0],
                [0.982464, -0.168145, 0.080569, -0.0, 0.064776, -0.097389, -0.993136, 1.253495, 0.174837, 0.98094, -0.08479, -0.0, 0.0, 0.0, 0.0, 1.0],
                [0.987975, -0.068007, -0.138855, 0.0, 0.008283, 0.920061, -0.391686, 1.253496, 0.154393, 0.385826, 0.909561, 0.0, 0.0, 0.0, 0.0, 1.0]
            ]
        },
        {
            "name": "Leg_Front_R3",
            "time": [0.0, 0.15, 0.3333, 0.3833, 0.6167, 1.1333, 1.5],
            "transform": [
                [0.828909, 0.40097, -0.390042, 0.0, -0.498487, 0.213108, -0.840295, 1.488528, -0.253812, 0.890959, 0.376525, -0.0, 0.0, 0.0, 0.0, 1.0],
                [0.841374, 0.521612, -0.141459, -0.0, -0.446867, 0.524213, -0.724921, 1.488528, -0.303973, 0.673143, 0.674151, -0.0, 0.0, 0.0, 0.0, 1.0],
                [0.830858, 0.531931, -0.163474, -0.0, -0.493644, 0.56891, -0.657767, 1.488528, -0.256885, 0.627209, 0.735268, 0.0, 0.0, 0.0, 0.0, 1.0],
                [0.598294, 0.741622, 0.303383, -0.0, -0.002683, 0.380476, -0.924787, 1.488528, -0.801272, 0.55248, 0.229627, 0.0, 0.0, 0.0, 0.0, 1.0],
                [0.961332, 0.170969, 0.215893, -0.0, -0.133018, 0.974708, -0.179583, 1.488529, -0.241136, 0.143921, 0.95976, 0.0, 0.0, 0.0, 0.0, 1.0],
                [0.961332, 0.170969, 0.215893, -0.0, -0.133018, 0.974708, -0.179583, 1.488528, -0.241136, 0.143921, 0.95976, 0.0, 0.0, 0.0, 0.0, 1.0],
                [0.93597, 0.134449, 0.325397, 0.0, -0.160979, 0.985374, 0.055896, 1.488527, -0.313122, -0.104699, 0.943924, 0.0, 0.0, 0.0, 0.0, 1.0]
            ]
        },
        {
            "name": "Leg_Front_L1",
            "time": [0.0, 0.15, 0.3333, 0.3833, 0.6167, 0.85, 1.1333, 1.5],
            "transform": [
                [0.640429, -0.601505, 0.477538, -0.749884, -0.743272, -0.328856, 0.582581, 2.94255, -0.193384, -0.728042, -0.657691, -0.056022, 0.0, 0.0, 0.0, 1.0],
                [0.602359, -0.713412, 0.35806, -0.749884, -0.795885, -0.502456, 0.337794, 2.942547, -0.061077, -0.488448, -0.870452, -0.056022, 0.0, 0.0, 0.0, 1.0],
                [0.599284, -0.771272, 0.214471, -0.749884, -0.799672, -0.564305, 0.205145, 2.942547, -0.037195, -0.294446, -0.954943, -0.056022, 0.0, 0.0, 0.0, 1.0],
                [0.640357, -0.000423, 0.768077, -0.749884, -0.767314, -0.044926, 0.639696, 2.942548, 0.034236, -0.99899, -0.029093, -0.056022, 0.0, 0.0, 0.0, 1.0],
                [0.63058, -0.230198, 0.7412, -0.749884, -0.774303, -0.251976, 0.580485, 2.942549, 0.053138, -0.939956, -0.337134, -0.056022, 0.0, 0.0, 0.0, 1.0],
                [0.622977, -0.364002, 0.692388, -0.749884, -0.758943, -0.066847, 0.647717, 2.942549, -0.189486, -0.928996, -0.317901, -0.056021, 0.0, 0.0, 0.0, 1.0],
                [0.592562, -0.687448, 0.419864, -0.749884, -0.793301, -0.407569, 0.452285, 2.942549, -0.139799, -0.601085, -0.786863, -0.056021, 0.0, 0.0, 0.0, 1.0],
                [0.659493, -0.184982, 0.728595, -0.749884, -0.739485, -0.333743, 0.584617, 2.942548, 0.13502, -0.924336, -0.356893, -0.05602, 0.0, 0.0, 0.0, 1.0]
            ]
        },
        {
            "name": "Leg_Front_L2",
            "time": [0.0, 0.15, 0.3333, 0.3833, 0.6167, 0.85, 1.1333, 1.5],
            "transform": [
                [0.815445, 0.240369, -0.526567, -0.0, -0.569691, 0.17222, -0.803612, 1.253495, -0.102478, 0.955281, 0.277372, 0.0, 0.0, 0.0, 0.0, 1.0],
                [0.995196, 0.05999, -0.077368, -0.0, -0.054564, -0.316269, -0.947099, 1.253495, -0.081286, 0.94677, -0.311477, 0.0, 0.0, 0.0, 0.0, 1.0],
                [0.997182, 0.05051, -0.055458, 0.0, -0.016279, -0.575975, -0.817305, 1.253495, -0.073224, 0.815905, -0.57353, -0.0, 0.0, 0.0, 0.0, 1.0],
                [0.998619, 6e-05, 0.052533, -0.0, -1.1e-05, 0.999999, -0.00094, 1.253495, -0.052533, 0.000938, 0.998619, -0.0, 0.0, 0.0, 0.0, 1.0],
                [0.973445, 0.221236, 0.058819, -0.0, -0.18367, 0.908164, -0.376168, 1.253495, -0.13664, 0.355375, 0.924682, -0.0, 0.0, 0.0, 0.0, 1.0],
                [0.99095, 0.1309, 0.029728, 0.0, -0.072114, 0.705945, -0.704585, 1.253495, -0.113217, 0.696065, 0.708996, -0.0, 0.0, 0.0, 0.0, 1.0],
                [0.982534, 0.16903, -0.077816, 0.0, -0.061916, -0.09739, -0.993318, 1.253494, -0.175479, 0.980787, -0.085223, 0.0, 0.0, 0.0, 0.0, 1.0],
                [0.987975, 0.068009, 0.138854, -0.0, -0.008283, 0.920058, -0.391694, 1.253495, -0.154393, 0.385834, 0.909558, -0.0, 0.0, 0.0, 0.0, 1.0]
            ]
        },
        {
            "name": "Leg_Front_L3",
            "time": [0.0, 0.15, 0.3333, 0.3833, 0.6167, 1.1333, 1.5],
            "transform": [
                [0.817066, -0.431126, 0.382795, -0.0, 0.504945, 0.214654, -0.836035, 1.488528, 0.278268, 0.876387, 0.393082, 0.0, 0.0, 0.0, 0.0, 1.0],
                [0.826321, -0.545073, 0.141732, 0.0, 0.46227, 0.51266, -0.723523, 1.488528, 0.321713, 0.663381, 0.675594, -0.0, 0.0, 0.0, 0.0, 1.0],
                [0.816709, -0.556041, 0.154285, -0.0, 0.504663, 0.558602, -0.658239, 1.488528, 0.279824, 0.615452, 0.736829, 0.0, 0.0, 0.0, 0.0, 1.0],
                [0.601413, -0.740448, -0.300065, -0.0, 0.002201, 0.377114, -0.926164, 1.488528, 0.798935, 0.556347, 0.228431, -0.0, 0.0, 0.0, 0.0, 1.0],
                [0.967515, -0.162883, -0.193347, -0.0, 0.129668, 0.976249, -0.173563, 1.488528, 0.217025, 0.142854, 0.965657, 0.0, 0.0, 0.0, 0.0, 1.0],
                [0.967515, -0.162883, -0.193347, -0.0, 0.129668, 0.976249, -0.173563, 1.488528, 0.217025, 0.142854, 0.965657, -0.0, 0.0, 0.0, 0.0, 1.0],
                [0.936614, -0.131143, -0.324891, -0.0, 0.156212, 0.986343, 0.052196, 1.488529, 0.313609, -0.09964, 0.94431, 0.0, 0.0, 0.0, 0.0, 1.0]
            ]
        },
        {
            "name": "Wing_R1",
            "time": [0.0, 0.25, 0.5, 1.0167, 1.4167, 1.5],
            "transform": [
                [-0.282407, 0.823773, 0.491574, 0.749813, -0.932905, -0.355206, 0.059301, 2.861323, 0.22346, -0.441845, 0.868814, 0.744816, 0.0, 0.0, 0.0, 1.0],
                [-0.076564, 0.608281, -0.79002, 0.749401, -0.983383, 0.084741, 0.160551, 2.884749, 0.164607, 0.789185, 0.591685, 0.736471, 0.0, 0.0, 0.0, 1.0],
                [0.088305, 0.554032, 0.827799, 0.749401, -0.992097, -0.025455, 0.122868, 2.884749, 0.089144, -0.832106, 0.547406, 0.736471, 0.0, 0.0, 0.0, 1.0],
                [-0.076564, 0.608281, -0.790021, 0.749401, -0.983383, 0.084741, 0.160551, 2.88475, 0.164607, 0.789185, 0.591685, 0.736471, 0.0, 0.0, 0.0, 1.0],
                [0.088305, 0.554032, 0.827799, 0.749401, -0.992097, -0.025454, 0.122868, 2.88475, 0.089144, -0.832106, 0.547406, 0.736473, 0.0, 0.0, 0.0, 1.0],
                [0.088305, 0.554032, 0.827799, 0.749401, -0.992097, -0.025454, 0.122868, 2.88475, 0.089144, -0.832106, 0.547406, 0.736472, 0.0, 0.0, 0.0, 1.0]
            ]
        },
        {
            "name": "Wing_R2",
            "time": [0.0, 0.15, 0.3333, 0.6167, 1.1333, 1.5],
            "transform": [
                [0.884971, 0.465397, 0.015255, 0.0, -0.465396, 0.882947, 0.061722, 3.499785, 0.015256, -0.061722, 0.997977, -0.0, 0.0, 0.0, 0.0, 1.0],
                [0.999901, 0.01393, -0.001831, -0.0, -0.012953, 0.863529, -0.504133, 3.499784, -0.005441, 0.504107, 0.863624, 0.0, 0.0, 0.0, 0.0, 1.0],
                [0.999992, 0.003797, 0.001005, -0.0, -0.002957, 0.89623, -0.443579, 3.499784, -0.002585, 0.443572, 0.896235, 0.0, 0.0, 0.0, 0.0, 1.0],
                [1.0, 0.0, -0.0, -0.0, 0.0, 0.573576, 0.819152, 3.499784, 0.0, -0.819152, 0.573576, -1e-06, 0.0, 0.0, 0.0, 1.0],
                [0.999901, 0.013929, -0.001831, -0.0, -0.012953, 0.863529, -0.504133, 3.499784, -0.005441, 0.504107, 0.863624, -0.0, 0.0, 0.0, 0.0, 1.0],
                [1.0, -0.0, -0.0, 0.0, 0.0, 0.573576, 0.819152, 3.499785, 0.0, -0.819152, 0.573576, -1e-06, 0.0, 0.0, 0.0, 1.0]
            ]
        },
        {
            "name": "Wing_L1",
            "time": [0.0, 0.25, 0.5, 1.0167, 1.4167, 1.5],
            "transform": [
                [-0.282407, -0.823772, -0.491574, -0.75068, 0.932905, -0.355206, 0.059301, 2.861323, -0.22346, -0.441845, 0.868814, 0.744816, 0.0, 0.0, 0.0, 1.0],
                [-0.141435, -0.594687, 0.791419, -0.750268, 0.976572, 0.047157, 0.209959, 2.837896, -0.162181, 0.802573, 0.574085, 0.75316, 0.0, 0.0, 0.0, 1.0],
                [0.088305, -0.554032, -0.827799, -0.750268, 0.992096, -0.025455, 0.122868, 2.837896, -0.089144, -0.832106, 0.547406, 0.75316, 0.0, 0.0, 0.0, 1.0],
                [-0.141435, -0.594687, 0.791419, -0.750268, 0.976572, 0.047157, 0.209959, 2.837896, -0.162181, 0.802573, 0.574085, 0.75316, 0.0, 0.0, 0.0, 1.0],
                [0.088305, -0.554032, -0.827799, -0.750268, 0.992096, -0.025454, 0.122868, 2.837896, -0.089144, -0.832106, 0.547406, 0.753162, 0.0, 0.0, 0.0, 1.0],
                [0.088305, -0.554032, -0.827799, -0.750268, 0.992096, -0.025454, 0.122868, 2.837896, -0.089144, -0.832106, 0.547406, 0.753161, 0.0, 0.0, 0.0, 1.0]
            ]
        },
        {
            "name": "Wing_L2",
            "time": [0.0, 0.15, 0.3333, 0.6167, 1.1333, 1.5],
            "transform": [
                [0.884971, -0.465397, -0.015256, 0.0, 0.465397, 0.882947, 0.061722, 3.499784, -0.015255, -0.061722, 0.997977, 0.0, 0.0, 0.0, 0.0, 1.0],
                [0.999995, 0.003286, -0.000482, 0.0, -0.003016, 0.837777, -0.546004, 3.499785, -0.00139, 0.546002, 0.837783, 0.0, 0.0, 0.0, 0.0, 1.0],
                [0.999996, 0.00282, -6.7e-05, -0.0, -0.002498, 0.874004, -0.485912, 3.499785, -0.001311, 0.48591, 0.874008, -1e-06, 0.0, 0.0, 0.0, 1.0],
                [1.0, -0.0, 0.0, -0.0, 0.0, 0.573576, 0.819152, 3.499784, -0.0, -0.819152, 0.573576, 1e-06, 0.0, 0.0, 0.0, 1.0],
                [0.999994, 0.003286, -0.000482, 0.0, -0.003017, 0.837777, -0.546004, 3.499784, -0.00139, 0.546002, 0.837783, 0.0, 0.0, 0.0, 0.0, 1.0],
                [1.0, -0.0, 0.0, 0.0, 0.0, 0.573576, 0.819152, 3.499783, -0.0, -0.819152, 0.573576, 1e-06, 0.0, 0.0, 0.0, 1.0]
            ]
        },
        {
            "name": "Neck1",
            "time": [0.0, 0.15, 1.5],
            "transform": [
                [1.0, -0.0, -0.0, -0.0, 0.0, 0.962466, 0.271402, 3.493828, 0.0, -0.271402, 0.962466, 1e-06, 0.0, 0.0, 0.0, 1.0],
                [1.0, 0.0, 0.0, 0.0, -0.0, 0.946474, 0.32278, 3.493826, 0.0, -0.32278, 0.946474, 2e-06, 0.0, 0.0, 0.0, 1.0],
                [1.0, 0.0, 0.0, 0.0, -0.0, 0.946474, 0.32278, 3.493827, 0.0, -0.32278, 0.946474, 2e-06, 0.0, 0.0, 0.0, 1.0]
            ]
        },
        {
            "name": "Neck2",
            "time": [0.0, 0.15, 1.5],
            "transform": [
                [1.0, 0.0, -0.0, 0.0, -0.0, 0.995039, -0.099491, 0.623754, 0.0, 0.099491, 0.995039, -0.0, 0.0, 0.0, 0.0, 1.0],
                [1.0, 0.0, 0.0, 0.0, -0.0, 0.994681, -0.103006, 0.623755, -0.0, 0.103006, 0.994681, -0.0, 0.0, 0.0, 0.0, 1.0],
                [1.0, 0.0, 0.0, 0.0, -0.0, 0.994681, -0.103006, 0.623755, -0.0, 0.103006, 0.994681, 1e-06, 0.0, 0.0, 0.0, 1.0]
            ]
        },
        {
            "name": "Neck3",
            "time": [0.0, 0.15, 1.5],
            "transform": [
                [1.0, -0.0, -0.0, -0.0, 0.0, 0.986677, -0.162689, 0.626764, 0.0, 0.162689, 0.986677, 0.0, 0.0, 0.0, 0.0, 1.0],
                [1.0, -0.0, 0.0, -0.0, 0.0, 0.979417, -0.201844, 0.626764, 0.0, 0.201844, 0.979418, 0.0, 0.0, 0.0, 0.0, 1.0],
                [1.0, -0.0, 0.0, 0.0, 0.0, 0.979417, -0.201844, 0.626764, 0.0, 0.201844, 0.979418, 1e-06, 0.0, 0.0, 0.0, 1.0]
            ]
        },
        {
            "name": "Neck4",
            "time": [0.0, 0.15, 1.5],
            "transform": [
                [1.0, 0.0, -0.0, 0.0, -0.0, 0.99876, -0.049789, 0.624224, 0.0, 0.049789, 0.99876, -0.0, 0.0, 0.0, 0.0, 1.0],
                [1.0, -0.0, 0.0, 0.0, 0.0, 0.995688, -0.092768, 0.624224, -0.0, 0.092768, 0.995688, 0.0, 0.0, 0.0, 0.0, 1.0],
                [1.0, -0.0, 0.0, 0.0, 0.0, 0.995688, -0.092768, 0.624224, -0.0, 0.092768, 0.995688, 0.0, 0.0, 0.0, 0.0, 1.0]
            ]
        },
        {
            "name": "Neck5",
            "time": [0.0, 0.15, 1.5],
            "transform": [
                [1.0, 0.0, -0.0, -0.0, -0.0, 0.999947, -0.010369, 0.624445, 0.0, 0.010369, 0.999947, -0.0, 0.0, 0.0, 0.0, 1.0],
                [1.0, -0.0, 0.0, 0.0, 0.0, 0.999498, -0.0317, 0.624445, -0.0, 0.0317, 0.999498, 0.0, 0.0, 0.0, 0.0, 1.0],
                [1.0, -0.0, 0.0, 0.0, 0.0, 0.999498, -0.0317, 0.624445, -0.0, 0.0317, 0.999498, -0.0, 0.0, 0.0, 0.0, 1.0]
            ]
        },
        {
            "name": "Head",
            "time": [0.0, 0.15, 0.3833, 0.6167, 0.85, 1.5],
            "transform": [
                [1.0, 0.0, -0.0, -0.0, 0.0, 0.993287, -0.115674, 0.629229, -0.0, 0.115674, 0.993287, -0.0, 0.0, 0.0, 0.0, 1.0],
                [1.0, 0.0, 0.0, -0.0, -0.0, 0.999467, -0.032638, 0.62923, -0.0, 0.032638, 0.999467, -0.0, 0.0, 0.0, 0.0, 1.0],
                [1.0, 0.0, 0.0, -0.0, -0.0, 0.997026, 0.077061, 0.629229, -0.0, -0.077061, 0.997026, 0.0, 0.0, 0.0, 0.0, 1.0],
                [1.0, 0.0, 0.0, -0.0, -0.0, 0.92505, 0.379845, 0.62923, -0.0, -0.379845, 0.92505, 0.0, 0.0, 0.0, 0.0, 1.0],
                [1.0, 0.0, 0.0, 0.0, -0.0, 0.997569, -0.069681, 0.629229, -0.0, 0.069681, 0.997569, -0.0, 0.0, 0.0, 0.0, 1.0],
                [1.0, 0.0, 0.0, 0.0, -0.0, 0.987218, 0.159373, 0.629229, -0.0, -0.159373, 0.987218, -1e-06, 0.0, 0.0, 0.0, 1.0]
            ]
        },
        {
            "name": "Mouth_Upper",
            "time": [0.0, 0.15, 1.5],
            "transform": [
                [1.0, -0.0, 0.0, 0.001002, 0.0, 0.99845, -0.055649, 0.873064, -0.0, 0.055649, 0.99845, -0.249922, 0.0, 0.0, 0.0, 1.0],
                [1.0, 0.0, 0.0, 0.001002, 0.0, 0.99845, -0.055647, 0.873064, -0.0, 0.055647, 0.998451, -0.249922, 0.0, 0.0, 0.0, 1.0],
                [1.0, 0.0, 0.0, 0.001002, 0.0, 0.99845, -0.055647, 0.873064, -0.0, 0.055647, 0.998451, -0.249921, 0.0, 0.0, 0.0, 1.0]
            ]
        },
        {
            "name": "Mouse_Lower",
            "time": [0.0, 0.15, 1.5],
            "transform": [
                [1.0, 0.0, 0.0, 0.001002, 0.0, 1.0, -0.0, 0.873063, -0.0, 0.0, 1.0, -0.257517, 0.0, 0.0, 0.0, 1.0],
                [1.0, 0.0, 0.0, 0.001002, -0.0, 1.0, 0.0, 0.873064, -0.0, -0.0, 1.0, -0.257517, 0.0, 0.0, 0.0, 1.0],
                [1.0, 0.0, 0.0, 0.001002, -0.0, 1.0, -0.0, 0.873064, -0.0, 0.0, 1.0, -0.257516, 0.0, 0.0, 0.0, 1.0]
            ]
        }
    ]
}