{
    "animation": [
        {
            "name": "Root",
            "time": [0.0, 1.15, 2.6667],
            "transform": [
                [1.0, 0.0, 0.0, 0.0, 0.0, 0.988959, 0.148188, -1.268548, 0.0, -0.148188, 0.988959, 2.538529, 0.0, 0.0, 0.0, 1.0],
                [1.0, 0.0, 0.0, 0.0, 0.0, 0.995298, 0.096864, -1.268548, 0.0, -0.096864, 0.995298, 2.538529, 0.0, 0.0, 0.0, 1.0],
                [1.0, 0.0, 0.0, 0.0, 0.0, 0.988959, 0.148188, -1.268548, 0.0, -0.148188, 0.988959, 2.538529, 0.0, 0.0, 0.0, 1.0]
            ]
        },
        {
            "name": "Leg_Back_R1",
            "time": [0.0, 1.15, 2.6667],
            "transform": [
                [0.964159, 0.264294, 0.023345, 0.999855, -0.131931, 0.401228, 0.906427, 0.086326, 0.230197, -0.877019, 0.421717, -0.271295, 0.0, 0.0, 0.0, 1.0],
                [0.965273, 0.259488, 0.030232, 0.999855, -0.122803, 0.348558, 0.929207, 0.086326, 0.23058, -0.900651, 0.368319, -0.271295, 0.0, 0.0, 0.0, 1.0],
                [0.964159, 0.264294, 0.023345, 0.999855, -0.131931, 0.401228, 0.906427, 0.086326, 0.230197, -0.877019, 0.421717, -0.271295, 0.0, 0.0, 0.0, 1.0]
            ]
        },
        {
            "name": "Leg_Back_R2",
            "time": [0.0, 1.15, 2.6667],
            "transform": [
                [0.982192, -0.156206, -0.104395, 0.0, 0.084822, -0.127125, 0.988253, 1.692268, -0.167642, -0.979509, -0.111612, -0.0, 0.0, 0.0, 0.0, 1.0],
                [0.984145, -0.147824, -0.098016, 0.0, 0.080652, -0.11921, 0.989588, 1.692268, -0.15797, -0.981803, -0.105398, 0.0, 0.0, 0.0, 0.0, 1.0],
                [0.982192, -0.156206, -0.104395, 0.0, 0.084822, -0.127125, 0.988253, 1.692268, -0.167642, -0.979509, -0.111612, -0.0, 0.0, 0.0, 0.0, 1.0]
            ]
        },
        {
            "name": "Leg_Back_R3",
            "time": [0.0, 1.15, 2.6667],
            "transform": [
                [0.99576, -0.075184, 0.053, 0.0, -0.043857, -0.894493, -0.444927, 2.159911, 0.080859, 0.440716, -0.893997, 0.0, 0.0, 0.0, 0.0, 1.0],
                [0.99576, -0.075184, 0.053, -0.0, -0.043857, -0.894492, -0.444927, 2.159911, 0.080859, 0.440716, -0.893997, -0.0, 0.0, 0.0, 0.0, 1.0],
                [0.99576, -0.075184, 0.053, 0.0, -0.043857, -0.894493, -0.444927, 2.159911, 0.080859, 0.440716, -0.893997, 0.0, 0.0, 0.0, 0.0, 1.0]
            ]
        },
        {
            "name": "Leg_Back_L1",
            "time": [0.0, 1.15, 2.6667],
            "transform": [
                [0.95268, -0.29822, -0.058859, -0.999947, 0.28703, 0.946297, -0.148779, 0.086325, 0.100067, 0.124845, 0.987116, -0.271296, 0.0, 0.0, 0.0, 1.0],
                [0.951026, -0.303076, -0.060767, -0.999947, 0.296791, 0.950254, -0.094508, 0.086326, 0.086388, 0.071845, 0.993667, -0.271296, 0.0, 0.0, 0.0, 1.0],
                [0.95268, -0.29822, -0.058859, -0.999947, 0.28703, 0.946297, -0.148779, 0.086325, 0.100067, 0.124845, 0.987116, -0.271296, 0.0, 0.0, 0.0, 1.0]
            ]
        },
        {
            "name": "Leg_Back_L2",
            "time": [0.0, 1.15, 2.6667],
            "transform": [
                [1.0, 0.0, 0.0, 0.0, 0.0, -0.223346, 0.97474, 1.692268, 0.0, -0.97474, -0.223346, 0.0, 0.0, 0.0, 0.0, 1.0],
                [1.0, 0.0, 0.0, 0.0, -0.0, -0.226321, 0.974053, 1.692269, 0.0, -0.974053, -0.226321, 0.0, 0.0, 0.0, 0.0, 1.0],
                [1.0, 0.0, 0.0, 0.0, 0.0, -0.223346, 0.97474, 1.692268, 0.0, -0.97474, -0.223346, 0.0, 0.0, 0.0, 0.0, 1.0]
            ]
        },
        {
            "name": "Leg_Back_L3",
            "time": [0.0, 1.15, 2.6667],
            "transform": [
                [0.982576, 0.177021, 0.05663, 0.0, 0.097974, -0.234407, -0.967189, 2.159911, -0.157938, 0.955886, -0.247666, -0.0, 0.0, 0.0, 0.0, 1.0],
                [0.982618, 0.177312, 0.054977, 0.0, 0.097299, -0.239702, -0.965958, 2.15991, -0.158098, 0.954517, -0.252788, 0.0, 0.0, 0.0, 0.0, 1.0],
                [0.982576, 0.177021, 0.05663, 0.0, 0.097974, -0.234407, -0.967189, 2.159911, -0.157938, 0.955886, -0.247666, -0.0, 0.0, 0.0, 0.0, 1.0]
            ]
        },
        {
            "name": "Torso",
            "time": [0.0, 1.15, 2.6667],
            "transform": [
                [1.0, 0.0, 0.0, 0.0, 0.0, 0.995501, -0.094747, 0.273754, 0.0, 0.094747, 0.995501, 0.0, 0.0, 0.0, 0.0, 1.0],
                [1.0, 0.0, 0.0, 0.0, 0.0, 0.995501, -0.094747, 0.273754, 0.0, 0.094747, 0.995501, -0.0, 0.0, 0.0, 0.0, 1.0],
                [1.0, 0.0, 0.0, 0.0, 0.0, 0.995501, -0.094747, 0.273754, 0.0, 0.094747, 0.995501, 0.0, 0.0, 0.0, 0.0, 1.0]
            ]
        },
        {
            "name": "Tail1",
            "time": [0.0, 1.15, 2.6667],
            "transform": [
                [-0.993126, -0.116415, -0.012177, -0.0, 0.116827, -0.99227, -0.041859, -0.516187, -0.00721, -0.042994, 0.999049, 0.429314, 0.0, 0.0, 0.0, 1.0],
                [-0.993934, -0.10895, -0.015013, -0.0, 0.10948, -0.993154, -0.040727, -0.516188, -0.010473, -0.042123, 0.999057, 0.429315, 0.0, 0.0, 0.0, 1.0],
                [-0.993126, -0.116415, -0.012177, -0.0, 0.116827, -0.99227, -0.041859, -0.516187, -0.00721, -0.042994, 0.999049, 0.429314, 0.0, 0.0, 0.0, 1.0]
            ]
        },
        {
            "name": "Tail2",
            "time": [0.0, 1.15, 2.6667],
            "transform": [
                [0.999377, -0.035235, 0.001859, 0.0, 0.0344, 0.984702, 0.170815, 0.615504, -0.007849, -0.170645, 0.985301, 0.0, 0.0, 0.0, 0.0, 1.0],
                [0.999239, -0.038748, 0.004275, 0.0, 0.037595, 0.986838, 0.157282, 0.615504, -0.010313, -0.157002, 0.987544, 0.0, 0.0, 0.0, 0.0, 1.0],
                [0.999377, -0.035235, 0.001859, 0.0, 0.0344, 0.984702, 0.170815, 0.615504, -0.007849, -0.170645, 0.985301, 0.0, 0.0, 0.0, 0.0, 1.0]
            ]
        },
        {
            "name": "Tail3",
            "time": [0.0, 1.15, 2.6667],
            "transform": [
                [0.9996, -0.028245, -0.001383, -0.0, 0.028088, 0.985981, 0.164473, 0.624616, -0.003281, -0.164446, 0.98638, -0.0, 0.0, 0.0, 0.0, 1.0],
                [0.999581, -0.028935, 0.000441, 0.0, 0.028571, 0.989204, 0.14373, 0.624616, -0.004595, -0.143658, 0.989616, 0.0, 0.0, 0.0, 0.0, 1.0],
                [0.9996, -0.028245, -0.001383, -0.0, 0.028088, 0.985981, 0.164473, 0.624616, -0.003281, -0.164446, 0.98638, -0.0, 0.0, 0.0, 0.0, 1.0]
            ]
        },
        {
            "name": "Tail4",
            "time": [0.0, 1.15, 2.6667],
            "transform": [
                [0.99975, -0.02207, -0.003646, -0.0, 0.022363, 0.98982, 0.140556, 0.62624, 0.000507, -0.140602, 0.990066, 0.0, 0.0, 0.0, 0.0, 1.0],
                [0.99978, -0.020825, -0.002254, -0.0, 0.020946, 0.992751, 0.118343, 0.62624, -0.000227, -0.118364, 0.99297, -0.0, 0.0, 0.0, 0.0, 1.0],
                [0.99975, -0.02207, -0.003646, -0.0, 0.022363, 0.98982, 0.140556, 0.62624, 0.000507, -0.140602, 0.990066, 0.0, 0.0, 0.0, 0.0, 1.0]
            ]
        },
        {
            "name": "Tail5",
            "time": [0.0, 1.15, 2.6667],
            "transform": [
                [0.999846, -0.016873, -0.004718, -0.0, 0.017268, 0.994599, 0.102342, 0.624649, 0.002966, -0.102408, 0.994738, 0.0, 0.0, 0.0, 0.0, 1.0],
                [0.99989, -0.01439, -0.003578, 0.0, 0.014639, 0.996391, 0.083607, 0.624649, 0.002362, -0.08365, 0.996493, -0.0, 0.0, 0.0, 0.0, 1.0],
                [0.999846, -0.016873, -0.004718, -0.0, 0.017268, 0.994599, 0.102342, 0.624649, 0.002966, -0.102408, 0.994738, 0.0, 0.0, 0.0, 0.0, 1.0]
            ]
        },
        {
            "name": "Tail6",
            "time": [0.0, 1.15, 2.6667],
            "transform": [
                [0.999907, -0.012764, -0.004768, 0.0, 0.013005, 0.99843, 0.054487, 0.623273, 0.004065, -0.054544, 0.998503, -0.0, 0.0, 0.0, 0.0, 1.0],
                [0.999947, -0.009603, -0.003773, 0.0, 0.009756, 0.999036, 0.042804, 0.623273, 0.003359, -0.042839, 0.999076, 0.0, 0.0, 0.0, 0.0, 1.0],
                [0.999907, -0.012764, -0.004768, 0.0, 0.013005, 0.99843, 0.054487, 0.623273, 0.004065, -0.054544, 0.998503, -0.0, 0.0, 0.0, 0.0, 1.0]
            ]
        },
        {
            "name": "Tail7",
            "time": [0.0, 1.15, 2.6667],
            "transform": [
                [0.999945, -0.009662, -0.004099, 0.0, 0.009672, 0.99995, 0.002442, 0.625387, 0.004076, -0.002482, 0.999989, 1e-06, 0.0, 0.0, 0.0, 1.0],
                [0.999975, -0.006272, -0.003228, 0.0, 0.006271, 0.99998, -0.00027, 0.625387, 0.003229, 0.00025, 0.999995, 0.0, 0.0, 0.0, 0.0, 1.0],
                [0.999945, -0.009662, -0.004099, 0.0, 0.009672, 0.99995, 0.002442, 0.625387, 0.004076, -0.002482, 0.999989, 1e-06, 0.0, 0.0, 0.0, 1.0]
            ]
        },
        {
            "name": "Tail8",
            "time": [0.0, 1.15, 2.6667],
            "transform": [
                [0.999968, -0.007359, -0.003127, -0.0, 0.007203, 0.998852, -0.047359, 0.625387, 0.003472, 0.047335, 0.998873, 0.0, 0.0, 0.0, 0.0, 1.0],
                [0.999989, -0.004091, -0.002437, -0.0, 0.003987, 0.999148, -0.04108, 0.625387, 0.002603, 0.04107, 0.999153, -0.0, 0.0, 0.0, 0.0, 1.0],
                [0.999968, -0.007359, -0.003127, -0.0, 0.007203, 0.998852, -0.047359, 0.625387, 0.003472, 0.047335, 0.998873, 0.0, 0.0, 0.0, 0.0, 1.0]
            ]
        },
        {
            "name": "Tail9",
            "time": [0.0, 1.15, 2.6667],
            "transform": [
                [0.999982, -0.005567, -0.002055, -0.0, 0.005363, 0.996055, -0.088571, 0.624782, 0.00254, 0.088558, 0.996068, -1e-06, 0.0, 0.0, 0.0, 1.0],
                [0.999995, -0.002683, -0.001568, 0.0, 0.002557, 0.997178, -0.075023, 0.624781, 0.001765, 0.075018, 0.997181, 0.0, 0.0, 0.0, 0.0, 1.0],
                [0.999982, -0.005567, -0.002055, -0.0, 0.005363, 0.996055, -0.088571, 0.624782, 0.00254, 0.088558, 0.996068, -1e-06, 0.0, 0.0, 0.0, 1.0]
            ]
        },
        {
            "name": "Tail10",
            "time": [0.0, 1.15, 2.6667],
            "transform": [
                [0.999991, -0.004033, -0.00113, 0.0, 0.003875, 0.993272, -0.11574, 0.62586, 0.001589, 0.115735, 0.993279, 0.0, 0.0, 0.0, 0.0, 1.0],
                [0.999998, -0.001725, -0.000836, 0.0, 0.001635, 0.995178, -0.098071, 0.62586, 0.001001, 0.09807, 0.995179, 0.0, 0.0, 0.0, 0.0, 1.0],
                [0.999991, -0.004033, -0.00113, 0.0, 0.003875, 0.993272, -0.11574, 0.62586, 0.001589, 0.115735, 0.993279, 0.0, 0.0, 0.0, 0.0, 1.0]
            ]
        },
        {
            "name": "Tail11",
            "time": [0.0, 1.15, 2.6667],
            "transform": [
                [0.999996, -0.002622, -0.000503, -0.0, 0.002539, 0.992217, -0.124495, 0.625141, 0.000825, 0.124493, 0.99222, -0.0, 0.0, 0.0, 0.0, 1.0],
                [0.999999, -0.001021, -0.000344, 0.0, 0.000979, 0.994279, -0.106808, 0.625141, 0.000451, 0.106807, 0.99428, 0.0, 0.0, 0.0, 0.0, 1.0],
                [0.999996, -0.002622, -0.000503, -0.0, 0.002539, 0.992217, -0.124495, 0.625141, 0.000825, 0.124493, 0.99222, -0.0, 0.0, 0.0, 0.0, 1.0]
            ]
        },
        {
            "name": "Tail12",
            "time": [0.0, 1.15, 2.6667],
            "transform": [
                [0.999999, -0.001304, -3.4e-05, 0.0, 0.001254, 0.968, -0.250949, 0.624678, 0.000361, 0.250949, 0.968, 0.0, 0.0, 0.0, 0.0, 1.0],
                [1.0, -0.000481, -4.6e-05, -0.0, 0.000456, 0.971271, -0.237976, 0.624677, 0.000159, 0.237976, 0.971271, -0.0, 0.0, 0.0, 0.0, 1.0],
                [0.999999, -0.001304, -3.4e-05, 0.0, 0.001254, 0.968, -0.250949, 0.624678, 0.000361, 0.250949, 0.968, 0.0, 0.0, 0.0, 0.0, 1.0]
            ]
        },
        {
            "name": "Leg_Front_R1",
            "time": [0.0, 1.15, 2.6667],
            "transform": [
                [0.97076, 0.146621, -0.190074, 0.749746, 0.233377, -0.390983, 0.890319, 2.917176, 0.056224, -0.908644, -0.413769, -0.176387, 0.0, 0.0, 0.0, 1.0],
                [0.970296, 0.133087, -0.202024, 0.749746, 0.237462, -0.364348, 0.900479, 2.917176, 0.046235, -0.921703, -0.385128, -0.176387, 0.0, 0.0, 0.0, 1.0],
                [0.97076, 0.146621, -0.190074, 0.749746, 0.233377, -0.390983, 0.890319, 2.917176, 0.056224, -0.908644, -0.413769, -0.176387, 0.0, 0.0, 0.0, 1.0]
            ]
        },
        {
            "name": "Leg_Front_R2",
            "time": [0.0, 1.15, 2.6667],
            "transform": [
                [0.999203, 0.035219, -0.01881, -0.0, -0.02534, 0.195292, -0.980417, 1.253495, -0.030856, 0.980112, 0.196029, -0.0, 0.0, 0.0, 0.0, 1.0],
                [0.999591, 0.025416, -0.013122, 0.0, -0.021754, 0.377645, -0.925694, 1.253495, -0.018572, 0.925601, 0.378043, 0.0, 0.0, 0.0, 0.0, 1.0],
                [0.999203, 0.035219, -0.01881, -0.0, -0.02534, 0.195292, -0.980417, 1.253495, -0.030856, 0.980112, 0.196029, -0.0, 0.0, 0.0, 0.0, 1.0]
            ]
        },
        {
            "name": "Leg_Front_R3",
            "time": [0.0, 1.15, 2.6667],
            "transform": [
                [0.969785, 0.220173, 0.105077, 0.0, -0.108381, 0.774695, -0.622978, 1.488528, -0.218565, 0.592766, 0.77515, -0.0, 0.0, 0.0, 0.0, 1.0],
                [0.970379, 0.227651, 0.080873, 0.0, -0.106393, 0.703234, -0.702952, 1.488528, -0.2169, 0.673526, 0.706624, -0.0, 0.0, 0.0, 0.0, 1.0],
                [0.969785, 0.220173, 0.105077, 0.0, -0.108381, 0.774695, -0.622978, 1.488528, -0.218565, 0.592766, 0.77515, -0.0, 0.0, 0.0, 0.0, 1.0]
            ]
        },
        {
            "name": "Leg_Front_L1",
            "time": [0.0, 1.15, 2.6667],
            "transform": [
                [0.976991, -0.151061, 0.150561, -0.749883, -0.212484, -0.628501, 0.748223, 2.917176, -0.018399, -0.762999, -0.646138, -0.176387, 0.0, 0.0, 0.0, 1.0],
                [0.976868, -0.13781, 0.163515, -0.749883, -0.213616, -0.593676, 0.775833, 2.917176, -0.009843, -0.792816, -0.609382, -0.176387, 0.0, 0.0, 0.0, 1.0],
                [0.976991, -0.151061, 0.150561, -0.749883, -0.212484, -0.628501, 0.748223, 2.917176, -0.018399, -0.762999, -0.646138, -0.176387, 0.0, 0.0, 0.0, 1.0]
            ]
        },
        {
            "name": "Leg_Front_L2",
            "time": [0.0, 1.15, 2.6667],
            "transform": [
                [0.999963, -0.007165, 0.004801, -0.0, 0.005513, 0.102927, -0.994674, 1.253495, 0.006633, 0.994663, 0.102963, -0.0, 0.0, 0.0, 0.0, 1.0],
                [0.999991, -0.000641, 0.004127, 0.0, 0.004136, 0.289174, -0.957268, 1.253495, -0.000579, 0.957276, 0.289174, -0.0, 0.0, 0.0, 0.0, 1.0],
                [0.999963, -0.007165, 0.004801, -0.0, 0.005513, 0.102927, -0.994674, 1.253495, 0.006633, 0.994663, 0.102963, -0.0, 0.0, 0.0, 0.0, 1.0]
            ]
        },
        {
            "name": "Leg_Front_L3",
            "time": [0.0, 1.15, 2.6667],
            "transform": [
                [0.976764, -0.212855, -0.024979, -0.0, 0.12069, 0.642623, -0.756617, 1.488528, 0.177102, 0.736022, 0.653381, 0.0, 0.0, 0.0, 0.0, 1.0],
                [0.976941, -0.213428, -0.005935, 0.0, 0.120129, 0.572432, -0.811105, 1.488528, 0.17651, 0.791688, 0.584871, -0.0, 0.0, 0.0, 0.0, 1.0],
                [0.976764, -0.212855, -0.024979, -0.0, 0.12069, 0.642623, -0.756617, 1.488528, 0.177102, 0.736022, 0.653381, 0.0, 0.0, 0.0, 0.0, 1.0]
            ]
        },
        {
            "name": "Wing_R1",
            "time": [0.0, 1.15, 2.6667],
            "transform": [
                [-0.376968, 0.572061, 0.728451, 0.749813, -0.684114, -0.702158, 0.197389, 2.861323, 0.624407, -0.423934, 0.656046, 0.744815, 0.0, 0.0, 0.0, 1.0],
                [-0.376968, 0.572061, 0.728451, 0.749813, -0.684114, -0.702158, 0.197389, 2.861322, 0.624407, -0.423934, 0.656046, 0.744816, 0.0, 0.0, 0.0, 1.0],
                [-0.376968, 0.572061, 0.728451, 0.749813, -0.684114, -0.702158, 0.197389, 2.861323, 0.624407, -0.423934, 0.656046, 0.744815, 0.0, 0.0, 0.0, 1.0]
            ]
        },
        {
            "name": "Wing_R2",
            "time": [0.0, 1.15, 2.6667],
            "transform": [
                [0.816789, 0.570761, -0.084183, -0.0, -0.57421, 0.818397, -0.022557, 3.499785, 0.05602, 0.066763, 0.996195, -0.0, 0.0, 0.0, 0.0, 1.0],
                [0.816789, 0.570762, -0.084183, 0.0, -0.57421, 0.818397, -0.022557, 3.499784, 0.05602, 0.066763, 0.996195, 0.0, 0.0, 0.0, 0.0, 1.0],
                [0.816789, 0.570761, -0.084183, -0.0, -0.57421, 0.818397, -0.022557, 3.499785, 0.05602, 0.066763, 0.996195, -0.0, 0.0, 0.0, 0.0, 1.0]
            ]
        },
        {
            "name": "Wing_L1",
            "time": [0.0, 1.15, 2.6667],
            "transform": [
                [-0.376968, -0.572061, -0.728451, -0.75068, 0.684113, -0.702158, 0.197389, 2.861323, -0.624407, -0.423934, 0.656046, 0.744815, 0.0, 0.0, 0.0, 1.0],
                [-0.376968, -0.572061, -0.728451, -0.75068, 0.684113, -0.702158, 0.197389, 2.861323, -0.624407, -0.423934, 0.656046, 0.744816, 0.0, 0.0, 0.0, 1.0],
                [-0.376968, -0.572061, -0.728451, -0.75068, 0.684113, -0.702158, 0.197389, 2.861323, -0.624407, -0.423934, 0.656046, 0.744815, 0.0, 0.0, 0.0, 1.0]
            ]
        },
        {
            "name": "Wing_L2",
            "time": [0.0, 1.15, 2.6667],
            "transform": [
                [0.825491, -0.564337, -0.009406, -0.0, 0.564337, 0.824984, 0.030416, 3.499785, -0.009406, -0.030416, 0.999493, 0.0, 0.0, 0.0, 0.0, 1.0],
                [0.825491, -0.564337, -0.009405, -0.0, 0.564337, 0.824984, 0.030415, 3.499784, -0.009405, -0.030415, 0.999493, 0.0, 0.0, 0.0, 0.0, 1.0],
                [0.825491, -0.564337, -0.009406, -0.0, 0.564337, 0.824984, 0.030416, 3.499785, -0.009406, -0.030416, 0.999493, 0.0, 0.0, 0.0, 0.0, 1.0]
            ]
        },
        {
            "name": "Neck1",
            "time": [0.0, 1.15, 2.6667],
            "transform": [
                [1.0, 0.0, -0.0, 0.0, -0.0, 0.919808, 0.392368, 3.493827, 0.0, -0.392368, 0.919808, 1e-06, 0.0, 0.0, 0.0, 1.0],
                [1.0, 0.0, -0.0, 0.0, -0.0, 0.919809, 0.392368, 3.493828, 0.0, -0.392368, 0.919809, 2e-06, 0.0, 0.0, 0.0, 1.0],
                [1.0, 0.0, -0.0, 0.0, -0.0, 0.919808, 0.392368, 3.493827, 0.0, -0.392368, 0.919808, 1e-06, 0.0, 0.0, 0.0, 1.0]
            ]
        },
        {
            "name": "Neck2",
            "time": [0.0, 1.15, 2.6667],
            "transform": [
                [1.0, 0.0, -0.0, -0.0, -0.0, 0.988476, -0.151382, 0.623755, -0.0, 0.151382, 0.988475, 0.0, 0.0, 0.0, 0.0, 1.0],
                [1.0, 0.0, -0.0, 0.0, -0.0, 0.988476, -0.151382, 0.623754, -0.0, 0.151382, 0.988475, 0.0, 0.0, 0.0, 0.0, 1.0],
                [1.0, 0.0, -0.0, -0.0, -0.0, 0.988476, -0.151382, 0.623755, -0.0, 0.151382, 0.988475, 0.0, 0.0, 0.0, 0.0, 1.0]
            ]
        },
        {
            "name": "Neck3",
            "time": [0.0, 1.15, 2.6667],
            "transform": [
                [1.0, 0.0, -0.0, -0.0, -0.0, 0.988876, -0.148739, 0.626763, -0.0, 0.148739, 0.988876, -0.0, 0.0, 0.0, 0.0, 1.0],
                [1.0, 0.0, -0.0, 0.0, -0.0, 0.988876, -0.148738, 0.626764, -0.0, 0.148738, 0.988876, -0.0, 0.0, 0.0, 0.0, 1.0],
                [1.0, 0.0, -0.0, -0.0, -0.0, 0.988876, -0.148739, 0.626763, -0.0, 0.148739, 0.988876, -0.0, 0.0, 0.0, 0.0, 1.0]
            ]
        },
        {
            "name": "Neck4",
            "time": [0.0, 1.15, 2.6667],
            "transform": [
                [1.0, 0.0, -0.0, 0.0, -0.0, 0.994033, -0.109085, 0.624224, -0.0, 0.109085, 0.994033, 0.0, 0.0, 0.0, 0.0, 1.0],
                [1.0, 0.0, -0.0, 0.0, -0.0, 0.994033, -0.109084, 0.624224, -0.0, 0.109084, 0.994033, -0.0, 0.0, 0.0, 0.0, 1.0],
                [1.0, 0.0, -0.0, 0.0, -0.0, 0.994033, -0.109085, 0.624224, -0.0, 0.109085, 0.994033, 0.0, 0.0, 0.0, 0.0, 1.0]
            ]
        },
        {
            "name": "Neck5",
            "time": [0.0, 1.15, 2.6667],
            "transform": [
                [1.0, 0.0, -0.0, 0.0, -0.0, 0.997975, -0.063613, 0.624444, -0.0, 0.063613, 0.997975, 0.0, 0.0, 0.0, 0.0, 1.0],
                [1.0, 0.0, -0.0, -0.0, -0.0, 0.997975, -0.063613, 0.624445, -0.0, 0.063613, 0.997975, 0.0, 0.0, 0.0, 0.0, 1.0],
                [1.0, 0.0, -0.0, 0.0, -0.0, 0.997975, -0.063613, 0.624444, -0.0, 0.063613, 0.997975, 0.0, 0.0, 0.0, 0.0, 1.0]
            ]
        },
        {
            "name": "Head",
            "time": [0.0, 1.15, 2.6667],
            "transform": [
                [1.0, 0.0, -0.0, 0.0, -0.0, 0.998688, -0.051217, 0.629229, -0.0, 0.051217, 0.998687, 0.0, 0.0, 0.0, 0.0, 1.0],
                [1.0, -0.0, -0.0, 0.0, 0.0, 0.999955, 0.009481, 0.629229, 0.0, -0.009481, 0.999955, 0.0, 0.0, 0.0, 0.0, 1.0],
                [1.0, 0.0, -0.0, 0.0, -0.0, 0.998688, -0.051217, 0.629229, -0.0, 0.051217, 0.998687, 0.0, 0.0, 0.0, 0.0, 1.0]
            ]
        },
        {
            "name": "Mouth_Upper",
            "time": [0.0, 1.15, 2.6667],
            "transform": [
                [1.0, 0.0, -0.0, 0.001002, -0.0, 0.99845, -0.055652, 0.873064, 0.0, 0.055652, 0.99845, -0.249922, 0.0, 0.0, 0.0, 1.0],
                [1.0, 0.0, -0.0, 0.001002, -0.0, 0.99845, -0.05565, 0.873064, 0.0, 0.05565, 0.99845, -0.249922, 0.0, 0.0, 0.0, 1.0],
                [1.0, 0.0, -0.0, 0.001002, -0.0, 0.99845, -0.055652, 0.873064, 0.0, 0.055652, 0.99845, -0.249922, 0.0, 0.0, 0.0, 1.0]
            ]
        },
        {
            "name": "Mouth_Lower",
            "time": [0.0, 1.15, 2.6667],
            "transform": [
                [1.0, 0.0, 0.0, 0.001002, -0.0, 1.0, 0.0, 0.873065, 0.0, 0.0, 1.0, -0.257516, 0.0, 0.0, 0.0, 1.0],
                [1.0, -0.0, 0.0, 0.001002, -0.0, 1.0, 0.0, 0.873064, 0.0, 0.0, 1.0, -0.257517, 0.0, 0.0, 0.0, 1.0],
                [1.0, 0.0, 0.0, 0.001002, -0.0, 1.0, 0.0, 0.873065, 0.0, 0.0, 1.0, -0.257516, 0.0, 0.0, 0.0, 1.0]
            ]
        }
    ]
}