{
    "animation": [
        {
            "name": "Root",
            "time": [0.0, 0.2, 0.4333, 0.8667, 4.0],
            "transform": [
                [0.999971, -0.007264, 0.002138, -0.0, 0.007552, 0.977138, -0.212473, -1.517412, -0.000546, 0.212483, 0.977165, 1.415192, 0.0, 0.0, 0.0, 1.0],
                [0.998917, -0.045616, 0.009212, 0.0, 0.046537, 0.979149, -0.197739, -1.184032, 0.0, 0.197954, 0.980211, 1.36532, 0.0, 0.0, 0.0, 1.0],
                [0.916135, -0.120739, -0.382255, 0.0, 0.08477, 0.990349, -0.109646, -1.184032, 0.391805, 0.068046, 0.917529, 1.36532, 0.0, 0.0, 0.0, 1.0],
                [0.979817, -0.170853, -0.103768, -0.012864, 0.183686, 0.974321, 0.130222, -1.184032, 0.078855, -0.146654, 0.98604, 0.738296, 0.0, 0.0, 0.0, 1.0],
                [0.979817, -0.170853, -0.103768, -0.012864, 0.183686, 0.974321, 0.130222, -1.184032, 0.078855, -0.146654, 0.98604, 0.738296, 0.0, 0.0, 0.0, 1.0]
            ]
        },
        {
            "name": "Leg_Back_R1",
            "time": [0.0, 0.2, 0.4333, 0.8667, 4.0],
            "transform": [
                [0.974229, 0.211471, 0.078471, 0.999854, -0.225462, 0.90265, 0.366589, 0.544667, 0.006691, -0.374834, 0.927065, 0.036199, 0.0, 0.0, 0.0, 1.0],
                [0.550152, 0.816992, 0.17279, 0.999854, -0.824249, 0.564468, -0.044582, 0.544668, -0.133958, -0.117895, 0.983947, 0.036199, 0.0, 0.0, 0.0, 1.0],
                [0.370698, 0.771744, 0.516713, 0.999854, -0.912644, 0.405858, 0.048571, 0.544668, -0.172228, -0.48958, 0.854778, 0.036199, 0.0, 0.0, 0.0, 1.0],
                [0.683759, 0.684324, -0.253324, 0.999854, -0.723685, 0.59143, -0.355654, 0.544668, -0.093559, 0.426509, 0.89963, 0.036199, 0.0, 0.0, 0.0, 1.0],
                [0.683759, 0.684324, -0.253324, 0.999854, -0.723685, 0.59143, -0.355654, 0.544668, -0.093559, 0.426509, 0.89963, 0.036199, 0.0, 0.0, 0.0, 1.0]
            ]
        },
        {
            "name": "Leg_Back_R2",
            "time": [0.0, 0.2, 0.4333, 0.8667, 4.0],
            "transform": [
                [0.985892, 0.0983, 0.13548, 0.0, -0.019115, -0.737978, 0.674553, 1.692269, 0.16629, -0.667626, -0.725687, -0.0, 0.0, 0.0, 0.0, 1.0],
                [0.83567, 0.319537, 0.446712, 0.0, -0.059033, -0.756372, 0.651472, 1.692269, 0.54605, -0.570787, -0.613215, 0.0, 0.0, 0.0, 0.0, 1.0],
                [0.883393, 0.243704, 0.40028, -0.0, -0.182382, -0.60802, 0.772689, 1.692269, 0.431687, -0.755592, -0.492674, 0.0, 0.0, 0.0, 0.0, 1.0],
                [0.831033, 0.199161, 0.519344, -0.0, 0.017011, -0.942362, 0.334162, 1.692269, 0.555963, -0.268866, -0.786522, 0.0, 0.0, 0.0, 0.0, 1.0],
                [0.831033, 0.199161, 0.519344, -0.0, 0.017011, -0.942362, 0.334162, 1.692269, 0.555963, -0.268866, -0.786522, 0.0, 0.0, 0.0, 0.0, 1.0]
            ]
        },
        {
            "name": "Leg_Back_R3",
            "time": [0.0, 0.2, 0.4333, 0.8667, 4.0],
            "transform": [
                [0.998019, 0.035328, 0.052061, 0.0, 0.056527, -0.86681, -0.495424, 2.159911, 0.027624, 0.497386, -0.86709, 0.0, 0.0, 0.0, 0.0, 1.0],
                [0.961881, 0.016082, 0.272996, -0.0, 0.193557, -0.745244, -0.638081, 2.159911, 0.193187, 0.666598, -0.719948, -0.0, 0.0, 0.0, 0.0, 1.0],
                [0.826183, -0.409843, 0.386588, 0.0, -0.03753, -0.724679, -0.688064, 2.15991, 0.56215, 0.553958, -0.614099, 0.0, 0.0, 0.0, 0.0, 1.0],
                [0.812078, 0.113786, 0.572348, -0.0, 0.506274, -0.625134, -0.594049, 2.159911, 0.290199, 0.772179, -0.565265, 0.0, 0.0, 0.0, 0.0, 1.0],
                [0.812078, 0.113786, 0.572348, -0.0, 0.506274, -0.625134, -0.594049, 2.159911, 0.290199, 0.772179, -0.565265, 0.0, 0.0, 0.0, 0.0, 1.0]
            ]
        },
        {
            "name": "Leg_Back_L1",
            "time": [0.0, 0.2, 0.4333, 0.8667, 4.0],
            "transform": [
                [0.976657, -0.21083, -0.041125, -0.999948, 0.205533, 0.861578, 0.464155, 0.544667, -0.062425, -0.461772, 0.884797, 0.036199, 0.0, 0.0, 0.0, 1.0],
                [0.679533, -0.728446, 0.087177, -0.999948, 0.68519, 0.672624, 0.279448, 0.544668, -0.2622, -0.130161, 0.956193, 0.036199, 0.0, 0.0, 0.0, 1.0],
                [0.588189, -0.393222, 0.706688, -0.999949, 0.641016, 0.759467, -0.11094, 0.544668, -0.493082, 0.518253, 0.698771, 0.036199, 0.0, 0.0, 0.0, 1.0],
                [0.977392, 0.12271, 0.172178, -0.999948, 0.15963, 0.105708, -0.981499, 0.544668, -0.13864, 0.986796, 0.083729, 0.036199, 0.0, 0.0, 0.0, 1.0],
                [0.977392, 0.12271, 0.172178, -0.999948, 0.15963, 0.105708, -0.981499, 0.544668, -0.13864, 0.986796, 0.083729, 0.036199, 0.0, 0.0, 0.0, 1.0]
            ]
        },
        {
            "name": "Leg_Back_L2",
            "time": [0.0, 0.2, 0.4333, 0.8667, 4.0],
            "transform": [
                [0.999979, 0.000145, -0.006399, -0.0, 0.004482, -0.729582, 0.683879, 1.692268, -0.00457, -0.683894, -0.729568, 0.0, 0.0, 0.0, 0.0, 1.0],
                [0.999724, 0.0, -0.023466, -0.0, 0.015125, -0.764562, 0.644374, 1.692269, -0.017941, -0.644552, -0.764351, -0.0, 0.0, 0.0, 0.0, 1.0],
                [0.999724, 0.0, -0.023466, 0.0, 0.009722, -0.910139, 0.414191, 1.692268, -0.021357, -0.414305, -0.909888, 0.0, 0.0, 0.0, 0.0, 1.0],
                [0.999583, -0.007836, -0.027789, 0.0, 0.003864, -0.917501, 0.397717, 1.692268, -0.028613, -0.397659, -0.917088, 0.0, 0.0, 0.0, 0.0, 1.0],
                [0.999583, -0.007836, -0.027789, 0.0, 0.003864, -0.917501, 0.397717, 1.692268, -0.028613, -0.397659, -0.917088, 0.0, 0.0, 0.0, 0.0, 1.0]
            ]
        },
        {
            "name": "Leg_Back_L3",
            "time": [0.0, 0.2, 0.4333, 0.8667, 4.0],
            "transform": [
                [0.999535, -0.011555, -0.028218, -0.0, -0.02375, -0.875404, -0.482807, 2.159911, -0.019123, 0.483253, -0.875272, -0.0, 0.0, 0.0, 0.0, 1.0],
                [0.990112, -0.033991, -0.136102, 0.0, -0.114301, -0.757952, -0.642219, 2.159911, -0.081329, 0.651424, -0.754342, -0.0, 0.0, 0.0, 0.0, 1.0],
                [0.979924, -0.018853, -0.198478, 0.0, -0.15682, -0.687621, -0.708932, 2.159911, -0.123112, 0.725825, -0.676773, -0.0, 0.0, 0.0, 0.0, 1.0],
                [0.983452, -0.159627, -0.085683, 0.0, -0.057733, 0.172156, -0.983377, 2.159911, 0.171724, 0.97205, 0.160091, 0.0, 0.0, 0.0, 0.0, 1.0],
                [0.983452, -0.159627, -0.085683, 0.0, -0.057733, 0.172156, -0.983377, 2.159911, 0.171724, 0.97205, 0.160091, 0.0, 0.0, 0.0, 0.0, 1.0]
            ]
        },
        {
            "name": "Torso",
            "time": [0.0, 0.2, 0.4333, 0.8667, 4.0],
            "transform": [
                [1.0, 0.0, 0.0, 0.0, 0.0, 0.999262, -0.03842, 0.273754, 0.0, 0.03842, 0.999261, 0.0, 0.0, 0.0, 0.0, 1.0],
                [1.0, -0.0, -0.0, -0.0, -0.0, 0.991325, -0.131429, 0.273754, 0.0, 0.131429, 0.991325, 0.0, 0.0, 0.0, 0.0, 1.0],
                [1.0, -0.0, 0.0, -0.0, 0.0, 0.991325, -0.13143, 0.273754, 0.0, 0.13143, 0.991325, 0.0, 0.0, 0.0, 0.0, 1.0],
                [1.0, -0.0, 0.0, 0.0, 0.0, 0.991325, -0.13143, 0.273754, -0.0, 0.13143, 0.991325, 0.0, 0.0, 0.0, 0.0, 1.0],
                [1.0, -0.0, 0.0, 0.0, 0.0, 0.991325, -0.13143, 0.273754, -0.0, 0.13143, 0.991325, 0.0, 0.0, 0.0, 0.0, 1.0]
            ]
        },
        {
            "name": "Tail1",
            "time": [0.0, 0.2, 0.4333, 0.8667, 4.0],
            "transform": [
                [-0.907145, -0.37616, -0.188656, 0.0, 0.358958, -0.925656, 0.119623, -0.516188, -0.219628, 0.040796, 0.97473, 0.429315, 0.0, 0.0, 0.0, 1.0],
                [-0.90836, -0.367668, -0.199257, 0.0, 0.328404, -0.922148, 0.204437, -0.516188, -0.258909, 0.120266, 0.958385, 0.429314, 0.0, 0.0, 0.0, 1.0],
                [-0.893631, -0.405821, 0.191659, 0.0, 0.427481, -0.899722, 0.088093, -0.516188, 0.13669, 0.160654, 0.9775, 0.429315, 0.0, 0.0, 0.0, 1.0],
                [-0.902644, -0.327274, -0.279508, 0.0, 0.356352, -0.93249, -0.058956, -0.516188, -0.241344, -0.152819, 0.958331, 0.429314, 0.0, 0.0, 0.0, 1.0],
                [-0.902644, -0.327274, -0.279508, 0.0, 0.356352, -0.93249, -0.058956, -0.516188, -0.241344, -0.152819, 0.958331, 0.429314, 0.0, 0.0, 0.0, 1.0]
            ]
        },
        {
            "name": "Tail2",
            "time": [0.0, 4.0],
            "transform": [
                [0.998303, -0.054591, -0.02026, 0.0, 0.055814, 0.996272, 0.065783, 0.615504, 0.016593, -0.066802, 0.997628, 0.0, 0.0, 0.0, 0.0, 1.0],
                [0.998303, -0.054591, -0.02026, 0.0, 0.055814, 0.996272, 0.065783, 0.615504, 0.016593, -0.066802, 0.997628, -0.0, 0.0, 0.0, 0.0, 1.0]
            ]
        },
        {
            "name": "Tail3",
            "time": [0.0, 4.0],
            "transform": [
                [0.988384, -0.149484, -0.02739, 0.0, 0.151094, 0.985931, 0.071481, 0.624616, 0.01632, -0.07479, 0.997065, 0.0, 0.0, 0.0, 0.0, 1.0],
                [0.988384, -0.149484, -0.02739, 0.0, 0.151094, 0.985931, 0.071481, 0.624616, 0.01632, -0.07479, 0.997065, -0.0, 0.0, 0.0, 0.0, 1.0]
            ]
        },
        {
            "name": "Tail4",
            "time": [0.0, 4.0],
            "transform": [
                [0.969303, -0.242805, -0.038691, -0.0, 0.244475, 0.968529, 0.046712, 0.62624, 0.026131, -0.054737, 0.998159, 0.0, 0.0, 0.0, 0.0, 1.0],
                [0.969303, -0.242805, -0.038691, -0.0, 0.244476, 0.968529, 0.046712, 0.62624, 0.026131, -0.054737, 0.998159, 0.0, 0.0, 0.0, 0.0, 1.0]
            ]
        },
        {
            "name": "Tail5",
            "time": [0.0, 4.0],
            "transform": [
                [0.950113, -0.310976, -0.024053, -0.0, 0.311739, 0.944265, 0.105753, 0.624649, -0.010174, -0.107975, 0.994101, 0.0, 0.0, 0.0, 0.0, 1.0],
                [0.950113, -0.310976, -0.024053, 0.0, 0.311739, 0.944265, 0.105753, 0.624649, -0.010174, -0.107975, 0.994101, 0.0, 0.0, 0.0, 0.0, 1.0]
            ]
        },
        {
            "name": "Tail6",
            "time": [0.0, 4.0],
            "transform": [
                [0.935422, -0.352596, -0.025733, -0.0, 0.352845, 0.926581, 0.130191, 0.623273, -0.022061, -0.130864, 0.991155, -0.0, 0.0, 0.0, 0.0, 1.0],
                [0.935422, -0.352596, -0.025733, 0.0, 0.352845, 0.926581, 0.130191, 0.623274, -0.022061, -0.130864, 0.991155, -0.0, 0.0, 0.0, 0.0, 1.0]
            ]
        },
        {
            "name": "Tail7",
            "time": [0.0, 4.0],
            "transform": [
                [0.931004, -0.364145, -0.025092, 0.0, 0.363769, 0.919985, 0.145948, 0.625387, -0.030062, -0.145006, 0.988974, 0.0, 0.0, 0.0, 0.0, 1.0],
                [0.931004, -0.364145, -0.025092, 1e-06, 0.363769, 0.919985, 0.145948, 0.625387, -0.030062, -0.145006, 0.988974, 0.0, 0.0, 0.0, 0.0, 1.0]
            ]
        },
        {
            "name": "Tail8",
            "time": [0.0, 4.0],
            "transform": [
                [0.937627, -0.346981, -0.021427, 0.0, 0.346139, 0.926074, 0.150248, 0.625387, -0.03229, -0.148294, 0.988416, -0.0, 0.0, 0.0, 0.0, 1.0],
                [0.937627, -0.346981, -0.021427, 0.0, 0.346139, 0.926074, 0.150248, 0.625387, -0.03229, -0.148294, 0.988416, -0.0, 0.0, 0.0, 0.0, 1.0]
            ]
        },
        {
            "name": "Tail9",
            "time": [0.0, 4.0],
            "transform": [
                [0.95217, -0.305171, -0.015604, 0.0, 0.304214, 0.941906, 0.142356, 0.624782, -0.028745, -0.140294, 0.989692, -0.0, 0.0, 0.0, 0.0, 1.0],
                [0.952169, -0.305171, -0.015604, 0.0, 0.304214, 0.941907, 0.142356, 0.624782, -0.028745, -0.140294, 0.989692, -0.0, 0.0, 0.0, 0.0, 1.0]
            ]
        },
        {
            "name": "Tail10",
            "time": [0.0, 4.0],
            "transform": [
                [0.969827, -0.24362, -0.009182, 0.0, 0.242874, 0.962217, 0.123088, 0.62586, -0.021151, -0.121604, 0.992353, -0.0, 0.0, 0.0, 0.0, 1.0],
                [0.969827, -0.24362, -0.009182, -0.0, 0.242874, 0.962217, 0.123088, 0.62586, -0.021151, -0.121604, 0.992353, -0.0, 0.0, 0.0, 0.0, 1.0]
            ]
        },
        {
            "name": "Tail11",
            "time": [0.0, 4.0],
            "transform": [
                [0.9867, -0.162228, -0.010263, 0.0, 0.162381, 0.980786, 0.108132, 0.625141, -0.007476, -0.108361, 0.994083, -0.0, 0.0, 0.0, 0.0, 1.0],
                [0.9867, -0.162228, -0.010263, 0.0, 0.162381, 0.980786, 0.108132, 0.625141, -0.007476, -0.108361, 0.994083, -0.0, 0.0, 0.0, 0.0, 1.0]
            ]
        },
        {
            "name": "Tail12",
            "time": [0.0, 4.0],
            "transform": [
                [0.996294, -0.085994, -0.001833, -0.0, 0.085982, 0.99512, 0.048407, 0.624677, -0.002339, -0.048385, 0.998826, -0.0, 0.0, 0.0, 0.0, 1.0],
                [0.996294, -0.085994, -0.001833, -0.0, 0.085982, 0.99512, 0.048407, 0.624676, -0.002339, -0.048385, 0.998826, -0.0, 0.0, 0.0, 0.0, 1.0]
            ]
        },
        {
            "name": "Leg_Front_R1",
            "time": [0.0, 0.2, 0.4333, 0.8667, 4.0],
            "transform": [
                [0.829896, 0.270711, -0.48784, 0.749746, 0.552063, -0.524797, 0.64793, 2.924575, -0.080615, -0.807033, -0.584976, -0.141287, 0.0, 0.0, 0.0, 1.0],
                [-0.65021, 0.539271, -0.535176, 0.749746, 0.671643, 0.078727, -0.73668, 2.942549, -0.355138, -0.838444, -0.413386, -0.056022, 0.0, 0.0, 0.0, 1.0],
                [-0.730729, 0.335928, -0.594296, 0.749746, 0.658157, 0.115487, -0.743971, 2.94255, -0.181287, -0.93478, -0.305483, -0.056022, 0.0, 0.0, 0.0, 1.0],
                [-0.3676, 0.923214, -0.112006, 0.749746, 0.839033, 0.277288, -0.468118, 2.942549, -0.401116, -0.266057, -0.876538, -0.056022, 0.0, 0.0, 0.0, 1.0],
                [-0.3676, 0.923214, -0.112006, 0.749746, 0.839033, 0.277288, -0.468118, 2.942549, -0.401116, -0.266057, -0.876538, -0.056022, 0.0, 0.0, 0.0, 1.0]
            ]
        },
        {
            "name": "Leg_Front_R2",
            "time": [0.0, 0.2, 0.4333, 0.8667, 4.0],
            "transform": [
                [0.950335, 0.152107, 0.271525, 0.0, 0.177285, 0.452481, -0.873974, 1.253494, -0.255797, 0.878707, 0.403042, 0.0, 0.0, 0.0, 0.0, 1.0],
                [0.489645, 0.044022, 0.870809, -0.0, 0.073162, 0.993129, -0.091343, 1.253495, -0.868847, 0.108436, 0.483059, -0.0, 0.0, 0.0, 0.0, 1.0],
                [0.488461, 0.115756, 0.864873, -0.0, 0.069373, 0.982873, -0.17073, 1.253495, -0.869823, 0.143394, 0.472064, 0.0, 0.0, 0.0, 0.0, 1.0],
                [0.066336, 0.819039, 0.569891, -0.0, -0.598715, 0.489576, -0.63392, 1.253495, -0.79821, -0.299151, 0.522847, -0.0, 0.0, 0.0, 0.0, 1.0],
                [0.066336, 0.819039, 0.569891, -0.0, -0.598715, 0.489576, -0.63392, 1.253495, -0.79821, -0.299151, 0.522847, -0.0, 0.0, 0.0, 0.0, 1.0]
            ]
        },
        {
            "name": "Leg_Front_R3",
            "time": [0.0, 0.2, 0.4333, 0.8667, 4.0],
            "transform": [
                [0.941903, 0.189394, 0.277397, 0.0, 0.030168, 0.774826, -0.631454, 1.488528, -0.334528, 0.603137, 0.724097, 0.0, 0.0, 0.0, 0.0, 1.0],
                [0.356004, 0.827381, 0.434397, -0.0, 0.500901, 0.223477, -0.836155, 1.488528, -0.788897, 0.515265, -0.334878, 0.0, 0.0, 0.0, 0.0, 1.0],
                [0.324625, 0.87719, 0.353775, 0.0, 0.57652, 0.113012, -0.80923, 1.488528, -0.749829, 0.466655, -0.469031, -0.0, 0.0, 0.0, 0.0, 1.0],
                [-0.558444, 0.139585, 0.817714, 0.0, 0.01149, 0.986948, -0.160627, 1.488528, -0.829462, -0.080306, -0.552759, 0.0, 0.0, 0.0, 0.0, 1.0],
                [-0.558444, 0.139585, 0.817714, 0.0, 0.01149, 0.986948, -0.160627, 1.488528, -0.829462, -0.080306, -0.552759, 0.0, 0.0, 0.0, 0.0, 1.0]
            ]
        },
        {
            "name": "Leg_Front_L1",
            "time": [0.0, 0.2, 0.4333, 0.8667, 4.0],
            "transform": [
                [0.813161, -0.246473, 0.527277, -0.749884, -0.575015, -0.480506, 0.662171, 2.924575, 0.090153, -0.841644, -0.532454, -0.141287, 0.0, 0.0, 0.0, 1.0],
                [-0.691158, -0.434674, 0.577372, -0.749884, -0.685094, 0.139705, -0.714932, 2.942548, 0.230101, -0.889685, -0.39435, -0.056022, 0.0, 0.0, 0.0, 1.0],
                [-0.082544, -0.839509, 0.537038, -0.749884, -0.995787, 0.047887, -0.078196, 2.942547, 0.039929, -0.54123, -0.839925, -0.056022, 0.0, 0.0, 0.0, 1.0],
                [-0.6885, -0.346434, 0.637143, -0.749884, -0.455742, 0.890071, -0.008518, 2.942547, -0.564152, -0.296237, -0.770697, -0.056022, 0.0, 0.0, 0.0, 1.0],
                [-0.6885, -0.346434, 0.637143, -0.749884, -0.455742, 0.890071, -0.008518, 2.942547, -0.564152, -0.296237, -0.770697, -0.056022, 0.0, 0.0, 0.0, 1.0]
            ]
        },
        {
            "name": "Leg_Front_L2",
            "time": [0.0, 0.2, 0.4333, 0.8667, 4.0],
            "transform": [
                [0.954081, -0.119569, -0.274649, 0.0, -0.186929, 0.478788, -0.857799, 1.253495, 0.234065, 0.86975, 0.434452, -0.0, 0.0, 0.0, 0.0, 1.0],
                [0.531473, 0.031847, -0.846476, -0.0, -0.047341, 0.998848, 0.007856, 1.253495, 0.845751, 0.035898, 0.532368, 0.0, 0.0, 0.0, 0.0, 1.0],
                [0.350379, -0.87449, -0.335413, 0.0, 0.25894, 0.434601, -0.862596, 1.253495, 0.900102, 0.215384, 0.378716, -0.0, 0.0, 0.0, 0.0, 1.0],
                [0.395224, -0.484584, -0.78037, -0.0, 0.220829, 0.874743, -0.431346, 1.253495, 0.891646, -0.00185, 0.452729, 0.0, 0.0, 0.0, 0.0, 1.0],
                [0.395224, -0.484584, -0.78037, -0.0, 0.220829, 0.874743, -0.431346, 1.253495, 0.891646, -0.00185, 0.452729, 0.0, 0.0, 0.0, 0.0, 1.0]
            ]
        },
        {
            "name": "Leg_Front_L3",
            "time": [0.0, 0.2, 0.4333, 0.8667, 4.0],
            "transform": [
                [0.937487, -0.19399, -0.288939, 0.0, -0.047602, 0.750958, -0.658632, 1.488528, 0.344749, 0.631213, 0.69478, -0.0, 0.0, 0.0, 0.0, 1.0],
                [0.361265, -0.804026, -0.47226, 0.0, -0.51542, 0.249876, -0.819698, 1.488528, 0.777065, 0.53954, -0.32414, 0.0, 0.0, 0.0, 0.0, 1.0],
                [0.590159, -0.205226, -0.780766, -0.0, -0.0843, 0.946193, -0.312429, 1.488528, 0.802874, 0.250201, 0.541104, -0.0, 0.0, 0.0, 0.0, 1.0],
                [0.297683, 0.024502, -0.95435, 0.0, -0.095474, 0.995423, -0.004224, 1.488529, 0.949879, 0.092373, 0.29866, 0.0, 0.0, 0.0, 0.0, 1.0],
                [0.297683, 0.024502, -0.95435, 0.0, -0.095474, 0.995423, -0.004224, 1.488529, 0.949879, 0.092373, 0.29866, 0.0, 0.0, 0.0, 0.0, 1.0]
            ]
        },
        {
            "name": "Wing_R1",
            "time": [0.0, 0.05, 0.2, 0.4333, 0.8667, 4.0],
            "transform": [
                [0.55692, 0.80638, -0.198976, 0.749813, -0.827805, 0.519387, -0.212073, 2.739429, -0.067666, 0.282821, 0.956783, 0.70338, 0.0, 0.0, 0.0, 1.0],
                [0.346547, 0.844072, -0.409203, 0.749813, -0.936771, 0.334035, -0.104314, 2.861324, 0.048639, 0.41948, 0.906461, 0.744816, 0.0, 0.0, 0.0, 1.0],
                [0.358492, 0.818891, -0.44822, 0.749813, -0.931146, 0.347977, -0.108994, 2.861323, 0.066715, 0.456431, 0.887254, 0.744816, 0.0, 0.0, 0.0, 1.0],
                [0.310861, 0.901099, -0.302302, 0.749813, -0.950448, 0.295965, -0.095147, 2.861323, 0.003734, 0.316899, 0.948452, 0.744817, 0.0, 0.0, 0.0, 1.0],
                [0.15357, 0.895457, 0.41782, 0.749813, -0.987555, 0.153605, 0.033777, 2.861323, -0.033934, -0.417807, 0.907902, 0.744817, 0.0, 0.0, 0.0, 1.0],
                [0.15357, 0.895457, 0.41782, 0.749813, -0.987555, 0.153605, 0.033777, 2.861323, -0.033934, -0.417807, 0.907902, 0.744817, 0.0, 0.0, 0.0, 1.0]
            ]
        },
        {
            "name": "Wing_R2",
            "time": [0.0, 0.25, 0.6167, 0.8667, 4.0],
            "transform": [
                [0.999999, -0.001498, -0.000735, 0.0, 0.001656, 0.837608, 0.546269, 3.499784, -0.000203, -0.546269, 0.83761, -0.0, 0.0, 0.0, 0.0, 1.0],
                [0.999994, 0.002683, -0.002339, 0.0, -0.003488, 0.869429, -0.494045, 3.499785, 0.000708, 0.49405, 0.869433, 1e-06, 0.0, 0.0, 0.0, 1.0],
                [0.999994, 0.00208, -0.002654, -0.0, -0.003088, 0.881011, -0.473085, 3.499784, 0.001355, 0.47309, 0.881013, 0.0, 0.0, 0.0, 0.0, 1.0],
                [0.999982, 0.000308, -0.005991, -0.0, -0.00231, 0.941402, -0.337277, 3.499785, 0.005537, 0.337285, 0.941386, -0.0, 0.0, 0.0, 0.0, 1.0],
                [0.999982, 0.000308, -0.005991, -0.0, -0.00231, 0.941402, -0.337277, 3.499785, 0.005537, 0.337285, 0.941386, -0.0, 0.0, 0.0, 0.0, 1.0]
            ]
        },
        {
            "name": "Wing_L1",
            "time": [0.0, 0.05, 0.2, 0.4333, 0.8667, 4.0],
            "transform": [
                [0.574396, -0.796715, 0.18792, -0.75068, 0.815888, 0.538625, -0.210264, 2.739429, 0.066302, 0.274096, 0.959414, 0.70338, 0.0, 0.0, 0.0, 1.0],
                [0.37096, -0.839134, 0.397797, -0.75068, 0.927228, 0.358372, -0.108705, 2.861323, -0.051341, 0.409174, 0.911011, 0.744816, 0.0, 0.0, 0.0, 1.0],
                [0.382702, -0.814026, 0.436921, -0.75068, 0.921485, 0.370302, -0.117226, 2.861324, -0.066368, 0.447479, 0.891828, 0.744816, 0.0, 0.0, 0.0, 1.0],
                [0.373626, -0.802616, 0.464985, -0.75068, 0.925067, 0.359288, -0.123142, 2.861323, -0.068228, 0.476151, 0.876713, 0.744816, 0.0, 0.0, 0.0, 1.0],
                [0.323416, -0.914385, -0.243519, -0.750681, 0.9436, 0.330918, 0.010634, 2.861323, 0.070861, -0.233223, 0.969838, 0.744816, 0.0, 0.0, 0.0, 1.0],
                [0.323416, -0.914385, -0.243519, -0.750681, 0.9436, 0.330918, 0.010634, 2.861323, 0.070861, -0.233223, 0.969838, 0.744816, 0.0, 0.0, 0.0, 1.0]
            ]
        },
        {
            "name": "Wing_L2",
            "time": [0.0, 0.25, 0.6167, 0.8667, 4.0],
            "transform": [
                [1.0, 0.000539, -0.00072, 0.0, -6.7e-05, 0.842833, 0.538175, 3.499784, 0.000897, -0.538174, 0.842833, -0.0, 0.0, 0.0, 0.0, 1.0],
                [0.999953, -0.009612, -0.000986, -0.0, 0.007579, 0.843499, -0.537077, 3.499785, 0.005995, 0.537044, 0.843533, -0.0, 0.0, 0.0, 0.0, 1.0],
                [0.999969, -0.007758, -0.001332, -0.0, 0.006012, 0.861966, -0.50693, 3.499785, 0.00508, 0.506906, 0.861986, -0.0, 0.0, 0.0, 0.0, 1.0],
                [0.999999, 0.000887, -0.001371, 0.0, -0.001262, 0.952513, -0.304495, 3.499785, 0.001036, 0.304496, 0.952513, -0.0, 0.0, 0.0, 0.0, 1.0],
                [0.999999, 0.000887, -0.001371, 0.0, -0.001262, 0.952513, -0.304495, 3.499785, 0.001036, 0.304496, 0.952513, -0.0, 0.0, 0.0, 0.0, 1.0]
            ]
        },
        {
            "name": "Neck1",
            "time": [0.0, 0.2, 0.4333, 0.6167, 0.8667, 4.0],
            "transform": [
                [0.999896, -0.00992, -0.010484, 0.0, -4.7e-05, 0.724108, -0.689686, 3.493826, 0.014433, 0.689615, 0.724032, 2e-06, 0.0, 0.0, 0.0, 1.0],
                [0.983666, -0.064234, -0.168152, 0.0, 0.059232, 0.997645, -0.0346, 3.493826, 0.169979, 0.024075, 0.985153, 2e-06, 0.0, 0.0, 0.0, 1.0],
                [0.913612, -0.076373, 0.399351, -0.0, 0.140341, 0.98107, -0.133441, 3.493825, -0.3816, 0.177958, 0.907035, 2e-06, 0.0, 0.0, 0.0, 1.0],
                [0.931097, -0.257099, 0.258762, -0.0, 0.285834, 0.95496, -0.079686, 3.493826, -0.226621, 0.148158, 0.962648, 2e-06, 0.0, 0.0, 0.0, 1.0],
                [0.976342, -0.215696, 0.015251, -0.0, 0.216224, 0.973156, -0.078832, 3.493825, 0.002162, 0.080265, 0.996771, 2e-06, 0.0, 0.0, 0.0, 1.0],
                [0.976342, -0.215696, 0.015251, -0.0, 0.216224, 0.973156, -0.078832, 3.493825, 0.002162, 0.080265, 0.996771, 2e-06, 0.0, 0.0, 0.0, 1.0]
            ]
        },
        {
            "name": "Neck2",
            "time": [0.0, 0.2, 0.6167, 0.8667, 4.0],
            "transform": [
                [0.999998, 0.000702, 0.002144, 0.0, -0.000832, 0.998117, 0.061336, 0.623755, -0.002097, -0.061338, 0.998115, -0.0, 0.0, 0.0, 0.0, 1.0],
                [1.0, 0.0, -0.0, 0.0, -0.0, 0.982821, -0.184566, 0.623755, 0.0, 0.184566, 0.98282, 0.0, 0.0, 0.0, 0.0, 1.0],
                [0.999987, 0.002312, 0.004575, -0.0, -0.001881, 0.995753, -0.092053, 0.623755, -0.004768, 0.092043, 0.995744, -0.0, 0.0, 0.0, 0.0, 1.0],
                [0.999938, 0.004474, 0.010215, 0.0, -0.004657, 0.999829, 0.01794, 0.623755, -0.010132, -0.017987, 0.999787, -0.0, 0.0, 0.0, 0.0, 1.0],
                [0.999938, 0.004474, 0.010215, 0.0, -0.004657, 0.999829, 0.01794, 0.623755, -0.010132, -0.017987, 0.999787, -0.0, 0.0, 0.0, 0.0, 1.0]
            ]
        },
        {
            "name": "Neck3",
            "time": [0.0, 0.2, 0.6167, 0.8667, 4.0],
            "transform": [
                [0.999995, 0.001308, 0.002875, 0.0, -0.001545, 0.996449, 0.084184, 0.626764, -0.002755, -0.084188, 0.996446, -0.0, 0.0, 0.0, 0.0, 1.0],
                [0.997446, 0.052606, 0.048323, 0.0, -0.037524, 0.961509, -0.272196, 0.626763, -0.060782, 0.269687, 0.961028, 0.0, 0.0, 0.0, 0.0, 1.0],
                [0.996603, 0.077277, 0.028484, 0.0, -0.073632, 0.990951, -0.112222, 0.626763, -0.036899, 0.109744, 0.993275, -0.0, 0.0, 0.0, 0.0, 1.0],
                [0.996341, 0.084929, 0.009623, 0.0, -0.08543, 0.993069, 0.080709, 0.626763, -0.002702, -0.081236, 0.996691, -0.0, 0.0, 0.0, 0.0, 1.0],
                [0.996341, 0.084929, 0.009623, 0.0, -0.08543, 0.993069, 0.080709, 0.626763, -0.002702, -0.081236, 0.996691, -0.0, 0.0, 0.0, 0.0, 1.0]
            ]
        },
        {
            "name": "Neck4",
            "time": [0.0, 0.2, 0.6167, 0.8667, 4.0],
            "transform": [
                [0.999992, 0.00222, 0.003311, 0.0, -0.00252, 0.995616, 0.093501, 0.624224, -0.003089, -0.093508, 0.995614, 0.0, 0.0, 0.0, 0.0, 1.0],
                [0.997862, 0.059907, 0.026125, -0.0, -0.04799, 0.942992, -0.329338, 0.624224, -0.044365, 0.32738, 0.943851, 0.0, 0.0, 0.0, 0.0, 1.0],
                [0.993065, 0.117445, 0.005369, -0.0, -0.115606, 0.983786, -0.137116, 0.624224, -0.021386, 0.135544, 0.990541, -0.0, 0.0, 0.0, 0.0, 1.0],
                [0.988535, 0.150882, -0.005747, -0.0, -0.149627, 0.984, 0.096729, 0.624224, 0.020249, -0.094761, 0.995294, 0.0, 0.0, 0.0, 0.0, 1.0],
                [0.988535, 0.150882, -0.005747, -0.0, -0.149627, 0.984, 0.096729, 0.624224, 0.020249, -0.094761, 0.995294, 0.0, 0.0, 0.0, 0.0, 1.0]
            ]
        },
        {
            "name": "Neck5",
            "time": [0.0, 0.2, 0.6167, 0.8667, 4.0],
            "transform": [
                [0.999995, 0.002053, 0.002153, -0.0, -0.002218, 0.996813, 0.079745, 0.624445, -0.001982, -0.079749, 0.996813, -0.0, 0.0, 0.0, 0.0, 1.0],
                [0.997988, 0.062294, 0.011775, 0.0, -0.058035, 0.972443, -0.225802, 0.624445, -0.025517, 0.224665, 0.974102, 1e-06, 0.0, 0.0, 0.0, 1.0],
                [0.987331, 0.158637, 0.003263, -0.0, -0.15769, 0.983304, -0.090814, 0.624446, -0.017615, 0.089149, 0.995862, 0.0, 0.0, 0.0, 0.0, 1.0],
                [0.975338, 0.220549, 0.008523, 0.0, -0.220595, 0.97282, 0.070417, 0.624445, 0.007239, -0.070561, 0.997481, 0.0, 0.0, 0.0, 0.0, 1.0],
                [0.975338, 0.220549, 0.008523, 0.0, -0.220595, 0.97282, 0.070417, 0.624445, 0.007239, -0.070561, 0.997481, 0.0, 0.0, 0.0, 0.0, 1.0]
            ]
        },
        {
            "name": "Head",
            "time": [0.0, 0.2, 0.6167, 0.8667, 4.0],
            "transform": [
                [0.999661, 0.009732, 0.024142, -0.0, -0.025706, 0.514861, 0.856888, 0.629229, -0.00409, -0.857218, 0.514937, 0.0, 0.0, 0.0, 0.0, 1.0],
                [0.999416, 0.029532, -0.017183, -0.0, -0.03357, 0.942361, -0.332909, 0.62923, 0.006361, 0.333291, 0.942802, -0.0, 0.0, 0.0, 0.0, 1.0],
                [0.995669, 0.0922, 0.011897, 0.0, -0.088104, 0.976691, -0.195735, 0.629229, -0.029666, 0.193839, 0.980585, -0.0, 0.0, 0.0, 0.0, 1.0],
                [0.982713, 0.156813, 0.098415, 0.0, -0.134662, 0.97023, -0.201293, 0.629229, -0.12705, 0.18456, 0.974575, -0.0, 0.0, 0.0, 0.0, 1.0],
                [0.982713, 0.156813, 0.098415, 0.0, -0.134662, 0.97023, -0.201293, 0.629229, -0.12705, 0.18456, 0.974575, -0.0, 0.0, 0.0, 0.0, 1.0]
            ]
        },
        {
            "name": "Mouth_Upper",
            "time": [0.0, 0.05, 0.2, 0.4333, 0.8667, 4.0],
            "transform": [
                [0.999999, -0.001107, 0.000806, 0.001002, 0.001163, 0.997262, -0.073936, 0.873064, -0.000722, 0.073937, 0.997262, -0.249922, 0.0, 0.0, 0.0, 1.0],
                [0.999999, -0.00137, 0.001016, 0.001002, 0.001457, 0.995752, -0.092067, 0.873064, -0.000886, 0.092068, 0.995752, -0.249922, 0.0, 0.0, 0.0, 1.0],
                [1.0, -0.0, -0.0, 0.001002, 0.0, 1.0, 0.0, 0.873064, 0.0, -0.0, 1.0, -0.249922, 0.0, 0.0, 0.0, 1.0],
                [1.0, -0.0, -0.0, 0.001002, 0.0, 1.0, -0.0, 0.873065, 0.0, 0.0, 1.0, -0.249923, 0.0, 0.0, 0.0, 1.0],
                [1.0, 1e-06, 0.0, 0.001002, -1e-06, 1.0, 0.0, 0.873068, 0.0, -0.0, 1.0, -0.249922, 0.0, 0.0, 0.0, 1.0],
                [1.0, 1e-06, 0.0, 0.001002, -1e-06, 1.0, 0.0, 0.873068, 0.0, -0.0, 1.0, -0.249922, 0.0, 0.0, 0.0, 1.0]
            ]
        },
        {
            "name": "Mouse_Lower",
            "time": [0.0, 0.05, 0.2, 0.4333, 0.8667, 4.0],
            "transform": [
                [0.999997, 0.001967, -0.001154, 0.001002, -0.00181, 0.9924, 0.123036, 0.873064, 0.001388, -0.123034, 0.992401, -0.257517, 0.0, 0.0, 0.0, 1.0],
                [0.999992, 0.003447, -0.001824, 0.001002, -0.002988, 0.97778, 0.209611, 0.873063, 0.002506, -0.209604, 0.977783, -0.257516, 0.0, 0.0, 0.0, 1.0],
                [0.999956, 0.008828, -0.003091, 0.001002, -0.006188, 0.872199, 0.489113, 0.873064, 0.007014, -0.489072, 0.872215, -0.257517, 0.0, 0.0, 0.0, 1.0],
                [1.0, -0.0, -0.0, 0.001002, 1e-06, 1.0, -0.0, 0.873063, 0.0, -0.0, 1.0, -0.257517, 0.0, 0.0, 0.0, 1.0],
                [1.0, 1e-06, 0.0, 0.001002, -1e-06, 1.0, 0.0, 0.873064, 0.0, 0.0, 1.0, -0.257517, 0.0, 0.0, 0.0, 1.0],
                [1.0, 1e-06, 0.0, 0.001002, -1e-06, 1.0, 0.0, 0.873064, 0.0, 0.0, 1.0, -0.257517, 0.0, 0.0, 0.0, 1.0]
            ]
        }
    ]
}