{
    "animation": [
        {
            "name": "Root",
            "time": [0.0167, 0.2667, 0.5167, 0.7667, 1.0167, 1.6833],
            "transform": [
                [0.979817, -0.170853, -0.103768, -0.012864, 0.183686, 0.974321, 0.130222, -1.184032, 0.078855, -0.146654, 0.98604, 0.738296, 0.0, 0.0, 0.0, 1.0],
                [0.984995, -0.147456, -0.089676, -0.011085, 0.158628, 0.978225, 0.133842, -1.195719, 0.067987, -0.146059, 0.986937, 0.98724, 0.0, 0.0, 0.0, 1.0],
                [0.994035, -0.093105, -0.056794, -0.006984, 0.100299, 0.984942, 0.140816, -1.22266, 0.042828, -0.145672, 0.988405, 1.561094, 0.0, 0.0, 0.0, 1.0],
                [0.999308, -0.031731, -0.019422, -0.002381, 0.034236, 0.988645, 0.146319, -1.252908, 0.014558, -0.146883, 0.989047, 2.205377, 0.0, 0.0, 0.0, 1.0],
                [1.0, 0.0, 0.0, 0.0, 0.0, 0.988959, 0.148188, -1.268548, 0.0, -0.148188, 0.988959, 2.538529, 0.0, 0.0, 0.0, 1.0],
                [1.0, 0.0, 0.0, 0.0, 0.0, 0.988959, 0.148188, -1.268548, 0.0, -0.148188, 0.988959, 2.538529, 0.0, 0.0, 0.0, 1.0]
            ]
        },
        {
            "name": "Leg_Back_R1",
            "time": [0.0167, 0.2667, 0.5167, 0.7667, 1.0167, 1.6833],
            "transform": [
                [0.683759, 0.684324, -0.253324, 0.999854, -0.723685, 0.59143, -0.355654, 0.544668, -0.093559, 0.426509, 0.89963, 0.036199, 0.0, 0.0, 0.0, 1.0],
                [0.645938, 0.763021, -0.023728, 0.999854, -0.763253, 0.644922, -0.038988, 0.481286, -0.014446, 0.043294, 0.998956, -0.006323, 0.0, 0.0, 0.0, 1.0],
                [0.737577, 0.64187, 0.209719, 0.999854, -0.654733, 0.603788, 0.454713, 0.335182, 0.165241, -0.472696, 0.865593, -0.104342, 0.0, 0.0, 0.0, 1.0],
                [0.905313, 0.397769, 0.148955, 0.999854, -0.347285, 0.491294, 0.798762, 0.171147, 0.244542, -0.77486, 0.582913, -0.21439, 0.0, 0.0, 0.0, 1.0],
                [0.964159, 0.264293, 0.023345, 0.999855, -0.13193, 0.401227, 0.906426, 0.086326, 0.230196, -0.87702, 0.421715, -0.271296, 0.0, 0.0, 0.0, 1.0],
                [0.964159, 0.264293, 0.023345, 0.999855, -0.13193, 0.401227, 0.906426, 0.086326, 0.230196, -0.87702, 0.421715, -0.271296, 0.0, 0.0, 0.0, 1.0]
            ]
        },
        {
            "name": "Leg_Back_R2",
            "time": [0.0167, 0.2667, 0.5167, 0.7667, 1.0167, 1.6833],
            "transform": [
                [0.831033, 0.199161, 0.519344, -0.0, 0.017011, -0.942362, 0.334162, 1.692269, 0.555963, -0.268866, -0.786522, 0.0, 0.0, 0.0, 0.0, 1.0],
                [0.882214, 0.195848, 0.428184, 0.0, -0.026448, -0.887341, 0.460355, 1.692269, 0.470105, -0.417456, -0.777645, 0.0, 0.0, 0.0, 0.0, 1.0],
                [0.970744, 0.119807, 0.208091, 0.0, -0.069405, -0.689632, 0.720826, 1.692268, 0.229867, -0.714181, -0.66114, -0.0, 0.0, 0.0, 0.0, 1.0],
                [0.998504, -0.052698, -0.014589, -0.0, -0.004806, -0.350355, 0.936604, 1.692269, -0.054469, -0.935133, -0.350084, 0.0, 0.0, 0.0, 0.0, 1.0],
                [0.982192, -0.156206, -0.104395, 0.0, 0.084822, -0.127124, 0.988253, 1.692269, -0.167642, -0.97951, -0.111611, -0.0, 0.0, 0.0, 0.0, 1.0],
                [0.982192, -0.156206, -0.104395, 0.0, 0.084822, -0.127124, 0.988253, 1.692269, -0.167642, -0.97951, -0.111611, -0.0, 0.0, 0.0, 0.0, 1.0]
            ]
        },
        {
            "name": "Leg_Back_R3",
            "time": [0.0167, 0.2667, 0.5167, 0.7667, 1.6833],
            "transform": [
                [0.812078, 0.113786, 0.572348, -0.0, 0.506274, -0.625134, -0.594049, 2.159911, 0.290199, 0.772179, -0.565265, 0.0, 0.0, 0.0, 0.0, 1.0],
                [0.804059, 0.000856, 0.594549, 0.0, 0.290582, -0.872993, -0.391721, 2.159911, 0.518702, 0.487731, -0.702187, -0.0, 0.0, 0.0, 0.0, 1.0],
                [0.894827, 0.112165, 0.432092, 0.0, 0.25978, -0.917988, -0.299688, 2.159911, 0.36304, 0.380418, -0.850579, 0.0, 0.0, 0.0, 0.0, 1.0],
                [0.99576, -0.075184, 0.053, -0.0, -0.043857, -0.894492, -0.444927, 2.15991, 0.080859, 0.440716, -0.893997, -0.0, 0.0, 0.0, 0.0, 1.0],
                [0.99576, -0.075184, 0.053, 0.0, -0.043857, -0.894492, -0.444927, 2.159911, 0.080859, 0.440716, -0.893997, 0.0, 0.0, 0.0, 0.0, 1.0]
            ]
        },
        {
            "name": "Leg_Back_L1",
            "time": [0.0167, 0.2667, 0.5167, 0.7667, 1.0167, 1.6833],
            "transform": [
                [0.977392, 0.12271, 0.172178, -0.999948, 0.15963, 0.105708, -0.981499, 0.544668, -0.13864, 0.986796, 0.083729, 0.036199, 0.0, 0.0, 0.0, 1.0],
                [0.962089, 0.164761, 0.217343, -1.018821, 0.121565, 0.454305, -0.882512, 0.436764, -0.244143, 0.875477, 0.417052, 0.006325, 0.0, 0.0, 0.0, 1.0],
                [0.948178, 0.179732, 0.262017, -1.035196, 0.017644, 0.79358, -0.608208, 0.348188, -0.317246, 0.581314, 0.749283, -0.135068, 0.0, 0.0, 0.0, 1.0],
                [0.857705, -0.512165, -0.045034, -0.999948, 0.471339, 0.818268, -0.329055, 0.171146, 0.20538, 0.261006, 0.943234, -0.21439, 0.0, 0.0, 0.0, 1.0],
                [0.95268, -0.29822, -0.05886, -0.999947, 0.28703, 0.946297, -0.148778, 0.086325, 0.100067, 0.124844, 0.987115, -0.271296, 0.0, 0.0, 0.0, 1.0],
                [0.95268, -0.29822, -0.05886, -0.999947, 0.28703, 0.946297, -0.148778, 0.086325, 0.100067, 0.124844, 0.987115, -0.271296, 0.0, 0.0, 0.0, 1.0]
            ]
        },
        {
            "name": "Leg_Back_L2",
            "time": [0.0167, 0.2667, 0.5167, 0.7667, 1.0167, 1.6833],
            "transform": [
                [0.999583, -0.007836, -0.027789, 0.0, 0.003864, -0.917501, 0.397717, 1.692268, -0.028613, -0.397659, -0.917088, 0.0, 0.0, 0.0, 0.0, 1.0],
                [0.999372, 0.005694, -0.034956, -0.0, 0.020514, -0.897632, 0.440269, 1.692268, -0.028871, -0.44071, -0.897186, -0.0, 0.0, 0.0, 0.0, 1.0],
                [0.993671, 0.059091, -0.095523, 0.0, 0.10774, -0.741872, 0.66183, 1.692269, -0.031758, -0.667934, -0.743544, -0.0, 0.0, 0.0, 0.0, 1.0],
                [0.999996, -0.0, -0.002575, -0.0, 0.002337, -0.420171, 0.907443, 1.692269, -0.001082, -0.907446, -0.42017, -0.0, 0.0, 0.0, 0.0, 1.0],
                [1.0, -0.0, -0.0, 0.0, 0.0, -0.223344, 0.97474, 1.692269, -0.0, -0.97474, -0.223344, 0.0, 0.0, 0.0, 0.0, 1.0],
                [1.0, -0.0, -0.0, 0.0, 0.0, -0.223344, 0.97474, 1.692269, -0.0, -0.97474, -0.223344, 0.0, 0.0, 0.0, 0.0, 1.0]
            ]
        },
        {
            "name": "Leg_Back_L3",
            "time": [0.0167, 0.2667, 0.5167, 0.7667, 1.0167, 1.6833],
            "transform": [
                [0.983452, -0.159627, -0.085683, 0.0, -0.057733, 0.172156, -0.983377, 2.159911, 0.171724, 0.97205, 0.160091, 0.0, 0.0, 0.0, 0.0, 1.0],
                [0.9619, -0.197466, -0.189091, -0.0, -0.211687, -0.10022, -0.972186, 2.159911, 0.173023, 0.975173, -0.138203, -0.0, 0.0, 0.0, 0.0, 1.0],
                [0.941335, -0.228408, -0.248434, 0.0, -0.301964, -0.241359, -0.92226, 2.159911, 0.150689, 0.943173, -0.29617, 0.0, 0.0, 0.0, 0.0, 1.0],
                [0.972649, 0.1814, 0.14508, -0.0, 0.191319, -0.27144, -0.943248, 2.159911, -0.131724, 0.945206, -0.298721, -0.0, 0.0, 0.0, 0.0, 1.0],
                [0.982576, 0.177021, 0.05663, -0.0, 0.097974, -0.234407, -0.967189, 2.159911, -0.157938, 0.955886, -0.247666, 0.0, 0.0, 0.0, 0.0, 1.0],
                [0.982576, 0.177021, 0.05663, -0.0, 0.097974, -0.234407, -0.967189, 2.159911, -0.157938, 0.955886, -0.247666, 0.0, 0.0, 0.0, 0.0, 1.0]
            ]
        },
        {
            "name": "Torso",
            "time": [0.0167, 0.2667, 0.5167, 0.7667, 1.0167, 1.6833],
            "transform": [
                [1.0, -0.0, 0.0, 0.0, 0.0, 0.991325, -0.13143, 0.273754, -0.0, 0.13143, 0.991325, 0.0, 0.0, 0.0, 0.0, 1.0],
                [1.0, 0.0, 0.0, 0.0, 0.0, 0.991984, -0.126366, 0.273754, -0.0, 0.126366, 0.991984, -0.0, 0.0, 0.0, 0.0, 1.0],
                [1.0, -0.0, 0.0, -0.0, 0.0, 0.993402, -0.114682, 0.273754, -0.0, 0.114682, 0.993402, 0.0, 0.0, 0.0, 0.0, 1.0],
                [1.0, -0.0, 0.0, -0.0, 0.0, 0.994831, -0.101545, 0.273754, -0.0, 0.101545, 0.994831, 0.0, 0.0, 0.0, 0.0, 1.0],
                [1.0, 0.0, 0.0, 0.0, 0.0, 0.995501, -0.094746, 0.273754, 0.0, 0.094746, 0.995501, 0.0, 0.0, 0.0, 0.0, 1.0],
                [1.0, 0.0, 0.0, 0.0, 0.0, 0.995501, -0.094746, 0.273754, 0.0, 0.094746, 0.995501, 0.0, 0.0, 0.0, 0.0, 1.0]
            ]
        },
        {
            "name": "Tail1",
            "time": [0.0167, 1.0167, 1.6833],
            "transform": [
                [-0.902644, -0.327274, -0.279508, 0.0, 0.356352, -0.93249, -0.058956, -0.516188, -0.241344, -0.152819, 0.958331, 0.429314, 0.0, 0.0, 0.0, 1.0],
                [-0.993126, -0.116414, -0.012177, -0.0, 0.116827, -0.99227, -0.041859, -0.516188, -0.00721, -0.042994, 0.999049, 0.429313, 0.0, 0.0, 0.0, 1.0],
                [-0.993126, -0.116414, -0.012177, -0.0, 0.116827, -0.99227, -0.041859, -0.516188, -0.00721, -0.042994, 0.999049, 0.429313, 0.0, 0.0, 0.0, 1.0]
            ]
        },
        {
            "name": "Tail2",
            "time": [0.0167, 1.0167, 1.6833],
            "transform": [
                [0.998303, -0.054591, -0.02026, 0.0, 0.055814, 0.996272, 0.065783, 0.615504, 0.016593, -0.066802, 0.997628, -0.0, 0.0, 0.0, 0.0, 1.0],
                [0.999377, -0.035236, 0.001859, 0.0, 0.034401, 0.984702, 0.170817, 0.615504, -0.007849, -0.170646, 0.985301, -0.0, 0.0, 0.0, 0.0, 1.0],
                [0.999377, -0.035236, 0.001859, 0.0, 0.034401, 0.984702, 0.170817, 0.615504, -0.007849, -0.170646, 0.985301, -0.0, 0.0, 0.0, 0.0, 1.0]
            ]
        },
        {
            "name": "Tail3",
            "time": [0.0167, 1.0167, 1.6833],
            "transform": [
                [0.988384, -0.149484, -0.02739, 0.0, 0.151094, 0.985931, 0.071481, 0.624616, 0.01632, -0.07479, 0.997065, -0.0, 0.0, 0.0, 0.0, 1.0],
                [0.9996, -0.028245, -0.001384, 0.0, 0.028088, 0.985981, 0.164475, 0.624616, -0.003281, -0.164448, 0.98638, 0.0, 0.0, 0.0, 0.0, 1.0],
                [0.9996, -0.028245, -0.001384, 0.0, 0.028088, 0.985981, 0.164475, 0.624616, -0.003281, -0.164448, 0.98638, 0.0, 0.0, 0.0, 0.0, 1.0]
            ]
        },
        {
            "name": "Tail4",
            "time": [0.0167, 1.0167, 1.6833],
            "transform": [
                [0.969303, -0.242805, -0.038691, -0.0, 0.244476, 0.968529, 0.046712, 0.62624, 0.026131, -0.054737, 0.998159, 0.0, 0.0, 0.0, 0.0, 1.0],
                [0.99975, -0.02207, -0.003646, 0.0, 0.022363, 0.989819, 0.140557, 0.62624, 0.000507, -0.140604, 0.990066, 0.0, 0.0, 0.0, 0.0, 1.0],
                [0.99975, -0.02207, -0.003646, 0.0, 0.022363, 0.989819, 0.140557, 0.62624, 0.000507, -0.140604, 0.990066, 0.0, 0.0, 0.0, 0.0, 1.0]
            ]
        },
        {
            "name": "Tail5",
            "time": [0.0167, 1.0167, 1.6833],
            "transform": [
                [0.950113, -0.310976, -0.024053, 0.0, 0.311739, 0.944265, 0.105753, 0.624649, -0.010174, -0.107975, 0.994101, 0.0, 0.0, 0.0, 0.0, 1.0],
                [0.999846, -0.016874, -0.004718, 0.0, 0.017268, 0.994599, 0.102344, 0.624649, 0.002966, -0.10241, 0.994738, 0.0, 0.0, 0.0, 0.0, 1.0],
                [0.999846, -0.016874, -0.004718, 0.0, 0.017268, 0.994599, 0.102344, 0.624649, 0.002966, -0.10241, 0.994738, 0.0, 0.0, 0.0, 0.0, 1.0]
            ]
        },
        {
            "name": "Tail6",
            "time": [0.0167, 1.0167, 1.6833],
            "transform": [
                [0.935422, -0.352596, -0.025733, 0.0, 0.352845, 0.926581, 0.130191, 0.623274, -0.022061, -0.130864, 0.991155, -0.0, 0.0, 0.0, 0.0, 1.0],
                [0.999907, -0.012764, -0.004767, 0.0, 0.013005, 0.99843, 0.054486, 0.623273, 0.004065, -0.054543, 0.998503, -0.0, 0.0, 0.0, 0.0, 1.0],
                [0.999907, -0.012764, -0.004767, 0.0, 0.013005, 0.99843, 0.054486, 0.623273, 0.004065, -0.054543, 0.998503, -0.0, 0.0, 0.0, 0.0, 1.0]
            ]
        },
        {
            "name": "Tail7",
            "time": [0.0167, 1.0167, 1.6833],
            "transform": [
                [0.931004, -0.364145, -0.025092, 1e-06, 0.363769, 0.919985, 0.145948, 0.625387, -0.030062, -0.145006, 0.988974, 0.0, 0.0, 0.0, 0.0, 1.0],
                [0.999945, -0.009663, -0.004088, 0.0, 0.009673, 0.99995, 0.002436, 0.625387, 0.004065, -0.002475, 0.999989, -0.0, 0.0, 0.0, 0.0, 1.0],
                [0.999945, -0.009663, -0.004088, 0.0, 0.009673, 0.99995, 0.002436, 0.625387, 0.004065, -0.002475, 0.999989, -0.0, 0.0, 0.0, 0.0, 1.0]
            ]
        },
        {
            "name": "Tail8",
            "time": [0.0167, 1.0167, 1.6833],
            "transform": [
                [0.937627, -0.346981, -0.021427, 0.0, 0.346139, 0.926074, 0.150248, 0.625387, -0.03229, -0.148294, 0.988416, -0.0, 0.0, 0.0, 0.0, 1.0],
                [0.999968, -0.00736, -0.003127, -0.0, 0.007203, 0.998852, -0.047355, 0.625387, 0.003472, 0.047331, 0.998873, 0.0, 0.0, 0.0, 0.0, 1.0],
                [0.999968, -0.00736, -0.003127, -0.0, 0.007203, 0.998852, -0.047355, 0.625387, 0.003472, 0.047331, 0.998873, 0.0, 0.0, 0.0, 0.0, 1.0]
            ]
        },
        {
            "name": "Tail9",
            "time": [0.0167, 1.0167, 1.6833],
            "transform": [
                [0.952169, -0.305171, -0.015604, 0.0, 0.304214, 0.941907, 0.142356, 0.624782, -0.028745, -0.140294, 0.989692, -0.0, 0.0, 0.0, 0.0, 1.0],
                [0.999982, -0.005567, -0.002055, -0.0, 0.005363, 0.996055, -0.088571, 0.624782, 0.00254, 0.088558, 0.996068, -0.0, 0.0, 0.0, 0.0, 1.0],
                [0.999982, -0.005567, -0.002055, -0.0, 0.005363, 0.996055, -0.088571, 0.624782, 0.00254, 0.088558, 0.996068, -0.0, 0.0, 0.0, 0.0, 1.0]
            ]
        },
        {
            "name": "Tail10",
            "time": [0.0167, 1.0167, 1.6833],
            "transform": [
                [0.969827, -0.24362, -0.009182, -0.0, 0.242874, 0.962217, 0.123088, 0.62586, -0.021151, -0.121604, 0.992353, -0.0, 0.0, 0.0, 0.0, 1.0],
                [0.999991, -0.004033, -0.00113, 0.0, 0.003875, 0.993272, -0.11574, 0.625861, 0.001589, 0.115735, 0.993279, -0.0, 0.0, 0.0, 0.0, 1.0],
                [0.999991, -0.004033, -0.00113, 0.0, 0.003875, 0.993272, -0.11574, 0.625861, 0.001589, 0.115735, 0.993279, -0.0, 0.0, 0.0, 0.0, 1.0]
            ]
        },
        {
            "name": "Tail11",
            "time": [0.0167, 1.0167, 1.6833],
            "transform": [
                [0.9867, -0.162228, -0.010263, 0.0, 0.162381, 0.980786, 0.108132, 0.625141, -0.007476, -0.108361, 0.994083, -0.0, 0.0, 0.0, 0.0, 1.0],
                [0.999996, -0.002622, -0.000503, 0.0, 0.002539, 0.992217, -0.124496, 0.625141, 0.000826, 0.124494, 0.99222, -0.0, 0.0, 0.0, 0.0, 1.0],
                [0.999996, -0.002622, -0.000503, 0.0, 0.002539, 0.992217, -0.124496, 0.625141, 0.000826, 0.124494, 0.99222, -0.0, 0.0, 0.0, 0.0, 1.0]
            ]
        },
        {
            "name": "Tail12",
            "time": [0.0167, 1.0167, 1.6833],
            "transform": [
                [0.996294, -0.085994, -0.001833, -0.0, 0.085982, 0.99512, 0.048407, 0.624676, -0.002339, -0.048385, 0.998826, -0.0, 0.0, 0.0, 0.0, 1.0],
                [0.999999, -0.001304, -3.4e-05, -0.0, 0.001254, 0.967999, -0.250952, 0.624677, 0.000361, 0.250952, 0.967999, -0.0, 0.0, 0.0, 0.0, 1.0],
                [0.999999, -0.001304, -3.4e-05, -0.0, 0.001254, 0.967999, -0.250952, 0.624677, 0.000361, 0.250952, 0.967999, -0.0, 0.0, 0.0, 0.0, 1.0]
            ]
        },
        {
            "name": "Leg_Front_R1",
            "time": [0.0167, 0.2667, 0.5167, 0.7667, 1.0167, 1.6833],
            "transform": [
                [-0.3676, 0.923214, -0.112006, 0.749746, 0.839033, 0.277288, -0.468118, 2.942549, -0.401116, -0.266057, -0.876538, -0.056022, 0.0, 0.0, 0.0, 1.0],
                [0.237599, 0.936743, -0.257019, 0.749746, 0.919472, -0.302215, -0.251469, 2.93904, -0.313237, -0.176573, -0.933115, -0.072666, 0.0, 0.0, 0.0, 1.0],
                [0.573501, 0.568058, -0.590259, 0.749746, 0.746651, -0.658919, 0.091318, 2.930952, -0.337059, -0.493088, -0.802031, -0.111034, 0.0, 0.0, 0.0, 1.0],
                [0.860923, 0.213181, -0.461914, 0.749746, 0.498554, -0.534281, 0.682633, 2.921871, -0.101267, -0.817983, -0.566257, -0.154112, 0.0, 0.0, 0.0, 1.0],
                [0.97076, 0.146621, -0.190073, 0.749746, 0.233376, -0.390984, 0.890318, 2.917176, 0.056224, -0.908643, -0.413769, -0.176387, 0.0, 0.0, 0.0, 1.0],
                [0.97076, 0.146621, -0.190073, 0.749746, 0.233376, -0.390984, 0.890318, 2.917176, 0.056224, -0.908643, -0.413769, -0.176387, 0.0, 0.0, 0.0, 1.0]
            ]
        },
        {
            "name": "Leg_Front_R2",
            "time": [0.0167, 0.2667, 0.5167, 0.7667, 1.0167, 1.6833],
            "transform": [
                [0.066336, 0.819039, 0.569891, -0.0, -0.598715, 0.489576, -0.63392, 1.253495, -0.79821, -0.299151, 0.522847, -0.0, 0.0, 0.0, 0.0, 1.0],
                [-0.399905, 0.887397, -0.229353, -0.0, -0.552396, -0.433031, -0.71228, 1.253495, -0.731392, -0.158151, 0.663365, 0.0, 0.0, 0.0, 0.0, 1.0],
                [0.155922, 0.636369, -0.755462, 0.0, -0.628759, -0.525915, -0.572779, 1.253495, -0.761807, 0.564313, 0.318121, -0.0, 0.0, 0.0, 0.0, 1.0],
                [0.828438, 0.386044, -0.405785, -0.0, -0.400659, -0.097779, -0.910994, 1.253494, -0.391361, 0.917284, 0.073668, -0.0, 0.0, 0.0, 0.0, 1.0],
                [0.999202, 0.035219, -0.01881, -0.0, -0.02534, 0.195288, -0.980418, 1.253494, -0.030856, 0.980114, 0.196024, -0.0, 0.0, 0.0, 0.0, 1.0],
                [0.999202, 0.035219, -0.01881, -0.0, -0.02534, 0.195288, -0.980418, 1.253494, -0.030856, 0.980114, 0.196024, -0.0, 0.0, 0.0, 0.0, 1.0]
            ]
        },
        {
            "name": "Leg_Front_R3",
            "time": [0.0167, 0.2667, 0.5167, 0.7667, 1.0167, 1.6833],
            "transform": [
                [-0.558444, 0.139585, 0.817714, 0.0, 0.01149, 0.986948, -0.160627, 1.488528, -0.829462, -0.080306, -0.552759, 0.0, 0.0, 0.0, 0.0, 1.0],
                [-0.414495, -0.47613, 0.77556, 0.0, -0.46603, 0.843046, 0.268494, 1.488528, -0.781672, -0.250145, -0.571329, -0.0, 0.0, 0.0, 0.0, 1.0],
                [0.099725, 0.497022, 0.861989, 0.0, -0.327959, 0.834316, -0.443124, 1.488528, -0.939414, -0.238506, 0.246205, 0.0, 0.0, 0.0, 0.0, 1.0],
                [0.874697, 0.150192, 0.460812, -0.0, 0.126605, 0.846958, -0.516365, 1.488528, -0.467842, 0.510004, 0.721817, 0.0, 0.0, 0.0, 0.0, 1.0],
                [0.969785, 0.220173, 0.105077, 0.0, -0.108381, 0.774695, -0.622978, 1.488528, -0.218565, 0.592766, 0.77515, 0.0, 0.0, 0.0, 0.0, 1.0],
                [0.969785, 0.220173, 0.105077, 0.0, -0.108381, 0.774695, -0.622978, 1.488528, -0.218565, 0.592766, 0.77515, 0.0, 0.0, 0.0, 0.0, 1.0]
            ]
        },
        {
            "name": "Leg_Front_L1",
            "time": [0.0167, 0.2667, 0.5167, 0.7667, 1.0167, 1.6833],
            "transform": [
                [-0.6885, -0.346434, 0.637143, -0.749884, -0.455742, 0.890071, -0.008518, 2.942547, -0.564152, -0.296237, -0.770697, -0.056022, 0.0, 0.0, 0.0, 1.0],
                [-0.583997, -0.392287, 0.710674, -0.749884, -0.491302, 0.867732, 0.075254, 2.939039, -0.646197, -0.305207, -0.699483, -0.072667, 0.0, 0.0, 0.0, 1.0],
                [-0.251598, -0.472823, 0.844474, -0.749884, -0.576352, 0.774153, 0.261735, 2.930952, -0.777507, -0.420861, -0.467287, -0.111035, 0.0, 0.0, 0.0, 1.0],
                [0.609012, -0.699805, 0.373334, -0.749883, -0.576248, -0.066948, 0.814528, 2.921871, -0.545017, -0.71119, -0.444032, -0.154112, 0.0, 0.0, 0.0, 1.0],
                [0.976991, -0.151061, 0.150561, -0.749883, -0.212484, -0.628501, 0.748222, 2.917176, -0.0184, -0.762999, -0.646137, -0.176387, 0.0, 0.0, 0.0, 1.0],
                [0.976991, -0.151061, 0.150561, -0.749883, -0.212484, -0.628501, 0.748222, 2.917176, -0.0184, -0.762999, -0.646137, -0.176387, 0.0, 0.0, 0.0, 1.0]
            ]
        },
        {
            "name": "Leg_Front_L2",
            "time": [0.0167, 0.2667, 0.5167, 0.7667, 1.0167, 1.6833],
            "transform": [
                [0.395224, -0.484584, -0.78037, -0.0, 0.220829, 0.874743, -0.431346, 1.253495, 0.891646, -0.00185, 0.452729, 0.0, 0.0, 0.0, 0.0, 1.0],
                [0.528147, -0.386339, -0.756177, 0.0, 0.105974, 0.913533, -0.392717, 1.253494, 0.842514, 0.127277, 0.523422, 0.0, 0.0, 0.0, 0.0, 1.0],
                [0.74736, -0.191143, -0.636331, -0.0, -0.002188, 0.957012, -0.29004, 1.253495, 0.664415, 0.218157, 0.714814, -0.0, 0.0, 0.0, 0.0, 1.0],
                [0.944191, -0.325815, -0.048453, -0.0, -0.076164, -0.072833, -0.994432, 1.253495, 0.320472, 0.942624, -0.093584, -0.0, 0.0, 0.0, 0.0, 1.0],
                [0.999962, -0.007165, 0.004801, -0.0, 0.005513, 0.102925, -0.994674, 1.253495, 0.006633, 0.994663, 0.10296, 0.0, 0.0, 0.0, 0.0, 1.0],
                [0.999962, -0.007165, 0.004801, -0.0, 0.005513, 0.102925, -0.994674, 1.253495, 0.006633, 0.994663, 0.10296, 0.0, 0.0, 0.0, 0.0, 1.0]
            ]
        },
        {
            "name": "Leg_Front_L3",
            "time": [0.0167, 0.2667, 0.5167, 0.7667, 1.0167, 1.6833],
            "transform": [
                [0.297683, 0.024502, -0.95435, 0.0, -0.095474, 0.995423, -0.004224, 1.488529, 0.949879, 0.092373, 0.29866, 0.0, 0.0, 0.0, 0.0, 1.0],
                [0.319471, -0.10483, -0.94178, -0.0, -0.091512, 0.985804, -0.140773, 1.488528, 0.943167, 0.131157, 0.305343, -0.0, 0.0, 0.0, 0.0, 1.0],
                [0.43701, -0.24278, -0.866072, 0.0, -0.293154, 0.871861, -0.392325, 1.488528, 0.850343, 0.425342, 0.30984, 0.0, 0.0, 0.0, 0.0, 1.0],
                [0.810268, -0.112896, -0.575083, 0.0, 0.206965, 0.973167, 0.100559, 1.488528, 0.548299, -0.200502, 0.811891, -0.0, 0.0, 0.0, 0.0, 1.0],
                [0.976764, -0.212855, -0.024979, 0.0, 0.12069, 0.642623, -0.756618, 1.488528, 0.177102, 0.736022, 0.653381, -0.0, 0.0, 0.0, 0.0, 1.0],
                [0.976764, -0.212855, -0.024979, 0.0, 0.12069, 0.642623, -0.756618, 1.488528, 0.177102, 0.736022, 0.653381, -0.0, 0.0, 0.0, 0.0, 1.0]
            ]
        },
        {
            "name": "Wing_R1",
            "time": [0.0167, 0.2667, 0.5167, 0.7667, 1.0167, 1.6833],
            "transform": [
                [0.15357, 0.895457, 0.41782, 0.749813, -0.987555, 0.153605, 0.033777, 2.861323, -0.033934, -0.417807, 0.907902, 0.744817, 0.0, 0.0, 0.0, 1.0],
                [0.06367, 0.888297, 0.454834, 0.749813, -0.99651, 0.031934, 0.077128, 2.861323, 0.053988, -0.458158, 0.88723, 0.744816, 0.0, 0.0, 0.0, 1.0],
                [-0.132495, 0.825791, 0.548191, 0.749813, -0.954128, -0.256071, 0.155136, 2.861323, 0.268486, -0.50249, 0.821839, 0.744816, 0.0, 0.0, 0.0, 1.0],
                [-0.310891, 0.677062, 0.667034, 0.749813, -0.802305, -0.563211, 0.19774, 2.861323, 0.509563, -0.473689, 0.718307, 0.744816, 0.0, 0.0, 0.0, 1.0],
                [-0.376968, 0.572061, 0.728451, 0.749813, -0.684114, -0.702158, 0.197389, 2.861323, 0.624407, -0.423934, 0.656046, 0.744815, 0.0, 0.0, 0.0, 1.0],
                [-0.376968, 0.572061, 0.728451, 0.749813, -0.684114, -0.702158, 0.197389, 2.861323, 0.624407, -0.423934, 0.656046, 0.744815, 0.0, 0.0, 0.0, 1.0]
            ]
        },
        {
            "name": "Wing_R2",
            "time": [0.0167, 0.2667, 0.5167, 0.7667, 1.0167, 1.6833],
            "transform": [
                [0.999982, 0.000308, -0.005991, -0.0, -0.00231, 0.941402, -0.337277, 3.499785, 0.005537, 0.337285, 0.941386, -0.0, 0.0, 0.0, 0.0, 1.0],
                [0.996286, 0.081422, -0.028, -0.0, -0.086072, 0.950334, -0.299092, 3.499785, 0.002256, 0.300392, 0.953813, -0.0, 0.0, 0.0, 0.0, 1.0],
                [0.960833, 0.269223, -0.065714, 0.0, -0.277029, 0.939391, -0.201988, 3.499784, 0.007352, 0.212282, 0.977181, -0.0, 0.0, 0.0, 0.0, 1.0],
                [0.877338, 0.472354, -0.084611, -0.0, -0.478671, 0.873898, -0.084716, 3.499785, 0.033926, 0.114826, 0.992806, 0.0, 0.0, 0.0, 0.0, 1.0],
                [0.816789, 0.570762, -0.084183, 0.0, -0.57421, 0.818397, -0.022557, 3.499784, 0.05602, 0.066763, 0.996195, 0.0, 0.0, 0.0, 0.0, 1.0],
                [0.816789, 0.570762, -0.084183, 0.0, -0.57421, 0.818397, -0.022557, 3.499784, 0.05602, 0.066763, 0.996195, 0.0, 0.0, 0.0, 0.0, 1.0]
            ]
        },
        {
            "name": "Wing_L1",
            "time": [0.0167, 0.2667, 0.5167, 0.7667, 1.0167, 1.6833],
            "transform": [
                [0.323416, -0.914385, -0.243519, -0.750681, 0.9436, 0.330918, 0.010634, 2.861323, 0.070861, -0.233223, 0.969838, 0.744816, 0.0, 0.0, 0.0, 1.0],
                [0.207948, -0.930858, -0.300434, -0.75068, 0.978104, 0.195247, 0.072055, 2.861323, -0.008414, -0.30884, 0.951077, 0.744816, 0.0, 0.0, 0.0, 1.0],
                [-0.054307, -0.891156, -0.450434, -0.75068, 0.972945, -0.148676, 0.176842, 2.861323, -0.224563, -0.428644, 0.875121, 0.744816, 0.0, 0.0, 0.0, 1.0],
                [-0.293317, -0.712969, -0.6369, -0.75068, 0.819852, -0.530262, 0.216022, 2.861323, -0.49174, -0.458801, 0.740063, 0.744816, 0.0, 0.0, 0.0, 1.0],
                [-0.376968, -0.572061, -0.728451, -0.75068, 0.684113, -0.702159, 0.197389, 2.861323, -0.624407, -0.423933, 0.656046, 0.744815, 0.0, 0.0, 0.0, 1.0],
                [-0.376968, -0.572061, -0.728451, -0.75068, 0.684113, -0.702159, 0.197389, 2.861323, -0.624407, -0.423933, 0.656046, 0.744815, 0.0, 0.0, 0.0, 1.0]
            ]
        },
        {
            "name": "Wing_L2",
            "time": [0.0167, 0.2667, 0.5167, 0.7667, 1.0167, 1.6833],
            "transform": [
                [0.999999, 0.000887, -0.001371, 0.0, -0.001262, 0.952513, -0.304495, 3.499785, 0.001036, 0.304496, 0.952513, -0.0, 0.0, 0.0, 0.0, 1.0],
                [0.996692, -0.080695, 0.009648, 0.0, 0.080417, 0.962107, -0.260545, 3.499785, 0.011742, 0.260459, 0.965414, -0.0, 0.0, 0.0, 0.0, 1.0],
                [0.963135, -0.26824, 0.020433, -0.0, 0.268135, 0.951062, -0.153572, 3.499784, 0.021761, 0.15339, 0.987926, 0.0, 0.0, 0.0, 0.0, 1.0],
                [0.88344, -0.468483, 0.007585, -0.0, 0.468475, 0.882917, -0.031442, 3.499784, 0.008033, 0.031331, 0.999477, -0.0, 0.0, 0.0, 0.0, 1.0],
                [0.825491, -0.564337, -0.009405, 0.0, 0.564337, 0.824984, 0.030414, 3.499785, -0.009405, -0.030415, 0.999493, -0.0, 0.0, 0.0, 0.0, 1.0],
                [0.825491, -0.564337, -0.009405, 0.0, 0.564337, 0.824984, 0.030414, 3.499785, -0.009405, -0.030415, 0.999493, -0.0, 0.0, 0.0, 0.0, 1.0]
            ]
        },
        {
            "name": "Neck1",
            "time": [0.0167, 1.0167, 1.6833],
            "transform": [
                [0.976342, -0.215696, 0.015251, -0.0, 0.216224, 0.973156, -0.078832, 3.493825, 0.002162, 0.080265, 0.996771, 2e-06, 0.0, 0.0, 0.0, 1.0],
                [1.0, 0.0, -0.0, 0.0, -0.0, 0.91981, 0.392365, 3.493828, 0.0, -0.392365, 0.919809, 1e-06, 0.0, 0.0, 0.0, 1.0],
                [1.0, 0.0, -0.0, 0.0, -0.0, 0.91981, 0.392365, 3.493828, 0.0, -0.392365, 0.919809, 1e-06, 0.0, 0.0, 0.0, 1.0]
            ]
        },
        {
            "name": "Neck2",
            "time": [0.0167, 1.0167, 1.6833],
            "transform": [
                [0.999938, 0.004474, 0.010215, 0.0, -0.004657, 0.999829, 0.01794, 0.623755, -0.010132, -0.017987, 0.999787, -0.0, 0.0, 0.0, 0.0, 1.0],
                [1.0, 0.0, -0.0, -0.0, -0.0, 0.988476, -0.151382, 0.623754, -0.0, 0.151382, 0.988475, 0.0, 0.0, 0.0, 0.0, 1.0],
                [1.0, 0.0, -0.0, -0.0, -0.0, 0.988476, -0.151382, 0.623754, -0.0, 0.151382, 0.988475, 0.0, 0.0, 0.0, 0.0, 1.0]
            ]
        },
        {
            "name": "Neck3",
            "time": [0.0167, 1.0167, 1.6833],
            "transform": [
                [0.996341, 0.084929, 0.009623, 0.0, -0.08543, 0.993069, 0.080709, 0.626763, -0.002702, -0.081236, 0.996691, -0.0, 0.0, 0.0, 0.0, 1.0],
                [1.0, 0.0, -0.0, -0.0, -0.0, 0.988876, -0.148738, 0.626764, -0.0, 0.148738, 0.988876, -0.0, 0.0, 0.0, 0.0, 1.0],
                [1.0, 0.0, -0.0, -0.0, -0.0, 0.988876, -0.148738, 0.626764, -0.0, 0.148738, 0.988876, -0.0, 0.0, 0.0, 0.0, 1.0]
            ]
        },
        {
            "name": "Neck4",
            "time": [0.0167, 1.0167, 1.6833],
            "transform": [
                [0.988535, 0.150882, -0.005747, -0.0, -0.149627, 0.984, 0.096729, 0.624224, 0.020249, -0.094761, 0.995294, 0.0, 0.0, 0.0, 0.0, 1.0],
                [1.0, 0.0, -0.0, 0.0, -0.0, 0.994033, -0.109082, 0.624224, -0.0, 0.109082, 0.994033, -0.0, 0.0, 0.0, 0.0, 1.0],
                [1.0, 0.0, -0.0, 0.0, -0.0, 0.994033, -0.109082, 0.624224, -0.0, 0.109082, 0.994033, -0.0, 0.0, 0.0, 0.0, 1.0]
            ]
        },
        {
            "name": "Neck5",
            "time": [0.0167, 1.0167, 1.6833],
            "transform": [
                [0.975338, 0.220549, 0.008523, 0.0, -0.220595, 0.97282, 0.070417, 0.624445, 0.007239, -0.070561, 0.997481, 0.0, 0.0, 0.0, 0.0, 1.0],
                [1.0, 0.0, -0.0, 0.0, -0.0, 0.997975, -0.06361, 0.624445, -0.0, 0.06361, 0.997975, 0.0, 0.0, 0.0, 0.0, 1.0],
                [1.0, 0.0, -0.0, 0.0, -0.0, 0.997975, -0.06361, 0.624445, -0.0, 0.06361, 0.997975, 0.0, 0.0, 0.0, 0.0, 1.0]
            ]
        },
        {
            "name": "Head",
            "time": [0.0167, 1.0167, 1.6833],
            "transform": [
                [0.982713, 0.156813, 0.098415, 0.0, -0.134662, 0.97023, -0.201293, 0.629229, -0.12705, 0.18456, 0.974575, -0.0, 0.0, 0.0, 0.0, 1.0],
                [1.0, -0.0, -0.0, -0.0, 0.0, 0.999899, 0.01423, 0.629229, 0.0, -0.01423, 0.999899, -0.0, 0.0, 0.0, 0.0, 1.0],
                [1.0, -0.0, -0.0, -0.0, 0.0, 0.999899, 0.01423, 0.629229, 0.0, -0.01423, 0.999899, -0.0, 0.0, 0.0, 0.0, 1.0]
            ]
        },
        {
            "name": "Mouth_Upper",
            "time": [0.0167, 0.2667, 0.5167, 0.7667, 1.0167, 1.6833],
            "transform": [
                [1.0, 1e-06, 0.0, 0.001002, -1e-06, 1.0, 0.0, 0.873068, 0.0, -0.0, 1.0, -0.249922, 0.0, 0.0, 0.0, 1.0],
                [1.0, 1e-06, -0.0, 0.001002, -1e-06, 0.99997, -0.007689, 0.873066, -0.0, 0.007689, 0.99997, -0.249922, 0.0, 0.0, 0.0, 1.0],
                [1.0, 1e-06, -0.0, 0.001003, -1e-06, 0.999676, -0.025433, 0.873064, -0.0, 0.025433, 0.999676, -0.249922, 0.0, 0.0, 0.0, 1.0],
                [1.0, 0.0, -0.0, 0.001002, -0.0, 0.998971, -0.045354, 0.873063, -0.0, 0.045354, 0.998971, -0.249922, 0.0, 0.0, 0.0, 1.0],
                [1.0, 0.0, 0.0, 0.001002, 0.0, 0.99845, -0.055652, 0.873064, -0.0, 0.055652, 0.99845, -0.249922, 0.0, 0.0, 0.0, 1.0],
                [1.0, 0.0, 0.0, 0.001002, 0.0, 0.99845, -0.055652, 0.873064, -0.0, 0.055652, 0.99845, -0.249922, 0.0, 0.0, 0.0, 1.0]
            ]
        },
        {
            "name": "Mouth_Lower",
            "time": [0.0167, 0.2667, 0.5167, 0.7667, 1.0167, 1.6833],
            "transform": [
                [1.0, 1e-06, 0.0, 0.001002, -1e-06, 1.0, 0.0, 0.873064, 0.0, 0.0, 1.0, -0.257517, 0.0, 0.0, 0.0, 1.0],
                [1.0, 0.0, 0.0, 0.001002, -0.0, 1.0, 0.0, 0.873063, -0.0, -0.0, 1.0, -0.257517, 0.0, 0.0, 0.0, 1.0],
                [1.0, 0.0, -0.0, 0.001003, -0.0, 1.0, 0.0, 0.873063, -0.0, 0.0, 1.0, -0.257517, 0.0, 0.0, 0.0, 1.0],
                [1.0, 0.0, -0.0, 0.001002, -0.0, 1.0, 0.0, 0.873063, 0.0, -0.0, 1.0, -0.257516, 0.0, 0.0, 0.0, 1.0],
                [1.0, -0.0, -0.0, 0.001002, -0.0, 1.0, -0.0, 0.873064, 0.0, -0.0, 1.0, -0.257517, 0.0, 0.0, 0.0, 1.0],
                [1.0, -0.0, -0.0, 0.001002, -0.0, 1.0, -0.0, 0.873064, 0.0, -0.0, 1.0, -0.257517, 0.0, 0.0, 0.0, 1.0]
            ]
        }
    ]
}