{
    "animation": [
        {
            "name": "Root",
            "time": [0.0, 0.3333, 0.6667, 1.0, 1.3333],
            "transform": [
                [0.996627, -0.077087, -0.028139, 0.0, 0.082062, 0.936206, 0.341738, -1.155399, -0.0, -0.342894, 0.939374, 3.029067, 0.0, 0.0, 0.0, 1.0],
                [0.999978, 0.006177, 0.002255, 0.0, -0.006568, 0.955011, 0.296499, -1.155399, -0.000322, -0.296507, 0.955031, 3.434887, 0.0, 0.0, 0.0, 1.0],
                [0.995462, 0.089392, 0.03263, 0.0, -0.095161, 0.935111, 0.341338, -1.155399, 0.0, -0.342894, 0.939374, 3.022346, 0.0, 0.0, 0.0, 1.0],
                [0.998548, 0.024502, -0.047975, 0.0, -0.007373, 0.944357, 0.328841, -1.155399, 0.053363, -0.328009, 0.943166, 3.448476, 0.0, 0.0, 0.0, 1.0],
                [0.996627, -0.077087, -0.028139, 0.0, 0.082062, 0.936206, 0.341738, -1.155399, -0.0, -0.342894, 0.939374, 3.029067, 0.0, 0.0, 0.0, 1.0]
            ]
        },
        {
            "name": "Leg_Back_R1",
            "time": [0.0, 0.3333, 0.6667, 1.0, 1.3333],
            "transform": [
                [0.978481, 0.039701, 0.202478, 0.999854, -0.206319, 0.199857, 0.957855, 0.086325, -0.002439, -0.979019, 0.203747, -0.271293, 0.0, 0.0, 0.0, 1.0],
                [0.986956, 0.148002, 0.063342, 0.999854, -0.157892, 0.966688, 0.201454, 0.086326, -0.031417, -0.208827, 0.977445, -0.271293, 0.0, 0.0, 0.0, 1.0],
                [0.993428, 0.090298, 0.070323, 0.999854, -0.092354, 0.995372, 0.026554, 0.086324, -0.0676, -0.032874, 0.997169, -0.271292, 0.0, 0.0, 0.0, 1.0],
                [0.985602, 0.063132, 0.156853, 0.999854, -0.155246, 0.705416, 0.691582, 0.086325, -0.066985, -0.705975, 0.705059, -0.271292, 0.0, 0.0, 0.0, 1.0],
                [0.978481, 0.039701, 0.202478, 0.999854, -0.206319, 0.199857, 0.957855, 0.086325, -0.002439, -0.979019, 0.203747, -0.271293, 0.0, 0.0, 0.0, 1.0]
            ]
        },
        {
            "name": "Leg_Back_R2",
            "time": [0.0, 0.3333, 0.6667, 1.0, 1.3333],
            "transform": [
                [0.999429, 0.032898, 0.007716, 0.0, -0.024871, 0.561577, 0.82705, 1.692268, 0.022875, -0.82677, 0.562074, -0.0, 0.0, 0.0, 0.0, 1.0],
                [0.999591, 0.019587, 0.020839, -0.0, -0.006832, -0.543997, 0.839059, 1.692269, 0.027771, -0.838859, -0.54364, 0.0, 0.0, 0.0, 0.0, 1.0],
                [0.99957, -0.029001, 0.004282, 0.0, -0.004845, -0.019375, 0.9998, 1.692268, -0.028913, -0.999392, -0.019507, -0.0, 0.0, 0.0, 0.0, 1.0],
                [0.999962, -0.003044, 0.008152, -0.0, -0.006639, 0.338691, 0.940874, 1.692269, -0.005625, -0.940893, 0.338658, -0.0, 0.0, 0.0, 0.0, 1.0],
                [0.999429, 0.032898, 0.007716, 0.0, -0.024871, 0.561577, 0.82705, 1.692268, 0.022875, -0.82677, 0.562074, -0.0, 0.0, 0.0, 0.0, 1.0]
            ]
        },
        {
            "name": "Leg_Back_R3",
            "time": [0.0, 0.3333, 0.6667, 1.0, 1.3333],
            "transform": [
                [0.992051, 0.087123, 0.090801, 0.0, 0.118328, -0.891393, -0.437512, 2.159911, 0.042822, 0.444779, -0.894616, 0.0, 0.0, 0.0, 0.0, 1.0],
                [0.997785, 0.066522, -0.000474, 0.0, 0.024469, -0.373619, -0.92726, 2.159911, -0.06186, 0.925194, -0.374419, 0.0, 0.0, 0.0, 0.0, 1.0],
                [0.995322, -0.078963, -0.055671, 0.0, -0.082457, -0.393974, -0.915415, 2.15991, 0.050352, 0.915723, -0.398642, -0.0, 0.0, 0.0, 0.0, 1.0],
                [0.998752, -0.02424, 0.043674, -0.0, 0.014362, -0.698067, -0.715888, 2.159911, 0.04784, 0.715622, -0.696848, 0.0, 0.0, 0.0, 0.0, 1.0],
                [0.992051, 0.087123, 0.090801, 0.0, 0.118328, -0.891393, -0.437512, 2.159911, 0.042822, 0.444779, -0.894616, 0.0, 0.0, 0.0, 0.0, 1.0]
            ]
        },
        {
            "name": "Leg_Back_L1",
            "time": [0.0, 0.3333, 0.6667, 1.0, 1.3333],
            "transform": [
                [0.988548, -0.105546, -0.107854, -0.999947, 0.108739, 0.993776, 0.024156, 0.086324, 0.104633, -0.035607, 0.993871, -0.271295, 0.0, 0.0, 0.0, 1.0],
                [0.964019, -0.172825, -0.201983, -0.999948, 0.265487, 0.664503, 0.698535, 0.086324, 0.013494, -0.727025, 0.686476, -0.271294, 0.0, 0.0, 0.0, 1.0],
                [0.937972, -0.126155, -0.322942, -0.999948, 0.340897, 0.165746, 0.925373, 0.086324, -0.063214, -0.978065, 0.198471, -0.271294, 0.0, 0.0, 0.0, 1.0],
                [0.961219, -0.275589, -0.010379, -0.999947, 0.273656, 0.948458, 0.159808, 0.086325, -0.034198, -0.15645, 0.987092, -0.271295, 0.0, 0.0, 0.0, 1.0],
                [0.988548, -0.105546, -0.107854, -0.999947, 0.108739, 0.993776, 0.024156, 0.086324, 0.104633, -0.035607, 0.993871, -0.271295, 0.0, 0.0, 0.0, 1.0]
            ]
        },
        {
            "name": "Leg_Back_L2",
            "time": [0.0, 0.3333, 0.6667, 1.0, 1.3333],
            "transform": [
                [1.0, -0.0, -0.0, -0.0, -0.0, -0.012879, 0.999917, 1.692269, -0.0, -0.999918, -0.012879, -0.0, 0.0, 0.0, 0.0, 1.0],
                [1.0, -0.0, -0.0, 0.0, 0.0, 0.310623, 0.950534, 1.692268, -0.0, -0.950534, 0.310623, -0.0, 0.0, 0.0, 0.0, 1.0],
                [1.0, 0.0, -0.0, 0.0, 0.0, 0.567725, 0.823219, 1.692269, 0.0, -0.823219, 0.567725, -0.0, 0.0, 0.0, 0.0, 1.0],
                [1.0, -0.0, -0.0, 0.0, 0.0, -0.571455, 0.820634, 1.692269, -0.0, -0.820634, -0.571455, 0.0, 0.0, 0.0, 0.0, 1.0],
                [1.0, -0.0, -0.0, -0.0, -0.0, -0.012879, 0.999917, 1.692269, -0.0, -0.999918, -0.012879, -0.0, 0.0, 0.0, 0.0, 1.0]
            ]
        },
        {
            "name": "Leg_Back_L3",
            "time": [0.0, 0.3333, 0.6667, 1.0, 1.3333],
            "transform": [
                [0.998336, 0.008976, 0.056958, 0.0, 0.055938, -0.390448, -0.918924, 2.159911, 0.013991, 0.920581, -0.3903, -0.0, 0.0, 0.0, 0.0, 1.0],
                [0.995519, 0.077528, -0.054148, -0.0, 0.018114, -0.718326, -0.695471, 2.15991, -0.092814, 0.691374, -0.716511, 0.0, 0.0, 0.0, 0.0, 1.0],
                [0.979066, 0.091165, -0.181985, 0.0, 0.001919, -0.898183, -0.439618, 2.159911, -0.203534, 0.430066, -0.879556, 0.0, 0.0, 0.0, 0.0, 1.0],
                [0.997399, 0.049817, -0.052086, 0.0, -0.051579, -0.01141, -0.998604, 2.15991, -0.050341, 0.998693, -0.008811, 0.0, 0.0, 0.0, 0.0, 1.0],
                [0.998336, 0.008976, 0.056958, 0.0, 0.055938, -0.390448, -0.918924, 2.159911, 0.013991, 0.920581, -0.3903, -0.0, 0.0, 0.0, 0.0, 1.0]
            ]
        },
        {
            "name": "Torso",
            "time": [0.0, 0.3333, 0.6667, 1.0, 1.3333],
            "transform": [
                [1.0, 0.0, 0.0, -0.0, -0.0, 0.995501, -0.094747, 0.273754, -0.0, 0.094747, 0.995501, -0.0, 0.0, 0.0, 0.0, 1.0],
                [0.99705, -0.019388, 0.074268, -0.0, 0.026301, 0.995294, -0.093265, 0.273754, -0.07211, 0.094943, 0.992867, 0.0, 0.0, 0.0, 0.0, 1.0],
                [1.0, 0.0, 0.0, 0.0, -0.0, 0.995501, -0.094747, 0.273754, -0.0, 0.094747, 0.995501, -0.0, 0.0, 0.0, 0.0, 1.0],
                [1.0, 0.0, -0.0, -0.0, -0.0, 0.995501, -0.094746, 0.273754, 0.0, 0.094746, 0.995501, -0.0, 0.0, 0.0, 0.0, 1.0],
                [1.0, 0.0, 0.0, -0.0, -0.0, 0.995501, -0.094747, 0.273754, -0.0, 0.094747, 0.995501, -0.0, 0.0, 0.0, 0.0, 1.0]
            ]
        },
        {
            "name": "Tail1",
            "time": [0.0, 0.3333, 0.6667, 1.0, 1.3333],
            "transform": [
                [-0.999893, -0.01213, -0.008227, -0.0, 0.012024, -0.357914, -0.933677, -0.516189, 0.008381, -0.933676, 0.358022, 0.429317, 0.0, 0.0, 0.0, 1.0],
                [-0.999977, 0.004687, 0.004937, -0.0, -0.00612, -0.301313, -0.953505, -0.516188, -0.002982, -0.953514, 0.301335, 0.429316, 0.0, 0.0, 0.0, 1.0],
                [-0.999865, 0.013593, 0.009249, -0.0, -0.013496, -0.357319, -0.933885, -0.516189, -0.00939, -0.933884, 0.357454, 0.429315, 0.0, 0.0, 0.0, 1.0],
                [-1.0, 5.3e-05, 0.000642, -0.0, -0.000628, -0.300841, -0.953674, -0.516188, 0.000143, -0.953674, 0.300841, 0.429316, 0.0, 0.0, 0.0, 1.0],
                [-0.999893, -0.01213, -0.008227, -0.0, 0.012024, -0.357914, -0.933677, -0.516189, 0.008381, -0.933676, 0.358022, 0.429317, 0.0, 0.0, 0.0, 1.0]
            ]
        },
        {
            "name": "Tail2",
            "time": [0.0, 0.3333, 0.6667, 1.0, 1.3333],
            "transform": [
                [0.999902, 0.011828, 0.007428, 0.0, -0.011709, 0.999806, -0.015882, 0.615504, -0.007615, 0.015793, 0.999846, -0.0, 0.0, 0.0, 0.0, 1.0],
                [0.999976, -0.005234, -0.004463, -0.0, 0.005362, 0.999561, 0.029145, 0.615504, 0.004309, -0.029168, 0.999565, -0.0, 0.0, 0.0, 0.0, 1.0],
                [0.999877, -0.013257, -0.008361, 0.0, 0.013127, 0.999794, -0.015477, 0.615504, 0.008564, 0.015365, 0.999845, -0.0, 0.0, 0.0, 0.0, 1.0],
                [0.999999, -0.000277, -0.00048, -0.0, 0.000291, 0.999563, 0.029578, 0.615504, 0.000472, -0.029578, 0.999562, -0.0, 0.0, 0.0, 0.0, 1.0],
                [0.999902, 0.011828, 0.007428, 0.0, -0.011709, 0.999806, -0.015882, 0.615504, -0.007615, 0.015793, 0.999846, -0.0, 0.0, 0.0, 0.0, 1.0]
            ]
        },
        {
            "name": "Tail3",
            "time": [0.0, 0.3333, 0.6667, 1.0, 1.3333],
            "transform": [
                [0.999913, 0.011495, 0.006426, 0.0, -0.011127, 0.998443, -0.054653, 0.624616, -0.007045, 0.054577, 0.998484, 0.0, 0.0, 0.0, 0.0, 1.0],
                [0.999976, -0.005659, -0.003901, -0.0, 0.00556, 0.999674, -0.024908, 0.624617, 0.004041, 0.024886, 0.999682, -0.0, 0.0, 0.0, 0.0, 1.0],
                [0.999891, -0.012889, -0.00724, -0.0, 0.012476, 0.998438, -0.054443, 0.624616, 0.00793, 0.054347, 0.99849, -0.0, 0.0, 0.0, 0.0, 1.0],
                [1.0, -0.000415, -0.000386, 0.0, 0.000406, 0.999698, -0.024575, 0.624616, 0.000396, 0.024575, 0.999697, -0.0, 0.0, 0.0, 0.0, 1.0],
                [0.999913, 0.011495, 0.006426, 0.0, -0.011127, 0.998443, -0.054653, 0.624616, -0.007045, 0.054577, 0.998484, 0.0, 0.0, 0.0, 0.0, 1.0]
            ]
        },
        {
            "name": "Tail4",
            "time": [0.0, 0.3333, 0.6667, 1.0, 1.3333],
            "transform": [
                [0.999925, 0.011064, 0.00528, -0.0, -0.010558, 0.99608, -0.087822, 0.62624, -0.006231, 0.08776, 0.996122, -0.0, 0.0, 0.0, 0.0, 1.0],
                [0.999977, -0.00591, -0.003244, 0.0, 0.005659, 0.997348, -0.072551, 0.62624, 0.003665, 0.072531, 0.997359, 0.0, 0.0, 0.0, 0.0, 1.0],
                [0.999905, -0.012412, -0.005954, 0.0, 0.011841, 0.996067, -0.087797, 0.62624, 0.00702, 0.087718, 0.996121, -0.0, 0.0, 0.0, 0.0, 1.0],
                [1.0, -0.000508, -0.000297, 0.0, 0.000485, 0.997381, -0.072317, 0.62624, 0.000333, 0.072317, 0.997381, -0.0, 0.0, 0.0, 0.0, 1.0],
                [0.999925, 0.011064, 0.00528, -0.0, -0.010558, 0.99608, -0.087822, 0.62624, -0.006231, 0.08776, 0.996122, -0.0, 0.0, 0.0, 0.0, 1.0]
            ]
        },
        {
            "name": "Tail5",
            "time": [0.0, 0.3333, 0.6667, 1.0, 1.3333],
            "transform": [
                [0.999937, 0.010472, 0.004079, -0.0, -0.009944, 0.993531, -0.113131, 0.624649, -0.005238, 0.113083, 0.993571, -0.0, 0.0, 0.0, 0.0, 1.0],
                [0.999979, -0.005949, -0.002532, 0.0, 0.005633, 0.993851, -0.110582, 0.624649, 0.003174, 0.110565, 0.993864, 0.0, 0.0, 0.0, 0.0, 1.0],
                [0.99992, -0.011754, -0.004604, -0.0, 0.011157, 0.993503, -0.113263, 0.624649, 0.005905, 0.113203, 0.993554, 0.0, 0.0, 0.0, 0.0, 1.0],
                [1.0, -0.000556, -0.000215, 0.0, 0.000529, 0.993877, -0.110488, 0.624649, 0.000275, 0.110488, 0.993877, -0.0, 0.0, 0.0, 0.0, 1.0],
                [0.999937, 0.010472, 0.004079, -0.0, -0.009944, 0.993531, -0.113131, 0.624649, -0.005238, 0.113083, 0.993571, -0.0, 0.0, 0.0, 0.0, 1.0]
            ]
        },
        {
            "name": "Tail6",
            "time": [0.0, 0.3333, 0.6667, 1.0, 1.3333],
            "transform": [
                [0.999949, 0.009675, 0.002921, 0.0, -0.009216, 0.991577, -0.129194, 0.623274, -0.004147, 0.129161, 0.991615, -0.0, 0.0, 0.0, 0.0, 1.0],
                [0.999982, -0.005756, -0.001822, 0.0, 0.005452, 0.990571, -0.1369, 0.623273, 0.002592, 0.136887, 0.990583, 0.0, 0.0, 0.0, 0.0, 1.0],
                [0.999936, -0.010864, -0.003299, -0.0, 0.010346, 0.991533, -0.129445, 0.623274, 0.004678, 0.129402, 0.991581, 0.0, 0.0, 0.0, 0.0, 1.0],
                [1.0, -0.000564, -0.000143, 0.0, 0.000539, 0.990581, -0.136932, 0.623274, 0.000219, 0.136932, 0.99058, 0.0, 0.0, 0.0, 0.0, 1.0],
                [0.999949, 0.009675, 0.002921, 0.0, -0.009216, 0.991577, -0.129194, 0.623274, -0.004147, 0.129161, 0.991615, -0.0, 0.0, 0.0, 0.0, 1.0]
            ]
        },
        {
            "name": "Tail7",
            "time": [0.0, 0.3333, 0.6667, 1.0, 1.3333],
            "transform": [
                [0.999961, 0.008655, 0.0019, 0.0, -0.008318, 0.990765, -0.135337, 0.625387, -0.003053, 0.135316, 0.990798, -0.0, 0.0, 0.0, 0.0, 1.0],
                [0.999985, -0.005331, -0.00118, -0.0, 0.005093, 0.988617, -0.15037, 0.625387, 0.001969, 0.150362, 0.988629, 0.0, 0.0, 0.0, 0.0, 1.0],
                [0.99995, -0.009724, -0.002147, 0.0, 0.009342, 0.990711, -0.135667, 0.625387, 0.003446, 0.13564, 0.990752, 0.0, 0.0, 0.0, 0.0, 1.0],
                [1.0, -0.000538, -8.5e-05, -0.0, 0.000519, 0.98861, -0.150501, 0.625387, 0.000165, 0.150501, 0.98861, -1e-06, 0.0, 0.0, 0.0, 1.0],
                [0.999961, 0.008655, 0.0019, 0.0, -0.008318, 0.990765, -0.135337, 0.625387, -0.003053, 0.135316, 0.990798, -0.0, 0.0, 0.0, 0.0, 1.0]
            ]
        },
        {
            "name": "Tail8",
            "time": [0.0, 0.3333, 0.6667, 1.0, 1.3333],
            "transform": [
                [0.999972, 0.007441, 0.001085, -0.0, -0.007233, 0.991298, -0.131439, 0.625387, -0.002053, 0.131428, 0.991323, 0.0, 0.0, 0.0, 0.0, 1.0],
                [0.999989, -0.004704, -0.000663, 0.0, 0.004551, 0.98859, -0.150565, 0.625387, 0.001364, 0.15056, 0.9886, -0.0, 0.0, 0.0, 0.0, 1.0],
                [0.999964, -0.008362, -0.001226, 0.0, 0.008128, 0.991243, -0.131801, 0.625387, 0.002318, 0.131787, 0.991275, -0.0, 0.0, 0.0, 0.0, 1.0],
                [1.0, -0.000485, -4.2e-05, 0.0, 0.000473, 0.988571, -0.150754, 0.625387, 0.000115, 0.150755, 0.988571, -0.0, 0.0, 0.0, 0.0, 1.0],
                [0.999972, 0.007441, 0.001085, -0.0, -0.007233, 0.991298, -0.131439, 0.625387, -0.002053, 0.131428, 0.991323, 0.0, 0.0, 0.0, 0.0, 1.0]
            ]
        },
        {
            "name": "Tail9",
            "time": [0.0, 0.3333, 0.6667, 1.0, 1.3333],
            "transform": [
                [0.999981, 0.006078, 0.000511, -0.0, -0.005975, 0.992985, -0.118084, 0.624782, -0.001225, 0.118079, 0.993003, -0.0, 0.0, 0.0, 0.0, 1.0],
                [0.999992, -0.003919, -0.000299, 0.0, 0.00384, 0.990415, -0.13807, 0.624782, 0.000837, 0.138067, 0.990422, -0.0, 0.0, 0.0, 0.0, 1.0],
                [0.999976, -0.006833, -0.000578, -0.0, 0.006716, 0.992938, -0.118438, 0.624783, 0.001383, 0.118432, 0.992961, -0.0, 0.0, 0.0, 0.0, 1.0],
                [1.0, -0.00041, -1.5e-05, -0.0, 0.000404, 0.990393, -0.138281, 0.624782, 7.1e-05, 0.138281, 0.990393, 0.0, 0.0, 0.0, 0.0, 1.0],
                [0.999981, 0.006078, 0.000511, -0.0, -0.005975, 0.992985, -0.118084, 0.624782, -0.001225, 0.118079, 0.993003, -0.0, 0.0, 0.0, 0.0, 1.0]
            ]
        },
        {
            "name": "Tail10",
            "time": [0.0, 0.3333, 0.6667, 1.0, 1.3333],
            "transform": [
                [0.999989, 0.004614, 0.000171, -0.0, -0.004576, 0.995333, -0.09639, 0.62586, -0.000615, 0.096388, 0.995343, 0.0, 0.0, 0.0, 0.0, 1.0],
                [0.999996, -0.003018, -8.8e-05, 0.0, 0.002988, 0.993445, -0.114275, 0.62586, 0.000432, 0.114275, 0.993449, -0.0, 0.0, 0.0, 0.0, 1.0],
                [0.999987, -0.005187, -0.000194, -0.0, 0.005144, 0.995301, -0.096692, 0.62586, 0.000695, 0.09669, 0.995314, -0.0, 0.0, 0.0, 0.0, 1.0],
                [1.0, -0.00032, -1e-06, 0.0, 0.000318, 0.993427, -0.114469, 0.62586, 3.8e-05, 0.114469, 0.993426, -0.0, 0.0, 0.0, 0.0, 1.0],
                [0.999989, 0.004614, 0.000171, -0.0, -0.004576, 0.995333, -0.09639, 0.62586, -0.000615, 0.096388, 0.995343, 0.0, 0.0, 0.0, 0.0, 1.0]
            ]
        },
        {
            "name": "Tail11",
            "time": [0.0, 0.3333, 0.6667, 1.0, 1.3333],
            "transform": [
                [0.999995, 0.003094, 2.3e-05, -0.0, -0.003085, 0.997678, -0.068048, 0.625142, -0.000234, 0.068048, 0.997682, -0.0, 0.0, 0.0, 0.0, 1.0],
                [0.999998, -0.002045, -2e-06, -0.0, 0.002038, 0.99668, -0.081398, 0.625141, 0.000169, 0.081398, 0.996682, -0.0, 0.0, 0.0, 0.0, 1.0],
                [0.999994, -0.003479, -2.6e-05, -0.0, 0.003469, 0.997661, -0.06827, 0.625141, 0.000264, 0.068269, 0.997667, 0.0, 0.0, 0.0, 0.0, 1.0],
                [1.0, -0.000219, 3e-06, 0.0, 0.000219, 0.99667, -0.081544, 0.62514, 1.5e-05, 0.081544, 0.99667, 0.0, 0.0, 0.0, 0.0, 1.0],
                [0.999995, 0.003094, 2.3e-05, -0.0, -0.003085, 0.997678, -0.068048, 0.625142, -0.000234, 0.068048, 0.997682, -0.0, 0.0, 0.0, 0.0, 1.0]
            ]
        },
        {
            "name": "Tail12",
            "time": [0.0, 0.3333, 0.6667, 1.0, 1.3333],
            "transform": [
                [0.999999, 0.001547, -5e-06, -0.0, -0.001546, 0.999384, -0.035076, 0.624677, -4.9e-05, 0.035076, 0.999385, -0.0, 0.0, 0.0, 0.0, 1.0],
                [0.999999, -0.001029, 7e-06, 0.0, 0.001028, 0.99911, -0.04217, 0.624677, 3.6e-05, 0.04217, 0.99911, -0.0, 0.0, 0.0, 0.0, 1.0],
                [0.999998, -0.00174, 6e-06, -0.0, 0.001739, 0.999379, -0.035193, 0.624677, 5.5e-05, 0.035193, 0.99938, -0.0, 0.0, 0.0, 0.0, 1.0],
                [1.0, -0.000111, 1e-06, 0.0, 0.000111, 0.999107, -0.042247, 0.624677, 3e-06, 0.042247, 0.999107, -0.0, 0.0, 0.0, 0.0, 1.0],
                [0.999999, 0.001547, -5e-06, -0.0, -0.001546, 0.999384, -0.035076, 0.624677, -4.9e-05, 0.035076, 0.999385, -0.0, 0.0, 0.0, 0.0, 1.0]
            ]
        },
        {
            "name": "Leg_Front_R1",
            "time": [0.0, 0.3333, 0.6667, 1.0, 1.3333],
            "transform": [
                [0.997055, 0.06707, -0.037199, 0.749746, -0.025564, 0.747913, 0.663304, 2.917175, 0.072309, -0.660399, 0.747425, -0.176385, 0.0, 0.0, 0.0, 1.0],
                [0.99726, 0.073578, -0.007742, 0.749746, 0.007285, 0.006484, 0.999952, 2.917176, 0.073624, -0.997268, 0.005931, -0.176385, 0.0, 0.0, 0.0, 1.0],
                [0.999307, 0.02435, 0.028155, 0.749746, -0.00192, -0.721632, 0.692274, 2.917176, 0.037174, -0.691848, -0.721084, -0.176388, 0.0, 0.0, 0.0, 1.0],
                [0.528337, 0.125499, 0.839708, 0.749747, -0.799476, -0.259417, 0.541794, 2.917174, 0.28583, -0.957576, -0.036726, -0.176386, 0.0, 0.0, 0.0, 1.0],
                [0.997055, 0.06707, -0.037199, 0.749746, -0.025564, 0.747913, 0.663304, 2.917175, 0.072309, -0.660399, 0.747425, -0.176385, 0.0, 0.0, 0.0, 1.0]
            ]
        },
        {
            "name": "Leg_Front_R2",
            "time": [0.0, 0.3333, 0.6667, 1.0, 1.3333],
            "transform": [
                [0.999064, 0.012357, 0.041456, -0.0, 0.002712, 0.938557, -0.345116, 1.253495, -0.043173, 0.344905, 0.937644, -0.0, 0.0, 0.0, 0.0, 1.0],
                [0.999289, 0.025478, 0.027794, -0.0, 0.004347, 0.654394, -0.756142, 1.253495, -0.037454, 0.755725, 0.653817, -0.0, 0.0, 0.0, 0.0, 1.0],
                [0.999489, 0.031651, 0.004456, -0.0, 0.004746, -0.0091, -0.999947, 1.253495, -0.031609, 0.999458, -0.009246, -0.0, 0.0, 0.0, 0.0, 1.0],
                [0.611437, -0.742067, -0.27474, -0.0, -0.498903, -0.092024, -0.861758, 1.253495, 0.614199, 0.66398, -0.426486, -0.0, 0.0, 0.0, 0.0, 1.0],
                [0.999064, 0.012357, 0.041456, -0.0, 0.002712, 0.938557, -0.345116, 1.253495, -0.043173, 0.344905, 0.937644, -0.0, 0.0, 0.0, 0.0, 1.0]
            ]
        },
        {
            "name": "Leg_Front_R3",
            "time": [0.0, 0.3333, 0.6667, 1.0, 1.3333],
            "transform": [
                [0.998383, 0.044861, 0.03491, -0.0, -0.016, 0.811083, -0.584712, 1.488528, -0.054546, 0.583208, 0.81049, -0.0, 0.0, 0.0, 0.0, 1.0],
                [0.999783, -0.013361, -0.015988, 0.0, -0.004347, 0.616685, -0.787198, 1.488528, 0.020377, 0.787096, 0.616493, 0.0, 0.0, 0.0, 0.0, 1.0],
                [0.997617, 0.03531, 0.059274, 0.0, 0.033753, 0.499521, -0.865644, 1.488528, -0.060175, 0.865582, 0.497139, 0.0, 0.0, 0.0, 0.0, 1.0],
                [0.722286, -0.07319, 0.68771, 0.0, 0.146201, 0.98807, -0.048396, 1.488528, -0.675964, 0.1355, 0.72437, 0.0, 0.0, 0.0, 0.0, 1.0],
                [0.998383, 0.044861, 0.03491, -0.0, -0.016, 0.811083, -0.584712, 1.488528, -0.054546, 0.583208, 0.81049, -0.0, 0.0, 0.0, 0.0, 1.0]
            ]
        },
        {
            "name": "Leg_Front_L1",
            "time": [0.0, 0.3333, 0.6667, 1.0, 1.3333],
            "transform": [
                [0.999334, -0.023886, -0.0276, -0.749884, 0.001872, -0.721599, 0.692308, 2.917175, -0.036453, -0.691899, -0.721072, -0.176386, 0.0, 0.0, 0.0, 1.0],
                [0.927188, -0.370656, 0.054196, -0.749883, -0.166031, -0.27694, 0.946434, 2.917176, -0.335792, -0.88652, -0.318315, -0.176387, 0.0, 0.0, 0.0, 1.0],
                [0.995534, -0.087896, 0.034445, -0.749883, 0.061318, 0.879467, 0.471993, 2.917175, -0.07178, -0.467773, 0.880928, -0.176387, 0.0, 0.0, 0.0, 1.0],
                [0.998754, -0.049884, -0.001231, -0.749884, 0.00879, 0.151596, 0.988403, 2.917174, -0.049119, -0.987182, 0.151846, -0.176387, 0.0, 0.0, 0.0, 1.0],
                [0.999334, -0.023886, -0.0276, -0.749884, 0.001872, -0.721599, 0.692308, 2.917175, -0.036453, -0.691899, -0.721072, -0.176386, 0.0, 0.0, 0.0, 1.0]
            ]
        },
        {
            "name": "Leg_Front_L2",
            "time": [0.0, 0.3333, 0.6667, 1.0, 1.3333],
            "transform": [
                [0.999509, -0.030989, -0.004538, -0.0, -0.004502, 0.001237, -0.999989, 1.253495, 0.030994, 0.999519, 0.001097, 0.0, 0.0, 0.0, 0.0, 1.0],
                [0.972838, -0.040093, 0.227987, -0.0, 0.221988, -0.117639, -0.967927, 1.253495, 0.065628, 0.992247, -0.105544, -0.0, 0.0, 0.0, 0.0, 1.0],
                [0.999568, -0.000848, -0.029375, -0.0, 0.000844, 1.0, -0.000145, 1.253495, 0.029375, 0.00012, 0.999568, -0.0, 0.0, 0.0, 0.0, 1.0],
                [0.999082, -0.035562, -0.023871, 0.0, 0.005984, 0.667759, -0.744354, 1.253495, 0.042411, 0.743528, 0.667359, 0.0, 0.0, 0.0, 0.0, 1.0],
                [0.999509, -0.030989, -0.004538, -0.0, -0.004502, 0.001237, -0.999989, 1.253495, 0.030994, 0.999519, 0.001097, 0.0, 0.0, 0.0, 0.0, 1.0]
            ]
        },
        {
            "name": "Leg_Front_L3",
            "time": [0.0, 0.3333, 0.6667, 1.0, 1.3333],
            "transform": [
                [0.99317, 0.097903, -0.063472, -0.0, -0.102987, 0.479892, -0.871262, 1.488528, -0.054839, 0.871848, 0.486697, -0.0, 0.0, 0.0, 0.0, 1.0],
                [0.83473, 0.042531, -0.549014, 0.0, -0.0075, 0.997798, 0.065895, 1.488528, 0.550608, -0.050887, 0.833212, 0.0, 0.0, 0.0, 0.0, 1.0],
                [0.997245, -0.066921, -0.031982, 0.0, 0.025989, 0.71914, -0.694379, 1.488528, 0.069468, 0.691635, 0.718899, 0.0, 0.0, 0.0, 0.0, 1.0],
                [0.999859, -0.009913, 0.013531, 0.0, 0.016649, 0.684504, -0.728819, 1.488528, -0.002037, 0.728941, 0.684573, -0.0, 0.0, 0.0, 0.0, 1.0],
                [0.99317, 0.097903, -0.063472, -0.0, -0.102987, 0.479892, -0.871262, 1.488528, -0.054839, 0.871848, 0.486697, -0.0, 0.0, 0.0, 0.0, 1.0]
            ]
        },
        {
            "name": "Wing_R1",
            "time": [0.0, 0.3333, 0.6667, 1.0, 1.3333],
            "transform": [
                [-0.436049, 0.686521, 0.581851, 0.749813, -0.837367, -0.546372, 0.017123, 2.861324, 0.329663, -0.479757, 0.813115, 0.744816, 0.0, 0.0, 0.0, 1.0],
                [-0.526315, 0.682142, 0.507617, 0.749813, -0.801312, -0.597602, -0.027762, 2.861324, 0.284415, -0.421371, 0.861136, 0.744816, 0.0, 0.0, 0.0, 1.0],
                [-0.436049, 0.686521, 0.581851, 0.749813, -0.837367, -0.546372, 0.017123, 2.861323, 0.329663, -0.479757, 0.813115, 0.744816, 0.0, 0.0, 0.0, 1.0],
                [-0.526315, 0.682142, 0.507616, 0.749813, -0.801312, -0.597602, -0.027762, 2.861323, 0.284415, -0.421371, 0.861136, 0.744816, 0.0, 0.0, 0.0, 1.0],
                [-0.436049, 0.686521, 0.581851, 0.749813, -0.837367, -0.546372, 0.017123, 2.861324, 0.329663, -0.479757, 0.813115, 0.744816, 0.0, 0.0, 0.0, 1.0]
            ]
        },
        {
            "name": "Wing_R2",
            "time": [0.0, 1.3333],
            "transform": [
                [0.798636, 0.601779, 0.006488, -0.0, -0.601771, 0.798662, -0.003381, 3.499784, -0.007216, -0.001204, 0.999973, 0.0, 0.0, 0.0, 0.0, 1.0],
                [0.798636, 0.601779, 0.006488, -0.0, -0.601771, 0.798662, -0.003381, 3.499784, -0.007216, -0.001204, 0.999973, 0.0, 0.0, 0.0, 0.0, 1.0]
            ]
        },
        {
            "name": "Wing_L1",
            "time": [0.0, 0.3333, 0.6667, 1.0, 1.3333],
            "transform": [
                [-0.405821, -0.71486, -0.56946, -0.75068, 0.858649, -0.511662, 0.030396, 2.861323, -0.313099, -0.476631, 0.821457, 0.744816, 0.0, 0.0, 0.0, 1.0],
                [-0.496521, -0.712628, -0.495609, -0.75068, 0.82445, -0.565798, -0.012416, 2.861323, -0.271566, -0.41477, 0.868457, 0.744815, 0.0, 0.0, 0.0, 1.0],
                [-0.405821, -0.71486, -0.56946, -0.75068, 0.858649, -0.511662, 0.030396, 2.861323, -0.3131, -0.476631, 0.821457, 0.744816, 0.0, 0.0, 0.0, 1.0],
                [-0.496521, -0.712628, -0.495609, -0.750681, 0.824451, -0.565798, -0.012416, 2.861323, -0.271566, -0.41477, 0.868457, 0.744816, 0.0, 0.0, 0.0, 1.0],
                [-0.405821, -0.71486, -0.56946, -0.75068, 0.858649, -0.511662, 0.030396, 2.861323, -0.313099, -0.476631, 0.821457, 0.744816, 0.0, 0.0, 0.0, 1.0]
            ]
        },
        {
            "name": "Wing_L2",
            "time": [0.0, 1.3333],
            "transform": [
                [0.798637, -0.601811, 0.00154, -0.0, 0.601813, 0.798636, -0.00125, 3.499785, -0.000478, 0.001925, 0.999998, 0.0, 0.0, 0.0, 0.0, 1.0],
                [0.798637, -0.601811, 0.00154, -0.0, 0.601813, 0.798636, -0.00125, 3.499785, -0.000478, 0.001925, 0.999998, 0.0, 0.0, 0.0, 0.0, 1.0]
            ]
        },
        {
            "name": "Neck1",
            "time": [0.0, 0.3333, 0.6667, 1.0, 1.3333],
            "transform": [
                [0.997439, -0.013717, -0.070197, 0.0, -0.046437, 0.622273, -0.781422, 3.493825, 0.054401, 0.78268, 0.620042, 0.0, 0.0, 0.0, 0.0, 1.0],
                [0.999042, -0.043462, 0.005053, 0.0, 0.03936, 0.842248, -0.537651, 3.493827, 0.019112, 0.537335, 0.843152, 0.0, 0.0, 0.0, 0.0, 1.0],
                [0.994945, 0.004599, 0.100314, 0.0, 0.082238, 0.535951, -0.840234, 3.493825, -0.057628, 0.844237, 0.532863, -0.0, 0.0, 0.0, 0.0, 1.0],
                [0.999851, 0.016845, 0.00388, -0.0, -0.011837, 0.830758, -0.556508, 3.493825, -0.012598, 0.55638, 0.830833, -1e-06, 0.0, 0.0, 0.0, 1.0],
                [0.997439, -0.013717, -0.070197, 0.0, -0.046437, 0.622273, -0.781422, 3.493825, 0.054401, 0.78268, 0.620042, 0.0, 0.0, 0.0, 0.0, 1.0]
            ]
        },
        {
            "name": "Neck2",
            "time": [0.0, 0.3333, 0.6667, 1.0, 1.3333],
            "transform": [
                [0.999661, 0.025973, 0.001741, -0.0, -0.025973, 0.990721, 0.133404, 0.623755, 0.001741, -0.133404, 0.99106, -0.0, 0.0, 0.0, 0.0, 1.0],
                [0.999961, 0.008844, 0.000315, -0.0, -0.008844, 0.997434, 0.071044, 0.623755, 0.000315, -0.071044, 0.997473, -0.0, 0.0, 0.0, 0.0, 1.0],
                [0.999749, -0.022274, -0.002446, -0.0, 0.022274, 0.975913, 0.21702, 0.623755, -0.002446, -0.21702, 0.976164, 0.0, 0.0, 0.0, 0.0, 1.0],
                [0.999759, -0.02191, -0.00127, -0.0, 0.02191, 0.993059, 0.115562, 0.623755, -0.00127, -0.115562, 0.993299, -0.0, 0.0, 0.0, 0.0, 1.0],
                [0.999661, 0.025973, 0.001741, -0.0, -0.025973, 0.990721, 0.133404, 0.623755, 0.001741, -0.133404, 0.99106, -0.0, 0.0, 0.0, 0.0, 1.0]
            ]
        },
        {
            "name": "Neck3",
            "time": [0.0, 0.3333, 0.6667, 1.0, 1.3333],
            "transform": [
                [0.99928, 0.03777, 0.0037, -0.0, -0.03777, 0.980275, 0.193995, 0.626764, 0.0037, -0.193995, 0.980995, -0.0, 0.0, 0.0, 0.0, 1.0],
                [0.999907, 0.013618, 0.000747, 0.0, -0.013618, 0.993905, 0.10939, 0.626764, 0.000747, -0.10939, 0.993998, -0.0, 0.0, 0.0, 0.0, 1.0],
                [0.999702, -0.024266, -0.00291, -0.0, 0.024266, 0.971343, 0.236437, 0.626764, -0.00291, -0.236437, 0.971642, -0.0, 0.0, 0.0, 0.0, 1.0],
                [0.999792, -0.020364, -0.001097, -0.0, 0.020364, 0.994006, 0.107406, 0.626763, -0.001097, -0.107406, 0.994215, 0.0, 0.0, 0.0, 0.0, 1.0],
                [0.99928, 0.03777, 0.0037, -0.0, -0.03777, 0.980275, 0.193995, 0.626764, 0.0037, -0.193995, 0.980995, -0.0, 0.0, 0.0, 0.0, 1.0]
            ]
        },
        {
            "name": "Neck4",
            "time": [0.0, 0.3333, 0.6667, 1.0, 1.3333],
            "transform": [
                [0.999376, 0.035185, 0.003207, -0.0, -0.035185, 0.982905, 0.180722, 0.624224, 0.003207, -0.180722, 0.98353, -0.0, 0.0, 0.0, 0.0, 1.0],
                [0.999917, 0.012887, 0.000669, 0.0, -0.012887, 0.994544, 0.103519, 0.624224, 0.000669, -0.103519, 0.994628, -0.0, 0.0, 0.0, 0.0, 1.0],
                [0.999793, -0.020223, -0.002012, -0.0, 0.020223, 0.980187, 0.197039, 0.624224, -0.002012, -0.197039, 0.980394, 0.0, 0.0, 0.0, 0.0, 1.0],
                [0.999879, -0.015553, -0.000639, -0.0, 0.015553, 0.996509, 0.082028, 0.624224, -0.000639, -0.082028, 0.99663, 0.0, 0.0, 0.0, 0.0, 1.0],
                [0.999376, 0.035185, 0.003207, -0.0, -0.035185, 0.982905, 0.180722, 0.624224, 0.003207, -0.180722, 0.98353, -0.0, 0.0, 0.0, 0.0, 1.0]
            ]
        },
        {
            "name": "Neck5",
            "time": [0.0, 0.3333, 0.6667, 1.0, 1.3333],
            "transform": [
                [0.999779, 0.020971, 0.001133, 0.0, -0.020971, 0.993961, 0.107713, 0.624445, 0.001133, -0.107713, 0.994181, 0.0, 0.0, 0.0, 0.0, 1.0],
                [0.99997, 0.007716, 0.000239, -0.0, -0.007716, 0.998047, 0.061983, 0.624445, 0.000239, -0.061983, 0.998077, 0.0, 0.0, 0.0, 0.0, 1.0],
                [0.999934, -0.011465, -0.000642, 0.0, 0.011465, 0.993675, 0.111713, 0.624445, -0.000642, -0.111713, 0.99374, 1e-06, 0.0, 0.0, 0.0, 1.0],
                [0.999964, -0.008414, -0.000187, 0.0, 0.008414, 0.99898, 0.044377, 0.624445, -0.000187, -0.044377, 0.999015, 0.0, 0.0, 0.0, 0.0, 1.0],
                [0.999779, 0.020971, 0.001133, 0.0, -0.020971, 0.993961, 0.107713, 0.624445, 0.001133, -0.107713, 0.994181, 0.0, 0.0, 0.0, 0.0, 1.0]
            ]
        },
        {
            "name": "Head",
            "time": [0.0, 0.3333, 0.6667, 1.0, 1.3333],
            "transform": [
                [0.997545, -0.068011, 0.016696, -0.0, 0.066495, 0.994667, 0.078835, 0.629229, -0.021969, -0.077531, 0.996748, 0.0, 0.0, 0.0, 0.0, 1.0],
                [0.996882, 0.002445, -0.07887, 0.0, 0.002529, 0.998016, 0.062906, 0.629229, 0.078867, -0.062909, 0.994898, 0.0, 0.0, 0.0, 0.0, 1.0],
                [0.997631, 0.05121, -0.045946, 0.0, -0.048579, 0.997211, 0.056665, 0.629229, 0.048719, -0.054299, 0.997335, 0.0, 0.0, 0.0, 0.0, 1.0],
                [0.998646, 0.035391, 0.03812, 0.0, -0.036557, 0.998871, 0.030336, 0.629229, -0.037003, -0.031688, 0.998813, -0.0, 0.0, 0.0, 0.0, 1.0],
                [0.997543, -0.068119, 0.016388, -0.0, 0.066519, 0.994263, 0.083768, 0.629229, -0.022, -0.082472, 0.99635, 0.0, 0.0, 0.0, 0.0, 1.0]
            ]
        },
        {
            "name": "Mouth_Upper",
            "time": [0.0, 1.3333],
            "transform": [
                [1.0, -0.0, 0.0, 0.001002, 0.0, 0.99845, -0.055649, 0.873063, 0.0, 0.055649, 0.99845, -0.249921, 0.0, 0.0, 0.0, 1.0],
                [1.0, -0.0, 0.0, 0.001002, 0.0, 0.99845, -0.055649, 0.873063, -0.0, 0.055649, 0.99845, -0.249921, 0.0, 0.0, 0.0, 1.0]
            ]
        },
        {
            "name": "Mouth_Lower",
            "time": [0.0, 1.3333],
            "transform": [
                [1.0, -0.0, -0.0, 0.001002, 0.0, 1.0, -0.0, 0.873064, 0.0, -0.0, 1.0, -0.257516, 0.0, 0.0, 0.0, 1.0],
                [1.0, 0.0, -0.0, 0.001002, 0.0, 1.0, -0.0, 0.873064, -0.0, -0.0, 1.0, -0.257517, 0.0, 0.0, 0.0, 1.0]
            ]
        }
    ]
}