{
    "animation": [
        {
            "name": "Root",
            "time": [0.0, 5.8333],
            "transform": [
                [0.854689, 0.0, -0.51914, -5e-06, -0.51914, 0.0, -0.854689, 0.000946, 0.0, 1.0, 0.0, 0.755725, 0.0, 0.0, 0.0, 1.0],
                [0.854689, 0.0, -0.51914, -5e-06, -0.51914, 0.0, -0.854689, 0.000946, 0.0, 1.0, 0.0, 0.755725, 0.0, 0.0, 0.0, 1.0]
            ]
        },
        {
            "name": "Thigh_R",
            "time": [0.0, 5.8333],
            "transform": [
                [0.996123, 0.056386, -0.067528, 0.124994, 0.068868, -0.977427, 0.199728, -0.002831, -0.054742, -0.203604, -0.977522, -1.2e-05, 0.0, 0.0, 0.0, 1.0],
                [0.996123, 0.056386, -0.067528, 0.124994, 0.068868, -0.977427, 0.199728, -0.002831, -0.054742, -0.203604, -0.977522, -1.2e-05, 0.0, 0.0, 0.0, 1.0]
            ]
        },
        {
            "name": "Leg_R",
            "time": [0.0, 5.8333],
            "transform": [
                [1.0, -0.0, 1e-06, 0.0, -0.0, 0.9661, 0.258173, 0.37472, -1e-06, -0.258173, 0.966098, -0.0, 0.0, 0.0, 0.0, 1.0],
                [1.0, -0.0, 1e-06, 0.0, -0.0, 0.9661, 0.258173, 0.37472, -1e-06, -0.258173, 0.966098, -0.0, 0.0, 0.0, 0.0, 1.0]
            ]
        },
        {
            "name": "Knee_R",
            "time": [0.0, 5.8333],
            "transform": [
                [1.0, 0.0, -0.0, 0.0, -0.0, 1e-06, -1.0, 0.37472, -0.0, 1.0, 1e-06, -0.0, 0.0, 0.0, 0.0, 1.0],
                [1.0, 0.0, -0.0, 0.0, -0.0, 1e-06, -1.0, 0.37472, -0.0, 1.0, 1e-06, -0.0, 0.0, 0.0, 0.0, 1.0]
            ]
        },
        {
            "name": "Thigh_L",
            "time": [0.0, 5.8333],
            "transform": [
                [0.866589, -0.133703, -0.480778, -0.125006, -0.027838, -0.974891, 0.220935, -0.002831, -0.498246, -0.178075, -0.848552, -1.2e-05, 0.0, 0.0, 0.0, 1.0],
                [0.866589, -0.133703, -0.480778, -0.125006, -0.027838, -0.974891, 0.220935, -0.002831, -0.498246, -0.178075, -0.848552, -1.2e-05, 0.0, 0.0, 0.0, 1.0]
            ]
        },
        {
            "name": "Leg_L",
            "time": [0.0, 5.8333],
            "transform": [
                [1.0, -0.0, 0.0, 0.0, 0.0, 0.984973, 0.172708, 0.37472, -0.0, -0.172708, 0.984974, -0.0, 0.0, 0.0, 0.0, 1.0],
                [1.0, -0.0, 0.0, 0.0, 0.0, 0.984973, 0.172708, 0.37472, -0.0, -0.172708, 0.984974, -0.0, 0.0, 0.0, 0.0, 1.0]
            ]
        },
        {
            "name": "Knee_L",
            "time": [0.0, 5.8333],
            "transform": [
                [1.0, 0.0, -0.0, 0.0, -0.0, 1e-06, -1.0, 0.37472, -0.0, 1.0, 1e-06, -0.0, 0.0, 0.0, 0.0, 1.0],
                [1.0, 0.0, -0.0, 0.0, -0.0, 1e-06, -1.0, 0.37472, -0.0, 1.0, 1e-06, -0.0, 0.0, 0.0, 0.0, 1.0]
            ]
        },
        {
            "name": "Torso",
            "time": [0.0, 1.3333, 2.6667, 4.0, 4.8333, 5.0, 5.6667, 5.8333],
            "transform": [
                [1.0, 0.0, 0.0, -0.0, 0.0, 1.0, 0.0, 0.05, 0.0, 0.0, 1.0, 0.0, 0.0, 0.0, 0.0, 1.0],
                [0.999736, 0.02297, -0.000435, -0.0, -0.02297, 0.999021, -0.037817, 0.05, -0.000435, 0.037817, 0.999285, 0.0, 0.0, 0.0, 0.0, 1.0],
                [1.0, 0.0, 0.0, -0.0, 0.0, 1.0, 0.0, 0.05, 0.0, 0.0, 1.0, 0.0, 0.0, 0.0, 0.0, 1.0],
                [0.999736, 0.02297, -0.000435, -0.0, -0.02297, 0.999021, -0.037817, 0.05, -0.000435, 0.037817, 0.999285, 0.0, 0.0, 0.0, 0.0, 1.0],
                [0.999894, 0.014584, -0.000175, -0.0, -0.014584, 0.999605, -0.02401, 0.05, -0.000175, 0.02401, 0.999712, 0.0, 0.0, 0.0, 0.0, 1.0],
                [0.999894, 0.014584, -0.000175, -0.0, -0.014584, 0.999605, -0.02401, 0.05, -0.000175, 0.02401, 0.999712, 0.0, 0.0, 0.0, 0.0, 1.0],
                [0.999995, 0.003271, -9e-06, -0.0, -0.003271, 0.99998, -0.005385, 0.05, -9e-06, 0.005385, 0.999986, 0.0, 0.0, 0.0, 0.0, 1.0],
                [0.99978, -0.020971, -0.000197, -0.0, 0.020971, 0.999603, 0.018833, 0.05, -0.000198, -0.018833, 0.999823, 0.0, 0.0, 0.0, 0.0, 1.0]
            ]
        },
        {
            "name": "Chest",
            "time": [0.0, 5.6667, 5.8333],
            "transform": [
                [1.0, 0.0, 0.0, -0.0, 0.0, 1.0, 0.0, 0.3, 0.0, 0.0, 1.0, 0.0, 0.0, 0.0, 0.0, 1.0],
                [1.0, 0.0, 0.0, 0.0, -0.0, 1.0, -0.0, 0.3, 0.0, -0.0, 1.0, 0.0, 0.0, 0.0, 0.0, 1.0],
                [0.999771, -0.021411, -0.000206, -0.0, 0.021411, 0.999586, 0.019228, 0.3, -0.000206, -0.019228, 0.999815, -0.0, 0.0, 0.0, 0.0, 1.0]
            ]
        },
        {
            "name": "Head",
            "time": [0.0, 1.3333, 2.6667, 4.0, 4.8333, 5.0, 5.6667, 5.8333],
            "transform": [
                [0.849928, -0.105412, 0.516247, -0.0, -0.00692, 0.977466, 0.21098, 0.4, -0.526853, -0.18289, 0.830046, 0.0, 0.0, 0.0, 0.0, 1.0],
                [0.850108, -0.129896, 0.510337, -0.0, -0.007351, 0.966079, 0.258142, 0.4, -0.526558, -0.2232, 0.820316, 0.0, 0.0, 0.0, 0.0, 1.0],
                [0.849928, -0.105412, 0.516247, -0.0, -0.00692, 0.977466, 0.21098, 0.4, -0.526853, -0.18289, 0.830046, 0.0, 0.0, 0.0, 0.0, 1.0],
                [0.850108, -0.129896, 0.510337, -0.0, -0.007351, 0.966079, 0.258142, 0.4, -0.526558, -0.2232, 0.820316, 0.0, 0.0, 0.0, 0.0, 1.0],
                [0.850041, -0.120988, 0.512633, 0.0, -0.007195, 0.970503, 0.240982, 0.4, -0.526668, -0.208534, 0.824097, -0.0, 0.0, 0.0, 0.0, 1.0],
                [0.850041, -0.120988, 0.512633, 0.0, -0.007195, 0.970503, 0.240982, 0.4, -0.526668, -0.208534, 0.824097, -0.0, 0.0, 0.0, 0.0, 1.0],
                [0.849953, -0.108915, 0.515478, -0.0, -0.006982, 0.975985, 0.217727, 0.4, -0.526812, -0.188657, 0.828781, -0.0, 0.0, 0.0, 0.0, 1.0],
                [0.85311, 0.037721, 0.520365, 0.0, -0.006297, 0.998055, -0.062025, 0.4, -0.521693, 0.049637, 0.851688, 0.0, 0.0, 0.0, 0.0, 1.0]
            ]
        },
        {
            "name": "Ear_R",
            "time": [0.0, 5.8333],
            "transform": [
                [-0.004844, 0.63325, 0.773933, 0.297934, -0.000851, -0.773944, 0.633254, 0.338728, 0.999989, 0.002409, 0.004288, 0.0, 0.0, 0.0, 0.0, 1.0],
                [-0.004844, 0.63325, 0.773932, 0.297934, -0.000851, -0.773944, 0.633254, 0.338728, 0.999989, 0.002409, 0.004288, 0.0, 0.0, 0.0, 0.0, 1.0]
            ]
        },
        {
            "name": "Ear_L",
            "time": [0.0, 5.8333],
            "transform": [
                [-0.004972, -0.514081, -0.857727, -0.295693, -0.004215, -0.857719, 0.514101, 0.331459, -0.999978, 0.006171, 0.002098, -0.0, 0.0, 0.0, 0.0, 1.0],
                [-0.004972, -0.514081, -0.857727, -0.295693, -0.004215, -0.857719, 0.514101, 0.331459, -0.999978, 0.006171, 0.002098, 0.0, 0.0, 0.0, 0.0, 1.0]
            ]
        },
        {
            "name": "Shoulder_R",
            "time": [0.0, 4.6667, 4.8333, 5.0, 5.1667, 5.3333, 5.5, 5.6667, 5.8333],
            "transform": [
                [0.093479, 0.952114, 0.291102, -0.0, 0.291102, -0.305743, 0.906521, 0.4, 0.952114, 0.0, -0.305743, 0.0, 0.0, 0.0, 0.0, 1.0],
                [0.093479, 0.952114, 0.291102, 0.0, 0.291102, -0.305743, 0.906521, 0.4, 0.952114, 0.0, -0.305743, 0.0, 0.0, 0.0, 0.0, 1.0],
                [0.806161, 0.589964, -0.045246, 0.0, 0.291005, -0.328741, 0.898468, 0.4, 0.51519, -0.737477, -0.436701, -0.0, 0.0, 0.0, 0.0, 1.0],
                [0.683963, 0.728459, 0.039272, 0.0, 0.292896, -0.323512, 0.899751, 0.4, 0.668137, -0.603894, -0.434633, -0.0, 0.0, 0.0, 0.0, 1.0],
                [0.806161, 0.589964, -0.045246, -0.0, 0.291005, -0.328741, 0.898468, 0.4, 0.51519, -0.737477, -0.436701, 0.0, 0.0, 0.0, 0.0, 1.0],
                [0.683963, 0.728459, 0.039272, 0.0, 0.292896, -0.323512, 0.899751, 0.4, 0.668137, -0.603894, -0.434633, -0.0, 0.0, 0.0, 0.0, 1.0],
                [0.806161, 0.589964, -0.045246, -0.0, 0.291005, -0.328741, 0.898468, 0.4, 0.51519, -0.737477, -0.436701, -0.0, 0.0, 0.0, 0.0, 1.0],
                [0.683963, 0.728459, 0.039272, -0.0, 0.292896, -0.323512, 0.899751, 0.4, 0.668137, -0.603894, -0.434633, -0.0, 0.0, 0.0, 0.0, 1.0],
                [0.093479, 0.952114, 0.291102, 0.0, 0.291102, -0.305743, 0.906521, 0.4, 0.952114, -0.0, -0.305743, 0.0, 0.0, 0.0, 0.0, 1.0]
            ]
        },
        {
            "name": "Arm_R",
            "time": [0.0, 4.6667, 4.8333, 5.0, 5.1667, 5.3333, 5.5, 5.6667, 5.8333],
            "transform": [
                [0.465435, -0.11121, -0.878068, -0.0, 0.814887, 0.441043, 0.376086, 0.393861, 0.345441, -0.89057, 0.2959, 0.0, 0.0, 0.0, 0.0, 1.0],
                [0.465435, -0.11121, -0.878068, 0.0, 0.814887, 0.441043, 0.376085, 0.39386, 0.345441, -0.89057, 0.2959, -0.0, 0.0, 0.0, 0.0, 1.0],
                [-0.470879, -0.881493, -0.035268, 0.0, 0.785397, -0.437082, 0.438305, 0.393861, -0.401778, 0.17869, 0.898134, -0.0, 0.0, 0.0, 0.0, 1.0],
                [-0.475008, -0.876999, 0.072393, 0.0, 0.696362, -0.324321, 0.640231, 0.393861, -0.538004, 0.354526, 0.764764, 0.0, 0.0, 0.0, 0.0, 1.0],
                [-0.470879, -0.881493, -0.035268, -0.0, 0.785397, -0.437082, 0.438305, 0.39386, -0.401778, 0.17869, 0.898134, -0.0, 0.0, 0.0, 0.0, 1.0],
                [-0.475008, -0.876999, 0.072393, -0.0, 0.696362, -0.324321, 0.640231, 0.39386, -0.538004, 0.354526, 0.764764, 0.0, 0.0, 0.0, 0.0, 1.0],
                [-0.470879, -0.881493, -0.035268, 0.0, 0.785397, -0.437082, 0.438305, 0.39386, -0.401778, 0.17869, 0.898134, 0.0, 0.0, 0.0, 0.0, 1.0],
                [-0.475008, -0.876999, 0.072393, -0.0, 0.696362, -0.324321, 0.640231, 0.39386, -0.538004, 0.354526, 0.764764, -0.0, 0.0, 0.0, 0.0, 1.0],
                [0.118591, -0.276623, -0.953633, 0.0, 0.946416, 0.322036, 0.02428, 0.39386, 0.300388, -0.905413, 0.299991, -0.0, 0.0, 0.0, 0.0, 1.0]
            ]
        },
        {
            "name": "Hand_R",
            "time": [0.0, 5.8333],
            "transform": [
                [0.999985, 0.001325, 0.005391, -0.0, -0.00125, 0.999903, -0.013885, 0.3, -0.005409, 0.013878, 0.999889, 0.0, 0.0, 0.0, 0.0, 1.0],
                [0.999985, 0.001325, 0.005391, 0.0, -0.00125, 0.999903, -0.013885, 0.3, -0.005409, 0.013878, 0.999889, -0.0, 0.0, 0.0, 0.0, 1.0]
            ]
        },
        {
            "name": "Tool_R",
            "time": [0.0, 5.8333],
            "transform": [
                [1.0, -0.0, -0.0, 0.0, -0.0, -0.999836, 0.018122, 0.272858, 0.0, -0.018122, -0.999241, -0.0, 0.0, 0.0, 0.0, 1.0],
                [1.0, -0.0, 0.0, -0.0, 0.0, -0.999836, 0.018122, 0.272858, 0.0, -0.018122, -0.999242, -0.0, 0.0, 0.0, 0.0, 1.0]
            ]
        },
        {
            "name": "Elbow_R",
            "time": [0.0, 5.6667, 5.8333],
            "transform": [
                [-1.0, -0.0, -0.0, -0.0, 0.0, 0.0, -1.0, 0.3, 0.0, -1.0, 0.0, 0.0, 0.0, 0.0, 0.0, 1.0],
                [-1.0, -0.0, -0.0, -0.0, 0.0, 0.0, -1.0, 0.3, 0.0, -1.0, 0.0, 0.0, 0.0, 0.0, 0.0, 1.0],
                [-1.0, -0.0, -0.0, -0.0, 0.0, 0.0, -1.0, 0.447375, 0.0, -1.0, 0.0, 0.0, 0.0, 0.0, 0.0, 1.0]
            ]
        },
        {
            "name": "Shoulder_L",
            "time": [0.0, 5.6667, 5.8333],
            "transform": [
                [0.093479, -0.952114, -0.291103, -0.0, -0.291103, -0.305743, 0.906521, 0.4, -0.952114, -0.0, -0.305743, 0.0, 0.0, 0.0, 0.0, 1.0],
                [0.093479, -0.952114, -0.291103, -0.0, -0.291103, -0.305743, 0.906521, 0.4, -0.952114, 0.0, -0.305743, -0.0, 0.0, 0.0, 0.0, 1.0],
                [0.181161, -0.941648, -0.283688, 0.0, -0.292458, -0.326994, 0.898634, 0.4, -0.938962, -0.07983, -0.334631, 0.0, 0.0, 0.0, 0.0, 1.0]
            ]
        },
        {
            "name": "Arm_L",
            "time": [0.0, 1.3333, 2.6667, 4.0, 4.6667, 4.8333, 5.6667, 5.8333],
            "transform": [
                [0.160453, 0.801727, 0.57575, 0.0, -0.605596, 0.540577, -0.583978, 0.39386, -0.779428, -0.254971, 0.57226, 0.0, 0.0, 0.0, 0.0, 1.0],
                [0.136053, 0.790159, 0.597611, 0.0, -0.623904, 0.536911, -0.567864, 0.39386, -0.769567, -0.295592, 0.566032, -0.0, 0.0, 0.0, 0.0, 1.0],
                [0.160453, 0.801727, 0.57575, 0.0, -0.605596, 0.540577, -0.583978, 0.39386, -0.779428, -0.254971, 0.57226, 0.0, 0.0, 0.0, 0.0, 1.0],
                [0.136053, 0.790159, 0.597611, 0.0, -0.623904, 0.536911, -0.567864, 0.39386, -0.769567, -0.295592, 0.566032, -0.0, 0.0, 0.0, 0.0, 1.0],
                [0.136053, 0.790159, 0.597611, -0.0, -0.623904, 0.536911, -0.567864, 0.39386, -0.769567, -0.295592, 0.566032, 0.0, 0.0, 0.0, 0.0, 1.0],
                [-0.010839, 0.911566, 0.411011, -0.0, -0.807827, 0.234263, -0.540867, 0.39386, -0.58932, -0.337888, 0.733848, 0.0, 0.0, 0.0, 0.0, 1.0],
                [-0.010839, 0.911566, 0.411011, -0.0, -0.807827, 0.234263, -0.540867, 0.39386, -0.58932, -0.337888, 0.733848, -0.0, 0.0, 0.0, 0.0, 1.0],
                [0.264867, 0.286445, 0.920758, 0.0, -0.915361, 0.374973, 0.146661, 0.39386, -0.303249, -0.881671, 0.361518, -0.0, 0.0, 0.0, 0.0, 1.0]
            ]
        },
        {
            "name": "Hand_L",
            "time": [0.0, 5.6667, 5.8333],
            "transform": [
                [0.999583, -0.016551, 0.023669, -0.0, 0.028729, 0.654013, -0.755938, 0.3, -0.002968, 0.756302, 0.654216, -0.0, 0.0, 0.0, 0.0, 1.0],
                [0.999583, -0.016551, 0.023669, 0.0, 0.028729, 0.654013, -0.755938, 0.3, -0.002968, 0.756302, 0.654215, -0.0, 0.0, 0.0, 0.0, 1.0],
                [0.99932, -0.036878, 0.000448, -0.0, 0.03687, 0.999235, 0.013035, 0.3, -0.000929, -0.013009, 0.999915, 0.0, 0.0, 0.0, 0.0, 1.0]
            ]
        },
        {
            "name": "Tool_L",
            "time": [0.0, 5.8333],
            "transform": [
                [1.0, 0.0, 0.0, 0.0, 0.0, -0.999836, 0.018122, 0.272858, -0.0, -0.018122, -0.999245, -0.0, 0.0, 0.0, 0.0, 1.0],
                [1.0, 0.0, 0.0, -0.0, 0.0, -0.999836, 0.018122, 0.272858, -0.0, -0.018122, -0.999245, 0.0, 0.0, 0.0, 0.0, 1.0]
            ]
        },
        {
            "name": "Elbow_L",
            "time": [0.0, 5.6667, 5.8333],
            "transform": [
                [-1.0, -0.0, -0.0, -0.0, 0.0, -0.0, -1.0, 0.3, 0.0, -1.0, 0.0, -0.0, 0.0, 0.0, 0.0, 1.0],
                [-1.0, -0.0, -0.0, 0.0, 0.0, -0.0, -1.0, 0.3, 0.0, -1.0, 0.0, -0.0, 0.0, 0.0, 0.0, 1.0],
                [-1.0, -0.0, -0.0, -0.0, 0.0, -0.0, -1.0, 0.447013, 0.0, -1.0, 0.0, -0.0, 0.0, 0.0, 0.0, 1.0]
            ]
        }
    ]
}