{
    "animation": [
        {
            "name": "Root",
            "time": [0.0, 0.25, 0.35, 0.6333, 1.0, 1.1667],
            "transform": [
                [0.854689, 0.0, -0.51914, -5e-06, -0.51914, 0.0, -0.854689, 0.000946, 0.0, 1.0, 0.0, 0.755725, 0.0, 0.0, 0.0, 1.0],
                [0.854689, 0.0, -0.51914, -5e-06, -0.51914, 0.0, -0.854689, 0.000946, 0.0, 1.0, 0.0, 0.755725, 0.0, 0.0, 0.0, 1.0],
                [0.849667, -0.108254, -0.516089, -5e-06, -0.51914, 0.0, -0.854689, 0.000946, 0.092523, 0.994123, -0.056199, 0.751265, 0.0, 0.0, 0.0, 1.0],
                [0.848917, -0.116022, -0.515634, -5e-06, -0.51914, 0.0, -0.854689, 0.000946, 0.099163, 0.993247, -0.060232, 0.750943, 0.0, 0.0, 0.0, 1.0],
                [0.848917, -0.116022, -0.515634, -5e-06, -0.51914, 0.0, -0.854689, 0.000946, 0.099163, 0.993247, -0.060232, 0.750943, 0.0, 0.0, 0.0, 1.0],
                [0.854689, 0.0, -0.51914, -5e-06, -0.51914, 0.0, -0.854689, 0.000946, 0.0, 1.0, 0.0, 0.755725, 0.0, 0.0, 0.0, 1.0]
            ]
        },
        {
            "name": "Thigh_R",
            "time": [0.0, 0.25, 0.35, 0.6333, 1.0, 1.1667],
            "transform": [
                [0.993012, 0.090809, -0.075369, 0.124994, 0.097418, -0.991236, 0.089212, -0.002831, -0.066608, -0.095931, -0.993157, -1.2e-05, 0.0, 0.0, 0.0, 1.0],
                [0.993012, 0.090809, -0.075369, 0.124994, 0.097418, -0.991236, 0.089212, -0.002831, -0.066608, -0.095931, -0.993157, -1.2e-05, 0.0, 0.0, 0.0, 1.0],
                [0.999672, 0.006511, -0.024779, 0.124994, 0.004487, -0.996712, -0.080895, -0.002831, -0.025224, 0.080757, -0.996415, -1.2e-05, 0.0, 0.0, 0.0, 1.0],
                [0.999756, -0.000118, -0.022079, 0.124994, -0.001988, -0.996403, -0.08471, -0.002831, -0.02199, 0.084734, -0.996161, -1.2e-05, 0.0, 0.0, 0.0, 1.0],
                [0.999756, -0.000118, -0.022079, 0.124994, -0.001988, -0.996403, -0.08471, -0.002831, -0.02199, 0.084734, -0.996161, -1.2e-05, 0.0, 0.0, 0.0, 1.0],
                [0.993012, 0.090809, -0.075369, 0.124994, 0.097418, -0.991236, 0.089212, -0.002831, -0.066608, -0.095931, -0.993157, -1.2e-05, 0.0, 0.0, 0.0, 1.0]
            ]
        },
        {
            "name": "Leg_R",
            "time": [0.0, 0.25, 0.35, 0.6333, 1.0, 1.1667],
            "transform": [
                [1.0, -0.0, 0.0, 0.0, 0.0, 0.968298, 0.249802, 0.37472, -0.0, -0.249802, 0.968296, 0.0, 0.0, 0.0, 0.0, 1.0],
                [1.0, -0.0, 0.0, 0.0, 0.0, 0.968298, 0.249802, 0.37472, -0.0, -0.249802, 0.968296, 0.0, 0.0, 0.0, 0.0, 1.0],
                [1.0, -0.0, 2e-06, -0.0, 0.0, 0.999957, 0.009354, 0.37472, -2e-06, -0.009354, 0.999956, -0.0, 0.0, 0.0, 0.0, 1.0],
                [1.0, -0.0, 2e-06, 0.0, 0.0, 0.999957, 0.009348, 0.37472, -2e-06, -0.009348, 0.999956, 0.0, 0.0, 0.0, 0.0, 1.0],
                [1.0, -0.0, 2e-06, 0.0, 0.0, 0.999957, 0.009348, 0.37472, -2e-06, -0.009348, 0.999956, 0.0, 0.0, 0.0, 0.0, 1.0],
                [1.0, -0.0, 0.0, 0.0, 0.0, 0.968298, 0.249802, 0.37472, -0.0, -0.249802, 0.968296, 0.0, 0.0, 0.0, 0.0, 1.0]
            ]
        },
        {
            "name": "Knee_R",
            "time": [0.0, 1.1667],
            "transform": [
                [1.0, 0.0, -0.0, 0.0, -0.0, 1e-06, -1.0, 0.37472, -0.0, 1.0, 1e-06, 0.0, 0.0, 0.0, 0.0, 1.0],
                [1.0, 0.0, -0.0, 0.0, -0.0, 1e-06, -1.0, 0.37472, -0.0, 1.0, 1e-06, 0.0, 0.0, 0.0, 0.0, 1.0]
            ]
        },
        {
            "name": "Thigh_L",
            "time": [0.0, 0.25, 0.35, 0.6333, 1.0, 1.1667],
            "transform": [
                [0.866497, -0.13565, -0.480398, -0.125006, -0.027169, -0.973759, 0.225955, -0.002831, -0.498442, -0.182737, -0.847445, -1.2e-05, 0.0, 0.0, 0.0, 1.0],
                [0.866497, -0.13565, -0.480398, -0.125006, -0.027169, -0.973759, 0.225955, -0.002831, -0.498442, -0.182737, -0.847445, -1.2e-05, 0.0, 0.0, 0.0, 1.0],
                [0.875776, -0.273431, -0.397809, -0.125006, -0.140822, -0.932974, 0.331253, -0.002831, -0.46172, -0.234083, -0.855581, -1.2e-05, 0.0, 0.0, 0.0, 1.0],
                [0.875971, -0.281824, -0.391472, -0.125006, -0.149017, -0.92998, 0.336053, -0.002831, -0.458769, -0.236036, -0.856632, -1.2e-05, 0.0, 0.0, 0.0, 1.0],
                [0.875971, -0.281824, -0.391472, -0.125006, -0.149017, -0.92998, 0.336053, -0.002831, -0.458769, -0.236036, -0.856632, -1.2e-05, 0.0, 0.0, 0.0, 1.0],
                [0.866497, -0.13565, -0.480398, -0.125006, -0.027169, -0.973759, 0.225955, -0.002831, -0.498442, -0.182737, -0.847445, -1.2e-05, 0.0, 0.0, 0.0, 1.0]
            ]
        },
        {
            "name": "Leg_L",
            "time": [0.0, 0.25, 0.35, 0.6333, 1.0, 1.1667],
            "transform": [
                [1.0, -0.0, 0.0, -0.0, 0.0, 0.970944, 0.239306, 0.37472, -0.0, -0.239306, 0.970945, -0.0, 0.0, 0.0, 0.0, 1.0],
                [1.0, -0.0, 0.0, -0.0, 0.0, 0.970944, 0.239306, 0.37472, -0.0, -0.239306, 0.970945, -0.0, 0.0, 0.0, 0.0, 1.0],
                [1.0, -0.0, 1e-06, 0.0, 0.0, 0.88768, 0.460461, 0.37472, -1e-06, -0.46046, 0.887681, 0.0, 0.0, 0.0, 0.0, 1.0],
                [1.0, -0.0, 1e-06, 0.0, 0.0, 0.881789, 0.471644, 0.37472, -1e-06, -0.471644, 0.881789, 0.0, 0.0, 0.0, 0.0, 1.0],
                [1.0, -0.0, 1e-06, 0.0, 0.0, 0.881789, 0.471644, 0.37472, -1e-06, -0.471644, 0.881789, 0.0, 0.0, 0.0, 0.0, 1.0],
                [1.0, -0.0, 0.0, -0.0, 0.0, 0.970944, 0.239306, 0.37472, -0.0, -0.239306, 0.970945, -0.0, 0.0, 0.0, 0.0, 1.0]
            ]
        },
        {
            "name": "Knee_L",
            "time": [0.0, 1.1667],
            "transform": [
                [1.0, 0.0, -0.0, -0.0, -0.0, 1e-06, -1.0, 0.37472, -0.0, 1.0, 1e-06, -0.0, 0.0, 0.0, 0.0, 1.0],
                [1.0, 0.0, -0.0, -0.0, -0.0, 1e-06, -1.0, 0.37472, -0.0, 1.0, 1e-06, -0.0, 0.0, 0.0, 0.0, 1.0]
            ]
        },
        {
            "name": "Torso",
            "time": [0.0, 0.25, 0.35, 0.6333, 1.0, 1.1667],
            "transform": [
                [0.999999, -0.001436, 0.000287, -0.0, 0.001426, 0.999528, 0.030697, 0.05, -0.000331, -0.030696, 0.999529, 0.0, 0.0, 0.0, 0.0, 1.0],
                [0.999999, 0.001421, 0.000377, -0.0, -0.001432, 0.999473, 0.032434, 0.05, -0.000331, -0.032434, 0.999474, 0.0, 0.0, 0.0, 0.0, 1.0],
                [0.999811, -0.019465, -0.000168, -0.0, 0.019465, 0.999615, 0.019748, 0.05, -0.000216, -0.019748, 0.999805, 0.0, 0.0, 0.0, 0.0, 1.0],
                [0.99978, -0.020971, -0.000197, -0.0, 0.020971, 0.999603, 0.01883, 0.05, -0.000198, -0.01883, 0.999823, -0.0, 0.0, 0.0, 0.0, 1.0],
                [0.99978, -0.020971, -0.000197, -0.0, 0.020971, 0.999603, 0.01883, 0.05, -0.000198, -0.01883, 0.999823, -0.0, 0.0, 0.0, 0.0, 1.0],
                [0.999999, -0.001436, 0.000287, -0.0, 0.001426, 0.999528, 0.030697, 0.05, -0.000331, -0.030696, 0.999529, 0.0, 0.0, 0.0, 0.0, 1.0]
            ]
        },
        {
            "name": "Chest",
            "time": [0.0, 0.25, 0.35, 0.6333, 1.0, 1.1667],
            "transform": [
                [0.995009, 0.099578, 0.006467, -0.0, -0.099788, 0.992918, 0.064476, 0.3, -1e-06, -0.0648, 0.997898, -0.0, 0.0, 0.0, 0.0, 1.0],
                [0.993083, 0.117151, 0.0079, 0.0, -0.117416, 0.990541, 0.071001, 0.3, 0.000492, -0.071438, 0.997445, -0.0, 0.0, 0.0, 0.0, 1.0],
                [0.999028, -0.044055, -0.001339, -0.0, 0.044059, 0.999023, 0.003257, 0.3, 0.001194, -0.003312, 0.999994, 0.0, 0.0, 0.0, 0.0, 1.0],
                [0.998447, -0.055689, -0.001575, 0.0, 0.055687, 0.998447, -0.001626, 0.3, 0.001664, 0.001536, 0.999997, 0.0, 0.0, 0.0, 0.0, 1.0],
                [0.998447, -0.055689, -0.001575, 0.0, 0.055687, 0.998447, -0.001626, 0.3, 0.001664, 0.001536, 0.999997, 0.0, 0.0, 0.0, 0.0, 1.0],
                [0.995009, 0.099578, 0.006467, -0.0, -0.099788, 0.992918, 0.064476, 0.3, -1e-06, -0.0648, 0.997898, -0.0, 0.0, 0.0, 0.0, 1.0]
            ]
        },
        {
            "name": "Head",
            "time": [0.0, 0.25, 0.35, 0.6333, 1.0, 1.1667],
            "transform": [
                [0.852668, -0.015386, 0.522227, -0.0, 0.055825, 0.996527, -0.061788, 0.4, -0.519462, 0.081838, 0.850565, 0.0, 0.0, 0.0, 0.0, 1.0],
                [0.852326, -0.023147, 0.522498, -0.0, 0.064897, 0.99598, -0.061742, 0.4, -0.518968, 0.086534, 0.850402, -0.0, 0.0, 0.0, 0.0, 1.0],
                [0.853194, 0.033627, 0.520509, 0.0, -0.001506, 0.998074, -0.062011, 0.4, -0.521592, 0.052124, 0.851601, 0.0, 0.0, 0.0, 0.0, 1.0],
                [0.85311, 0.037721, 0.520365, 0.0, -0.006297, 0.998055, -0.062025, 0.4, -0.521693, 0.049637, 0.851689, 0.0, 0.0, 0.0, 0.0, 1.0],
                [0.85311, 0.037721, 0.520365, 0.0, -0.006297, 0.998055, -0.062025, 0.4, -0.521693, 0.049637, 0.851689, 0.0, 0.0, 0.0, 0.0, 1.0],
                [0.852668, -0.015386, 0.522227, -0.0, 0.055825, 0.996527, -0.061788, 0.4, -0.519462, 0.081838, 0.850565, 0.0, 0.0, 0.0, 0.0, 1.0]
            ]
        },
        {
            "name": "Ear_R",
            "time": [0.0, 0.25, 0.35, 0.6333, 1.1667],
            "transform": [
                [-0.0, 0.566642, 0.823964, 0.297934, 0.0, -0.823964, 0.566642, 0.338728, 1.000001, 0.0, 0.0, 0.0, 0.0, 0.0, 0.0, 1.0],
                [-0.0, 0.566642, 0.823964, 0.297934, 0.0, -0.823964, 0.566642, 0.338728, 1.000001, 0.0, 0.0, 0.0, 0.0, 0.0, 0.0, 1.0],
                [-0.0, 0.897482, 0.441052, 0.297934, 0.0, -0.441052, 0.897482, 0.338728, 1.000001, -0.0, 0.0, 0.0, 0.0, 0.0, 0.0, 1.0],
                [-0.0, 0.566642, 0.823964, 0.297934, 0.0, -0.823964, 0.566642, 0.338728, 1.000001, -0.0, 0.0, 0.0, 0.0, 0.0, 0.0, 1.0],
                [-0.0, 0.566642, 0.823964, 0.297934, 0.0, -0.823964, 0.566642, 0.338728, 1.000001, 0.0, 0.0, 0.0, 0.0, 0.0, 0.0, 1.0]
            ]
        },
        {
            "name": "Ear_L",
            "time": [0.0, 0.25, 0.35, 0.6333, 1.1667],
            "transform": [
                [0.0, -0.614445, -0.788959, -0.295693, 0.0, -0.788959, 0.614445, 0.331459, -0.999999, -0.0, 0.0, 0.0, 0.0, 0.0, 0.0, 1.0],
                [0.0, -0.614446, -0.788959, -0.295693, 0.0, -0.788959, 0.614445, 0.331459, -0.999999, -0.0, 0.0, 0.0, 0.0, 0.0, 0.0, 1.0],
                [0.0, -0.953644, -0.300937, -0.295693, 0.0, -0.300937, 0.953644, 0.331459, -0.999999, -0.0, 0.0, 0.0, 0.0, 0.0, 0.0, 1.0],
                [0.0, -0.614445, -0.788959, -0.295693, 0.0, -0.788959, 0.614445, 0.331459, -0.999999, -0.0, 0.0, 0.0, 0.0, 0.0, 0.0, 1.0],
                [0.0, -0.614445, -0.788959, -0.295693, 0.0, -0.788959, 0.614445, 0.331459, -0.999999, -0.0, 0.0, 0.0, 0.0, 0.0, 0.0, 1.0]
            ]
        },
        {
            "name": "Shoulder_R",
            "time": [0.0, 0.25, 0.35, 0.6333, 1.0, 1.1667],
            "transform": [
                [0.182308, 0.941156, 0.284584, -0.0, 0.285185, -0.327607, 0.900746, 0.4, 0.940975, -0.083054, -0.328129, 0.0, 0.0, 0.0, 0.0, 1.0],
                [0.182307, 0.941156, 0.284585, -0.0, 0.285183, -0.327608, 0.900746, 0.4, 0.940975, -0.083054, -0.328127, -0.0, 0.0, 0.0, 0.0, 1.0],
                [0.188806, 0.982006, 0.004054, 0.0, 0.13238, -0.029543, 0.990759, 0.4, 0.973051, -0.186525, -0.135576, 0.0, 0.0, 0.0, 0.0, 1.0],
                [0.190975, 0.98146, -0.016271, 0.0, 0.121369, -0.007161, 0.992582, 0.4, 0.974063, -0.191533, -0.120486, 0.0, 0.0, 0.0, 0.0, 1.0],
                [0.190975, 0.98146, -0.016271, 0.0, 0.121369, -0.007161, 0.992582, 0.4, 0.974063, -0.191533, -0.120486, 0.0, 0.0, 0.0, 0.0, 1.0],
                [0.182308, 0.941156, 0.284584, -0.0, 0.285185, -0.327607, 0.900746, 0.4, 0.940975, -0.083054, -0.328129, 0.0, 0.0, 0.0, 0.0, 1.0]
            ]
        },
        {
            "name": "Arm_R",
            "time": [0.0, 0.25, 0.35, 0.6333, 1.0, 1.1667],
            "transform": [
                [0.836901, -0.532351, -0.127277, 0.0, 0.515283, 0.687842, 0.51123, 0.39386, -0.184608, -0.493433, 0.849967, 0.0, 0.0, 0.0, 0.0, 1.0],
                [0.861867, -0.473219, 0.182346, -0.0, 0.382941, 0.843006, 0.377755, 0.39386, -0.332479, -0.255746, 0.907773, -0.0, 0.0, 0.0, 0.0, 1.0],
                [0.884763, 0.124729, 0.449041, -0.0, 0.295266, 0.595445, -0.74717, 0.393861, -0.360573, 0.793655, 0.489999, 0.0, 0.0, 0.0, 0.0, 1.0],
                [0.88647, 0.155403, 0.435915, -0.0, 0.292352, 0.542137, -0.787793, 0.393861, -0.358751, 0.825796, 0.435155, -0.0, 0.0, 0.0, 0.0, 1.0],
                [0.88647, 0.155403, 0.435915, -0.0, 0.292352, 0.542137, -0.787793, 0.393861, -0.358751, 0.825796, 0.435155, -0.0, 0.0, 0.0, 0.0, 1.0],
                [0.836901, -0.532351, -0.127277, 0.0, 0.515283, 0.687842, 0.51123, 0.39386, -0.184608, -0.493433, 0.849967, 0.0, 0.0, 0.0, 0.0, 1.0]
            ]
        },
        {
            "name": "Hand_R",
            "time": [0.0, 0.25, 0.35, 0.6333, 1.0, 1.1667],
            "transform": [
                [0.999966, -0.004538, 0.006942, -0.0, 0.008262, 0.472325, -0.881386, 0.300001, 0.000721, 0.881413, 0.472346, -0.0, 0.0, 0.0, 0.0, 1.0],
                [0.999959, -0.00543, 0.007215, 0.0, 0.008622, 0.336578, -0.941616, 0.3, 0.002685, 0.94164, 0.336611, 0.0, 0.0, 0.0, 0.0, 1.0],
                [1.0, -0.00059, 0.000136, 0.0, 0.000587, 0.999673, 0.025582, 0.3, -0.000152, -0.025582, 0.999673, -0.0, 0.0, 0.0, 0.0, 1.0],
                [1.0, -0.0, 0.0, -0.0, 0.0, 0.993937, 0.109947, 0.3, -0.0, -0.109947, 0.993937, -0.0, 0.0, 0.0, 0.0, 1.0],
                [1.0, -0.0, 0.0, -0.0, 0.0, 0.993937, 0.109947, 0.3, -0.0, -0.109947, 0.993937, -0.0, 0.0, 0.0, 0.0, 1.0],
                [0.999966, -0.004538, 0.006942, -0.0, 0.008262, 0.472325, -0.881386, 0.300001, 0.000721, 0.881413, 0.472346, -0.0, 0.0, 0.0, 0.0, 1.0]
            ]
        },
        {
            "name": "Tool_R",
            "time": [0.0, 0.25, 0.35, 1.0, 1.1667],
            "transform": [
                [1.0, 0.0, 0.0, 0.0, 0.0, -0.999836, 0.018122, 0.272858, 0.0, -0.018122, -0.999242, -0.0, 0.0, 0.0, 0.0, 1.0],
                [1.0, 0.0, 0.0, 0.0, 0.0, -0.999836, 0.018122, 0.272858, 0.0, -0.018122, -0.999241, 0.0, 0.0, 0.0, 0.0, 1.0],
                [1.0, 0.0, 0.0, -0.0, -0.0, -0.999836, 0.018122, 0.272858, 0.0, -0.018122, -0.999242, 0.0, 0.0, 0.0, 0.0, 1.0],
                [1.0, -0.0, -0.0, 0.0, 0.0, -0.999836, 0.018122, 0.272858, -0.0, -0.018122, -0.999242, 0.0, 0.0, 0.0, 0.0, 1.0],
                [1.0, 0.0, 0.0, 0.0, 0.0, -0.999836, 0.018122, 0.272858, 0.0, -0.018122, -0.999242, -0.0, 0.0, 0.0, 0.0, 1.0]
            ]
        },
        {
            "name": "Elbow_R",
            "time": [0.0, 0.25, 0.35, 1.0, 1.1667],
            "transform": [
                [-1.0, -0.0, -0.0, -0.0, 0.0, -0.0, -1.0, 0.40805, 0.0, -1.0, 0.0, -0.0, 0.0, 0.0, 0.0, 1.0],
                [-1.0, -0.0, -0.0, -0.0, 0.0, -0.0, -1.0, 0.414647, 0.0, -1.0, 0.0, 0.0, 0.0, 0.0, 0.0, 1.0],
                [-1.0, -0.0, -0.0, 0.0, 0.0, 0.0, -1.0, 0.3, 0.0, -1.0, 0.0, -0.0, 0.0, 0.0, 0.0, 1.0],
                [-1.0, -0.0, -0.0, -0.0, 0.0, 0.0, -1.0, 0.3, 0.0, -1.0, 0.0, -0.0, 0.0, 0.0, 0.0, 1.0],
                [-1.0, -0.0, -0.0, -0.0, 0.0, -0.0, -1.0, 0.40805, 0.0, -1.0, 0.0, -0.0, 0.0, 0.0, 0.0, 1.0]
            ]
        },
        {
            "name": "Shoulder_L",
            "time": [0.0, 0.25, 0.35, 1.1667],
            "transform": [
                [0.18116, -0.941649, -0.283688, -0.0, -0.292456, -0.326994, 0.898635, 0.4, -0.938963, -0.07983, -0.334629, 0.0, 0.0, 0.0, 0.0, 1.0],
                [0.18116, -0.941648, -0.283688, -0.0, -0.292458, -0.326994, 0.898634, 0.4, -0.938962, -0.07983, -0.334631, -0.0, 0.0, 0.0, 0.0, 1.0],
                [0.18116, -0.941649, -0.283688, 0.0, -0.292456, -0.326994, 0.898635, 0.4, -0.938963, -0.07983, -0.334629, 0.0, 0.0, 0.0, 0.0, 1.0],
                [0.18116, -0.941649, -0.283688, -0.0, -0.292456, -0.326994, 0.898635, 0.4, -0.938963, -0.07983, -0.334629, 0.0, 0.0, 0.0, 0.0, 1.0]
            ]
        },
        {
            "name": "Arm_L",
            "time": [0.0, 0.25, 0.35, 0.6333, 1.0, 1.1667],
            "transform": [
                [0.317368, 0.035625, 0.947633, 0.0, -0.749059, 0.622228, 0.227473, 0.39386, -0.58154, -0.782025, 0.22416, 0.0, 0.0, 0.0, 0.0, 1.0],
                [0.318881, -0.026313, 0.947429, 0.0, -0.705116, 0.661386, 0.255693, 0.39386, -0.633345, -0.749584, 0.192349, 0.0, 0.0, 0.0, 0.0, 1.0],
                [0.417644, -0.094458, 0.903687, -0.0, -0.652002, 0.661545, 0.370475, 0.39386, -0.632824, -0.743933, 0.214703, -0.0, 0.0, 0.0, 0.0, 1.0],
                [0.424396, -0.097339, 0.90023, -0.0, -0.649131, 0.660435, 0.377431, 0.39386, -0.631282, -0.744548, 0.2171, -0.0, 0.0, 0.0, 0.0, 1.0],
                [0.424396, -0.097339, 0.90023, -0.0, -0.649131, 0.660435, 0.377431, 0.39386, -0.631282, -0.744548, 0.2171, -0.0, 0.0, 0.0, 0.0, 1.0],
                [0.317368, 0.035625, 0.947633, 0.0, -0.749059, 0.622228, 0.227473, 0.39386, -0.58154, -0.782025, 0.22416, 0.0, 0.0, 0.0, 0.0, 1.0]
            ]
        },
        {
            "name": "Hand_L",
            "time": [0.0, 0.25, 1.0, 1.1667],
            "transform": [
                [0.999404, -0.034238, -0.004417, -0.0, 0.023699, 0.7735, -0.633354, 0.3, 0.025101, 0.632871, 0.77385, -0.0, 0.0, 0.0, 0.0, 1.0],
                [0.999403, -0.034158, -0.005223, -0.0, 0.020444, 0.706335, -0.707583, 0.3, 0.027859, 0.707054, 0.706611, 0.0, 0.0, 0.0, 0.0, 1.0],
                [0.999403, -0.034158, -0.005223, 0.0, 0.020444, 0.706335, -0.707583, 0.3, 0.027859, 0.707054, 0.706611, 0.0, 0.0, 0.0, 0.0, 1.0],
                [0.999404, -0.034238, -0.004417, -0.0, 0.023699, 0.7735, -0.633354, 0.3, 0.025101, 0.632871, 0.77385, -0.0, 0.0, 0.0, 0.0, 1.0]
            ]
        },
        {
            "name": "Tool_L",
            "time": [0.0, 1.1667],
            "transform": [
                [1.0, 0.0, 0.0, 0.0, 0.0, -0.999836, 0.018122, 0.272858, 0.0, -0.018122, -0.999245, -0.0, 0.0, 0.0, 0.0, 1.0],
                [1.0, 0.0, 0.0, 0.0, 0.0, -0.999836, 0.018122, 0.272858, 0.0, -0.018122, -0.999245, -0.0, 0.0, 0.0, 0.0, 1.0]
            ]
        },
        {
            "name": "Elbow_L",
            "time": [0.0, 0.25, 0.35, 0.6333, 1.0, 1.1667],
            "transform": [
                [-1.0, -0.0, -0.0, -0.0, 0.0, -0.0, -1.0, 0.373929, 0.0, -1.0, 0.0, -0.0, 0.0, 0.0, 0.0, 1.0],
                [-1.0, -0.0, -0.0, -0.0, 0.0, -0.0, -1.0, 0.375935, 0.0, -1.0, 0.0, 0.0, 0.0, 0.0, 0.0, 1.0],
                [-1.0, -0.0, -0.0, 0.0, 0.0, -0.0, -1.0, 0.369979, 0.0, -1.0, 0.0, 0.0, 0.0, 0.0, 0.0, 1.0],
                [-1.0, -0.0, -0.0, 0.0, 0.0, -0.0, -1.0, 0.373255, 0.0, -1.0, 0.0, 0.0, 0.0, 0.0, 0.0, 1.0],
                [-1.0, -0.0, -0.0, 0.0, 0.0, -0.0, -1.0, 0.373255, 0.0, -1.0, 0.0, 0.0, 0.0, 0.0, 0.0, 1.0],
                [-1.0, -0.0, -0.0, -0.0, 0.0, -0.0, -1.0, 0.373929, 0.0, -1.0, 0.0, -0.0, 0.0, 0.0, 0.0, 1.0]
            ]
        }
    ]
}