{
    "animation": [
        {
            "name": "Root",
            "time": [0.0, 0.1167, 0.3333, 0.45, 0.6333, 0.8333, 1.3333],
            "transform": [
                [0.854689, 0.0, -0.51914, -5e-06, -0.51914, 0.0, -0.854689, 0.000946, 0.0, 1.0, 0.0, 0.755725, 0.0, 0.0, 0.0, 1.0],
                [0.854689, 0.0, -0.51914, -5e-06, -0.488547, 0.338211, -0.804323, 0.000946, 0.175579, 0.94107, 0.289065, 0.62449, 0.0, 0.0, 0.0, 1.0],
                [0.854689, 0.0, -0.51914, -5e-06, -0.478136, 0.389523, -0.787183, 0.000946, 0.202217, 0.921017, 0.332921, 0.60343, 0.0, 0.0, 0.0, 1.0],
                [0.994232, -0.022616, -0.104836, -5e-06, -0.10535, -0.022892, -0.994172, 0.143577, 0.020085, 0.999482, -0.025143, 0.966041, 0.0, 0.0, 0.0, 1.0],
                [1.0, 0.0, 0.0, -5e-06, 0.0, -0.123516, -0.992343, 0.178651, 0.0, 0.992343, -0.123516, 1.055209, 0.0, 0.0, 0.0, 1.0],
                [0.854689, 0.0, -0.51914, -5e-06, -0.51914, 0.0, -0.854689, 0.000946, 0.0, 1.0, 0.0, 0.755725, 0.0, 0.0, 0.0, 1.0],
                [0.854689, 0.0, -0.51914, -5e-06, -0.51914, 0.0, -0.854689, 0.000946, 0.0, 1.0, 0.0, 0.755725, 0.0, 0.0, 0.0, 1.0]
            ]
        },
        {
            "name": "Thigh_R",
            "time": [0.0, 0.1167, 0.3333, 0.45, 0.6333, 0.8333, 1.3333],
            "transform": [
                [0.993012, 0.090809, -0.075369, 0.124994, 0.097418, -0.991236, 0.089212, -0.002831, -0.066608, -0.095931, -0.993157, -1.2e-05, 0.0, 0.0, 0.0, 1.0],
                [0.939303, 0.265968, 0.216727, 0.124994, 0.091547, -0.803088, 0.588784, -0.002831, 0.330649, -0.533206, -0.778693, -1.2e-05, 0.0, 0.0, 0.0, 1.0],
                [0.913985, 0.309218, 0.262707, 0.124994, 0.080571, -0.772886, 0.629408, -0.002831, 0.397667, -0.554103, -0.731321, -1.2e-05, 0.0, 0.0, 0.0, 1.0],
                [0.995922, 0.078073, 0.045216, 0.124994, 0.087526, -0.957658, -0.27428, -0.002831, 0.021888, 0.277119, -0.960586, -1.2e-05, 0.0, 0.0, 0.0, 1.0],
                [0.99896, 0.043756, -0.012793, 0.124994, 0.036003, -0.929371, -0.367385, -0.002831, -0.027965, 0.366543, -0.929981, -1.2e-05, 0.0, 0.0, 0.0, 1.0],
                [0.993012, 0.090809, -0.075369, 0.124994, 0.097418, -0.991236, 0.089212, -0.002831, -0.066608, -0.095931, -0.993157, -1.2e-05, 0.0, 0.0, 0.0, 1.0],
                [0.993012, 0.090809, -0.075369, 0.124994, 0.097418, -0.991236, 0.089212, -0.002831, -0.066608, -0.095931, -0.993157, -1.2e-05, 0.0, 0.0, 0.0, 1.0]
            ]
        },
        {
            "name": "Leg_R",
            "time": [0.0, 0.1167, 0.3333, 0.45, 0.6333, 0.8333, 1.3333],
            "transform": [
                [1.0, -0.0, 0.0, 0.0, 0.0, 0.968298, 0.249802, 0.37472, -0.0, -0.249802, 0.968296, 0.0, 0.0, 0.0, 0.0, 1.0],
                [1.0, -0.0, 0.0, -0.0, -0.0, 0.612835, 0.79021, 0.37472, -0.0, -0.790212, 0.612834, -0.0, 0.0, 0.0, 0.0, 1.0],
                [1.0, -0.0, 1e-06, -0.0, -0.0, 0.580964, 0.813929, 0.37472, -0.0, -0.81393, 0.580963, -0.0, 0.0, 0.0, 0.0, 1.0],
                [1.0, -0.0, 0.0, 0.0, 0.0, 0.999957, 0.009361, 0.37472, -0.0, -0.009361, 0.999955, -0.0, 0.0, 0.0, 0.0, 1.0],
                [1.0, -0.0, 0.0, -0.0, 0.0, 0.999959, 0.009109, 0.37472, -0.0, -0.009109, 0.999958, 0.0, 0.0, 0.0, 0.0, 1.0],
                [1.0, -0.0, 0.0, 0.0, 0.0, 0.968298, 0.249802, 0.37472, -0.0, -0.249802, 0.968296, 0.0, 0.0, 0.0, 0.0, 1.0],
                [1.0, -0.0, 0.0, 0.0, 0.0, 0.968298, 0.249802, 0.37472, -0.0, -0.249802, 0.968296, 0.0, 0.0, 0.0, 0.0, 1.0]
            ]
        },
        {
            "name": "Knee_R",
            "time": [0.0, 0.1167, 0.3333, 0.45, 1.3333],
            "transform": [
                [1.0, 0.0, -0.0, 0.0, -0.0, 1e-06, -1.0, 0.37472, -0.0, 1.0, 1e-06, 0.0, 0.0, 0.0, 0.0, 1.0],
                [1.0, 0.0, -0.0, -0.0, -0.0, 1e-06, -1.0, 0.415457, -0.0, 1.0, 1e-06, -0.0, 0.0, 0.0, 0.0, 1.0],
                [1.0, 0.0, -0.0, -0.0, -0.0, 1e-06, -1.0, 0.412241, -0.0, 1.0, 1e-06, -0.0, 0.0, 0.0, 0.0, 1.0],
                [1.0, 0.0, -0.0, 0.0, -0.0, 1e-06, -1.0, 0.37472, -0.0, 1.0, 1e-06, -0.0, 0.0, 0.0, 0.0, 1.0],
                [1.0, 0.0, -0.0, 0.0, -0.0, 1e-06, -1.0, 0.37472, -0.0, 1.0, 1e-06, 0.0, 0.0, 0.0, 0.0, 1.0]
            ]
        },
        {
            "name": "Thigh_L",
            "time": [0.0, 0.1167, 0.3333, 0.45, 0.6333, 0.8333, 1.3333],
            "transform": [
                [0.866497, -0.13565, -0.480398, -0.125006, -0.027169, -0.973759, 0.225955, -0.002831, -0.498442, -0.182737, -0.847445, -1.2e-05, 0.0, 0.0, 0.0, 1.0],
                [0.862646, -0.499982, -0.076547, -0.125006, -0.061797, -0.254384, 0.965126, -0.002831, -0.502018, -0.827833, -0.250341, -1.2e-05, 0.0, 0.0, 0.0, 1.0],
                [0.86009, -0.510098, -0.006818, -0.125006, -0.068736, -0.129121, 0.989244, -0.002831, -0.505491, -0.85037, -0.146118, -1.2e-05, 0.0, 0.0, 0.0, 1.0],
                [0.99495, -0.084516, -0.054151, -0.125006, -0.063146, -0.946377, 0.316832, -0.002831, -0.078025, -0.311812, -0.946934, -1.2e-05, 0.0, 0.0, 0.0, 1.0],
                [0.998695, -0.04392, 0.026057, -0.125006, -0.041865, -0.996324, -0.074728, -0.002831, 0.029244, 0.073541, -0.996863, -1.2e-05, 0.0, 0.0, 0.0, 1.0],
                [0.866497, -0.13565, -0.480398, -0.125006, -0.027169, -0.973759, 0.225955, -0.002831, -0.498442, -0.182737, -0.847445, -1.2e-05, 0.0, 0.0, 0.0, 1.0],
                [0.866497, -0.13565, -0.480398, -0.125006, -0.027169, -0.973759, 0.225955, -0.002831, -0.498442, -0.182737, -0.847445, -1.2e-05, 0.0, 0.0, 0.0, 1.0]
            ]
        },
        {
            "name": "Leg_L",
            "time": [0.0, 0.1167, 0.3333, 0.45, 0.6333, 0.8333, 1.3333],
            "transform": [
                [1.0, -0.0, 0.0, -0.0, 0.0, 0.970944, 0.239306, 0.37472, -0.0, -0.239306, 0.970945, -0.0, 0.0, 0.0, 0.0, 1.0],
                [1.0, -0.0, 1e-06, -0.0, -0.0, 0.583887, 0.811835, 0.37472, -1e-06, -0.811834, 0.583888, 0.0, 0.0, 0.0, 0.0, 1.0],
                [1.0, -0.0, 1e-06, 0.0, -0.0, 0.577153, 0.816636, 0.37472, -1e-06, -0.816636, 0.577153, 0.0, 0.0, 0.0, 0.0, 1.0],
                [1.0, -0.0, 1e-06, -0.0, -0.0, 0.700112, 0.714033, 0.37472, -1e-06, -0.714033, 0.700112, 0.0, 0.0, 0.0, 0.0, 1.0],
                [1.0, -0.0, 1e-06, 0.0, -0.0, 0.898243, 0.439499, 0.37472, -1e-06, -0.439499, 0.898243, 0.0, 0.0, 0.0, 0.0, 1.0],
                [1.0, -0.0, 0.0, -0.0, 0.0, 0.970944, 0.239306, 0.37472, -0.0, -0.239306, 0.970945, -0.0, 0.0, 0.0, 0.0, 1.0],
                [1.0, -0.0, 0.0, -0.0, 0.0, 0.970944, 0.239306, 0.37472, -0.0, -0.239306, 0.970945, -0.0, 0.0, 0.0, 0.0, 1.0]
            ]
        },
        {
            "name": "Knee_L",
            "time": [0.0, 0.1167, 0.3333, 0.45, 0.6333, 0.8333, 1.3333],
            "transform": [
                [1.0, 0.0, -0.0, -0.0, -0.0, 1e-06, -1.0, 0.37472, -0.0, 1.0, 1e-06, -0.0, 0.0, 0.0, 0.0, 1.0],
                [1.0, 0.0, -0.0, 0.0, -0.0, 1e-06, -1.0, 0.415457, -0.0, 1.0, 1e-06, 0.0, 0.0, 0.0, 0.0, 1.0],
                [1.0, 0.0, -0.0, 0.0, -0.0, 1e-06, -1.0, 0.412241, -0.0, 1.0, 1e-06, 0.0, 0.0, 0.0, 0.0, 1.0],
                [1.0, 0.0, -0.0, 0.0, -0.0, 1e-06, -1.0, 0.407476, -0.0, 1.0, 1e-06, 0.0, 0.0, 0.0, 0.0, 1.0],
                [1.0, 0.0, -0.0, 0.0, -0.0, 1e-06, -1.0, 0.384646, -0.0, 1.0, 1e-06, 0.0, 0.0, 0.0, 0.0, 1.0],
                [1.0, 0.0, -0.0, -0.0, -0.0, 1e-06, -1.0, 0.37472, -0.0, 1.0, 1e-06, -0.0, 0.0, 0.0, 0.0, 1.0],
                [1.0, 0.0, -0.0, -0.0, -0.0, 1e-06, -1.0, 0.37472, -0.0, 1.0, 1e-06, -0.0, 0.0, 0.0, 0.0, 1.0]
            ]
        },
        {
            "name": "Torso",
            "time": [0.0, 0.1167, 0.3333, 0.45, 0.6333, 0.8333, 1.3333],
            "transform": [
                [0.99978, -0.020971, -0.000197, -0.0, 0.020971, 0.999603, 0.018833, 0.05, -0.000198, -0.018833, 0.999823, 0.0, 0.0, 0.0, 0.0, 1.0],
                [0.999991, -0.004137, 0.000206, 0.0, 0.004129, 0.999569, 0.029058, 0.05, -0.000326, -0.029057, 0.999578, 0.0, 0.0, 0.0, 0.0, 1.0],
                [0.999999, -0.001436, 0.000287, -0.0, 0.001426, 0.999528, 0.030697, 0.05, -0.000331, -0.030696, 0.999529, 0.0, 0.0, 0.0, 0.0, 1.0],
                [0.999999, -0.001436, 0.000287, -0.0, 0.001426, 0.999528, 0.030697, 0.05, -0.000331, -0.030696, 0.999529, -0.0, 0.0, 0.0, 0.0, 1.0],
                [0.999999, -0.001436, 0.000287, 0.0, 0.001426, 0.999528, 0.030699, 0.05, -0.000331, -0.030698, 0.999529, 0.0, 0.0, 0.0, 0.0, 1.0],
                [0.99978, -0.020971, -0.000197, -0.0, 0.020971, 0.999603, 0.018833, 0.05, -0.000198, -0.018833, 0.999823, 0.0, 0.0, 0.0, 0.0, 1.0],
                [0.99978, -0.020971, -0.000197, -0.0, 0.020971, 0.999603, 0.018833, 0.05, -0.000198, -0.018833, 0.999823, 0.0, 0.0, 0.0, 0.0, 1.0]
            ]
        },
        {
            "name": "Chest",
            "time": [0.0, 0.1167, 0.3333, 0.45, 0.6333, 0.8333, 1.3333],
            "transform": [
                [0.999771, -0.021411, -0.000206, -0.0, 0.021411, 0.999586, 0.019225, 0.3, -0.000206, -0.019225, 0.999815, 0.0, 0.0, 0.0, 0.0, 1.0],
                [0.999996, -0.002961, -4e-06, 0.0, 0.002961, 0.999992, 0.002652, 0.3, -4e-06, -0.002652, 0.999996, 0.0, 0.0, 0.0, 0.0, 1.0],
                [1.0, 0.0, -0.0, 0.0, -0.0, 1.0, -0.0, 0.3, -0.0, 0.0, 1.0, 0.0, 0.0, 0.0, 0.0, 1.0],
                [1.0, -5.4e-05, -0.000196, -0.0, 2.6e-05, 0.990327, -0.13875, 0.3, 0.000201, 0.13875, 0.990327, 0.0, 0.0, 0.0, 0.0, 1.0],
                [1.0, -7.1e-05, -0.000243, 0.0, 2.8e-05, 0.98508, -0.1721, 0.3, 0.000251, 0.1721, 0.98508, -0.0, 0.0, 0.0, 0.0, 1.0],
                [0.999771, -0.021411, -0.000206, -0.0, 0.021411, 0.999586, 0.019225, 0.3, -0.000206, -0.019225, 0.999815, 0.0, 0.0, 0.0, 0.0, 1.0],
                [0.999771, -0.021411, -0.000206, -0.0, 0.021411, 0.999586, 0.019225, 0.3, -0.000206, -0.019225, 0.999815, 0.0, 0.0, 0.0, 0.0, 1.0]
            ]
        },
        {
            "name": "Head",
            "time": [0.0, 0.1167, 0.3333, 0.45, 0.6333, 0.8333, 1.3333],
            "transform": [
                [0.85311, 0.037721, 0.520365, -0.0, -0.006297, 0.998055, -0.062025, 0.4, -0.521693, 0.049637, 0.851688, 0.0, 0.0, 0.0, 0.0, 1.0],
                [0.859461, 0.166108, 0.483461, 0.0, 0.04558, 0.917068, -0.396118, 0.4, -0.509165, 0.362484, 0.780613, -0.0, 0.0, 0.0, 0.0, 1.0],
                [0.861095, 0.185082, 0.473561, 0.0, 0.053283, 0.893415, -0.446061, 0.4, -0.505644, 0.409333, 0.759454, 0.0, 0.0, 0.0, 0.0, 1.0],
                [0.994557, 0.024177, 0.101351, 0.0, -0.003557, 0.980018, -0.198876, 0.4, -0.104134, 0.197433, 0.97477, 0.0, 0.0, 0.0, 0.0, 1.0],
                [1.0, -5.1e-05, -0.00019, 0.0, 2.5e-05, 0.990983, -0.13399, 0.4, 0.000195, 0.13399, 0.990983, 0.0, 0.0, 0.0, 0.0, 1.0],
                [0.85311, 0.037721, 0.520365, -0.0, -0.006297, 0.998055, -0.062025, 0.4, -0.521693, 0.049637, 0.851688, 0.0, 0.0, 0.0, 0.0, 1.0],
                [0.85311, 0.037721, 0.520365, -0.0, -0.006297, 0.998055, -0.062025, 0.4, -0.521693, 0.049637, 0.851688, 0.0, 0.0, 0.0, 0.0, 1.0]
            ]
        },
        {
            "name": "Ear_R",
            "time": [0.0, 1.3333],
            "transform": [
                [-0.0, 0.566642, 0.823964, 0.297934, 0.0, -0.823964, 0.566642, 0.338728, 1.000001, -0.0, 0.0, 0.0, 0.0, 0.0, 0.0, 1.0],
                [-0.0, 0.566642, 0.823964, 0.297934, 0.0, -0.823964, 0.566642, 0.338728, 1.000001, -0.0, 0.0, 0.0, 0.0, 0.0, 0.0, 1.0]
            ]
        },
        {
            "name": "Ear_L",
            "time": [0.0, 1.3333],
            "transform": [
                [0.0, -0.614445, -0.788959, -0.295693, 0.0, -0.788959, 0.614445, 0.331459, -0.999999, 0.0, 0.0, 0.0, 0.0, 0.0, 0.0, 1.0],
                [0.0, -0.614445, -0.788959, -0.295693, 0.0, -0.788959, 0.614445, 0.331459, -0.999999, 0.0, 0.0, 0.0, 0.0, 0.0, 0.0, 1.0]
            ]
        },
        {
            "name": "Shoulder_R",
            "time": [0.0, 0.1167, 0.6333, 0.8333, 1.3333],
            "transform": [
                [0.182307, 0.941156, 0.284585, -0.0, 0.285183, -0.327608, 0.900746, 0.4, 0.940975, -0.083054, -0.328127, 0.0, 0.0, 0.0, 0.0, 1.0],
                [0.182308, 0.941156, 0.284585, 0.0, 0.285185, -0.327607, 0.900746, 0.4, 0.940974, -0.083054, -0.328129, -0.0, 0.0, 0.0, 0.0, 1.0],
                [0.182308, 0.941156, 0.284584, 0.0, 0.285185, -0.327607, 0.900746, 0.4, 0.940974, -0.083054, -0.328129, 0.0, 0.0, 0.0, 0.0, 1.0],
                [0.182307, 0.941156, 0.284585, -0.0, 0.285183, -0.327608, 0.900746, 0.4, 0.940975, -0.083054, -0.328127, 0.0, 0.0, 0.0, 0.0, 1.0],
                [0.182307, 0.941156, 0.284585, -0.0, 0.285183, -0.327608, 0.900746, 0.4, 0.940975, -0.083054, -0.328127, 0.0, 0.0, 0.0, 0.0, 1.0]
            ]
        },
        {
            "name": "Arm_R",
            "time": [0.0, 0.1167, 0.3333, 0.45, 0.6333, 0.8333, 1.3333],
            "transform": [
                [0.118591, -0.276623, -0.953633, 0.0, 0.946416, 0.322036, 0.02428, 0.393861, 0.300388, -0.905413, 0.299991, -0.0, 0.0, 0.0, 0.0, 1.0],
                [-0.341443, 0.391459, -0.854504, -0.0, 0.683978, 0.72705, 0.059767, 0.39386, 0.644664, -0.564055, -0.515996, 0.0, 0.0, 0.0, 0.0, 1.0],
                [-0.42869, 0.455342, -0.780313, 0.0, 0.632368, 0.768083, 0.100793, 0.393861, 0.645241, -0.450236, -0.617213, 0.0, 0.0, 0.0, 0.0, 1.0],
                [0.4116, -0.387577, 0.824845, -0.0, 0.873752, -0.089512, -0.478064, 0.393861, 0.25912, 0.917481, 0.301803, 0.0, 0.0, 0.0, 0.0, 1.0],
                [0.245705, 0.045052, 0.968297, 0.0, 0.961994, -0.134123, -0.237865, 0.39386, 0.119155, 0.98994, -0.076294, -0.0, 0.0, 0.0, 0.0, 1.0],
                [0.118591, -0.276623, -0.953633, 0.0, 0.946416, 0.322036, 0.02428, 0.393861, 0.300388, -0.905413, 0.299991, -0.0, 0.0, 0.0, 0.0, 1.0],
                [0.118591, -0.276623, -0.953633, 0.0, 0.946416, 0.322036, 0.02428, 0.393861, 0.300388, -0.905413, 0.299991, -0.0, 0.0, 0.0, 0.0, 1.0]
            ]
        },
        {
            "name": "Hand_R",
            "time": [0.0, 0.1167, 0.3333, 0.45, 0.6333, 0.8333, 1.3333],
            "transform": [
                [0.999985, 0.001325, 0.005391, -0.0, -0.00125, 0.999903, -0.013885, 0.3, -0.005409, 0.013878, 0.999889, 0.0, 0.0, 0.0, 0.0, 1.0],
                [0.999972, -0.003884, 0.00637, 0.0, 0.007431, 0.595101, -0.803617, 0.3, -0.00067, 0.803642, 0.595113, -0.0, 0.0, 0.0, 0.0, 1.0],
                [0.999966, -0.004538, 0.006942, -0.0, 0.008262, 0.472325, -0.881386, 0.3, 0.000721, 0.881413, 0.472346, 0.0, 0.0, 0.0, 0.0, 1.0],
                [0.999999, -0.00145, 0.000763, -0.0, 0.001528, 0.993519, -0.113656, 0.3, -0.000594, 0.113657, 0.99352, 0.0, 0.0, 0.0, 0.0, 1.0],
                [1.0, 0.0, 0.0, -0.0, -0.0, 0.993937, 0.109947, 0.3, -0.0, -0.109947, 0.993937, 0.0, 0.0, 0.0, 0.0, 1.0],
                [0.999985, 0.001325, 0.005391, -0.0, -0.00125, 0.999903, -0.013885, 0.3, -0.005409, 0.013878, 0.999889, 0.0, 0.0, 0.0, 0.0, 1.0],
                [0.999985, 0.001325, 0.005391, -0.0, -0.00125, 0.999903, -0.013885, 0.3, -0.005409, 0.013878, 0.999889, 0.0, 0.0, 0.0, 0.0, 1.0]
            ]
        },
        {
            "name": "Tool_R",
            "time": [0.0, 1.3333],
            "transform": [
                [1.0, 0.0, -0.0, -0.0, 0.0, -0.999836, 0.018122, 0.272858, -0.0, -0.018122, -0.999242, -0.0, 0.0, 0.0, 0.0, 1.0],
                [1.0, 0.0, -0.0, -0.0, 0.0, -0.999836, 0.018122, 0.272858, -0.0, -0.018122, -0.999242, -0.0, 0.0, 0.0, 0.0, 1.0]
            ]
        },
        {
            "name": "Elbow_R",
            "time": [0.0, 0.1167, 0.3333, 0.45, 1.3333],
            "transform": [
                [-1.0, -0.0, -0.0, -0.0, 0.0, 0.0, -1.0, 0.3, 0.0, -1.0, 0.0, 0.0, 0.0, 0.0, 0.0, 1.0],
                [-1.0, -0.0, -0.0, -0.0, 0.0, 0.0, -1.0, 0.393575, 0.0, -1.0, 0.0, 0.0, 0.0, 0.0, 0.0, 1.0],
                [-1.0, -0.0, -0.0, -0.0, 0.0, -0.0, -1.0, 0.401247, 0.0, -1.0, 0.0, 0.0, 0.0, 0.0, 0.0, 1.0],
                [-1.0, -0.0, -0.0, -0.0, 0.0, 0.0, -1.0, 0.3, 0.0, -1.0, 0.0, 0.0, 0.0, 0.0, 0.0, 1.0],
                [-1.0, -0.0, -0.0, -0.0, 0.0, 0.0, -1.0, 0.3, 0.0, -1.0, 0.0, 0.0, 0.0, 0.0, 0.0, 1.0]
            ]
        },
        {
            "name": "Shoulder_L",
            "time": [0.0, 0.1167, 0.45, 0.6333, 1.3333],
            "transform": [
                [0.18116, -0.941648, -0.283688, -0.0, -0.292456, -0.326994, 0.898635, 0.4, -0.938963, -0.07983, -0.334629, 0.0, 0.0, 0.0, 0.0, 1.0],
                [0.18116, -0.941648, -0.283688, 0.0, -0.292458, -0.326994, 0.898634, 0.4, -0.938962, -0.07983, -0.334631, -0.0, 0.0, 0.0, 0.0, 1.0],
                [0.18116, -0.941648, -0.283688, 0.0, -0.292458, -0.326994, 0.898634, 0.4, -0.938962, -0.07983, -0.334631, 0.0, 0.0, 0.0, 0.0, 1.0],
                [0.18116, -0.941648, -0.283688, 0.0, -0.292456, -0.326994, 0.898635, 0.4, -0.938963, -0.07983, -0.334629, 0.0, 0.0, 0.0, 0.0, 1.0],
                [0.18116, -0.941648, -0.283688, -0.0, -0.292456, -0.326994, 0.898635, 0.4, -0.938963, -0.07983, -0.334629, 0.0, 0.0, 0.0, 0.0, 1.0]
            ]
        },
        {
            "name": "Arm_L",
            "time": [0.0, 0.1167, 0.3333, 0.45, 0.6333, 0.8333, 1.3333],
            "transform": [
                [0.264866, 0.286445, 0.920758, 0.0, -0.915361, 0.374973, 0.146661, 0.39386, -0.303249, -0.881671, 0.361518, -0.0, 0.0, 0.0, 0.0, 1.0],
                [0.315111, 0.071283, 0.946374, 0.0, -0.7767, 0.592404, 0.213994, 0.39386, -0.545382, -0.802481, 0.242038, -0.0, 0.0, 0.0, 0.0, 1.0],
                [0.317368, 0.035625, 0.947633, -0.0, -0.749059, 0.622228, 0.227473, 0.39386, -0.58154, -0.782025, 0.22416, 0.0, 0.0, 0.0, 0.0, 1.0],
                [0.219061, 0.385894, -0.896157, 0.0, -0.975631, 0.098405, -0.196114, 0.39386, 0.012507, 0.91728, 0.398047, 0.0, 0.0, 0.0, 0.0, 1.0],
                [0.064379, -0.036589, -0.997255, 0.0, -0.997863, -0.013557, -0.063921, 0.39386, -0.011181, 0.999239, -0.037384, -0.0, 0.0, 0.0, 0.0, 1.0],
                [0.264866, 0.286445, 0.920758, 0.0, -0.915361, 0.374973, 0.146661, 0.39386, -0.303249, -0.881671, 0.361518, -0.0, 0.0, 0.0, 0.0, 1.0],
                [0.264866, 0.286445, 0.920758, 0.0, -0.915361, 0.374973, 0.146661, 0.39386, -0.303249, -0.881671, 0.361518, -0.0, 0.0, 0.0, 0.0, 1.0]
            ]
        },
        {
            "name": "Hand_L",
            "time": [0.0, 0.1167, 0.3333, 0.6333, 0.8333, 1.3333],
            "transform": [
                [0.99932, -0.036878, 0.000448, 0.0, 0.03687, 0.999235, 0.013035, 0.3, -0.000929, -0.01301, 0.999915, -0.0, 0.0, 0.0, 0.0, 1.0],
                [0.999402, -0.034389, -0.003655, -0.0, 0.026549, 0.830668, -0.556135, 0.3, 0.022161, 0.555705, 0.831084, 0.0, 0.0, 0.0, 0.0, 1.0],
                [0.999404, -0.034238, -0.004417, -0.0, 0.023699, 0.7735, -0.633354, 0.3, 0.025101, 0.632871, 0.77385, 0.0, 0.0, 0.0, 0.0, 1.0],
                [0.999404, -0.034238, -0.004417, 0.0, 0.023699, 0.7735, -0.633354, 0.3, 0.025101, 0.632872, 0.77385, 0.0, 0.0, 0.0, 0.0, 1.0],
                [0.99932, -0.036878, 0.000448, 0.0, 0.03687, 0.999235, 0.013035, 0.3, -0.000929, -0.01301, 0.999915, -0.0, 0.0, 0.0, 0.0, 1.0],
                [0.99932, -0.036878, 0.000448, 0.0, 0.03687, 0.999235, 0.013035, 0.3, -0.000929, -0.01301, 0.999915, -0.0, 0.0, 0.0, 0.0, 1.0]
            ]
        },
        {
            "name": "Tool_L",
            "time": [0.0, 1.3333],
            "transform": [
                [1.0, 0.0, -0.0, 0.0, 0.0, -0.999836, 0.018122, 0.272858, -0.0, -0.018122, -0.999245, -0.0, 0.0, 0.0, 0.0, 1.0],
                [1.0, 0.0, -0.0, 0.0, 0.0, -0.999836, 0.018122, 0.272858, -0.0, -0.018122, -0.999245, -0.0, 0.0, 0.0, 0.0, 1.0]
            ]
        },
        {
            "name": "Elbow_L",
            "time": [0.0, 0.1167, 0.3333, 0.45, 0.6333, 0.8333, 1.3333],
            "transform": [
                [-1.0, -0.0, -0.0, 0.0, 0.0, -0.0, -1.0, 0.3, 0.0, -1.0, 0.0, -0.0, 0.0, 0.0, 0.0, 1.0],
                [-1.0, -0.0, -0.0, -0.0, 0.0, -0.0, -1.0, 0.363072, 0.0, -1.0, 0.0, 0.0, 0.0, 0.0, 0.0, 1.0],
                [-1.0, -0.0, -0.0, -0.0, 0.0, -0.0, -1.0, 0.365513, 0.0, -1.0, 0.0, 0.0, 0.0, 0.0, 0.0, 1.0],
                [-1.0, -0.0, -0.0, 0.0, 0.0, -0.0, -1.0, 0.367746, 0.0, -1.0, 0.0, 0.0, 0.0, 0.0, 0.0, 1.0],
                [-1.0, -0.0, -0.0, 0.0, 0.0, -0.0, -1.0, 0.368759, 0.0, -1.0, 0.0, 0.0, 0.0, 0.0, 0.0, 1.0],
                [-1.0, -0.0, -0.0, 0.0, 0.0, -0.0, -1.0, 0.3, 0.0, -1.0, 0.0, -0.0, 0.0, 0.0, 0.0, 1.0],
                [-1.0, -0.0, -0.0, 0.0, 0.0, -0.0, -1.0, 0.3, 0.0, -1.0, 0.0, -0.0, 0.0, 0.0, 0.0, 1.0]
            ]
        }
    ]
}