{
    "animation": [
        {
            "name": "Root",
            "time": [0.0, 0.1333, 0.25, 0.3333, 0.4167, 0.5, 0.5833, 1.1667],
            "transform": [
                [1.0, 0.0, 0.0, -5e-06, 0.0, 0.0, -1.0, -0.486282, 0.0, 1.0, 0.0, 0.555806, 0.0, 0.0, 0.0, 1.0],
                [1.0, 0.0, 0.0, -5e-06, 0.0, 0.0, -1.0, -0.826516, 0.0, 1.0, 0.0, 0.291141, 0.0, 0.0, 0.0, 1.0],
                [1.0, 0.0, 0.0, -5e-06, 0.0, -0.998726, -0.050455, -1.039151, 0.0, 0.050455, -0.998726, 0.164617, 0.0, 0.0, 0.0, 1.0],
                [1.0, 0.0, 0.0, -5e-06, 0.0, -0.998726, -0.050455, -1.039151, 0.0, 0.050455, -0.998726, 0.113936, 0.0, 0.0, 0.0, 1.0],
                [1.0, 0.0, 0.0, -5e-06, 0.0, -0.998726, -0.050455, -1.039151, 0.0, 0.050455, -0.998726, 0.130391, 0.0, 0.0, 0.0, 1.0],
                [1.0, 0.0, 0.0, -5e-06, 0.0, -0.998726, -0.050455, -1.039151, 0.0, 0.050455, -0.998726, 0.113936, 0.0, 0.0, 0.0, 1.0],
                [1.0, 0.0, 0.0, -5e-06, 0.0, -0.998726, -0.050455, -1.039151, 0.0, 0.050455, -0.998726, 0.113936, 0.0, 0.0, 0.0, 1.0],
                [1.0, 0.0, 0.0, -5e-06, 0.0, -0.998726, -0.050455, -1.039151, 0.0, 0.050455, -0.998726, 0.113936, 0.0, 0.0, 0.0, 1.0]
            ]
        },
        {
            "name": "Thigh_R",
            "time": [0.0, 0.1333, 0.25, 0.5833, 1.1667],
            "transform": [
                [1.0, -3.5e-05, 5.8e-05, 0.124994, -6.7e-05, -0.563973, 0.825793, -0.002831, 4e-06, -0.825792, -0.563974, -1.2e-05, 0.0, 0.0, 0.0, 1.0],
                [1.0, -4.4e-05, 7.5e-05, 0.124994, -8.5e-05, -0.349944, 0.93677, -0.002831, -1.5e-05, -0.93677, -0.349945, -1.2e-05, 0.0, 0.0, 0.0, 1.0],
                [0.99956, 0.029643, -0.000719, 0.124994, 0.02961, -0.999139, -0.029047, -0.002831, -0.00158, 0.029014, -0.999578, -1.2e-05, 0.0, 0.0, 0.0, 1.0],
                [0.996956, 0.071181, 0.03181, 0.124994, 0.070023, -0.996889, 0.036151, -0.002831, 0.034284, -0.033813, -0.99884, -1.2e-05, 0.0, 0.0, 0.0, 1.0],
                [0.996956, 0.071181, 0.03181, 0.124994, 0.070023, -0.996889, 0.036151, -0.002831, 0.034284, -0.033813, -0.99884, -1.2e-05, 0.0, 0.0, 0.0, 1.0]
            ]
        },
        {
            "name": "Leg_R",
            "time": [0.0, 0.1333, 0.5833, 1.1667],
            "transform": [
                [1.0, -0.0, 1e-06, 0.0, -0.0, 0.888202, 0.459455, 0.37472, -1e-06, -0.459455, 0.8882, -0.0, 0.0, 0.0, 0.0, 1.0],
                [1.0, -0.0, 1e-06, 0.0, 0.0, 0.999949, 0.010137, 0.37472, -1e-06, -0.010137, 0.999948, -0.0, 0.0, 0.0, 0.0, 1.0],
                [1.0, 0.0, 0.0, -0.0, -0.0, 0.999999, 0.001692, 0.37472, -0.0, -0.001692, 0.999998, 0.0, 0.0, 0.0, 0.0, 1.0],
                [1.0, 0.0, 0.0, -0.0, -0.0, 0.999999, 0.001692, 0.37472, -0.0, -0.001692, 0.999998, 0.0, 0.0, 0.0, 0.0, 1.0]
            ]
        },
        {
            "name": "Knee_R",
            "time": [0.0, 1.1667],
            "transform": [
                [1.0, 0.0, -0.0, 0.0, -0.0, 1e-06, -1.0, 0.434418, -0.0, 1.0, 1e-06, 0.002042, 0.0, 0.0, 0.0, 1.0],
                [1.0, 0.0, -0.0, -0.0, -0.0, 1e-06, -1.0, 0.434418, -0.0, 1.0, 1e-06, 0.002043, 0.0, 0.0, 0.0, 1.0]
            ]
        },
        {
            "name": "Thigh_L",
            "time": [0.0, 0.1333, 0.25, 0.3333, 0.4167, 0.5833, 1.1667],
            "transform": [
                [1.0, -3.5e-05, 5.8e-05, -0.125006, -6.7e-05, -0.563974, 0.825792, -0.002831, 4e-06, -0.825792, -0.563974, -1.2e-05, 0.0, 0.0, 0.0, 1.0],
                [1.0, -4.6e-05, 8.6e-05, -0.125006, -9.4e-05, -0.26962, 0.962966, -0.002831, -2.1e-05, -0.962967, -0.269621, -1.2e-05, 0.0, 0.0, 0.0, 1.0],
                [0.99854, -0.006445, 0.053635, -0.125006, -0.004728, -0.999474, -0.032065, -0.002831, 0.053813, 0.031765, -0.998045, -1.2e-05, 0.0, 0.0, 0.0, 1.0],
                [0.999683, -0.020072, -0.015178, -0.125006, -0.01755, -0.988355, 0.151147, -0.002831, -0.018035, -0.150832, -0.988395, -1.2e-05, 0.0, 0.0, 0.0, 1.0],
                [0.998997, -0.034079, -0.029052, -0.125006, -0.03355, -0.999266, 0.018504, -0.002831, -0.029661, -0.017511, -0.999406, -1.2e-05, 0.0, 0.0, 0.0, 1.0],
                [0.998898, -0.045632, -0.01097, -0.125006, -0.045242, -0.998414, 0.033489, -0.002831, -0.012481, -0.032955, -0.999379, -1.2e-05, 0.0, 0.0, 0.0, 1.0],
                [0.998898, -0.045632, -0.01097, -0.125006, -0.045242, -0.998414, 0.033489, -0.002831, -0.012481, -0.032955, -0.999379, -1.2e-05, 0.0, 0.0, 0.0, 1.0]
            ]
        },
        {
            "name": "Leg_L",
            "time": [0.0, 0.1333, 0.25, 0.3333, 0.4167, 1.1667],
            "transform": [
                [1.0, -0.0, 1e-06, -0.0, -0.0, 0.888201, 0.459455, 0.37472, -1e-06, -0.459455, 0.888201, -0.0, 0.0, 0.0, 0.0, 1.0],
                [1.0, -0.0, 1e-06, 0.0, 0.0, 0.999955, 0.009456, 0.37472, -1e-06, -0.009456, 0.999956, 0.0, 0.0, 0.0, 0.0, 1.0],
                [1.0, -0.0, 0.0, -0.0, 0.0, 1.0, 0.0, 0.37472, -0.0, -0.0, 1.0, -0.0, 0.0, 0.0, 0.0, 1.0],
                [1.0, -0.0, 0.0, 0.0, 0.0, 0.974422, 0.224725, 0.37472, -0.0, -0.224725, 0.974423, 0.0, 0.0, 0.0, 0.0, 1.0],
                [1.0, -0.0, 0.0, -0.0, 0.0, 1.0, 0.0, 0.37472, -0.0, -0.0, 1.0, 0.0, 0.0, 0.0, 0.0, 1.0],
                [1.0, -0.0, 0.0, 0.0, 0.0, 1.0, 0.0, 0.37472, -0.0, -0.0, 1.0, 0.0, 0.0, 0.0, 0.0, 1.0]
            ]
        },
        {
            "name": "Knee_L",
            "time": [0.0, 1.1667],
            "transform": [
                [1.0, 0.0, -0.0, -0.0, -0.0, 1e-06, -1.0, 0.37472, -0.0, 1.0, 1e-06, -0.0, 0.0, 0.0, 0.0, 1.0],
                [1.0, 0.0, -0.0, 0.0, -0.0, 1e-06, -1.0, 0.37472, -0.0, 1.0, 1e-06, 0.0, 0.0, 0.0, 0.0, 1.0]
            ]
        },
        {
            "name": "Torso",
            "time": [0.0, 0.1333, 0.25, 0.3333, 0.4167, 0.5, 1.1667],
            "transform": [
                [1.0, 0.0, 0.0, 0.0, 0.0, 0.961727, 0.27401, 0.05, 0.0, -0.27401, 0.961727, 0.0, 0.0, 0.0, 0.0, 1.0],
                [1.0, 0.0, 0.0, 0.0, 0.0, 0.915825, -0.401577, 0.05, 0.0, 0.401577, 0.915825, 0.0, 0.0, 0.0, 0.0, 1.0],
                [1.0, -0.0, -0.0, 0.0, 0.0, 0.997484, 0.070886, 0.05, 0.0, -0.070886, 0.997484, -0.0, 0.0, 0.0, 0.0, 1.0],
                [1.0, -0.0, -0.0, 0.0, -0.0, 0.999222, -0.039439, 0.05, 0.0, 0.039439, 0.999222, 0.0, 0.0, 0.0, 0.0, 1.0],
                [1.0, 0.0, 0.0, 0.0, -0.0, 0.996903, 0.078636, 0.05, -0.0, -0.078636, 0.996903, -0.0, 0.0, 0.0, 0.0, 1.0],
                [1.0, -0.0, -0.0, 0.0, -0.0, 0.999222, -0.039439, 0.05, 0.0, 0.039439, 0.999222, 0.0, 0.0, 0.0, 0.0, 1.0],
                [1.0, -0.0, -0.0, 0.0, -0.0, 0.999222, -0.039439, 0.05, 0.0, 0.039439, 0.999222, 0.0, 0.0, 0.0, 0.0, 1.0]
            ]
        },
        {
            "name": "Chest",
            "time": [0.0, 0.1333, 0.3333, 0.5, 1.1667],
            "transform": [
                [1.0, 0.0, 0.0, 0.0, 0.0, 0.994261, 0.106981, 0.3, 0.0, -0.106981, 0.994261, 0.0, 0.0, 0.0, 0.0, 1.0],
                [1.0, 0.0, 0.0, -0.0, 0.0, 0.815559, 0.578674, 0.3, 0.0, -0.578674, 0.815559, -0.0, 0.0, 0.0, 0.0, 1.0],
                [1.0, 0.0, 0.0, -0.0, -0.0, 0.999912, 0.013287, 0.3, -0.0, -0.013287, 0.999912, -0.0, 0.0, 0.0, 0.0, 1.0],
                [1.0, -0.0, 0.0, -0.0, -0.0, 0.999912, 0.013296, 0.3, -0.0, -0.013296, 0.999912, -0.0, 0.0, 0.0, 0.0, 1.0],
                [1.0, -0.0, 0.0, -0.0, -0.0, 0.999912, 0.013296, 0.3, -0.0, -0.013296, 0.999912, -0.0, 0.0, 0.0, 0.0, 1.0]
            ]
        },
        {
            "name": "Head",
            "time": [0.0, 0.1333, 0.25, 0.3333, 0.4167, 0.5, 0.5833, 1.1667],
            "transform": [
                [1.0, 0.0, 0.0, 0.0, 0.0, 0.935969, 0.352082, 0.4, 0.0, -0.352082, 0.935969, 0.0, 0.0, 0.0, 0.0, 1.0],
                [1.0, 0.0, 0.0, 0.0, 0.0, 0.935969, 0.352082, 0.4, 0.0, -0.352082, 0.935969, 0.0, 0.0, 0.0, 0.0, 1.0],
                [1.0, 0.0, -0.0, -0.0, 0.0, 0.805328, 0.59283, 0.4, 0.0, -0.59283, 0.805328, -0.0, 0.0, 0.0, 0.0, 1.0],
                [1.0, -0.0, -0.0, -0.0, 0.0, 0.998827, 0.048414, 0.4, 0.0, -0.048414, 0.998827, 0.0, 0.0, 0.0, 0.0, 1.0],
                [1.0, 0.0, -0.0, -0.0, -0.0, 0.974702, -0.223509, 0.4, 0.0, 0.223509, 0.974702, -0.0, 0.0, 0.0, 0.0, 1.0],
                [1.0, 0.0, 0.0, -0.0, -0.0, 0.995665, 0.093007, 0.4, -0.0, -0.093007, 0.995665, 0.0, 0.0, 0.0, 0.0, 1.0],
                [1.0, -0.0, 0.0, -0.0, -0.0, 0.998827, 0.048414, 0.4, -0.0, -0.048414, 0.998827, 0.0, 0.0, 0.0, 0.0, 1.0],
                [1.0, -0.0, 0.0, -0.0, -0.0, 0.998827, 0.048414, 0.4, -0.0, -0.048414, 0.998827, 0.0, 0.0, 0.0, 0.0, 1.0]
            ]
        },
        {
            "name": "Ear_R",
            "time": [0.0, 0.1333, 0.25, 0.4167, 0.5833, 1.1667],
            "transform": [
                [0.437623, 0.722548, 0.535174, 0.297934, -0.636356, -0.171616, 0.752064, 0.338728, 0.635247, -0.669682, 0.384694, 0.0, 0.0, 0.0, 0.0, 1.0],
                [0.546855, 0.398077, 0.736535, 0.297934, -0.836053, 0.213067, 0.505587, 0.338728, 0.044331, -0.892266, 0.449331, 0.0, 0.0, 0.0, 0.0, 1.0],
                [0.457209, 0.434235, 0.776144, 0.297934, -0.854354, -0.027986, 0.518938, 0.338728, 0.247062, -0.900366, 0.358195, 0.0, 0.0, 0.0, 0.0, 1.0],
                [0.448585, 0.762354, 0.466464, 0.298172, -0.891356, 0.343523, 0.295763, 0.338381, 0.065235, -0.548461, 0.833628, 0.000861, 0.0, 0.0, 0.0, 1.0],
                [0.471586, 0.67941, -0.562147, 0.298508, -0.864148, 0.229072, -0.448079, 0.337894, -0.175658, 0.697086, 0.695138, 0.001089, 0.0, 0.0, 0.0, 1.0],
                [0.471586, 0.67941, -0.562147, 0.298508, -0.864148, 0.229072, -0.448079, 0.337894, -0.175658, 0.697086, 0.695138, 0.001089, 0.0, 0.0, 0.0, 1.0]
            ]
        },
        {
            "name": "Ear_L",
            "time": [0.0, 0.1333, 0.25, 0.4167, 0.5833, 1.1667],
            "transform": [
                [0.468761, -0.775845, -0.422288, -0.295693, 0.601898, -0.069352, 0.795555, 0.331459, -0.646514, -0.6271, 0.43447, 0.0, 0.0, 0.0, 0.0, 1.0],
                [0.583018, -0.317983, -0.747648, -0.295693, 0.791609, 0.429467, 0.434642, 0.331459, 0.182881, -0.845248, 0.502104, 0.0, 0.0, 0.0, 0.0, 1.0],
                [0.493147, -0.372005, -0.786395, -0.295693, 0.868881, 0.16592, 0.466386, 0.331459, -0.04302, -0.91328, 0.405051, 0.0, 0.0, 0.0, 0.0, 1.0],
                [0.530742, -0.732603, -0.426153, -0.295435, 0.847486, 0.464031, 0.257764, 0.331791, 0.008909, -0.497965, 0.867151, -0.000861, 0.0, 0.0, 0.0, 1.0],
                [0.521819, -0.66545, 0.533742, -0.295071, 0.834807, 0.269625, -0.48, 0.332257, 0.175505, 0.696044, 0.696218, -0.001089, 0.0, 0.0, 0.0, 1.0],
                [0.521819, -0.66545, 0.533742, -0.295071, 0.834807, 0.269625, -0.48, 0.332257, 0.175505, 0.696044, 0.696218, -0.001089, 0.0, 0.0, 0.0, 1.0]
            ]
        },
        {
            "name": "Shoulder_R",
            "time": [0.0, 1.1667],
            "transform": [
                [0.093479, 0.952114, 0.291102, 0.0, 0.291102, -0.305743, 0.906521, 0.4, 0.952114, 0.0, -0.305743, 0.0, 0.0, 0.0, 0.0, 1.0],
                [0.093479, 0.952114, 0.291102, -0.0, 0.291102, -0.305743, 0.906521, 0.4, 0.952114, 0.0, -0.305743, 0.0, 0.0, 0.0, 0.0, 1.0]
            ]
        },
        {
            "name": "Arm_R",
            "time": [0.0, 0.1333, 0.25, 0.5, 1.1667],
            "transform": [
                [0.093478, -0.68214, 0.725222, 0.0, 0.952114, -0.151728, -0.265438, 0.39386, 0.291102, 0.715307, 0.635292, -0.0, 0.0, 0.0, 0.0, 1.0],
                [0.223611, -0.638447, 0.736468, -0.0, 0.902934, -0.148839, -0.403185, 0.393861, 0.367027, 0.755138, 0.543193, 0.0, 0.0, 0.0, 0.0, 1.0],
                [0.249911, -0.947769, 0.198189, 0.0, 0.946172, 0.195558, -0.257908, 0.39386, 0.205679, 0.251975, 0.945624, 0.0, 0.0, 0.0, 0.0, 1.0],
                [0.934797, 0.062536, 0.349635, -0.0, 0.000851, 0.983981, -0.178272, 0.39386, -0.355183, 0.166946, 0.919769, -0.0, 0.0, 0.0, 0.0, 1.0],
                [0.934797, 0.062536, 0.349635, -0.0, 0.000851, 0.983981, -0.178272, 0.39386, -0.355183, 0.166946, 0.919769, -0.0, 0.0, 0.0, 0.0, 1.0]
            ]
        },
        {
            "name": "Hand_R",
            "time": [0.0, 1.1667],
            "transform": [
                [1.0, -0.0, 0.0, 0.0, -0.0, 0.993937, 0.109947, 0.3, -0.0, -0.109947, 0.993937, -0.0, 0.0, 0.0, 0.0, 1.0],
                [1.0, -0.0, 0.0, 0.0, 0.0, 0.993937, 0.109947, 0.3, -0.0, -0.109947, 0.993937, -0.0, 0.0, 0.0, 0.0, 1.0]
            ]
        },
        {
            "name": "Tool_R",
            "time": [0.0, 1.1667],
            "transform": [
                [1.0, -0.0, 0.0, -0.0, 0.0, -0.999836, 0.018122, 0.272858, 0.0, -0.018122, -0.999242, -0.0, 0.0, 0.0, 0.0, 1.0],
                [1.0, 0.0, 0.0, -0.0, 0.0, -0.999836, 0.018122, 0.272858, 0.0, -0.018122, -0.999242, 0.0, 0.0, 0.0, 0.0, 1.0]
            ]
        },
        {
            "name": "Elbow_R",
            "time": [0.0, 1.1667],
            "transform": [
                [-1.0, -0.0, -0.0, 0.0, 0.0, 0.0, -1.0, 0.194134, 0.0, -1.0, 0.0, -0.0, 0.0, 0.0, 0.0, 1.0],
                [-1.0, -0.0, -0.0, 0.0, 0.0, -0.0, -1.0, 0.194134, 0.0, -1.0, 0.0, 0.0, 0.0, 0.0, 0.0, 1.0]
            ]
        },
        {
            "name": "Shoulder_L",
            "time": [0.0, 1.1667],
            "transform": [
                [0.093479, -0.952114, -0.291103, 0.0, -0.291103, -0.305743, 0.906521, 0.4, -0.952114, 0.0, -0.305743, 0.0, 0.0, 0.0, 0.0, 1.0],
                [0.093479, -0.952114, -0.291103, -0.0, -0.291103, -0.305743, 0.906521, 0.4, -0.952114, -0.0, -0.305743, 0.0, 0.0, 0.0, 0.0, 1.0]
            ]
        },
        {
            "name": "Arm_L",
            "time": [0.0, 0.1333, 0.25, 0.5, 1.1667],
            "transform": [
                [0.093479, 0.880249, -0.465213, -0.0, -0.952114, -0.057583, -0.300272, 0.39386, -0.291103, 0.471005, 0.832715, 0.0, 0.0, 0.0, 0.0, 1.0],
                [0.335142, 0.812438, -0.4771, 0.0, -0.903162, 0.132835, -0.408231, 0.39386, -0.268286, 0.567714, 0.778282, 0.0, 0.0, 0.0, 0.0, 1.0],
                [0.227576, 0.953726, -0.196508, -0.0, -0.948917, 0.171913, -0.264581, 0.39386, -0.218555, 0.246682, 0.94413, 0.0, 0.0, 0.0, 0.0, 1.0],
                [0.936749, -0.056937, -0.345339, -0.0, -0.00609, 0.983878, -0.178735, 0.39386, 0.349948, 0.169533, 0.921301, 0.0, 0.0, 0.0, 0.0, 1.0],
                [0.936749, -0.056937, -0.345339, -0.0, -0.00609, 0.983878, -0.178735, 0.39386, 0.349948, 0.169533, 0.921301, 0.0, 0.0, 0.0, 0.0, 1.0]
            ]
        },
        {
            "name": "Hand_L",
            "time": [0.0, 1.1667],
            "transform": [
                [1.0, -0.0, 0.0, -0.0, 0.0, 0.993937, 0.109947, 0.3, -0.0, -0.109947, 0.993937, 0.0, 0.0, 0.0, 0.0, 1.0],
                [1.0, -0.0, 0.0, 0.0, -0.0, 0.993938, 0.109947, 0.3, -0.0, -0.109947, 0.993937, -0.0, 0.0, 0.0, 0.0, 1.0]
            ]
        },
        {
            "name": "Tool_L",
            "time": [0.0, 1.1667],
            "transform": [
                [1.0, 0.0, 0.0, -0.0, 0.0, -0.999836, 0.018122, 0.272858, -0.0, -0.018122, -0.999245, -0.0, 0.0, 0.0, 0.0, 1.0],
                [1.0, 0.0, 0.0, 0.0, 0.0, -0.999836, 0.018122, 0.272858, -0.0, -0.018122, -0.999245, -0.0, 0.0, 0.0, 0.0, 1.0]
            ]
        },
        {
            "name": "Elbow_L",
            "time": [0.0, 1.1667],
            "transform": [
                [-1.0, -0.0, -0.0, -0.0, 0.0, -0.0, -1.0, 0.193428, 0.0, -1.0, 0.0, 0.0, 0.0, 0.0, 0.0, 1.0],
                [-1.0, -0.0, -0.0, -0.0, 0.0, -0.0, -1.0, 0.193428, 0.0, -1.0, 0.0, -0.0, 0.0, 0.0, 0.0, 1.0]
            ]
        }
    ]
}