{
    "animation": [
        {
            "name": "Root",
            "time": [0.0, 2.6667],
            "transform": [
                [0.854689, 0.0, -0.51914, -5e-06, -0.51914, 0.0, -0.854689, 0.000946, 0.0, 1.0, 0.0, 0.755725, 0.0, 0.0, 0.0, 1.0],
                [0.854689, 0.0, -0.51914, -5e-06, -0.51914, 0.0, -0.854689, 0.000946, 0.0, 1.0, 0.0, 0.755725, 0.0, 0.0, 0.0, 1.0]
            ]
        },
        {
            "name": "Thigh_R",
            "time": [0.0, 2.6667],
            "transform": [
                [0.996123, 0.056386, -0.067528, 0.124994, 0.068868, -0.977427, 0.199728, -0.002831, -0.054742, -0.203604, -0.977522, -1.2e-05, 0.0, 0.0, 0.0, 1.0],
                [0.996123, 0.056386, -0.067528, 0.124994, 0.068868, -0.977427, 0.199728, -0.002831, -0.054742, -0.203604, -0.977522, -1.2e-05, 0.0, 0.0, 0.0, 1.0]
            ]
        },
        {
            "name": "Leg_R",
            "time": [0.0, 2.6667],
            "transform": [
                [1.0, -0.0, 1e-06, 0.0, -0.0, 0.9661, 0.258173, 0.37472, -1e-06, -0.258173, 0.966098, -0.0, 0.0, 0.0, 0.0, 1.0],
                [1.0, -0.0, 1e-06, 0.0, -0.0, 0.9661, 0.258173, 0.37472, -1e-06, -0.258173, 0.966098, -0.0, 0.0, 0.0, 0.0, 1.0]
            ]
        },
        {
            "name": "Knee_R",
            "time": [0.0, 2.6667],
            "transform": [
                [1.0, 0.0, -0.0, 0.0, -0.0, 1e-06, -1.0, 0.37472, -0.0, 1.0, 1e-06, -0.0, 0.0, 0.0, 0.0, 1.0],
                [1.0, 0.0, -0.0, 0.0, -0.0, 1e-06, -1.0, 0.37472, -0.0, 1.0, 1e-06, -0.0, 0.0, 0.0, 0.0, 1.0]
            ]
        },
        {
            "name": "Thigh_L",
            "time": [0.0, 2.6667],
            "transform": [
                [0.866589, -0.133703, -0.480778, -0.125006, -0.027838, -0.974891, 0.220935, -0.002831, -0.498246, -0.178075, -0.848552, -1.2e-05, 0.0, 0.0, 0.0, 1.0],
                [0.866589, -0.133703, -0.480778, -0.125006, -0.027838, -0.974891, 0.220935, -0.002831, -0.498246, -0.178075, -0.848552, -1.2e-05, 0.0, 0.0, 0.0, 1.0]
            ]
        },
        {
            "name": "Leg_L",
            "time": [0.0, 2.6667],
            "transform": [
                [1.0, -0.0, 0.0, 0.0, 0.0, 0.984973, 0.172708, 0.37472, -0.0, -0.172708, 0.984974, -0.0, 0.0, 0.0, 0.0, 1.0],
                [1.0, -0.0, 0.0, 0.0, 0.0, 0.984973, 0.172708, 0.37472, -0.0, -0.172708, 0.984974, -0.0, 0.0, 0.0, 0.0, 1.0]
            ]
        },
        {
            "name": "Knee_L",
            "time": [0.0, 2.6667],
            "transform": [
                [1.0, 0.0, -0.0, 0.0, -0.0, 1e-06, -1.0, 0.37472, -0.0, 1.0, 1e-06, -0.0, 0.0, 0.0, 0.0, 1.0],
                [1.0, 0.0, -0.0, 0.0, -0.0, 1e-06, -1.0, 0.37472, -0.0, 1.0, 1e-06, -0.0, 0.0, 0.0, 0.0, 1.0]
            ]
        },
        {
            "name": "Torso",
            "time": [0.0, 2.6667],
            "transform": [
                [0.99978, -0.020971, -0.000197, -0.0, 0.020971, 0.999603, 0.018833, 0.05, -0.000198, -0.018833, 0.999823, 0.0, 0.0, 0.0, 0.0, 1.0],
                [0.99978, -0.020971, -0.000197, -0.0, 0.020971, 0.999603, 0.018833, 0.05, -0.000198, -0.018833, 0.999823, 0.0, 0.0, 0.0, 0.0, 1.0]
            ]
        },
        {
            "name": "Chest",
            "time": [0.0, 1.0, 2.6667],
            "transform": [
                [0.999771, -0.021411, -0.000206, -0.0, 0.021411, 0.999586, 0.019228, 0.3, -0.000206, -0.019228, 0.999815, -0.0, 0.0, 0.0, 0.0, 1.0],
                [0.999996, 0.002829, -0.000646, -0.0, -0.002842, 0.999755, -0.021939, 0.3, 0.000584, 0.021941, 0.999759, -0.0, 0.0, 0.0, 0.0, 1.0],
                [0.999771, -0.021411, -0.000206, -0.0, 0.021411, 0.999586, 0.019228, 0.3, -0.000206, -0.019228, 0.999815, -0.0, 0.0, 0.0, 0.0, 1.0]
            ]
        },
        {
            "name": "Head",
            "time": [0.0, 1.0, 2.6667],
            "transform": [
                [0.85311, 0.037721, 0.520365, 0.0, -0.006297, 0.998055, -0.062025, 0.4, -0.521693, 0.049637, 0.851688, 0.0, 0.0, 0.0, 0.0, 1.0],
                [0.865299, 0.010269, 0.501151, 0.0, -0.014862, 0.999876, 0.005173, 0.4, -0.501035, -0.011925, 0.865345, 0.0, 0.0, 0.0, 0.0, 1.0],
                [0.85311, 0.037721, 0.520365, 0.0, -0.006297, 0.998055, -0.062025, 0.4, -0.521693, 0.049637, 0.851688, 0.0, 0.0, 0.0, 0.0, 1.0]
            ]
        },
        {
            "name": "Ear_R",
            "time": [0.0, 1.3333, 2.6667],
            "transform": [
                [-0.004844, 0.63325, 0.773932, 0.297934, -0.000851, -0.773944, 0.633254, 0.338728, 0.999989, 0.002409, 0.004288, 0.0, 0.0, 0.0, 0.0, 1.0],
                [0.002735, 0.891472, 0.453069, 0.297934, 0.004028, -0.453077, 0.891463, 0.338728, 0.999989, -0.000614, -0.00483, 0.0, 0.0, 0.0, 0.0, 1.0],
                [-0.004844, 0.63325, 0.773932, 0.297934, -0.000851, -0.773944, 0.633254, 0.338728, 0.999989, 0.002409, 0.004288, 0.0, 0.0, 0.0, 0.0, 1.0]
            ]
        },
        {
            "name": "Ear_L",
            "time": [0.0, 1.3333, 2.6667],
            "transform": [
                [-0.004972, -0.514081, -0.857727, -0.295693, -0.004215, -0.857719, 0.514101, 0.331459, -0.999978, 0.006171, 0.002098, 0.0, 0.0, 0.0, 0.0, 1.0],
                [0.001583, -0.93173, -0.363147, -0.295693, 0.00358, -0.36314, 0.931728, 0.331459, -0.999992, -0.002775, 0.002761, 0.0, 0.0, 0.0, 0.0, 1.0],
                [-0.004972, -0.514081, -0.857727, -0.295693, -0.004215, -0.857719, 0.514101, 0.331459, -0.999978, 0.006171, 0.002098, 0.0, 0.0, 0.0, 0.0, 1.0]
            ]
        },
        {
            "name": "Shoulder_R",
            "time": [0.0, 2.6667],
            "transform": [
                [0.093479, 0.952114, 0.291102, 0.0, 0.291102, -0.305743, 0.906521, 0.4, 0.952114, -0.0, -0.305743, 0.0, 0.0, 0.0, 0.0, 1.0],
                [0.093479, 0.952114, 0.291102, 0.0, 0.291102, -0.305743, 0.906521, 0.4, 0.952114, -0.0, -0.305743, 0.0, 0.0, 0.0, 0.0, 1.0]
            ]
        },
        {
            "name": "Arm_R",
            "time": [0.0, 2.6667],
            "transform": [
                [0.118591, -0.276623, -0.953633, 0.0, 0.946416, 0.322036, 0.02428, 0.39386, 0.300388, -0.905413, 0.299991, -0.0, 0.0, 0.0, 0.0, 1.0],
                [0.118591, -0.276623, -0.953633, 0.0, 0.946416, 0.322036, 0.02428, 0.39386, 0.300388, -0.905413, 0.299991, -0.0, 0.0, 0.0, 0.0, 1.0]
            ]
        },
        {
            "name": "Hand_R",
            "time": [0.0, 2.6667],
            "transform": [
                [0.999985, 0.001325, 0.005391, 0.0, -0.00125, 0.999903, -0.013885, 0.3, -0.005409, 0.013878, 0.999889, -0.0, 0.0, 0.0, 0.0, 1.0],
                [0.999985, 0.001325, 0.005391, 0.0, -0.00125, 0.999903, -0.013885, 0.3, -0.005409, 0.013878, 0.999889, -0.0, 0.0, 0.0, 0.0, 1.0]
            ]
        },
        {
            "name": "Tool_R",
            "time": [0.0, 2.6667],
            "transform": [
                [1.0, -0.0, 0.0, -0.0, 0.0, -0.999836, 0.018122, 0.272858, -0.0, -0.018122, -0.999242, -0.0, 0.0, 0.0, 0.0, 1.0],
                [1.0, -0.0, 0.0, -0.0, 0.0, -0.999836, 0.018122, 0.272858, -0.0, -0.018122, -0.999242, -0.0, 0.0, 0.0, 0.0, 1.0]
            ]
        },
        {
            "name": "Elbow_R",
            "time": [0.0, 2.6667],
            "transform": [
                [-1.0, -0.0, -0.0, -0.0, 0.0, 0.0, -1.0, 0.447375, 0.0, -1.0, 0.0, 0.0, 0.0, 0.0, 0.0, 1.0],
                [-1.0, -0.0, -0.0, -0.0, 0.0, 0.0, -1.0, 0.447375, 0.0, -1.0, 0.0, 0.0, 0.0, 0.0, 0.0, 1.0]
            ]
        },
        {
            "name": "Shoulder_L",
            "time": [0.0, 2.6667],
            "transform": [
                [0.181161, -0.941648, -0.283688, 0.0, -0.292458, -0.326994, 0.898634, 0.4, -0.938962, -0.07983, -0.334631, 0.0, 0.0, 0.0, 0.0, 1.0],
                [0.181161, -0.941648, -0.283688, 0.0, -0.292458, -0.326994, 0.898634, 0.4, -0.938962, -0.07983, -0.334631, 0.0, 0.0, 0.0, 0.0, 1.0]
            ]
        },
        {
            "name": "Arm_L",
            "time": [0.0, 2.6667],
            "transform": [
                [0.264867, 0.286445, 0.920758, 0.0, -0.915361, 0.374973, 0.146661, 0.39386, -0.303249, -0.881671, 0.361518, -0.0, 0.0, 0.0, 0.0, 1.0],
                [0.264867, 0.286445, 0.920758, 0.0, -0.915361, 0.374973, 0.146661, 0.39386, -0.303249, -0.881671, 0.361518, -0.0, 0.0, 0.0, 0.0, 1.0]
            ]
        },
        {
            "name": "Hand_L",
            "time": [0.0, 2.6667],
            "transform": [
                [0.99932, -0.036879, 0.000448, -0.0, 0.03687, 0.999235, 0.013035, 0.3, -0.000929, -0.013009, 0.999915, 0.0, 0.0, 0.0, 0.0, 1.0],
                [0.99932, -0.036879, 0.000448, -0.0, 0.03687, 0.999235, 0.013035, 0.3, -0.000929, -0.013009, 0.999915, 0.0, 0.0, 0.0, 0.0, 1.0]
            ]
        },
        {
            "name": "Tool_L",
            "time": [0.0, 2.6667],
            "transform": [
                [1.0, 0.0, 0.0, -0.0, 0.0, -0.999836, 0.018122, 0.272858, -0.0, -0.018122, -0.999245, 0.0, 0.0, 0.0, 0.0, 1.0],
                [1.0, 0.0, 0.0, -0.0, 0.0, -0.999836, 0.018122, 0.272858, -0.0, -0.018122, -0.999245, 0.0, 0.0, 0.0, 0.0, 1.0]
            ]
        },
        {
            "name": "Elbow_L",
            "time": [0.0, 2.6667],
            "transform": [
                [-1.0, -0.0, -0.0, -0.0, 0.0, -0.0, -1.0, 0.447013, 0.0, -1.0, 0.0, -0.0, 0.0, 0.0, 0.0, 1.0],
                [-1.0, -0.0, -0.0, -0.0, 0.0, -0.0, -1.0, 0.447013, 0.0, -1.0, 0.0, -0.0, 0.0, 0.0, 0.0, 1.0]
            ]
        }
    ]
}