{
    "animation": [
        {
            "name": "Root",
            "time": [0.0, 0.0667, 0.1333, 0.2, 0.2667, 0.3333, 0.4],
            "transform": [
                [1.0, 0.0, 0.0, -5e-06, 0.0, 0.0, -1.0, 0.000946, 0.0, 1.0, 0.0, 0.749014, 0.0, 0.0, 0.0, 1.0],
                [1.0, 0.0, 0.0, -5e-06, 0.0, 0.0, -1.0, 0.000946, 0.0, 1.0, 0.0, 0.747378, 0.0, 0.0, 0.0, 1.0],
                [1.0, 0.0, 0.0, -5e-06, 0.0, 0.0, -1.0, 0.000946, 0.0, 1.0, 0.0, 0.846495, 0.0, 0.0, 0.0, 1.0],
                [1.0, 0.0, 0.0, -5e-06, 0.0, 0.0, -1.0, 0.000946, 0.0, 1.0, 0.0, 0.865181, 0.0, 0.0, 0.0, 1.0],
                [1.0, 0.0, 0.0, -5e-06, 0.0, 0.0, -1.0, 0.000946, 0.0, 1.0, 0.0, 0.747378, 0.0, 0.0, 0.0, 1.0],
                [1.0, 0.0, 0.0, -5e-06, 0.0, 0.0, -1.0, 0.000946, 0.0, 1.0, 0.0, 0.837143, 0.0, 0.0, 0.0, 1.0],
                [1.0, 0.0, 0.0, -5e-06, 0.0, 0.0, -1.0, 0.000946, 0.0, 1.0, 0.0, 0.749014, 0.0, 0.0, 0.0, 1.0]
            ]
        },
        {
            "name": "Thigh_R",
            "time": [0.0, 0.0667, 0.1333, 0.2, 0.2667, 0.3333, 0.4],
            "transform": [
                [1.0, -0.0, -0.0, 0.124994, 0.0, -0.68022, 0.733008, -0.002831, -0.0, -0.733007, -0.680221, -1.2e-05, 0.0, 0.0, 0.0, 1.0],
                [1.0, -0.0, -0.0, 0.124994, 0.0, -0.955517, 0.294934, -0.002831, -0.0, -0.294933, -0.955518, -1.2e-05, 0.0, 0.0, 0.0, 1.0],
                [1.0, -0.0, -0.0, 0.124994, -0.0, -0.944393, -0.328816, -0.002831, -0.0, 0.328816, -0.944394, -1.2e-05, 0.0, 0.0, 0.0, 1.0],
                [1.0, -0.0, -0.0, 0.124994, 0.0, -0.858234, -0.513257, -0.002831, -0.0, 0.513258, -0.858234, -1.2e-05, 0.0, 0.0, 0.0, 1.0],
                [1.0, -0.0, -0.0, 0.124994, 0.0, -0.999999, -0.00116, -0.002831, -0.0, 0.001161, -0.999999, -1.2e-05, 0.0, 0.0, 0.0, 1.0],
                [1.0, -0.0, -0.0, 0.124994, 0.0, -0.923878, 0.382684, -0.002831, -0.0, -0.382683, -0.923879, -1.2e-05, 0.0, 0.0, 0.0, 1.0],
                [1.0, -0.0, -0.0, 0.124994, 0.0, -0.68022, 0.733008, -0.002831, -0.0, -0.733007, -0.680221, -1.2e-05, 0.0, 0.0, 0.0, 1.0]
            ]
        },
        {
            "name": "Leg_R",
            "time": [0.0, 0.0667, 0.1333, 0.2, 0.2667, 0.3333, 0.4],
            "transform": [
                [1.0, -0.0, 0.0, 0.0, -0.0, 0.252301, 0.967648, 0.37472, -0.0, -0.96765, 0.2523, 0.0, 0.0, 0.0, 0.0, 1.0],
                [1.0, 0.0, 0.0, 0.0, -1e-06, 0.965926, 0.258819, 0.37472, -0.0, -0.258819, 0.965925, 0.0, 0.0, 0.0, 0.0, 1.0],
                [1.0, 0.0, 0.0, -0.0, -0.0, 0.996195, 0.087156, 0.37472, -0.0, -0.087156, 0.996194, 0.0, 0.0, 0.0, 0.0, 1.0],
                [1.0, 0.0, 0.0, 0.0, -0.0, 0.996195, 0.087156, 0.37472, -0.0, -0.087156, 0.996194, -0.0, 0.0, 0.0, 0.0, 1.0],
                [1.0, 0.0, 0.0, 0.0, -1e-06, 0.906308, 0.422618, 0.37472, -0.0, -0.422619, 0.906307, 0.0, 0.0, 0.0, 0.0, 1.0],
                [1.0, 0.0, 1e-06, 0.0, -1e-06, 0.707107, 0.707106, 0.37472, -0.0, -0.707107, 0.707106, -0.0, 0.0, 0.0, 0.0, 1.0],
                [1.0, -0.0, 0.0, 0.0, -0.0, 0.252301, 0.967648, 0.37472, -0.0, -0.96765, 0.2523, 0.0, 0.0, 0.0, 0.0, 1.0]
            ]
        },
        {
            "name": "Knee_R",
            "time": [0.0, 0.0667, 0.3333, 0.4],
            "transform": [
                [1.0, 0.0, -0.0, 0.0, -0.0, 1e-06, -1.0, 0.402818, -0.0, 1.0, 1e-06, -0.003175, 0.0, 0.0, 0.0, 1.0],
                [1.0, 0.0, -0.0, 0.0, -0.0, 1e-06, -1.0, 0.37472, -0.0, 1.0, 1e-06, 0.0, 0.0, 0.0, 0.0, 1.0],
                [1.0, 0.0, -0.0, 0.0, -0.0, 1e-06, -1.0, 0.37472, -0.0, 1.0, 1e-06, -0.0, 0.0, 0.0, 0.0, 1.0],
                [1.0, 0.0, -0.0, 0.0, -0.0, 1e-06, -1.0, 0.402818, -0.0, 1.0, 1e-06, -0.003175, 0.0, 0.0, 0.0, 1.0]
            ]
        },
        {
            "name": "Thigh_L",
            "time": [0.0, 0.0667, 0.1333, 0.2, 0.2667, 0.3333, 0.4],
            "transform": [
                [1.0, -0.0, -0.0, -0.125006, 0.0, -0.77087, -0.636992, -0.002831, -0.0, 0.636993, -0.77087, -1.2e-05, 0.0, 0.0, 0.0, 1.0],
                [1.0, -0.0, -0.0, -0.125006, 0.0, -0.999999, -0.00116, -0.002831, -0.0, 0.001161, -0.999999, -1.2e-05, 0.0, 0.0, 0.0, 1.0],
                [1.0, -0.0, -0.0, -0.125006, 0.0, -0.923879, 0.382684, -0.002831, -0.0, -0.382684, -0.923879, -1.2e-05, 0.0, 0.0, 0.0, 1.0],
                [1.0, -0.0, -0.0, -0.125006, 0.0, -0.812026, 0.58362, -0.002831, -0.0, -0.58362, -0.812027, -1.2e-05, 0.0, 0.0, 0.0, 1.0],
                [1.0, -0.0, -0.0, -0.125006, 0.0, -0.955638, 0.294542, -0.002831, -0.0, -0.294541, -0.955639, -1.2e-05, 0.0, 0.0, 0.0, 1.0],
                [0.999932, -0.009753, 0.006334, -0.125006, -0.007334, -0.951592, -0.307276, -0.002831, 0.009024, 0.30721, -0.951599, -1.2e-05, 0.0, 0.0, 0.0, 1.0],
                [1.0, -0.0, -0.0, -0.125006, 0.0, -0.77087, -0.636992, -0.002831, -0.0, 0.636993, -0.77087, -1.2e-05, 0.0, 0.0, 0.0, 1.0]
            ]
        },
        {
            "name": "Leg_L",
            "time": [0.0, 0.0667, 0.1333, 0.2, 0.2667, 0.3333, 0.4],
            "transform": [
                [1.0, 0.0, 0.0, 0.0, -0.0, 0.996194, 0.087156, 0.37472, -0.0, -0.087156, 0.996195, 0.0, 0.0, 0.0, 0.0, 1.0],
                [1.0, 0.0, 0.0, -0.0, -1e-06, 0.866447, 0.499268, 0.37472, -0.0, -0.499268, 0.866448, 0.0, 0.0, 0.0, 0.0, 1.0],
                [1.0, 0.0, 1e-06, 0.0, -1e-06, 0.573576, 0.819152, 0.37472, -0.0, -0.819152, 0.573577, 0.0, 0.0, 0.0, 0.0, 1.0],
                [1.0, 0.0, 0.0, 0.0, -0.0, 0.579655, 0.814862, 0.37472, -0.0, -0.814862, 0.579655, -0.0, 0.0, 0.0, 0.0, 1.0],
                [1.0, 0.0, 0.0, -0.0, -0.0, 0.980075, 0.198626, 0.37472, -0.0, -0.198626, 0.980076, -0.0, 0.0, 0.0, 0.0, 1.0],
                [1.0, 0.0, 0.0, 0.0, -0.0, 0.996194, 0.087156, 0.37472, -0.0, -0.087156, 0.996195, 0.0, 0.0, 0.0, 0.0, 1.0],
                [1.0, 0.0, 0.0, 0.0, -0.0, 0.996194, 0.087156, 0.37472, -0.0, -0.087156, 0.996195, 0.0, 0.0, 0.0, 0.0, 1.0]
            ]
        },
        {
            "name": "Knee_L",
            "time": [0.0, 0.1333, 0.2, 0.2667, 0.4],
            "transform": [
                [1.0, 0.0, -0.0, 0.0, -0.0, 1e-06, -1.0, 0.37472, -0.0, 1.0, 1e-06, 0.0, 0.0, 0.0, 0.0, 1.0],
                [1.0, 0.0, -0.0, 0.0, -0.0, 1e-06, -1.0, 0.37472, -0.0, 1.0, 1e-06, 0.0, 0.0, 0.0, 0.0, 1.0],
                [1.0, 0.0, -0.0, 0.0, -0.0, 1e-06, -1.0, 0.419572, -0.0, 1.0, 1e-06, -0.003721, 0.0, 0.0, 0.0, 1.0],
                [1.0, 0.0, -0.0, -0.0, -0.0, 1e-06, -1.0, 0.37472, -0.0, 1.0, 1e-06, -0.0, 0.0, 0.0, 0.0, 1.0],
                [1.0, 0.0, -0.0, 0.0, -0.0, 1e-06, -1.0, 0.37472, -0.0, 1.0, 1e-06, 0.0, 0.0, 0.0, 0.0, 1.0]
            ]
        },
        {
            "name": "Torso",
            "time": [0.0, 0.0667, 0.1333, 0.2, 0.2667, 0.3333, 0.4],
            "transform": [
                [0.994841, 0.100513, 0.013745, 0.0, -0.101448, 0.985668, 0.134785, 0.05, -0.0, -0.135484, 0.99078, 0.0, 0.0, 0.0, 0.0, 1.0],
                [0.99788, 0.064618, 0.007747, 0.0, -0.065071, 0.992623, 0.102302, 0.05, -0.001079, -0.102589, 0.994723, 0.0, 0.0, 0.0, 0.0, 1.0],
                [1.0, 0.0, 0.0, 0.0, 0.0, 0.997578, 0.069554, 0.05, 0.0, -0.069554, 0.997578, 0.0, 0.0, 0.0, 0.0, 1.0],
                [0.995592, -0.092923, -0.012707, 0.0, 0.093788, 0.986412, 0.134887, 0.05, -0.0, -0.135484, 0.99078, 0.0, 0.0, 0.0, 0.0, 1.0],
                [0.998123, -0.060804, -0.00729, 0.0, 0.061231, 0.992864, 0.102334, 0.05, 0.001015, -0.102588, 0.994723, 0.0, 0.0, 0.0, 0.0, 1.0],
                [1.0, 0.0, 0.0, 0.0, 0.0, 0.997578, 0.069554, 0.05, 0.0, -0.069554, 0.997578, 0.0, 0.0, 0.0, 0.0, 1.0],
                [0.994841, 0.100513, 0.013745, 0.0, -0.101448, 0.985668, 0.134785, 0.05, -0.0, -0.135484, 0.99078, 0.0, 0.0, 0.0, 0.0, 1.0]
            ]
        },
        {
            "name": "Chest",
            "time": [0.0, 0.4],
            "transform": [
                [0.999881, 0.003737, -0.014995, -0.0, -0.000927, 0.98308, 0.183176, 0.3, 0.015426, -0.18314, 0.982966, 0.0, 0.0, 0.0, 0.0, 1.0],
                [0.999881, 0.003737, -0.014995, -0.0, -0.000927, 0.98308, 0.183176, 0.3, 0.015426, -0.18314, 0.982966, 0.0, 0.0, 0.0, 0.0, 1.0]
            ]
        },
        {
            "name": "Head",
            "time": [0.0, 0.0667, 0.1333, 0.2, 0.2667, 0.3333, 0.4],
            "transform": [
                [0.990954, 0.115046, 0.069104, 0.0, -0.074451, 0.899674, -0.430166, 0.4, -0.11166, 0.42113, 0.900101, -0.0, 0.0, 0.0, 0.0, 1.0],
                [0.981628, 0.17791, 0.068957, -0.0, -0.104359, 0.803153, -0.586561, 0.4, -0.159739, 0.568588, 0.806964, 0.0, 0.0, 0.0, 0.0, 1.0],
                [0.991231, 0.13054, 0.020505, 0.0, -0.094876, 0.811085, -0.577183, 0.4, -0.091977, 0.570176, 0.816358, -0.0, 0.0, 0.0, 0.0, 1.0],
                [0.988796, -0.12415, -0.08288, 0.0, 0.043115, 0.769093, -0.637681, 0.4, 0.142911, 0.626963, 0.765829, -0.0, 0.0, 0.0, 0.0, 1.0],
                [0.981074, -0.182465, -0.064805, -0.0, 0.103093, 0.775524, -0.622844, 0.4, 0.163905, 0.604375, 0.779657, -0.0, 0.0, 0.0, 0.0, 1.0],
                [0.992841, -0.118872, -0.011635, 0.0, 0.088083, 0.794498, -0.600844, 0.4, 0.080667, 0.595518, 0.799282, 0.0, 0.0, 0.0, 0.0, 1.0],
                [0.990954, 0.115046, 0.069104, 0.0, -0.074451, 0.899674, -0.430166, 0.4, -0.11166, 0.42113, 0.900101, -0.0, 0.0, 0.0, 0.0, 1.0]
            ]
        },
        {
            "name": "Ear_R",
            "time": [0.0, 0.4],
            "transform": [
                [-0.002155, 0.760853, 0.64892, 0.297934, -0.004499, -0.648923, 0.760841, 0.338728, 0.999988, -0.00128, 0.004822, 0.0, 0.0, 0.0, 0.0, 1.0],
                [-0.002155, 0.760853, 0.64892, 0.297934, -0.004499, -0.648923, 0.760841, 0.338728, 0.999988, -0.00128, 0.004822, 0.0, 0.0, 0.0, 0.0, 1.0]
            ]
        },
        {
            "name": "Ear_L",
            "time": [0.0, 0.0667, 0.2, 0.2667, 0.4],
            "transform": [
                [0.000917, -0.980676, -0.195637, -0.295693, 0.000855, -0.195636, 0.980676, 0.331459, -0.999998, -0.001066, 0.000659, 0.0, 0.0, 0.0, 0.0, 1.0],
                [0.000785, -0.902721, -0.430224, -0.295693, -0.002547, -0.430224, 0.902718, 0.331459, -0.999996, 0.000387, -0.002637, -0.0, 0.0, 0.0, 0.0, 1.0],
                [-0.003892, -0.811865, -0.583832, -0.295693, 0.003315, -0.583843, 0.811859, 0.331459, -0.999986, 0.001225, 0.004964, 0.0, 0.0, 0.0, 0.0, 1.0],
                [-0.003892, -0.811865, -0.583832, -0.295693, 0.003315, -0.583843, 0.811859, 0.331459, -0.999986, 0.001225, 0.004964, 0.0, 0.0, 0.0, 0.0, 1.0],
                [0.000917, -0.980676, -0.195637, -0.295693, 0.000855, -0.195636, 0.980676, 0.331459, -0.999998, -0.001066, 0.000659, 0.0, 0.0, 0.0, 0.0, 1.0]
            ]
        },
        {
            "name": "Shoulder_R",
            "time": [0.0, 0.4],
            "transform": [
                [0.093479, 0.952114, 0.291102, 0.0, 0.291102, -0.305743, 0.906521, 0.4, 0.952114, 0.0, -0.305743, -0.0, 0.0, 0.0, 0.0, 1.0],
                [0.093479, 0.952114, 0.291102, 0.0, 0.291102, -0.305743, 0.906521, 0.4, 0.952114, 0.0, -0.305743, -0.0, 0.0, 0.0, 0.0, 1.0]
            ]
        },
        {
            "name": "Arm_R",
            "time": [0.0, 0.4],
            "transform": [
                [0.037125, -0.757503, 0.651776, -0.018448, 0.925455, -0.22002, -0.308424, 0.388645, 0.377035, 0.614639, 0.692866, 0.019548, 0.0, 0.0, 0.0, 1.0],
                [0.037125, -0.757503, 0.651776, -0.018448, 0.925455, -0.22002, -0.308424, 0.388645, 0.377035, 0.614639, 0.692866, 0.019548, 0.0, 0.0, 0.0, 1.0]
            ]
        },
        {
            "name": "Hand_R",
            "time": [0.0, 0.4],
            "transform": [
                [0.999995, 0.003112, 0.000981, -0.0, -0.003201, 0.993939, 0.109885, 0.3, -0.000633, -0.109888, 0.993944, 0.0, 0.0, 0.0, 0.0, 1.0],
                [0.999995, 0.003112, 0.000981, -0.0, -0.003201, 0.993939, 0.109885, 0.3, -0.000633, -0.109888, 0.993944, 0.0, 0.0, 0.0, 0.0, 1.0]
            ]
        },
        {
            "name": "Tool_R",
            "time": [0.0, 0.4],
            "transform": [
                [1.0, -0.0, -0.0, -0.0, -0.0, -0.999836, 0.018122, 0.272858, -0.0, -0.018122, -0.999242, 0.0, 0.0, 0.0, 0.0, 1.0],
                [1.0, -0.0, -0.0, -0.0, -0.0, -0.999836, 0.018122, 0.272858, -0.0, -0.018122, -0.999242, 0.0, 0.0, 0.0, 0.0, 1.0]
            ]
        },
        {
            "name": "Elbow_R",
            "time": [0.0, 0.2, 0.4],
            "transform": [
                [-1.0, -0.0, -0.0, -0.0, 0.0, 0.0, -1.0, 0.3, 0.0, -1.0, 0.0, 0.0, 0.0, 0.0, 0.0, 1.0],
                [-1.0, -0.0, -0.0, 0.0, 0.0, 0.0, -1.0, 0.3, 0.0, -1.0, 0.0, -0.0, 0.0, 0.0, 0.0, 1.0],
                [-1.0, -0.0, -0.0, -0.0, 0.0, 0.0, -1.0, 0.3, 0.0, -1.0, 0.0, 0.0, 0.0, 0.0, 0.0, 1.0]
            ]
        },
        {
            "name": "Shoulder_L",
            "time": [0.0, 0.4],
            "transform": [
                [0.093479, -0.952114, -0.291103, 0.0, -0.291103, -0.305743, 0.906521, 0.4, -0.952114, 0.0, -0.305743, -0.0, 0.0, 0.0, 0.0, 1.0],
                [0.093479, -0.952114, -0.291103, 0.0, -0.291103, -0.305743, 0.906521, 0.4, -0.952114, 0.0, -0.305743, -0.0, 0.0, 0.0, 0.0, 1.0]
            ]
        },
        {
            "name": "Arm_L",
            "time": [0.0, 0.4],
            "transform": [
                [0.148734, 0.759414, -0.633379, -0.018261, -0.967381, -0.021084, -0.252446, 0.397172, -0.205066, 0.650266, 0.731507, -0.02013, 0.0, 0.0, 0.0, 1.0],
                [0.148734, 0.759414, -0.633379, -0.018261, -0.967381, -0.021084, -0.252446, 0.397172, -0.205066, 0.650266, 0.731507, -0.02013, 0.0, 0.0, 0.0, 1.0]
            ]
        },
        {
            "name": "Hand_L",
            "time": [0.0, 0.4],
            "transform": [
                [0.999952, 0.009531, -0.002114, 0.0, -0.009242, 0.993913, 0.109777, 0.3, 0.003147, -0.109752, 0.993954, -0.0, 0.0, 0.0, 0.0, 1.0],
                [0.999952, 0.009531, -0.002114, 0.0, -0.009242, 0.993913, 0.109777, 0.3, 0.003147, -0.109752, 0.993954, -0.0, 0.0, 0.0, 0.0, 1.0]
            ]
        },
        {
            "name": "Tool_L",
            "time": [0.0, 0.4],
            "transform": [
                [1.0, 0.0, 0.0, 0.0, 0.0, -0.999836, 0.018122, 0.272858, 0.0, -0.018122, -0.999245, -0.0, 0.0, 0.0, 0.0, 1.0],
                [1.0, 0.0, 0.0, 0.0, 0.0, -0.999836, 0.018122, 0.272858, 0.0, -0.018122, -0.999245, -0.0, 0.0, 0.0, 0.0, 1.0]
            ]
        },
        {
            "name": "Elbow_L",
            "time": [0.0, 0.2, 0.4],
            "transform": [
                [-1.0, -0.0, -0.0, 0.0, 0.0, -0.0, -1.0, 0.3, 0.0, -1.0, 0.0, -0.0, 0.0, 0.0, 0.0, 1.0],
                [-1.0, -0.0, -0.0, -0.0, 0.0, -0.0, -1.0, 0.3, 0.0, -1.0, 0.0, -0.0, 0.0, 0.0, 0.0, 1.0],
                [-1.0, -0.0, -0.0, 0.0, 0.0, -0.0, -1.0, 0.3, 0.0, -1.0, 0.0, -0.0, 0.0, 0.0, 0.0, 1.0]
            ]
        }
    ]
}