{
    "animation": [
        {
            "name": "Root",
            "time": [0.0, 0.1, 0.2, 0.4, 0.5, 0.6, 0.8],
            "transform": [
                [1.0, 0.0, 0.0, -5e-06, 0.0, 0.0, -1.0, 0.000946, 0.0, 1.0, 0.0, 0.729808, 0.0, 0.0, 0.0, 1.0],
                [1.0, 0.0, 0.0, -5e-06, 0.0, 0.0, -1.0, 0.000946, 0.0, 1.0, 0.0, 0.747378, 0.0, 0.0, 0.0, 1.0],
                [1.0, 0.0, 0.0, -5e-06, 0.0, 0.0, -1.0, 0.000946, 0.0, 1.0, 0.0, 0.764948, 0.0, 0.0, 0.0, 1.0],
                [1.0, 0.0, 0.0, -5e-06, 0.0, 0.0, -1.0, 0.000946, 0.0, 1.0, 0.0, 0.729808, 0.0, 0.0, 0.0, 1.0],
                [1.0, 0.0, 0.0, -5e-06, 0.0, 0.0, -1.0, 0.000946, 0.0, 1.0, 0.0, 0.747378, 0.0, 0.0, 0.0, 1.0],
                [1.0, 0.0, 0.0, -5e-06, 0.0, 0.0, -1.0, 0.000946, 0.0, 1.0, 0.0, 0.764948, 0.0, 0.0, 0.0, 1.0],
                [1.0, 0.0, 0.0, -5e-06, 0.0, 0.0, -1.0, 0.000946, 0.0, 1.0, 0.0, 0.729808, 0.0, 0.0, 0.0, 1.0]
            ]
        },
        {
            "name": "Thigh_R",
            "time": [0.0, 0.1, 0.2, 0.4, 0.5, 0.6, 0.8],
            "transform": [
                [1.0, -0.0, -0.0, 0.124994, 0.0, -0.906307, 0.422619, -0.002831, -0.0, -0.422618, -0.906308, -1.2e-05, 0.0, 0.0, 0.0, 1.0],
                [1.0, -0.0, -0.0, 0.124994, 0.0, -0.955517, 0.294934, -0.002831, -0.0, -0.294933, -0.955518, -1.2e-05, 0.0, 0.0, 0.0, 1.0],
                [1.0, -0.0, -0.0, 0.124994, 0.0, -0.999047, 0.04362, -0.002831, -0.0, -0.04362, -0.999048, -1.2e-05, 0.0, 0.0, 0.0, 1.0],
                [1.0, -0.0, -0.0, 0.124994, 0.0, -0.939692, -0.34202, -0.002831, -0.0, 0.34202, -0.939693, -1.2e-05, 0.0, 0.0, 0.0, 1.0],
                [1.0, -0.0, -0.0, 0.124994, 0.0, -0.999999, -0.00116, -0.002831, -0.0, 0.001161, -0.999999, -1.2e-05, 0.0, 0.0, 0.0, 1.0],
                [1.0, -0.0, -0.0, 0.124994, 0.0, -0.923878, 0.382684, -0.002831, -0.0, -0.382683, -0.923879, -1.2e-05, 0.0, 0.0, 0.0, 1.0],
                [1.0, -0.0, -0.0, 0.124994, 0.0, -0.906307, 0.422619, -0.002831, -0.0, -0.422618, -0.906308, -1.2e-05, 0.0, 0.0, 0.0, 1.0]
            ]
        },
        {
            "name": "Leg_R",
            "time": [0.0, 0.1, 0.2, 0.4, 0.5, 0.6, 0.8],
            "transform": [
                [1.0, 0.0, 0.0, 0.0, -1e-06, 0.906308, 0.422618, 0.37472, -0.0, -0.422619, 0.906307, 0.0, 0.0, 0.0, 0.0, 1.0],
                [1.0, 0.0, 0.0, 0.0, -1e-06, 0.965926, 0.258819, 0.37472, -0.0, -0.258819, 0.965925, 0.0, 0.0, 0.0, 0.0, 1.0],
                [1.0, 0.0, 0.0, 0.0, -0.0, 0.996195, 0.087156, 0.37472, -0.0, -0.087156, 0.996194, 0.0, 0.0, 0.0, 0.0, 1.0],
                [1.0, 0.0, 0.0, 0.0, -0.0, 0.996195, 0.087156, 0.37472, -0.0, -0.087156, 0.996194, 0.0, 0.0, 0.0, 0.0, 1.0],
                [1.0, 0.0, 0.0, 0.0, -1e-06, 0.906308, 0.422618, 0.37472, -0.0, -0.422619, 0.906307, 0.0, 0.0, 0.0, 0.0, 1.0],
                [1.0, 0.0, 1e-06, 0.0, -1e-06, 0.707107, 0.707106, 0.37472, -0.0, -0.707107, 0.707106, -0.0, 0.0, 0.0, 0.0, 1.0],
                [1.0, 0.0, 0.0, 0.0, -1e-06, 0.906308, 0.422618, 0.37472, -0.0, -0.422619, 0.906307, 0.0, 0.0, 0.0, 0.0, 1.0]
            ]
        },
        {
            "name": "Knee_R",
            "time": [0.0, 0.8],
            "transform": [
                [1.0, 0.0, -0.0, 0.0, -0.0, 1e-06, -1.0, 0.37472, -0.0, 1.0, 1e-06, 0.0, 0.0, 0.0, 0.0, 1.0],
                [1.0, 0.0, -0.0, 0.0, -0.0, 1e-06, -1.0, 0.37472, -0.0, 1.0, 1e-06, 0.0, 0.0, 0.0, 0.0, 1.0]
            ]
        },
        {
            "name": "Thigh_L",
            "time": [0.0, 0.1, 0.2, 0.4, 0.5, 0.6, 0.8],
            "transform": [
                [1.0, -0.0, -0.0, -0.125006, 0.0, -0.939693, -0.342019, -0.002831, -0.0, 0.34202, -0.939692, -1.2e-05, 0.0, 0.0, 0.0, 1.0],
                [1.0, -0.0, -0.0, -0.125006, 0.0, -0.999999, -0.00116, -0.002831, -0.0, 0.001161, -0.999999, -1.2e-05, 0.0, 0.0, 0.0, 1.0],
                [1.0, -0.0, -0.0, -0.125006, 0.0, -0.923879, 0.382684, -0.002831, -0.0, -0.382684, -0.923879, -1.2e-05, 0.0, 0.0, 0.0, 1.0],
                [1.0, -0.0, -0.0, -0.125006, 0.0, -0.906307, 0.422619, -0.002831, -0.0, -0.422618, -0.906308, -1.2e-05, 0.0, 0.0, 0.0, 1.0],
                [1.0, -0.0, -0.0, -0.125006, 0.0, -0.955638, 0.294542, -0.002831, -0.0, -0.294541, -0.955639, -1.2e-05, 0.0, 0.0, 0.0, 1.0],
                [1.0, -0.0, -0.0, -0.125006, 0.0, -0.999048, 0.04362, -0.002831, -0.0, -0.04362, -0.999048, -1.2e-05, 0.0, 0.0, 0.0, 1.0],
                [1.0, -0.0, -0.0, -0.125006, 0.0, -0.939693, -0.342019, -0.002831, -0.0, 0.34202, -0.939692, -1.2e-05, 0.0, 0.0, 0.0, 1.0]
            ]
        },
        {
            "name": "Leg_L",
            "time": [0.0, 0.1, 0.2, 0.4, 0.5, 0.6, 0.8],
            "transform": [
                [1.0, 0.0, 0.0, -0.0, -0.0, 0.996194, 0.087156, 0.37472, -0.0, -0.087156, 0.996195, 0.0, 0.0, 0.0, 0.0, 1.0],
                [1.0, 0.0, 0.0, -0.0, -1e-06, 0.866447, 0.499268, 0.37472, -0.0, -0.499268, 0.866448, 0.0, 0.0, 0.0, 0.0, 1.0],
                [1.0, 0.0, 1e-06, -0.0, -1e-06, 0.573576, 0.819152, 0.37472, -0.0, -0.819152, 0.573577, 0.0, 0.0, 0.0, 0.0, 1.0],
                [1.0, 0.0, 0.0, 0.0, -1e-06, 0.906307, 0.422619, 0.37472, -0.0, -0.422618, 0.906308, 0.0, 0.0, 0.0, 0.0, 1.0],
                [1.0, 0.0, 0.0, -0.0, -0.0, 0.980075, 0.198626, 0.37472, -0.0, -0.198626, 0.980076, -0.0, 0.0, 0.0, 0.0, 1.0],
                [1.0, 0.0, 0.0, -0.0, -0.0, 0.996194, 0.087156, 0.37472, -0.0, -0.087156, 0.996195, 0.0, 0.0, 0.0, 0.0, 1.0],
                [1.0, 0.0, 0.0, -0.0, -0.0, 0.996194, 0.087156, 0.37472, -0.0, -0.087156, 0.996195, 0.0, 0.0, 0.0, 0.0, 1.0]
            ]
        },
        {
            "name": "Knee_L",
            "time": [0.0, 0.8],
            "transform": [
                [1.0, 0.0, -0.0, -0.0, -0.0, 1e-06, -1.0, 0.37472, -0.0, 1.0, 1e-06, 0.0, 0.0, 0.0, 0.0, 1.0],
                [1.0, 0.0, -0.0, -0.0, -0.0, 1e-06, -1.0, 0.37472, -0.0, 1.0, 1e-06, 0.0, 0.0, 0.0, 0.0, 1.0]
            ]
        },
        {
            "name": "Torso",
            "time": [0.0, 0.1, 0.2, 0.4, 0.5, 0.6, 0.8],
            "transform": [
                [0.994841, 0.100513, 0.013745, 0.0, -0.101448, 0.985668, 0.134785, 0.05, -0.0, -0.135484, 0.99078, 0.0, 0.0, 0.0, 0.0, 1.0],
                [0.99788, 0.064618, 0.007747, 0.0, -0.065071, 0.992623, 0.102302, 0.05, -0.001079, -0.102589, 0.994723, 0.0, 0.0, 0.0, 0.0, 1.0],
                [1.0, 0.0, 0.0, 0.0, 0.0, 0.997578, 0.069554, 0.05, 0.0, -0.069554, 0.997578, 0.0, 0.0, 0.0, 0.0, 1.0],
                [0.995592, -0.092923, -0.012707, 0.0, 0.093788, 0.986412, 0.134887, 0.05, -0.0, -0.135484, 0.99078, 0.0, 0.0, 0.0, 0.0, 1.0],
                [0.998123, -0.060804, -0.00729, 0.0, 0.061231, 0.992864, 0.102334, 0.05, 0.001015, -0.102588, 0.994723, 0.0, 0.0, 0.0, 0.0, 1.0],
                [1.0, 0.0, 0.0, 0.0, 0.0, 0.997578, 0.069554, 0.05, 0.0, -0.069554, 0.997578, 0.0, 0.0, 0.0, 0.0, 1.0],
                [0.994841, 0.100513, 0.013745, 0.0, -0.101448, 0.985668, 0.134785, 0.05, -0.0, -0.135484, 0.99078, 0.0, 0.0, 0.0, 0.0, 1.0]
            ]
        },
        {
            "name": "Chest",
            "time": [0.0, 0.8],
            "transform": [
                [0.998686, 0.021022, -0.046745, 0.0, 0.006049, 0.857298, 0.514784, 0.3, 0.050896, -0.514391, 0.856044, -0.0, 0.0, 0.0, 0.0, 1.0],
                [0.998686, 0.021022, -0.046745, 0.0, 0.006049, 0.857298, 0.514784, 0.3, 0.050896, -0.514391, 0.856044, -0.0, 0.0, 0.0, 0.0, 1.0]
            ]
        },
        {
            "name": "Head",
            "time": [0.0, 0.1, 0.2, 0.4, 0.5, 0.6, 0.8],
            "transform": [
                [0.989048, 0.120796, 0.084811, -0.0, -0.050924, 0.818617, -0.572078, 0.4, -0.138532, 0.561494, 0.815802, -0.0, 0.0, 0.0, 0.0, 1.0],
                [0.981628, 0.17791, 0.068957, 0.0, -0.104359, 0.803153, -0.586561, 0.4, -0.159739, 0.568588, 0.806964, -0.0, 0.0, 0.0, 0.0, 1.0],
                [0.991231, 0.13054, 0.020505, -0.0, -0.094876, 0.811085, -0.577183, 0.4, -0.091977, 0.570176, 0.816358, -0.0, 0.0, 0.0, 0.0, 1.0],
                [0.988796, -0.12415, -0.08288, -0.0, 0.043115, 0.769093, -0.637681, 0.4, 0.142911, 0.626963, 0.765829, 0.0, 0.0, 0.0, 0.0, 1.0],
                [0.981074, -0.182465, -0.064805, -0.0, 0.103093, 0.775524, -0.622844, 0.4, 0.163905, 0.604376, 0.779657, 0.0, 0.0, 0.0, 0.0, 1.0],
                [0.992842, -0.118872, -0.011635, -0.0, 0.088083, 0.794498, -0.600844, 0.4, 0.080667, 0.595518, 0.799282, -0.0, 0.0, 0.0, 0.0, 1.0],
                [0.989048, 0.120796, 0.084811, -0.0, -0.050924, 0.818617, -0.572078, 0.4, -0.138532, 0.561494, 0.815802, -0.0, 0.0, 0.0, 0.0, 1.0]
            ]
        },
        {
            "name": "Ear_R",
            "time": [0.0, 0.8],
            "transform": [
                [-0.002155, 0.760853, 0.64892, 0.297934, -0.004499, -0.648923, 0.760841, 0.338728, 0.999988, -0.00128, 0.004822, 0.0, 0.0, 0.0, 0.0, 1.0],
                [-0.002155, 0.760853, 0.64892, 0.297934, -0.004499, -0.648923, 0.760841, 0.338728, 0.999988, -0.00128, 0.004822, 0.0, 0.0, 0.0, 0.0, 1.0]
            ]
        },
        {
            "name": "Ear_L",
            "time": [0.0, 0.2, 0.4, 0.5, 0.8],
            "transform": [
                [0.074954, -0.290046, -0.954073, -0.295693, 0.014013, -0.956363, 0.291843, 0.331459, -0.997088, -0.035243, -0.067618, 0.0, 0.0, 0.0, 0.0, 1.0],
                [0.020034, -0.3535, -0.93522, -0.295693, -0.007838, -0.935434, 0.353413, 0.331459, -0.999768, 0.00025, -0.021511, 0.0, 0.0, 0.0, 0.0, 1.0],
                [-0.008524, -0.650658, -0.759323, -0.295693, 0.034109, -0.759098, 0.650082, 0.331459, -0.999381, -0.020358, 0.028664, 0.0, 0.0, 0.0, 0.0, 1.0],
                [-0.007151, -0.710773, -0.703384, -0.295693, 0.021296, -0.703351, 0.710523, 0.331459, -0.999747, -0.009898, 0.020166, 0.0, 0.0, 0.0, 0.0, 1.0],
                [0.074954, -0.290046, -0.954073, -0.295693, 0.014013, -0.956363, 0.291843, 0.331459, -0.997088, -0.035243, -0.067618, 0.0, 0.0, 0.0, 0.0, 1.0]
            ]
        },
        {
            "name": "Shoulder_R",
            "time": [0.0, 0.8],
            "transform": [
                [0.093479, 0.952114, 0.291102, -0.0, 0.291102, -0.305743, 0.906521, 0.4, 0.952114, 0.0, -0.305743, -0.0, 0.0, 0.0, 0.0, 1.0],
                [0.093479, 0.952114, 0.291102, -0.0, 0.291102, -0.305743, 0.906521, 0.4, 0.952114, 0.0, -0.305743, -0.0, 0.0, 0.0, 0.0, 1.0]
            ]
        },
        {
            "name": "Arm_R",
            "time": [0.0, 0.1, 0.6, 0.8],
            "transform": [
                [0.086766, -0.950197, -0.299329, -0.018448, 0.951605, 0.167968, -0.257362, 0.388645, 0.294823, -0.262513, 0.918786, 0.019548, 0.0, 0.0, 0.0, 1.0],
                [0.093479, -0.924492, -0.369562, -0.0, 0.952114, 0.191536, -0.238312, 0.39386, 0.291102, -0.329588, 0.898127, -0.0, 0.0, 0.0, 0.0, 1.0],
                [0.093479, -0.924492, -0.369562, 0.0, 0.952114, 0.191536, -0.238312, 0.39386, 0.291102, -0.329588, 0.898127, -0.0, 0.0, 0.0, 0.0, 1.0],
                [0.086766, -0.950197, -0.299329, -0.018448, 0.951605, 0.167968, -0.257362, 0.388645, 0.294823, -0.262513, 0.918786, 0.019548, 0.0, 0.0, 0.0, 1.0]
            ]
        },
        {
            "name": "Hand_R",
            "time": [0.0, 0.8],
            "transform": [
                [1.003838, 0.003094, 0.000975, -0.0, -0.003213, 0.988231, 0.109254, 0.3, -0.000636, -0.109257, 0.988236, 0.0, 0.0, 0.0, 0.0, 1.0],
                [1.003838, 0.003094, 0.000975, -0.0, -0.003213, 0.988231, 0.109254, 0.3, -0.000636, -0.109257, 0.988236, 0.0, 0.0, 0.0, 0.0, 1.0]
            ]
        },
        {
            "name": "Tool_R",
            "time": [0.0, 0.8],
            "transform": [
                [1.0, -0.0, 0.0, -0.0, 0.0, -0.999836, 0.018122, 0.272858, 0.0, -0.018122, -0.999242, -0.0, 0.0, 0.0, 0.0, 1.0],
                [1.0, -0.0, 0.0, -0.0, 0.0, -0.999836, 0.018122, 0.272858, 0.0, -0.018122, -0.999242, -0.0, 0.0, 0.0, 0.0, 1.0]
            ]
        },
        {
            "name": "Elbow_R",
            "time": [0.0, 0.8],
            "transform": [
                [-1.0, -0.0, -0.0, -0.0, 0.0, 0.0, -1.0, 0.3, 0.0, -1.0, 0.0, 0.0, 0.0, 0.0, 0.0, 1.0],
                [-1.0, -0.0, -0.0, -0.0, 0.0, 0.0, -1.0, 0.3, 0.0, -1.0, 0.0, 0.0, 0.0, 0.0, 0.0, 1.0]
            ]
        },
        {
            "name": "Shoulder_L",
            "time": [0.0, 0.8],
            "transform": [
                [0.093479, -0.952114, -0.291103, -0.0, -0.291103, -0.305743, 0.906521, 0.4, -0.952114, -0.0, -0.305743, -0.0, 0.0, 0.0, 0.0, 1.0],
                [0.093479, -0.952114, -0.291103, -0.0, -0.291103, -0.305743, 0.906521, 0.4, -0.952114, -0.0, -0.305743, -0.0, 0.0, 0.0, 0.0, 1.0]
            ]
        },
        {
            "name": "Arm_L",
            "time": [0.0, 0.1, 0.6, 0.8],
            "transform": [
                [0.093718, 0.925445, 0.367108, -0.018261, -0.952128, 0.191078, -0.238625, 0.397172, -0.290981, -0.32717, 0.899049, -0.02013, 0.0, 0.0, 0.0, 1.0],
                [0.093479, 0.924492, 0.369562, 0.0, -0.952114, 0.191537, -0.238313, 0.39386, -0.291103, -0.329587, 0.898127, 0.0, 0.0, 0.0, 0.0, 1.0],
                [0.093479, 0.924492, 0.369562, -0.0, -0.952114, 0.191537, -0.238313, 0.39386, -0.291103, -0.329587, 0.898126, -0.0, 0.0, 0.0, 0.0, 1.0],
                [0.093718, 0.925445, 0.367108, -0.018261, -0.952128, 0.191078, -0.238625, 0.397172, -0.290981, -0.32717, 0.899049, -0.02013, 0.0, 0.0, 0.0, 1.0]
            ]
        },
        {
            "name": "Hand_L",
            "time": [0.0, 0.8],
            "transform": [
                [1.020714, 0.009531, -0.002114, -0.0, -0.009434, 0.993913, 0.109777, 0.3, 0.003213, -0.109752, 0.993954, -0.0, 0.0, 0.0, 0.0, 1.0],
                [1.020714, 0.009531, -0.002114, -0.0, -0.009434, 0.993913, 0.109777, 0.3, 0.003213, -0.109752, 0.993954, -0.0, 0.0, 0.0, 0.0, 1.0]
            ]
        },
        {
            "name": "Tool_L",
            "time": [0.0, 0.8],
            "transform": [
                [1.0, 0.0, 0.0, -0.0, 0.0, -0.999836, 0.018122, 0.272858, -0.0, -0.018122, -0.999245, 0.0, 0.0, 0.0, 0.0, 1.0],
                [1.0, 0.0, 0.0, -0.0, 0.0, -0.999836, 0.018122, 0.272858, -0.0, -0.018122, -0.999245, 0.0, 0.0, 0.0, 0.0, 1.0]
            ]
        },
        {
            "name": "Elbow_L",
            "time": [0.0, 0.8],
            "transform": [
                [-1.0, -0.0, -0.0, -0.0, 0.0, -0.0, -1.0, 0.3, 0.0, -1.0, 0.0, -0.0, 0.0, 0.0, 0.0, 1.0],
                [-1.0, -0.0, -0.0, -0.0, 0.0, -0.0, -1.0, 0.3, 0.0, -1.0, 0.0, -0.0, 0.0, 0.0, 0.0, 1.0]
            ]
        }
    ]
}