{
    "animation": [
        {
            "name": "Root",
            "time": [0.0, 0.2333, 0.3833, 0.4833, 0.5667, 0.8833],
            "transform": [
                [0.858687, 0.0, -0.5125, -5e-06, -0.5125, 0.0, -0.858687, 0.144695, 0.0, 1.0, 0.0, 0.763262, 0.0, 0.0, 0.0, 1.0],
                [0.196124, 0.0, -0.980579, -5e-06, -0.980579, 0.0, -0.196124, 0.211895, 0.0, 1.0, 0.0, 0.73657, 0.0, 0.0, 0.0, 1.0],
                [0.921231, 0.0, 0.389017, -5e-06, 0.389017, 0.0, -0.921231, 0.950682, 0.0, 1.0, 0.0, 0.751485, 0.0, 0.0, 0.0, 1.0],
                [0.345603, 0.0, 0.938381, -5e-06, 0.938381, 0.0, -0.345603, 1.379144, 0.0, 1.0, 0.0, 0.759144, 0.0, 0.0, 0.0, 1.0],
                [0.345603, 0.0, 0.938381, -5e-06, 0.938381, 0.0, -0.345603, 1.379144, 0.0, 1.0, 0.0, 0.759144, 0.0, 0.0, 0.0, 1.0],
                [1.0, 0.0, 0.0, -5e-06, 0.0, 0.0, -1.0, 1.575897, 0.0, 1.0, 0.0, 0.771764, 0.0, 0.0, 0.0, 1.0]
            ]
        },
        {
            "name": "Thigh_R",
            "time": [0.0, 0.2333, 0.3833, 0.4833, 0.5667, 0.8833],
            "transform": [
                [0.893018, 0.034037, -0.448731, 0.108452, 0.034331, -0.99938, -0.007484, -0.002831, -0.448708, -0.008722, -0.893636, -0.027246, 0.0, 0.0, 0.0, 1.0],
                [0.697308, 0.102782, -0.709364, 0.097062, 0.220797, -0.97234, 0.076159, -0.002831, -0.681916, -0.209731, -0.700716, -0.045997, 0.0, 0.0, 0.0, 1.0],
                [0.920911, 0.145052, 0.361776, 0.111028, -0.003413, -0.925135, 0.379618, -0.002831, 0.389756, -0.350828, -0.851475, -0.023005, 0.0, 0.0, 0.0, 1.0],
                [0.354609, 0.162251, 0.92083, 0.124994, 0.008031, -0.985319, 0.170523, -0.002831, 0.93498, -0.053073, -0.350707, -1.2e-05, 0.0, 0.0, 0.0, 1.0],
                [0.354609, 0.162251, 0.92083, 0.124994, 0.008031, -0.985319, 0.170523, -0.002831, 0.93498, -0.053073, -0.350707, -1.2e-05, 0.0, 0.0, 0.0, 1.0],
                [1.0, -4.5e-05, 2e-05, 0.124994, -4.5e-05, -0.999986, 0.004847, -0.002831, 2e-05, -0.004846, -0.999989, -1.2e-05, 0.0, 0.0, 0.0, 1.0]
            ]
        },
        {
            "name": "Leg_R",
            "time": [0.0, 0.2333, 0.3833, 0.4833, 0.5667, 0.8833],
            "transform": [
                [1.0, -0.0, 1e-06, 0.0, 0.0, 0.978573, 0.205899, 0.37472, -1e-06, -0.205899, 0.978573, -0.0, 0.0, 0.0, 0.0, 1.0],
                [1.0, -0.0, 1e-06, 0.0, 0.0, 0.941517, 0.336967, 0.37472, -1e-06, -0.336967, 0.941517, -0.0, 0.0, 0.0, 0.0, 1.0],
                [0.999999, 0.000173, 0.001667, 0.0, -0.001272, 0.725558, 0.68816, 0.37472, -0.001091, -0.688161, 0.725557, -0.0, 0.0, 0.0, 0.0, 1.0],
                [1.0, 0.0, 1e-06, 0.0, -0.0, 0.97808, 0.208228, 0.37472, -1e-06, -0.208228, 0.97808, -0.0, 0.0, 0.0, 0.0, 1.0],
                [1.0, 0.0, 1e-06, 0.0, -0.0, 0.97808, 0.208228, 0.37472, -1e-06, -0.208228, 0.97808, -0.0, 0.0, 0.0, 0.0, 1.0],
                [1.0, -0.0, 1e-06, 0.0, 0.0, 0.999957, 0.009239, 0.37472, -1e-06, -0.009239, 0.999957, 0.0, 0.0, 0.0, 0.0, 1.0]
            ]
        },
        {
            "name": "Knee_R",
            "time": [0.0, 0.3833, 0.4833, 0.8833],
            "transform": [
                [1.0, 0.0, -0.0, 0.0, -0.0, 1e-06, -1.0, 0.37472, -0.0, 1.0, 1e-06, -0.0, 0.0, 0.0, 0.0, 1.0],
                [1.0, 0.0, -0.0, 0.000293, -0.0, 1e-06, -1.0, 0.405924, -0.0, 1.0, 1e-06, -0.000469, 0.0, 0.0, 0.0, 1.0],
                [1.0, 0.0, -0.0, 0.0, -0.0, 1e-06, -1.0, 0.37472, -0.0, 1.0, 1e-06, -0.0, 0.0, 0.0, 0.0, 1.0],
                [1.0, 0.0, -0.0, 0.0, -0.0, 1e-06, -1.0, 0.37472, -0.0, 1.0, 1e-06, 0.0, 0.0, 0.0, 0.0, 1.0]
            ]
        },
        {
            "name": "Thigh_L",
            "time": [0.0, 0.2333, 0.3833, 0.4833, 0.5667, 0.8833],
            "transform": [
                [0.828026, -0.176251, -0.532268, -0.105675, -0.056935, -0.970832, 0.232901, -0.002831, -0.557792, -0.162543, -0.813909, 0.031814, 0.0, 0.0, 0.0, 1.0],
                [0.133392, -0.359448, -0.923582, -0.092365, -0.01683, -0.932597, 0.360525, -0.002831, -0.990921, -0.032547, -0.130451, 0.053727, 0.0, 0.0, 0.0, 1.0],
                [0.942701, -0.162841, -0.291202, -0.108686, -0.082883, -0.959743, 0.268373, -0.002831, -0.323181, -0.228859, -0.918247, 0.026857, 0.0, 0.0, 0.0, 1.0],
                [0.863612, -0.36227, 0.350621, -0.125006, -0.382756, -0.923775, -0.011705, -0.002831, 0.328136, -0.124093, -0.936444, -1.2e-05, 0.0, 0.0, 0.0, 1.0],
                [0.863612, -0.36227, 0.350621, -0.125006, -0.382756, -0.923775, -0.011705, -0.002831, 0.328136, -0.124093, -0.936444, -1.2e-05, 0.0, 0.0, 0.0, 1.0],
                [1.0, -4.5e-05, 2e-05, -0.125006, -4.5e-05, -0.999988, 0.004859, -0.002831, 2e-05, -0.004858, -0.999988, -1.2e-05, 0.0, 0.0, 0.0, 1.0]
            ]
        },
        {
            "name": "Leg_L",
            "time": [0.0, 0.2333, 0.3833, 0.4833, 0.5667, 0.8833],
            "transform": [
                [1.0, -0.0, 1e-06, 0.0, 0.0, 0.978693, 0.205329, 0.37472, -1e-06, -0.205329, 0.978693, 0.0, 0.0, 0.0, 0.0, 1.0],
                [1.0, -1e-06, 1e-06, -0.0, 0.0, 0.941848, 0.336038, 0.37472, -1e-06, -0.336038, 0.941848, -0.0, 0.0, 0.0, 0.0, 1.0],
                [1.0, -0.0, 1e-06, -0.0, 0.0, 0.958964, 0.283526, 0.37472, -1e-06, -0.283526, 0.958964, 0.0, 0.0, 0.0, 0.0, 1.0],
                [1.0, -0.0, 1e-06, 0.0, -0.0, 0.973155, 0.23015, 0.37472, -1e-06, -0.23015, 0.973155, 0.0, 0.0, 0.0, 0.0, 1.0],
                [1.0, -0.0, 1e-06, 0.0, -0.0, 0.973155, 0.23015, 0.37472, -1e-06, -0.23015, 0.973155, 0.0, 0.0, 0.0, 0.0, 1.0],
                [1.0, -0.0, 1e-06, -0.0, 0.0, 0.999957, 0.009245, 0.37472, -1e-06, -0.009245, 0.999957, 0.0, 0.0, 0.0, 0.0, 1.0]
            ]
        },
        {
            "name": "Knee_L",
            "time": [0.0, 0.8833],
            "transform": [
                [1.0, 0.0, -0.0, 0.0, -0.0, 1e-06, -1.0, 0.37472, -0.0, 1.0, 1e-06, 0.0, 0.0, 0.0, 0.0, 1.0],
                [1.0, 0.0, -0.0, -0.0, -0.0, 1e-06, -1.0, 0.37472, -0.0, 1.0, 1e-06, 0.0, 0.0, 0.0, 0.0, 1.0]
            ]
        },
        {
            "name": "Torso",
            "time": [0.0, 0.2333, 0.3833, 0.4833, 0.5667, 0.8833],
            "transform": [
                [1.0, -3.9e-05, -0.000278, 0.0, 5.9e-05, 0.997361, 0.072598, 0.05, 0.000274, -0.072598, 0.997361, -0.0, 0.0, 0.0, 0.0, 1.0],
                [1.0, -0.000198, -0.000473, 0.0, 0.000229, 0.99778, 0.066601, 0.05, 0.000459, -0.066601, 0.99778, -0.0, 0.0, 0.0, 0.0, 1.0],
                [0.999944, -0.010587, -0.00046, -0.0, 0.010597, 0.999031, 0.042729, 0.05, 7e-06, -0.042731, 0.999087, -0.0, 0.0, 0.0, 0.0, 1.0],
                [0.99978, -0.020971, -0.000198, -0.0, 0.020971, 0.999603, 0.018833, 0.05, -0.000197, -0.018833, 0.999823, 0.0, 0.0, 0.0, 0.0, 1.0],
                [0.997853, -0.022096, 0.061651, -0.0, 0.020971, 0.999603, 0.018833, 0.05, -0.062042, -0.0175, 0.99792, 0.0, 0.0, 0.0, 0.0, 1.0],
                [1.0, 0.0, 0.0, 0.0, 0.0, 0.997073, 0.076452, 0.05, 0.0, -0.076452, 0.997073, 0.0, 0.0, 0.0, 0.0, 1.0]
            ]
        },
        {
            "name": "Chest",
            "time": [0.0, 0.2333, 0.3833, 0.4833, 0.5667, 0.8833],
            "transform": [
                [1.0, -0.0002, -0.000943, 0.0, 0.000446, 0.963275, 0.268518, 0.3, 0.000854, -0.268518, 0.963274, 0.0, 0.0, 0.0, 0.0, 1.0],
                [0.999994, -0.0007, -0.003342, -0.0, 0.002077, 0.901678, 0.432404, 0.3, 0.002711, -0.432408, 0.901674, 0.0, 0.0, 0.0, 0.0, 1.0],
                [0.999777, -0.012243, -0.017202, -0.0, 0.012438, 0.999859, 0.011293, 0.3, 0.017062, -0.011505, 0.999788, -0.0, 0.0, 0.0, 0.0, 1.0],
                [0.995258, -0.09529, -0.01953, -0.0, 0.096498, 0.941992, 0.321464, 0.3, -0.012235, -0.321825, 0.94672, -0.0, 0.0, 0.0, 0.0, 1.0],
                [0.995258, -0.09529, -0.01953, -0.0, 0.096498, 0.941992, 0.321464, 0.3, -0.012235, -0.321825, 0.94672, -0.0, 0.0, 0.0, 0.0, 1.0],
                [1.0, 0.0, 0.0, 0.0, 0.0, 0.999857, 0.016882, 0.3, 0.0, -0.016882, 0.999857, -0.0, 0.0, 0.0, 0.0, 1.0]
            ]
        },
        {
            "name": "Head",
            "time": [0.0, 0.2333, 0.3833, 0.4833, 0.5667, 0.8833],
            "transform": [
                [1.0, -0.0, 0.0, -0.0, -0.0, 0.999525, 0.030807, 0.4, 0.0, -0.030807, 0.999525, 0.0, 0.0, 0.0, 0.0, 1.0],
                [1.0, 0.0, 0.0, 0.0, -0.0, 1.0, -0.0, 0.4, -0.0, -0.0, 1.0, -0.0, 0.0, 0.0, 0.0, 1.0],
                [0.970037, 0.023437, -0.241827, -0.0, -0.031434, 0.999077, -0.029266, 0.4, 0.240918, 0.03599, 0.969878, 0.0, 0.0, 0.0, 0.0, 1.0],
                [0.996183, 0.03327, -0.080705, 0.0, -0.038199, 0.997448, -0.060311, 0.4, 0.078493, 0.063163, 0.994912, 0.0, 0.0, 0.0, 0.0, 1.0],
                [0.998448, 0.038282, 0.040446, 0.0, -0.035195, 0.996602, -0.074474, 0.4, -0.04316, 0.072935, 0.996402, 0.0, 0.0, 0.0, 0.0, 1.0],
                [1.0, 0.0, 0.0, 0.0, -0.0, 0.998251, 0.059114, 0.4, -0.0, -0.059114, 0.998251, 0.0, 0.0, 0.0, 0.0, 1.0]
            ]
        },
        {
            "name": "Shoulder_R",
            "time": [0.0, 0.2333, 0.3833, 0.4833, 0.5667, 0.8833],
            "transform": [
                [-0.182455, 0.93287, 0.310587, -0.0, 0.008751, -0.314336, 0.949271, 0.4, 0.983175, 0.175917, 0.049188, 0.0, 0.0, 0.0, 0.0, 1.0],
                [-0.31535, 0.897655, 0.307846, 0.0, 0.016984, -0.319007, 0.9476, 0.4, 0.948823, 0.304054, 0.085353, -0.0, 0.0, 0.0, 0.0, 1.0],
                [0.1207, 0.94918, 0.290668, -0.0, -0.010945, -0.291518, 0.956503, 0.4, 0.992629, -0.118631, -0.024797, 0.0, 0.0, 0.0, 0.0, 1.0],
                [0.534104, 0.814154, 0.227786, 0.0, -0.023818, -0.254838, 0.96669, 0.4, 0.845083, -0.521738, -0.116718, 0.0, 0.0, 0.0, 0.0, 1.0],
                [0.534104, 0.814154, 0.227786, 0.0, -0.023818, -0.254838, 0.96669, 0.4, 0.845083, -0.521739, -0.116718, 0.0, 0.0, 0.0, 0.0, 1.0],
                [0.015501, 0.951995, 0.30572, 0.0, -0.001796, -0.30573, 0.952117, 0.4, 0.999878, -0.015308, -0.00303, 0.0, 0.0, 0.0, 0.0, 1.0]
            ]
        },
        {
            "name": "Arm_R",
            "time": [0.0, 0.2333, 0.3833, 0.4833, 0.5667, 0.8833],
            "transform": [
                [0.210926, -0.568995, -0.79483, 0.0, 0.616115, 0.708659, -0.343808, 0.39386, 0.758889, -0.417189, 0.500041, 0.0, 0.0, 0.0, 0.0, 1.0],
                [0.289137, -0.330454, -0.898443, 0.0, 0.1717, 0.941212, -0.290928, 0.39386, 0.941764, -0.070144, 0.328878, 0.0, 0.0, 0.0, 0.0, 1.0],
                [0.959171, 0.186339, 0.212764, -0.0, 0.109385, 0.449326, -0.886646, 0.39386, -0.260818, 0.873718, 0.410598, 0.0, 0.0, 0.0, 0.0, 1.0],
                [-0.463636, -0.844785, -0.26717, 0.0, -0.4462, 0.483128, -0.753322, 0.39386, 0.765472, -0.230056, -0.600938, 0.0, 0.0, 0.0, 0.0, 1.0],
                [-0.463636, -0.844785, -0.26717, -0.0, -0.4462, 0.483128, -0.753322, 0.39386, 0.765472, -0.230056, -0.600938, 0.0, 0.0, 0.0, 0.0, 1.0],
                [0.016135, -0.796463, -0.604472, -0.0, 0.945664, 0.208506, -0.249489, 0.393861, 0.324745, -0.567602, 0.756551, -0.0, 0.0, 0.0, 0.0, 1.0]
            ]
        },
        {
            "name": "Hand_R",
            "time": [0.0, 0.2333, 0.3833, 0.4833, 0.8833],
            "transform": [
                [0.999973, 0.006542, -0.003393, 0.0, -0.007076, 0.981041, -0.193673, 0.3, 0.002062, 0.193692, 0.98106, 0.0, 0.0, 0.0, 0.0, 1.0],
                [0.999924, 0.010304, -0.0068, 0.0, -0.012148, 0.919215, -0.393568, 0.3, 0.002195, 0.393621, 0.91927, 0.0, 0.0, 0.0, 0.0, 1.0],
                [0.999981, 0.005592, -0.002733, 0.0, -0.005932, 0.989171, -0.146651, 0.3, 0.001883, 0.146664, 0.989185, 0.0, 0.0, 0.0, 0.0, 1.0],
                [1.0, -0.0, 0.0, 0.0, 0.0, 0.993938, 0.109947, 0.3, -0.0, -0.109947, 0.993937, -0.0, 0.0, 0.0, 0.0, 1.0],
                [1.0, 0.0, 0.0, -0.0, -0.0, 0.993937, 0.109947, 0.3, -0.0, -0.109947, 0.993937, -0.0, 0.0, 0.0, 0.0, 1.0]
            ]
        },
        {
            "name": "Tool_R",
            "time": [0.0, 0.8833],
            "transform": [
                [1.0, 0.0, 0.0, -0.0, -0.0, -0.999836, 0.018122, 0.272858, 0.0, -0.018122, -0.999244, 0.0, 0.0, 0.0, 0.0, 1.0],
                [1.0, 0.0, 0.0, -0.0, 0.0, -0.999836, 0.018122, 0.272858, 0.0, -0.018122, -0.999244, 0.0, 0.0, 0.0, 0.0, 1.0]
            ]
        },
        {
            "name": "Elbow_R",
            "time": [0.0, 0.2333, 0.3833, 0.8833],
            "transform": [
                [-1.0, 0.0, -0.0, 0.0, 0.0, -0.0, -1.0, 0.3, -0.0, -1.0, 0.0, 0.0, 0.0, 0.0, 0.0, 1.0],
                [-1.0, 0.0, -0.0, 0.000686, 0.0, -0.0, -1.0, 0.352821, -0.0, -1.0, 0.0, -0.000237, 0.0, 0.0, 0.0, 1.0],
                [-1.0, 0.0, -0.0, 0.0, 0.0, -0.0, -1.0, 0.3, -0.0, -1.0, 0.0, 0.0, 0.0, 0.0, 0.0, 1.0],
                [-1.0, 0.0, -0.0, -0.0, 0.0, 0.0, -1.0, 0.3, -0.0, -1.0, 0.0, -0.0, 0.0, 0.0, 0.0, 1.0]
            ]
        },
        {
            "name": "Shoulder_L",
            "time": [0.0, 0.2333, 0.3833, 0.4833, 0.5667, 0.8833],
            "transform": [
                [0.010444, -0.95206, -0.305733, -0.0, 0.001202, -0.305737, 0.952115, 0.4, -0.999945, -0.010312, -0.002049, 0.0, 0.0, 0.0, 0.0, 1.0],
                [0.0, -0.952114, -0.305743, 0.0, 0.0, -0.305743, 0.952114, 0.4, -1.0, -0.0, 0.0, -0.0, 0.0, 0.0, 0.0, 1.0],
                [-0.155676, -0.937993, -0.309731, -0.0, 0.00729, -0.314636, 0.949184, 0.4, -0.987781, 0.145507, 0.05582, 0.0, 0.0, 0.0, 0.0, 1.0],
                [-0.307607, -0.901321, -0.304956, 0.0, 0.013034, -0.324457, 0.945811, 0.4, -0.951424, 0.286963, 0.111553, 0.0, 0.0, 0.0, 0.0, 1.0],
                [-0.307607, -0.901321, -0.304956, 0.0, 0.013034, -0.324457, 0.945811, 0.4, -0.951424, 0.286963, 0.111553, 0.0, 0.0, 0.0, 0.0, 1.0],
                [0.01352, -0.952024, -0.305725, 0.0, 0.001556, -0.305733, 0.952116, 0.4, -0.999907, -0.013349, -0.002652, 0.0, 0.0, 0.0, 0.0, 1.0]
            ]
        },
        {
            "name": "Arm_L",
            "time": [0.0, 0.2333, 0.3833, 0.4833, 0.5667, 0.8833],
            "transform": [
                [0.071946, 0.996517, 0.042166, -0.0, -0.961668, 0.080521, -0.262126, 0.39386, -0.264608, -0.021691, 0.964112, 0.0, 0.0, 0.0, 0.0, 1.0],
                [0.080563, 0.925735, -0.369493, -0.0, -0.974463, -0.0048, -0.224495, 0.39386, -0.209597, 0.378143, 0.901708, -0.0, 0.0, 0.0, 0.0, 1.0],
                [0.350807, 0.90812, 0.228586, -0.0, -0.731142, 0.418132, -0.53907, 0.39386, -0.585119, 0.021981, 0.810649, -0.0, 0.0, 0.0, 0.0, 1.0],
                [-0.640048, -0.455021, 0.619107, 0.0, -0.386037, 0.887135, 0.252917, 0.39386, -0.664315, -0.077119, -0.743464, 0.0, 0.0, 0.0, 0.0, 1.0],
                [-0.640048, -0.455021, 0.619107, -0.0, -0.386037, 0.887135, 0.252917, 0.39386, -0.664314, -0.077119, -0.743464, 0.0, 0.0, 0.0, 0.0, 1.0],
                [0.02094, 0.796326, 0.604505, -0.0, -0.944717, 0.213652, -0.248723, 0.39386, -0.327218, -0.565877, 0.756777, -0.0, 0.0, 0.0, 0.0, 1.0]
            ]
        },
        {
            "name": "Hand_L",
            "time": [0.0, 0.2333, 0.3833, 0.4833, 0.5667, 0.8833],
            "transform": [
                [1.0, 0.0, 0.0, -0.0, -0.0, 0.993937, 0.109947, 0.3, -0.0, -0.109947, 0.993937, -0.0, 0.0, 0.0, 0.0, 1.0],
                [1.0, 0.0, 0.0, 0.0, 0.0, 0.993937, 0.109947, 0.3, -0.0, -0.109947, 0.993937, -0.0, 0.0, 0.0, 0.0, 1.0],
                [0.999961, 0.000881, -0.008739, 0.0, -0.000539, 0.99924, 0.038973, 0.3, 0.008767, -0.038967, 0.999202, 0.0, 0.0, 0.0, 0.0, 1.0],
                [0.999846, 0.001137, -0.017518, 0.0, -0.001701, 0.99948, -0.032192, 0.3, 0.017473, 0.032217, 0.999328, -0.0, 0.0, 0.0, 0.0, 1.0],
                [0.999846, 0.001137, -0.017518, -0.0, -0.001701, 0.99948, -0.032192, 0.3, 0.017473, 0.032217, 0.999328, -0.0, 0.0, 0.0, 0.0, 1.0],
                [1.0, 0.0, 0.0, 0.0, -0.0, 0.993937, 0.109947, 0.3, -0.0, -0.109947, 0.993937, -0.0, 0.0, 0.0, 0.0, 1.0]
            ]
        },
        {
            "name": "Tool_L",
            "time": [0.0, 0.8833],
            "transform": [
                [1.0, 0.0, 0.0, 0.0, 0.0, -0.999835, 0.018122, 0.272858, 0.0, -0.018122, -0.999247, -0.0, 0.0, 0.0, 0.0, 1.0],
                [1.0, 0.0, 0.0, 0.0, 0.0, -0.999836, 0.018122, 0.272858, 0.0, -0.018122, -0.999248, -0.0, 0.0, 0.0, 0.0, 1.0]
            ]
        },
        {
            "name": "Elbow_L",
            "time": [0.0, 0.8833],
            "transform": [
                [-1.0, 0.0, -0.0, -0.0, 0.0, 0.0, -1.0, 0.3, -0.0, -1.0, 0.0, -0.0, 0.0, 0.0, 0.0, 1.0],
                [-1.0, 0.0, -0.0, 0.0, 0.0, -0.0, -1.0, 0.3, -0.0, -1.0, 0.0, -0.0, 0.0, 0.0, 0.0, 1.0]
            ]
        }
    ]
}