{
    "animation": [
        {
            "name": "Root",
            "time": [0.0, 0.2333, 0.3333, 0.4333, 0.5333, 1.0],
            "transform": [
                [0.923116, 0.0, 0.384522, -5e-06, 0.384522, 0.0, -0.923116, 0.125286, 0.0, 1.0, 0.0, 0.75554, 0.0, 0.0, 0.0, 1.0],
                [0.271046, 0.0, 0.962566, -5e-06, 0.962566, 0.0, -0.271046, 0.353418, 0.0, 1.0, 0.0, 0.73657, 0.0, 0.0, 0.0, 1.0],
                [0.946495, 0.0, -0.322719, -5e-06, -0.322719, 0.0, -0.946495, 0.844701, 0.0, 1.0, 0.0, 0.751485, 0.0, 0.0, 0.0, 1.0],
                [0.41904, 0.0, -0.907968, -5e-06, -0.907968, 0.0, -0.41904, 1.168167, 0.0, 1.0, 0.0, 0.759144, 0.0, 0.0, 0.0, 1.0],
                [0.41904, 0.0, -0.907968, -5e-06, -0.907968, 0.0, -0.41904, 1.168167, 0.0, 1.0, 0.0, 0.759144, 0.0, 0.0, 0.0, 1.0],
                [1.0, 0.0, 0.0, -5e-06, 0.0, 0.0, -1.0, 1.392386, 0.0, 1.0, 0.0, 0.771764, 0.0, 0.0, 0.0, 1.0]
            ]
        },
        {
            "name": "Thigh_R",
            "time": [0.0, 0.2333, 0.3333, 0.4333, 0.5333, 1.0],
            "transform": [
                [0.918872, 0.126196, 0.373828, 0.112118, 0.069068, -0.984285, 0.162507, -0.002831, 0.388462, -0.123503, -0.913151, -0.02121, 0.0, 0.0, 0.0, 1.0],
                [0.268962, 0.347329, 0.898344, 0.097062, 0.007035, -0.933395, 0.358777, -0.002831, 0.963125, -0.090177, -0.253492, -0.045997, 0.0, 0.0, 0.0, 1.0],
                [0.944437, 0.009907, -0.328541, 0.115518, 0.003298, -0.999779, -0.020669, -0.002831, -0.328674, 0.018438, -0.944264, -0.015613, 0.0, 0.0, 0.0, 1.0],
                [0.9536, 0.294555, -0.062318, 0.124994, 0.298739, -0.951444, 0.074194, -0.002831, -0.037438, -0.089368, -0.995295, -1.2e-05, 0.0, 0.0, 0.0, 1.0],
                [0.9536, 0.294555, -0.062318, 0.124994, 0.298739, -0.951444, 0.074194, -0.002831, -0.037438, -0.089368, -0.995295, -1.2e-05, 0.0, 0.0, 0.0, 1.0],
                [1.0, -4.5e-05, 2e-05, 0.124994, -4.5e-05, -0.999986, 0.004847, -0.002831, 2e-05, -0.004846, -0.999989, -1.2e-05, 0.0, 0.0, 0.0, 1.0]
            ]
        },
        {
            "name": "Leg_R",
            "time": [0.0, 0.2333, 0.3333, 0.4333, 0.5333, 1.0],
            "transform": [
                [1.0, -0.0, 1e-06, -0.0, 0.0, 0.986682, 0.162662, 0.37472, -1e-06, -0.162662, 0.986682, 0.0, 0.0, 0.0, 0.0, 1.0],
                [1.0, -1e-06, 1e-06, 0.0, 0.0, 0.941517, 0.336967, 0.37472, -1e-06, -0.336967, 0.941517, -0.0, 0.0, 0.0, 0.0, 1.0],
                [1.0, -0.0, 1e-06, -0.0, -0.0, 0.967615, 0.252432, 0.37472, -1e-06, -0.252432, 0.967615, -0.0, 0.0, 0.0, 0.0, 1.0],
                [1.0, 0.0, 1e-06, 0.0, -0.0, 0.97808, 0.208228, 0.37472, -1e-06, -0.208228, 0.97808, -0.0, 0.0, 0.0, 0.0, 1.0],
                [1.0, 0.0, 1e-06, 0.0, -0.0, 0.97808, 0.208228, 0.37472, -1e-06, -0.208228, 0.97808, -0.0, 0.0, 0.0, 0.0, 1.0],
                [1.0, -0.0, 1e-06, 0.0, 0.0, 0.999957, 0.009239, 0.37472, -1e-06, -0.009239, 0.999957, -0.0, 0.0, 0.0, 0.0, 1.0]
            ]
        },
        {
            "name": "Knee_R",
            "time": [0.0, 1.0],
            "transform": [
                [1.0, 0.0, -0.0, -0.0, -0.0, 1e-06, -1.0, 0.37472, -0.0, 1.0, 1e-06, 0.0, 0.0, 0.0, 0.0, 1.0],
                [1.0, 0.0, -0.0, 0.0, -0.0, 1e-06, -1.0, 0.37472, -0.0, 1.0, 1e-06, -0.0, 0.0, 0.0, 0.0, 1.0]
            ]
        },
        {
            "name": "Thigh_L",
            "time": [0.0, 0.2333, 0.3333, 0.4333, 0.5333, 1.0],
            "transform": [
                [0.9238, 0.000227, 0.382876, -0.109959, -0.002389, -0.999977, 0.00636, -0.002831, 0.382869, -0.00679, -0.923778, 0.024761, 0.0, 0.0, 0.0, 1.0],
                [0.813867, -0.188061, 0.549776, -0.092365, -0.144488, -0.981956, -0.122001, -0.002831, 0.5628, 0.019857, -0.826355, 0.053727, 0.0, 0.0, 0.0, 1.0],
                [0.946932, -0.132658, -0.292782, -0.113932, -0.003768, -0.915382, 0.402567, -0.002831, -0.321411, -0.3801, -0.867305, 0.01822, 0.0, 0.0, 0.0, 1.0],
                [0.395212, -0.227729, -0.889914, -0.125006, -0.008744, -0.969671, 0.244255, -0.002831, -0.918548, -0.088751, -0.385217, -1.2e-05, 0.0, 0.0, 0.0, 1.0],
                [0.395212, -0.227729, -0.889914, -0.125006, -0.008744, -0.969671, 0.244255, -0.002831, -0.918548, -0.088751, -0.385217, -1.2e-05, 0.0, 0.0, 0.0, 1.0],
                [1.0, -4.5e-05, 2e-05, -0.125006, -4.5e-05, -0.999988, 0.004859, -0.002831, 2e-05, -0.004858, -0.999988, -1.2e-05, 0.0, 0.0, 0.0, 1.0]
            ]
        },
        {
            "name": "Leg_L",
            "time": [0.0, 0.2333, 0.3333, 0.4333, 0.5333, 1.0],
            "transform": [
                [1.0, -0.0, 1e-06, -0.0, 0.0, 0.986755, 0.162217, 0.37472, -1e-06, -0.162217, 0.986755, -0.0, 0.0, 0.0, 0.0, 1.0],
                [1.0, -1e-06, 1e-06, -0.0, 0.0, 0.941848, 0.336038, 0.37472, -1e-06, -0.336038, 0.941848, 0.0, 0.0, 0.0, 0.0, 1.0],
                [0.999997, 0.000471, 0.002211, -0.0, -0.001961, 0.66713, 0.744938, 0.37472, -0.001124, -0.744941, 0.66713, 0.0, 0.0, 0.0, 0.0, 1.0],
                [1.0, -0.0, 1e-06, 0.0, -0.0, 0.973155, 0.23015, 0.37472, -1e-06, -0.23015, 0.973155, 0.0, 0.0, 0.0, 0.0, 1.0],
                [1.0, -0.0, 1e-06, 0.0, -0.0, 0.973155, 0.23015, 0.37472, -1e-06, -0.23015, 0.973155, 0.0, 0.0, 0.0, 0.0, 1.0],
                [1.0, -0.0, 1e-06, -0.0, 0.0, 0.999957, 0.009245, 0.37472, -1e-06, -0.009245, 0.999957, 0.0, 0.0, 0.0, 0.0, 1.0]
            ]
        },
        {
            "name": "Knee_L",
            "time": [0.0, 0.2333, 0.3333, 0.4333, 1.0],
            "transform": [
                [1.0, 0.0, -0.0, -0.0, -0.0, 1e-06, -1.0, 0.37472, -0.0, 1.0, 1e-06, -0.0, 0.0, 0.0, 0.0, 1.0],
                [1.0, 0.0, -0.0, -0.0, -0.0, 1e-06, -1.0, 0.37472, -0.0, 1.0, 1e-06, 0.0, 0.0, 0.0, 0.0, 1.0],
                [1.0, 0.0, -0.0, 0.000104, -0.0, 1e-06, -1.0, 0.412003, -0.0, 1.0, 1e-06, 0.001283, 0.0, 0.0, 0.0, 1.0],
                [1.0, 0.0, -0.0, 0.0, -0.0, 1e-06, -1.0, 0.37472, -0.0, 1.0, 1e-06, 0.0, 0.0, 0.0, 0.0, 1.0],
                [1.0, 0.0, -0.0, -0.0, -0.0, 1e-06, -1.0, 0.37472, -0.0, 1.0, 1e-06, 0.0, 0.0, 0.0, 0.0, 1.0]
            ]
        },
        {
            "name": "Torso",
            "time": [0.0, 0.2333, 0.3333, 0.4333, 0.5333, 1.0],
            "transform": [
                [1.0, -1.5e-05, -0.000216, 0.0, 3.1e-05, 0.997153, 0.075404, 0.05, 0.000214, -0.075404, 0.997153, 0.0, 0.0, 0.0, 0.0, 1.0],
                [1.0, -0.000198, -0.000473, 0.0, 0.000229, 0.99778, 0.066601, 0.05, 0.000459, -0.066601, 0.99778, 0.0, 0.0, 0.0, 0.0, 1.0],
                [0.999902, -0.013969, -0.000389, -0.0, 0.013975, 0.999355, 0.033078, 0.05, -7.3e-05, -0.03308, 0.999453, -0.0, 0.0, 0.0, 0.0, 1.0],
                [0.99978, -0.020971, -0.000198, -0.0, 0.020971, 0.999603, 0.018833, 0.05, -0.000197, -0.018833, 0.999823, 0.0, 0.0, 0.0, 0.0, 1.0],
                [0.99978, -0.020971, -0.000198, -0.0, 0.020971, 0.999603, 0.018833, 0.05, -0.000197, -0.018833, 0.999823, 0.0, 0.0, 0.0, 0.0, 1.0],
                [1.0, 0.0, 0.0, 0.0, 0.0, 0.997073, 0.076452, 0.05, 0.0, -0.076452, 0.997073, 0.0, 0.0, 0.0, 0.0, 1.0]
            ]
        },
        {
            "name": "Chest",
            "time": [0.0, 0.2333, 0.3333, 0.4333, 0.5333, 1.0],
            "transform": [
                [1.0, -0.000116, -0.000347, 0.0, 0.000187, 0.97694, 0.213514, 0.3, 0.000314, -0.213514, 0.97694, -0.0, 0.0, 0.0, 0.0, 1.0],
                [0.999994, -0.0007, -0.003342, 0.0, 0.002077, 0.901678, 0.432404, 0.3, 0.002711, -0.432408, 0.901674, -0.0, 0.0, 0.0, 0.0, 1.0],
                [0.998389, -0.054713, -0.01505, 0.0, 0.055856, 0.99432, 0.090598, 0.3, 0.010008, -0.091293, 0.995774, -0.0, 0.0, 0.0, 0.0, 1.0],
                [0.995258, -0.09529, -0.01953, -0.0, 0.096498, 0.941992, 0.321464, 0.3, -0.012235, -0.321825, 0.94672, 0.0, 0.0, 0.0, 0.0, 1.0],
                [0.995258, -0.09529, -0.01953, -0.0, 0.096498, 0.941992, 0.321464, 0.3, -0.012235, -0.321825, 0.94672, 0.0, 0.0, 0.0, 0.0, 1.0],
                [1.0, 0.0, 0.0, 0.0, 0.0, 0.999857, 0.016882, 0.3, 0.0, -0.016882, 0.999857, -0.0, 0.0, 0.0, 0.0, 1.0]
            ]
        },
        {
            "name": "Head",
            "time": [0.0, 0.2333, 0.3333, 0.4333, 0.5333, 1.0],
            "transform": [
                [1.0, -0.0, 0.0, -0.0, 0.0, 0.998867, 0.047593, 0.4, 0.0, -0.047593, 0.998867, -0.0, 0.0, 0.0, 0.0, 1.0],
                [1.0, -0.0, 0.0, -0.0, -0.0, 1.0, -0.0, 0.4, -0.0, 0.0, 1.0, 0.0, 0.0, 0.0, 0.0, 1.0],
                [0.835697, -0.070487, 0.544648, 0.0, -0.009618, 0.989699, 0.142843, 0.4, -0.549106, -0.124612, 0.82641, 0.0, 0.0, 0.0, 0.0, 1.0],
                [0.995945, 0.035119, 0.082825, -0.0, -0.030021, 0.997624, -0.062008, 0.4, -0.084805, 0.05927, 0.994633, -0.0, 0.0, 0.0, 0.0, 1.0],
                [0.998448, 0.038282, 0.040446, -0.0, -0.035195, 0.996602, -0.074474, 0.4, -0.04316, 0.072935, 0.996402, -0.0, 0.0, 0.0, 0.0, 1.0],
                [1.0, 0.0, 0.0, 0.0, 0.0, 0.998251, 0.059114, 0.4, 0.0, -0.059114, 0.998251, -0.0, 0.0, 0.0, 0.0, 1.0]
            ]
        },
        {
            "name": "Shoulder_R",
            "time": [0.0, 0.2333, 0.5333, 1.0],
            "transform": [
                [0.008356, 0.952079, 0.305736, -0.0, -0.000968, -0.305739, 0.952115, 0.4, 0.999964, -0.008251, -0.001633, -0.0, 0.0, 0.0, 0.0, 1.0],
                [0.0, 0.952114, 0.305743, -0.0, 0.0, -0.305743, 0.952114, 0.4, 1.0, -0.0, -0.0, 0.0, 0.0, 0.0, 0.0, 1.0],
                [0.0, 0.952114, 0.305743, -0.0, 0.0, -0.305743, 0.952114, 0.4, 1.0, -0.0, -0.0, -0.0, 0.0, 0.0, 0.0, 1.0],
                [0.015501, 0.951995, 0.30572, 0.0, -0.001796, -0.30573, 0.952117, 0.4, 0.999878, -0.015308, -0.00303, -0.0, 0.0, 0.0, 0.0, 1.0]
            ]
        },
        {
            "name": "Arm_R",
            "time": [0.0, 0.2333, 0.3333, 0.4333, 0.5333, 1.0],
            "transform": [
                [-0.078951, -0.942652, -0.324305, -0.0, 0.92228, 0.054409, -0.382675, 0.393861, 0.378374, -0.329313, 0.865093, -0.0, 0.0, 0.0, 0.0, 1.0],
                [-0.240613, -0.967971, 0.071681, -0.0, 0.809044, -0.240811, -0.536152, 0.393861, 0.536241, -0.071012, 0.841072, 0.0, 0.0, 0.0, 0.0, 1.0],
                [-0.583643, -0.215867, -0.782792, 0.0, 0.374671, 0.783671, -0.495461, 0.39386, 0.720405, -0.582461, -0.376505, 0.0, 0.0, 0.0, 0.0, 1.0],
                [-0.771397, 0.31579, -0.55247, -0.0, 0.332722, 0.940207, 0.07285, 0.393861, 0.542441, -0.127623, -0.830343, 0.0, 0.0, 0.0, 0.0, 1.0],
                [-0.771397, 0.31579, -0.55247, -0.0, 0.332722, 0.940207, 0.07285, 0.393861, 0.542441, -0.127623, -0.830343, 0.0, 0.0, 0.0, 0.0, 1.0],
                [0.016135, -0.796463, -0.604472, 0.0, 0.945664, 0.208506, -0.249489, 0.393861, 0.324745, -0.567602, 0.756551, -0.0, 0.0, 0.0, 0.0, 1.0]
            ]
        },
        {
            "name": "Hand_R",
            "time": [0.0, 1.0],
            "transform": [
                [1.0, 0.0, 0.0, -0.0, 0.0, 0.993938, 0.109947, 0.3, -0.0, -0.109947, 0.993937, 0.0, 0.0, 0.0, 0.0, 1.0],
                [1.0, 0.0, 0.0, 0.0, -0.0, 0.993938, 0.109947, 0.3, -0.0, -0.109947, 0.993937, 0.0, 0.0, 0.0, 0.0, 1.0]
            ]
        },
        {
            "name": "Tool_R",
            "time": [0.0, 1.0],
            "transform": [
                [1.0, 0.0, 0.0, -0.0, 0.0, -0.999836, 0.018122, 0.272858, 0.0, -0.018122, -0.999244, -0.0, 0.0, 0.0, 0.0, 1.0],
                [1.0, 0.0, 0.0, -0.0, 0.0, -0.999836, 0.018122, 0.272858, 0.0, -0.018122, -0.999244, 0.0, 0.0, 0.0, 0.0, 1.0]
            ]
        },
        {
            "name": "Elbow_R",
            "time": [0.0, 1.0],
            "transform": [
                [-1.0, 0.0, -0.0, -0.0, 0.0, 0.0, -1.0, 0.3, -0.0, -1.0, 0.0, 0.0, 0.0, 0.0, 0.0, 1.0],
                [-1.0, 0.0, -0.0, 0.0, 0.0, 0.0, -1.0, 0.3, -0.0, -1.0, 0.0, 0.0, 0.0, 0.0, 0.0, 1.0]
            ]
        },
        {
            "name": "Shoulder_L",
            "time": [0.0, 0.2333, 0.3333, 0.4333, 0.5333, 1.0],
            "transform": [
                [-0.125604, -0.918979, -0.373766, -0.0, -0.003515, -0.376335, 0.926477, 0.4, -0.992074, 0.117683, 0.044039, -0.0, 0.0, 0.0, 0.0, 1.0],
                [-0.284341, -0.850946, -0.441636, -0.0, -0.022636, -0.454563, 0.890427, 0.4, -0.958456, 0.263181, 0.109989, 0.0, 0.0, 0.0, 0.0, 1.0],
                [0.093391, -0.969353, -0.227229, 0.0, -0.023401, -0.230301, 0.972838, 0.4, -0.995354, -0.085537, -0.044191, 0.0, 0.0, 0.0, 0.0, 1.0],
                [0.5908, -0.806628, 0.01749, -0.0, -0.125217, -0.070254, 0.989639, 0.4, -0.797042, -0.586869, -0.14251, -0.0, 0.0, 0.0, 0.0, 1.0],
                [0.5908, -0.806628, 0.01749, -0.0, -0.125217, -0.070254, 0.989639, 0.4, -0.797042, -0.586869, -0.14251, -0.0, 0.0, 0.0, 0.0, 1.0],
                [0.01352, -0.952024, -0.305725, 0.0, 0.001556, -0.305733, 0.952116, 0.4, -0.999907, -0.013349, -0.002652, -0.0, 0.0, 0.0, 0.0, 1.0]
            ]
        },
        {
            "name": "Arm_L",
            "time": [0.0, 0.2333, 0.3333, 0.4333, 0.5333, 1.0],
            "transform": [
                [0.137402, 0.617799, 0.774239, 0.0, -0.649026, 0.646629, -0.400793, 0.39386, -0.748255, -0.447431, 0.489816, 0.0, 0.0, 0.0, 0.0, 1.0],
                [0.12479, 0.377995, 0.917359, -0.0, -0.037969, 0.925728, -0.376279, 0.39386, -0.991456, 0.012124, 0.129874, -0.0, 0.0, 0.0, 0.0, 1.0],
                [0.024919, 0.718428, 0.695154, 0.0, 0.177711, 0.681111, -0.710286, 0.39386, -0.983767, 0.141236, -0.1107, 0.0, 0.0, 0.0, 0.0, 1.0],
                [0.563828, 0.822503, 0.074743, 0.0, 0.193579, -0.043634, -0.980114, 0.39386, -0.802886, 0.567084, -0.183822, 0.0, 0.0, 0.0, 0.0, 1.0],
                [0.563828, 0.822503, 0.074743, 0.0, 0.193579, -0.043634, -0.980114, 0.39386, -0.802886, 0.567084, -0.183822, 0.0, 0.0, 0.0, 0.0, 1.0],
                [0.02094, 0.796326, 0.604505, -0.0, -0.944717, 0.213652, -0.248723, 0.39386, -0.327218, -0.565877, 0.756777, -0.0, 0.0, 0.0, 0.0, 1.0]
            ]
        },
        {
            "name": "Hand_L",
            "time": [0.0, 0.2333, 0.3333, 0.4333, 0.5333, 1.0],
            "transform": [
                [0.999997, 0.002165, -0.000318, -0.0, -0.002154, 0.999467, 0.032564, 0.3, 0.000388, -0.032563, 0.99947, 0.0, 0.0, 0.0, 0.0, 1.0],
                [0.99997, 0.006908, -0.003361, 0.0, -0.007468, 0.97677, -0.214162, 0.3, 0.001803, 0.21418, 0.976792, 0.0, 0.0, 0.0, 0.0, 1.0],
                [0.999934, 0.003624, -0.010934, 0.0, -0.004949, 0.992309, -0.123686, 0.3, 0.010402, 0.123732, 0.992261, 0.0, 0.0, 0.0, 0.0, 1.0],
                [0.999846, 0.001137, -0.017518, -0.0, -0.001701, 0.99948, -0.032192, 0.3, 0.017473, 0.032217, 0.999328, 0.0, 0.0, 0.0, 0.0, 1.0],
                [0.999846, 0.001137, -0.017518, -0.0, -0.001701, 0.99948, -0.032192, 0.3, 0.017473, 0.032217, 0.999328, 0.0, 0.0, 0.0, 0.0, 1.0],
                [1.0, 0.0, 0.0, 0.0, -0.0, 0.993937, 0.109947, 0.3, -0.0, -0.109947, 0.993937, -0.0, 0.0, 0.0, 0.0, 1.0]
            ]
        },
        {
            "name": "Tool_L",
            "time": [0.0, 1.0],
            "transform": [
                [1.0, 0.0, 0.0, 0.0, 0.0, -0.999836, 0.018122, 0.272858, 0.0, -0.018122, -0.999248, 0.0, 0.0, 0.0, 0.0, 1.0],
                [1.0, 0.0, 0.0, 0.0, 0.0, -0.999836, 0.018122, 0.272858, 0.0, -0.018122, -0.999248, -0.0, 0.0, 0.0, 0.0, 1.0]
            ]
        },
        {
            "name": "Elbow_L",
            "time": [0.0, 1.0],
            "transform": [
                [-1.0, 0.0, -0.0, -0.0, 0.0, -0.0, -1.0, 0.3, -0.0, -1.0, -0.0, 0.0, 0.0, 0.0, 0.0, 1.0],
                [-1.0, 0.0, -0.0, 0.0, 0.0, -0.0, -1.0, 0.3, -0.0, -1.0, 0.0, -0.0, 0.0, 0.0, 0.0, 1.0]
            ]
        }
    ]
}