{
    "animation": [
        {
            "name": "Root",
            "time": [0.0, 0.2167, 0.2667, 0.35, 0.5, 0.8, 1.05],
            "transform": [
                [1.0, 0.0, 0.0, -5e-06, 0.0, -0.1753, -0.984515, 0.112386, 0.0, 0.984515, -0.1753, 0.741684, 0.0, 0.0, 0.0, 1.0],
                [1.0, 0.0, 0.0, -5e-06, 0.0, -0.409088, -0.912495, 0.435983, 0.0, 0.912495, -0.409088, 0.604162, 0.0, 0.0, 0.0, 1.0],
                [1.0, 0.0, 0.0, -5e-06, 0.0, -0.327636, -0.944804, 0.595926, 0.0, 0.944804, -0.327636, 0.647506, 0.0, 0.0, 0.0, 1.0],
                [1.0, 0.0, 0.0, -5e-06, 0.0, 0.036984, -0.999316, 0.904331, 0.0, 0.999316, 0.036984, 0.747991, 0.0, 0.0, 0.0, 1.0],
                [1.0, 0.0, 0.0, -5e-06, 0.0, 0.557444, -0.830214, 1.25989, 0.0, 0.830214, 0.557444, 0.604162, 0.0, 0.0, 0.0, 1.0],
                [1.0, 0.0, 0.0, -5e-06, 0.0, 0.557444, -0.830214, 1.25989, 0.0, 0.830214, 0.557444, 0.604162, 0.0, 0.0, 0.0, 1.0],
                [1.0, 0.0, 0.0, -5e-06, 0.0, 0.198651, -0.98007, 1.25989, 0.0, 0.98007, 0.198651, 0.709754, 0.0, 0.0, 0.0, 1.0]
            ]
        },
        {
            "name": "Thigh_R",
            "time": [0.0, 0.2167, 0.2667, 0.35, 0.5, 0.8, 1.05],
            "transform": [
                [1.0, -0.0, -0.0, 0.124994, 0.0, -0.948087, -0.318004, -0.002831, -0.0, 0.318004, -0.948089, -1.2e-05, 0.0, 0.0, 0.0, 1.0],
                [1.0, -0.0, -0.0, 0.124994, 0.0, -0.518498, -0.855078, -0.002831, 0.0, 0.855077, -0.518499, -1.2e-05, 0.0, 0.0, 0.0, 1.0],
                [1.0, -0.0, -0.0, 0.124994, 0.0, -0.654129, -0.756382, -0.002831, 0.0, 0.75638, -0.654131, -1.2e-05, 0.0, 0.0, 0.0, 1.0],
                [1.0, -0.0, -0.0, 0.124994, -0.0, -0.990742, 0.135741, -0.002831, -0.0, -0.135741, -0.990745, -1.2e-05, 0.0, 0.0, 0.0, 1.0],
                [1.0, -0.0, 0.0, 0.124994, 0.0, 0.001276, 1.0, -0.002831, -0.0, -0.999997, 0.001275, -1.2e-05, 0.0, 0.0, 0.0, 1.0],
                [1.0, -0.0, 0.0, 0.124994, 0.0, 0.001276, 1.0, -0.002831, -0.0, -0.999997, 0.001275, -1.2e-05, 0.0, 0.0, 0.0, 1.0],
                [1.0, -0.0, -0.0, 0.124994, -0.0, -0.867301, 0.497781, -0.002831, -0.0, -0.497779, -0.867303, -1.2e-05, 0.0, 0.0, 0.0, 1.0]
            ]
        },
        {
            "name": "Leg_R",
            "time": [0.0, 0.2167, 0.2667, 0.35, 0.5, 0.8, 1.05],
            "transform": [
                [1.0, 0.0, 1e-06, 0.0, -0.0, 1.0, 0.0, 0.37472, -1e-06, -0.0, 1.0, -0.0, 0.0, 0.0, 0.0, 1.0],
                [1.0, 0.0, 1e-06, 0.0, -0.0, 1.0, 0.0, 0.37472, -1e-06, -0.0, 1.0, 0.0, 0.0, 0.0, 0.0, 1.0],
                [1.0, 0.0, 1e-06, 0.0, -0.0, 0.996333, 0.08556, 0.37472, -1e-06, -0.08556, 0.996333, -0.0, 0.0, 0.0, 0.0, 1.0],
                [1.0, 0.0, 1e-06, 0.0, -0.0, 0.90365, 0.428271, 0.37472, -1e-06, -0.428271, 0.90365, -0.0, 0.0, 0.0, 0.0, 1.0],
                [1.0, -0.0, 1e-06, 0.0, -1e-06, 0.558859, 0.829263, 0.37472, -1e-06, -0.829263, 0.558859, -0.0, 0.0, 0.0, 0.0, 1.0],
                [1.0, -0.0, 1e-06, 0.0, -1e-06, 0.558859, 0.829263, 0.37472, -1e-06, -0.829263, 0.558859, -0.0, 0.0, 0.0, 0.0, 1.0],
                [1.0, 0.0, 1e-06, 0.0, -0.0, 0.946411, 0.322965, 0.37472, -1e-06, -0.322965, 0.946411, -0.0, 0.0, 0.0, 0.0, 1.0]
            ]
        },
        {
            "name": "Knee_R",
            "time": [0.0, 0.35, 0.5, 0.8, 1.05],
            "transform": [
                [1.0, 0.0, -0.0, 0.0, -0.0, 1e-06, -1.0, 0.37472, -0.0, 1.0, 1e-06, -0.0, 0.0, 0.0, 0.0, 1.0],
                [1.0, 0.0, -0.0, 0.0, -0.0, 1e-06, -1.0, 0.37472, -0.0, 1.0, 1e-06, -0.0, 0.0, 0.0, 0.0, 1.0],
                [1.0, 0.0, -0.0, 0.0, -0.0, 1e-06, -1.0, 0.418967, -0.0, 1.0, 1e-06, 0.001581, 0.0, 0.0, 0.0, 1.0],
                [1.0, 0.0, -0.0, 0.0, -0.0, 1e-06, -1.0, 0.418967, -0.0, 1.0, 1e-06, 0.001581, 0.0, 0.0, 0.0, 1.0],
                [1.0, 0.0, -0.0, 0.0, -0.0, 1e-06, -1.0, 0.37472, -0.0, 1.0, 1e-06, -0.0, 0.0, 0.0, 0.0, 1.0]
            ]
        },
        {
            "name": "Thigh_L",
            "time": [0.0, 0.2167, 0.2667, 0.35, 0.5, 0.8, 1.05],
            "transform": [
                [1.0, -0.0, 0.0, -0.125006, 0.0, -0.853761, 0.520665, -0.002831, -0.0, -0.520664, -0.853761, -1.2e-05, 0.0, 0.0, 0.0, 1.0],
                [1.0, -0.0, 0.0, -0.125006, 0.0, -0.859217, 0.511611, -0.002831, -0.0, -0.51161, -0.859218, -1.2e-05, 0.0, 0.0, 0.0, 1.0],
                [1.0, -0.0, 0.0, -0.125006, 0.0, -0.883623, 0.468198, -0.002831, -0.0, -0.468198, -0.883624, -1.2e-05, 0.0, 0.0, 0.0, 1.0],
                [1.0, -0.0, -0.0, -0.125006, 0.0, -0.955188, 0.296, -0.002831, -0.0, -0.295999, -0.955188, -1.2e-05, 0.0, 0.0, 0.0, 1.0],
                [1.0, -0.0, -0.0, -0.125006, -0.0, -0.999723, 0.023541, -0.002831, -0.0, -0.023541, -0.999723, -1.2e-05, 0.0, 0.0, 0.0, 1.0],
                [1.0, -0.0, -0.0, -0.125006, -0.0, -0.999723, 0.023541, -0.002831, -0.0, -0.023541, -0.999723, -1.2e-05, 0.0, 0.0, 0.0, 1.0],
                [1.0, -0.0, -0.0, -0.125006, -0.0, -0.999968, 0.007988, -0.002831, -0.0, -0.007987, -0.999968, -1.2e-05, 0.0, 0.0, 0.0, 1.0]
            ]
        },
        {
            "name": "Leg_L",
            "time": [0.0, 0.2167, 0.2667, 0.35, 0.5, 0.8, 1.05],
            "transform": [
                [1.0, 0.0, 1e-06, -0.0, -1e-06, 0.297575, 0.954698, 0.37472, -0.0, -0.954698, 0.297575, 0.0, 0.0, 0.0, 0.0, 1.0],
                [1.0, 0.0, 1e-06, -0.0, -1e-06, 0.652452, 0.75783, 0.37472, -0.0, -0.75783, 0.652452, -0.0, 0.0, 0.0, 0.0, 1.0],
                [1.0, 0.0, 1e-06, -0.0, -1e-06, 0.750113, 0.661309, 0.37472, -0.0, -0.661309, 0.750113, -0.0, 0.0, 0.0, 0.0, 1.0],
                [1.0, 0.0, 1e-06, -0.0, -0.0, 0.887628, 0.460562, 0.37472, -1e-06, -0.460561, 0.887628, 0.0, 0.0, 0.0, 0.0, 1.0],
                [1.0, 0.0, 1e-06, 0.0, -0.0, 0.978018, 0.20852, 0.37472, -1e-06, -0.20852, 0.978018, -0.0, 0.0, 0.0, 0.0, 1.0],
                [1.0, 0.0, 1e-06, 0.0, -0.0, 0.978018, 0.20852, 0.37472, -1e-06, -0.20852, 0.978018, -0.0, 0.0, 0.0, 0.0, 1.0],
                [1.0, 0.0, 1e-06, 0.0, -0.0, 0.997464, 0.071178, 0.37472, -1e-06, -0.071178, 0.997464, 0.0, 0.0, 0.0, 0.0, 1.0]
            ]
        },
        {
            "name": "Knee_L",
            "time": [0.0, 0.2167, 0.35, 1.05],
            "transform": [
                [1.0, 0.0, -0.0, 0.0, -0.0, 1e-06, -1.0, 0.44617, -0.0, 1.0, 1e-06, 0.00288, 0.0, 0.0, 0.0, 1.0],
                [1.0, 0.0, -0.0, 0.00065, -0.0, 1e-06, -1.0, 0.411304, -0.0, 1.0, 1e-06, -0.002685, 0.0, 0.0, 0.0, 1.0],
                [1.0, 0.0, -0.0, -0.0, -0.0, 1e-06, -1.0, 0.37472, -0.0, 1.0, 1e-06, 0.0, 0.0, 0.0, 0.0, 1.0],
                [1.0, 0.0, -0.0, 0.0, -0.0, 1e-06, -1.0, 0.37472, -0.0, 1.0, 1e-06, 0.0, 0.0, 0.0, 0.0, 1.0]
            ]
        },
        {
            "name": "Torso",
            "time": [0.0, 0.8, 1.05],
            "transform": [
                [1.0, 0.0, 0.0, 0.0, 0.0, 1.0, 0.0, 0.05, 0.0, 0.0, 1.0, 0.0, 0.0, 0.0, 0.0, 1.0],
                [1.0, 0.0, 0.0, 0.0, 0.0, 1.0, 0.0, 0.05, 0.0, 0.0, 1.0, 0.0, 0.0, 0.0, 0.0, 1.0],
                [1.0, 0.0, 0.0, 0.0, 0.0, 1.0, 0.0, 0.05, 0.0, 0.0, 1.0, -0.0, 0.0, 0.0, 0.0, 1.0]
            ]
        },
        {
            "name": "Chest",
            "time": [0.0, 0.2167, 0.2667, 0.35, 0.5, 0.8, 1.05],
            "transform": [
                [1.0, 0.0, 0.0, 0.0, 0.0, 0.988463, -0.15146, 0.3, 0.0, 0.15146, 0.988463, -0.0, 0.0, 0.0, 0.0, 1.0],
                [1.0, 0.0, 0.0, 0.0, 0.0, 0.934626, -0.355632, 0.3, 0.0, 0.355632, 0.934626, 0.0, 0.0, 0.0, 0.0, 1.0],
                [1.0, 0.0, 0.0, 0.0, 0.0, 0.955771, -0.294111, 0.3, 0.0, 0.294111, 0.955771, 0.0, 0.0, 0.0, 0.0, 1.0],
                [1.0, 0.0, 0.0, 0.0, 0.0, 1.0, 0.0, 0.3, 0.0, 0.0, 1.0, 0.0, 0.0, 0.0, 0.0, 1.0],
                [1.0, 0.0, 0.0, 0.0, 0.0, 0.813489, 0.58158, 0.3, 0.0, -0.58158, 0.813489, -0.0, 0.0, 0.0, 0.0, 1.0],
                [1.0, 0.0, 0.0, 0.0, 0.0, 0.813489, 0.58158, 0.3, 0.0, -0.58158, 0.813489, -0.0, 0.0, 0.0, 0.0, 1.0],
                [1.0, 0.0, 0.0, 0.0, 0.0, 0.978063, 0.208309, 0.3, 0.0, -0.208309, 0.978063, -0.0, 0.0, 0.0, 0.0, 1.0]
            ]
        },
        {
            "name": "Head",
            "time": [0.0, 0.2167, 0.2667, 0.35, 0.5, 0.5667, 0.8, 1.05],
            "transform": [
                [1.0, 0.0, 0.0, 0.0, 0.0, 0.976124, -0.217214, 0.4, 0.0, 0.217214, 0.976124, -0.0, 0.0, 0.0, 0.0, 1.0],
                [1.0, 0.0, 0.0, 0.0, 0.0, 0.865872, -0.500265, 0.4, 0.0, 0.500265, 0.865872, -0.0, 0.0, 0.0, 0.0, 1.0],
                [1.0, 0.0, 0.0, 0.0, 0.0, 0.58422, -0.811595, 0.4, 0.0, 0.811595, 0.58422, -0.0, 0.0, 0.0, 0.0, 1.0],
                [1.0, 0.0, 0.0, 0.0, 0.0, 0.798192, -0.602404, 0.4, 0.0, 0.602404, 0.798192, 0.0, 0.0, 0.0, 0.0, 1.0],
                [1.0, 0.0, 0.0, 0.0, 0.0, 0.905026, 0.425357, 0.4, 0.0, -0.425357, 0.905026, 0.0, 0.0, 0.0, 0.0, 1.0],
                [1.0, 0.0, 0.0, 0.0, 0.0, 0.832523, 0.55399, 0.4, 0.0, -0.55399, 0.832523, 0.0, 0.0, 0.0, 0.0, 1.0],
                [1.0, 0.0, 0.0, 0.0, 0.0, 0.832523, 0.55399, 0.4, 0.0, -0.55399, 0.832523, 0.0, 0.0, 0.0, 0.0, 1.0],
                [1.0, 0.0, 0.0, 0.0, 0.0, 0.980347, 0.197283, 0.4, 0.0, -0.197283, 0.980347, 0.0, 0.0, 0.0, 0.0, 1.0]
            ]
        },
        {
            "name": "Shoulder_R",
            "time": [0.0, 0.2167, 0.2667, 0.35, 0.5, 0.8, 1.05],
            "transform": [
                [0.0, 0.952114, 0.305743, 0.0, 0.0, -0.305743, 0.952114, 0.4, 1.0, 0.0, -0.0, -0.0, 0.0, 0.0, 0.0, 1.0],
                [0.0, 0.952114, 0.305743, 0.0, 0.0, -0.305743, 0.952114, 0.4, 1.0, 0.0, -0.0, -0.0, 0.0, 0.0, 0.0, 1.0],
                [0.03809, 0.955121, 0.293756, 0.0, 0.000147, -0.293974, 0.955813, 0.4, 0.999274, -0.036364, -0.011338, -0.0, 0.0, 0.0, 0.0, 1.0],
                [0.191204, 0.951606, 0.240597, 0.0, 0.00554, -0.246161, 0.969213, 0.4, 0.981535, -0.183984, -0.052339, 0.0, 0.0, 0.0, 0.0, 1.0],
                [0.410701, 0.89945, 0.149379, 0.0, 0.027764, -0.176095, 0.983981, 0.4, 0.911347, -0.399974, -0.097295, 0.0, 0.0, 0.0, 0.0, 1.0],
                [0.410701, 0.89945, 0.149379, 0.0, 0.027764, -0.176095, 0.983981, 0.4, 0.911347, -0.399974, -0.097295, 0.0, 0.0, 0.0, 0.0, 1.0],
                [0.143253, 0.955435, 0.258113, 0.0, 0.003012, -0.261223, 0.965274, 0.4, 0.989681, -0.137501, -0.040299, 0.0, 0.0, 0.0, 0.0, 1.0]
            ]
        },
        {
            "name": "Arm_R",
            "time": [0.0, 0.2167, 0.2667, 0.35, 0.5, 0.5667, 0.8, 1.05],
            "transform": [
                [-0.007082, -0.998618, -0.052071, -0.0, 0.967829, 0.006252, -0.251533, 0.393861, 0.251511, -0.052177, 0.966447, 0.0, 0.0, 0.0, 0.0, 1.0],
                [-0.072677, 0.802509, 0.592197, -0.0, 0.953267, -0.118694, 0.277837, 0.393861, 0.293257, 0.584714, -0.756379, 0.0, 0.0, 0.0, 0.0, 1.0],
                [0.484601, 0.733386, 0.476766, -0.0, 0.738585, -0.051028, -0.672226, 0.393861, -0.468673, 0.677894, -0.566396, 0.0, 0.0, 0.0, 0.0, 1.0],
                [0.615337, 0.331822, -0.715021, -0.0, -0.785141, 0.177339, -0.593383, 0.39386, -0.070097, 0.926523, 0.36965, 0.0, 0.0, 0.0, 0.0, 1.0],
                [0.192138, -0.980424, 0.043024, 0.0, 0.066027, -0.030827, -0.997341, 0.393861, 0.979144, 0.194468, 0.058811, 0.0, 0.0, 0.0, 0.0, 1.0],
                [-0.107499, -0.962725, 0.248205, 0.0, -0.046936, -0.244459, -0.968523, 0.393861, 0.993097, -0.115765, -0.018907, 0.0, 0.0, 0.0, 0.0, 1.0],
                [-0.107499, -0.962725, 0.248205, 0.0, -0.046936, -0.244459, -0.968523, 0.393861, 0.993097, -0.115765, -0.018907, 0.0, 0.0, 0.0, 0.0, 1.0],
                [-0.29367, -0.460308, -0.837779, 0.0, 0.765143, 0.41215, -0.49466, 0.39386, 0.572987, -0.786288, 0.231165, -0.0, 0.0, 0.0, 0.0, 1.0]
            ]
        },
        {
            "name": "Hand_R",
            "time": [0.0, 0.2167, 0.2667, 0.35, 0.5, 1.05],
            "transform": [
                [1.0, -0.0, -0.0, 0.0, 0.0, 0.995735, -0.092261, 0.3, 0.0, 0.092261, 0.995735, 0.0, 0.0, 0.0, 0.0, 1.0],
                [1.0, -1e-06, -0.0, -0.0, 1e-06, 0.930718, -0.365737, 0.3, 1e-06, 0.365737, 0.930718, -0.0, 0.0, 0.0, 0.0, 1.0],
                [1.0, -1e-06, -0.0, 0.0, 1e-06, 0.945722, -0.324979, 0.3, 0.0, 0.324979, 0.945721, 0.0, 0.0, 0.0, 0.0, 1.0],
                [1.0, -0.0, -0.0, 0.0, 0.0, 0.988052, -0.154119, 0.3, 0.0, 0.154119, 0.988052, -0.0, 0.0, 0.0, 0.0, 1.0],
                [1.0, 0.0, 0.0, 0.0, -0.0, 0.993938, 0.109947, 0.3, -0.0, -0.109947, 0.993937, 0.0, 0.0, 0.0, 0.0, 1.0],
                [1.0, 0.0, 0.0, -0.0, -0.0, 0.993938, 0.109947, 0.3, -0.0, -0.109947, 0.993937, -0.0, 0.0, 0.0, 0.0, 1.0]
            ]
        },
        {
            "name": "Tool_R",
            "time": [0.0, 1.05],
            "transform": [
                [1.0, 0.0, 0.0, 0.0, 0.0, -0.999836, 0.018122, 0.272858, 0.0, -0.018122, -0.999244, 0.0, 0.0, 0.0, 0.0, 1.0],
                [1.0, 0.0, 0.0, 0.0, 0.0, -0.999836, 0.018122, 0.272858, 0.0, -0.018122, -0.999244, 0.0, 0.0, 0.0, 0.0, 1.0]
            ]
        },
        {
            "name": "Elbow_R",
            "time": [0.0, 0.2167, 0.35, 1.05],
            "transform": [
                [-1.0, 0.0, -0.0, 0.0, 0.0, -0.0, -1.0, 0.3, -0.0, -1.0, 0.0, 0.0, 0.0, 0.0, 0.0, 1.0],
                [-1.0, 0.0, -0.0, -9.6e-05, 0.0, -0.0, -1.0, 0.351768, -0.0, -1.0, 0.0, 0.001058, 0.0, 0.0, 0.0, 1.0],
                [-1.0, 0.0, -0.0, 0.0, 0.0, -0.0, -1.0, 0.3, -0.0, -1.0, 0.0, -0.0, 0.0, 0.0, 0.0, 1.0],
                [-1.0, 0.0, -0.0, -0.0, 0.0, -0.0, -1.0, 0.3, -0.0, -1.0, 0.0, -0.0, 0.0, 0.0, 0.0, 1.0]
            ]
        },
        {
            "name": "Shoulder_L",
            "time": [0.0, 0.2167, 0.2667, 0.35, 0.5, 0.8, 1.05],
            "transform": [
                [-0.0, -0.952114, -0.305743, 0.0, 0.0, -0.305743, 0.952114, 0.4, -1.0, 0.0, 0.0, -0.0, 0.0, 0.0, 0.0, 1.0],
                [-0.0, -0.952114, -0.305743, 0.0, 0.0, -0.305743, 0.952114, 0.4, -1.0, -0.0, 0.0, -0.0, 0.0, 0.0, 0.0, 1.0],
                [0.036258, -0.955013, -0.29434, 0.0, -0.000296, -0.294544, 0.955638, 0.4, -0.999342, -0.034562, -0.010963, -0.0, 0.0, 0.0, 0.0, 1.0],
                [0.181999, -0.95256, -0.24394, 0.0, -0.005833, -0.249124, 0.968454, 0.4, -0.983281, -0.174835, -0.050896, 0.0, 0.0, 0.0, 0.0, 1.0],
                [0.391841, -0.906437, -0.157586, 0.0, -0.026925, -0.182508, 0.982836, 0.4, -0.919639, -0.380872, -0.09592, 0.0, 0.0, 0.0, 0.0, 1.0],
                [0.391841, -0.906437, -0.157586, 0.0, -0.026925, -0.182508, 0.982836, 0.4, -0.919639, -0.380872, -0.09592, 0.0, 0.0, 0.0, 0.0, 1.0],
                [0.13634, -0.955791, -0.260527, 0.0, -0.003339, -0.263425, 0.964674, 0.4, -0.990656, -0.130653, -0.039107, 0.0, 0.0, 0.0, 0.0, 1.0]
            ]
        },
        {
            "name": "Arm_L",
            "time": [0.0, 0.2167, 0.2667, 0.35, 0.5, 0.5667, 0.8, 1.05],
            "transform": [
                [0.047625, 0.990961, 0.125415, 0.0, -0.973531, 0.074149, -0.216194, 0.39386, -0.223539, -0.111799, 0.968262, -0.0, 0.0, 0.0, 0.0, 1.0],
                [-0.085217, -0.59064, -0.802423, -0.0, -0.976564, -0.110237, 0.184854, 0.39386, -0.197639, 0.799369, -0.567404, 0.0, 0.0, 0.0, 0.0, 1.0],
                [0.562924, -0.594721, -0.573953, 0.0, -0.643723, 0.120081, -0.755779, 0.39386, 0.518398, 0.794913, -0.315239, 0.0, 0.0, 0.0, 0.0, 1.0],
                [0.80786, -0.296869, 0.509147, -0.0, 0.581414, 0.259931, -0.770969, 0.39386, 0.096533, 0.91886, 0.382592, -0.0, 0.0, 0.0, 0.0, 1.0],
                [0.473397, 0.868213, 0.148667, -0.0, 0.489912, -0.119254, -0.863577, 0.39386, -0.732039, 0.481648, -0.481802, -0.0, 0.0, 0.0, 0.0, 1.0],
                [0.315994, 0.948694, -0.011275, -0.0, 0.571537, -0.199828, -0.795873, 0.39386, -0.757293, 0.245047, -0.605359, -0.0, 0.0, 0.0, 0.0, 1.0],
                [0.315994, 0.948694, -0.011275, -0.0, 0.571537, -0.199828, -0.795873, 0.39386, -0.757293, 0.245047, -0.605359, -0.0, 0.0, 0.0, 0.0, 1.0],
                [-0.271066, 0.45553, 0.847948, -0.0, -0.601756, 0.607365, -0.51865, 0.39386, -0.751274, -0.650846, 0.109482, -0.0, 0.0, 0.0, 0.0, 1.0]
            ]
        },
        {
            "name": "Hand_L",
            "time": [0.0, 0.2167, 0.2667, 0.35, 0.5, 0.8, 1.05],
            "transform": [
                [1.0, 0.0, 0.0, 0.0, -0.0, 0.986297, -0.164982, 0.3, -0.0, 0.164982, 0.986297, 0.0, 0.0, 0.0, 0.0, 1.0],
                [1.0, -0.0, 0.0, 0.0, 0.0, 0.8523, -0.523054, 0.3, -0.0, 0.523054, 0.8523, 0.0, 0.0, 0.0, 0.0, 1.0],
                [1.0, -0.0, 0.0, 0.0, 0.0, 0.881583, -0.47203, 0.3, 0.0, 0.47203, 0.881582, -0.0, 0.0, 0.0, 0.0, 1.0],
                [1.0, -0.0, 0.0, -0.0, 0.0, 0.968645, -0.24845, 0.3, -0.0, 0.24845, 0.968645, -0.0, 0.0, 0.0, 0.0, 1.0],
                [1.0, 0.0, 0.0, 0.0, -0.0, 0.993937, 0.109947, 0.3, -0.0, -0.109947, 0.993937, 0.0, 0.0, 0.0, 0.0, 1.0],
                [1.0, -0.0, 0.0, -0.0, 0.0, 0.993937, 0.109947, 0.3, -0.0, -0.109947, 0.993937, 0.0, 0.0, 0.0, 0.0, 1.0],
                [1.0, 0.0, 0.0, -0.0, -0.0, 0.993937, 0.109947, 0.3, -0.0, -0.109947, 0.993937, -0.0, 0.0, 0.0, 0.0, 1.0]
            ]
        },
        {
            "name": "Tool_L",
            "time": [0.0, 1.05],
            "transform": [
                [1.0, 0.0, 0.0, -0.0, 0.0, -0.999836, 0.018122, 0.272858, 0.0, -0.018122, -0.999248, 0.0, 0.0, 0.0, 0.0, 1.0],
                [1.0, 0.0, 0.0, -0.0, -0.0, -0.999836, 0.018122, 0.272858, 0.0, -0.018122, -0.999248, 0.0, 0.0, 0.0, 0.0, 1.0]
            ]
        },
        {
            "name": "Elbow_L",
            "time": [0.0, 0.2167, 0.35, 1.05],
            "transform": [
                [-1.0, 0.0, -0.0, 0.0, 0.0, -0.0, -1.0, 0.3, -0.0, -1.0, -0.0, 0.0, 0.0, 0.0, 0.0, 1.0],
                [-1.0, 0.0, -0.0, -0.000465, 0.0, -0.0, -1.0, 0.352949, -0.0, -1.0, -0.0, -0.005307, 0.0, 0.0, 0.0, 1.0],
                [-1.0, 0.0, -0.0, -0.0, 0.0, -0.0, -1.0, 0.3, -0.0, -1.0, 0.0, -0.0, 0.0, 0.0, 0.0, 1.0],
                [-1.0, 0.0, 0.0, -0.0, -0.0, -0.0, -1.0, 0.3, -0.0, -1.0, -0.0, -0.0, 0.0, 0.0, 0.0, 1.0]
            ]
        }
    ]
}