{
    "animation": [
        {
            "name": "Root",
            "time": [0.0, 0.05, 0.1333, 0.25, 0.2833, 0.3667, 0.5],
            "transform": [
                [1.0, 0.0, 0.0, -5e-06, 0.0, 0.0, -1.0, 0.000946, 0.0, 1.0, 0.0, 0.729808, 0.0, 0.0, 0.0, 1.0],
                [1.0, 0.0, 0.0, -5e-06, 0.0, 0.0, -1.0, 0.000946, 0.0, 1.0, 0.0, 0.739477, 0.0, 0.0, 0.0, 1.0],
                [1.0, 0.0, 0.0, -5e-06, 0.0, 0.0, -1.0, 0.000946, 0.0, 1.0, 0.0, 0.764948, 0.0, 0.0, 0.0, 1.0],
                [1.0, 0.0, 0.0, -5e-06, 0.0, 0.0, -1.0, 0.000946, 0.0, 1.0, 0.0, 0.729808, 0.0, 0.0, 0.0, 1.0],
                [1.0, 0.0, 0.0, -5e-06, 0.0, 0.0, -1.0, 0.000946, 0.0, 1.0, 0.0, 0.739477, 0.0, 0.0, 0.0, 1.0],
                [1.0, 0.0, 0.0, -5e-06, 0.0, 0.0, -1.0, 0.000946, 0.0, 1.0, 0.0, 0.764948, 0.0, 0.0, 0.0, 1.0],
                [1.0, 0.0, 0.0, -5e-06, 0.0, 0.0, -1.0, 0.000946, 0.0, 1.0, 0.0, 0.729808, 0.0, 0.0, 0.0, 1.0]
            ]
        },
        {
            "name": "Thigh_R",
            "time": [0.0, 0.05, 0.1333, 0.25, 0.2833, 0.3667, 0.5],
            "transform": [
                [1.0, -0.0, -0.0, 0.124994, 0.0, -0.906306, 0.422619, -0.002831, -0.0, -0.422618, -0.906308, -1.2e-05, 0.0, 0.0, 0.0, 1.0],
                [1.0, -0.0, -0.0, 0.124994, 0.0, -0.933931, 0.357448, -0.002831, -0.0, -0.357447, -0.933933, -1.2e-05, 0.0, 0.0, 0.0, 1.0],
                [1.0, -0.0, -0.0, 0.124994, 0.0, -0.999046, 0.04362, -0.002831, -0.0, -0.043619, -0.999049, -1.2e-05, 0.0, 0.0, 0.0, 1.0],
                [1.0, -0.0, 0.0, 0.124994, 0.0, -0.939691, -0.34202, -0.002831, 0.0, 0.342019, -0.939693, -1.2e-05, 0.0, 0.0, 0.0, 1.0],
                [1.0, -0.0, -0.0, 0.124994, 0.0, -0.987016, -0.160606, -0.002831, 0.0, 0.160606, -0.987019, -1.2e-05, 0.0, 0.0, 0.0, 1.0],
                [1.0, -0.0, -0.0, 0.124994, 0.0, -0.923877, 0.382684, -0.002831, -0.0, -0.382683, -0.92388, -1.2e-05, 0.0, 0.0, 0.0, 1.0],
                [1.0, -0.0, -0.0, 0.124994, 0.0, -0.906306, 0.422619, -0.002831, -0.0, -0.422618, -0.906308, -1.2e-05, 0.0, 0.0, 0.0, 1.0]
            ]
        },
        {
            "name": "Leg_R",
            "time": [0.0, 0.05, 0.1333, 0.25, 0.2833, 0.3667, 0.5],
            "transform": [
                [1.0, 0.0, 1e-06, 0.0, -1e-06, 0.906308, 0.422618, 0.37472, -1e-06, -0.422618, 0.906308, 0.0, 0.0, 0.0, 0.0, 1.0],
                [1.0, 0.0, 1e-06, 0.0, -1e-06, 0.942607, 0.333904, 0.37472, -1e-06, -0.333904, 0.942607, -0.0, 0.0, 0.0, 0.0, 1.0],
                [1.0, 0.0, 1e-06, 0.0, -0.0, 0.996195, 0.087156, 0.37472, -1e-06, -0.087156, 0.996195, 0.0, 0.0, 0.0, 0.0, 1.0],
                [1.0, 0.0, 1e-06, 0.0, -0.0, 0.996195, 0.087156, 0.37472, -1e-06, -0.087156, 0.996195, 0.0, 0.0, 0.0, 0.0, 1.0],
                [1.0, 0.0, 1e-06, 0.0, -0.0, 0.961584, 0.274512, 0.37472, -1e-06, -0.274512, 0.961584, 0.0, 0.0, 0.0, 0.0, 1.0],
                [1.0, 0.0, 1e-06, 0.0, -1e-06, 0.707107, 0.707107, 0.37472, -0.0, -0.707107, 0.707107, 0.0, 0.0, 0.0, 0.0, 1.0],
                [1.0, 0.0, 1e-06, 0.0, -1e-06, 0.906308, 0.422618, 0.37472, -1e-06, -0.422618, 0.906308, 0.0, 0.0, 0.0, 0.0, 1.0]
            ]
        },
        {
            "name": "Knee_R",
            "time": [0.0, 0.1333, 0.2833, 0.3667, 0.5],
            "transform": [
                [1.0, 0.0, -0.0, 1.7e-05, -0.0, 1e-06, -1.0, 0.378555, -0.0, 1.0, 1e-06, 0.002333, 0.0, 0.0, 0.0, 1.0],
                [1.0, 0.0, -0.0, 0.0, -0.0, 1e-06, -1.0, 0.37472, -0.0, 1.0, 1e-06, 0.0, 0.0, 0.0, 0.0, 1.0],
                [1.0, 0.0, -0.0, 0.0, -0.0, 1e-06, -1.0, 0.37472, -0.0, 1.0, 1e-06, 0.0, 0.0, 0.0, 0.0, 1.0],
                [1.0, 0.0, -0.0, 0.0002, -0.0, 1e-06, -1.0, 0.405936, -0.0, 1.0, 1e-06, 0.000544, 0.0, 0.0, 0.0, 1.0],
                [1.0, 0.0, -0.0, 1.7e-05, -0.0, 1e-06, -1.0, 0.378555, -0.0, 1.0, 1e-06, 0.002333, 0.0, 0.0, 0.0, 1.0]
            ]
        },
        {
            "name": "Thigh_L",
            "time": [0.0, 0.05, 0.1333, 0.25, 0.2833, 0.3667, 0.5],
            "transform": [
                [1.0, -0.0, 0.0, -0.125006, 0.0, -0.939693, -0.342019, -0.002831, 0.0, 0.34202, -0.939693, -1.2e-05, 0.0, 0.0, 0.0, 1.0],
                [1.0, -0.0, -0.0, -0.125006, 0.0, -0.987018, -0.160606, -0.002831, 0.0, 0.160606, -0.987018, -1.2e-05, 0.0, 0.0, 0.0, 1.0],
                [1.0, -0.0, -0.0, -0.125006, 0.0, -0.923879, 0.382684, -0.002831, -0.0, -0.382684, -0.923879, -1.2e-05, 0.0, 0.0, 0.0, 1.0],
                [1.0, -0.0, -0.0, -0.125006, 0.0, -0.906307, 0.422619, -0.002831, -0.0, -0.422618, -0.906308, -1.2e-05, 0.0, 0.0, 0.0, 1.0],
                [1.0, -0.0, -0.0, -0.125006, 0.0, -0.934143, 0.356898, -0.002831, -0.0, -0.356898, -0.934143, -1.2e-05, 0.0, 0.0, 0.0, 1.0],
                [1.0, -0.0, -0.0, -0.125006, 0.0, -0.999048, 0.04362, -0.002831, -0.0, -0.04362, -0.999048, -1.2e-05, 0.0, 0.0, 0.0, 1.0],
                [1.0, -0.0, 0.0, -0.125006, 0.0, -0.939693, -0.342019, -0.002831, 0.0, 0.34202, -0.939693, -1.2e-05, 0.0, 0.0, 0.0, 1.0]
            ]
        },
        {
            "name": "Leg_L",
            "time": [0.0, 0.05, 0.1333, 0.25, 0.2833, 0.3667, 0.5],
            "transform": [
                [1.0, 0.0, 1e-06, -0.0, -0.0, 0.996195, 0.087156, 0.37472, -1e-06, -0.087156, 0.996195, 0.0, 0.0, 0.0, 0.0, 1.0],
                [1.0, 0.0, 1e-06, -0.0, -0.0, 0.947904, 0.318556, 0.37472, -1e-06, -0.318556, 0.947904, 0.0, 0.0, 0.0, 0.0, 1.0],
                [1.0, -0.0, 1e-06, 0.0, -1e-06, 0.573576, 0.819152, 0.37472, -0.0, -0.819152, 0.573576, 0.0, 0.0, 0.0, 0.0, 1.0],
                [1.0, 0.0, 1e-06, 0.0, -1e-06, 0.906308, 0.422618, 0.37472, -1e-06, -0.422618, 0.906308, 0.0, 0.0, 0.0, 0.0, 1.0],
                [1.0, 0.0, 1e-06, -0.0, -0.0, 0.964614, 0.263667, 0.37472, -1e-06, -0.263666, 0.964614, 0.0, 0.0, 0.0, 0.0, 1.0],
                [1.0, 0.0, 1e-06, -0.0, -0.0, 0.996195, 0.087156, 0.37472, -1e-06, -0.087156, 0.996195, -0.0, 0.0, 0.0, 0.0, 1.0],
                [1.0, 0.0, 1e-06, -0.0, -0.0, 0.996195, 0.087156, 0.37472, -1e-06, -0.087156, 0.996195, 0.0, 0.0, 0.0, 0.0, 1.0]
            ]
        },
        {
            "name": "Knee_L",
            "time": [0.0, 0.1333, 0.25, 0.3667, 0.5],
            "transform": [
                [1.0, 0.0, -0.0, -0.0, -0.0, 1e-06, -1.0, 0.37472, -0.0, 1.0, 1e-06, 0.0, 0.0, 0.0, 0.0, 1.0],
                [1.0, 0.0, -0.0, 0.000314, -0.0, 1e-06, -1.0, 0.422316, -0.0, 1.0, 1e-06, -0.002198, 0.0, 0.0, 0.0, 1.0],
                [1.0, 0.0, -0.0, 7.8e-05, -0.0, 1e-06, -1.0, 0.386452, -0.0, 1.0, 1e-06, -0.00135, 0.0, 0.0, 0.0, 1.0],
                [1.0, 0.0, -0.0, -0.0, -0.0, 1e-06, -1.0, 0.37472, -0.0, 1.0, 1e-06, -0.0, 0.0, 0.0, 0.0, 1.0],
                [1.0, 0.0, -0.0, -0.0, -0.0, 1e-06, -1.0, 0.37472, -0.0, 1.0, 1e-06, 0.0, 0.0, 0.0, 0.0, 1.0]
            ]
        },
        {
            "name": "Torso",
            "time": [0.0, 0.05, 0.1333, 0.25, 0.2833, 0.3667, 0.5],
            "transform": [
                [0.996128, 0.087212, 0.011047, 0.0, -0.087148, 0.963173, 0.254367, 0.05, 0.011543, -0.254345, 0.967045, 0.0, 0.0, 0.0, 0.0, 1.0],
                [0.997147, 0.074884, 0.009548, 0.0, -0.074837, 0.963981, 0.255227, 0.05, 0.009908, -0.255213, 0.966834, 0.0, 0.0, 0.0, 0.0, 1.0],
                [1.0, 2.7e-05, 0.000241, 0.0, -8.9e-05, 0.9656, 0.260032, 0.05, -0.000226, -0.260032, 0.9656, 0.0, 0.0, 0.0, 0.0, 1.0],
                [0.996137, -0.087119, -0.011036, 0.0, 0.086926, 0.960397, 0.264727, 0.05, -0.012464, -0.264664, 0.96426, 0.0, 0.0, 0.0, 0.0, 1.0],
                [0.997154, -0.074801, -0.009413, 0.0, 0.074627, 0.961598, 0.264123, 0.05, -0.010706, -0.264073, 0.964443, 0.0, 0.0, 0.0, 0.0, 1.0],
                [1.0, 2.7e-05, 0.000241, 0.0, -8.9e-05, 0.9656, 0.260032, 0.05, -0.000226, -0.260032, 0.9656, 0.0, 0.0, 0.0, 0.0, 1.0],
                [0.996128, 0.087212, 0.011047, 0.0, -0.087148, 0.963173, 0.254367, 0.05, 0.011543, -0.254345, 0.967045, 0.0, 0.0, 0.0, 0.0, 1.0]
            ]
        },
        {
            "name": "Chest",
            "time": [0.0, 0.5],
            "transform": [
                [1.0, -0.0, -0.0, 0.0, -0.0, 1.0, -0.0, 0.3, -0.0, 0.0, 1.0, 0.0, 0.0, 0.0, 0.0, 1.0],
                [1.0, -0.0, -0.0, 0.0, -0.0, 1.0, -0.0, 0.3, -0.0, 0.0, 1.0, 0.0, 0.0, 0.0, 0.0, 1.0]
            ]
        },
        {
            "name": "Head",
            "time": [0.0, 0.05, 0.1333, 0.25, 0.2833, 0.3667, 0.5],
            "transform": [
                [0.992147, 0.113518, 0.052516, -0.0, -0.096333, 0.961325, -0.258021, 0.4, -0.079775, 0.250936, 0.964711, 0.0, 0.0, 0.0, 0.0, 1.0],
                [0.990791, 0.124986, 0.052073, 0.0, -0.108497, 0.962947, -0.246904, 0.4, -0.081003, 0.23898, 0.96764, -0.0, 0.0, 0.0, 0.0, 1.0],
                [0.996836, 0.073422, 0.030462, 0.0, -0.064533, 0.971241, -0.229186, 0.4, -0.046413, 0.226495, 0.972906, 0.0, 0.0, 0.0, 0.0, 1.0],
                [0.99732, -0.065875, -0.031831, 0.0, 0.057629, 0.975366, -0.212934, 0.4, 0.045074, 0.210529, 0.976548, 0.0, 0.0, 0.0, 0.0, 1.0],
                [0.996074, -0.079847, -0.038209, 0.0, 0.069996, 0.974724, -0.212166, 0.4, 0.054184, 0.208658, 0.976486, 0.0, 0.0, 0.0, 0.0, 1.0],
                [0.999821, -0.0173, -0.007671, 0.0, 0.015126, 0.974131, -0.225479, 0.4, 0.011374, 0.225322, 0.974218, 0.0, 0.0, 0.0, 0.0, 1.0],
                [0.992147, 0.113518, 0.052516, -0.0, -0.096333, 0.961325, -0.258021, 0.4, -0.079775, 0.250936, 0.964711, 0.0, 0.0, 0.0, 0.0, 1.0]
            ]
        },
        {
            "name": "Shoulder_R",
            "time": [0.0, 0.5],
            "transform": [
                [0.0, 0.952114, 0.305743, -0.0, -0.0, -0.305743, 0.952114, 0.4, 1.0, -0.0, -0.0, 0.0, 0.0, 0.0, 0.0, 1.0],
                [0.0, 0.952114, 0.305743, -0.0, -0.0, -0.305743, 0.952114, 0.4, 1.0, -0.0, -0.0, 0.0, 0.0, 0.0, 0.0, 1.0]
            ]
        },
        {
            "name": "Arm_R",
            "time": [0.0, 0.5],
            "transform": [
                [-0.073424, -0.961521, 0.264738, 0.0, 0.954607, -0.144597, -0.260419, 0.393861, 0.288679, 0.233599, 0.928491, 0.0, 0.0, 0.0, 0.0, 1.0],
                [-0.073424, -0.961521, 0.264738, 0.0, 0.954607, -0.144597, -0.260419, 0.393861, 0.288679, 0.233599, 0.928491, 0.0, 0.0, 0.0, 0.0, 1.0]
            ]
        },
        {
            "name": "Hand_R",
            "time": [0.0, 0.5],
            "transform": [
                [0.999995, 0.003112, 0.000981, 0.0, -0.003201, 0.993939, 0.109885, 0.3, -0.000633, -0.109888, 0.993944, -0.0, 0.0, 0.0, 0.0, 1.0],
                [0.999995, 0.003112, 0.000981, 0.0, -0.003201, 0.993939, 0.109885, 0.3, -0.000633, -0.109888, 0.993944, -0.0, 0.0, 0.0, 0.0, 1.0]
            ]
        },
        {
            "name": "Tool_R",
            "time": [0.0, 0.5],
            "transform": [
                [1.0, 0.0, 0.0, 0.0, 0.0, -0.999836, 0.018122, 0.272858, 0.0, -0.018122, -0.999244, -0.0, 0.0, 0.0, 0.0, 1.0],
                [1.0, 0.0, 0.0, 0.0, 0.0, -0.999836, 0.018122, 0.272858, 0.0, -0.018122, -0.999244, -0.0, 0.0, 0.0, 0.0, 1.0]
            ]
        },
        {
            "name": "Elbow_R",
            "time": [0.0, 0.5],
            "transform": [
                [-1.0, 0.0, -0.0, 0.0, 0.0, -0.0, -1.0, 0.3, -0.0, -1.0, 0.0, -0.0, 0.0, 0.0, 0.0, 1.0],
                [-1.0, 0.0, -0.0, 0.0, 0.0, -0.0, -1.0, 0.3, -0.0, -1.0, 0.0, -0.0, 0.0, 0.0, 0.0, 1.0]
            ]
        },
        {
            "name": "Shoulder_L",
            "time": [0.0, 0.5],
            "transform": [
                [-0.0, -0.952114, -0.305743, -0.0, 0.0, -0.305743, 0.952114, 0.4, -1.0, 0.0, 0.0, 0.0, 0.0, 0.0, 0.0, 1.0],
                [-0.0, -0.952114, -0.305743, -0.0, 0.0, -0.305743, 0.952114, 0.4, -1.0, 0.0, 0.0, 0.0, 0.0, 0.0, 0.0, 1.0]
            ]
        },
        {
            "name": "Arm_L",
            "time": [0.0, 0.5],
            "transform": [
                [0.058541, 0.962502, -0.264883, 0.0, -0.94309, -0.033684, -0.330827, 0.39386, -0.327344, 0.269175, 0.905754, 0.0, 0.0, 0.0, 0.0, 1.0],
                [0.058541, 0.962502, -0.264883, 0.0, -0.94309, -0.033684, -0.330827, 0.39386, -0.327344, 0.269175, 0.905754, 0.0, 0.0, 0.0, 0.0, 1.0]
            ]
        },
        {
            "name": "Hand_L",
            "time": [0.0, 0.5],
            "transform": [
                [0.999952, 0.009532, -0.002114, 0.0, -0.009242, 0.993913, 0.109777, 0.3, 0.003147, -0.109752, 0.993954, -0.0, 0.0, 0.0, 0.0, 1.0],
                [0.999952, 0.009532, -0.002114, 0.0, -0.009242, 0.993913, 0.109777, 0.3, 0.003147, -0.109752, 0.993954, -0.0, 0.0, 0.0, 0.0, 1.0]
            ]
        },
        {
            "name": "Tool_L",
            "time": [0.0, 0.5],
            "transform": [
                [1.0, 0.0, 0.0, 0.0, 0.0, -0.999836, 0.018122, 0.272858, 0.0, -0.018122, -0.999248, -0.0, 0.0, 0.0, 0.0, 1.0],
                [1.0, 0.0, 0.0, 0.0, 0.0, -0.999836, 0.018122, 0.272858, 0.0, -0.018122, -0.999248, -0.0, 0.0, 0.0, 0.0, 1.0]
            ]
        },
        {
            "name": "Elbow_L",
            "time": [0.0, 0.5],
            "transform": [
                [-1.0, 0.0, -0.0, 0.0, 0.0, -0.0, -1.0, 0.3, -0.0, -1.0, -0.0, -0.0, 0.0, 0.0, 0.0, 1.0],
                [-1.0, 0.0, -0.0, 0.0, 0.0, -0.0, -1.0, 0.3, -0.0, -1.0, -0.0, -0.0, 0.0, 0.0, 0.0, 1.0]
            ]
        }
    ]
}