{
    "animation": [
        {
            "name": "Root",
            "time": [0.0, 0.0833, 0.1833, 0.35, 0.45, 0.5333, 0.7167],
            "transform": [
                [1.0, 0.0, 0.0, -5e-06, 0.0, 0.0, -1.0, 0.000946, 0.0, 1.0, 0.0, 0.729808, 0.0, 0.0, 0.0, 1.0],
                [1.0, 0.0, 0.0, -5e-06, 0.0, 0.0, -1.0, 0.000946, 0.0, 1.0, 0.0, 0.747378, 0.0, 0.0, 0.0, 1.0],
                [1.0, 0.0, 0.0, -5e-06, 0.0, 0.0, -1.0, 0.000946, 0.0, 1.0, 0.0, 0.764948, 0.0, 0.0, 0.0, 1.0],
                [1.0, 0.0, 0.0, -5e-06, 0.0, 0.0, -1.0, 0.000946, 0.0, 1.0, 0.0, 0.729808, 0.0, 0.0, 0.0, 1.0],
                [1.0, 0.0, 0.0, -5e-06, 0.0, 0.0, -1.0, 0.000946, 0.0, 1.0, 0.0, 0.747378, 0.0, 0.0, 0.0, 1.0],
                [1.0, 0.0, 0.0, -5e-06, 0.0, 0.0, -1.0, 0.000946, 0.0, 1.0, 0.0, 0.764948, 0.0, 0.0, 0.0, 1.0],
                [1.0, 0.0, 0.0, -5e-06, 0.0, 0.0, -1.0, 0.000946, 0.0, 1.0, 0.0, 0.729808, 0.0, 0.0, 0.0, 1.0]
            ]
        },
        {
            "name": "Thigh_R",
            "time": [0.0, 0.0833, 0.1833, 0.35, 0.45, 0.5333, 0.7167],
            "transform": [
                [1.0, -0.0, -0.0, 0.124994, 0.0, -0.906306, 0.422619, -0.002831, -0.0, -0.422618, -0.906308, -1.2e-05, 0.0, 0.0, 0.0, 1.0],
                [1.0, -0.0, -0.0, 0.124994, 0.0, -0.955516, 0.294934, -0.002831, -0.0, -0.294933, -0.955518, -1.2e-05, 0.0, 0.0, 0.0, 1.0],
                [1.0, -0.0, -0.0, 0.124994, 0.0, -0.999046, 0.04362, -0.002831, -0.0, -0.043619, -0.999049, -1.2e-05, 0.0, 0.0, 0.0, 1.0],
                [1.0, -0.0, 0.0, 0.124994, 0.0, -0.939691, -0.34202, -0.002831, 0.0, 0.342019, -0.939693, -1.2e-05, 0.0, 0.0, 0.0, 1.0],
                [1.0, -0.0, -0.0, 0.124994, 0.0, -0.999997, -0.00116, -0.002831, -0.0, 0.001161, -1.0, -1.2e-05, 0.0, 0.0, 0.0, 1.0],
                [1.0, -0.0, -0.0, 0.124994, 0.0, -0.923877, 0.382684, -0.002831, -0.0, -0.382683, -0.92388, -1.2e-05, 0.0, 0.0, 0.0, 1.0],
                [1.0, -0.0, -0.0, 0.124994, 0.0, -0.906306, 0.422619, -0.002831, -0.0, -0.422618, -0.906308, -1.2e-05, 0.0, 0.0, 0.0, 1.0]
            ]
        },
        {
            "name": "Leg_R",
            "time": [0.0, 0.0833, 0.1833, 0.35, 0.45, 0.5333, 0.7167],
            "transform": [
                [1.0, 0.0, 1e-06, 0.0, -1e-06, 0.906308, 0.422618, 0.37472, -1e-06, -0.422618, 0.906308, 0.0, 0.0, 0.0, 0.0, 1.0],
                [1.0, 0.0, 1e-06, 0.0, -1e-06, 0.965926, 0.258819, 0.37472, -1e-06, -0.258819, 0.965926, -0.0, 0.0, 0.0, 0.0, 1.0],
                [1.0, 0.0, 1e-06, 0.0, -0.0, 0.996195, 0.087156, 0.37472, -1e-06, -0.087156, 0.996195, 0.0, 0.0, 0.0, 0.0, 1.0],
                [1.0, 0.0, 1e-06, 0.0, -0.0, 0.996195, 0.087156, 0.37472, -1e-06, -0.087156, 0.996195, 0.0, 0.0, 0.0, 0.0, 1.0],
                [1.0, 0.0, 1e-06, 0.0, -1e-06, 0.906308, 0.422618, 0.37472, -1e-06, -0.422618, 0.906308, -0.0, 0.0, 0.0, 0.0, 1.0],
                [1.0, 0.0, 1e-06, 0.0, -1e-06, 0.707107, 0.707107, 0.37472, -0.0, -0.707107, 0.707107, 0.0, 0.0, 0.0, 0.0, 1.0],
                [1.0, 0.0, 1e-06, 0.0, -1e-06, 0.906308, 0.422618, 0.37472, -1e-06, -0.422618, 0.906308, 0.0, 0.0, 0.0, 0.0, 1.0]
            ]
        },
        {
            "name": "Knee_R",
            "time": [0.0, 0.0833, 0.45, 0.5333, 0.7167],
            "transform": [
                [1.0, 0.0, -0.0, 7.3e-05, -0.0, 1e-06, -1.0, 0.381238, -0.0, 1.0, 1e-06, -0.000749, 0.0, 0.0, 0.0, 1.0],
                [1.0, 0.0, -0.0, 0.0, -0.0, 1e-06, -1.0, 0.37472, -0.0, 1.0, 1e-06, -0.0, 0.0, 0.0, 0.0, 1.0],
                [1.0, 0.0, -0.0, 0.0, -0.0, 1e-06, -1.0, 0.37472, -0.0, 1.0, 1e-06, -0.0, 0.0, 0.0, 0.0, 1.0],
                [1.0, 0.0, -0.0, 0.0, -0.0, 1e-06, -1.0, 0.401534, -0.0, 1.0, 1e-06, -0.000327, 0.0, 0.0, 0.0, 1.0],
                [1.0, 0.0, -0.0, 7.3e-05, -0.0, 1e-06, -1.0, 0.381238, -0.0, 1.0, 1e-06, -0.000749, 0.0, 0.0, 0.0, 1.0]
            ]
        },
        {
            "name": "Thigh_L",
            "time": [0.0, 0.0833, 0.1833, 0.35, 0.45, 0.5333, 0.7167],
            "transform": [
                [1.0, -0.0, 0.0, -0.125006, 0.0, -0.939693, -0.342019, -0.002831, 0.0, 0.34202, -0.939693, -1.2e-05, 0.0, 0.0, 0.0, 1.0],
                [1.0, -0.0, -0.0, -0.125006, 0.0, -0.999999, -0.00116, -0.002831, -0.0, 0.001161, -0.999999, -1.2e-05, 0.0, 0.0, 0.0, 1.0],
                [1.0, -0.0, -0.0, -0.125006, 0.0, -0.923879, 0.382684, -0.002831, -0.0, -0.382684, -0.923879, -1.2e-05, 0.0, 0.0, 0.0, 1.0],
                [1.0, -0.0, -0.0, -0.125006, 0.0, -0.906307, 0.422619, -0.002831, -0.0, -0.422618, -0.906308, -1.2e-05, 0.0, 0.0, 0.0, 1.0],
                [1.0, -0.0, -0.0, -0.125006, 0.0, -0.955638, 0.294542, -0.002831, -0.0, -0.294541, -0.955639, -1.2e-05, 0.0, 0.0, 0.0, 1.0],
                [1.0, -0.0, -0.0, -0.125006, 0.0, -0.999048, 0.04362, -0.002831, -0.0, -0.04362, -0.999048, -1.2e-05, 0.0, 0.0, 0.0, 1.0],
                [1.0, -0.0, 0.0, -0.125006, 0.0, -0.939693, -0.342019, -0.002831, 0.0, 0.34202, -0.939693, -1.2e-05, 0.0, 0.0, 0.0, 1.0]
            ]
        },
        {
            "name": "Leg_L",
            "time": [0.0, 0.0833, 0.1833, 0.35, 0.45, 0.5333, 0.7167],
            "transform": [
                [1.0, 0.0, 1e-06, -0.0, -0.0, 0.996195, 0.087156, 0.37472, -1e-06, -0.087156, 0.996195, 0.0, 0.0, 0.0, 0.0, 1.0],
                [1.0, 0.0, 1e-06, -0.0, -1e-06, 0.866448, 0.499268, 0.37472, -1e-06, -0.499268, 0.866448, 0.0, 0.0, 0.0, 0.0, 1.0],
                [1.0, -0.0, 1e-06, 0.0, -1e-06, 0.573576, 0.819152, 0.37472, -0.0, -0.819152, 0.573576, 0.0, 0.0, 0.0, 0.0, 1.0],
                [1.0, 0.0, 1e-06, 0.0, -1e-06, 0.906308, 0.422618, 0.37472, -1e-06, -0.422618, 0.906308, 0.0, 0.0, 0.0, 0.0, 1.0],
                [1.0, 0.0, 1e-06, -0.0, -0.0, 0.980075, 0.198626, 0.37472, -1e-06, -0.198626, 0.980075, 0.0, 0.0, 0.0, 0.0, 1.0],
                [1.0, 0.0, 1e-06, -0.0, -0.0, 0.996195, 0.087156, 0.37472, -1e-06, -0.087156, 0.996195, -0.0, 0.0, 0.0, 0.0, 1.0],
                [1.0, 0.0, 1e-06, -0.0, -0.0, 0.996195, 0.087156, 0.37472, -1e-06, -0.087156, 0.996195, 0.0, 0.0, 0.0, 0.0, 1.0]
            ]
        },
        {
            "name": "Knee_L",
            "time": [0.0, 0.0833, 0.1833, 0.35, 0.45, 0.7167],
            "transform": [
                [1.0, 0.0, -0.0, -0.0, -0.0, 1e-06, -1.0, 0.37472, -0.0, 1.0, 1e-06, 0.0, 0.0, 0.0, 0.0, 1.0],
                [1.0, 0.0, -0.0, 0.0, -0.0, 1e-06, -1.0, 0.393739, -0.0, 1.0, 1e-06, 2.2e-05, 0.0, 0.0, 0.0, 1.0],
                [1.0, 0.0, -0.0, 0.0, -0.0, 1e-06, -1.0, 0.420494, -0.0, 1.0, 1e-06, -9.6e-05, 0.0, 0.0, 0.0, 1.0],
                [1.0, 0.0, -0.0, 0.0, -0.0, 1e-06, -1.0, 0.383068, -0.0, 1.0, 1e-06, 0.000228, 0.0, 0.0, 0.0, 1.0],
                [1.0, 0.0, -0.0, -0.0, -0.0, 1e-06, -1.0, 0.37472, -0.0, 1.0, 1e-06, 0.0, 0.0, 0.0, 0.0, 1.0],
                [1.0, 0.0, -0.0, -0.0, -0.0, 1e-06, -1.0, 0.37472, -0.0, 1.0, 1e-06, 0.0, 0.0, 0.0, 0.0, 1.0]
            ]
        },
        {
            "name": "Torso",
            "time": [0.0, 0.0833, 0.1833, 0.35, 0.45, 0.5333, 0.7167],
            "transform": [
                [0.994841, 0.100513, 0.013745, 0.0, -0.101448, 0.985668, 0.134785, 0.05, -0.0, -0.135484, 0.99078, 0.0, 0.0, 0.0, 0.0, 1.0],
                [0.99788, 0.064618, 0.007747, 0.0, -0.065071, 0.992623, 0.102302, 0.05, -0.001079, -0.102589, 0.994723, 0.0, 0.0, 0.0, 0.0, 1.0],
                [1.0, 0.0, 0.0, 0.0, 0.0, 0.997578, 0.069554, 0.05, 0.0, -0.069554, 0.997578, 0.0, 0.0, 0.0, 0.0, 1.0],
                [0.995592, -0.092923, -0.012707, 0.0, 0.093788, 0.986412, 0.134887, 0.05, -0.0, -0.135484, 0.99078, 0.0, 0.0, 0.0, 0.0, 1.0],
                [0.998123, -0.060804, -0.00729, 0.0, 0.061231, 0.992864, 0.102334, 0.05, 0.001015, -0.102588, 0.994723, 0.0, 0.0, 0.0, 0.0, 1.0],
                [1.0, 0.0, 0.0, 0.0, 0.0, 0.997578, 0.069554, 0.05, 0.0, -0.069554, 0.997578, 0.0, 0.0, 0.0, 0.0, 1.0],
                [0.994841, 0.100513, 0.013745, 0.0, -0.101448, 0.985668, 0.134785, 0.05, -0.0, -0.135484, 0.99078, 0.0, 0.0, 0.0, 0.0, 1.0]
            ]
        },
        {
            "name": "Chest",
            "time": [0.0, 0.7167],
            "transform": [
                [1.0, -0.0, 0.0, 0.0, 0.0, 0.999472, 0.032504, 0.3, -0.0, -0.032504, 0.999472, -0.0, 0.0, 0.0, 0.0, 1.0],
                [1.0, -0.0, 0.0, 0.0, 0.0, 0.999472, 0.032504, 0.3, -0.0, -0.032504, 0.999472, -0.0, 0.0, 0.0, 0.0, 1.0]
            ]
        },
        {
            "name": "Head",
            "time": [0.0, 0.0833, 0.1833, 0.35, 0.45, 0.5333, 0.7167],
            "transform": [
                [0.993322, 0.113492, 0.020743, 0.0, -0.114152, 0.99288, 0.034036, 0.4, -0.016732, -0.036176, 0.999205, -0.0, 0.0, 0.0, 0.0, 1.0],
                [0.986268, 0.162998, 0.026574, -0.0, -0.163774, 0.986034, 0.030243, 0.4, -0.021274, -0.03418, 0.999189, 0.0, 0.0, 0.0, 0.0, 1.0],
                [0.99368, 0.110382, 0.020372, 0.0, -0.111034, 0.993226, 0.034263, 0.4, -0.016452, -0.036309, 0.999205, 0.0, 0.0, 0.0, 0.0, 1.0],
                [0.985745, -0.167559, -0.015173, 0.0, 0.168115, 0.984517, 0.049641, 0.4, 0.00662, -0.051484, 0.998652, 0.0, 0.0, 0.0, 0.0, 1.0],
                [0.975362, -0.219478, -0.022338, 0.0, 0.220363, 0.974063, 0.051405, 0.4, 0.010476, -0.055061, 0.998428, 0.0, 0.0, 0.0, 0.0, 1.0],
                [0.989935, -0.141046, -0.01158, 0.0, 0.141446, 0.988752, 0.048601, 0.4, 0.004594, -0.04975, 0.998751, 0.0, 0.0, 0.0, 0.0, 1.0],
                [0.99368, 0.110382, 0.020372, 0.0, -0.111034, 0.993226, 0.034263, 0.4, -0.016452, -0.036309, 0.999205, -0.0, 0.0, 0.0, 0.0, 1.0]
            ]
        },
        {
            "name": "Shoulder_R",
            "time": [0.0, 0.7167],
            "transform": [
                [0.0, 0.952114, 0.305743, 0.0, 0.0, -0.305743, 0.952114, 0.4, 1.0, 0.0, -0.0, -0.0, 0.0, 0.0, 0.0, 1.0],
                [0.0, 0.952114, 0.305743, 0.0, 0.0, -0.305743, 0.952114, 0.4, 1.0, 0.0, -0.0, -0.0, 0.0, 0.0, 0.0, 1.0]
            ]
        },
        {
            "name": "Arm_R",
            "time": [0.0, 0.7167],
            "transform": [
                [0.0, -0.779453, -0.626461, -0.0, 0.952114, 0.191536, -0.238312, 0.393861, 0.305743, -0.596462, 0.742128, 0.0, 0.0, 0.0, 0.0, 1.0],
                [0.0, -0.779453, -0.626461, -0.0, 0.952114, 0.191536, -0.238312, 0.393861, 0.305743, -0.596462, 0.742128, 0.0, 0.0, 0.0, 0.0, 1.0]
            ]
        },
        {
            "name": "Hand_R",
            "time": [0.0, 0.7167],
            "transform": [
                [0.999995, 0.003112, 0.000981, -0.0, -0.003201, 0.993939, 0.109885, 0.3, -0.000633, -0.109888, 0.993944, -0.0, 0.0, 0.0, 0.0, 1.0],
                [0.999995, 0.003112, 0.000981, -0.0, -0.003201, 0.993939, 0.109885, 0.3, -0.000633, -0.109888, 0.993944, -0.0, 0.0, 0.0, 0.0, 1.0]
            ]
        },
        {
            "name": "Tool_R",
            "time": [0.0, 0.7167],
            "transform": [
                [1.0, 0.0, 0.0, 0.0, 0.0, -0.999836, 0.018122, 0.272858, 0.0, -0.018122, -0.999244, 0.0, 0.0, 0.0, 0.0, 1.0],
                [1.0, 0.0, 0.0, 0.0, 0.0, -0.999836, 0.018122, 0.272858, 0.0, -0.018122, -0.999244, 0.0, 0.0, 0.0, 0.0, 1.0]
            ]
        },
        {
            "name": "Elbow_R",
            "time": [0.0, 0.7167],
            "transform": [
                [-1.0, 0.0, -0.0, -0.0, 0.0, 0.0, -1.0, 0.3, -0.0, -1.0, 0.0, -0.0, 0.0, 0.0, 0.0, 1.0],
                [-1.0, 0.0, -0.0, -0.0, 0.0, 0.0, -1.0, 0.3, -0.0, -1.0, 0.0, -0.0, 0.0, 0.0, 0.0, 1.0]
            ]
        },
        {
            "name": "Shoulder_L",
            "time": [0.0, 0.7167],
            "transform": [
                [-0.0, -0.952114, -0.305743, 0.0, 0.0, -0.305743, 0.952114, 0.4, -1.0, 0.0, 0.0, -0.0, 0.0, 0.0, 0.0, 1.0],
                [-0.0, -0.952114, -0.305743, 0.0, 0.0, -0.305743, 0.952114, 0.4, -1.0, 0.0, 0.0, -0.0, 0.0, 0.0, 0.0, 1.0]
            ]
        },
        {
            "name": "Arm_L",
            "time": [0.0, 0.7167],
            "transform": [
                [-0.0, 0.779453, 0.626461, 0.0, -0.952114, 0.191536, -0.238313, 0.39386, -0.305744, -0.596462, 0.742128, 0.0, 0.0, 0.0, 0.0, 1.0],
                [-0.0, 0.779453, 0.626461, 0.0, -0.952114, 0.191536, -0.238313, 0.39386, -0.305744, -0.596462, 0.742128, 0.0, 0.0, 0.0, 0.0, 1.0]
            ]
        },
        {
            "name": "Hand_L",
            "time": [0.0, 0.7167],
            "transform": [
                [0.999952, 0.009531, -0.002114, 0.0, -0.009242, 0.993913, 0.109777, 0.3, 0.003147, -0.109752, 0.993954, 0.0, 0.0, 0.0, 0.0, 1.0],
                [0.999952, 0.009531, -0.002114, 0.0, -0.009242, 0.993913, 0.109777, 0.3, 0.003147, -0.109752, 0.993954, 0.0, 0.0, 0.0, 0.0, 1.0]
            ]
        },
        {
            "name": "Tool_L",
            "time": [0.0, 0.7167],
            "transform": [
                [1.0, 0.0, 0.0, -0.0, 0.0, -0.999836, 0.018122, 0.272858, 0.0, -0.018122, -0.999248, 0.0, 0.0, 0.0, 0.0, 1.0],
                [1.0, 0.0, 0.0, -0.0, 0.0, -0.999836, 0.018122, 0.272858, 0.0, -0.018122, -0.999248, 0.0, 0.0, 0.0, 0.0, 1.0]
            ]
        },
        {
            "name": "Elbow_L",
            "time": [0.0, 0.7167],
            "transform": [
                [-1.0, 0.0, -0.0, 0.0, 0.0, -0.0, -1.0, 0.3, -0.0, -1.0, 0.0, 0.0, 0.0, 0.0, 0.0, 1.0],
                [-1.0, 0.0, -0.0, 0.0, 0.0, -0.0, -1.0, 0.3, -0.0, -1.0, 0.0, 0.0, 0.0, 0.0, 0.0, 1.0]
            ]
        }
    ]
}