{
    "animation": [
        {
            "name": "Root",
            "time": [0.0, 0.125, 0.25, 0.375, 0.5, 1.0],
            "transform": [
                [1.0, 0.0, 0.0, -5e-06, -0.0, -0.0, -1.0, -1e-06, 0.0, 1.0, -0.0, 1.505674, 0.0, 0.0, 0.0, 1.0],
                [1.0, 0.0, 0.0, -5e-06, -0.0, -0.0, -1.0, -0.16385, 0.0, 1.0, -0.0, 1.492198, 0.0, 0.0, 0.0, 1.0],
                [1.0, 0.0, 0.0, -5e-06, -0.0, -0.0, -1.0, -0.262199, 0.0, 1.0, -0.0, 1.469908, 0.0, 0.0, 0.0, 1.0],
                [1.0, 0.0, 0.0, -5e-06, -0.0, -0.0, -1.0, -0.280175, 0.0, 1.0, -0.0, 1.451053, 0.0, 0.0, 0.0, 1.0],
                [1.0, 0.0, 0.0, -5e-06, -0.0, -0.0, -1.0, -0.280885, 0.0, 1.0, -0.0, 1.449876, 0.0, 0.0, 0.0, 1.0],
                [1.0, 0.0, 0.0, -5e-06, -0.0, -0.0, -1.0, -0.280885, 0.0, 1.0, -0.0, 1.449876, 0.0, 0.0, 0.0, 1.0]
            ]
        },
        {
            "name": "Thigh_R",
            "time": [0.0, 0.125, 0.25, 0.375, 0.5, 1.0],
            "transform": [
                [1.0, -0.0, 0.0, 0.124994, 0.0, -0.999999, -0.0, -0.061515, 0.0, 0.0, -1.0, -1.2e-05, 0.0, 0.0, 0.0, 1.0],
                [0.999118, 0.029756, -0.029624, 0.124994, 0.02945, -0.999508, -0.010727, -0.061515, -0.029929, 0.009845, -0.999504, -1.2e-05, 0.0, 0.0, 0.0, 1.0],
                [0.998951, 0.033088, -0.031664, 0.124994, 0.029727, -0.99441, -0.10131, -0.061515, -0.034839, 0.100262, -0.994351, -1.2e-05, 0.0, 0.0, 0.0, 1.0],
                [0.999576, 0.020694, -0.020482, 0.124994, 0.01552, -0.973874, -0.226556, -0.061515, -0.024635, 0.226141, -0.973783, -1.2e-05, 0.0, 0.0, 0.0, 1.0],
                [0.999608, 0.019806, -0.019786, 0.124994, 0.014611, -0.971942, -0.234763, -0.061515, -0.023881, 0.234382, -0.971851, -1.2e-05, 0.0, 0.0, 0.0, 1.0],
                [0.999608, 0.019806, -0.019786, 0.124994, 0.014611, -0.971942, -0.234763, -0.061515, -0.023881, 0.234382, -0.971851, -1.2e-05, 0.0, 0.0, 0.0, 1.0]
            ]
        },
        {
            "name": "Leg_R",
            "time": [0.0, 0.125, 0.25, 0.375, 0.5, 1.0],
            "transform": [
                [1.0, 0.0, 1e-06, -0.0, -0.0, 1.000001, -0.0, 0.694429, -1e-06, 0.0, 0.999999, 0.0, 0.0, 0.0, 0.0, 1.0],
                [1.0, -0.0, 2e-06, -0.0, -0.0, 0.973734, 0.227693, 0.694429, -2e-06, -0.227693, 0.973732, 0.0, 0.0, 0.0, 0.0, 1.0],
                [1.0, -0.0, 2e-06, -0.0, -0.0, 0.968797, 0.247858, 0.694429, -2e-06, -0.247859, 0.968795, 0.0, 0.0, 0.0, 0.0, 1.0],
                [1.0, -0.0, 1e-06, -0.0, -0.0, 0.987351, 0.158553, 0.694429, -1e-06, -0.158553, 0.98735, 0.0, 0.0, 0.0, 0.0, 1.0],
                [1.0, -0.0, 1e-06, -0.0, -0.0, 0.98831, 0.152466, 0.694429, -1e-06, -0.152467, 0.988308, -0.0, 0.0, 0.0, 0.0, 1.0],
                [1.0, -0.0, 1e-06, -0.0, -0.0, 0.98831, 0.152466, 0.694429, -1e-06, -0.152467, 0.988308, -0.0, 0.0, 0.0, 0.0, 1.0]
            ]
        },
        {
            "name": "Thigh_L",
            "time": [0.0, 0.125, 0.25, 0.375, 0.5, 1.0],
            "transform": [
                [1.0, 0.0, 0.0, -0.125006, -0.0, -1.0, -0.0, -0.061515, 0.0, 0.0, -1.0, -1.2e-05, 0.0, 0.0, 0.0, 1.0],
                [1.0, -3.3e-05, 2.3e-05, -0.125006, -3.7e-05, -0.971811, 0.235761, -0.061515, 1.5e-05, -0.235761, -0.971811, -1.2e-05, 0.0, 0.0, 0.0, 1.0],
                [1.0, -3.4e-05, 2.6e-05, -0.125006, -4.2e-05, -0.9238, 0.382875, -0.061515, 1.1e-05, -0.382876, -0.9238, -1.2e-05, 0.0, 0.0, 0.0, 1.0],
                [1.0, -2.3e-05, 1.5e-05, -0.125006, -2.7e-05, -0.909249, 0.416252, -0.061515, 4e-06, -0.416252, -0.909249, -1.2e-05, 0.0, 0.0, 0.0, 1.0],
                [1.0, -2.2e-05, 1.4e-05, -0.125006, -2.6e-05, -0.908567, 0.417739, -0.061515, 4e-06, -0.417739, -0.908567, -1.2e-05, 0.0, 0.0, 0.0, 1.0],
                [1.0, -2.2e-05, 1.4e-05, -0.125006, -2.6e-05, -0.908567, 0.417739, -0.061515, 4e-06, -0.417739, -0.908567, -1.2e-05, 0.0, 0.0, 0.0, 1.0]
            ]
        },
        {
            "name": "Leg_L",
            "time": [0.0, 0.125, 0.25, 0.375, 0.5, 1.0],
            "transform": [
                [1.0, -0.0, 0.0, -0.0, 0.0, 1.0, -0.0, 0.694429, -0.0, 0.0, 1.0, -0.0, 0.0, 0.0, 0.0, 1.0],
                [1.0, -0.0, 0.0, -0.0, 0.0, 0.983551, 0.18063, 0.694429, -1e-06, -0.18063, 0.983551, -0.0, 0.0, 0.0, 0.0, 1.0],
                [1.0, 1e-06, 3e-06, 0.0, -2e-06, 0.941588, 0.336766, 0.694429, -3e-06, -0.336766, 0.941589, 0.0, 0.0, 0.0, 0.0, 1.0],
                [1.0, 2e-06, 8e-06, -0.0, -5e-06, 0.910819, 0.412806, 0.694429, -6e-06, -0.412806, 0.910819, -0.0, 0.0, 0.0, 0.0, 1.0],
                [1.0, 2e-06, 8e-06, 0.0, -5e-06, 0.908847, 0.41713, 0.694429, -7e-06, -0.41713, 0.908847, -0.0, 0.0, 0.0, 0.0, 1.0],
                [1.0, 2e-06, 8e-06, 0.0, -5e-06, 0.908847, 0.41713, 0.694429, -7e-06, -0.41713, 0.908847, -0.0, 0.0, 0.0, 0.0, 1.0]
            ]
        },
        {
            "name": "Torso",
            "time": [0.0, 0.125, 0.25, 0.375, 0.5, 1.0],
            "transform": [
                [1.0, 0.0, 0.0, 0.0, 0.0, 1.0, 0.0, 0.05, 0.0, -0.0, 1.0, -0.0, 0.0, 0.0, 0.0, 1.0],
                [0.999995, -0.003089, 0.000375, 0.0, 0.003032, 0.994466, 0.105019, 0.05, -0.000697, -0.105017, 0.99447, -0.0, 0.0, 0.0, 0.0, 1.0],
                [0.999971, -0.00767, 0.000333, 0.0, 0.007326, 0.966307, 0.25729, 0.05, -0.002295, -0.25728, 0.966334, -0.0, 0.0, 0.0, 0.0, 1.0],
                [0.999947, -0.010337, -2.2e-05, 0.0, 0.009714, 0.938921, 0.343995, 0.05, -0.003535, -0.343977, 0.938971, -0.0, 0.0, 0.0, 0.0, 1.0],
                [0.999945, -0.010487, -4.9e-05, 0.0, 0.009845, 0.937135, 0.348827, 0.05, -0.003612, -0.348809, 0.937187, -0.0, 0.0, 0.0, 0.0, 1.0],
                [0.999945, -0.010487, -4.9e-05, 0.0, 0.009845, 0.937135, 0.348827, 0.05, -0.003612, -0.348809, 0.937187, -0.0, 0.0, 0.0, 0.0, 1.0]
            ]
        },
        {
            "name": "Chest",
            "time": [0.0, 0.125, 0.25, 0.375, 0.5, 1.0],
            "transform": [
                [1.0, -0.0, -0.0, 0.0, 0.0, 1.0, -0.0, 0.3, 0.0, 0.0, 1.0, 0.0, 0.0, 0.0, 0.0, 1.0],
                [0.999997, -0.000149, 0.002357, -0.0, -0.000307, 0.981358, 0.192187, 0.3, -0.002342, -0.192187, 0.981356, 0.0, 0.0, 0.0, 0.0, 1.0],
                [0.999983, -0.001191, 0.005691, -0.0, -0.001571, 0.887045, 0.461679, 0.3, -0.005598, -0.461681, 0.887028, -0.0, 0.0, 0.0, 0.0, 1.0],
                [0.99997, -0.002223, 0.007453, -0.0, -0.002719, 0.797879, 0.602812, 0.3, -0.007287, -0.602814, 0.797849, -0.0, 0.0, 0.0, 0.0, 1.0],
                [0.999969, -0.00229, 0.007547, -0.0, -0.002792, 0.792152, 0.610317, 0.3, -0.007376, -0.610319, 0.792121, 0.0, 0.0, 0.0, 0.0, 1.0],
                [0.999969, -0.00229, 0.007547, -0.0, -0.002792, 0.792152, 0.610317, 0.3, -0.007376, -0.610319, 0.792121, 0.0, 0.0, 0.0, 0.0, 1.0]
            ]
        },
        {
            "name": "Shoulder_R",
            "time": [0.0, 0.125, 0.25, 0.375, 0.5, 1.0],
            "transform": [
                [0.0, 0.963581, 0.267415, 0.0, 1e-06, -0.267415, 0.963581, 0.399999, 1.0, -0.0, -1e-06, -0.0, 0.0, 0.0, 0.0, 1.0],
                [0.067265, 0.962079, 0.264347, 0.0, -8.1e-05, -0.264942, 0.964264, 0.399999, 0.997735, -0.064883, -0.017743, -0.0, 0.0, 0.0, 0.0, 1.0],
                [0.073341, 0.961727, 0.26401, 0.0, -8e-05, -0.264718, 0.964326, 0.399999, 0.997307, -0.070746, -0.019338, 0.0, 0.0, 0.0, 0.0, 1.0],
                [0.046663, 0.963004, 0.265415, 0.0, -7.4e-05, -0.265701, 0.964056, 0.399999, 0.998911, -0.045005, -0.012327, 0.0, 0.0, 0.0, 0.0, 1.0],
                [0.04486, 0.963066, 0.265503, 0.0, -7.3e-05, -0.265767, 0.964037, 0.399999, 0.998993, -0.043267, -0.011852, 0.0, 0.0, 0.0, 0.0, 1.0],
                [0.04486, 0.963066, 0.265503, 0.0, -7.3e-05, -0.265767, 0.964037, 0.399999, 0.998993, -0.043267, -0.011852, 0.0, 0.0, 0.0, 0.0, 1.0]
            ]
        },
        {
            "name": "Arm_R",
            "time": [0.0, 0.125, 0.25, 0.375, 0.5, 1.0],
            "transform": [
                [1e-06, -1e-06, -1.0, 0.0, 0.954708, 0.297545, 0.0, 0.325291, 0.297545, -0.954708, 1e-06, 0.0, 0.0, 0.0, 0.0, 1.0],
                [0.056892, -0.570578, -0.819271, 0.0, 0.941478, 0.303739, -0.146159, 0.325291, 0.332239, -0.76301, 0.554466, 0.0, 0.0, 0.0, 0.0, 1.0],
                [0.112316, -0.883214, -0.455322, -0.0, 0.935896, 0.247996, -0.250193, 0.325291, 0.333892, -0.398033, 0.85445, -0.0, 0.0, 0.0, 0.0, 1.0],
                [0.10433, -0.772335, -0.626589, 0.0, 0.929546, 0.299749, -0.214699, 0.325291, 0.353639, -0.560043, 0.749194, 0.0, 0.0, 0.0, 0.0, 1.0],
                [0.07614, -0.511187, -0.85609, 0.0, 0.924987, 0.356787, -0.130776, 0.325291, 0.372293, -0.781914, 0.500007, -0.0, 0.0, 0.0, 0.0, 1.0],
                [0.067579, -0.428937, -0.900803, 0.0, 0.924332, 0.366771, -0.105302, 0.325291, 0.375556, -0.825525, 0.421267, -0.0, 0.0, 0.0, 0.0, 1.0]
            ]
        },
        {
            "name": "Hand_R",
            "time": [0.0, 0.125, 0.25, 0.375, 0.5, 1.0],
            "transform": [
                [1.0, 0.0, 0.0, 0.0, -0.0, 0.999263, 0.038391, 0.799181, -0.0, -0.038391, 0.999263, -0.0, 0.0, 0.0, 0.0, 1.0],
                [0.99997, 0.000475, -0.007701, -0.0, -0.002501, 0.964156, -0.265326, 0.799181, 0.007299, 0.265338, 0.964128, -0.0, 0.0, 0.0, 0.0, 1.0],
                [0.999904, -0.000866, -0.013809, 0.0, -0.006073, 0.869284, -0.494276, 0.79918, 0.012432, 0.494313, 0.869195, -0.0, 0.0, 0.0, 0.0, 1.0],
                [0.999976, -0.000238, -0.006959, -0.0, -0.002725, 0.906324, -0.422575, 0.79918, 0.006407, 0.422584, 0.906301, -0.0, 0.0, 0.0, 0.0, 1.0],
                [0.999995, -0.00036, 0.003217, 0.0, 0.001261, 0.958581, -0.284816, 0.799181, -0.002981, 0.284819, 0.958577, -0.0, 0.0, 0.0, 0.0, 1.0],
                [0.999982, -0.000649, 0.005943, 0.0, 0.002094, 0.969128, -0.246551, 0.79918, -0.005599, 0.246559, 0.969112, 0.0, 0.0, 0.0, 0.0, 1.0]
            ]
        },
        {
            "name": "Tool_R",
            "time": [0.0, 1.0],
            "transform": [
                [1.0, 0.0, 0.0, -0.0, 0.0, -0.999524, -0.030857, 0.781441, 0.0, 0.030857, -0.999542, 0.0, 0.0, 0.0, 0.0, 1.0],
                [1.0, 0.0, 0.0, -0.0, 0.0, -0.999524, -0.030857, 0.781441, 0.0, 0.030857, -0.999542, 0.0, 0.0, 0.0, 0.0, 1.0]
            ]
        },
        {
            "name": "Shoulder_L",
            "time": [0.0, 0.125, 0.25, 0.375, 0.5, 1.0],
            "transform": [
                [-0.0, -0.963582, -0.267414, 0.0, -0.0, -0.267414, 0.963582, 0.399999, -1.0, 0.0, -0.0, 0.0, 0.0, 0.0, 0.0, 1.0],
                [0.066247, -0.962187, -0.264212, 0.0, -0.005555, -0.265146, 0.964193, 0.399999, -0.997788, -0.062408, -0.02291, -0.0, 0.0, 0.0, 0.0, 1.0],
                [0.072232, -0.961856, -0.263848, 0.0, -0.006065, -0.264957, 0.964241, 0.399999, -0.99737, -0.068048, -0.024972, 0.0, 0.0, 0.0, 0.0, 1.0],
                [0.045958, -0.963055, -0.265355, 0.0, -0.003836, -0.265804, 0.964019, 0.399999, -0.998936, -0.043287, -0.01591, 0.0, 0.0, 0.0, 0.0, 1.0],
                [0.044183, -0.963112, -0.265449, 0.0, -0.003686, -0.265863, 0.964004, 0.399999, -0.999017, -0.041614, -0.015297, 0.0, 0.0, 0.0, 0.0, 1.0],
                [0.044183, -0.963112, -0.265449, 0.0, -0.003686, -0.265863, 0.964004, 0.399999, -0.999017, -0.041614, -0.015297, 0.0, 0.0, 0.0, 0.0, 1.0]
            ]
        },
        {
            "name": "Arm_L",
            "time": [0.0, 0.125, 0.25, 0.375, 0.5, 1.0],
            "transform": [
                [-0.0, 0.0, 1.0, 0.0, -0.953617, 0.301023, -0.0, 0.325291, -0.301023, -0.953617, -0.0, -0.0, 0.0, 0.0, 0.0, 1.0],
                [0.052857, 0.685539, 0.726115, -0.0, -0.942797, 0.273928, -0.189991, 0.325291, -0.32915, -0.674537, 0.660803, 0.0, 0.0, 0.0, 0.0, 1.0],
                [0.113124, 0.970871, 0.211216, 0.0, -0.941991, 0.172408, -0.287971, 0.325291, -0.315998, -0.166387, 0.934056, 0.0, 0.0, 0.0, 0.0, 1.0],
                [0.144302, 0.878867, 0.45472, 0.0, -0.936552, 0.26965, -0.223962, 0.325291, -0.319448, -0.39355, 0.862016, -0.0, 0.0, 0.0, 0.0, 1.0],
                [0.14895, 0.594177, 0.790422, -0.0, -0.92815, 0.359741, -0.095521, 0.325291, -0.341104, -0.719402, 0.605069, -0.0, 0.0, 0.0, 0.0, 1.0],
                [0.148084, 0.495275, 0.856022, -0.0, -0.926066, 0.373222, -0.055737, 0.325291, -0.347091, -0.784479, 0.513926, -0.0, 0.0, 0.0, 0.0, 1.0]
            ]
        },
        {
            "name": "Hand_L",
            "time": [0.0, 0.125, 0.25, 0.375, 0.5, 1.0],
            "transform": [
                [1.0, -0.0, 0.0, 0.0, 0.0, 0.999263, 0.038391, 0.799181, -0.0, -0.038391, 0.999263, 0.0, 0.0, 0.0, 0.0, 1.0],
                [0.999997, 0.000909, 0.00245, -0.0, -0.00035, 0.975667, -0.219259, 0.799181, -0.00259, 0.219258, 0.975664, 0.0, 0.0, 0.0, 0.0, 1.0],
                [0.999989, 0.002087, 0.00421, 0.0, -0.000137, 0.90848, -0.417929, 0.799181, -0.004697, 0.417924, 0.90847, 0.0, 0.0, 0.0, 0.0, 1.0],
                [0.999995, 0.001383, 0.002743, 0.0, -0.000449, 0.949101, -0.314971, 0.79918, -0.003039, 0.314968, 0.949097, 0.0, 0.0, 0.0, 0.0, 1.0],
                [1.0, 0.000587, 0.000362, -0.0, -0.000531, 0.990436, -0.13797, 0.799181, -0.000439, 0.137969, 0.990436, -0.0, 0.0, 0.0, 0.0, 1.0],
                [1.0, 0.000447, -0.0003, 0.0, -0.000472, 0.996003, -0.089318, 0.799181, 0.000259, 0.089319, 0.996003, 0.0, 0.0, 0.0, 0.0, 1.0]
            ]
        },
        {
            "name": "Tool_L",
            "time": [0.0, 1.0],
            "transform": [
                [1.0, 0.0, 0.0, -0.0, 0.0, -0.999524, -0.030857, 0.78144, 0.0, 0.030857, -0.999544, 0.0, 0.0, 0.0, 0.0, 1.0],
                [1.0, 0.0, 0.0, -0.0, 0.0, -0.999524, -0.030857, 0.78144, 0.0, 0.030857, -0.999544, -0.0, 0.0, 0.0, 0.0, 1.0]
            ]
        },
        {
            "name": "Head",
            "time": [0.0, 0.125, 0.25, 0.375, 0.5, 1.0],
            "transform": [
                [1.0, 0.0, -0.0, -0.0, -0.0, 1.0, 0.0, 0.399999, 0.0, -0.0, 1.0, -0.0, 0.0, 0.0, 0.0, 1.0],
                [0.999991, -0.003587, 0.002395, 0.0, 0.004294, 0.88086, -0.473357, 0.399999, -0.000412, 0.473363, 0.880867, -0.0, 0.0, 0.0, 0.0, 1.0],
                [0.994152, -0.069667, -0.082508, 0.0, 0.034266, 0.928093, -0.370768, 0.399999, 0.102405, 0.365772, 0.925053, 0.0, 0.0, 0.0, 0.0, 1.0],
                [0.946749, -0.09969, -0.306151, -0.0, 0.174824, 0.957647, 0.228798, 0.399999, 0.270375, -0.270137, 0.92408, 0.0, 0.0, 0.0, 0.0, 1.0],
                [0.920022, -0.066948, -0.386105, 0.0, 0.247879, 0.86255, 0.441093, 0.399999, 0.303505, -0.501522, 0.810161, 0.0, 0.0, 0.0, 0.0, 1.0],
                [0.88914, -0.009027, -0.457547, 0.0, 0.331369, 0.702271, 0.630087, 0.399999, 0.315634, -0.711853, 0.627408, 0.0, 0.0, 0.0, 0.0, 1.0]
            ]
        },
        {
            "name": "Head_Top",
            "time": [0.0, 1.0],
            "transform": [
                [1.0, -0.0, 0.0, 0.0, 0.0, 1.0, -0.0, 0.196375, -0.0, 0.0, 1.0, 0.0, 0.0, 0.0, 0.0, 1.0],
                [1.0, -0.0, 0.0, 0.0, 0.0, 1.0, 0.0, 0.196375, -0.0, 0.0, 1.0, 0.0, 0.0, 0.0, 0.0, 1.0]
            ]
        }
    ]
}