{
    "animation": [
        {
            "name": "Root",
            "time": [0.0, 2.0],
            "transform": [
                [1.0, 0.0, 0.0, -5e-06, -0.0, -0.0, -1.0, 0.004688, 0.0, 1.0, -0.0, 1.455426, 0.0, 0.0, 0.0, 1.0],
                [1.0, 0.0, 0.0, -5e-06, -0.0, -0.0, -1.0, 0.004688, 0.0, 1.0, -0.0, 1.455426, 0.0, 0.0, 0.0, 1.0]
            ]
        },
        {
            "name": "Thigh_R",
            "time": [0.0, 2.0],
            "transform": [
                [0.967852, 0.240275, -0.074367, 0.124994, 0.249537, -0.954344, 0.164186, -0.061515, -0.031522, -0.177465, -0.983622, -1.2e-05, 0.0, 0.0, 0.0, 1.0],
                [0.967852, 0.240275, -0.074367, 0.124994, 0.249537, -0.954344, 0.164186, -0.061515, -0.031522, -0.177465, -0.983622, -1.2e-05, 0.0, 0.0, 0.0, 1.0]
            ]
        },
        {
            "name": "Leg_R",
            "time": [0.0, 2.0],
            "transform": [
                [0.997463, -0.014941, 0.069609, 0.0, -0.011524, 0.930956, 0.364951, 0.694429, -0.070256, -0.364827, 0.92842, -0.0, 0.0, 0.0, 0.0, 1.0],
                [0.997463, -0.014941, 0.069609, 0.0, -0.011524, 0.930956, 0.364951, 0.694429, -0.070256, -0.364827, 0.92842, -0.0, 0.0, 0.0, 0.0, 1.0]
            ]
        },
        {
            "name": "Thigh_L",
            "time": [0.0, 2.0],
            "transform": [
                [0.977015, -0.203638, 0.063028, -0.125006, -0.211488, -0.963029, 0.166874, -0.061515, 0.026716, -0.176368, -0.983961, -1.2e-05, 0.0, 0.0, 0.0, 1.0],
                [0.977015, -0.203638, 0.063028, -0.125006, -0.211488, -0.963029, 0.166874, -0.061515, 0.026716, -0.176368, -0.983961, -1.2e-05, 0.0, 0.0, 0.0, 1.0]
            ]
        },
        {
            "name": "Leg_L",
            "time": [0.0, 2.0],
            "transform": [
                [0.998178, 0.012589, -0.059021, 0.0, 0.009691, 0.931867, 0.362671, 0.694429, 0.059566, -0.362582, 0.930047, 0.0, 0.0, 0.0, 0.0, 1.0],
                [0.998178, 0.012589, -0.059021, 0.0, 0.009691, 0.931867, 0.362671, 0.694429, 0.059566, -0.362582, 0.930047, 0.0, 0.0, 0.0, 0.0, 1.0]
            ]
        },
        {
            "name": "Torso",
            "time": [0.0, 2.0],
            "transform": [
                [1.0, 0.0, 0.0, 0.0, 0.0, 0.986481, -0.163876, 0.05, 0.0, 0.163876, 0.986481, -0.0, 0.0, 0.0, 0.0, 1.0],
                [1.0, 0.0, 0.0, 0.0, 0.0, 0.986481, -0.163876, 0.05, 0.0, 0.163876, 0.986481, -0.0, 0.0, 0.0, 0.0, 1.0]
            ]
        },
        {
            "name": "Chest",
            "time": [0.0, 2.0],
            "transform": [
                [1.0, -0.0, -0.0, 0.0, 0.0, 1.0, 0.0, 0.3, 0.0, 0.0, 1.0, -0.0, 0.0, 0.0, 0.0, 1.0],
                [1.0, -0.0, -0.0, 0.0, 0.0, 1.0, 0.0, 0.3, 0.0, 0.0, 1.0, -0.0, 0.0, 0.0, 0.0, 1.0]
            ]
        },
        {
            "name": "Shoulder_R",
            "time": [0.0, 2.0],
            "transform": [
                [0.0, 0.963581, 0.267415, 0.0, 1e-06, -0.267415, 0.963582, 0.399999, 1.0, -0.0, -1e-06, 0.0, 0.0, 0.0, 0.0, 1.0],
                [0.0, 0.963581, 0.267415, 0.0, 1e-06, -0.267415, 0.963582, 0.399999, 1.0, -0.0, -1e-06, 0.0, 0.0, 0.0, 0.0, 1.0]
            ]
        },
        {
            "name": "Arm_R",
            "time": [0.0, 2.0],
            "transform": [
                [1e-06, -1e-06, -1.0, -0.0, 0.817774, 0.575539, 0.0, 0.325291, 0.575539, -0.817774, 1e-06, 0.0, 0.0, 0.0, 0.0, 1.0],
                [1e-06, -1e-06, -1.0, -0.0, 0.817774, 0.575539, 0.0, 0.325291, 0.575539, -0.817774, 1e-06, 0.0, 0.0, 0.0, 0.0, 1.0]
            ]
        },
        {
            "name": "Hand_R",
            "time": [0.0, 2.0],
            "transform": [
                [1.0, -0.0, 0.0, -0.0, 0.0, 0.937177, -0.348856, 0.799181, 0.0, 0.348856, 0.937176, -0.0, 0.0, 0.0, 0.0, 1.0],
                [1.0, -0.0, 0.0, -0.0, 0.0, 0.937177, -0.348856, 0.799181, 0.0, 0.348856, 0.937176, -0.0, 0.0, 0.0, 0.0, 1.0]
            ]
        },
        {
            "name": "Tool_R",
            "time": [0.0, 2.0],
            "transform": [
                [1.0, 0.0, 0.0, 0.0, 0.0, -0.999524, -0.030857, 0.781441, 0.0, 0.030857, -0.999542, -0.0, 0.0, 0.0, 0.0, 1.0],
                [1.0, 0.0, 0.0, 0.0, 0.0, -0.999524, -0.030857, 0.781441, 0.0, 0.030857, -0.999542, -0.0, 0.0, 0.0, 0.0, 1.0]
            ]
        },
        {
            "name": "Shoulder_L",
            "time": [0.0, 2.0],
            "transform": [
                [-0.0, -0.963582, -0.267414, 0.0, -0.0, -0.267414, 0.963582, 0.399999, -1.0, 0.0, -0.0, 0.0, 0.0, 0.0, 0.0, 1.0],
                [-0.0, -0.963582, -0.267414, 0.0, -0.0, -0.267414, 0.963582, 0.399999, -1.0, 0.0, -0.0, 0.0, 0.0, 0.0, 0.0, 1.0]
            ]
        },
        {
            "name": "Arm_L",
            "time": [0.0, 2.0],
            "transform": [
                [-0.0, 0.0, 1.0, -0.0, -0.846997, 0.531597, -0.0, 0.325291, -0.531597, -0.846997, -0.0, -0.0, 0.0, 0.0, 0.0, 1.0],
                [-0.0, 0.0, 1.0, -0.0, -0.846997, 0.531597, -0.0, 0.325291, -0.531597, -0.846997, -0.0, -0.0, 0.0, 0.0, 0.0, 1.0]
            ]
        },
        {
            "name": "Hand_L",
            "time": [0.0, 2.0],
            "transform": [
                [1.0, -0.0, 0.0, 0.0, 0.0, 0.911496, -0.41131, 0.799181, -0.0, 0.41131, 0.911496, -0.0, 0.0, 0.0, 0.0, 1.0],
                [1.0, -0.0, 0.0, 0.0, 0.0, 0.911496, -0.41131, 0.799181, -0.0, 0.41131, 0.911496, -0.0, 0.0, 0.0, 0.0, 1.0]
            ]
        },
        {
            "name": "Tool_L",
            "time": [0.0, 2.0],
            "transform": [
                [1.0, 0.0, 0.0, -0.0, 0.0, -0.999524, -0.030857, 0.78144, 0.0, 0.030857, -0.999544, 0.0, 0.0, 0.0, 0.0, 1.0],
                [1.0, 0.0, 0.0, -0.0, 0.0, -0.999524, -0.030857, 0.78144, 0.0, 0.030857, -0.999544, 0.0, 0.0, 0.0, 0.0, 1.0]
            ]
        },
        {
            "name": "Head",
            "time": [0.0, 2.0],
            "transform": [
                [1.0, 0.0, -0.0, 0.0, -0.0, 0.957765, -0.287552, 0.399999, -0.0, 0.287552, 0.957765, 0.0, 0.0, 0.0, 0.0, 1.0],
                [1.0, 0.0, -0.0, 0.0, -0.0, 0.957765, -0.287552, 0.399999, -0.0, 0.287552, 0.957765, 0.0, 0.0, 0.0, 0.0, 1.0]
            ]
        },
        {
            "name": "Head_Top",
            "time": [0.0, 2.0],
            "transform": [
                [1.0, 0.0, 0.0, -0.0, -0.0, 1.0, 0.0, 0.196375, -0.0, 0.0, 1.0, -0.0, 0.0, 0.0, 0.0, 1.0],
                [1.0, 0.0, 0.0, -0.0, -0.0, 1.0, 0.0, 0.196375, -0.0, 0.0, 1.0, -0.0, 0.0, 0.0, 0.0, 1.0]
            ]
        }
    ]
}