{
    "animation": [
        {
            "name": "Root",
            "time": [0.0, 0.0417, 0.0833, 0.125, 0.2917, 0.4167, 0.5, 0.75],
            "transform": [
                [1.0, 0.0, 0.0, -5e-06, -0.0, -0.0, -1.0, -1e-06, 0.0, 1.0, -0.0, 1.393345, 0.0, 0.0, 0.0, 1.0],
                [1.0, 0.0, 0.0, -5e-06, -0.0, -0.0, -1.0, -1e-06, 0.0, 1.0, -0.0, 1.388409, 0.0, 0.0, 0.0, 1.0],
                [1.0, 0.0, 0.0, -5e-06, -0.0, -0.0, -1.0, -1e-06, 0.0, 1.0, -0.0, 1.374234, 0.0, 0.0, 0.0, 1.0],
                [1.0, 0.0, 0.0, -5e-06, -0.0, -0.0, -1.0, -1e-06, 0.0, 1.0, -0.0, 1.356975, 0.0, 0.0, 0.0, 1.0],
                [1.0, 0.0, 0.0, -5e-06, -0.0, -0.0, -1.0, 0.605051, 0.0, 1.0, -0.0, 1.245865, 0.0, 0.0, 0.0, 1.0],
                [1.0, 0.0, 0.0, -5e-06, -0.0, -0.0, -1.0, 1.295556, 0.0, 1.0, -0.0, 1.186885, 0.0, 0.0, 0.0, 1.0],
                [1.0, 0.0, 0.0, -5e-06, -0.0, -0.0, -1.0, 1.462688, 0.0, 1.0, -0.0, 1.179324, 0.0, 0.0, 0.0, 1.0],
                [1.0, 0.0, 0.0, -5e-06, -0.0, -0.0, -1.0, 1.545673, 0.0, 1.0, -0.0, 1.179324, 0.0, 0.0, 0.0, 1.0]
            ]
        },
        {
            "name": "Thigh_R",
            "time": [0.0, 0.0833, 0.125, 0.2917, 0.4167, 0.5, 0.75],
            "transform": [
                [1.0, -0.0, 0.0, 0.124994, 0.0, -0.914726, -0.404072, -0.061515, 0.0, 0.404072, -0.914727, -1.2e-05, 0.0, 0.0, 0.0, 1.0],
                [1.0, -0.0, 0.0, 0.124994, 0.0, -0.914726, -0.404072, -0.061515, 0.0, 0.404072, -0.914727, -1.2e-05, 0.0, 0.0, 0.0, 1.0],
                [1.0, -0.0, 0.0, 0.124994, 0.0, -0.914726, -0.404072, -0.061515, 0.0, 0.404072, -0.914727, -1.2e-05, 0.0, 0.0, 0.0, 1.0],
                [1.0, -0.0, 0.0, 0.124994, 0.0, -0.86615, -0.499782, -0.061515, 0.0, 0.499782, -0.866151, -1.2e-05, 0.0, 0.0, 0.0, 1.0],
                [1.0, -0.0, 0.0, 0.124994, 0.0, -0.79184, -0.610727, -0.061515, 0.0, 0.610727, -0.791841, -1.2e-05, 0.0, 0.0, 0.0, 1.0],
                [1.0, -0.0, 0.0, 0.124994, 0.0, -0.766211, -0.642589, -0.061515, 0.0, 0.642588, -0.766211, -1.2e-05, 0.0, 0.0, 0.0, 1.0],
                [1.0, -0.0, 0.0, 0.124994, 0.0, -0.749561, -0.661935, -0.061515, 0.0, 0.661934, -0.749561, -1.2e-05, 0.0, 0.0, 0.0, 1.0]
            ]
        },
        {
            "name": "Leg_R",
            "time": [0.0, 0.0833, 0.125, 0.2917, 0.4167, 0.5, 0.75],
            "transform": [
                [1.0, 0.0, 1e-06, -0.0, -0.0, 0.996195, 0.087155, 0.694429, -1e-06, -0.087156, 0.996194, 0.0, 0.0, 0.0, 0.0, 1.0],
                [1.0, 0.0, 1e-06, 0.0, -0.0, 0.996195, 0.087155, 0.694429, -1e-06, -0.087156, 0.996194, 0.0, 0.0, 0.0, 0.0, 1.0],
                [1.0, 0.0, 1e-06, 0.0, -0.0, 0.996195, 0.087155, 0.694429, -1e-06, -0.087156, 0.996194, 0.0, 0.0, 0.0, 0.0, 1.0],
                [1.0, 0.0, 1e-06, -0.0, -0.0, 0.998926, 0.046343, 0.694429, -1e-06, -0.046343, 0.998925, -0.0, 0.0, 0.0, 0.0, 1.0],
                [1.0, 0.0, 1e-06, -0.0, -0.0, 0.999986, 0.005454, 0.694429, -1e-06, -0.005454, 0.999984, 0.0, 0.0, 0.0, 0.0, 1.0],
                [1.0, 0.0, 1e-06, -0.0, -0.0, 1.000001, -0.0, 0.694429, -1e-06, 0.0, 0.999999, -0.0, 0.0, 0.0, 0.0, 1.0],
                [1.0, 0.0, 1e-06, -0.0, -0.0, 1.000001, -0.0, 0.694429, -1e-06, 0.0, 0.999999, 0.0, 0.0, 0.0, 0.0, 1.0]
            ]
        },
        {
            "name": "Thigh_L",
            "time": [0.0, 0.0417, 0.0833, 0.125, 0.2917, 0.4167, 0.5, 0.75],
            "transform": [
                [1.0, 0.0, 0.0, -0.125006, -0.0, -0.79398, 0.607943, -0.061515, 0.0, -0.607943, -0.79398, -1.2e-05, 0.0, 0.0, 0.0, 1.0],
                [1.0, 0.0, 0.0, -0.125006, -0.0, -0.812546, 0.582896, -0.061515, 0.0, -0.582896, -0.812546, -1.2e-05, 0.0, 0.0, 0.0, 1.0],
                [1.0, 0.0, 0.0, -0.125006, -0.0, -0.833127, 0.553082, -0.061515, 0.0, -0.553082, -0.833127, -1.2e-05, 0.0, 0.0, 0.0, 1.0],
                [1.0, 0.0, 0.0, -0.125006, -0.0, -0.83318, 0.553002, -0.061515, 0.0, -0.553002, -0.83318, -1.2e-05, 0.0, 0.0, 0.0, 1.0],
                [1.0, 0.0, 0.0, -0.125006, -0.0, -0.629644, 0.776884, -0.061515, 0.0, -0.776884, -0.629644, -1.2e-05, 0.0, 0.0, 0.0, 1.0],
                [1.0, 0.0, 0.0, -0.125006, -0.0, -0.526307, 0.850294, -0.061515, 0.0, -0.850294, -0.526307, -1.2e-05, 0.0, 0.0, 0.0, 1.0],
                [1.0, 0.0, 0.0, -0.125006, -0.0, -0.51176, 0.859128, -0.061515, 0.0, -0.859128, -0.51176, -1.2e-05, 0.0, 0.0, 0.0, 1.0],
                [1.0, 0.0, 0.0, -0.125006, -0.0, -0.5114, 0.859342, -0.061515, 0.0, -0.859342, -0.5114, -1.2e-05, 0.0, 0.0, 0.0, 1.0]
            ]
        },
        {
            "name": "Leg_L",
            "time": [0.0, 0.0417, 0.0833, 0.125, 0.2917, 0.4167, 0.5, 0.75],
            "transform": [
                [1.0, 0.0, 1e-06, 0.0, -0.0, 0.739216, 0.673469, 0.694429, -0.0, -0.673468, 0.739216, -0.0, 0.0, 0.0, 0.0, 1.0],
                [1.0, 0.0, 1e-06, -0.0, -0.0, 0.706087, 0.708125, 0.694429, -0.0, -0.708125, 0.706087, 0.0, 0.0, 0.0, 0.0, 1.0],
                [1.0, 0.0, 1e-06, -0.0, -0.0, 0.636776, 0.771049, 0.694429, -0.0, -0.771049, 0.636776, -0.0, 0.0, 0.0, 0.0, 1.0],
                [1.0, 0.0, 1e-06, 0.0, -1e-06, 0.551785, 0.833986, 0.694429, -0.0, -0.833986, 0.551785, -0.0, 0.0, 0.0, 0.0, 1.0],
                [1.0, 0.0, 1e-06, 0.0, -1e-06, 0.211338, 0.977413, 0.694429, 0.0, -0.977413, 0.211338, -0.0, 0.0, 0.0, 0.0, 1.0],
                [1.0, 0.0, 1e-06, 0.0, -1e-06, 0.475178, 0.87989, 0.694429, -0.0, -0.87989, 0.475178, -0.0, 0.0, 0.0, 0.0, 1.0],
                [1.0, 0.0, 1e-06, 0.0, -1e-06, 0.509055, 0.860734, 0.694429, -0.0, -0.860734, 0.509056, 0.0, 0.0, 0.0, 0.0, 1.0],
                [1.0, 0.0, 1e-06, -0.0, -1e-06, 0.477835, 0.87845, 0.694429, -0.0, -0.87845, 0.477835, -0.0, 0.0, 0.0, 0.0, 1.0]
            ]
        },
        {
            "name": "Torso",
            "time": [0.0, 0.0417, 0.0833, 0.125, 0.2917, 0.4167, 0.5, 0.75],
            "transform": [
                [1.0, 0.0, 0.0, 0.0, 0.0, 0.999027, -0.044109, 0.05, 0.0, 0.044109, 0.999027, 0.0, 0.0, 0.0, 0.0, 1.0],
                [1.0, 0.0, 0.0, 0.0, 0.0, 0.998176, -0.060364, 0.05, 0.0, 0.060364, 0.998176, 0.0, 0.0, 0.0, 0.0, 1.0],
                [1.0, 0.0, 0.0, 0.0, 0.0, 0.997975, -0.063613, 0.05, 0.0, 0.063613, 0.997975, -0.0, 0.0, 0.0, 0.0, 1.0],
                [1.0, 0.0, 0.0, 0.0, 0.0, 0.997975, -0.063613, 0.05, 0.0, 0.063613, 0.997975, -0.0, 0.0, 0.0, 0.0, 1.0],
                [1.0, 0.0, 0.0, 0.0, 0.0, 0.998736, -0.050272, 0.05, 0.0, 0.050272, 0.998736, -0.0, 0.0, 0.0, 0.0, 1.0],
                [1.0, 0.0, 0.0, 0.0, 0.0, 0.999981, -0.006175, 0.05, 0.0, 0.006175, 0.999981, -0.0, 0.0, 0.0, 0.0, 1.0],
                [1.0, 0.0, 0.0, 0.0, 0.0, 0.999154, 0.041131, 0.05, 0.0, -0.041131, 0.999154, -0.0, 0.0, 0.0, 0.0, 1.0],
                [1.0, 0.0, 0.0, 0.0, 0.0, 0.978072, 0.208265, 0.05, 0.0, -0.208265, 0.978072, -0.0, 0.0, 0.0, 0.0, 1.0]
            ]
        },
        {
            "name": "Chest",
            "time": [0.0, 0.0417, 0.0833, 0.125, 0.2917, 0.4167, 0.5, 0.75],
            "transform": [
                [1.0, -0.0, -0.0, 0.0, 0.0, 0.992267, 0.124118, 0.3, 0.0, -0.124118, 0.992267, -0.0, 0.0, 0.0, 0.0, 1.0],
                [1.0, -0.0, -0.0, 0.0, 0.0, 0.999561, 0.029613, 0.3, 0.0, -0.029613, 0.999561, -0.0, 0.0, 0.0, 0.0, 1.0],
                [1.0, -0.0, -0.0, 0.0, 0.0, 0.999166, -0.040836, 0.3, 0.0, 0.040836, 0.999166, -0.0, 0.0, 0.0, 0.0, 1.0],
                [1.0, -0.0, -0.0, 0.0, 0.0, 0.995334, -0.096494, 0.3, 0.0, 0.096494, 0.995334, -0.0, 0.0, 0.0, 0.0, 1.0],
                [1.0, -0.0, -0.0, 0.0, 0.0, 0.998941, 0.046, 0.3, 0.0, -0.046, 0.998941, -0.0, 0.0, 0.0, 0.0, 1.0],
                [1.0, -0.0, -0.0, 0.0, 0.0, 0.978018, 0.20852, 0.3, 0.0, -0.20852, 0.978018, 0.0, 0.0, 0.0, 0.0, 1.0],
                [1.0, -0.0, -0.0, 0.0, 0.0, 0.975577, 0.219658, 0.3, 0.0, -0.219658, 0.975577, -0.0, 0.0, 0.0, 0.0, 1.0],
                [1.0, -0.0, -0.0, 0.0, 0.0, 0.992689, 0.120701, 0.3, 0.0, -0.120701, 0.992689, 0.0, 0.0, 0.0, 0.0, 1.0]
            ]
        },
        {
            "name": "Shoulder_R",
            "time": [0.0, 0.0417, 0.0833, 0.125, 0.2917, 0.4167, 0.5, 0.75],
            "transform": [
                [0.008709, 0.963739, 0.266705, 0.0, -0.002046, -0.266698, 0.963778, 0.399999, 0.99996, -0.00894, -0.000351, -0.0, 0.0, 0.0, 0.0, 1.0],
                [-0.005722, 0.963419, 0.267938, 0.0, -0.002048, -0.267953, 0.96343, 0.399999, 0.999982, 0.004964, 0.003506, 0.0, 0.0, 0.0, 0.0, 1.0],
                [-0.035157, 0.96214, 0.270277, 0.0, -0.001993, -0.270512, 0.962715, 0.399999, 0.99938, 0.033308, 0.011428, -0.0, 0.0, 0.0, 0.0, 1.0],
                [-0.064561, 0.960021, 0.272381, 0.0, -0.001861, -0.273066, 0.961994, 0.399999, 0.997912, 0.0616, 0.019416, 0.0, 0.0, 0.0, 0.0, 1.0],
                [-0.0289, 0.962483, 0.2698, 0.0, -0.002012, -0.269968, 0.962867, 0.399999, 0.99958, 0.027284, 0.009738, 0.0, 0.0, 0.0, 0.0, 1.0],
                [0.021223, 0.963852, 0.265591, 0.0, -0.002029, -0.265609, 0.964079, 0.399999, 0.999773, -0.020999, -0.003681, 0.0, 0.0, 0.0, 0.0, 1.0],
                [0.027904, 0.96385, 0.264979, 0.0, -0.002014, -0.265028, 0.964239, 0.399999, 0.999609, -0.02744, -0.005454, -0.0, 0.0, 0.0, 0.0, 1.0],
                [0.027904, 0.96385, 0.264979, 0.0, -0.002014, -0.265028, 0.964239, 0.399999, 0.999609, -0.02744, -0.005454, -0.0, 0.0, 0.0, 0.0, 1.0]
            ]
        },
        {
            "name": "Arm_R",
            "time": [0.0, 0.0417, 0.0833, 0.125, 0.2917, 0.4167, 0.5, 0.75],
            "transform": [
                [0.313764, 0.632152, -0.708475, -0.0, -0.260221, 0.774836, 0.57612, 0.325291, 0.913147, 0.003595, 0.407614, -0.0, 0.0, 0.0, 0.0, 1.0],
                [0.311716, 0.684091, -0.659434, -0.0, -0.291685, 0.729397, 0.618789, 0.325291, 0.904297, -0.00054, 0.426904, 0.0, 0.0, 0.0, 0.0, 1.0],
                [0.300291, 0.779689, -0.549464, 0.0, -0.35491, 0.626022, 0.69436, 0.325291, 0.885361, -0.0135, 0.464707, 0.0, 0.0, 0.0, 0.0, 1.0],
                [0.279387, 0.859166, -0.428692, 0.0, -0.415385, 0.51068, 0.752769, 0.325291, 0.865678, -0.032242, 0.499562, -0.0, 0.0, 0.0, 0.0, 1.0],
                [0.298157, 0.661292, -0.688328, -0.0, -0.248805, 0.750041, 0.612809, 0.325291, 0.92152, -0.011454, 0.388163, -0.0, 0.0, 0.0, 0.0, 1.0],
                [0.168566, -0.747583, -0.642421, -0.0, -0.195446, 0.613457, -0.76516, 0.325291, 0.966119, 0.254538, -0.042704, 0.0, 0.0, 0.0, 0.0, 1.0],
                [0.139107, -0.981338, -0.132761, 0.0, -0.23877, 0.096871, -0.966232, 0.325291, 0.961061, 0.166109, -0.220839, -0.0, 0.0, 0.0, 0.0, 1.0],
                [0.139107, -0.981338, -0.132761, 0.0, -0.23877, 0.096871, -0.966232, 0.325291, 0.961061, 0.166109, -0.220839, -0.0, 0.0, 0.0, 0.0, 1.0]
            ]
        },
        {
            "name": "Hand_R",
            "time": [0.0, 0.125, 0.2917, 0.4167, 0.5, 0.75],
            "transform": [
                [1.0, 0.0, 0.0, -0.0, -0.0, 0.998806, -0.048847, 0.799181, 0.0, 0.048847, 0.998806, -0.0, 0.0, 0.0, 0.0, 1.0],
                [1.0, 0.0, -0.0, 0.0, -0.0, 0.998806, -0.048847, 0.799181, -0.0, 0.048847, 0.998806, 0.0, 0.0, 0.0, 0.0, 1.0],
                [1.0, 0.0, 0.0, -0.0, -0.0, 0.998806, -0.048847, 0.799181, 0.0, 0.048847, 0.998806, 0.0, 0.0, 0.0, 0.0, 1.0],
                [1.0, 0.0, -0.0, -0.0, -0.0, 0.807289, -0.590157, 0.799181, 0.0, 0.590157, 0.807288, 0.0, 0.0, 0.0, 0.0, 1.0],
                [1.0, -0.0, 0.0, 0.0, 0.0, 0.604689, -0.796462, 0.799181, 0.0, 0.796462, 0.604689, -0.0, 0.0, 0.0, 0.0, 1.0],
                [1.0, -0.0, 0.0, 0.0, 0.0, 0.604689, -0.796462, 0.799181, 0.0, 0.796462, 0.604689, 0.0, 0.0, 0.0, 0.0, 1.0]
            ]
        },
        {
            "name": "Tool_R",
            "time": [0.0, 0.75],
            "transform": [
                [1.0, -0.0, 0.0, 0.0, 0.0, -0.999524, -0.030857, 0.78144, 0.0, 0.030857, -0.999542, -0.0, 0.0, 0.0, 0.0, 1.0],
                [1.0, -0.0, 0.0, 0.0, -0.0, -0.999524, -0.030857, 0.781441, 0.0, 0.030857, -0.999542, 0.0, 0.0, 0.0, 0.0, 1.0]
            ]
        },
        {
            "name": "Shoulder_L",
            "time": [0.0, 0.0417, 0.0833, 0.125, 0.2917, 0.4167, 0.5, 0.75],
            "transform": [
                [-0.044581, -0.961543, -0.271012, 0.0, -0.002344, -0.27118, 0.962526, 0.399999, -0.999003, 0.043546, 0.009836, -0.0, 0.0, 0.0, 0.0, 1.0],
                [-0.054544, -0.960816, -0.271766, 0.0, -0.002355, -0.272047, 0.962281, 0.399999, -0.998509, 0.053126, 0.012576, 0.0, 0.0, 0.0, 0.0, 1.0],
                [-0.07485, -0.959035, -0.273221, 0.0, -0.002405, -0.273815, 0.96178, 0.399999, -0.997192, 0.072646, 0.018189, 0.0, 0.0, 0.0, 0.0, 1.0],
                [-0.095124, -0.956854, -0.274559, 0.0, -0.002492, -0.27558, 0.961275, 0.399999, -0.995463, 0.092125, 0.02383, 0.0, 0.0, 0.0, 0.0, 1.0],
                [-0.068934, -0.959595, -0.27281, 0.0, -0.002263, -0.27331, 0.961923, 0.399999, -0.997619, 0.066927, 0.016669, 0.0, 0.0, 0.0, 0.0, 1.0],
                [-0.03273, -0.96228, -0.270086, 0.0, -0.002097, -0.270164, 0.962812, 0.399999, -0.999462, 0.032079, 0.006825, 0.0, 0.0, 0.0, 0.0, 1.0],
                [-0.027899, -0.962542, -0.269696, 0.0, -0.002084, -0.269744, 0.96293, 0.399999, -0.999609, 0.027426, 0.00552, -0.0, 0.0, 0.0, 0.0, 1.0],
                [-0.027899, -0.962542, -0.269696, 0.0, -0.002084, -0.269744, 0.96293, 0.399999, -0.999609, 0.027426, 0.00552, -0.0, 0.0, 0.0, 0.0, 1.0]
            ]
        },
        {
            "name": "Arm_L",
            "time": [0.0, 0.0417, 0.0833, 0.125, 0.2917, 0.4167, 0.5, 0.75],
            "transform": [
                [0.300037, -0.618934, 0.725877, -0.0, 0.295926, 0.783786, 0.545992, 0.325291, -0.906865, 0.050988, 0.418324, 0.0, 0.0, 0.0, 0.0, 1.0],
                [0.296322, -0.673601, 0.677093, 0.0, 0.327743, 0.737601, 0.590363, 0.325291, -0.897094, 0.046975, 0.439336, -0.0, 0.0, 0.0, 0.0, 1.0],
                [0.281136, -0.774516, 0.566646, 0.0, 0.391361, 0.63166, 0.66921, 0.325291, -0.876242, 0.033624, 0.480697, 0.0, 0.0, 0.0, 0.0, 1.0],
                [0.256099, -0.85843, 0.444423, -0.0, 0.451534, 0.512749, 0.730209, 0.325291, -0.854711, 0.013666, 0.518925, 0.0, 0.0, 0.0, 0.0, 1.0],
                [0.288987, -0.603438, 0.743202, -0.0, 0.271548, 0.796109, 0.540806, 0.325291, -0.918013, 0.045529, 0.393928, -0.0, 0.0, 0.0, 0.0, 1.0],
                [0.213739, 0.79923, 0.561736, -0.0, 0.197735, 0.527726, -0.826079, 0.325291, -0.956669, 0.28764, -0.04524, 0.0, 0.0, 0.0, 0.0, 1.0],
                [0.189641, 0.981334, 0.031938, 0.0, 0.217618, -0.010291, -0.97598, 0.325291, -0.957433, 0.192036, -0.215507, 0.0, 0.0, 0.0, 0.0, 1.0],
                [0.189641, 0.981334, 0.031938, -0.0, 0.217618, -0.010291, -0.97598, 0.325291, -0.957433, 0.192036, -0.215507, -0.0, 0.0, 0.0, 0.0, 1.0]
            ]
        },
        {
            "name": "Hand_L",
            "time": [0.0, 0.125, 0.2917, 0.4167, 0.5, 0.75],
            "transform": [
                [1.0, 0.0, 0.0, -0.0, 0.0, 0.97515, -0.221546, 0.799181, -0.0, 0.221546, 0.97515, 0.0, 0.0, 0.0, 0.0, 1.0],
                [1.0, 0.0, 0.0, -0.0, 0.0, 0.97515, -0.221546, 0.799181, -0.0, 0.221546, 0.97515, -0.0, 0.0, 0.0, 0.0, 1.0],
                [1.0, 0.0, 0.0, -0.0, 0.0, 0.97515, -0.221546, 0.799181, -0.0, 0.221546, 0.97515, 0.0, 0.0, 0.0, 0.0, 1.0],
                [1.0, -0.0, 0.0, 0.0, 0.0, 0.772308, -0.635248, 0.799181, -0.0, 0.635248, 0.772308, -0.0, 0.0, 0.0, 0.0, 1.0],
                [1.0, -0.0, 0.0, 0.0, 0.0, 0.604689, -0.796462, 0.799181, 0.0, 0.796462, 0.604689, -0.0, 0.0, 0.0, 0.0, 1.0],
                [1.0, -0.0, 0.0, -0.0, 0.0, 0.604689, -0.796462, 0.799181, 0.0, 0.796462, 0.604689, -0.0, 0.0, 0.0, 0.0, 1.0]
            ]
        },
        {
            "name": "Tool_L",
            "time": [0.0, 0.75],
            "transform": [
                [1.0, 0.0, 0.0, 0.0, 0.0, -0.999524, -0.030857, 0.781441, 0.0, 0.030857, -0.999544, -0.0, 0.0, 0.0, 0.0, 1.0],
                [1.0, 0.0, 0.0, 0.0, 0.0, -0.999524, -0.030857, 0.781441, 0.0, 0.030857, -0.999544, -1e-06, 0.0, 0.0, 0.0, 1.0]
            ]
        },
        {
            "name": "Head",
            "time": [0.0, 0.0417, 0.0833, 0.125, 0.2917, 0.4167, 0.5, 0.75],
            "transform": [
                [1.0, 0.0, -0.0, -0.0, -0.0, 0.991172, 0.132583, 0.399999, 0.0, -0.132583, 0.991172, -0.0, 0.0, 0.0, 0.0, 1.0],
                [1.0, 0.0, -0.0, 0.0, -0.0, 0.999707, -0.02422, 0.399999, 0.0, 0.02422, 0.999707, 0.0, 0.0, 0.0, 0.0, 1.0],
                [1.0, 0.0, -0.0, -0.0, -0.0, 0.98923, -0.146373, 0.399999, 0.0, 0.146373, 0.98923, 0.0, 0.0, 0.0, 0.0, 1.0],
                [1.0, 0.0, -0.0, -0.0, -0.0, 0.968087, -0.250616, 0.399999, 0.0, 0.250616, 0.968087, 0.0, 0.0, 0.0, 0.0, 1.0],
                [1.0, 0.0, -0.0, -0.0, -0.0, 0.918004, -0.396572, 0.399999, 0.0, 0.396572, 0.918004, 0.0, 0.0, 0.0, 0.0, 1.0],
                [1.0, 0.0, -0.0, -0.0, -0.0, 0.994989, -0.099981, 0.399999, 0.0, 0.099981, 0.994989, 0.0, 0.0, 0.0, 0.0, 1.0],
                [1.0, 0.0, -0.0, -0.0, -0.0, 0.998453, -0.055601, 0.399999, 0.0, 0.055601, 0.998453, -0.0, 0.0, 0.0, 0.0, 1.0],
                [1.0, 0.0, -0.0, 0.0, -0.0, 0.998453, -0.055601, 0.399999, 0.0, 0.055601, 0.998453, -0.0, 0.0, 0.0, 0.0, 1.0]
            ]
        },
        {
            "name": "Head_Top",
            "time": [0.0, 0.75],
            "transform": [
                [1.0, 0.0, -0.0, -0.0, -0.0, 1.0, -0.0, 0.196375, -0.0, 0.0, 1.0, -0.0, 0.0, 0.0, 0.0, 1.0],
                [1.0, 0.0, 0.0, 0.0, 0.0, 1.0, -0.0, 0.196376, -0.0, 0.0, 1.0, -0.0, 0.0, 0.0, 0.0, 1.0]
            ]
        }
    ]
}