{
    "animation": [
        {
            "name": "Root",
            "time": [0.0, 0.125],
            "transform": [
                [1.0, 0.0, 0.0, -5e-06, -0.0, -0.0, -1.0, -1e-06, 0.0, 1.0, -0.0, 1.487706, 0.0, 0.0, 0.0, 1.0],
                [1.0, 0.0, 0.0, -5e-06, -0.0, -0.0, -1.0, -1e-06, 0.0, 1.0, -0.0, 1.487706, 0.0, 0.0, 0.0, 1.0]
            ]
        },
        {
            "name": "Thigh_R",
            "time": [0.0, 0.125],
            "transform": [
                [0.998432, 0.039732, -0.039421, 0.124994, 0.039188, -0.999126, -0.014495, -0.061515, -0.039963, 0.012927, -0.999118, -1.2e-05, 0.0, 0.0, 0.0, 1.0],
                [0.998432, 0.039732, -0.039421, 0.124994, 0.039188, -0.999126, -0.014495, -0.061515, -0.039963, 0.012927, -0.999118, -1.2e-05, 0.0, 0.0, 0.0, 1.0]
            ]
        },
        {
            "name": "Leg_R",
            "time": [0.0, 0.125],
            "transform": [
                [1.0, -0.0, 2e-06, 0.0, -0.0, 0.953509, 0.301368, 0.694429, -2e-06, -0.301369, 0.953507, 0.0, 0.0, 0.0, 0.0, 1.0],
                [1.0, -0.0, 2e-06, 0.0, -0.0, 0.953509, 0.301368, 0.694429, -2e-06, -0.301369, 0.953507, 0.0, 0.0, 0.0, 0.0, 1.0]
            ]
        },
        {
            "name": "Thigh_L",
            "time": [0.0, 0.125],
            "transform": [
                [1.0, -4.2e-05, 3.2e-05, -0.125006, -5e-05, -0.950122, 0.311878, -0.061515, 1.7e-05, -0.311878, -0.950122, -1.2e-05, 0.0, 0.0, 0.0, 1.0],
                [1.0, -4.2e-05, 3.2e-05, -0.125006, -5e-05, -0.950122, 0.311878, -0.061515, 1.7e-05, -0.311878, -0.950122, -1.2e-05, 0.0, 0.0, 0.0, 1.0]
            ]
        },
        {
            "name": "Leg_L",
            "time": [0.0, 0.125],
            "transform": [
                [1.0, -0.0, 1e-06, 0.0, 0.0, 0.970838, 0.239737, 0.694429, -1e-06, -0.239737, 0.970838, 0.0, 0.0, 0.0, 0.0, 1.0],
                [1.0, -0.0, 1e-06, 0.0, 0.0, 0.970838, 0.239737, 0.694429, -1e-06, -0.239737, 0.970838, 0.0, 0.0, 0.0, 0.0, 1.0]
            ]
        },
        {
            "name": "Torso",
            "time": [0.0, 0.125],
            "transform": [
                [0.99978, -0.020971, -0.000197, 0.0, 0.020971, 0.999603, 0.018833, 0.05, -0.000198, -0.018833, 0.999823, 0.0, 0.0, 0.0, 0.0, 1.0],
                [0.99978, -0.020971, -0.000197, 0.0, 0.020971, 0.999603, 0.018833, 0.05, -0.000198, -0.018833, 0.999823, 0.0, 0.0, 0.0, 0.0, 1.0]
            ]
        },
        {
            "name": "Chest",
            "time": [0.0, 0.125],
            "transform": [
                [0.999997, -0.000163, 0.002419, 0.0, -0.000117, 0.993322, 0.115376, 0.3, -0.002421, -0.115376, 0.993319, 0.0, 0.0, 0.0, 0.0, 1.0],
                [0.999997, -0.000163, 0.002419, 0.0, -0.000117, 0.993322, 0.115376, 0.3, -0.002421, -0.115376, 0.993319, 0.0, 0.0, 0.0, 0.0, 1.0]
            ]
        },
        {
            "name": "Shoulder_R",
            "time": [0.0, 0.125],
            "transform": [
                [0.08963, 0.960607, 0.26306, 0.0, -7e-05, -0.264117, 0.964491, 0.399999, 0.995975, -0.086466, -0.023606, -0.0, 0.0, 0.0, 0.0, 1.0],
                [0.08963, 0.960607, 0.26306, 0.0, -7e-05, -0.264117, 0.964491, 0.399999, 0.995975, -0.086466, -0.023606, -0.0, 0.0, 0.0, 0.0, 1.0]
            ]
        },
        {
            "name": "Arm_R",
            "time": [0.0, 0.125],
            "transform": [
                [0.006856, 0.286148, -0.958161, 0.0, 0.89293, 0.429579, 0.13468, 0.325291, 0.450144, -0.856494, -0.252564, 0.0, 0.0, 0.0, 0.0, 1.0],
                [0.006856, 0.286148, -0.958161, 0.0, 0.89293, 0.429579, 0.13468, 0.325291, 0.450144, -0.856494, -0.252564, 0.0, 0.0, 0.0, 0.0, 1.0]
            ]
        },
        {
            "name": "Hand_R",
            "time": [0.0, 0.125],
            "transform": [
                [1.0, 0.0, 0.0, -0.0, -0.0, 0.88895, -0.458005, 0.799181, -0.0, 0.458005, 0.888949, 0.0, 0.0, 0.0, 0.0, 1.0],
                [1.0, 0.0, 0.0, -0.0, -0.0, 0.88895, -0.458005, 0.799181, -0.0, 0.458005, 0.888949, 0.0, 0.0, 0.0, 0.0, 1.0]
            ]
        },
        {
            "name": "Tool_R",
            "time": [0.0, 0.125],
            "transform": [
                [1.0, -0.0, 0.0, 0.0, 0.0, -0.999524, -0.030857, 0.781441, 0.0, 0.030857, -0.999542, 0.0, 0.0, 0.0, 0.0, 1.0],
                [1.0, -0.0, 0.0, 0.0, 0.0, -0.999524, -0.030857, 0.781441, 0.0, 0.030857, -0.999542, 0.0, 0.0, 0.0, 0.0, 1.0]
            ]
        },
        {
            "name": "Shoulder_L",
            "time": [0.0, 0.125],
            "transform": [
                [0.088272, -0.960802, -0.262808, 0.0, -0.007439, -0.264467, 0.964366, 0.399999, -0.996069, -0.083172, -0.030493, 0.0, 0.0, 0.0, 0.0, 1.0],
                [0.088272, -0.960802, -0.262808, 0.0, -0.007439, -0.264467, 0.964366, 0.399999, -0.996069, -0.083172, -0.030493, 0.0, 0.0, 0.0, 0.0, 1.0]
            ]
        },
        {
            "name": "Arm_L",
            "time": [0.0, 0.125],
            "transform": [
                [0.157294, -0.327323, 0.931729, -0.0, -0.829979, 0.467455, 0.304337, 0.325291, -0.535158, -0.821185, -0.198143, -0.0, 0.0, 0.0, 0.0, 1.0],
                [0.157294, -0.327323, 0.931729, -0.0, -0.829979, 0.467455, 0.304337, 0.325291, -0.535158, -0.821185, -0.198143, -0.0, 0.0, 0.0, 0.0, 1.0]
            ]
        },
        {
            "name": "Hand_L",
            "time": [0.0, 0.125],
            "transform": [
                [1.0, -0.0, 0.0, 0.0, 0.0, 0.865927, -0.50017, 0.799181, -0.0, 0.50017, 0.865927, 0.0, 0.0, 0.0, 0.0, 1.0],
                [1.0, -0.0, 0.0, 0.0, 0.0, 0.865927, -0.50017, 0.799181, -0.0, 0.50017, 0.865927, 0.0, 0.0, 0.0, 0.0, 1.0]
            ]
        },
        {
            "name": "Tool_L",
            "time": [0.0, 0.125],
            "transform": [
                [1.0, 0.0, 0.0, 0.0, 0.0, -0.999524, -0.030857, 0.78144, 0.0, 0.030857, -0.999544, 0.0, 0.0, 0.0, 0.0, 1.0],
                [1.0, 0.0, 0.0, 0.0, 0.0, -0.999524, -0.030857, 0.78144, 0.0, 0.030857, -0.999544, 0.0, 0.0, 0.0, 0.0, 1.0]
            ]
        },
        {
            "name": "Head",
            "time": [0.0, 0.125],
            "transform": [
                [0.999923, -0.004361, 0.011639, 0.0, -0.004786, 0.729124, 0.684365, 0.399999, -0.011471, -0.684368, 0.729047, 0.0, 0.0, 0.0, 0.0, 1.0],
                [0.999923, -0.004361, 0.011639, 0.0, -0.004786, 0.729124, 0.684365, 0.399999, -0.011471, -0.684368, 0.729047, 0.0, 0.0, 0.0, 0.0, 1.0]
            ]
        },
        {
            "name": "Head_Top",
            "time": [0.0, 0.125],
            "transform": [
                [1.0, 0.0, -0.0, -0.0, 0.0, 1.0, -0.0, 0.196376, 0.0, 0.0, 1.0, -0.0, 0.0, 0.0, 0.0, 1.0],
                [1.0, 0.0, -0.0, -0.0, 0.0, 1.0, -0.0, 0.196376, 0.0, 0.0, 1.0, -0.0, 0.0, 0.0, 0.0, 1.0]
            ]
        }
    ]
}