{
    "animation": [
        {
            "name": "Root",
            "time": [0.0, 0.1333, 0.2667, 0.6, 0.6833, 0.7667, 0.85, 1.5],
            "transform": [
                [0.921056, 0.006088, -0.389383, -5e-06, -0.389431, 0.014399, -0.920943, -1e-06, 0.0, 0.999878, 0.015633, 1.554242, 0.0, 0.0, 0.0, 1.0],
                [0.921056, 0.006088, -0.389383, -5e-06, -0.383977, 0.180946, -0.905439, -1e-06, 0.064945, 0.983474, 0.168999, 1.195372, 0.0, 0.0, 0.0, 1.0],
                [-0.228016, -0.538986, -0.810866, -5e-06, -0.969282, 0.046789, 0.241461, 1.316447, -0.092205, 0.841014, -0.533098, 3.074676, 0.0, 0.0, 0.0, 1.0],
                [-0.314538, -0.530631, -0.787081, -5e-06, -0.810272, 0.582028, -0.068584, 2.071795, 0.494496, 0.616177, -0.613025, 3.606872, 0.0, 0.0, 0.0, 1.0],
                [0.534897, -0.828371, -0.166394, -5e-06, -0.058245, 0.160315, -0.985346, 2.915655, 0.842907, 0.53675, 0.037503, 2.929439, 0.0, 0.0, 0.0, 1.0],
                [-0.050828, 0.193363, 0.97981, -5e-06, 0.849767, -0.507067, 0.14415, 3.72583, 0.524703, 0.839937, -0.13854, 1.704974, 0.0, 0.0, 0.0, 1.0],
                [-0.093623, -0.162604, 0.98224, -5e-06, 0.993488, -0.079614, 0.081516, 3.917471, 0.064945, 0.983474, 0.168999, 0.787702, 0.0, 0.0, 0.0, 1.0],
                [-0.093623, -0.162604, 0.98224, -5e-06, 0.993488, -0.079614, 0.081516, 3.917471, 0.064945, 0.983474, 0.168999, 0.787702, 0.0, 0.0, 0.0, 1.0]
            ]
        },
        {
            "name": "Thigh_R",
            "time": [0.0, 0.1333, 0.2667, 0.6, 0.6833, 0.7667, 0.85, 1.5],
            "transform": [
                [0.913379, 0.391389, 0.112041, 0.124994, 0.40696, -0.870294, -0.277435, -0.061515, -0.011076, 0.298999, -0.954189, -1.2e-05, 0.0, 0.0, 0.0, 1.0],
                [0.901945, 0.422345, -0.090112, 0.124994, 0.430631, -0.895272, 0.114207, -0.061515, -0.03244, -0.141814, -0.989362, -1.2e-05, 0.0, 0.0, 0.0, 1.0],
                [0.777488, 0.129725, -0.615373, 0.124994, 0.289305, -0.942589, 0.166815, -0.061515, -0.558404, -0.307727, -0.770382, -1.2e-05, 0.0, 0.0, 0.0, 1.0],
                [0.526348, 0.432191, -0.732235, 0.124994, 0.659234, 0.336459, 0.672463, -0.061515, 0.537, -0.836663, -0.107821, -1.2e-05, 0.0, 0.0, 0.0, 1.0],
                [-0.36693, 0.840183, -0.399317, 0.124994, 0.891393, 0.440328, 0.107378, -0.061515, 0.266047, -0.316548, -0.910503, -1.2e-05, 0.0, 0.0, 0.0, 1.0],
                [0.225993, 0.945529, 0.23431, 0.124994, -0.201629, 0.280727, -0.93837, -0.061515, -0.953034, 0.164821, 0.254089, -1.2e-05, 0.0, 0.0, 0.0, 1.0],
                [0.189885, 0.957167, -0.21857, 0.124993, 0.527303, -0.287211, -0.799663, -0.061515, -0.828188, 0.036591, -0.559255, -1.2e-05, 0.0, 0.0, 0.0, 1.0],
                [0.189885, 0.957167, -0.21857, 0.124993, 0.527303, -0.287211, -0.799663, -0.061515, -0.828188, 0.036591, -0.559255, -1.2e-05, 0.0, 0.0, 0.0, 1.0]
            ]
        },
        {
            "name": "Leg_R",
            "time": [0.0, 0.1333, 0.2667, 0.6, 0.7667, 0.85, 1.5],
            "transform": [
                [1.0, 0.0, 0.0, 0.0, -0.0, 0.902907, 0.429837, 0.906668, 0.0, -0.429838, 0.902906, 0.0, 0.0, 0.0, 0.0, 1.0],
                [1.0, 0.0, -0.0, 0.0, 0.0, 0.27039, 0.96275, 0.906668, 0.0, -0.962752, 0.27039, 0.0, 0.0, 0.0, 0.0, 1.0],
                [1.0, 1e-06, 1e-06, 0.0, -1e-06, 0.080616, 0.996744, 0.906668, 0.0, -0.996746, 0.080616, -0.0, 0.0, 0.0, 0.0, 1.0],
                [1.0, 0.0, 0.0, 0.0, -0.0, 0.7212, 0.692727, 0.906668, 0.0, -0.692729, 0.721198, 0.0, 0.0, 0.0, 0.0, 1.0],
                [0.999977, -6.6e-05, -0.006783, 0.0, 0.00234, 0.941952, 0.335741, 0.906668, 0.006367, -0.33575, 0.941929, 0.0, 0.0, 0.0, 0.0, 1.0],
                [1.0, 0.0, 0.0, 0.0, -0.0, 0.999978, 0.006792, 0.906668, -0.0, -0.006792, 0.999976, 0.0, 0.0, 0.0, 0.0, 1.0],
                [1.0, 0.0, 0.0, 0.0, -0.0, 0.999978, 0.006792, 0.906668, -0.0, -0.006792, 0.999976, 0.0, 0.0, 0.0, 0.0, 1.0]
            ]
        },
        {
            "name": "Knee_R",
            "time": [0.0, 0.1333, 0.2667, 0.6, 0.7667, 0.85, 1.5],
            "transform": [
                [1.0, -0.0, -0.0, 0.0, -0.0, 0.0, -1.0, 0.921029, 0.0, 1.0, 0.0, 0.0, 0.0, 0.0, 0.0, 1.0],
                [1.0, -0.0, -0.0, 0.0, -0.0, 0.0, -1.0, 0.957089, 0.0, 1.0, 0.0, 0.0, 0.0, 0.0, 0.0, 1.0],
                [1.0, -0.0, -0.0, 0.0, -0.0, 0.0, -1.0, 0.965255, 0.0, 1.0, 0.0, -0.0, 0.0, 0.0, 0.0, 1.0],
                [1.0, -0.0, -0.0, 0.0, -0.0, -0.0, -1.0, 0.934603, 0.0, 1.0, -0.0, 0.0, 0.0, 0.0, 0.0, 1.0],
                [1.0, -0.0, -0.0, -0.0, -0.0, 0.0, -1.0, 0.91672, 0.0, 1.0, 0.0, -0.0, 0.0, 0.0, 0.0, 1.0],
                [1.0, -0.0, -0.0, 0.0, -0.0, 0.0, -1.0, 0.906668, 0.0, 1.0, 0.0, 0.0, 0.0, 0.0, 0.0, 1.0],
                [1.0, -0.0, -0.0, 0.0, -0.0, 0.0, -1.0, 0.906668, 0.0, 1.0, 0.0, 0.0, 0.0, 0.0, 0.0, 1.0]
            ]
        },
        {
            "name": "Thigh_L",
            "time": [0.0, 0.1333, 0.2667, 0.6, 0.7667, 0.85, 1.5],
            "transform": [
                [0.90263, -0.395308, -0.170267, -0.125006, -0.062636, -0.512014, 0.85669, -0.061515, -0.425836, -0.762609, -0.486919, -1.2e-05, 0.0, 0.0, 0.0, 1.0],
                [0.916874, -0.350925, 0.190245, -0.125006, -0.152811, 0.131724, 0.979437, -0.061515, -0.368769, -0.927092, 0.067149, -1.2e-05, 0.0, 0.0, 0.0, 1.0],
                [0.969625, -0.241742, 0.037264, -0.125006, -0.043728, -0.021426, 0.998814, -0.061515, -0.240657, -0.970104, -0.031346, -1.2e-05, 0.0, 0.0, 0.0, 1.0],
                [0.528305, -0.214497, -0.821513, -0.125006, -0.683533, -0.681409, -0.261655, -0.061515, -0.503663, 0.699765, -0.506608, -1.2e-05, 0.0, 0.0, 0.0, 1.0],
                [0.314122, -0.925335, 0.212326, -0.125006, -0.730821, -0.092928, 0.676214, -0.061514, -0.605993, -0.367586, -0.705445, -1.2e-05, 0.0, 0.0, 0.0, 1.0],
                [0.33409, -0.71154, 0.618137, -0.125006, 0.139371, 0.685905, 0.71422, -0.061515, -0.93218, -0.152464, 0.328322, -1.2e-05, 0.0, 0.0, 0.0, 1.0],
                [0.33409, -0.71154, 0.618137, -0.125006, 0.139371, 0.685905, 0.71422, -0.061515, -0.93218, -0.152464, 0.328322, -1.2e-05, 0.0, 0.0, 0.0, 1.0]
            ]
        },
        {
            "name": "Leg_L",
            "time": [0.0, 0.1333, 0.2667, 0.6, 0.7667, 0.85, 1.5],
            "transform": [
                [1.0, -1e-06, 4e-06, 0.0, -3e-06, 0.32127, 0.946988, 0.906668, -2e-06, -0.946987, 0.32127, -0.0, 0.0, 0.0, 0.0, 1.0],
                [1.0, -1e-06, 0.000434, 0.0, -0.000413, -0.309317, 0.950959, 0.906668, 0.000134, -0.950959, -0.309317, -0.0, 0.0, 0.0, 0.0, 1.0],
                [0.999991, -0.002183, -0.003551, 0.0, 0.003809, 0.13298, 0.991112, 0.906668, -0.001692, -0.991116, 0.132987, -0.0, 0.0, 0.0, 0.0, 1.0],
                [1.0, -0.0, 1e-06, -0.0, 0.0, 0.999956, 0.009354, 0.906668, -0.0, -0.009354, 0.999956, 0.0, 0.0, 0.0, 0.0, 1.0],
                [1.0, -0.0, 9e-06, 0.0, -5e-06, 0.761456, 0.648216, 0.906668, -7e-06, -0.648216, 0.761457, 0.0, 0.0, 0.0, 0.0, 1.0],
                [0.990872, -0.133831, 0.016181, 0.0, -0.05002, -0.253543, 0.96603, 0.906668, -0.125182, -0.958022, -0.257923, -0.0, 0.0, 0.0, 0.0, 1.0],
                [0.990872, -0.133831, 0.016181, 0.0, -0.05002, -0.253543, 0.96603, 0.906668, -0.125182, -0.958022, -0.257923, -0.0, 0.0, 0.0, 0.0, 1.0]
            ]
        },
        {
            "name": "Knee_L",
            "time": [0.0, 0.1333, 0.2667, 0.6, 0.7667, 0.85, 1.5],
            "transform": [
                [1.0, -0.0, -0.0, 0.0, -0.0, 0.0, -1.0, 0.954836, 0.0, 1.0, 0.0, 0.0, 0.0, 0.0, 0.0, 1.0],
                [1.0, -0.0, -0.0, 0.0, -0.0, 0.0, -1.0, 0.968668, 0.0, 1.0, 0.0, -0.0, 0.0, 0.0, 0.0, 1.0],
                [1.0, -0.0, -0.0, 0.0, -0.0, 0.0, -1.0, 0.963027, 0.0, 1.0, 0.0, -0.0, 0.0, 0.0, 0.0, 1.0],
                [1.0, -0.0, -0.0, -0.0, -0.0, 0.0, -1.0, 0.906668, 0.0, 1.0, 0.0, 0.0, 0.0, 0.0, 0.0, 1.0],
                [1.0, -0.0, -0.0, 0.0, -0.0, 0.0, -1.0, 0.932064, 0.0, 1.0, 0.0, 0.0, 0.0, 0.0, 0.0, 1.0],
                [1.0, -0.0, -0.0, -0.0, -0.0, 0.0, -1.0, 0.968668, 0.0, 1.0, 0.0, -0.0, 0.0, 0.0, 0.0, 1.0],
                [1.0, -0.0, -0.0, -0.0, -0.0, 0.0, -1.0, 0.968668, 0.0, 1.0, 0.0, -0.0, 0.0, 0.0, 0.0, 1.0]
            ]
        },
        {
            "name": "Torso",
            "time": [0.0, 0.2667, 0.6, 1.5],
            "transform": [
                [1.0, -0.0, 0.0, 0.0, 0.0, 1.0, -0.0, 0.05, 0.0, -0.0, 1.0, -0.0, 0.0, 0.0, 0.0, 1.0],
                [1.0, -0.0, -0.0, 0.0, 0.0, 1.0, 0.0, 0.05, 0.0, 0.0, 1.0, 0.0, 0.0, 0.0, 0.0, 1.0],
                [1.0, 0.0, -0.0, -0.0, -0.0, 1.0, -0.0, 0.05, -0.0, -0.0, 1.0, -0.0, 0.0, 0.0, 0.0, 1.0],
                [1.0, -0.0, -0.0, -0.0, 0.0, 1.0, 0.0, 0.05, 0.0, -0.0, 1.0, -0.0, 0.0, 0.0, 0.0, 1.0]
            ]
        },
        {
            "name": "Chest",
            "time": [0.0, 0.1333, 0.2667, 0.6, 1.5],
            "transform": [
                [1.0, -0.0, 0.0, -0.0, -0.0, 0.953871, 0.300218, 0.3, -0.0, -0.300218, 0.953871, -0.0, 0.0, 0.0, 0.0, 1.0],
                [0.997438, -0.065737, -0.028209, 0.0, 0.071363, 0.88716, 0.455911, 0.3, -0.004944, -0.456756, 0.889579, -0.0, 0.0, 0.0, 0.0, 1.0],
                [0.997438, -0.065737, -0.028209, -0.0, 0.071363, 0.88716, 0.455911, 0.3, -0.004944, -0.456756, 0.889579, 0.0, 0.0, 0.0, 0.0, 1.0],
                [0.997438, -0.065737, -0.028209, -0.0, 0.071363, 0.88716, 0.455911, 0.3, -0.004944, -0.456756, 0.889579, 0.0, 0.0, 0.0, 0.0, 1.0],
                [0.997438, -0.065737, -0.028209, 0.0, 0.071363, 0.88716, 0.455911, 0.3, -0.004944, -0.456756, 0.889579, -0.0, 0.0, 0.0, 0.0, 1.0]
            ]
        },
        {
            "name": "Shoulder_R",
            "time": [0.0, 1.5],
            "transform": [
                [-0.0, 0.963581, 0.267415, 0.0, 0.0, -0.267414, 0.963582, 0.4, 1.0, 0.0, -0.0, 0.0, 0.0, 0.0, 0.0, 1.0],
                [-0.0, 0.963582, 0.267415, -0.0, 0.0, -0.267414, 0.963582, 0.4, 1.0, 0.0, -0.0, -0.0, 0.0, 0.0, 0.0, 1.0]
            ]
        },
        {
            "name": "Arm_R",
            "time": [0.0, 0.1333, 0.2667, 0.6, 0.7667, 0.85, 1.5],
            "transform": [
                [-0.010576, 0.436766, -0.899513, 0.0, 0.864432, 0.456175, 0.211336, 0.325291, 0.502639, -0.775333, -0.382378, -0.0, 0.0, 0.0, 0.0, 1.0],
                [-0.010576, 0.436765, -0.899513, 0.0, 0.864431, 0.456175, 0.211336, 0.325291, 0.502639, -0.775333, -0.382378, -0.0, 0.0, 0.0, 0.0, 1.0],
                [-0.171551, 0.652422, -0.738184, 0.0, 0.849479, 0.477449, 0.224563, 0.325291, 0.498955, -0.588548, -0.636126, -0.0, 0.0, 0.0, 0.0, 1.0],
                [-0.236348, 0.656736, -0.716127, -0.0, 0.683681, 0.636102, 0.357708, 0.325291, 0.690449, -0.405059, -0.599339, 0.0, 0.0, 0.0, 0.0, 1.0],
                [-0.493714, 0.623885, -0.605817, -0.0, -0.125426, 0.638272, 0.759525, 0.325291, 0.860532, 0.450973, -0.236872, 0.0, 0.0, 0.0, 0.0, 1.0],
                [0.309202, -0.657159, -0.687413, 0.0, 0.574855, 0.704982, -0.415381, 0.325291, 0.757585, -0.266726, 0.595753, -0.0, 0.0, 0.0, 0.0, 1.0],
                [0.309203, -0.657159, -0.687413, 0.0, 0.574856, 0.704982, -0.415381, 0.325291, 0.757585, -0.266726, 0.595753, 0.0, 0.0, 0.0, 0.0, 1.0]
            ]
        },
        {
            "name": "Hand_R",
            "time": [0.0, 0.6, 0.7667, 0.85, 1.5],
            "transform": [
                [1.0, -0.0, -0.0, 0.0, 0.0, 0.703771, -0.710427, 0.880269, 0.0, 0.710427, 0.703771, 0.0, 0.0, 0.0, 0.0, 1.0],
                [1.0, -0.0, -0.0, -0.0, 0.0, 0.703771, -0.710427, 0.880269, 0.0, 0.710427, 0.703771, 0.0, 0.0, 0.0, 0.0, 1.0],
                [1.0, -0.0, -0.0, -0.0, 0.0, 0.850424, -0.526098, 0.880269, 0.0, 0.526098, 0.850424, -0.0, 0.0, 0.0, 0.0, 1.0],
                [1.0, -0.0, -0.0, -0.0, 0.0, 0.949894, -0.312573, 0.880269, 0.0, 0.312573, 0.949894, 0.0, 0.0, 0.0, 0.0, 1.0],
                [1.0, -0.0, -0.0, -0.0, 0.0, 0.949894, -0.312573, 0.880269, 0.0, 0.312573, 0.949894, -0.0, 0.0, 0.0, 0.0, 1.0]
            ]
        },
        {
            "name": "Tool_R",
            "time": [0.0, 1.5],
            "transform": [
                [1.0, -0.0, 0.0, 0.0, -0.0, -0.999315, -0.036999, 0.93026, 0.0, 0.036999, -0.999342, 0.0, 0.0, 0.0, 0.0, 1.0],
                [1.0, -0.0, 0.0, -0.0, 0.0, -0.999315, -0.036999, 0.93026, 0.0, 0.036999, -0.999342, -0.0, 0.0, 0.0, 0.0, 1.0]
            ]
        },
        {
            "name": "Elbow_R",
            "time": [0.0, 0.1333, 0.2667, 0.6, 0.7667, 0.85, 1.5],
            "transform": [
                [-1.0, 0.0, 0.0, 0.0, -0.0, 0.0, -1.0, 0.906446, -0.0, -1.0, -0.0, 0.0, 0.0, 0.0, 0.0, 1.0],
                [-1.0, 0.0, 0.0, 0.0, 0.0, -0.0, -1.0, 0.906446, -0.0, -1.0, 0.0, 0.0, 0.0, 0.0, 0.0, 1.0],
                [-1.0, 0.0, 0.0, -0.0, -0.0, -0.0, -1.0, 0.906446, -0.0, -1.0, 0.0, -0.0, 0.0, 0.0, 0.0, 1.0],
                [-1.0, 0.0, 0.0, -0.0, -0.0, 0.0, -1.0, 0.906446, -0.0, -1.0, 0.0, 0.0, 0.0, 0.0, 0.0, 1.0],
                [-1.0, 0.0, 0.0, 0.0, 0.0, -0.0, -1.0, 0.89893, -0.0, -1.0, 0.0, -0.0, 0.0, 0.0, 0.0, 1.0],
                [-1.0, 0.0, -0.0, 0.0, -0.0, 0.0, -1.0, 0.891414, -0.0, -1.0, 0.0, 0.0, 0.0, 0.0, 0.0, 1.0],
                [-1.0, 0.0, 0.0, -0.0, -0.0, -0.0, -1.0, 0.891414, -0.0, -1.0, 0.0, 0.0, 0.0, 0.0, 0.0, 1.0]
            ]
        },
        {
            "name": "Shoulder_L",
            "time": [0.0, 0.6, 1.5],
            "transform": [
                [-0.0, -0.963582, -0.267415, 0.0, -0.0, -0.267415, 0.963582, 0.4, -1.0, 0.0, -0.0, 0.0, 0.0, 0.0, 0.0, 1.0],
                [-0.0, -0.963582, -0.267415, -0.0, -0.0, -0.267415, 0.963582, 0.399999, -1.0, 0.0, -0.0, 0.0, 0.0, 0.0, 0.0, 1.0],
                [0.0, -0.963582, -0.267415, -0.0, -0.0, -0.267415, 0.963582, 0.4, -1.0, 0.0, -0.0, -0.0, 0.0, 0.0, 0.0, 1.0]
            ]
        },
        {
            "name": "Arm_L",
            "time": [0.0, 0.1333, 0.2667, 0.6, 0.7667, 0.85, 1.5],
            "transform": [
                [-0.226033, -0.419148, 0.879332, 0.0, -0.818624, 0.571, 0.061749, 0.325291, -0.527981, -0.705885, -0.47219, -0.0, 0.0, 0.0, 0.0, 1.0],
                [-0.226033, -0.419148, 0.879332, 0.0, -0.818624, 0.571, 0.061749, 0.325291, -0.527981, -0.705885, -0.47219, -0.0, 0.0, 0.0, 0.0, 1.0],
                [0.309307, 0.303201, 0.901331, -0.0, 0.486935, 0.763632, -0.423981, 0.325291, -0.816837, 0.570031, 0.088558, 0.0, 0.0, 0.0, 0.0, 1.0],
                [-0.192668, -0.852779, 0.485435, -0.0, 0.757612, 0.185121, 0.625903, 0.325291, -0.623621, 0.488363, 0.610409, 0.0, 0.0, 0.0, 0.0, 1.0],
                [0.063612, 0.112359, 0.99163, 0.0, 0.437258, 0.890051, -0.128899, 0.325291, -0.897084, 0.441797, 0.007488, 0.0, 0.0, 0.0, 0.0, 1.0],
                [-0.275999, -0.729148, 0.626233, -0.0, -0.727055, 0.584531, 0.360159, 0.325291, -0.628662, -0.355902, -0.691461, -0.0, 0.0, 0.0, 0.0, 1.0],
                [-0.275999, -0.729148, 0.626233, -0.0, -0.727055, 0.584531, 0.360159, 0.325291, -0.628662, -0.355902, -0.691461, 0.0, 0.0, 0.0, 0.0, 1.0]
            ]
        },
        {
            "name": "Hand_L",
            "time": [0.0, 0.1333, 0.2667, 0.6, 0.7667, 0.85, 1.5],
            "transform": [
                [1.0, 0.0, 0.0, 0.0, 0.0, 0.666248, -0.745731, 0.880269, -0.0, 0.745731, 0.666247, -0.0, 0.0, 0.0, 0.0, 1.0],
                [1.0, 0.0, 0.0, 0.0, 0.0, 0.666248, -0.745731, 0.880269, -0.0, 0.745731, 0.666247, -0.0, 0.0, 0.0, 0.0, 1.0],
                [1.0, 0.0, -0.0, 0.0, 0.0, 0.11527, -0.993334, 0.880269, -0.0, 0.993335, 0.11527, -0.0, 0.0, 0.0, 0.0, 1.0],
                [1.0, 0.0, 0.0, 0.0, 0.0, -0.108666, -0.994078, 0.880269, -0.0, 0.994079, -0.108666, -0.0, 0.0, 0.0, 0.0, 1.0],
                [1.0, 0.0, 0.0, -0.0, -0.0, 0.920888, -0.389828, 0.880269, -0.0, 0.389828, 0.920887, -0.0, 0.0, 0.0, 0.0, 1.0],
                [1.0, 0.0, 0.0, 0.0, 0.0, 0.451506, -0.892268, 0.880269, -0.0, 0.892268, 0.451506, 0.0, 0.0, 0.0, 0.0, 1.0],
                [1.0, 0.0, 0.0, 0.0, 0.0, 0.451506, -0.892268, 0.880269, -0.0, 0.892268, 0.451506, -0.0, 0.0, 0.0, 0.0, 1.0]
            ]
        },
        {
            "name": "Tool_L",
            "time": [0.0, 1.5],
            "transform": [
                [1.0, 0.0, 0.0, 0.0, -0.0, -0.999315, -0.036999, 0.93026, 0.0, 0.036999, -0.999343, -0.0, 0.0, 0.0, 0.0, 1.0],
                [1.0, -0.0, 0.0, 0.0, -0.0, -0.999315, -0.036999, 0.93026, 0.0, 0.036999, -0.999343, -0.0, 0.0, 0.0, 0.0, 1.0]
            ]
        },
        {
            "name": "Elbow_L",
            "time": [0.0, 0.1333, 0.2667, 0.6, 0.7667, 0.85, 1.5],
            "transform": [
                [-1.0, 0.0, -0.0, 0.0, 0.0, 0.0, -1.0, 0.914762, -0.0, -1.0, -0.0, 0.0, 0.0, 0.0, 0.0, 1.0],
                [-1.0, 0.0, 0.0, -0.0, -0.0, 0.0, -1.0, 0.914762, -0.0, -1.0, -0.0, -0.0, 0.0, 0.0, 0.0, 1.0],
                [-1.0, 0.0, 0.0, 0.0, -0.0, 0.0, -1.0, 0.938982, -0.0, -1.0, -0.0, 0.0, 0.0, 0.0, 0.0, 1.0],
                [-1.0, 0.0, 0.0, -0.0, -0.0, 0.0, -1.0, 0.942268, -0.0, -1.0, -0.0, -0.0, 0.0, 0.0, 0.0, 1.0],
                [-1.0, 0.0, -0.0, -0.0, 0.0, 0.0, -1.0, 0.897348, -0.0, -1.0, -0.0, 0.0, 0.0, 0.0, 0.0, 1.0],
                [-1.0, 0.0, 0.0, 0.0, -0.0, 0.0, -1.0, 0.925052, -0.0, -1.0, -0.0, 0.0, 0.0, 0.0, 0.0, 1.0],
                [-1.0, 0.0, 0.0, 0.0, -0.0, 0.0, -1.0, 0.925052, -0.0, -1.0, -0.0, -0.0, 0.0, 0.0, 0.0, 1.0]
            ]
        },
        {
            "name": "Head",
            "time": [0.0, 0.1333, 0.2667, 0.6, 0.7667, 0.85, 1.5],
            "transform": [
                [0.921173, -0.041808, 0.386901, 0.0, 0.12262, 0.974751, -0.186614, 0.4, -0.36933, 0.219346, 0.903041, 0.0, 0.0, 0.0, 0.0, 1.0],
                [0.921166, 0.093495, 0.377772, -0.0, 0.122527, 0.851672, -0.509551, 0.4, -0.369379, 0.515669, 0.773075, 0.0, 0.0, 0.0, 0.0, 1.0],
                [-0.268887, -0.034714, 0.962546, -0.0, -0.092019, 0.995705, 0.010204, 0.399999, -0.958766, -0.085829, -0.270927, -0.0, 0.0, 0.0, 0.0, 1.0],
                [-0.206381, 0.508311, 0.836078, -0.0, 0.073634, 0.860119, -0.504751, 0.399999, -0.975697, -0.042608, -0.214941, 0.0, 0.0, 0.0, 0.0, 1.0],
                [0.221297, 0.603382, -0.766132, -0.0, -0.421368, 0.767652, 0.482866, 0.4, 0.879475, 0.215967, 0.424125, 0.0, 0.0, 0.0, 0.0, 1.0],
                [0.478177, 0.326719, -0.815231, -0.0, -0.493648, 0.867712, 0.0582, 0.4, 0.726401, 0.374607, 0.576204, 0.0, 0.0, 0.0, 0.0, 1.0],
                [0.478177, 0.326719, -0.815231, -0.0, -0.493648, 0.867712, 0.0582, 0.4, 0.726401, 0.374607, 0.576205, -0.0, 0.0, 0.0, 0.0, 1.0]
            ]
        },
        {
            "name": "Head_Top",
            "time": [0.0, 0.1333, 0.2667, 0.6, 0.7667, 0.85, 1.5],
            "transform": [
                [1.0, 0.0, 0.0, -0.0, -0.0, 1.0, -0.0, 0.196375, -0.0, 0.0, 1.0, 0.0, 0.0, 0.0, 0.0, 1.0],
                [1.0, 0.0, 0.0, -0.0, -0.0, 1.0, 0.0, 0.196375, -0.0, -0.0, 1.0, 0.0, 0.0, 0.0, 0.0, 1.0],
                [1.0, 0.0, 0.0, -0.0, -0.0, 1.0, 0.0, 0.196375, -0.0, 0.0, 1.0, 0.0, 0.0, 0.0, 0.0, 1.0],
                [1.0, -0.0, 0.0, 0.0, 0.0, 1.0, 0.0, 0.196375, 0.0, 0.0, 1.0, 0.0, 0.0, 0.0, 0.0, 1.0],
                [1.0, 0.0, -0.0, 0.0, -0.0, 1.0, 0.0, 0.196375, 0.0, 0.0, 1.0, 0.0, 0.0, 0.0, 0.0, 1.0],
                [1.0, -0.0, 0.0, 0.0, 0.0, 1.0, 0.0, 0.196375, -0.0, -0.0, 1.0, 0.0, 0.0, 0.0, 0.0, 1.0],
                [1.0, 0.0, 0.0, -0.0, 0.0, 1.0, -0.0, 0.196375, 0.0, -0.0, 1.0, -0.0, 0.0, 0.0, 0.0, 1.0]
            ]
        }
    ]
}