{
    "animation": [
        {
            "name": "Root",
            "time": [0.0, 0.0667, 0.15, 0.2, 0.25, 0.3667, 0.4667, 0.6333, 0.8333, 1.0333, 1.2167, 1.6667],
            "transform": [
                [0.865432, -0.34597, -0.362398, -5e-06, -0.386251, -0.0, -0.922394, 0.187281, 0.319121, 0.938246, -0.133631, 1.890237, 0.0, 0.0, 0.0, 1.0],
                [0.751793, -0.63154, 0.189645, -5e-06, -0.062905, -0.354979, -0.932755, 0.369874, 0.656392, 0.689309, -0.306598, 1.890237, 0.0, 0.0, 0.0, 1.0],
                [0.682071, -0.6381, 0.357223, -5e-06, 0.022581, -0.469875, -0.882444, 0.410538, 0.730937, 0.609956, -0.306079, 1.890237, 0.0, 0.0, 0.0, 1.0],
                [0.384185, 0.002906, 0.923252, -5e-06, 0.564032, -0.79243, -0.232212, 0.927073, 0.730937, 0.609956, -0.306079, 1.88845, 0.0, 0.0, 0.0, 1.0],
                [0.384185, 0.002906, 0.923252, -5e-06, 0.564032, -0.79243, -0.232212, 0.901565, 0.730937, 0.609956, -0.306079, 1.88845, 0.0, 0.0, 0.0, 1.0],
                [0.016415, 0.43266, 0.901408, -5e-06, 0.682247, -0.663897, 0.306235, 1.258676, 0.730938, 0.609956, -0.306079, 1.890237, 0.0, 0.0, 0.0, 1.0],
                [0.10205, 0.028207, 0.994379, -5e-06, 0.989301, 0.101881, -0.104418, 1.457504, -0.104253, 0.994397, -0.017509, 1.790132, 0.0, 0.0, 0.0, 1.0],
                [-0.592188, -0.469793, -0.654682, -5e-06, -0.717244, -0.062978, 0.69397, 2.761028, -0.367253, 0.880527, -0.299662, 1.908103, 0.0, 0.0, 0.0, 1.0],
                [0.750708, 0.090394, -0.654421, -5e-06, -0.391874, -0.736569, -0.551272, 2.933892, -0.531858, 0.670295, -0.517525, 1.908103, 0.0, 0.0, 0.0, 1.0],
                [0.750707, 0.090394, -0.654421, -5e-06, -0.605997, -0.300239, -0.73663, 2.980396, -0.263069, 0.949571, -0.170613, 1.908103, 0.0, 0.0, 0.0, 1.0],
                [0.999995, 0.003205, -0.000467, -5e-06, -0.00043, -0.0116, -0.999933, 3.079877, -0.00321, 0.999928, -0.011599, 1.807846, 0.0, 0.0, 0.0, 1.0],
                [0.999995, 0.003205, -0.000467, -5e-06, -0.00043, -0.0116, -0.999933, 3.079877, -0.00321, 0.999928, -0.011599, 1.807846, 0.0, 0.0, 0.0, 1.0]
            ]
        },
        {
            "name": "Thigh_R",
            "time": [0.0, 0.0667, 0.15, 0.2, 0.25, 0.3667, 0.4667, 0.6333, 0.8333, 1.0333, 1.2167, 1.6667],
            "transform": [
                [0.672434, 0.718376, -0.178233, 0.124994, 0.632957, -0.433299, 0.641574, -0.061515, 0.383663, -0.54423, -0.746067, -1.2e-05, 0.0, 0.0, 0.0, 1.0],
                [0.699063, -0.681686, -0.215905, 0.124994, 0.65109, 0.481986, 0.586319, -0.061515, -0.295623, -0.550447, 0.780779, -1.2e-05, 0.0, 0.0, 0.0, 1.0],
                [0.76842, -0.448604, -0.456382, 0.124994, 0.591739, 0.226541, 0.773643, -0.061515, -0.243671, -0.864541, 0.439536, -1.2e-05, 0.0, 0.0, 0.0, 1.0],
                [0.599532, 0.576658, -0.555002, 0.124995, 0.599542, -0.782965, -0.165873, -0.061515, -0.530199, -0.233301, -0.815144, -1.2e-05, 0.0, 0.0, 0.0, 1.0],
                [0.599532, 0.576658, -0.555002, 0.124994, 0.599542, -0.782965, -0.165873, -0.061515, -0.530199, -0.233301, -0.815144, -1.2e-05, 0.0, 0.0, 0.0, 1.0],
                [0.685613, 0.171265, -0.707533, 0.124995, 0.415331, -0.890247, 0.186971, -0.061515, -0.597858, -0.42205, -0.681498, -1.2e-05, 0.0, 0.0, 0.0, 1.0],
                [0.767909, 0.542088, 0.341257, 0.124994, 0.322465, -0.787467, 0.525273, -0.061514, 0.553473, -0.293318, -0.779508, -1.2e-05, 0.0, 0.0, 0.0, 1.0],
                [0.641559, 0.581125, 0.500695, 0.124993, 0.47702, -0.81342, 0.332864, -0.061514, 0.600711, 0.025289, -0.799066, -1.2e-05, 0.0, 0.0, 0.0, 1.0],
                [0.485317, 0.728746, 0.483111, 0.124994, 0.858984, -0.500495, -0.107935, -0.061515, 0.163137, 0.467367, -0.868881, -1.3e-05, 0.0, 0.0, 0.0, 1.0],
                [0.673798, 0.48116, 0.560786, 0.124994, 0.490574, -0.858833, 0.147452, -0.061515, 0.55257, 0.175754, -0.814725, -1.2e-05, 0.0, 0.0, 0.0, 1.0],
                [0.985631, 0.097429, 0.137979, 0.124994, 0.084796, -0.99189, 0.094664, -0.061515, 0.146083, -0.081604, -0.985901, -1.2e-05, 0.0, 0.0, 0.0, 1.0],
                [0.985631, 0.097429, 0.137979, 0.124994, 0.084796, -0.99189, 0.094664, -0.061515, 0.146083, -0.081604, -0.985901, -1.2e-05, 0.0, 0.0, 0.0, 1.0]
            ]
        },
        {
            "name": "Leg_R",
            "time": [0.0, 0.0667, 0.15, 0.2, 0.25, 0.3667, 0.4667, 0.6333, 0.8333, 1.0333, 1.2167, 1.6667],
            "transform": [
                [1.0, 0.0, -0.0, 0.0, -0.0, 0.34287, 0.939382, 0.906668, 0.0, -0.939384, 0.34287, 0.0, 0.0, 0.0, 0.0, 1.0],
                [1.0, 0.0, 0.0, -0.0, -0.0, -0.518216, 0.85525, 0.906668, 0.0, -0.855252, -0.518215, -0.0, 0.0, 0.0, 0.0, 1.0],
                [1.0, -0.0, 1e-06, -0.0, -1e-06, -0.440304, 0.897848, 0.906668, 1e-06, -0.89785, -0.440303, 0.0, 0.0, 0.0, 0.0, 1.0],
                [1.0, 0.0, 1.7e-05, 0.0, -1e-06, 0.999944, 0.010692, 0.906668, -1.7e-05, -0.010692, 0.999942, -0.0, 0.0, 0.0, 0.0, 1.0],
                [1.0, 0.0, 1.7e-05, 0.0, -1e-06, 0.999944, 0.010692, 0.906668, -1.7e-05, -0.010692, 0.999942, -0.0, 0.0, 0.0, 0.0, 1.0],
                [1.0, -0.0, 5.4e-05, 0.0, -4.9e-05, -0.433276, 0.901261, 0.906668, 2.3e-05, -0.901262, -0.433276, 0.0, 0.0, 0.0, 0.0, 1.0],
                [1.0, 0.0, -0.0, 0.0, -0.0, 0.837972, 0.545714, 0.906668, 0.0, -0.545714, 0.837971, -0.0, 0.0, 0.0, 0.0, 1.0],
                [1.0, 0.0, -0.0, -0.0, -0.0, 0.934383, 0.356274, 0.906668, 0.0, -0.356274, 0.934381, 0.0, 0.0, 0.0, 0.0, 1.0],
                [1.0, 0.0, -0.0, 0.0, 0.0, 0.967795, 0.251742, 0.906668, 0.0, -0.251742, 0.967794, 0.0, 0.0, 0.0, 0.0, 1.0],
                [1.0, 0.0, -0.0, 0.0, -0.0, 0.98204, 0.188678, 0.906668, 0.0, -0.188678, 0.982038, 0.0, 0.0, 0.0, 0.0, 1.0],
                [1.0, 0.0, 0.0, -0.0, -0.0, 0.815374, 0.578936, 0.906668, 0.0, -0.578937, 0.815372, 0.0, 0.0, 0.0, 0.0, 1.0],
                [1.0, 0.0, 0.0, -0.0, -0.0, 0.815374, 0.578936, 0.906668, 0.0, -0.578937, 0.815372, 0.0, 0.0, 0.0, 0.0, 1.0]
            ]
        },
        {
            "name": "Knee_R",
            "time": [0.0, 0.0667, 0.15, 0.2, 0.25, 0.3667, 0.4667, 0.6333, 0.8333, 1.0333, 1.2167, 1.6667],
            "transform": [
                [1.0, -0.0, -0.0, 0.0, -0.0, 0.0, -1.0, 0.953868, 0.0, 1.0, 0.0, 0.0, 0.0, 0.0, 0.0, 1.0],
                [1.0, -0.0, -0.0, -0.0, -0.0, 0.0, -1.0, 0.968668, 0.0, 1.0, 0.0, -0.0, 0.0, 0.0, 0.0, 1.0],
                [1.0, -0.0, -0.0, -0.0, -0.0, 0.0, -1.0, 0.968668, 0.0, 1.0, -0.0, 0.0, 0.0, 0.0, 0.0, 1.0],
                [1.0, -0.0, -0.0, 0.0, -0.0, 0.0, -1.0, 0.906668, 0.0, 1.0, 0.0, -0.0, 0.0, 0.0, 0.0, 1.0],
                [1.0, -0.0, -0.0, -0.0, -0.0, 0.0, -1.0, 0.906668, 0.0, 1.0, 0.0, 0.0, 0.0, 0.0, 0.0, 1.0],
                [1.0, -0.0, -0.0, 0.0, -0.0, 0.0, -1.0, 0.968668, 0.0, 1.0, 0.0, 0.0, 0.0, 0.0, 0.0, 1.0],
                [1.0, -0.0, -0.0, 0.0, -0.0, 0.0, -1.0, 0.926651, 0.0, 1.0, 0.0, -0.0, 0.0, 0.0, 0.0, 1.0],
                [1.0, -0.0, -0.0, 0.0, -0.0, 0.0, -1.0, 0.917645, 0.0, 1.0, 0.0, 0.0, 0.0, 0.0, 0.0, 1.0],
                [1.0, -0.0, -0.0, 0.0, -0.0, 0.0, -1.0, 0.913002, 0.0, 1.0, 0.0, 0.0, 0.0, 0.0, 0.0, 1.0],
                [1.0, -0.0, -0.0, 0.0, -0.0, 0.0, -1.0, 0.910267, 0.0, 1.0, 0.0, 0.0, 0.0, 0.0, 0.0, 1.0],
                [1.0, -0.0, -0.0, -0.0, -0.0, 0.0, -1.0, 0.92835, 0.0, 1.0, 0.0, 0.0, 0.0, 0.0, 0.0, 1.0],
                [1.0, -0.0, -0.0, -0.0, -0.0, 0.0, -1.0, 0.92835, 0.0, 1.0, 0.0, 0.0, 0.0, 0.0, 0.0, 1.0]
            ]
        },
        {
            "name": "Thigh_L",
            "time": [0.0, 0.0667, 0.15, 0.2, 0.25, 0.3667, 0.4667, 0.6333, 0.8333, 1.0333, 1.2167, 1.6667],
            "transform": [
                [0.882969, -0.436938, -0.17161, -0.125006, -0.377756, -0.878382, 0.292824, -0.061515, -0.278685, -0.193728, -0.94064, -1.2e-05, 0.0, 0.0, 0.0, 1.0],
                [0.668964, -0.737028, -0.096314, -0.125006, -0.742817, -0.658253, -0.122172, -0.061515, 0.026646, 0.153273, -0.987825, -1.2e-05, 0.0, 0.0, 0.0, 1.0],
                [0.589202, -0.806944, -0.041014, -0.125006, -0.792003, -0.566755, -0.226981, -0.061515, 0.159916, 0.166221, -0.973035, -1.2e-05, 0.0, 0.0, 0.0, 1.0],
                [0.545757, -0.828281, 0.126887, -0.125006, -0.813692, -0.560018, -0.155838, -0.061515, 0.200137, -0.018197, -0.979599, -1.2e-05, 0.0, 0.0, 0.0, 1.0],
                [0.545757, -0.828281, 0.126887, -0.125006, -0.813692, -0.560018, -0.155838, -0.061515, 0.200137, -0.018197, -0.979599, -1.2e-05, 0.0, 0.0, 0.0, 1.0],
                [0.57711, -0.792942, 0.195414, -0.125005, -0.797579, -0.598679, -0.073826, -0.061515, 0.17553, -0.113252, -0.977938, -1.2e-05, 0.0, 0.0, 0.0, 1.0],
                [0.984774, -0.123454, -0.12239, -0.170005, -0.073629, -0.933978, 0.349663, -0.050818, -0.157477, -0.335327, -0.928847, 0.004303, 0.0, 0.0, 0.0, 1.0],
                [0.775026, -0.21784, 0.593195, -0.170005, -0.516219, 0.323185, 0.793139, -0.050818, -0.364489, -0.920922, 0.138023, 0.004302, 0.0, 0.0, 0.0, 1.0],
                [0.818875, -0.473116, 0.324968, -0.170005, -0.450422, -0.880618, -0.147077, -0.050818, 0.355758, -0.025935, -0.934218, 0.004302, 0.0, 0.0, 0.0, 1.0],
                [0.58955, -0.774172, 0.23041, -0.170005, -0.303596, 0.051956, 0.951383, -0.050818, -0.748505, -0.63084, -0.204405, 0.004302, 0.0, 0.0, 0.0, 1.0],
                [0.999928, 0.010927, 0.005042, -0.125006, 0.007066, -0.872218, 0.489066, -0.061515, 0.009742, -0.488995, -0.872232, -1.2e-05, 0.0, 0.0, 0.0, 1.0],
                [0.999928, 0.010927, 0.005042, -0.125006, 0.007066, -0.872218, 0.489066, -0.061515, 0.009742, -0.488995, -0.872232, -1.2e-05, 0.0, 0.0, 0.0, 1.0]
            ]
        },
        {
            "name": "Leg_L",
            "time": [0.0, 0.0667, 0.15, 0.2, 0.25, 0.3667, 0.4667, 0.6333, 0.8333, 1.0333, 1.2167, 1.6667],
            "transform": [
                [1.0, -0.0, 1e-06, 0.0, -0.0, 0.878533, 0.477682, 0.906668, -1e-06, -0.477682, 0.878533, -0.0, 0.0, 0.0, 0.0, 1.0],
                [1.0, -0.0, 1e-06, -0.0, -0.0, 0.837965, 0.545723, 0.906668, -1e-06, -0.545723, 0.837966, -0.0, 0.0, 0.0, 0.0, 1.0],
                [1.0, -0.0, 2e-06, 0.0, -1e-06, 0.844302, 0.535868, 0.906668, -2e-06, -0.535868, 0.844302, -0.0, 0.0, 0.0, 0.0, 1.0],
                [1.0, -0.0, 5e-06, 0.0, -3e-06, 0.822946, 0.568119, 0.906668, -4e-06, -0.568119, 0.822947, 0.0, 0.0, 0.0, 0.0, 1.0],
                [1.0, -0.0, 5e-06, 0.0, -3e-06, 0.822946, 0.568119, 0.906668, -4e-06, -0.568119, 0.822947, 0.0, 0.0, 0.0, 0.0, 1.0],
                [1.0, -0.0, 1e-06, -0.0, -0.0, 0.817746, 0.575579, 0.906668, -1e-06, -0.575579, 0.817747, -0.0, 0.0, 0.0, 0.0, 1.0],
                [1.0, -0.0, 1e-06, 0.0, -0.0, 0.835767, 0.549084, 0.906668, -1e-06, -0.549084, 0.835768, -0.0, 0.0, 0.0, 0.0, 1.0],
                [1.0, 0.0, 1e-06, 0.0, -0.0, 0.984221, 0.176942, 0.906668, -1e-06, -0.176942, 0.984222, 0.0, 0.0, 0.0, 0.0, 1.0],
                [1.0, 0.0, 1e-06, -0.0, -0.0, 0.999946, 0.010369, 0.906668, -1e-06, -0.01037, 0.999947, 0.0, 0.0, 0.0, 0.0, 1.0],
                [1.0, -1e-06, 2e-06, 0.0, -2e-06, -0.450819, 0.892616, 0.906668, 0.0, -0.892615, -0.450819, 0.0, 0.0, 0.0, 0.0, 1.0],
                [1.0, -0.0, 1e-06, 0.0, -0.0, 0.888218, 0.459422, 0.906668, -1e-06, -0.459421, 0.888219, 0.0, 0.0, 0.0, 0.0, 1.0],
                [1.0, -0.0, 1e-06, 0.0, -0.0, 0.888218, 0.459422, 0.906668, -1e-06, -0.459421, 0.888219, 0.0, 0.0, 0.0, 0.0, 1.0]
            ]
        },
        {
            "name": "Knee_L",
            "time": [0.0, 0.0667, 0.15, 0.2, 0.25, 0.3667, 0.4667, 0.6333, 0.8333, 1.0333, 1.2167, 1.6667],
            "transform": [
                [1.0, -0.0, -0.0, 0.0, -0.0, 0.0, -1.0, 0.9233, 0.0, 1.0, 0.0, -0.0, 0.0, 0.0, 0.0, 1.0],
                [1.0, -0.0, -0.0, -0.0, -0.0, 0.0, -1.0, 0.926651, 0.0, 1.0, 0.0, -0.0, 0.0, 0.0, 0.0, 1.0],
                [1.0, -0.0, -0.0, 0.0, -0.0, 0.0, -1.0, 0.926156, 0.0, 1.0, 0.0, -0.0, 0.0, 0.0, 0.0, 1.0],
                [1.0, -0.0, -0.0, 0.0, -0.0, 0.0, -1.0, 0.927792, 0.0, 1.0, 0.0, 0.0, 0.0, 0.0, 0.0, 1.0],
                [1.0, -0.0, -0.0, 0.0, -0.0, 0.0, -1.0, 0.927792, 0.0, 1.0, 0.0, 0.0, 0.0, 0.0, 0.0, 1.0],
                [1.0, -0.0, -0.0, -0.0, -0.0, 0.0, -1.0, 0.928177, 0.0, 1.0, 0.0, -0.0, 0.0, 0.0, 0.0, 1.0],
                [1.0, -0.0, -0.0, -0.0, -0.0, 0.0, -1.0, 0.926821, 0.0, 1.0, 0.0, -0.0, 0.0, 0.0, 0.0, 1.0],
                [1.0, -0.0, -0.0, 0.0, -0.0, 0.0, -1.0, 0.909762, 0.0, 1.0, 0.0, 0.0, 0.0, 0.0, 0.0, 1.0],
                [1.0, -0.0, -0.0, 0.0, -0.0, 0.0, -1.0, 0.906669, 0.0, 1.0, 0.0, 0.0, 0.0, 0.0, 0.0, 1.0],
                [1.0, -0.0, -0.0, -0.0, -0.0, 0.0, -1.0, 0.968668, 0.0, 1.0, 0.0, 0.0, 0.0, 0.0, 0.0, 1.0],
                [1.0, -0.0, -0.0, 0.0, -0.0, 0.0, -1.0, 0.922426, 0.0, 1.0, 0.0, -0.0, 0.0, 0.0, 0.0, 1.0],
                [1.0, -0.0, -0.0, 0.0, -0.0, 0.0, -1.0, 0.922426, 0.0, 1.0, 0.0, -0.0, 0.0, 0.0, 0.0, 1.0]
            ]
        },
        {
            "name": "Torso",
            "time": [0.0, 1.0333, 1.2167, 1.6667],
            "transform": [
                [1.0, -0.0, -0.0, -0.0, 0.0, 1.0, 0.0, 0.05, -0.0, 0.0, 1.0, 0.0, 0.0, 0.0, 0.0, 1.0],
                [1.0, 0.0, 0.0, -0.0, -0.0, 1.0, -0.0, 0.05, 0.0, -0.0, 1.0, -0.0, 0.0, 0.0, 0.0, 1.0],
                [1.0, 0.0, -0.0, 0.0, -0.0, 0.994707, 0.102753, 0.05, 0.0, -0.102753, 0.994707, 0.0, 0.0, 0.0, 0.0, 1.0],
                [1.0, 0.0, -0.0, 0.0, -0.0, 0.994707, 0.102753, 0.05, 0.0, -0.102753, 0.994707, 0.0, 0.0, 0.0, 0.0, 1.0]
            ]
        },
        {
            "name": "Chest",
            "time": [0.0, 0.0667, 0.15, 0.2, 0.3667, 0.4667, 1.0333, 1.2167, 1.6667],
            "transform": [
                [0.997501, 0.070639, 0.001046, -0.0, -0.070639, 0.997063, 0.029577, 0.3, 0.001046, -0.029577, 0.999562, -0.0, 0.0, 0.0, 0.0, 1.0],
                [0.997501, 0.070639, 0.001046, -0.0, -0.070639, 0.997063, 0.029573, 0.3, 0.001046, -0.029573, 0.999562, -0.0, 0.0, 0.0, 0.0, 1.0],
                [0.997501, 0.07064, 0.001046, 0.0, -0.070639, 0.997063, 0.029575, 0.3, 0.001046, -0.029575, 0.999562, -0.0, 0.0, 0.0, 0.0, 1.0],
                [0.997501, 0.07064, 0.001046, -0.0, -0.07064, 0.997063, 0.029575, 0.3, 0.001046, -0.029575, 0.999562, -0.0, 0.0, 0.0, 0.0, 1.0],
                [0.997501, 0.07064, 0.001046, 0.0, -0.07064, 0.997063, 0.029575, 0.3, 0.001046, -0.029575, 0.999562, 0.0, 0.0, 0.0, 0.0, 1.0],
                [1.0, -0.0, 0.0, -0.0, -0.0, 1.0, -0.0, 0.3, 0.0, -0.0, 1.0, 0.0, 0.0, 0.0, 0.0, 1.0],
                [1.0, 0.0, -0.0, -0.0, -0.0, 1.0, -0.0, 0.3, 0.0, 0.0, 1.0, 0.0, 0.0, 0.0, 0.0, 1.0],
                [1.0, 0.0, -0.0, 0.0, -0.0, 0.99804, 0.062582, 0.3, 0.0, -0.062582, 0.99804, -0.0, 0.0, 0.0, 0.0, 1.0],
                [1.0, 0.0, -0.0, 0.0, -0.0, 0.99804, 0.062582, 0.3, 0.0, -0.062582, 0.99804, -0.0, 0.0, 0.0, 0.0, 1.0]
            ]
        },
        {
            "name": "Shoulder_R",
            "time": [0.0, 1.2167, 1.6667],
            "transform": [
                [-0.0, 0.963582, 0.267414, 0.0, 0.0, -0.267414, 0.963582, 0.4, 1.0, 0.0, -0.0, -0.0, 0.0, 0.0, 0.0, 1.0],
                [-0.0, 0.963582, 0.267414, -0.0, 0.0, -0.267414, 0.963582, 0.4, 1.0, 0.0, -0.0, 0.0, 0.0, 0.0, 0.0, 1.0],
                [-0.0, 0.963582, 0.267414, -0.0, 0.0, -0.267414, 0.963582, 0.4, 1.0, 0.0, -0.0, 0.0, 0.0, 0.0, 0.0, 1.0]
            ]
        },
        {
            "name": "Arm_R",
            "time": [0.0, 0.0667, 0.15, 0.2, 0.25, 0.3667, 0.4667, 0.6333, 0.8333, 1.0333, 1.2167, 1.6667],
            "transform": [
                [0.489368, 0.725159, -0.48442, 0.0, 0.202383, 0.445879, 0.871914, 0.325291, 0.848269, -0.524725, 0.071439, 0.0, 0.0, 0.0, 0.0, 1.0],
                [-0.126177, 0.813685, -0.567448, 0.0, 0.44478, 0.557704, 0.700812, 0.325291, 0.886708, -0.163963, -0.43228, -0.0, 0.0, 0.0, 0.0, 1.0],
                [-0.298608, 0.781833, -0.547331, -0.0, 0.497926, 0.616882, 0.609529, 0.325291, 0.814188, -0.09052, -0.573501, -0.0, 0.0, 0.0, 0.0, 1.0],
                [-0.304035, 0.57976, -0.755937, 0.0, 0.49316, 0.774688, 0.395793, 0.325291, 0.81508, -0.252463, -0.521446, 0.0, 0.0, 0.0, 0.0, 1.0],
                [-0.304035, 0.57976, -0.755937, 0.0, 0.49316, 0.774688, 0.395793, 0.325291, 0.81508, -0.252463, -0.521446, -0.0, 0.0, 0.0, 0.0, 1.0],
                [-0.212907, 0.643678, -0.735085, -0.0, 0.712301, 0.617222, 0.334162, 0.325291, 0.668803, -0.452457, -0.589903, -0.0, 0.0, 0.0, 0.0, 1.0],
                [-0.212908, 0.643678, -0.735085, 0.0, 0.712301, 0.617222, 0.334162, 0.325291, 0.668803, -0.452456, -0.589903, 0.0, 0.0, 0.0, 0.0, 1.0],
                [-0.212908, 0.643678, -0.735084, -0.0, 0.712301, 0.617222, 0.334162, 0.325291, 0.668803, -0.452456, -0.589904, 0.0, 0.0, 0.0, 0.0, 1.0],
                [-0.546018, -0.734464, -0.403023, 0.0, -0.208632, 0.585116, -0.783653, 0.325291, 0.81138, -0.343805, -0.472717, -0.0, 0.0, 0.0, 0.0, 1.0],
                [-0.87107, -0.063442, -0.487044, -0.0, 0.195701, 0.864676, -0.462641, 0.325291, 0.450486, -0.498308, -0.740778, 0.0, 0.0, 0.0, 0.0, 1.0],
                [0.095021, 0.237153, -0.966814, 0.0, 0.908362, 0.376662, 0.181669, 0.325291, 0.407245, -0.89548, -0.17963, 0.0, 0.0, 0.0, 0.0, 1.0],
                [0.095021, 0.237153, -0.966814, 0.0, 0.908362, 0.376662, 0.181669, 0.325291, 0.407245, -0.89548, -0.17963, 0.0, 0.0, 0.0, 0.0, 1.0]
            ]
        },
        {
            "name": "Hand_R",
            "time": [0.0, 0.0667, 0.15, 0.2, 0.3667, 0.4667, 0.6333, 0.8333, 1.0333, 1.2167, 1.6667],
            "transform": [
                [1.0, -0.0, -0.0, 0.0, -0.0, 0.635926, -0.77175, 0.880269, 0.0, 0.77175, 0.635926, -0.0, 0.0, 0.0, 0.0, 1.0],
                [1.0, -0.0, 0.0, -0.0, 0.0, -0.287549, -0.957766, 0.880269, 0.0, 0.957766, -0.287549, 0.0, 0.0, 0.0, 0.0, 1.0],
                [1.0, -0.0, 0.0, 0.0, 0.0, -0.287549, -0.957766, 0.880269, 0.0, 0.957766, -0.287549, -0.0, 0.0, 0.0, 0.0, 1.0],
                [1.0, -0.0, 0.0, -0.0, 0.0, -0.180132, -0.983643, 0.880269, 0.0, 0.983642, -0.180132, -0.0, 0.0, 0.0, 0.0, 1.0],
                [1.0, -0.0, 0.0, -0.0, 0.0, -0.180132, -0.983643, 0.880269, 0.0, 0.983643, -0.180132, -0.0, 0.0, 0.0, 0.0, 1.0],
                [1.0, -0.0, 0.0, 0.0, 0.0, -0.180132, -0.983643, 0.880269, 0.0, 0.983643, -0.180132, -0.0, 0.0, 0.0, 0.0, 1.0],
                [1.0, -0.0, 0.0, 0.0, 0.0, -0.180132, -0.983643, 0.880269, 0.0, 0.983643, -0.180132, 0.0, 0.0, 0.0, 0.0, 1.0],
                [1.0, -0.0, 0.0, -0.0, 0.0, -0.180132, -0.983643, 0.880269, 0.0, 0.983643, -0.180132, -0.0, 0.0, 0.0, 0.0, 1.0],
                [1.0, -0.0, -0.0, 0.0, 0.0, 0.648089, -0.761564, 0.880269, 0.0, 0.761564, 0.648089, -0.0, 0.0, 0.0, 0.0, 1.0],
                [1.0, -0.0, -0.0, 0.0, 0.0, 0.912784, -0.408442, 0.880269, 0.0, 0.408442, 0.912784, -0.0, 0.0, 0.0, 0.0, 1.0],
                [1.0, -0.0, -0.0, 0.0, 0.0, 0.912784, -0.408442, 0.880269, 0.0, 0.408442, 0.912784, -0.0, 0.0, 0.0, 0.0, 1.0]
            ]
        },
        {
            "name": "Tool_R",
            "time": [0.0, 1.6667],
            "transform": [
                [1.0, -0.0, 0.0, -0.0, -0.0, -0.999315, -0.036999, 0.93026, 0.0, 0.036999, -0.999342, -0.0, 0.0, 0.0, 0.0, 1.0],
                [1.0, 0.0, 0.0, 0.0, -0.0, -0.999315, -0.036999, 0.93026, 0.0, 0.036999, -0.999342, -0.0, 0.0, 0.0, 0.0, 1.0]
            ]
        },
        {
            "name": "Elbow_R",
            "time": [0.0, 0.0667, 0.15, 0.2, 0.3667, 0.4667, 0.6333, 0.8333, 1.0333, 1.2167, 1.6667],
            "transform": [
                [-1.0, 0.0, 0.0, -0.0, -0.0, -0.0, -1.0, 0.909358, -0.0, -1.0, 0.0, -0.0, 0.0, 0.0, 0.0, 1.0],
                [-1.0, 0.0, 0.0, -0.0, -0.0, -0.0, -1.0, 0.930269, -0.0, -1.0, 0.0, -0.0, 0.0, 0.0, 0.0, 1.0],
                [-1.0, 0.0, 0.0, 0.0, -0.0, -0.0, -1.0, 0.930269, -0.0, -1.0, 0.0, -0.0, 0.0, 0.0, 0.0, 1.0],
                [-1.0, 0.0, -0.0, 0.0, 0.0, 0.0, -1.0, 0.930269, -0.0, -1.0, 0.0, -0.0, 0.0, 0.0, 0.0, 1.0],
                [-1.0, 0.0, 0.0, -0.0, -0.0, -0.0, -1.0, 0.930269, -0.0, -1.0, 0.0, -0.0, 0.0, 0.0, 0.0, 1.0],
                [-1.0, 0.0, 0.0, -0.0, -0.0, 0.0, -1.0, 0.930269, -0.0, -1.0, 0.0, -0.0, 0.0, 0.0, 0.0, 1.0],
                [-1.0, 0.0, 0.0, -0.0, -0.0, -0.0, -1.0, 0.930269, -0.0, -1.0, 0.0, 0.0, 0.0, 0.0, 0.0, 1.0],
                [-1.0, 0.0, 0.0, -0.0, -0.0, 0.0, -1.0, 0.930269, -0.0, -1.0, 0.0, 0.0, 0.0, 0.0, 0.0, 1.0],
                [-1.0, 0.0, -0.0, 0.0, 0.0, -0.0, -1.0, 0.908852, -0.0, -1.0, 0.0, -0.0, 0.0, 0.0, 0.0, 1.0],
                [-1.0, 0.0, 0.0, 0.0, -0.0, 0.0, -1.0, 0.894689, -0.0, -1.0, 0.0, -0.0, 0.0, 0.0, 0.0, 1.0],
                [-1.0, 0.0, 0.0, 0.0, -0.0, 0.0, -1.0, 0.894689, -0.0, -1.0, 0.0, -0.0, 0.0, 0.0, 0.0, 1.0]
            ]
        },
        {
            "name": "Shoulder_L",
            "time": [0.0, 1.6667],
            "transform": [
                [-0.0, -0.963582, -0.267415, 0.0, -0.0, -0.267415, 0.963582, 0.4, -1.0, -0.0, -0.0, -0.0, 0.0, 0.0, 0.0, 1.0],
                [-0.0, -0.963582, -0.267415, -0.0, -0.0, -0.267415, 0.963582, 0.4, -1.0, 0.0, -0.0, 0.0, 0.0, 0.0, 0.0, 1.0]
            ]
        },
        {
            "name": "Arm_L",
            "time": [0.0, 0.0667, 0.15, 0.2, 0.3667, 0.4667, 0.6333, 0.8333, 1.0333, 1.2167, 1.6667],
            "transform": [
                [-0.746105, 0.346006, 0.568865, -0.0, -0.409506, 0.435212, -0.801808, 0.325291, -0.525007, -0.831186, -0.183023, -0.0, 0.0, 0.0, 0.0, 1.0],
                [-0.281, -0.190133, 0.940685, 0.0, -0.529834, 0.848, 0.013129, 0.325291, -0.800197, -0.494718, -0.339027, 0.0, 0.0, 0.0, 0.0, 1.0],
                [-0.134114, -0.402167, 0.905691, -0.0, -0.486492, 0.822952, 0.293387, 0.325291, -0.86333, -0.401264, -0.306021, 0.0, 0.0, 0.0, 0.0, 1.0],
                [-0.134114, -0.402166, 0.905691, -0.0, -0.486492, 0.822952, 0.293387, 0.325291, -0.86333, -0.401264, -0.306021, 0.0, 0.0, 0.0, 0.0, 1.0],
                [-0.134114, -0.402166, 0.905691, -0.0, -0.486492, 0.822952, 0.293387, 0.325291, -0.86333, -0.401264, -0.306021, 0.0, 0.0, 0.0, 0.0, 1.0],
                [-0.034821, -0.155201, 0.987269, 0.0, -0.88657, 0.46076, 0.041163, 0.325291, -0.461282, -0.87385, -0.153641, -0.0, 0.0, 0.0, 0.0, 1.0],
                [-0.034821, -0.155201, 0.987269, -0.0, -0.88657, 0.46076, 0.041163, 0.325291, -0.461282, -0.87385, -0.153641, -0.0, 0.0, 0.0, 0.0, 1.0],
                [0.385867, -0.914488, 0.121735, 0.0, -0.834196, -0.289507, 0.469365, 0.325291, -0.393985, -0.282663, -0.874573, 0.0, 0.0, 0.0, 0.0, 1.0],
                [0.21188, -0.624833, 0.751459, 0.0, -0.840073, 0.276461, 0.466741, 0.325291, -0.499384, -0.730173, -0.466329, -0.0, 0.0, 0.0, 0.0, 1.0],
                [0.013523, -0.065777, 0.997743, -0.0, -0.919, 0.392391, 0.038324, 0.325291, -0.394026, -0.917444, -0.055143, -0.0, 0.0, 0.0, 0.0, 1.0],
                [0.013523, -0.065777, 0.997743, -0.0, -0.919, 0.392391, 0.038324, 0.325291, -0.394026, -0.917444, -0.055143, -0.0, 0.0, 0.0, 0.0, 1.0]
            ]
        },
        {
            "name": "Hand_L",
            "time": [0.0, 0.15, 0.2, 1.0333, 1.2167, 1.6667],
            "transform": [
                [1.0, 0.0, 0.0, 0.0, 0.0, 0.737155, -0.675724, 0.880269, -0.0, 0.675724, 0.737155, 0.0, 0.0, 0.0, 0.0, 1.0],
                [1.0, 0.0, 0.0, 0.0, 0.0, 0.737155, -0.675724, 0.880269, -0.0, 0.675724, 0.737155, -0.0, 0.0, 0.0, 0.0, 1.0],
                [1.0, 0.0, 0.0, -0.0, 0.0, 0.737154, -0.675724, 0.880269, -0.0, 0.675724, 0.737154, -0.0, 0.0, 0.0, 0.0, 1.0],
                [1.0, 0.0, 0.0, 0.0, 0.0, 0.737155, -0.675724, 0.880269, -0.0, 0.675724, 0.737155, 0.0, 0.0, 0.0, 0.0, 1.0],
                [1.0, -0.0, 0.0, -0.0, -0.0, 0.952135, -0.305677, 0.880269, -0.0, 0.305677, 0.952135, -0.0, 0.0, 0.0, 0.0, 1.0],
                [1.0, -0.0, 0.0, -0.0, -0.0, 0.952135, -0.305677, 0.880269, -0.0, 0.305677, 0.952135, -0.0, 0.0, 0.0, 0.0, 1.0]
            ]
        },
        {
            "name": "Tool_L",
            "time": [0.0, 1.6667],
            "transform": [
                [1.0, -0.0, 0.0, 0.0, -0.0, -0.999315, -0.036999, 0.93026, 0.0, 0.036999, -0.999343, 0.0, 0.0, 0.0, 0.0, 1.0],
                [1.0, -0.0, 0.0, 0.0, 0.0, -0.999315, -0.036999, 0.93026, 0.0, 0.036999, -0.999343, -0.0, 0.0, 0.0, 0.0, 1.0]
            ]
        },
        {
            "name": "Elbow_L",
            "time": [0.0, 0.1333, 0.2, 1.0333, 1.2167, 1.6667],
            "transform": [
                [-1.0, 0.0, 0.0, -0.0, -0.0, 0.0, -1.0, 0.910827, -0.0, -1.0, -0.0, 0.0, 0.0, 0.0, 0.0, 1.0],
                [-1.0, 0.0, 0.0, 0.0, -0.0, 0.0, -1.0, 0.910827, -0.0, -1.0, -0.0, 0.0, 0.0, 0.0, 0.0, 1.0],
                [-1.0, 0.0, 0.0, 0.0, -0.0, 0.0, -1.0, 0.910827, -0.0, -1.0, -0.0, 0.0, 0.0, 0.0, 0.0, 1.0],
                [-1.0, 0.0, 0.0, 0.0, -0.0, 0.0, -1.0, 0.910827, -0.0, -1.0, -0.0, -0.0, 0.0, 0.0, 0.0, 1.0],
                [-1.0, 0.0, 0.0, 0.0, -0.0, 0.0, -1.0, 0.893804, -0.0, -1.0, -0.0, 0.0, 0.0, 0.0, 0.0, 1.0],
                [-1.0, 0.0, 0.0, 0.0, -0.0, 0.0, -1.0, 0.893804, -0.0, -1.0, -0.0, 0.0, 0.0, 0.0, 0.0, 1.0]
            ]
        },
        {
            "name": "Head",
            "time": [0.0, 0.0667, 0.15, 0.2, 0.25, 0.3667, 0.4667, 0.6333, 0.8333, 1.0333, 1.2167, 1.6667],
            "transform": [
                [0.88722, 0.252732, 0.385962, 0.0, -0.274545, 0.961573, 0.001456, 0.4, -0.370763, -0.107256, 0.922513, -0.0, 0.0, 0.0, 0.0, 1.0],
                [0.880665, 0.471706, 0.043839, 0.0, -0.469883, 0.857968, 0.207607, 0.4, 0.060318, -0.203432, 0.977229, -0.0, 0.0, 0.0, 0.0, 1.0],
                [0.850051, 0.523047, -0.061934, -0.0, -0.488858, 0.827268, 0.27685, 0.4, 0.196041, -0.205059, 0.958915, 0.0, 0.0, 0.0, 0.0, 1.0],
                [0.68578, 0.492012, -0.536312, -0.0, -0.094819, 0.791003, 0.60442, 0.4, 0.721606, -0.363646, 0.589106, -0.0, 0.0, 0.0, 0.0, 1.0],
                [0.68578, 0.492012, -0.536312, -0.0, -0.094819, 0.791003, 0.60442, 0.4, 0.721606, -0.363646, 0.589106, 0.0, 0.0, 0.0, 0.0, 1.0],
                [0.724795, 0.509897, -0.463333, 0.0, -0.335874, 0.848684, 0.408565, 0.4, 0.601549, -0.140504, 0.786383, -0.0, 0.0, 0.0, 0.0, 1.0],
                [0.847459, -0.080712, -0.524689, 0.0, 0.066096, 0.996726, -0.046569, 0.4, 0.52673, 0.004786, 0.850019, -0.0, 0.0, 0.0, 0.0, 1.0],
                [0.84746, -0.080712, -0.524688, 0.0, 0.066096, 0.996726, -0.046569, 0.4, 0.526729, 0.004786, 0.85002, -0.0, 0.0, 0.0, 0.0, 1.0],
                [0.781355, -0.355129, 0.513194, 0.0, 0.125781, 0.895048, 0.427865, 0.4, -0.61128, -0.269765, 0.744018, 0.0, 0.0, 0.0, 0.0, 1.0],
                [0.785246, -0.261489, 0.561259, -0.0, 0.116994, 0.952782, 0.280213, 0.4, -0.60803, -0.154372, 0.778761, 0.0, 0.0, 0.0, 0.0, 1.0],
                [1.0, 0.0, 0.0, -0.0, 0.0, 0.989401, -0.145209, 0.4, -0.0, 0.145209, 0.989401, 0.0, 0.0, 0.0, 0.0, 1.0],
                [1.0, 0.0, 0.0, -0.0, 0.0, 0.989401, -0.145209, 0.4, -0.0, 0.145209, 0.989401, 0.0, 0.0, 0.0, 0.0, 1.0]
            ]
        },
        {
            "name": "Head_Top",
            "time": [0.0, 0.25, 0.3667, 0.4667, 0.6333, 0.8333, 1.0333, 1.6667],
            "transform": [
                [1.0, -0.0, -0.0, 0.0, 0.0, 1.0, -0.0, 0.196375, -0.0, 0.0, 1.0, 0.0, 0.0, 0.0, 0.0, 1.0],
                [1.0, 0.0, -0.0, -0.0, -0.0, 1.0, 0.0, 0.196375, 0.0, -0.0, 1.0, 0.0, 0.0, 0.0, 0.0, 1.0],
                [1.0, 0.0, 0.0, 0.0, -0.0, 1.0, -0.0, 0.196375, -0.0, 0.0, 1.0, 0.0, 0.0, 0.0, 0.0, 1.0],
                [1.0, 0.0, 0.0, 0.0, -0.0, 1.0, 0.0, 0.196375, 0.0, 0.0, 1.0, 0.0, 0.0, 0.0, 0.0, 1.0],
                [1.0, 0.0, 0.0, 0.0, -0.0, 1.0, -0.0, 0.196375, 0.0, -0.0, 1.0, 0.0, 0.0, 0.0, 0.0, 1.0],
                [1.0, 0.0, -0.0, 0.0, -0.0, 1.0, 0.0, 0.196374, -0.0, -0.0, 1.0, 1e-06, 0.0, 0.0, 0.0, 1.0],
                [1.0, 0.0, -0.0, 0.0, -0.0, 1.0, -0.0, 0.196374, -0.0, 0.0, 1.0, 0.0, 0.0, 0.0, 0.0, 1.0],
                [1.0, 0.0, 0.0, 0.0, -0.0, 1.0, -0.0, 0.196374, 0.0, -0.0, 1.0, 0.0, 0.0, 0.0, 0.0, 1.0]
            ]
        }
    ]
}