{
    "animation": [
        {
            "name": "Root",
            "time": [0.0, 0.0833, 0.1667, 0.25, 0.3333, 0.3667, 0.6667, 1.0],
            "transform": [
                [0.883385, 0.030709, -0.467642, -5e-06, -0.468649, 0.057885, -0.881486, -1e-06, 0.0, 0.997851, 0.065526, 1.28223, 0.0, 0.0, 0.0, 1.0],
                [0.883385, 0.030709, -0.467642, -5e-06, -0.468649, 0.057885, -0.881486, -1e-06, 0.0, 0.997851, 0.065526, 1.085979, 0.0, 0.0, 0.0, 1.0],
                [0.883385, 0.030709, -0.467642, -5e-06, -0.468649, 0.057885, -0.881486, -1e-06, 0.0, 0.997851, 0.065526, 1.08153, 0.0, 0.0, 0.0, 1.0],
                [0.828057, -0.036737, 0.559439, -5e-06, 0.560644, 0.054259, -0.826277, 0.989802, -0.0, 0.997851, 0.065526, 1.440725, 0.0, 0.0, 0.0, 1.0],
                [0.828057, -0.036737, 0.559439, -5e-06, 0.559862, 0.106878, -0.821664, 1.084536, -0.029606, 0.993593, 0.109069, 1.440725, 0.0, 0.0, 0.0, 1.0],
                [0.828057, -0.036737, 0.559439, -5e-06, 0.559862, 0.106878, -0.821664, 1.084536, -0.029606, 0.993593, 0.109069, 1.440725, 0.0, 0.0, 0.0, 1.0],
                [0.956389, -0.01914, 0.291469, -5e-06, 0.292096, 0.062668, -0.954333, 1.206864, 0.0, 0.997851, 0.065526, 1.409118, 0.0, 0.0, 0.0, 1.0],
                [0.956389, -0.01914, 0.291469, -5e-06, 0.292096, 0.062668, -0.954333, 1.206864, 0.0, 0.997851, 0.065526, 1.409118, 0.0, 0.0, 0.0, 1.0]
            ]
        },
        {
            "name": "Thigh_R",
            "time": [0.0, 0.0833, 0.1667, 0.25, 0.3333, 0.3667, 0.6667, 1.0],
            "transform": [
                [0.879428, 0.396099, 0.264031, 0.124994, 0.406133, -0.913638, 0.017901, -0.061515, 0.24832, 0.091489, -0.964348, -1.2e-05, 0.0, 0.0, 0.0, 1.0],
                [0.840044, 0.492735, 0.227022, 0.124994, 0.525806, -0.842519, -0.117001, -0.061514, 0.13362, 0.217656, -0.966836, -1.2e-05, 0.0, 0.0, 0.0, 1.0],
                [0.837934, 0.496249, 0.227165, 0.124994, 0.529807, -0.83955, -0.120251, -0.061514, 0.131041, 0.221116, -0.966403, -1.2e-05, 0.0, 0.0, 0.0, 1.0],
                [0.811479, 0.576761, -0.094063, 0.124994, 0.050056, 0.091768, 0.994521, -0.061514, 0.582233, -0.811742, 0.045597, -1.2e-05, 0.0, 0.0, 0.0, 1.0],
                [0.802841, 0.575488, -0.155753, 0.124994, -0.006565, 0.269765, 0.962904, -0.061514, 0.596157, -0.772036, 0.220357, -1.1e-05, 0.0, 0.0, 0.0, 1.0],
                [0.802841, 0.575488, -0.155753, 0.124994, -0.006565, 0.269765, 0.962904, -0.061514, 0.596157, -0.772036, 0.220357, -1.1e-05, 0.0, 0.0, 0.0, 1.0],
                [0.960839, 0.162295, 0.22461, 0.124994, 0.003142, -0.816877, 0.576802, -0.061514, 0.277091, -0.553508, -0.785398, -1.1e-05, 0.0, 0.0, 0.0, 1.0],
                [0.960839, 0.162295, 0.22461, 0.124994, 0.003142, -0.816877, 0.576802, -0.061514, 0.277091, -0.553508, -0.785398, -1.1e-05, 0.0, 0.0, 0.0, 1.0]
            ]
        },
        {
            "name": "Leg_R",
            "time": [0.0, 0.0833, 0.1667, 0.25, 0.3333, 0.3667, 0.6667, 1.0],
            "transform": [
                [1.0, -0.0, 1e-06, 0.0, -0.0, 0.894185, 0.447697, 0.694429, -1e-06, -0.447697, 0.894185, 0.0, 0.0, 0.0, 0.0, 1.0],
                [1.0, -0.0, 1e-06, 0.0, -0.0, 0.858093, 0.513494, 0.694429, -1e-06, -0.513494, 0.858093, 0.0, 0.0, 0.0, 0.0, 1.0],
                [1.0, -0.0, 0.0, -0.0, -0.0, 0.845475, 0.534016, 0.694429, -1e-06, -0.534016, 0.845475, 0.0, 0.0, 0.0, 0.0, 1.0],
                [1.0, -0.0, 0.00015, 0.0, -8.1e-05, -0.84253, 0.538649, 0.694429, 0.000126, -0.538649, -0.84253, 0.0, 0.0, 0.0, 0.0, 1.0],
                [1.0, -1e-06, -0.0, -0.0, -0.0, -0.51342, 0.858137, 0.694429, -1e-06, -0.858138, -0.51342, -0.0, 0.0, 0.0, 0.0, 1.0],
                [1.0, -1e-06, -0.0, -0.0, -0.0, -0.51342, 0.858137, 0.694429, -1e-06, -0.858138, -0.51342, -0.0, 0.0, 0.0, 0.0, 1.0],
                [1.0, -0.0, 4.8e-05, 0.0, -2.4e-05, 0.866596, 0.499011, 0.694429, -4.2e-05, -0.499011, 0.866596, -0.0, 0.0, 0.0, 0.0, 1.0],
                [1.0, -0.0, 4.8e-05, 0.0, -2.4e-05, 0.866596, 0.499011, 0.694429, -4.2e-05, -0.499011, 0.866596, -0.0, 0.0, 0.0, 0.0, 1.0]
            ]
        },
        {
            "name": "Thigh_L",
            "time": [0.0, 0.0833, 0.1667, 0.25, 0.3333, 0.3667, 0.6667, 1.0],
            "transform": [
                [0.888313, -0.34413, -0.304096, -0.125006, 0.015792, -0.638893, 0.769133, -0.061515, -0.458966, -0.688033, -0.562104, -1.2e-05, 0.0, 0.0, 0.0, 1.0],
                [0.885317, -0.424539, -0.189685, -0.125006, 0.017277, -0.37762, 0.925799, -0.061514, -0.464667, -0.822903, -0.326979, -1.2e-05, 0.0, 0.0, 0.0, 1.0],
                [0.888341, -0.422177, -0.180599, -0.125006, 0.012907, -0.370191, 0.928866, -0.061514, -0.459002, -0.827481, -0.323407, -1.2e-05, 0.0, 0.0, 0.0, 1.0],
                [0.953735, -0.161676, 0.253478, -0.125006, -0.126315, -0.98056, -0.150156, -0.061514, 0.272827, 0.111191, -0.955616, -1.2e-05, 0.0, 0.0, 0.0, 1.0],
                [0.953735, -0.161678, 0.253477, -0.125006, -0.126315, -0.980558, -0.150164, -0.061514, 0.272827, 0.111199, -0.955615, -1.2e-05, 0.0, 0.0, 0.0, 1.0],
                [0.953735, -0.161678, 0.253477, -0.125006, -0.126315, -0.980558, -0.150164, -0.061514, 0.272827, 0.111199, -0.955615, -1.2e-05, 0.0, 0.0, 0.0, 1.0],
                [0.973358, -0.112307, 0.199902, -0.125006, -0.046738, -0.950709, -0.30654, -0.061514, 0.224475, 0.289031, -0.93063, -1.2e-05, 0.0, 0.0, 0.0, 1.0],
                [0.973358, -0.112307, 0.199902, -0.125006, -0.046738, -0.950709, -0.30654, -0.061514, 0.224475, 0.289031, -0.93063, -1.2e-05, 0.0, 0.0, 0.0, 1.0]
            ]
        },
        {
            "name": "Leg_L",
            "time": [0.0, 0.0833, 0.1667, 0.25, 0.3333, 0.3667, 0.6667, 1.0],
            "transform": [
                [1.0, -1e-06, 1e-06, 0.0, -0.0, 0.616548, 0.787318, 0.694429, -1e-06, -0.787318, 0.616548, -0.0, 0.0, 0.0, 0.0, 1.0],
                [1.0, -1e-06, 3e-06, -0.0, -2e-06, 0.194936, 0.980816, 0.694429, -1e-06, -0.980816, 0.194936, -0.0, 0.0, 0.0, 0.0, 1.0],
                [1.0, -1e-06, 3e-06, 0.0, -2e-06, 0.18461, 0.982812, 0.694429, -1e-06, -0.982812, 0.18461, -0.0, 0.0, 0.0, 0.0, 1.0],
                [1.0, -0.0, 2e-06, -0.0, -0.0, 0.993367, 0.114989, 0.694429, -2e-06, -0.114989, 0.993367, -0.0, 0.0, 0.0, 0.0, 1.0],
                [1.0, -0.0, 3e-06, 0.0, -0.0, 0.993367, 0.114985, 0.694429, -3e-06, -0.114985, 0.993367, -0.0, 0.0, 0.0, 0.0, 1.0],
                [1.0, -0.0, 3e-06, 0.0, -0.0, 0.993367, 0.114985, 0.694429, -3e-06, -0.114985, 0.993367, -0.0, 0.0, 0.0, 0.0, 1.0],
                [1.0, 0.0, 2e-06, -0.0, -0.0, 0.999948, 0.01016, 0.694429, -2e-06, -0.01016, 0.999948, -0.0, 0.0, 0.0, 0.0, 1.0],
                [1.0, 0.0, 2e-06, -0.0, -0.0, 0.999948, 0.01016, 0.694429, -2e-06, -0.01016, 0.999948, -0.0, 0.0, 0.0, 0.0, 1.0]
            ]
        },
        {
            "name": "Torso",
            "time": [0.0, 0.0833, 0.1667, 0.25, 0.3333, 0.3667, 0.6667, 1.0],
            "transform": [
                [1.0, -0.0, 0.0, -0.0, 0.0, 1.0, 0.0, 0.05, 0.0, 0.0, 1.0, -0.0, 0.0, 0.0, 0.0, 1.0],
                [0.999644, -0.026559, -0.002416, -0.0, 0.026647, 0.998382, 0.050229, 0.05, 0.001078, -0.050275, 0.998735, 0.0, 0.0, 0.0, 0.0, 1.0],
                [0.999628, -0.027159, -0.002486, -0.0, 0.027251, 0.998308, 0.051365, 0.05, 0.001087, -0.051414, 0.998677, -0.0, 0.0, 0.0, 0.0, 1.0],
                [1.0, -0.0, 0.0, -0.0, 0.0, 1.0, -0.0, 0.05, 0.0, 0.0, 1.0, -0.0, 0.0, 0.0, 0.0, 1.0],
                [0.993027, 0.116507, 0.017971, -0.0, -0.117857, 0.977846, 0.172991, 0.05, 0.002581, -0.173903, 0.984759, 0.0, 0.0, 0.0, 0.0, 1.0],
                [0.993027, 0.116507, 0.017971, -0.0, -0.117857, 0.977846, 0.172991, 0.05, 0.002581, -0.173903, 0.984759, 0.0, 0.0, 0.0, 0.0, 1.0],
                [1.0, -0.0, 0.0, -0.0, 0.0, 1.0, -0.0, 0.05, 0.0, 0.0, 1.0, -0.0, 0.0, 0.0, 0.0, 1.0],
                [1.0, -0.0, 0.0, -0.0, 0.0, 1.0, -0.0, 0.05, 0.0, 0.0, 1.0, -0.0, 0.0, 0.0, 0.0, 1.0]
            ]
        },
        {
            "name": "Chest",
            "time": [0.0, 0.0833, 0.1667, 0.25, 0.3333, 0.3667, 0.6667, 1.0],
            "transform": [
                [1.0, 0.0, 0.0, 0.0, -0.0, 0.99255, 0.121839, 0.3, -0.0, -0.121839, 0.99255, -0.0, 0.0, 0.0, 0.0, 1.0],
                [0.999872, -0.015681, -0.003225, -0.0, 0.015989, 0.988296, 0.151708, 0.3, 0.000808, -0.15174, 0.98842, -0.0, 0.0, 0.0, 0.0, 1.0],
                [0.999866, -0.016035, -0.003303, -0.0, 0.016351, 0.988186, 0.152383, 0.3, 0.000821, -0.152417, 0.988316, -0.0, 0.0, 0.0, 0.0, 1.0],
                [0.999946, 0.008661, 0.005728, -0.0, -0.009422, 0.988657, 0.149897, 0.3, -0.004364, -0.149943, 0.988685, -0.0, 0.0, 0.0, 0.0, 1.0],
                [0.997968, 0.060716, 0.019338, 0.0, -0.063526, 0.971742, 0.227337, 0.3, -0.004989, -0.228103, 0.973624, -0.0, 0.0, 0.0, 0.0, 1.0],
                [0.997968, 0.060716, 0.019338, 0.0, -0.063526, 0.971742, 0.227337, 0.3, -0.004989, -0.228103, 0.973624, -0.0, 0.0, 0.0, 0.0, 1.0],
                [0.999946, 0.008661, 0.005728, -0.0, -0.009422, 0.988657, 0.149897, 0.3, -0.004364, -0.149943, 0.988685, 0.0, 0.0, 0.0, 0.0, 1.0],
                [0.999946, 0.008661, 0.005728, -0.0, -0.009422, 0.988657, 0.149897, 0.3, -0.004364, -0.149943, 0.988685, 0.0, 0.0, 0.0, 0.0, 1.0]
            ]
        },
        {
            "name": "Shoulder_R",
            "time": [0.0, 1.0],
            "transform": [
                [-0.0, 0.963582, 0.267415, -0.0, 0.0, -0.267415, 0.963582, 0.4, 1.0, 0.0, -0.0, -0.0, 0.0, 0.0, 0.0, 1.0],
                [-0.0, 0.963582, 0.267415, 0.0, 0.0, -0.267415, 0.963582, 0.4, 1.0, 0.0, -0.0, -0.0, 0.0, 0.0, 0.0, 1.0]
            ]
        },
        {
            "name": "Arm_R",
            "time": [0.0, 0.0833, 0.1667, 0.25, 0.3333, 0.3667, 0.6667, 1.0],
            "transform": [
                [-0.255543, 0.217441, -0.942029, 0.0, 0.829072, 0.550518, -0.097829, 0.325291, 0.497331, -0.806009, -0.320955, -0.0, 0.0, 0.0, 0.0, 1.0],
                [-0.222708, -0.954043, 0.200511, 0.0, 0.545335, -0.292402, -0.785564, 0.325291, 0.808091, -0.065606, 0.585393, -0.0, 0.0, 0.0, 0.0, 1.0],
                [-0.220185, -0.946134, 0.237381, 0.0, 0.54558, -0.321179, -0.774071, 0.325291, 0.808617, -0.040929, 0.586911, 0.0, 0.0, 0.0, 0.0, 1.0],
                [0.551389, 0.438592, -0.709653, 0.0, 0.768878, 0.062918, 0.636292, 0.325291, 0.323722, -0.896481, -0.302532, 0.0, 0.0, 0.0, 0.0, 1.0],
                [0.575082, 0.337609, -0.745185, -0.0, 0.753835, 0.135189, 0.643006, 0.325291, 0.317825, -0.931528, -0.176757, -0.0, 0.0, 0.0, 0.0, 1.0],
                [0.575082, 0.337609, -0.745185, -0.0, 0.753835, 0.135189, 0.643006, 0.325291, 0.317825, -0.931528, -0.176757, -0.0, 0.0, 0.0, 0.0, 1.0],
                [0.020614, 0.483146, -0.875297, 0.0, 0.784163, 0.535288, 0.313935, 0.325291, 0.620213, -0.692847, -0.36783, -0.0, 0.0, 0.0, 0.0, 1.0],
                [0.020614, 0.483146, -0.875297, 0.0, 0.784163, 0.535288, 0.313935, 0.325291, 0.620213, -0.692847, -0.36783, -0.0, 0.0, 0.0, 0.0, 1.0]
            ]
        },
        {
            "name": "Hand_R",
            "time": [0.0, 0.0833, 0.1667, 0.25, 1.0],
            "transform": [
                [0.999978, 0.006132, 0.002581, -0.0, -0.004423, 0.902519, -0.430626, 0.799181, -0.00497, 0.430605, 0.902527, -0.0, 0.0, 0.0, 0.0, 1.0],
                [0.999979, 0.006534, -0.000324, 0.0, -0.005557, 0.822207, -0.569161, 0.799181, -0.003453, 0.569151, 0.822226, 0.0, 0.0, 0.0, 0.0, 1.0],
                [0.999979, 0.006389, -0.001201, 0.0, -0.005793, 0.791873, -0.610658, 0.799181, -0.00295, 0.610652, 0.791893, -0.0, 0.0, 0.0, 0.0, 1.0],
                [0.999929, -0.001855, -0.011727, -0.0, -0.011658, 0.033498, -0.999371, 0.799181, 0.002246, 0.999437, 0.033474, 0.0, 0.0, 0.0, 0.0, 1.0],
                [0.99993, -0.001855, -0.011727, 0.0, -0.011658, 0.033498, -0.999371, 0.799181, 0.002246, 0.999437, 0.033474, -0.0, 0.0, 0.0, 0.0, 1.0]
            ]
        },
        {
            "name": "Tool_R",
            "time": [0.0, 1.0],
            "transform": [
                [1.0, 0.0, 0.0, -0.0, 0.0, -0.999524, -0.030857, 0.78144, 0.0, 0.030857, -0.999543, -0.0, 0.0, 0.0, 0.0, 1.0],
                [1.0, 0.0, 0.0, -0.0, 0.0, -0.999524, -0.030857, 0.78144, 0.0, 0.030857, -0.999543, 0.0, 0.0, 0.0, 0.0, 1.0]
            ]
        },
        {
            "name": "Shoulder_L",
            "time": [0.0, 1.0],
            "transform": [
                [-0.0, -0.963582, -0.267415, -0.0, -0.0, -0.267415, 0.963582, 0.4, -1.0, 0.0, -0.0, -0.0, 0.0, 0.0, 0.0, 1.0],
                [0.0, -0.963582, -0.267415, 0.0, -0.0, -0.267415, 0.963582, 0.4, -1.0, 0.0, -0.0, -0.0, 0.0, 0.0, 0.0, 1.0]
            ]
        },
        {
            "name": "Arm_L",
            "time": [0.0, 0.0833, 0.1667, 0.25, 0.3333, 0.3667, 0.6667, 1.0],
            "transform": [
                [0.243451, -0.061667, 0.967951, -0.0, -0.910549, 0.329251, 0.24999, 0.325291, -0.334115, -0.942227, 0.024006, 0.0, 0.0, 0.0, 0.0, 1.0],
                [0.525476, 0.688125, 0.500359, -0.0, -0.320477, 0.704869, -0.632815, 0.325291, -0.788143, 0.172175, 0.590919, -0.0, 0.0, 0.0, 0.0, 1.0],
                [0.502058, 0.716716, 0.484001, 0.0, -0.300829, 0.669426, -0.679243, 0.325291, -0.810827, 0.195418, 0.551699, -0.0, 0.0, 0.0, 0.0, 1.0],
                [-0.48081, -0.242516, 0.84262, 0.0, -0.746418, 0.617459, -0.248204, 0.325291, -0.46009, -0.748285, -0.477899, -0.0, 0.0, 0.0, 0.0, 1.0],
                [-0.467451, -0.138067, 0.873171, 0.0, -0.759052, 0.56898, -0.316389, 0.325291, -0.453134, -0.810678, -0.370771, -0.0, 0.0, 0.0, 0.0, 1.0],
                [-0.467451, -0.138067, 0.873171, 0.0, -0.759052, 0.56898, -0.316389, 0.325291, -0.453134, -0.810678, -0.370771, -0.0, 0.0, 0.0, 0.0, 1.0],
                [-0.211665, -0.342646, 0.91531, -0.0, -0.828083, 0.560308, 0.018257, 0.325291, -0.519111, -0.754088, -0.402337, -0.0, 0.0, 0.0, 0.0, 1.0],
                [-0.211665, -0.342646, 0.91531, -0.0, -0.828083, 0.560308, 0.018257, 0.325291, -0.519111, -0.754088, -0.402337, -0.0, 0.0, 0.0, 0.0, 1.0]
            ]
        },
        {
            "name": "Hand_L",
            "time": [0.0, 0.0833, 0.1667, 0.25, 1.0],
            "transform": [
                [0.999969, 0.00044, -0.007904, 0.0, -0.003067, 0.942031, -0.335511, 0.799181, 0.007298, 0.335525, 0.942003, 0.0, 0.0, 0.0, 0.0, 1.0],
                [0.999999, -0.00104, -0.000975, -0.0, 0.000341, 0.838637, -0.544691, 0.799181, 0.001384, 0.54469, 0.838636, -0.0, 0.0, 0.0, 0.0, 1.0],
                [0.999999, -0.001167, 0.001296, 0.0, 0.001714, 0.795516, -0.60593, 0.799181, -0.000324, 0.605931, 0.795517, -0.0, 0.0, 0.0, 0.0, 1.0],
                [0.998383, 0.006608, 0.05646, 0.0, 0.056289, -0.25355, -0.965683, 0.799181, 0.007934, 0.9673, -0.253512, -0.0, 0.0, 0.0, 0.0, 1.0],
                [0.998383, 0.006608, 0.05646, -0.0, 0.056289, -0.25355, -0.965683, 0.799181, 0.007934, 0.9673, -0.253512, -0.0, 0.0, 0.0, 0.0, 1.0]
            ]
        },
        {
            "name": "Tool_L",
            "time": [0.0, 1.0],
            "transform": [
                [1.0, 0.0, 0.0, 0.0, 0.0, -0.999524, -0.030857, 0.78144, 0.0, 0.030857, -0.999542, -0.0, 0.0, 0.0, 0.0, 1.0],
                [1.0, 0.0, 0.0, -0.0, 0.0, -0.999524, -0.030857, 0.78144, 0.0, 0.030857, -0.999542, 0.0, 0.0, 0.0, 0.0, 1.0]
            ]
        },
        {
            "name": "Head",
            "time": [0.0, 0.0833, 0.1667, 0.25, 0.3333, 0.3667, 0.6667, 1.0],
            "transform": [
                [0.882986, -0.00353, 0.469385, -0.0, 0.087602, 0.983642, -0.157396, 0.4, -0.461152, 0.180098, 0.868852, -0.0, 0.0, 0.0, 0.0, 1.0],
                [0.883591, 0.037609, 0.466746, 0.0, 0.092607, 0.963047, -0.252912, 0.4, -0.45901, 0.266695, 0.847457, -0.0, 0.0, 0.0, 0.0, 1.0],
                [0.883511, 0.043949, 0.466345, 0.0, 0.087573, 0.962537, -0.256621, 0.4, -0.460152, 0.267567, 0.846563, 0.0, 0.0, 0.0, 0.0, 1.0],
                [0.826179, 0.016131, -0.563177, -0.0, -0.113068, 0.984001, -0.137687, 0.4, 0.551945, 0.177432, 0.814785, 0.0, 0.0, 0.0, 0.0, 1.0],
                [0.826187, -0.139864, -0.545759, 0.0, -0.112936, 0.90792, -0.403642, 0.4, 0.551961, 0.39512, 0.734316, 0.0, 0.0, 0.0, 0.0, 1.0],
                [0.826187, -0.139864, -0.545759, 0.0, -0.112936, 0.90792, -0.403642, 0.4, 0.551961, 0.39512, 0.734316, 0.0, 0.0, 0.0, 0.0, 1.0],
                [0.957167, 0.003646, -0.289513, 0.0, -0.0531, 0.985171, -0.16315, 0.4, 0.284625, 0.171535, 0.943167, -0.0, 0.0, 0.0, 0.0, 1.0],
                [0.957167, 0.003646, -0.289513, 0.0, -0.0531, 0.985171, -0.16315, 0.4, 0.284625, 0.171535, 0.943167, -0.0, 0.0, 0.0, 0.0, 1.0]
            ]
        },
        {
            "name": "Head_Top",
            "time": [0.0, 0.1667, 0.25, 0.3667, 0.6667, 1.0],
            "transform": [
                [1.0, 0.0, -0.0, -0.0, -0.0, 1.0, -0.0, 0.196375, 0.0, -0.0, 1.0, -0.0, 0.0, 0.0, 0.0, 1.0],
                [1.0, 0.0, 0.0, 0.0, -0.0, 1.0, 0.0, 0.196375, -0.0, 0.0, 1.0, -0.0, 0.0, 0.0, 0.0, 1.0],
                [1.0, -0.0, -0.0, 0.0, 0.0, 1.0, -0.0, 0.196376, -0.0, 0.0, 1.0, 0.0, 0.0, 0.0, 0.0, 1.0],
                [1.0, -0.0, -0.0, 0.0, 0.0, 1.0, 0.0, 0.196376, 0.0, 0.0, 1.0, -0.0, 0.0, 0.0, 0.0, 1.0],
                [1.0, -0.0, 0.0, 0.0, 0.0, 1.0, -0.0, 0.196376, 0.0, -0.0, 1.0, 0.0, 0.0, 0.0, 0.0, 1.0],
                [1.0, -0.0, 0.0, 0.0, 0.0, 1.0, -0.0, 0.196376, 0.0, -0.0, 1.0, 0.0, 0.0, 0.0, 0.0, 1.0]
            ]
        }
    ]
}