{
    "animation": [
        {
            "name": "Root",
            "time": [0.0, 0.0167, 0.0833, 0.1667, 0.25, 0.3333, 0.3667, 0.6667, 1.0],
            "transform": [
                [0.883385, 0.030709, -0.467642, -5e-06, -0.468649, 0.057885, -0.881486, -1e-06, 0.0, 0.997851, 0.065526, 1.68223, 0.0, 0.0, 0.0, 1.0],
                [0.883385, 0.030709, -0.467642, -5e-06, -0.468649, 0.057885, -0.881486, -1e-06, 0.0, 0.997851, 0.065526, 1.665153, 0.0, 0.0, 0.0, 1.0],
                [0.883385, 0.030709, -0.467642, -5e-06, -0.468649, 0.057885, -0.881486, -1e-06, 0.0, 0.997851, 0.065526, 1.485979, 0.0, 0.0, 0.0, 1.0],
                [0.883385, 0.030709, -0.467642, -5e-06, -0.468649, 0.057885, -0.881486, -1e-06, 0.0, 0.997851, 0.065526, 1.48153, 0.0, 0.0, 0.0, 1.0],
                [0.828057, -0.036737, 0.559439, -5e-06, 0.560644, 0.054259, -0.826277, 0.989802, -0.0, 0.997851, 0.065526, 1.840725, 0.0, 0.0, 0.0, 1.0],
                [0.828057, -0.036737, 0.559439, -5e-06, 0.559862, 0.106878, -0.821664, 1.084536, -0.029606, 0.993593, 0.109069, 1.840725, 0.0, 0.0, 0.0, 1.0],
                [0.828057, -0.036737, 0.559439, -5e-06, 0.559862, 0.106878, -0.821664, 1.084536, -0.029606, 0.993593, 0.109069, 1.840725, 0.0, 0.0, 0.0, 1.0],
                [0.956389, -0.01914, 0.291469, -5e-06, 0.292096, 0.062668, -0.954333, 1.206864, 0.0, 0.997851, 0.065526, 1.809118, 0.0, 0.0, 0.0, 1.0],
                [0.956389, -0.01914, 0.291469, -5e-06, 0.292096, 0.062668, -0.954333, 1.206864, 0.0, 0.997851, 0.065526, 1.809118, 0.0, 0.0, 0.0, 1.0]
            ]
        },
        {
            "name": "Thigh_R",
            "time": [0.0, 0.0167, 0.0833, 0.1667, 0.25, 0.3333, 0.3667, 0.6667, 1.0],
            "transform": [
                [0.879428, 0.396098, 0.264031, 0.124994, 0.406133, -0.913638, 0.017901, -0.061515, 0.24832, 0.091489, -0.964348, -1.2e-05, 0.0, 0.0, 0.0, 1.0],
                [0.87674, 0.404491, 0.260218, 0.124994, 0.417366, -0.908715, 0.006328, -0.061515, 0.239023, 0.103058, -0.965529, -1.2e-05, 0.0, 0.0, 0.0, 1.0],
                [0.840044, 0.492734, 0.227022, 0.124994, 0.525806, -0.842518, -0.117001, -0.061515, 0.13362, 0.217656, -0.966836, -1.2e-05, 0.0, 0.0, 0.0, 1.0],
                [0.837934, 0.496249, 0.227165, 0.124994, 0.529807, -0.839549, -0.120252, -0.061514, 0.131042, 0.221116, -0.966404, -1.2e-05, 0.0, 0.0, 0.0, 1.0],
                [0.811479, 0.576761, -0.094063, 0.124994, 0.050056, 0.091768, 0.994522, -0.061514, 0.582233, -0.811741, 0.045597, -1.2e-05, 0.0, 0.0, 0.0, 1.0],
                [0.802841, 0.575488, -0.155753, 0.124994, -0.006565, 0.269765, 0.962904, -0.061514, 0.596157, -0.772035, 0.220357, -1.1e-05, 0.0, 0.0, 0.0, 1.0],
                [0.802841, 0.575488, -0.155753, 0.124994, -0.006565, 0.269765, 0.962904, -0.061514, 0.596157, -0.772035, 0.220357, -1.1e-05, 0.0, 0.0, 0.0, 1.0],
                [0.960839, 0.162294, 0.22461, 0.124994, 0.003142, -0.816877, 0.576802, -0.061514, 0.277091, -0.553508, -0.785398, -1.1e-05, 0.0, 0.0, 0.0, 1.0],
                [0.960839, 0.162294, 0.22461, 0.124994, 0.003142, -0.816877, 0.576802, -0.061514, 0.277091, -0.553508, -0.785398, -1.1e-05, 0.0, 0.0, 0.0, 1.0]
            ]
        },
        {
            "name": "Leg_R",
            "time": [0.0, 0.0167, 0.0833, 0.1667, 0.25, 0.3333, 0.3667, 0.6667, 1.0],
            "transform": [
                [1.0, 0.0, -0.0, 0.0, -0.0, 0.894186, 0.447697, 0.906668, 0.0, -0.447698, 0.894184, 0.0, 0.0, 0.0, 0.0, 1.0],
                [1.0, 0.0, 0.0, -0.0, -0.0, 0.891905, 0.452224, 0.906668, 0.0, -0.452225, 0.891903, 0.0, 0.0, 0.0, 0.0, 1.0],
                [1.0, 0.0, 0.0, -0.0, -0.0, 0.858094, 0.513494, 0.906668, 0.0, -0.513495, 0.858092, 0.0, 0.0, 0.0, 0.0, 1.0],
                [1.0, 0.0, -0.0, -0.0, -0.0, 0.845475, 0.534015, 0.906668, 0.0, -0.534016, 0.845474, -0.0, 0.0, 0.0, 0.0, 1.0],
                [1.0, -0.0, 0.000151, 0.0, -8.1e-05, -0.842531, 0.538649, 0.906668, 0.000127, -0.53865, -0.842529, -0.0, 0.0, 0.0, 0.0, 1.0],
                [1.0, 0.0, 0.0, 0.0, -0.0, -0.51342, 0.858137, 0.906668, 0.0, -0.858138, -0.513419, 0.0, 0.0, 0.0, 0.0, 1.0],
                [1.0, 0.0, 0.0, 0.0, -0.0, -0.51342, 0.858137, 0.906668, 0.0, -0.858138, -0.513419, 0.0, 0.0, 0.0, 0.0, 1.0],
                [1.0, 0.0, 4.7e-05, 0.0, -2.4e-05, 0.866597, 0.49901, 0.906668, -4.1e-05, -0.499011, 0.866595, -0.0, 0.0, 0.0, 0.0, 1.0],
                [1.0, 0.0, 4.7e-05, 0.0, -2.4e-05, 0.866597, 0.49901, 0.906668, -4.1e-05, -0.499011, 0.866595, -0.0, 0.0, 0.0, 0.0, 1.0]
            ]
        },
        {
            "name": "Knee_R",
            "time": [0.0, 0.0167, 0.0833, 0.1667, 0.25, 0.3333, 0.3667, 0.6667, 1.0],
            "transform": [
                [1.0, -0.0, -0.0, -0.0, -0.0, 0.0, -1.0, 0.92187, 0.0, 1.0, 0.0, 0.0, 0.0, 0.0, 0.0, 1.0],
                [1.0, -0.0, -0.0, 0.0, -0.0, 0.0, -1.0, 0.922084, 0.0, 1.0, 0.0, 0.0, 0.0, 0.0, 0.0, 1.0],
                [1.0, -0.0, -0.0, -0.0, -0.0, 0.0, -1.0, 0.925044, 0.0, 1.0, 0.0, 0.0, 0.0, 0.0, 0.0, 1.0],
                [1.0, -0.0, -0.0, -0.0, -0.0, 0.0, -1.0, 0.926063, 0.0, 1.0, 0.0, -0.0, 0.0, 0.0, 0.0, 1.0],
                [1.0, -0.0, -0.0, 0.0, -0.0, 0.0, -1.0, 0.968668, 0.0, 1.0, 0.0, -0.0, 0.0, 0.0, 0.0, 1.0],
                [1.0, -0.0, -0.0, 0.0, -0.0, 0.0, -1.0, 0.968669, 0.0, 1.0, 0.0, 0.0, 0.0, 0.0, 0.0, 1.0],
                [1.0, -0.0, -0.0, 0.0, -0.0, 0.0, -1.0, 0.968669, 0.0, 1.0, 0.0, 0.0, 0.0, 0.0, 0.0, 1.0],
                [1.0, -0.0, -0.0, 0.0, -0.0, 0.0, -1.0, 0.924334, 0.0, 1.0, 0.0, -0.0, 0.0, 0.0, 0.0, 1.0],
                [1.0, -0.0, -0.0, 0.0, -0.0, 0.0, -1.0, 0.924334, 0.0, 1.0, 0.0, -0.0, 0.0, 0.0, 0.0, 1.0]
            ]
        },
        {
            "name": "Thigh_L",
            "time": [0.0, 0.0167, 0.0833, 0.1667, 0.25, 0.3333, 0.3667, 0.6667, 1.0],
            "transform": [
                [0.888313, -0.344129, -0.304095, -0.125006, 0.015791, -0.638893, 0.769133, -0.061515, -0.458966, -0.688033, -0.562104, -1.2e-05, 0.0, 0.0, 0.0, 1.0],
                [0.887832, -0.352643, -0.29563, -0.125006, 0.016066, -0.618293, 0.785783, -0.061515, -0.459887, -0.702393, -0.543275, -1.2e-05, 0.0, 0.0, 0.0, 1.0],
                [0.885317, -0.424538, -0.189685, -0.125006, 0.017277, -0.37762, 0.925799, -0.061515, -0.464666, -0.822903, -0.326979, -1.2e-05, 0.0, 0.0, 0.0, 1.0],
                [0.888341, -0.422177, -0.180599, -0.125006, 0.012907, -0.370191, 0.928866, -0.061514, -0.459002, -0.827481, -0.323407, -1.2e-05, 0.0, 0.0, 0.0, 1.0],
                [0.953735, -0.161676, 0.253478, -0.125006, -0.126315, -0.98056, -0.150156, -0.061514, 0.272827, 0.111191, -0.955616, -1.2e-05, 0.0, 0.0, 0.0, 1.0],
                [0.953735, -0.161678, 0.253477, -0.125006, -0.126315, -0.980558, -0.150165, -0.061514, 0.272828, 0.111199, -0.955615, -1.2e-05, 0.0, 0.0, 0.0, 1.0],
                [0.953735, -0.161678, 0.253477, -0.125006, -0.126315, -0.980558, -0.150165, -0.061514, 0.272828, 0.111199, -0.955615, -1.2e-05, 0.0, 0.0, 0.0, 1.0],
                [0.973358, -0.112307, 0.199902, -0.125006, -0.046738, -0.950709, -0.30654, -0.061514, 0.224475, 0.289031, -0.93063, -1.2e-05, 0.0, 0.0, 0.0, 1.0],
                [0.973358, -0.112307, 0.199902, -0.125006, -0.046738, -0.950709, -0.30654, -0.061514, 0.224475, 0.289031, -0.93063, -1.2e-05, 0.0, 0.0, 0.0, 1.0]
            ]
        },
        {
            "name": "Leg_L",
            "time": [0.0, 0.0167, 0.0833, 0.1667, 0.25, 0.3333, 0.3667, 0.6667, 1.0],
            "transform": [
                [1.0, -0.0, 1e-06, 0.0, -0.0, 0.616548, 0.787318, 0.906668, -1e-06, -0.787317, 0.616548, -0.0, 0.0, 0.0, 0.0, 1.0],
                [1.0, -0.0, 1e-06, 0.0, -1e-06, 0.584219, 0.811596, 0.906668, -1e-06, -0.811596, 0.584219, -0.0, 0.0, 0.0, 0.0, 1.0],
                [1.0, -1e-06, 3e-06, 0.0, -2e-06, 0.194936, 0.980816, 0.906668, -1e-06, -0.980816, 0.194936, -0.0, 0.0, 0.0, 0.0, 1.0],
                [1.0, -1e-06, 3e-06, -0.0, -2e-06, 0.18461, 0.982812, 0.906668, -1e-06, -0.982812, 0.18461, -0.0, 0.0, 0.0, 0.0, 1.0],
                [1.0, 0.0, 2e-06, -0.0, -0.0, 0.993366, 0.114989, 0.906668, -2e-06, -0.114989, 0.993367, -0.0, 0.0, 0.0, 0.0, 1.0],
                [1.0, -0.0, 2e-06, -0.0, -0.0, 0.993367, 0.114985, 0.906668, -2e-06, -0.114985, 0.993367, 0.0, 0.0, 0.0, 0.0, 1.0],
                [1.0, -0.0, 2e-06, -0.0, -0.0, 0.993367, 0.114985, 0.906668, -2e-06, -0.114985, 0.993367, 0.0, 0.0, 0.0, 0.0, 1.0],
                [1.0, 0.0, 2e-06, 0.0, -0.0, 0.999948, 0.01016, 0.906668, -2e-06, -0.01016, 0.999949, 0.0, 0.0, 0.0, 0.0, 1.0],
                [1.0, 0.0, 2e-06, 0.0, -0.0, 0.999948, 0.01016, 0.906668, -2e-06, -0.01016, 0.999949, 0.0, 0.0, 0.0, 0.0, 1.0]
            ]
        },
        {
            "name": "Knee_L",
            "time": [0.0, 0.0167, 0.0833, 0.1667, 0.25, 0.3333, 0.3667, 0.6667, 1.0],
            "transform": [
                [1.0, -0.0, -0.0, 0.0, -0.0, 0.0, -1.0, 0.940573, 0.0, 1.0, 0.0, -0.0, 0.0, 0.0, 0.0, 1.0],
                [1.0, -0.0, -0.0, 0.0, -0.0, 0.0, -1.0, 0.942283, 0.0, 1.0, -0.0, -0.0, 0.0, 0.0, 0.0, 1.0],
                [1.0, -0.0, -0.0, 0.0, -0.0, 0.0, -1.0, 0.960371, 0.0, 1.0, 0.0, -0.0, 0.0, 0.0, 0.0, 1.0],
                [1.0, -0.0, -0.0, 0.0, -0.0, 0.0, -1.0, 0.960816, 0.0, 1.0, 0.0, -0.0, 0.0, 0.0, 0.0, 1.0],
                [1.0, -0.0, -0.0, -0.0, -0.0, 0.0, -1.0, 0.907113, 0.0, 1.0, 0.0, 0.0, 0.0, 0.0, 0.0, 1.0],
                [1.0, -0.0, -0.0, -0.0, -0.0, 0.0, -1.0, 0.907113, 0.0, 1.0, 0.0, -0.0, 0.0, 0.0, 0.0, 1.0],
                [1.0, -0.0, -0.0, -0.0, -0.0, 0.0, -1.0, 0.907113, 0.0, 1.0, 0.0, -0.0, 0.0, 0.0, 0.0, 1.0],
                [1.0, -0.0, -0.0, 0.0, -0.0, 0.0, -1.0, 0.906668, 0.0, 1.0, 0.0, 0.0, 0.0, 0.0, 0.0, 1.0],
                [1.0, -0.0, -0.0, 0.0, -0.0, 0.0, -1.0, 0.906668, 0.0, 1.0, 0.0, 0.0, 0.0, 0.0, 0.0, 1.0]
            ]
        },
        {
            "name": "Torso",
            "time": [0.0, 0.0167, 0.0833, 0.1667, 0.25, 0.3333, 0.3667, 0.6667, 1.0],
            "transform": [
                [1.0, -0.0, 0.0, -0.0, 0.0, 1.0, 0.0, 0.05, 0.0, -0.0, 1.0, -0.0, 0.0, 0.0, 0.0, 1.0],
                [0.999997, -0.002315, -0.000157, -0.0, 0.002316, 0.999988, 0.004374, 0.05, 0.000147, -0.004375, 0.99999, 0.0, 0.0, 0.0, 0.0, 1.0],
                [0.999644, -0.026559, -0.002416, -0.0, 0.026647, 0.998382, 0.050229, 0.05, 0.001078, -0.050275, 0.998735, 0.0, 0.0, 0.0, 0.0, 1.0],
                [0.999628, -0.027159, -0.002486, -0.0, 0.027251, 0.998308, 0.051365, 0.05, 0.001087, -0.051414, 0.998677, -0.0, 0.0, 0.0, 0.0, 1.0],
                [1.0, 0.0, 0.0, -0.0, 0.0, 1.0, -0.0, 0.05, 0.0, 0.0, 1.0, 0.0, 0.0, 0.0, 0.0, 1.0],
                [0.993027, 0.116507, 0.017971, 0.0, -0.117857, 0.977846, 0.172991, 0.05, 0.002581, -0.173903, 0.984759, 0.0, 0.0, 0.0, 0.0, 1.0],
                [0.993027, 0.116507, 0.017971, 0.0, -0.117857, 0.977846, 0.172991, 0.05, 0.002581, -0.173903, 0.984759, 0.0, 0.0, 0.0, 0.0, 1.0],
                [1.0, -0.0, 0.0, -0.0, 0.0, 1.0, -0.0, 0.05, 0.0, 0.0, 1.0, 0.0, 0.0, 0.0, 0.0, 1.0],
                [1.0, -0.0, 0.0, -0.0, 0.0, 1.0, -0.0, 0.05, 0.0, 0.0, 1.0, 0.0, 0.0, 0.0, 0.0, 1.0]
            ]
        },
        {
            "name": "Chest",
            "time": [0.0, 0.0167, 0.0833, 0.1667, 0.25, 0.3333, 0.3667, 0.6667, 1.0],
            "transform": [
                [1.0, -0.0, 0.0, -0.0, -0.0, 0.99255, 0.121839, 0.3, -0.0, -0.121839, 0.99255, 0.0, 0.0, 0.0, 0.0, 1.0],
                [0.999999, -0.001368, -0.000262, 0.0, 0.00139, 0.992226, 0.124445, 0.3, 8.9e-05, -0.124445, 0.992227, -0.0, 0.0, 0.0, 0.0, 1.0],
                [0.999871, -0.015681, -0.003224, 0.0, 0.015989, 0.988296, 0.151708, 0.3, 0.000808, -0.15174, 0.98842, 0.0, 0.0, 0.0, 0.0, 1.0],
                [0.999866, -0.016035, -0.003303, -0.0, 0.016351, 0.988186, 0.152383, 0.3, 0.000821, -0.152417, 0.988316, -0.0, 0.0, 0.0, 0.0, 1.0],
                [0.999946, 0.008661, 0.005728, -0.0, -0.009422, 0.988657, 0.149897, 0.3, -0.004364, -0.149943, 0.988685, -0.0, 0.0, 0.0, 0.0, 1.0],
                [0.997967, 0.060716, 0.019338, -0.0, -0.063526, 0.971742, 0.227337, 0.3, -0.004989, -0.228103, 0.973625, -0.0, 0.0, 0.0, 0.0, 1.0],
                [0.997967, 0.060716, 0.019338, -0.0, -0.063526, 0.971742, 0.227337, 0.3, -0.004989, -0.228103, 0.973625, -0.0, 0.0, 0.0, 0.0, 1.0],
                [0.999946, 0.008661, 0.005728, -0.0, -0.009422, 0.988657, 0.149897, 0.3, -0.004364, -0.149943, 0.988685, 0.0, 0.0, 0.0, 0.0, 1.0],
                [0.999946, 0.008661, 0.005728, -0.0, -0.009422, 0.988657, 0.149897, 0.3, -0.004364, -0.149943, 0.988685, 0.0, 0.0, 0.0, 0.0, 1.0]
            ]
        },
        {
            "name": "Shoulder_R",
            "time": [0.0, 0.0167, 0.0833, 0.1667, 0.25, 0.3333, 0.3667, 0.6667, 1.0],
            "transform": [
                [-0.0, 0.963582, 0.267414, -0.0, 0.0, -0.267414, 0.963582, 0.4, 1.0, 0.0, -0.0, -0.0, 0.0, 0.0, 0.0, 1.0],
                [-0.0, 0.963582, 0.267415, -0.0, 0.0, -0.267414, 0.963582, 0.4, 1.0, 0.0, -0.0, 0.0, 0.0, 0.0, 0.0, 1.0],
                [-0.0, 0.963582, 0.267415, 0.0, 0.0, -0.267414, 0.963582, 0.4, 1.0, -0.0, -0.0, 0.0, 0.0, 0.0, 0.0, 1.0],
                [-0.0, 0.963582, 0.267415, 0.0, 0.0, -0.267414, 0.963582, 0.4, 1.0, -0.0, -0.0, 0.0, 0.0, 0.0, 0.0, 1.0],
                [-0.0, 0.963582, 0.267415, -0.0, 0.0, -0.267414, 0.963582, 0.4, 1.0, 0.0, -0.0, 0.0, 0.0, 0.0, 0.0, 1.0],
                [-0.0, 0.963582, 0.267415, -0.0, 0.0, -0.267414, 0.963582, 0.4, 1.0, 0.0, -0.0, 0.0, 0.0, 0.0, 0.0, 1.0],
                [-0.0, 0.963582, 0.267415, -0.0, 0.0, -0.267414, 0.963582, 0.4, 1.0, 0.0, -0.0, 0.0, 0.0, 0.0, 0.0, 1.0],
                [-0.0, 0.963582, 0.267415, -0.0, 0.0, -0.267414, 0.963582, 0.4, 1.0, 0.0, -0.0, -0.0, 0.0, 0.0, 0.0, 1.0],
                [-0.0, 0.963582, 0.267415, -0.0, 0.0, -0.267414, 0.963582, 0.4, 1.0, 0.0, -0.0, -0.0, 0.0, 0.0, 0.0, 1.0]
            ]
        },
        {
            "name": "Arm_R",
            "time": [0.0, 0.0167, 0.0833, 0.1667, 0.25, 0.3333, 0.3667, 0.6667, 1.0],
            "transform": [
                [-0.255542, 0.217441, -0.942028, 0.0, 0.829072, 0.550518, -0.097829, 0.325291, 0.497331, -0.806009, -0.320955, 0.0, 0.0, 0.0, 0.0, 1.0],
                [-0.282836, 0.074364, -0.956281, -0.0, 0.809215, 0.553756, -0.196277, 0.325291, 0.514951, -0.829352, -0.216798, -0.0, 0.0, 0.0, 0.0, 1.0],
                [-0.222708, -0.954043, 0.200511, -0.0, 0.545335, -0.292402, -0.785564, 0.325291, 0.808091, -0.065606, 0.585393, -0.0, 0.0, 0.0, 0.0, 1.0],
                [-0.220185, -0.946134, 0.237381, -0.0, 0.54558, -0.321179, -0.774071, 0.325291, 0.808617, -0.040929, 0.586911, 0.0, 0.0, 0.0, 0.0, 1.0],
                [0.551389, 0.438592, -0.709653, -0.0, 0.768878, 0.062918, 0.636292, 0.325291, 0.323722, -0.896481, -0.302532, -0.0, 0.0, 0.0, 0.0, 1.0],
                [0.575082, 0.337609, -0.745185, 0.0, 0.753835, 0.135189, 0.643006, 0.325291, 0.317825, -0.931528, -0.176757, 0.0, 0.0, 0.0, 0.0, 1.0],
                [0.575082, 0.337609, -0.745185, 0.0, 0.753835, 0.135189, 0.643006, 0.325291, 0.317825, -0.931528, -0.176757, 0.0, 0.0, 0.0, 0.0, 1.0],
                [0.020614, 0.483146, -0.875297, 0.0, 0.784163, 0.535288, 0.313935, 0.325291, 0.620213, -0.692847, -0.36783, -0.0, 0.0, 0.0, 0.0, 1.0],
                [0.020614, 0.483146, -0.875297, 0.0, 0.784163, 0.535288, 0.313935, 0.325291, 0.620213, -0.692847, -0.36783, -0.0, 0.0, 0.0, 0.0, 1.0]
            ]
        },
        {
            "name": "Hand_R",
            "time": [0.0, 0.0167, 0.0833, 0.1667, 0.25, 0.3333, 0.3667, 0.6667, 1.0],
            "transform": [
                [1.0, -0.0, -0.0, -0.0, 0.0, 0.899874, -0.436149, 0.880269, 0.0, 0.436149, 0.899874, 0.0, 0.0, 0.0, 0.0, 1.0],
                [1.0, -0.0, -0.0, -0.0, 0.0, 0.895106, -0.445853, 0.880269, 0.0, 0.445852, 0.895106, 0.0, 0.0, 0.0, 0.0, 1.0],
                [1.0, -0.0, -0.0, -0.0, 0.0, 0.818717, -0.574196, 0.880269, 0.0, 0.574196, 0.818718, -0.0, 0.0, 0.0, 0.0, 1.0],
                [1.0, -0.0, 0.0, 0.0, 0.0, 0.788129, -0.615509, 0.880269, 0.0, 0.615509, 0.788129, 0.0, 0.0, 0.0, 0.0, 1.0],
                [1.0, -0.0, 0.0, -0.0, 0.0, 0.027334, -0.999627, 0.880269, 0.0, 0.999626, 0.027334, -0.0, 0.0, 0.0, 0.0, 1.0],
                [1.0, -0.0, 0.0, 0.0, 0.0, 0.027334, -0.999626, 0.880269, 0.0, 0.999626, 0.027334, 0.0, 0.0, 0.0, 0.0, 1.0],
                [1.0, -0.0, 0.0, 0.0, 0.0, 0.027334, -0.999626, 0.880269, 0.0, 0.999626, 0.027334, 0.0, 0.0, 0.0, 0.0, 1.0],
                [1.0, -0.0, 0.0, 0.0, -0.0, 0.027334, -0.999626, 0.880269, 0.0, 0.999626, 0.027334, 0.0, 0.0, 0.0, 0.0, 1.0],
                [1.0, -0.0, 0.0, 0.0, -0.0, 0.027334, -0.999626, 0.880269, 0.0, 0.999626, 0.027334, 0.0, 0.0, 0.0, 0.0, 1.0]
            ]
        },
        {
            "name": "Tool_R",
            "time": [0.0, 1.0],
            "transform": [
                [1.0, 0.0, 0.0, 0.0, -0.0, -0.999315, -0.036999, 0.93026, 0.0, 0.036999, -0.999342, -0.0, 0.0, 0.0, 0.0, 1.0],
                [1.0, 0.0, 0.0, 0.0, -0.0, -0.999315, -0.036999, 0.93026, 0.0, 0.036999, -0.999342, -0.0, 0.0, 0.0, 0.0, 1.0]
            ]
        },
        {
            "name": "Elbow_R",
            "time": [0.0, 0.0167, 0.0833, 0.1667, 0.25, 0.3333, 0.3667, 0.6667, 1.0],
            "transform": [
                [-1.0, 0.0, 0.0, 0.0, -0.0, -0.0, -1.0, 0.895661, -0.0, -1.0, 0.0, -0.0, 0.0, 0.0, 0.0, 1.0],
                [-1.0, 0.0, 0.0, -0.0, -0.0, -0.0, -1.0, 0.896006, -0.0, -1.0, 0.0, 0.0, 0.0, 0.0, 0.0, 1.0],
                [-1.0, 0.0, -0.0, -0.0, -0.0, 0.0, -1.0, 0.900764, -0.0, -1.0, 0.0, -0.0, 0.0, 0.0, 0.0, 1.0],
                [-1.0, 0.0, 0.0, -0.0, -0.0, 0.0, -1.0, 0.902401, -0.0, -0.999999, 0.0, -0.0, 0.0, 0.0, 0.0, 1.0],
                [-1.0, 0.0, 0.0, 0.0, -0.0, 0.0, -1.0, 0.930269, -0.0, -1.0, -0.0, -0.0, 0.0, 0.0, 0.0, 1.0],
                [-1.0, 0.0, 0.0, 0.0, -0.0, -0.0, -1.0, 0.930269, -0.0, -1.0, 0.0, -0.0, 0.0, 0.0, 0.0, 1.0],
                [-1.0, 0.0, 0.0, 0.0, -0.0, -0.0, -1.0, 0.930269, -0.0, -1.0, 0.0, -0.0, 0.0, 0.0, 0.0, 1.0],
                [-1.0, 0.0, 0.0, -0.0, 0.0, 0.0, -1.0, 0.930269, -0.0, -1.0, 0.0, 0.0, 0.0, 0.0, 0.0, 1.0],
                [-1.0, 0.0, 0.0, -0.0, 0.0, 0.0, -1.0, 0.930269, -0.0, -1.0, 0.0, 0.0, 0.0, 0.0, 0.0, 1.0]
            ]
        },
        {
            "name": "Shoulder_L",
            "time": [0.0, 0.0167, 0.0833, 0.1667, 0.25, 0.3333, 0.3667, 0.6667, 1.0],
            "transform": [
                [-0.0, -0.963582, -0.267415, -0.0, -0.0, -0.267415, 0.963582, 0.4, -1.0, 0.0, -0.0, -0.0, 0.0, 0.0, 0.0, 1.0],
                [-0.0, -0.963582, -0.267415, -0.0, -0.0, -0.267415, 0.963582, 0.4, -1.0, 0.0, -0.0, 0.0, 0.0, 0.0, 0.0, 1.0],
                [-0.0, -0.963582, -0.267415, 0.0, -0.0, -0.267415, 0.963582, 0.4, -1.0, 0.0, -0.0, 0.0, 0.0, 0.0, 0.0, 1.0],
                [-0.0, -0.963582, -0.267415, 0.0, -0.0, -0.267415, 0.963582, 0.4, -1.0, 0.0, -0.0, 0.0, 0.0, 0.0, 0.0, 1.0],
                [-0.0, -0.963582, -0.267415, -0.0, -0.0, -0.267415, 0.963582, 0.4, -1.0, 0.0, -0.0, 0.0, 0.0, 0.0, 0.0, 1.0],
                [-0.0, -0.963582, -0.267415, -0.0, -0.0, -0.267415, 0.963582, 0.4, -1.0, 0.0, -0.0, 0.0, 0.0, 0.0, 0.0, 1.0],
                [-0.0, -0.963582, -0.267415, -0.0, -0.0, -0.267415, 0.963582, 0.4, -1.0, 0.0, -0.0, 0.0, 0.0, 0.0, 0.0, 1.0],
                [-0.0, -0.963582, -0.267415, -0.0, -0.0, -0.267415, 0.963582, 0.4, -1.0, 0.0, -0.0, -0.0, 0.0, 0.0, 0.0, 1.0],
                [-0.0, -0.963582, -0.267415, -0.0, -0.0, -0.267415, 0.963582, 0.4, -1.0, 0.0, -0.0, -0.0, 0.0, 0.0, 0.0, 1.0]
            ]
        },
        {
            "name": "Arm_L",
            "time": [0.0, 0.0167, 0.0833, 0.1667, 0.25, 0.3333, 0.3667, 0.6667, 1.0],
            "transform": [
                [0.243451, -0.061667, 0.967951, 0.0, -0.910549, 0.329251, 0.24999, 0.325291, -0.334115, -0.942227, 0.024006, -0.0, 0.0, 0.0, 0.0, 1.0],
                [0.240147, 0.019789, 0.970535, 0.0, -0.884805, 0.415725, 0.210458, 0.325291, -0.399311, -0.909275, 0.117345, -0.0, 0.0, 0.0, 0.0, 1.0],
                [0.525476, 0.688125, 0.500359, -0.0, -0.320477, 0.704869, -0.632815, 0.325291, -0.788144, 0.172176, 0.590919, -0.0, 0.0, 0.0, 0.0, 1.0],
                [0.502058, 0.716716, 0.484001, 0.0, -0.300829, 0.669426, -0.679243, 0.325291, -0.810827, 0.195418, 0.551699, 0.0, 0.0, 0.0, 0.0, 1.0],
                [-0.48081, -0.242517, 0.842619, 0.0, -0.746418, 0.617459, -0.248204, 0.325291, -0.46009, -0.748285, -0.477899, -0.0, 0.0, 0.0, 0.0, 1.0],
                [-0.467451, -0.138068, 0.873171, 0.0, -0.759052, 0.56898, -0.316389, 0.325291, -0.453134, -0.810678, -0.370771, -0.0, 0.0, 0.0, 0.0, 1.0],
                [-0.467451, -0.138068, 0.873171, 0.0, -0.759052, 0.56898, -0.316389, 0.325291, -0.453134, -0.810678, -0.370771, -0.0, 0.0, 0.0, 0.0, 1.0],
                [-0.211665, -0.342646, 0.91531, 0.0, -0.828083, 0.560308, 0.018257, 0.325291, -0.519111, -0.754088, -0.402337, 0.0, 0.0, 0.0, 0.0, 1.0],
                [-0.211665, -0.342646, 0.91531, 0.0, -0.828083, 0.560308, 0.018257, 0.325291, -0.519111, -0.754088, -0.402337, 0.0, 0.0, 0.0, 0.0, 1.0]
            ]
        },
        {
            "name": "Hand_L",
            "time": [0.0, 0.0167, 0.0833, 0.1667, 0.25, 0.3333, 0.3667, 0.6667, 1.0],
            "transform": [
                [1.0, 0.0, 0.0, 0.0, 0.0, 0.939949, -0.341317, 0.880269, -0.0, 0.341317, 0.939948, -0.0, 0.0, 0.0, 0.0, 1.0],
                [1.0, 0.0, 0.0, 0.0, 0.0, 0.93446, -0.356068, 0.880269, -0.0, 0.356068, 0.93446, 0.0, 0.0, 0.0, 0.0, 1.0],
                [1.0, 0.0, 0.0, -0.0, 0.0, 0.835274, -0.549834, 0.880269, -0.0, 0.549834, 0.835274, 0.0, 0.0, 0.0, 0.0, 1.0],
                [1.0, 0.0, 0.0, -0.0, 0.0, 0.791779, -0.610808, 0.880269, -0.0, 0.610809, 0.791778, -0.0, 0.0, 0.0, 0.0, 1.0],
                [1.0, 0.0, -0.0, 0.0, 0.0, -0.259402, -0.965769, 0.880269, -0.0, 0.96577, -0.259402, 0.0, 0.0, 0.0, 0.0, 1.0],
                [1.0, 0.0, -0.0, -0.0, 0.0, -0.259402, -0.965769, 0.880269, -0.0, 0.96577, -0.259402, -0.0, 0.0, 0.0, 0.0, 1.0],
                [1.0, 0.0, -0.0, -0.0, 0.0, -0.259402, -0.965769, 0.880269, -0.0, 0.96577, -0.259402, -0.0, 0.0, 0.0, 0.0, 1.0],
                [1.0, 0.0, 0.0, -0.0, 0.0, -0.259402, -0.965769, 0.880269, -0.0, 0.96577, -0.259402, 0.0, 0.0, 0.0, 0.0, 1.0],
                [1.0, 0.0, 0.0, -0.0, 0.0, -0.259402, -0.965769, 0.880269, -0.0, 0.96577, -0.259402, 0.0, 0.0, 0.0, 0.0, 1.0]
            ]
        },
        {
            "name": "Tool_L",
            "time": [0.0, 1.0],
            "transform": [
                [1.0, -0.0, 0.0, 0.0, -0.0, -0.999315, -0.036999, 0.93026, 0.0, 0.036999, -0.999343, 0.0, 0.0, 0.0, 0.0, 1.0],
                [1.0, -0.0, 0.0, 0.0, -0.0, -0.999315, -0.036999, 0.93026, 0.0, 0.036999, -0.999343, -0.0, 0.0, 0.0, 0.0, 1.0]
            ]
        },
        {
            "name": "Elbow_L",
            "time": [0.0, 0.0167, 0.0833, 0.1667, 0.25, 0.3333, 0.3667, 0.6667, 1.0],
            "transform": [
                [-1.0, 0.0, 0.0, 0.0, -0.0, 0.0, -1.0, 0.895291, -0.0, -1.0, -0.0, 0.0, 0.0, 0.0, 0.0, 1.0],
                [-1.0, 0.0, 0.0, 0.0, -0.0, 0.0, -1.0, 0.895912, -0.0, -1.0, -0.0, 0.0, 0.0, 0.0, 0.0, 1.0],
                [-1.0, 0.0, -0.0, 0.0, 0.0, 0.0, -1.0, 0.90452, -0.0, -1.0, -0.0, -0.0, 0.0, 0.0, 0.0, 1.0],
                [-1.0, 0.0, 0.0, -0.0, -0.0, 0.0, -1.0, 0.907477, -0.0, -1.0, -0.0, -0.0, 0.0, 0.0, 0.0, 1.0],
                [-1.0, 0.0, 0.0, 0.0, -0.0, 0.0, -1.0, 0.942269, -0.0, -1.0, -0.0, 0.0, 0.0, 0.0, 0.0, 1.0],
                [-1.0, 0.0, 0.0, -0.0, -0.0, 0.0, -1.0, 0.942269, -0.0, -1.0, -0.0, -0.0, 0.0, 0.0, 0.0, 1.0],
                [-1.0, 0.0, 0.0, -0.0, -0.0, 0.0, -1.0, 0.942269, -0.0, -1.0, -0.0, -0.0, 0.0, 0.0, 0.0, 1.0],
                [-1.0, 0.0, 0.0, 0.0, -0.0, 0.0, -1.0, 0.942269, -0.0, -1.0, -0.0, 0.0, 0.0, 0.0, 0.0, 1.0],
                [-1.0, 0.0, 0.0, 0.0, -0.0, 0.0, -1.0, 0.942269, -0.0, -1.0, -0.0, 0.0, 0.0, 0.0, 0.0, 1.0]
            ]
        },
        {
            "name": "Head",
            "time": [0.0, 0.0167, 0.0833, 0.1667, 0.25, 0.3333, 0.3667, 0.6667, 1.0],
            "transform": [
                [0.882986, -0.00353, 0.469385, -0.0, 0.087602, 0.983642, -0.157396, 0.4, -0.461152, 0.180098, 0.868852, -0.0, 0.0, 0.0, 0.0, 1.0],
                [0.883033, -0.000291, 0.46931, -0.0, 0.088383, 0.98221, -0.165688, 0.4, -0.460913, 0.187787, 0.86735, 0.0, 0.0, 0.0, 0.0, 1.0],
                [0.883591, 0.037609, 0.466746, 0.0, 0.092607, 0.963047, -0.252912, 0.4, -0.45901, 0.266695, 0.847457, 0.0, 0.0, 0.0, 0.0, 1.0],
                [0.883511, 0.043949, 0.466345, 0.0, 0.087573, 0.962537, -0.256621, 0.4, -0.460152, 0.267567, 0.846562, 0.0, 0.0, 0.0, 0.0, 1.0],
                [0.826179, 0.016131, -0.563177, -0.0, -0.113068, 0.984001, -0.137687, 0.4, 0.551945, 0.177432, 0.814785, 0.0, 0.0, 0.0, 0.0, 1.0],
                [0.826187, -0.139864, -0.545759, -0.0, -0.112936, 0.90792, -0.403642, 0.4, 0.551961, 0.39512, 0.734316, 0.0, 0.0, 0.0, 0.0, 1.0],
                [0.826187, -0.139864, -0.545759, -0.0, -0.112936, 0.90792, -0.403642, 0.4, 0.551961, 0.39512, 0.734316, 0.0, 0.0, 0.0, 0.0, 1.0],
                [0.957167, 0.003646, -0.289513, -0.0, -0.0531, 0.985172, -0.16315, 0.4, 0.284625, 0.171535, 0.943167, -0.0, 0.0, 0.0, 0.0, 1.0],
                [0.957167, 0.003646, -0.289513, -0.0, -0.0531, 0.985172, -0.16315, 0.4, 0.284625, 0.171535, 0.943167, -0.0, 0.0, 0.0, 0.0, 1.0]
            ]
        },
        {
            "name": "Head_Top",
            "time": [0.0, 0.0167, 0.0833, 0.1667, 0.25, 0.3333, 0.3667, 0.6667, 1.0],
            "transform": [
                [1.0, 0.0, -0.0, -0.0, -0.0, 1.0, -0.0, 0.196375, 0.0, -0.0, 1.0, 0.0, 0.0, 0.0, 0.0, 1.0],
                [1.0, 0.0, 0.0, 0.0, -0.0, 1.0, -0.0, 0.196375, -0.0, -0.0, 1.0, -0.0, 0.0, 0.0, 0.0, 1.0],
                [1.0, 0.0, -0.0, 0.0, 0.0, 1.0, -0.0, 0.196375, 0.0, 0.0, 1.0, -0.0, 0.0, 0.0, 0.0, 1.0],
                [1.0, 0.0, 0.0, 0.0, -0.0, 1.0, 0.0, 0.196375, 0.0, -0.0, 1.0, 0.0, 0.0, 0.0, 0.0, 1.0],
                [1.0, -0.0, 0.0, 0.0, 0.0, 1.0, -0.0, 0.196376, 0.0, -0.0, 1.0, -0.0, 0.0, 0.0, 0.0, 1.0],
                [1.0, -0.0, -0.0, 0.0, 0.0, 1.0, -0.0, 0.196376, 0.0, 0.0, 1.0, -0.0, 0.0, 0.0, 0.0, 1.0],
                [1.0, -0.0, -0.0, 0.0, 0.0, 1.0, -0.0, 0.196376, 0.0, 0.0, 1.0, -0.0, 0.0, 0.0, 0.0, 1.0],
                [1.0, -0.0, 0.0, 0.0, 0.0, 1.0, -0.0, 0.196376, -0.0, 0.0, 1.0, 0.0, 0.0, 0.0, 0.0, 1.0],
                [1.0, -0.0, 0.0, 0.0, 0.0, 1.0, -0.0, 0.196376, -0.0, 0.0, 1.0, 0.0, 0.0, 0.0, 0.0, 1.0]
            ]
        }
    ]
}