{
    "animation": [
        {
            "name": "Root",
            "time": [0.0, 0.1167, 0.3, 0.4167, 0.65, 0.7667, 0.9, 1.3167, 1.6667, 2.0],
            "transform": [
                [1.0, 0.0, 0.0, -5e-06, 0.0, 0.173202, -0.984886, -0.622474, -0.0, 0.984886, 0.173202, 1.763844, 0.0, 0.0, 0.0, 1.0],
                [1.0, 0.0, 0.0, -5e-06, -0.0, 0.448209, -0.893929, -0.863233, -0.0, 0.893929, 0.448209, 1.605162, 0.0, 0.0, 0.0, 1.0],
                [1.0, 0.0, 0.0, -5e-06, 0.0, -0.446505, -0.894781, -1.414791, -0.0, 0.894781, -0.446505, 1.469899, 0.0, 0.0, 0.0, 1.0],
                [1.0, 0.0, 0.0, -5e-06, 0.0, 0.05486, -0.998494, -1.661023, -0.0, 0.998494, 0.05486, 1.251027, 0.0, 0.0, 0.0, 1.0],
                [0.98776, -0.0, 0.155979, -5e-06, 0.137976, 0.466386, -0.873754, -2.421604, -0.072746, 0.884581, 0.460678, 0.999323, 0.0, 0.0, 0.0, 1.0],
                [0.974515, -0.0, 0.224322, -5e-06, 0.198431, 0.466386, -0.862038, -2.443491, -0.104621, 0.884581, 0.4545, 0.950077, 0.0, 0.0, 0.0, 1.0],
                [0.974515, -0.0, 0.224322, -5e-06, 0.198431, 0.466386, -0.862038, -2.46173, -0.104621, 0.884581, 0.4545, 0.899919, 0.0, 0.0, 0.0, 1.0],
                [0.974515, -0.0, 0.224322, -5e-06, 0.198431, 0.466386, -0.862038, -2.46173, -0.104621, 0.884581, 0.4545, 0.899919, 0.0, 0.0, 0.0, 1.0],
                [0.994218, 0.004081, 0.107304, -5e-06, 0.096756, 0.399366, -0.911672, -1.903081, -0.046574, 0.916783, 0.396661, 1.309648, 0.0, 0.0, 0.0, 1.0],
                [0.999998, -0.0, -0.002069, -5e-06, -0.001949, 0.335557, -0.942018, -2.008664, 0.000694, 0.94202, 0.335556, 1.852014, 0.0, 0.0, 0.0, 1.0]
            ]
        },
        {
            "name": "Thigh_R",
            "time": [0.0, 0.1167, 0.1833, 0.25, 0.3, 0.4167, 0.5333, 0.65, 0.7667, 0.9, 1.3167, 1.5, 1.6667, 1.8333, 2.0],
            "transform": [
                [0.983813, 0.033507, -0.176038, 0.124994, 0.173497, -0.42393, 0.888922, -0.061515, -0.044843, -0.905074, -0.422882, -1.2e-05, 0.0, 0.0, 0.0, 1.0],
                [0.96465, 0.191309, 0.181249, 0.124994, 0.129401, -0.942991, 0.306629, -0.061515, 0.229578, -0.272335, -0.934413, -1.2e-05, 0.0, 0.0, 0.0, 1.0],
                [0.962195, 0.231675, 0.143207, 0.124994, 0.178474, -0.933493, 0.311026, -0.061515, 0.20574, -0.273709, -0.93955, -1.2e-05, 0.0, 0.0, 0.0, 1.0],
                [0.960192, 0.254005, 0.116248, 0.124994, 0.254788, -0.96696, 0.008319, -0.061515, 0.11452, 0.021631, -0.993185, -1.2e-05, 0.0, 0.0, 0.0, 1.0],
                [0.960938, 0.263335, 0.085167, 0.124994, 0.263388, -0.964628, 0.010818, -0.061515, 0.085003, 0.012037, -0.996308, -1.2e-05, 0.0, 0.0, 0.0, 1.0],
                [0.966622, 0.254262, -0.031508, 0.124994, 0.180489, -0.5885, 0.788094, -0.061515, 0.18184, -0.767475, -0.614749, -1.2e-05, 0.0, 0.0, 0.0, 1.0],
                [0.821446, 0.403132, -0.403375, 0.124994, 0.389297, 0.120492, 0.913198, -0.061515, 0.416743, -0.907174, -0.05796, -1.2e-05, 0.0, 0.0, 0.0, 1.0],
                [0.563744, 0.759707, 0.324094, 0.124994, 0.437741, -0.607562, 0.66276, -0.061515, 0.700411, -0.231758, -0.675065, -1.2e-05, 0.0, 0.0, 0.0, 1.0],
                [0.270839, 0.870531, 0.410879, 0.124994, 0.427113, -0.49119, 0.759149, -0.061515, 0.862683, -0.030116, -0.504848, -1.3e-05, 0.0, 0.0, 0.0, 1.0],
                [0.149097, 0.908962, 0.389303, 0.124994, 0.420718, -0.414603, 0.806908, -0.061515, 0.894856, 0.043479, -0.444233, -1.3e-05, 0.0, 0.0, 0.0, 1.0],
                [0.149097, 0.908962, 0.389303, 0.124994, 0.420718, -0.414603, 0.806908, -0.061515, 0.894856, 0.043479, -0.444233, -1.3e-05, 0.0, 0.0, 0.0, 1.0],
                [0.325109, 0.89294, 0.311386, 0.124994, 0.335105, -0.416686, 0.845031, -0.061515, 0.884313, -0.17038, -0.434698, -1.3e-05, 0.0, 0.0, 0.0, 1.0],
                [0.718113, 0.506149, 0.477626, 0.124994, 0.034187, -0.711144, 0.702214, -0.061515, 0.695086, -0.48794, -0.527986, -1.2e-05, 0.0, 0.0, 0.0, 1.0],
                [0.960079, 0.15294, 0.234218, 0.124994, 0.011659, -0.858451, 0.512762, -0.061515, 0.279487, -0.48956, -0.825964, -1.2e-05, 0.0, 0.0, 0.0, 1.0],
                [0.9997, 0.021512, -0.011674, 0.124994, 0.023511, -0.976621, 0.213673, -0.061515, -0.006804, -0.213883, -0.976836, -1.2e-05, 0.0, 0.0, 0.0, 1.0]
            ]
        },
        {
            "name": "Leg_R",
            "time": [0.0, 0.1167, 0.1833, 0.25, 0.3, 0.4167, 0.5333, 0.65, 0.7667, 0.9, 1.3167, 1.5, 1.6667, 1.8333, 2.0],
            "transform": [
                [1.0, 0.0, 0.0, 0.0, -0.0, -0.271827, 0.962345, 0.906668, 0.0, -0.962347, -0.271827, 0.0, 0.0, 0.0, 0.0, 1.0],
                [1.0, 0.0, 0.0, 0.0, -0.0, 0.821395, 0.570361, 0.906668, 0.0, -0.570362, 0.821393, -0.0, 0.0, 0.0, 0.0, 1.0],
                [1.0, 0.0, 0.0, 0.0, -0.0, 0.571004, 0.820947, 0.906668, 0.0, -0.820948, 0.571003, -0.0, 0.0, 0.0, 0.0, 1.0],
                [1.0, 0.0, 0.0, -0.0, -0.0, 0.393649, 0.91926, 0.906668, 0.0, -0.919262, 0.393648, 0.0, 0.0, 0.0, 0.0, 1.0],
                [1.0, 0.0, 0.0, -0.0, -0.0, 0.252568, 0.967579, 0.906668, 0.0, -0.96758, 0.252568, -0.0, 0.0, 0.0, 0.0, 1.0],
                [1.0, 0.0, 0.0, 0.0, -0.0, -0.150519, 0.988607, 0.906668, 0.0, -0.988608, -0.150518, 0.0, 0.0, 0.0, 0.0, 1.0],
                [1.0, -0.0, 0.0, 0.0, -0.0, -0.468745, 0.883333, 0.906668, 0.0, -0.883335, -0.468744, 0.0, 0.0, 0.0, 0.0, 1.0],
                [1.0, 0.0, 0.0, 0.0, -0.0, 0.07845, 0.996917, 0.906668, 0.0, -0.996919, 0.07845, 0.0, 0.0, 0.0, 0.0, 1.0],
                [1.0, 0.0, 0.0, 0.0, -0.0, 0.009069, 0.999958, 0.906668, 0.0, -0.99996, 0.009069, -0.0, 0.0, 0.0, 0.0, 1.0],
                [1.0, 0.0, -0.0, 0.0, 0.0, -0.058569, 0.998282, 0.906668, 0.0, -0.998284, -0.058569, 0.0, 0.0, 0.0, 0.0, 1.0],
                [1.0, 0.0, -0.0, 0.0, 0.0, -0.058569, 0.998282, 0.906668, 0.0, -0.998284, -0.058569, 0.0, 0.0, 0.0, 0.0, 1.0],
                [1.0, 0.0, 0.0, 0.0, -0.0, -0.371575, 0.928403, 0.906668, 0.0, -0.928404, -0.371574, -0.0, 0.0, 0.0, 0.0, 1.0],
                [1.0, 0.0, 0.0, 0.0, -0.0, 0.072655, 0.997356, 0.906668, 0.0, -0.997358, 0.072655, 0.0, 0.0, 0.0, 0.0, 1.0],
                [1.0, 0.0, 0.0, -0.0, -0.0, 0.602219, 0.798331, 0.906668, 0.0, -0.798332, 0.602218, -0.0, 0.0, 0.0, 0.0, 1.0],
                [1.0, 0.0, -0.0, 0.0, -0.0, 0.974934, 0.222497, 0.906668, 0.0, -0.222497, 0.974933, -0.0, 0.0, 0.0, 0.0, 1.0]
            ]
        },
        {
            "name": "Knee_R",
            "time": [0.0, 0.1167, 0.1833, 0.25, 0.3, 0.4167, 0.5333, 0.65, 0.7667, 0.9, 1.3167, 1.5, 1.6667, 1.8333, 2.0],
            "transform": [
                [1.0, -0.0, -0.0, 0.0, -0.0, 0.0, -1.0, 0.968668, 0.0, 1.0, 0.0, -0.0, 0.0, 0.0, 0.0, 1.0],
                [1.0, -0.0, -0.0, 0.0, -0.0, 0.0, -1.0, 0.927907, 0.0, 1.0, 0.0, 0.0, 0.0, 0.0, 0.0, 1.0],
                [1.0, -0.0, -0.0, 0.0, -0.0, 0.0, -1.0, 0.942967, 0.0, 1.0, 0.0, -0.0, 0.0, 0.0, 0.0, 1.0],
                [1.0, -0.0, -0.0, -0.0, -0.0, 0.0, -1.0, 0.951558, 0.0, 1.0, 0.0, 0.0, 0.0, 0.0, 0.0, 1.0],
                [1.0, -0.0, -0.0, 0.0, -0.0, 0.0, -1.0, 0.95787, 0.0, 1.0, 0.0, -0.0, 0.0, 0.0, 0.0, 1.0],
                [1.0, -0.0, -0.0, 0.0, -0.0, 0.0, -1.0, 0.968668, 0.0, 1.0, 0.0, 0.0, 0.0, 0.0, 0.0, 1.0],
                [1.0, -0.0, -0.0, 0.0, -0.0, 0.0, -1.0, 0.968668, 0.0, 1.0, 0.0, 0.0, 0.0, 0.0, 0.0, 1.0],
                [1.0, -0.0, -0.0, 0.0, -0.0, 0.0, -1.0, 0.965347, 0.0, 1.0, 0.0, -0.0, 0.0, 0.0, 0.0, 1.0],
                [1.0, -0.0, -0.0, 0.0, -0.0, 0.0, -1.0, 0.968285, 0.0, 1.0, 0.0, -0.0, 0.0, 0.0, 0.0, 1.0],
                [1.0, -0.0, -0.0, 0.0, -0.0, 0.0, -1.0, 0.968668, 0.0, 1.0, 0.0, -0.0, 0.0, 0.0, 0.0, 1.0],
                [1.0, -0.0, -0.0, 0.0, -0.0, 0.0, -1.0, 0.968668, 0.0, 1.0, 0.0, -0.0, 0.0, 0.0, 0.0, 1.0],
                [1.0, -0.0, -0.0, 0.0, -0.0, 0.0, -1.0, 0.968668, 0.0, 1.0, 0.0, -0.0, 0.0, 0.0, 0.0, 1.0],
                [1.0, -0.0, -0.0, 0.0, -0.0, 0.0, -1.0, 0.965593, 0.0, 1.0, 0.0, 0.0, 0.0, 0.0, 0.0, 1.0],
                [1.0, -0.0, -0.0, 0.0, -0.0, 0.0, -1.0, 0.941337, 0.0, 1.0, 0.0, -0.0, 0.0, 0.0, 0.0, 1.0],
                [1.0, -0.0, -0.0, -0.0, -0.0, 0.0, -1.0, 0.911728, 0.0, 1.0, 0.0, 0.0, 0.0, 0.0, 0.0, 1.0]
            ]
        },
        {
            "name": "Thigh_L",
            "time": [0.0, 0.1167, 0.1833, 0.25, 0.3, 0.4167, 0.5333, 0.65, 0.7667, 0.9, 1.3167, 1.5, 1.6667, 1.8333, 2.0],
            "transform": [
                [0.992356, -0.088027, 0.086492, -0.125006, -0.122688, -0.779291, 0.614535, -0.061515, 0.013307, -0.620449, -0.784134, -1.2e-05, 0.0, 0.0, 0.0, 1.0],
                [0.988764, -0.073162, 0.130356, -0.125006, -0.147764, -0.346445, 0.926359, -0.061515, -0.022613, -0.935213, -0.353363, -1.2e-05, 0.0, 0.0, 0.0, 1.0],
                [0.994151, -0.094002, 0.053181, -0.125006, -0.098866, -0.593851, 0.798478, -0.061515, -0.043477, -0.799065, -0.599671, -1.2e-05, 0.0, 0.0, 0.0, 1.0],
                [0.994225, -0.091611, 0.055897, -0.125006, -0.100689, -0.616059, 0.781238, -0.061515, -0.037134, -0.782354, -0.621725, -1.2e-05, 0.0, 0.0, 0.0, 1.0],
                [0.994117, -0.106022, 0.022162, -0.125006, -0.083306, -0.617651, 0.782028, -0.061515, -0.069224, -0.779273, -0.622849, -1.2e-05, 0.0, 0.0, 0.0, 1.0],
                [0.854609, -0.504364, 0.123529, -0.125006, -0.37489, -0.434672, 0.818851, -0.061514, -0.359305, -0.746108, -0.560556, -1.2e-05, 0.0, 0.0, 0.0, 1.0],
                [0.913317, -0.339011, 0.225662, -0.125006, -0.173441, 0.177557, 0.968706, -0.061514, -0.368471, -0.923875, 0.103368, -1.3e-05, 0.0, 0.0, 0.0, 1.0],
                [0.957131, -0.27533, 0.08996, -0.125006, 0.031462, 0.40756, 0.912636, -0.061515, -0.287941, -0.870683, 0.398751, -1.2e-05, 0.0, 0.0, 0.0, 1.0],
                [0.968486, -0.247486, 0.028031, -0.125006, 0.088444, 0.446932, 0.890185, -0.061515, -0.232836, -0.859652, 0.454736, -1.3e-05, 0.0, 0.0, 0.0, 1.0],
                [0.963436, -0.267495, 0.015438, -0.125006, 0.122265, 0.490168, 0.86301, -0.061515, -0.238418, -0.829567, 0.50495, -1.3e-05, 0.0, 0.0, 0.0, 1.0],
                [0.963436, -0.267495, 0.015438, -0.125006, 0.122265, 0.490168, 0.86301, -0.061515, -0.238418, -0.829567, 0.50495, -1.3e-05, 0.0, 0.0, 0.0, 1.0],
                [0.925826, -0.374299, 0.052397, -0.125006, 0.074618, 0.316928, 0.94551, -0.061515, -0.37051, -0.871468, 0.32135, -1.3e-05, 0.0, 0.0, 0.0, 1.0],
                [0.930868, -0.346086, 0.117087, -0.125006, -0.152412, -0.076581, 0.985346, -0.061515, -0.332048, -0.935072, -0.124035, -1.3e-05, 0.0, 0.0, 0.0, 1.0],
                [0.986227, -0.140741, 0.086883, -0.125006, -0.138113, -0.411738, 0.900775, -0.061515, -0.091003, -0.900368, -0.425506, -1.2e-05, 0.0, 0.0, 0.0, 1.0],
                [0.999926, -0.008355, 0.008834, -0.125006, -0.012124, -0.73999, 0.672508, -0.061515, 0.000919, -0.672566, -0.740037, -1.2e-05, 0.0, 0.0, 0.0, 1.0]
            ]
        },
        {
            "name": "Leg_L",
            "time": [0.0, 0.1167, 0.1833, 0.25, 0.3, 0.4167, 0.5333, 0.65, 0.7667, 0.9, 1.3167, 1.5, 1.6667, 1.8333, 2.0],
            "transform": [
                [1.0, 0.0, 1e-06, -0.0, -0.0, 0.961146, 0.276041, 0.906668, -1e-06, -0.276041, 0.961146, -0.0, 0.0, 0.0, 0.0, 1.0],
                [1.0, -0.0, 1e-06, -0.0, -0.0, 0.899129, 0.437684, 0.906668, -1e-06, -0.437684, 0.899129, 0.0, 0.0, 0.0, 0.0, 1.0],
                [1.0, 0.0, 1e-06, -0.0, -0.0, 0.980001, 0.19899, 0.906668, -1e-06, -0.19899, 0.980002, 0.0, 0.0, 0.0, 0.0, 1.0],
                [1.0, -0.0, 1e-06, 0.0, -0.0, 0.728037, 0.685537, 0.906668, -1e-06, -0.685537, 0.728038, -0.0, 0.0, 0.0, 0.0, 1.0],
                [1.0, -0.0, 1e-06, 0.0, -0.0, 0.712488, 0.701684, 0.906668, -1e-06, -0.701684, 0.712488, 0.0, 0.0, 0.0, 0.0, 1.0],
                [1.0, -1e-06, 0.0, 0.0, -0.0, -0.002298, 0.999998, 0.906668, -0.0, -0.999997, -0.002298, 0.0, 0.0, 0.0, 0.0, 1.0],
                [1.0, -1e-06, 0.0, -0.0, -0.0, -0.002826, 0.999996, 0.906668, -1e-06, -0.999996, -0.002826, 0.0, 0.0, 0.0, 0.0, 1.0],
                [1.0, -0.0, 0.0, 0.0, -0.0, 0.168019, 0.985784, 0.906668, -1e-06, -0.985783, 0.168019, -0.0, 0.0, 0.0, 0.0, 1.0],
                [1.0, -0.0, 0.0, -0.0, -0.0, 0.152022, 0.988377, 0.906668, -1e-06, -0.988377, 0.152022, 0.0, 0.0, 0.0, 0.0, 1.0],
                [1.0, -0.0, 0.0, -0.0, -0.0, 0.121089, 0.992642, 0.906668, -1e-06, -0.992641, 0.121089, -0.0, 0.0, 0.0, 0.0, 1.0],
                [1.0, -0.0, 0.0, -0.0, -0.0, 0.121089, 0.992642, 0.906668, -1e-06, -0.992641, 0.121089, -0.0, 0.0, 0.0, 0.0, 1.0],
                [1.0, -0.0, 0.0, 0.0, -0.0, -0.011424, 0.999935, 0.906668, -0.0, -0.999934, -0.011424, 0.0, 0.0, 0.0, 0.0, 1.0],
                [1.0, -0.0, 0.0, -0.0, -0.0, 0.168532, 0.985696, 0.906668, -0.0, -0.985696, 0.168532, -0.0, 0.0, 0.0, 0.0, 1.0],
                [1.0, -0.0, 0.0, -0.0, -0.0, 0.459227, 0.888319, 0.906668, -0.0, -0.888318, 0.459228, 0.0, 0.0, 0.0, 0.0, 1.0],
                [1.0, -0.0, 1e-06, 0.0, -0.0, 0.892249, 0.451543, 0.906668, -1e-06, -0.451542, 0.89225, 0.0, 0.0, 0.0, 0.0, 1.0]
            ]
        },
        {
            "name": "Knee_L",
            "time": [0.0, 0.1167, 0.1833, 0.25, 0.3, 0.4167, 0.5333, 0.65, 0.7667, 0.9, 1.3167, 1.5, 1.6667, 1.8333, 2.0],
            "transform": [
                [1.0, -0.0, -0.0, -0.0, -0.0, 0.0, -1.0, 0.914067, 0.0, 1.0, 0.0, -0.0, 0.0, 0.0, 0.0, 1.0],
                [1.0, -0.0, -0.0, -0.0, -0.0, 0.0, -1.0, 0.921398, 0.0, 1.0, 0.0, 0.0, 0.0, 0.0, 0.0, 1.0],
                [1.0, -0.0, -0.0, -0.0, -0.0, 0.0, -1.0, 0.910711, 0.0, 1.0, 0.0, 0.0, 0.0, 0.0, 0.0, 1.0],
                [1.0, -0.0, -0.0, 0.0, -0.0, 0.0, -1.0, 0.934183, 0.0, 1.0, 0.0, -0.0, 0.0, 0.0, 0.0, 1.0],
                [1.0, -0.0, -0.0, 0.0, -0.0, 0.0, -1.0, 0.935131, 0.0, 1.0, 0.0, -0.0, 0.0, 0.0, 0.0, 1.0],
                [1.0, -0.0, -0.0, -0.0, -0.0, 0.0, -1.0, 0.968668, 0.0, 1.0, 0.0, -0.0, 0.0, 0.0, 0.0, 1.0],
                [1.0, -0.0, -0.0, 0.0, -0.0, 0.0, -1.0, 0.968668, 0.0, 1.0, 0.0, -0.0, 0.0, 0.0, 0.0, 1.0],
                [1.0, -0.0, -0.0, 0.0, -0.0, 0.0, -1.0, 0.961529, 0.0, 1.0, 0.0, -0.0, 0.0, 0.0, 0.0, 1.0],
                [1.0, -0.0, -0.0, 0.0, -0.0, 0.0, -1.0, 0.962214, 0.0, 1.0, 0.0, 0.0, 0.0, 0.0, 0.0, 1.0],
                [1.0, -0.0, -0.0, 0.0, -0.0, 0.0, -1.0, 0.963535, 0.0, 1.0, 0.0, -0.0, 0.0, 0.0, 0.0, 1.0],
                [1.0, -0.0, -0.0, 0.0, -0.0, 0.0, -1.0, 0.963535, 0.0, 1.0, 0.0, -0.0, 0.0, 0.0, 0.0, 1.0],
                [1.0, -0.0, -0.0, 0.0, -0.0, 0.0, -1.0, 0.968668, 0.0, 1.0, 0.0, 0.0, 0.0, 0.0, 0.0, 1.0],
                [1.0, -0.0, -0.0, -0.0, -0.0, 0.0, -1.0, 0.961507, 0.0, 1.0, 0.0, 0.0, 0.0, 0.0, 0.0, 1.0],
                [1.0, -0.0, -0.0, -0.0, -0.0, 0.0, -1.0, 0.948491, 0.0, 1.0, 0.0, 0.0, 0.0, 0.0, 0.0, 1.0],
                [1.0, -0.0, -0.0, 0.0, -0.0, 0.0, -1.0, 0.922052, 0.0, 1.0, 0.0, 0.0, 0.0, 0.0, 0.0, 1.0]
            ]
        },
        {
            "name": "Torso",
            "time": [0.0, 1.3167, 2.0],
            "transform": [
                [1.0, -0.0, -0.0, -0.0, 0.0, 0.999514, 0.03118, 0.05, -0.0, -0.03118, 0.999514, 0.0, 0.0, 0.0, 0.0, 1.0],
                [1.0, -0.0, 0.0, 0.0, 0.0, 0.999514, 0.03118, 0.05, 0.0, -0.03118, 0.999514, -0.0, 0.0, 0.0, 0.0, 1.0],
                [1.0, -0.0, -0.0, 0.0, 0.0, 1.0, 0.0, 0.05, 0.0, 0.0, 1.0, 0.0, 0.0, 0.0, 0.0, 1.0]
            ]
        },
        {
            "name": "Chest",
            "time": [0.0, 0.1167, 0.3, 0.3667, 0.7667, 0.9, 1.3167, 2.0],
            "transform": [
                [1.0, 0.0, -0.0, -0.0, -0.0, 0.972419, 0.233239, 0.3, 0.0, -0.233239, 0.97242, 0.0, 0.0, 0.0, 0.0, 1.0],
                [1.0, 0.0, -0.0, -0.0, -0.0, 0.854946, 0.518718, 0.3, 0.0, -0.518718, 0.854946, 0.0, 0.0, 0.0, 0.0, 1.0],
                [1.0, -0.0, 0.0, -0.0, 0.0, 0.992792, -0.119847, 0.3, -0.0, 0.119847, 0.992793, 0.0, 0.0, 0.0, 0.0, 1.0],
                [1.0, -0.0, 0.0, -0.0, 0.0, 0.992792, -0.119847, 0.3, -0.0, 0.119847, 0.992793, 0.0, 0.0, 0.0, 0.0, 1.0],
                [0.991949, 0.120562, 0.038753, 0.0, -0.122743, 0.840016, 0.528495, 0.3, 0.031163, -0.528997, 0.848052, -0.0, 0.0, 0.0, 0.0, 1.0],
                [0.988805, 0.139478, 0.053007, -0.0, -0.14251, 0.777546, 0.612464, 0.3, 0.04421, -0.613162, 0.788719, -0.0, 0.0, 0.0, 0.0, 1.0],
                [0.988805, 0.139478, 0.053007, -0.0, -0.14251, 0.777546, 0.612464, 0.3, 0.04421, -0.613162, 0.788719, -0.0, 0.0, 0.0, 0.0, 1.0],
                [1.0, -0.000219, -1.2e-05, -0.0, 0.000219, 0.994366, 0.106, 0.3, -1.2e-05, -0.105999, 0.994366, 0.0, 0.0, 0.0, 0.0, 1.0]
            ]
        },
        {
            "name": "Shoulder_R",
            "time": [0.0, 0.5167, 0.7667, 0.9, 1.3167, 2.0],
            "transform": [
                [-0.0, 0.963582, 0.267415, -0.0, 0.0, -0.267414, 0.963582, 0.4, 1.0, -0.0, -0.0, 0.0, 0.0, 0.0, 0.0, 1.0],
                [-0.339244, 0.939667, 0.044048, -0.0, -0.036952, -0.0601, 0.997508, 0.4, 0.939973, 0.33677, 0.055112, -0.0, 0.0, 0.0, 0.0, 1.0],
                [-0.0, 0.963582, 0.267415, -0.0, 0.0, -0.267414, 0.963582, 0.4, 1.0, 0.0, -0.0, -0.0, 0.0, 0.0, 0.0, 1.0],
                [0.000447, 0.969529, 0.244976, -0.0, -0.100735, -0.243686, 0.964608, 0.4, 0.994913, -0.025109, 0.097557, -0.0, 0.0, 0.0, 0.0, 1.0],
                [0.000447, 0.969529, 0.244976, -0.0, -0.100735, -0.243686, 0.964608, 0.4, 0.994913, -0.025109, 0.097557, -0.0, 0.0, 0.0, 0.0, 1.0],
                [0.000447, 0.969529, 0.244976, -0.0, -0.100736, -0.243686, 0.964608, 0.4, 0.994913, -0.025109, 0.097557, 0.0, 0.0, 0.0, 0.0, 1.0]
            ]
        },
        {
            "name": "Arm_R",
            "time": [0.0, 0.1167, 0.3667, 0.5167, 0.7667, 1.3167, 2.0],
            "transform": [
                [0.248871, -0.949949, 0.188841, 0.0, 0.608288, 0.001579, -0.793715, 0.325291, 0.75369, 0.312403, 0.578236, 0.0, 0.0, 0.0, 0.0, 1.0],
                [0.817669, -0.187736, -0.544217, 0.0, -0.189968, 0.804393, -0.562907, 0.325291, 0.543442, 0.563656, 0.622063, 0.0, 0.0, 0.0, 0.0, 1.0],
                [0.332915, -0.930302, 0.153966, 0.0, 0.861176, 0.233449, -0.451528, 0.325291, 0.384114, 0.282913, 0.878872, -0.0, 0.0, 0.0, 0.0, 1.0],
                [0.587721, -0.805734, -0.07333, -0.0, 0.690363, 0.546691, -0.473844, 0.325291, 0.421881, 0.227864, 0.877551, -0.0, 0.0, 0.0, 0.0, 1.0],
                [-0.379252, -0.527068, -0.760505, -0.0, -0.680347, 0.715903, -0.156878, 0.325291, 0.627133, 0.457911, -0.630096, 0.0, 0.0, 0.0, 0.0, 1.0],
                [-0.379252, -0.527068, -0.760505, -0.0, -0.680347, 0.715903, -0.156878, 0.325291, 0.627133, 0.457911, -0.630096, 0.0, 0.0, 0.0, 0.0, 1.0],
                [-0.031651, -0.286415, -0.957583, -0.0, 0.84931, 0.497392, -0.176844, 0.325291, 0.526945, -0.818882, 0.227512, -0.0, 0.0, 0.0, 0.0, 1.0]
            ]
        },
        {
            "name": "Hand_R",
            "time": [0.0, 0.1167, 0.3667, 0.7667, 1.3167, 2.0],
            "transform": [
                [1.0, -0.0, -0.0, -0.0, 0.0, 0.975281, -0.220965, 0.880269, 0.0, 0.220965, 0.975281, 0.0, 0.0, 0.0, 0.0, 1.0],
                [1.0, -0.0, 0.0, 0.0, 0.0, 0.087097, -0.9962, 0.880269, 0.0, 0.9962, 0.087097, -0.0, 0.0, 0.0, 0.0, 1.0],
                [1.0, -0.0, -0.0, 0.0, 0.0, 0.94239, -0.334516, 0.880269, 0.0, 0.334516, 0.94239, -0.0, 0.0, 0.0, 0.0, 1.0],
                [1.0, -0.0, -0.0, 0.0, 0.0, 0.299379, -0.954134, 0.880269, 0.0, 0.954134, 0.299379, 0.0, 0.0, 0.0, 0.0, 1.0],
                [1.0, -0.0, -0.0, 0.0, 0.0, 0.29938, -0.954134, 0.880269, 0.0, 0.954134, 0.29938, -0.0, 0.0, 0.0, 0.0, 1.0],
                [1.0, -0.0, -0.0, -0.0, 0.0, 0.996368, -0.085152, 0.880269, 0.0, 0.085152, 0.996368, 0.0, 0.0, 0.0, 0.0, 1.0]
            ]
        },
        {
            "name": "Tool_R",
            "time": [0.0, 2.0],
            "transform": [
                [1.0, -0.0, 0.0, -0.0, -0.0, -0.999315, -0.036999, 0.93026, 0.0, 0.036999, -0.999342, -0.0, 0.0, 0.0, 0.0, 1.0],
                [1.0, -0.0, 0.0, -0.0, -0.0, -0.999315, -0.036999, 0.93026, 0.0, 0.036999, -0.999342, 0.0, 0.0, 0.0, 0.0, 1.0]
            ]
        },
        {
            "name": "Elbow_R",
            "time": [0.0, 0.1167, 0.3667, 0.7667, 1.3167, 2.0],
            "transform": [
                [-1.0, 0.0, 0.0, -0.0, -0.0, 0.0, -1.0, 0.888388, -0.0, -1.0, 0.0, 0.0, 0.0, 0.0, 0.0, 1.0],
                [-1.0, 0.0, -0.0, -0.0, 0.0, -0.0, -1.0, 0.92852, -0.0, -1.0, 0.0, -0.0, 0.0, 0.0, 0.0, 1.0],
                [-1.0, 0.0, 0.0, 0.0, -0.0, -0.0, -1.0, 0.892153, -0.0, -1.0, 0.0, -0.0, 0.0, 0.0, 0.0, 1.0],
                [-1.0, 0.0, -0.0, -0.0, -0.0, 0.0, -1.0, 0.921618, -0.0, -1.0, 0.0, 0.0, 0.0, 0.0, 0.0, 1.0],
                [-1.0, 0.0, -0.0, 0.0, -0.0, -0.0, -1.0, 0.921618, -0.0, -1.0, 0.0, -0.0, 0.0, 0.0, 0.0, 1.0],
                [-1.0, 0.0, 0.0, 0.0, -0.0, 0.0, -1.0, 0.88401, -0.0, -1.0, 0.0, 0.0, 0.0, 0.0, 0.0, 1.0]
            ]
        },
        {
            "name": "Shoulder_L",
            "time": [0.0, 0.5167, 0.7667, 0.9, 1.3167, 2.0],
            "transform": [
                [-0.0, -0.963582, -0.267415, -0.0, -0.0, -0.267415, 0.963582, 0.4, -1.0, -0.0, -0.0, 0.0, 0.0, 0.0, 0.0, 1.0],
                [-0.359141, -0.932819, -0.029436, -0.0, 0.041642, -0.047526, 0.998002, 0.4, -0.932354, 0.357197, 0.055913, -0.0, 0.0, 0.0, 0.0, 1.0],
                [-0.45343, -0.756436, -0.471388, -0.0, -0.049696, -0.506602, 0.860747, 0.4, -0.889906, 0.413714, 0.192117, -0.0, 0.0, 0.0, 0.0, 1.0],
                [-0.452552, -0.744288, -0.491154, -0.0, 0.029724, -0.563067, 0.825877, 0.4, -0.891243, 0.359153, 0.276941, -0.0, 0.0, 0.0, 0.0, 1.0],
                [-0.452552, -0.744288, -0.491154, -0.0, 0.029724, -0.563067, 0.825877, 0.4, -0.891243, 0.359153, 0.276941, -0.0, 0.0, 0.0, 0.0, 1.0],
                [-0.0, -0.963582, -0.267415, -0.0, -0.0, -0.267415, 0.963582, 0.4, -1.0, 0.0, -0.0, 0.0, 0.0, 0.0, 0.0, 1.0]
            ]
        },
        {
            "name": "Arm_L",
            "time": [0.0, 0.1167, 0.3667, 0.5167, 0.6667, 0.7667, 1.3167, 2.0],
            "transform": [
                [0.228861, 0.93064, -0.285541, 0.0, -0.574477, -0.107683, -0.811406, 0.325291, -0.785875, 0.349736, 0.509987, -0.0, 0.0, 0.0, 0.0, 1.0],
                [0.892684, 0.210656, 0.398423, -0.0, 0.13253, 0.722254, -0.678812, 0.325291, -0.430758, 0.658767, 0.616826, -0.0, 0.0, 0.0, 0.0, 1.0],
                [0.348767, 0.933748, -0.080475, -0.0, -0.828897, 0.26725, -0.491435, 0.325291, -0.43737, 0.238101, 0.867188, 0.0, 0.0, 0.0, 0.0, 1.0],
                [0.529402, 0.848346, 0.006536, 0.0, -0.719668, 0.453155, -0.526051, 0.325291, -0.449235, 0.273789, 0.850428, -0.0, 0.0, 0.0, 0.0, 1.0],
                [0.076866, 0.526502, 0.846692, 0.0, -0.006485, 0.84945, -0.527629, 0.325291, -0.997021, 0.035066, 0.068709, 0.0, 0.0, 0.0, 0.0, 1.0],
                [-0.387953, 0.766931, 0.511185, -0.0, 0.327355, 0.633117, -0.701428, 0.325291, -0.861587, -0.104782, -0.496678, -0.0, 0.0, 0.0, 0.0, 1.0],
                [-0.387953, 0.766931, 0.511185, -0.0, 0.327355, 0.633117, -0.701428, 0.325291, -0.861587, -0.104782, -0.496678, 0.0, 0.0, 0.0, 0.0, 1.0],
                [0.064417, 0.295246, 0.953247, -0.0, -0.877978, 0.470822, -0.086496, 0.325291, -0.474347, -0.831358, 0.289548, -0.0, 0.0, 0.0, 0.0, 1.0]
            ]
        },
        {
            "name": "Hand_L",
            "time": [0.0, 0.1167, 0.3667, 0.7667, 1.3167, 2.0],
            "transform": [
                [1.0, 0.0, 0.0, -0.0, 0.0, 0.989295, -0.145928, 0.880269, -0.0, 0.145928, 0.989295, -0.0, 0.0, 0.0, 0.0, 1.0],
                [1.0, 0.0, 0.0, 0.0, 0.0, 0.208157, -0.978095, 0.880269, -0.0, 0.978096, 0.208157, 0.0, 0.0, 0.0, 0.0, 1.0],
                [1.0, 0.0, 0.0, 0.0, 0.0, 0.924868, -0.380289, 0.880269, -0.0, 0.380289, 0.924868, -0.0, 0.0, 0.0, 0.0, 1.0],
                [1.0, 0.0, 0.0, -0.0, 0.0, 0.581068, -0.813855, 0.880269, -0.0, 0.813855, 0.581068, -0.0, 0.0, 0.0, 0.0, 1.0],
                [1.0, 0.0, 0.0, -0.0, 0.0, 0.581068, -0.813855, 0.880269, -0.0, 0.813855, 0.581068, 0.0, 0.0, 0.0, 0.0, 1.0],
                [1.0, -0.0, 0.0, 0.0, 0.0, 0.970924, -0.23939, 0.880269, -0.0, 0.23939, 0.970923, 0.0, 0.0, 0.0, 0.0, 1.0]
            ]
        },
        {
            "name": "Tool_L",
            "time": [0.0, 2.0],
            "transform": [
                [1.0, -0.0, 0.0, 0.0, -0.0, -0.999315, -0.036999, 0.93026, 0.0, 0.036999, -0.999343, 0.0, 0.0, 0.0, 0.0, 1.0],
                [1.0, 0.0, 0.0, -0.0, 0.0, -0.999315, -0.036999, 0.93026, 0.0, 0.036999, -0.999343, 0.0, 0.0, 0.0, 0.0, 1.0]
            ]
        },
        {
            "name": "Elbow_L",
            "time": [0.0, 0.1167, 0.3667, 0.7667, 1.3167, 2.0],
            "transform": [
                [-1.0, 0.0, 0.0, -0.0, -0.0, 0.0, -1.0, 0.887323, -0.0, -1.0, -0.0, -0.0, 0.0, 0.0, 0.0, 1.0],
                [-1.0, 0.0, -0.0, 0.0, 0.0, 0.0, -1.0, 0.935266, -0.0, -1.0, -0.0, -0.0, 0.0, 0.0, 0.0, 1.0],
                [-1.0, 0.0, 0.0, 0.0, -0.0, 0.0, -1.0, 0.89694, -0.0, -1.0, -0.0, -0.0, 0.0, 0.0, 0.0, 1.0],
                [-1.0, 0.0, 0.0, 0.0, -0.0, 0.0, -1.0, 0.919069, -0.0, -1.0, -0.0, -0.0, 0.0, 0.0, 0.0, 1.0],
                [-1.0, 0.0, 0.0, -0.0, -0.0, 0.0, -1.0, 0.919069, -0.0, -1.0, -0.0, 0.0, 0.0, 0.0, 0.0, 1.0],
                [-1.0, 0.0, 0.0, 0.0, -0.0, 0.0, -1.0, 0.891084, -0.0, -1.0, -0.0, 0.0, 0.0, 0.0, 0.0, 1.0]
            ]
        },
        {
            "name": "Head",
            "time": [0.0, 0.1167, 0.4667, 0.6167, 0.9, 1.3167, 2.0],
            "transform": [
                [1.0, 0.0, -0.0, -0.0, -0.0, 0.994505, 0.104687, 0.4, 0.0, -0.104687, 0.994505, 0.0, 0.0, 0.0, 0.0, 1.0],
                [1.0, 0.0, -0.0, -0.0, -0.0, 0.737735, 0.67509, 0.4, 0.0, -0.67509, 0.737735, 0.0, 0.0, 0.0, 0.0, 1.0],
                [0.999884, 0.003009, 0.014927, -0.0, 0.012221, 0.426275, -0.904511, 0.4, -0.009084, 0.904589, 0.426189, -0.0, 0.0, 0.0, 0.0, 1.0],
                [0.989297, -0.135128, -0.055066, -0.0, 0.036083, 0.592212, -0.804974, 0.4, 0.141385, 0.794372, 0.590749, 0.0, 0.0, 0.0, 0.0, 1.0],
                [0.976262, -0.019935, -0.215674, -0.0, -0.001839, 0.994957, -0.100288, 0.4, 0.216585, 0.098304, 0.971302, -0.0, 0.0, 0.0, 0.0, 1.0],
                [0.976262, -0.019935, -0.215674, -0.0, -0.001839, 0.994957, -0.100288, 0.4, 0.216585, 0.098304, 0.971302, -0.0, 0.0, 0.0, 0.0, 1.0],
                [0.999919, 0.00061, 0.0127, -0.0, 0.004976, 0.900433, -0.434967, 0.4, -0.011701, 0.434995, 0.900357, 0.0, 0.0, 0.0, 0.0, 1.0]
            ]
        },
        {
            "name": "Head_Top",
            "time": [0.0, 2.0],
            "transform": [
                [1.0, -0.0, 0.0, -0.0, -0.0, 1.0, 0.0, 0.196375, 0.0, -0.0, 1.0, -0.0, 0.0, 0.0, 0.0, 1.0],
                [1.0, -0.0, -0.0, -0.0, -0.0, 1.0, 0.0, 0.196375, 0.0, -0.0, 1.0, -0.0, 0.0, 0.0, 0.0, 1.0]
            ]
        }
    ]
}