{
    "animation": [
        {
            "name": "Root",
            "time": [0.0, 0.2083, 0.4167, 0.625, 0.8333, 1.875, 2.0, 2.1667, 3.2917, 16.625],
            "transform": [
                [1.0, 0.0, 0.0, -5e-06, -0.0, -0.0, -1.0, -1e-06, 0.0, 1.0, -0.0, 1.505674, 0.0, 0.0, 0.0, 1.0],
                [1.0, 0.0, 0.0, -5e-06, -0.0, -0.0, -1.0, -1e-06, 0.0, 1.0, -0.0, 1.505674, 0.0, 0.0, 0.0, 1.0],
                [1.0, 0.0, 0.0, -5e-06, -0.0, -0.0, -1.0, -1e-06, 0.0, 1.0, -0.0, 1.505674, 0.0, 0.0, 0.0, 1.0],
                [1.0, 0.0, 0.0, -5e-06, -0.0, -0.0, -1.0, -1e-06, 0.0, 1.0, -0.0, 1.505674, 0.0, 0.0, 0.0, 1.0],
                [1.0, 0.0, 0.0, -5e-06, -0.0, -0.0, -1.0, -1e-06, 0.0, 1.0, -0.0, 1.505674, 0.0, 0.0, 0.0, 1.0],
                [1.0, 0.0, 0.0, -5e-06, -0.0, -0.0, -1.0, -1e-06, 0.0, 1.0, -0.0, 1.505674, 0.0, 0.0, 0.0, 1.0],
                [1.0, 0.0, 0.0, -5e-06, -0.0, -0.0, -1.0, -1e-06, 0.0, 1.0, -0.0, 1.505674, 0.0, 0.0, 0.0, 1.0],
                [1.0, 0.0, 0.0, -5e-06, -0.0, -0.0, -1.0, -1e-06, 0.0, 1.0, -0.0, 1.505674, 0.0, 0.0, 0.0, 1.0],
                [1.0, 0.0, 0.0, -5e-06, -0.0, -0.0, -1.0, -1e-06, 0.0, 1.0, -0.0, 1.505674, 0.0, 0.0, 0.0, 1.0],
                [1.0, 0.0, 0.0, -5e-06, -0.0, -0.0, -1.0, -1e-06, 0.0, 1.0, -0.0, 1.505674, 0.0, 0.0, 0.0, 1.0]
            ]
        },
        {
            "name": "Thigh_R",
            "time": [0.0, 0.2083, 0.4167, 0.625, 0.8333, 1.875, 2.0, 2.1667, 3.2917, 16.625],
            "transform": [
                [1.0, -0.0, 0.0, 0.124994, 0.0, -0.999999, -0.0, -0.061515, 0.0, 0.0, -1.0, -1.2e-05, 0.0, 0.0, 0.0, 1.0],
                [1.0, -0.0, 0.0, 0.124994, 0.0, -0.999999, -0.0, -0.061515, 0.0, 0.0, -1.0, -1.2e-05, 0.0, 0.0, 0.0, 1.0],
                [1.0, -0.0, 0.0, 0.124994, 0.0, -0.999999, -0.0, -0.061515, 0.0, 0.0, -1.0, -1.2e-05, 0.0, 0.0, 0.0, 1.0],
                [1.0, -0.0, 0.0, 0.124994, 0.0, -0.999999, -0.0, -0.061515, 0.0, 0.0, -1.0, -1.2e-05, 0.0, 0.0, 0.0, 1.0],
                [1.0, -0.0, 0.0, 0.124994, 0.0, -0.999999, -0.0, -0.061515, 0.0, 0.0, -1.0, -1.2e-05, 0.0, 0.0, 0.0, 1.0],
                [1.0, -0.0, 0.0, 0.124994, 0.0, -0.999999, -0.0, -0.061515, 0.0, 0.0, -1.0, -1.2e-05, 0.0, 0.0, 0.0, 1.0],
                [1.0, -0.0, 0.0, 0.124994, 0.0, -0.999999, -0.0, -0.061515, 0.0, 0.0, -1.0, -1.2e-05, 0.0, 0.0, 0.0, 1.0],
                [1.0, -0.0, 0.0, 0.124994, 0.0, -0.999999, -0.0, -0.061515, 0.0, 0.0, -1.0, -1.2e-05, 0.0, 0.0, 0.0, 1.0],
                [1.0, -0.0, 0.0, 0.124994, 0.0, -0.999999, -0.0, -0.061515, 0.0, 0.0, -1.0, -1.2e-05, 0.0, 0.0, 0.0, 1.0],
                [1.0, -0.0, 0.0, 0.124994, 0.0, -0.999999, -0.0, -0.061515, 0.0, 0.0, -1.0, -1.2e-05, 0.0, 0.0, 0.0, 1.0]
            ]
        },
        {
            "name": "Leg_R",
            "time": [0.0, 0.2083, 0.4167, 0.625, 0.8333, 1.875, 2.0, 2.1667, 3.2917, 16.625],
            "transform": [
                [1.0, 0.0, 1e-06, -0.0, -0.0, 1.000001, -0.0, 0.694429, -1e-06, 0.0, 0.999999, 0.0, 0.0, 0.0, 0.0, 1.0],
                [1.0, 0.0, 1e-06, -0.0, -0.0, 1.000001, -0.0, 0.694429, -1e-06, 0.0, 0.999999, 0.0, 0.0, 0.0, 0.0, 1.0],
                [1.0, 0.0, 1e-06, -0.0, -0.0, 1.000001, -0.0, 0.694429, -1e-06, 0.0, 0.999999, 0.0, 0.0, 0.0, 0.0, 1.0],
                [1.0, 0.0, 1e-06, -0.0, -0.0, 1.000001, -0.0, 0.694429, -1e-06, 0.0, 0.999999, 0.0, 0.0, 0.0, 0.0, 1.0],
                [1.0, 0.0, 1e-06, -0.0, -0.0, 1.000001, -0.0, 0.694429, -1e-06, 0.0, 0.999999, 0.0, 0.0, 0.0, 0.0, 1.0],
                [1.0, 0.0, 1e-06, -0.0, -0.0, 1.000001, -0.0, 0.694429, -1e-06, 0.0, 0.999999, 0.0, 0.0, 0.0, 0.0, 1.0],
                [1.0, 0.0, 1e-06, -0.0, -0.0, 1.000001, -0.0, 0.694429, -1e-06, 0.0, 0.999999, 0.0, 0.0, 0.0, 0.0, 1.0],
                [1.0, 0.0, 1e-06, -0.0, -0.0, 1.000001, -0.0, 0.694429, -1e-06, 0.0, 0.999999, 0.0, 0.0, 0.0, 0.0, 1.0],
                [1.0, 0.0, 1e-06, -0.0, -0.0, 1.000001, -0.0, 0.694429, -1e-06, 0.0, 0.999999, 0.0, 0.0, 0.0, 0.0, 1.0],
                [1.0, 0.0, 1e-06, -0.0, -0.0, 1.000001, -0.0, 0.694429, -1e-06, 0.0, 0.999999, 0.0, 0.0, 0.0, 0.0, 1.0]
            ]
        },
        {
            "name": "Thigh_L",
            "time": [0.0, 0.2083, 0.4167, 0.625, 0.8333, 1.875, 2.0, 2.1667, 3.2917, 16.625],
            "transform": [
                [1.0, 0.0, 0.0, -0.125006, -0.0, -1.0, -0.0, -0.061515, 0.0, 0.0, -1.0, -1.2e-05, 0.0, 0.0, 0.0, 1.0],
                [1.0, 0.0, 0.0, -0.125006, -0.0, -1.0, -0.0, -0.061515, 0.0, 0.0, -1.0, -1.2e-05, 0.0, 0.0, 0.0, 1.0],
                [1.0, 0.0, 0.0, -0.125006, -0.0, -1.0, -0.0, -0.061515, 0.0, 0.0, -1.0, -1.2e-05, 0.0, 0.0, 0.0, 1.0],
                [1.0, 0.0, 0.0, -0.125006, -0.0, -1.0, -0.0, -0.061515, 0.0, 0.0, -1.0, -1.2e-05, 0.0, 0.0, 0.0, 1.0],
                [1.0, 0.0, 0.0, -0.125006, -0.0, -1.0, -0.0, -0.061515, 0.0, 0.0, -1.0, -1.2e-05, 0.0, 0.0, 0.0, 1.0],
                [1.0, 0.0, 0.0, -0.125006, -0.0, -1.0, -0.0, -0.061515, 0.0, 0.0, -1.0, -1.2e-05, 0.0, 0.0, 0.0, 1.0],
                [1.0, 0.0, 0.0, -0.125006, -0.0, -1.0, -0.0, -0.061515, 0.0, 0.0, -1.0, -1.2e-05, 0.0, 0.0, 0.0, 1.0],
                [1.0, 0.0, 0.0, -0.125006, -0.0, -1.0, -0.0, -0.061515, 0.0, 0.0, -1.0, -1.2e-05, 0.0, 0.0, 0.0, 1.0],
                [1.0, 0.0, 0.0, -0.125006, -0.0, -1.0, -0.0, -0.061515, 0.0, 0.0, -1.0, -1.2e-05, 0.0, 0.0, 0.0, 1.0],
                [1.0, 0.0, 0.0, -0.125006, -0.0, -1.0, -0.0, -0.061515, 0.0, 0.0, -1.0, -1.2e-05, 0.0, 0.0, 0.0, 1.0]
            ]
        },
        {
            "name": "Leg_L",
            "time": [0.0, 0.2083, 0.4167, 0.625, 0.8333, 1.875, 2.0, 2.1667, 3.2917, 16.625],
            "transform": [
                [1.0, -0.0, 0.0, -0.0, 0.0, 1.0, -0.0, 0.694429, -0.0, 0.0, 1.0, -0.0, 0.0, 0.0, 0.0, 1.0],
                [1.0, -0.0, 0.0, -0.0, 0.0, 1.0, -0.0, 0.694429, -0.0, 0.0, 1.0, -0.0, 0.0, 0.0, 0.0, 1.0],
                [1.0, -0.0, 0.0, -0.0, 0.0, 1.0, -0.0, 0.694429, -0.0, 0.0, 1.0, -0.0, 0.0, 0.0, 0.0, 1.0],
                [1.0, -0.0, 0.0, -0.0, 0.0, 1.0, -0.0, 0.694429, -0.0, 0.0, 1.0, -0.0, 0.0, 0.0, 0.0, 1.0],
                [1.0, -0.0, 0.0, -0.0, 0.0, 1.0, -0.0, 0.694429, -0.0, 0.0, 1.0, -0.0, 0.0, 0.0, 0.0, 1.0],
                [1.0, -0.0, 0.0, -0.0, 0.0, 1.0, -0.0, 0.694429, -0.0, 0.0, 1.0, -0.0, 0.0, 0.0, 0.0, 1.0],
                [1.0, -0.0, 0.0, -0.0, 0.0, 1.0, -0.0, 0.694429, -0.0, 0.0, 1.0, -0.0, 0.0, 0.0, 0.0, 1.0],
                [1.0, -0.0, 0.0, -0.0, 0.0, 1.0, -0.0, 0.694429, -0.0, 0.0, 1.0, -0.0, 0.0, 0.0, 0.0, 1.0],
                [1.0, -0.0, 0.0, -0.0, 0.0, 1.0, -0.0, 0.694429, -0.0, 0.0, 1.0, -0.0, 0.0, 0.0, 0.0, 1.0],
                [1.0, -0.0, 0.0, -0.0, 0.0, 1.0, -0.0, 0.694429, -0.0, 0.0, 1.0, -0.0, 0.0, 0.0, 0.0, 1.0]
            ]
        },
        {
            "name": "Torso",
            "time": [0.0, 0.2083, 0.4167, 0.625, 0.8333, 1.875, 2.0, 2.1667, 3.2917, 16.625],
            "transform": [
                [1.0, 0.0, 0.0, 0.0, 0.0, 1.0, 0.0, 0.05, 0.0, -0.0, 1.0, -0.0, 0.0, 0.0, 0.0, 1.0],
                [1.0, 0.0, 0.0, 0.0, 0.0, 1.0, 0.0, 0.05, 0.0, -0.0, 1.0, -0.0, 0.0, 0.0, 0.0, 1.0],
                [1.0, 0.0, 0.0, 0.0, 0.0, 1.0, 0.0, 0.05, 0.0, -0.0, 1.0, -0.0, 0.0, 0.0, 0.0, 1.0],
                [1.0, 0.0, 0.0, 0.0, 0.0, 1.0, 0.0, 0.05, 0.0, -0.0, 1.0, -0.0, 0.0, 0.0, 0.0, 1.0],
                [1.0, 0.0, 0.0, 0.0, 0.0, 1.0, 0.0, 0.05, 0.0, -0.0, 1.0, -0.0, 0.0, 0.0, 0.0, 1.0],
                [1.0, 0.0, 0.0, 0.0, 0.0, 1.0, 0.0, 0.05, 0.0, -0.0, 1.0, -0.0, 0.0, 0.0, 0.0, 1.0],
                [1.0, 0.0, 0.0, 0.0, 0.0, 0.998856, 0.047826, 0.05, 0.0, -0.047826, 0.998856, -0.0, 0.0, 0.0, 0.0, 1.0],
                [1.0, 0.0, 0.0, 0.0, 0.0, 0.991873, 0.127235, 0.05, 0.0, -0.127235, 0.991873, -0.0, 0.0, 0.0, 0.0, 1.0],
                [1.0, 0.0, 0.0, 0.0, 0.0, 0.99999, 0.004554, 0.05, 0.0, -0.004554, 0.99999, -0.0, 0.0, 0.0, 0.0, 1.0],
                [1.0, 0.0, 0.0, 0.0, 0.0, 1.0, 0.0, 0.05, 0.0, -0.0, 1.0, -0.0, 0.0, 0.0, 0.0, 1.0]
            ]
        },
        {
            "name": "Chest",
            "time": [0.0, 0.2083, 0.4167, 0.625, 0.8333, 1.875, 2.0, 2.1667, 3.2917, 16.625],
            "transform": [
                [1.0, -0.0, -0.0, 0.0, 0.0, 1.0, -0.0, 0.3, 0.0, 0.0, 1.0, 0.0, 0.0, 0.0, 0.0, 1.0],
                [1.0, -0.0, -0.0, 0.0, 0.0, 0.999998, 0.002076, 0.3, 0.0, -0.002076, 0.999998, 0.0, 0.0, 0.0, 0.0, 1.0],
                [1.0, -0.0, -0.0, 0.0, 0.0, 0.999966, 0.008187, 0.3, 0.0, -0.008187, 0.999967, 0.0, 0.0, 0.0, 0.0, 1.0],
                [1.0, -0.0, -0.0, 0.0, 0.0, 0.999832, 0.018311, 0.3, 0.0, -0.018311, 0.999832, 0.0, 0.0, 0.0, 0.0, 1.0],
                [1.0, -0.0, -0.0, 0.0, 0.0, 0.999479, 0.032275, 0.3, 0.0, -0.032275, 0.999479, 0.0, 0.0, 0.0, 0.0, 1.0],
                [1.0, -0.0, -0.0, 0.0, 0.0, 0.990251, 0.139291, 0.3, 0.0, -0.139291, 0.990252, 0.0, 0.0, 0.0, 0.0, 1.0],
                [1.0, -0.0, -0.0, 0.0, 0.0, 0.988286, 0.15261, 0.3, 0.0, -0.15261, 0.988286, 0.0, 0.0, 0.0, 0.0, 1.0],
                [1.0, -0.0, -0.0, 0.0, 0.0, 0.985496, 0.169699, 0.3, 0.0, -0.169699, 0.985496, 0.0, 0.0, 0.0, 0.0, 1.0],
                [1.0, -0.0, -0.0, 0.0, 0.0, 0.97373, 0.227706, 0.3, -0.0, -0.227706, 0.97373, 0.0, 0.0, 0.0, 0.0, 1.0],
                [1.0, -0.0, -0.0, 0.0, 0.0, 0.973228, 0.229841, 0.3, -0.0, -0.229841, 0.973228, 0.0, 0.0, 0.0, 0.0, 1.0]
            ]
        },
        {
            "name": "Shoulder_R",
            "time": [0.0, 0.2083, 0.4167, 0.625, 0.8333, 1.875, 2.0, 2.1667, 3.2917, 16.625],
            "transform": [
                [-0.00463, 0.963462, 0.267804, 0.0, 0.000342, -0.267806, 0.963473, 0.399999, 0.999989, 0.004552, 0.000911, -0.0, 0.0, 0.0, 0.0, 1.0],
                [-0.004338, 0.96347, 0.26778, 0.0, 0.00032, -0.267781, 0.96348, 0.399999, 0.999991, 0.004265, 0.000853, 0.0, 0.0, 0.0, 0.0, 1.0],
                [-0.003479, 0.963494, 0.267708, 0.0, 0.000257, -0.267709, 0.9635, 0.399999, 0.999994, 0.003421, 0.000684, -0.0, 0.0, 0.0, 0.0, 1.0],
                [-0.002057, 0.963531, 0.267589, 0.0, 0.000152, -0.267589, 0.963533, 0.399999, 0.999998, 0.002022, 0.000404, -0.0, 0.0, 0.0, 0.0, 1.0],
                [-9.5e-05, 0.963579, 0.267423, 0.0, 8e-06, -0.267423, 0.963579, 0.399999, 1.0, 9.3e-05, 1.8e-05, 0.0, 0.0, 0.0, 0.0, 1.0],
                [0.014972, 0.963822, 0.266127, 0.0, -0.001089, -0.266141, 0.963933, 0.399999, 0.999888, -0.014722, -0.002935, 0.0, 0.0, 0.0, 0.0, 1.0],
                [0.016859, 0.963836, 0.265962, 0.0, -0.001225, -0.26598, 0.963978, 0.399999, 0.999857, -0.016578, -0.003304, 0.0, 0.0, 0.0, 0.0, 1.0],
                [0.019287, 0.96385, 0.265748, 0.0, -0.001399, -0.265771, 0.964035, 0.399999, 0.999813, -0.018965, -0.003777, 0.0, 0.0, 0.0, 0.0, 1.0],
                [0.027596, 0.963851, 0.265007, 0.0, -0.001992, -0.265055, 0.964231, 0.399999, 0.999617, -0.027137, -0.005394, 0.0, 0.0, 0.0, 0.0, 1.0],
                [0.027904, 0.96385, 0.264979, 0.0, -0.002014, -0.265028, 0.964239, 0.399999, 0.999609, -0.02744, -0.005454, -0.0, 0.0, 0.0, 0.0, 1.0]
            ]
        },
        {
            "name": "Arm_R",
            "time": [0.0, 0.2083, 0.4167, 0.625, 0.8333, 1.875, 2.0, 2.1667, 3.2917, 16.625],
            "transform": [
                [-0.207709, 0.393909, -0.895373, -0.0, 0.555968, 0.800657, 0.223266, 0.325291, 0.804833, -0.451424, -0.385305, 0.0, 0.0, 0.0, 0.0, 1.0],
                [-0.203413, 0.393332, -0.896612, 0.0, 0.550837, 0.803059, 0.227324, 0.325291, 0.809446, -0.447646, -0.380014, -0.0, 0.0, 0.0, 0.0, 1.0],
                [-0.19066, 0.391743, -0.900104, -0.0, 0.535459, 0.810007, 0.23911, 0.325291, 0.82276, -0.436379, -0.364198, 0.0, 0.0, 0.0, 0.0, 1.0],
                [-0.169196, 0.38948, -0.905361, -0.0, 0.509091, 0.821106, 0.258094, 0.325291, 0.843919, -0.417242, -0.337208, 0.0, 0.0, 0.0, 0.0, 1.0],
                [-0.138978, 0.387141, -0.911486, 0.0, 0.470965, 0.835505, 0.28306, 0.325291, 0.871136, -0.389939, -0.298447, 0.0, 0.0, 0.0, 0.0, 1.0],
                [0.102505, 0.402041, -0.909866, 0.0, 0.126597, 0.901973, 0.412816, 0.325291, 0.986644, -0.157502, 0.041559, -0.0, 0.0, 0.0, 0.0, 1.0],
                [0.131796, 0.408, -0.903419, 0.0, 0.079919, 0.904029, 0.419934, 0.325291, 0.98805, -0.127546, 0.08654, 0.0, 0.0, 0.0, 0.0, 1.0],
                [0.168622, 0.416917, -0.893167, 0.0, 0.019548, 0.904549, 0.425921, 0.325291, 0.985487, -0.089279, 0.144377, -0.0, 0.0, 0.0, 0.0, 1.0],
                [0.283232, 0.456511, -0.843432, -0.0, -0.182338, 0.889036, 0.419963, 0.325291, 0.941559, 0.034843, 0.335043, -0.0, 0.0, 0.0, 0.0, 1.0],
                [0.287158, 0.458243, -0.841162, -0.0, -0.189698, 0.88796, 0.418978, 0.325291, 0.938912, 0.039254, 0.341912, -0.0, 0.0, 0.0, 0.0, 1.0]
            ]
        },
        {
            "name": "Hand_R",
            "time": [0.0, 0.2083, 0.4167, 0.625, 0.8333, 1.875, 2.0, 2.1667, 3.2917, 16.625],
            "transform": [
                [1.0, -0.0, 0.0, 0.0, 0.0, 0.373374, -0.927681, 0.799181, 0.0, 0.927681, 0.373374, 0.0, 0.0, 0.0, 0.0, 1.0],
                [1.0, -0.0, 0.0, -0.0, 0.0, 0.382349, -0.924018, 0.799181, 0.0, 0.924018, 0.382349, -0.0, 0.0, 0.0, 0.0, 1.0],
                [1.0, -0.0, 0.0, 0.0, 0.0, 0.408691, -0.912673, 0.799181, 0.0, 0.912673, 0.408691, 0.0, 0.0, 0.0, 0.0, 1.0],
                [1.0, -0.0, 0.0, -0.0, 0.0, 0.452016, -0.89201, 0.79918, 0.0, 0.89201, 0.452016, -0.0, 0.0, 0.0, 0.0, 1.0],
                [1.0, -0.0, 0.0, -0.0, 0.0, 0.510831, -0.859681, 0.799181, 0.0, 0.859681, 0.510831, 0.0, 0.0, 0.0, 0.0, 1.0],
                [1.0, 0.0, 0.0, -0.0, 0.0, 0.878334, -0.478048, 0.799181, -0.0, 0.478048, 0.878334, 0.0, 0.0, 0.0, 0.0, 1.0],
                [1.0, -0.0, 0.0, -0.0, 0.0, 0.908476, -0.417937, 0.799181, -0.0, 0.417937, 0.908476, -0.0, 0.0, 0.0, 0.0, 1.0],
                [1.0, 0.0, 0.0, 0.0, 0.0, 0.941105, -0.338114, 0.79918, -0.0, 0.338114, 0.941105, 0.0, 0.0, 0.0, 0.0, 1.0],
                [1.0, 0.0, 0.0, -0.0, -0.0, 0.998236, -0.05937, 0.799181, -0.0, 0.05937, 0.998236, -0.0, 0.0, 0.0, 0.0, 1.0],
                [1.0, 0.0, 0.0, 0.0, -0.0, 0.998806, -0.048847, 0.79918, -0.0, 0.048847, 0.998806, 0.0, 0.0, 0.0, 0.0, 1.0]
            ]
        },
        {
            "name": "Tool_R",
            "time": [0.0, 0.2083, 0.4167, 0.625, 0.8333, 1.875, 2.0, 2.1667, 3.2917, 16.625],
            "transform": [
                [1.0, -0.0, 0.0, 0.0, 0.0, -0.999524, -0.030857, 0.781441, 0.0, 0.030857, -0.999542, 0.0, 0.0, 0.0, 0.0, 1.0],
                [1.0, 0.0, 0.0, 0.0, -0.0, -0.999524, -0.030857, 0.781441, 0.0, 0.030857, -0.999542, -0.0, 0.0, 0.0, 0.0, 1.0],
                [1.0, 0.0, 0.0, 0.0, -0.0, -0.999524, -0.030857, 0.781441, 0.0, 0.030857, -0.999542, -0.0, 0.0, 0.0, 0.0, 1.0],
                [1.0, -0.0, 0.0, 0.0, 0.0, -0.999524, -0.030857, 0.781441, 0.0, 0.030857, -0.999542, 0.0, 0.0, 0.0, 0.0, 1.0],
                [1.0, 0.0, 0.0, 0.0, -0.0, -0.999524, -0.030857, 0.78144, 0.0, 0.030857, -0.999542, 0.0, 0.0, 0.0, 0.0, 1.0],
                [1.0, 0.0, 0.0, 0.0, 0.0, -0.999524, -0.030857, 0.781441, 0.0, 0.030857, -0.999542, 0.0, 0.0, 0.0, 0.0, 1.0],
                [1.0, -0.0, 0.0, -0.0, 0.0, -0.999524, -0.030857, 0.78144, 0.0, 0.030857, -0.999542, 0.0, 0.0, 0.0, 0.0, 1.0],
                [1.0, -0.0, 0.0, -0.0, 0.0, -0.999524, -0.030857, 0.78144, 0.0, 0.030857, -0.999542, 0.0, 0.0, 0.0, 0.0, 1.0],
                [1.0, 0.0, 0.0, 0.0, 0.0, -0.999524, -0.030857, 0.78144, 0.0, 0.030857, -0.999542, 0.0, 0.0, 0.0, 0.0, 1.0],
                [1.0, -0.0, 0.0, 0.0, 0.0, -0.999524, -0.030857, 0.78144, 0.0, 0.030857, -0.999542, 0.0, 0.0, 0.0, 0.0, 1.0]
            ]
        },
        {
            "name": "Shoulder_L",
            "time": [0.0, 0.2083, 0.4167, 0.625, 0.8333, 1.875, 2.0, 2.1667, 3.2917, 16.625],
            "transform": [
                [0.00463, -0.96368, -0.267021, 0.0, 0.000339, -0.267022, 0.96369, 0.399999, -0.999989, -0.004553, -0.00091, 0.0, 0.0, 0.0, 0.0, 1.0],
                [0.004338, -0.963674, -0.267046, 0.0, 0.000318, -0.267047, 0.963683, 0.399999, -0.999991, -0.004266, -0.000852, 0.0, 0.0, 0.0, 0.0, 1.0],
                [0.003479, -0.963657, -0.267119, 0.0, 0.000255, -0.26712, 0.963663, 0.399999, -0.999994, -0.003421, -0.000684, -0.0, 0.0, 0.0, 0.0, 1.0],
                [0.002057, -0.963628, -0.26724, 0.0, 0.000151, -0.26724, 0.96363, 0.399999, -0.999998, -0.002022, -0.000404, -0.0, 0.0, 0.0, 0.0, 1.0],
                [9.5e-05, -0.963584, -0.267406, 0.0, 7e-06, -0.267406, 0.963584, 0.399999, -1.0, -9.4e-05, -1.9e-05, 0.0, 0.0, 0.0, 0.0, 1.0],
                [-0.01497, -0.96312, -0.268658, 0.0, -0.00111, -0.268672, 0.963231, 0.399999, -0.999887, 0.014718, 0.002953, 0.0, 0.0, 0.0, 0.0, 1.0],
                [-0.016857, -0.963045, -0.268811, 0.0, -0.001251, -0.268829, 0.963187, 0.399999, -0.999857, 0.016573, 0.003327, -0.0, 0.0, 0.0, 0.0, 1.0],
                [-0.019284, -0.962945, -0.269008, 0.0, -0.001433, -0.269031, 0.963131, 0.399999, -0.999813, 0.018959, 0.003808, -0.0, 0.0, 0.0, 0.0, 1.0],
                [-0.027591, -0.962557, -0.269671, 0.0, -0.00206, -0.269719, 0.962937, 0.399999, -0.999617, 0.027124, 0.005459, 0.0, 0.0, 0.0, 0.0, 1.0],
                [-0.027899, -0.962542, -0.269696, 0.0, -0.002084, -0.269744, 0.96293, 0.399999, -0.999609, 0.027426, 0.00552, -0.0, 0.0, 0.0, 0.0, 1.0]
            ]
        },
        {
            "name": "Arm_L",
            "time": [0.0, 0.2083, 0.4167, 0.625, 0.8333, 1.875, 2.0, 2.1667, 3.2917, 16.625],
            "transform": [
                [-0.192339, -0.403864, 0.894371, -0.0, -0.555518, 0.796108, 0.240025, 0.325291, -0.808953, -0.450672, -0.377477, -0.0, 0.0, 0.0, 0.0, 1.0],
                [-0.1881, -0.403384, 0.895488, 0.0, -0.55005, 0.798627, 0.244212, 0.325291, -0.813673, -0.446627, -0.372103, 0.0, 0.0, 0.0, 0.0, 1.0],
                [-0.175519, -0.402087, 0.898621, -0.0, -0.533657, 0.805907, 0.256368, 0.325291, -0.827286, -0.434558, -0.356028, 0.0, 0.0, 0.0, 0.0, 1.0],
                [-0.154351, -0.400327, 0.90328, 0.0, -0.505536, 0.817496, 0.275923, 0.325291, -0.848887, -0.414052, -0.328561, 0.0, 0.0, 0.0, 0.0, 1.0],
                [-0.12457, -0.398725, 0.90857, 0.0, -0.464855, 0.832441, 0.301582, 0.325291, -0.87658, -0.384786, -0.289047, -0.0, 0.0, 0.0, 0.0, 1.0],
                [0.111559, -0.420817, 0.900259, -0.0, -0.097822, 0.896864, 0.431352, 0.325291, -0.988931, -0.136187, 0.058888, -0.0, 0.0, 0.0, 0.0, 1.0],
                [0.139824, -0.427805, 0.89299, 0.0, -0.048335, 0.897826, 0.437689, 0.325291, -0.988996, -0.104362, 0.10486, -0.0, 0.0, 0.0, 0.0, 1.0],
                [0.175195, -0.438062, 0.881707, 0.0, 0.015528, 0.896677, 0.442413, 0.325291, -0.984411, -0.063818, 0.163896, -0.0, 0.0, 0.0, 0.0, 1.0],
                [0.283638, -0.48209, 0.828938, -0.0, 0.227408, 0.873596, 0.43025, 0.325291, -0.931577, 0.066472, 0.357416, -0.0, 0.0, 0.0, 0.0, 1.0],
                [0.287301, -0.483983, 0.82657, -0.0, 0.235084, 0.872187, 0.428981, 0.325291, -0.928544, 0.071066, 0.364357, -0.0, 0.0, 0.0, 0.0, 1.0]
            ]
        },
        {
            "name": "Hand_L",
            "time": [0.0, 0.2083, 0.4167, 0.625, 0.8333, 1.875, 2.0, 2.1667, 3.2917, 16.625],
            "transform": [
                [1.0, -0.0, 0.0, -0.0, 0.0, 0.373375, -0.927681, 0.799181, 0.0, 0.927681, 0.373374, 0.0, 0.0, 0.0, 0.0, 1.0],
                [1.0, -0.0, 0.0, 0.0, 0.0, 0.381092, -0.924537, 0.799181, 0.0, 0.924537, 0.381092, -0.0, 0.0, 0.0, 0.0, 1.0],
                [1.0, -0.0, 0.0, 0.0, 0.0, 0.403737, -0.914875, 0.799181, 0.0, 0.914875, 0.403737, 0.0, 0.0, 0.0, 0.0, 1.0],
                [1.0, -0.0, 0.0, -0.0, 0.0, 0.440975, -0.897519, 0.799181, 0.0, 0.897519, 0.440975, -0.0, 0.0, 0.0, 0.0, 1.0],
                [1.0, -0.0, 0.0, 0.0, 0.0, 0.491585, -0.87083, 0.799181, 0.0, 0.87083, 0.491585, 0.0, 0.0, 0.0, 0.0, 1.0],
                [1.0, -0.0, 0.0, 0.0, 0.0, 0.822551, -0.568691, 0.799181, 0.0, 0.568691, 0.822551, 0.0, 0.0, 0.0, 0.0, 1.0],
                [1.0, -0.0, 0.0, 0.0, 0.0, 0.853442, -0.521188, 0.799181, -0.0, 0.521188, 0.853442, 0.0, 0.0, 0.0, 0.0, 1.0],
                [1.0, -0.0, 0.0, -0.0, 0.0, 0.889066, -0.457779, 0.799181, 0.0, 0.457779, 0.889066, -0.0, 0.0, 0.0, 0.0, 1.0],
                [1.0, -0.0, 0.0, 0.0, 0.0, 0.973121, -0.230296, 0.799181, -0.0, 0.230296, 0.973121, -0.0, 0.0, 0.0, 0.0, 1.0],
                [1.0, -0.0, 0.0, -0.0, 0.0, 0.97515, -0.221546, 0.799181, -0.0, 0.221546, 0.97515, 0.0, 0.0, 0.0, 0.0, 1.0]
            ]
        },
        {
            "name": "Tool_L",
            "time": [0.0, 0.2083, 0.4167, 0.625, 0.8333, 1.875, 2.0, 2.1667, 3.2917, 16.625],
            "transform": [
                [1.0, 0.0, 0.0, 0.0, -0.0, -0.999524, -0.030857, 0.781441, 0.0, 0.030857, -0.999544, -0.0, 0.0, 0.0, 0.0, 1.0],
                [1.0, -0.0, 0.0, 0.0, 0.0, -0.999524, -0.030857, 0.78144, 0.0, 0.030857, -0.999544, -0.0, 0.0, 0.0, 0.0, 1.0],
                [1.0, -0.0, 0.0, 0.0, 0.0, -0.999524, -0.030857, 0.78144, 0.0, 0.030857, -0.999544, -0.0, 0.0, 0.0, 0.0, 1.0],
                [1.0, 0.0, 0.0, 0.0, -0.0, -0.999524, -0.030857, 0.78144, 0.0, 0.030857, -0.999544, 0.0, 0.0, 0.0, 0.0, 1.0],
                [1.0, -0.0, 0.0, 0.0, -0.0, -0.999524, -0.030857, 0.78144, 0.0, 0.030857, -0.999544, 0.0, 0.0, 0.0, 0.0, 1.0],
                [1.0, -0.0, 0.0, 0.0, 0.0, -0.999524, -0.030857, 0.78144, 0.0, 0.030857, -0.999544, 0.0, 0.0, 0.0, 0.0, 1.0],
                [1.0, -0.0, 0.0, 0.0, -0.0, -0.999524, -0.030857, 0.781441, 0.0, 0.030857, -0.999544, 0.0, 0.0, 0.0, 0.0, 1.0],
                [1.0, 0.0, 0.0, 0.0, -0.0, -0.999524, -0.030857, 0.78144, 0.0, 0.030857, -0.999544, 0.0, 0.0, 0.0, 0.0, 1.0],
                [1.0, -0.0, 0.0, 0.0, 0.0, -0.999524, -0.030857, 0.78144, 0.0, 0.030857, -0.999544, 0.0, 0.0, 0.0, 0.0, 1.0],
                [1.0, -0.0, 0.0, 0.0, 0.0, -0.999524, -0.030857, 0.78144, 0.0, 0.030857, -0.999544, 0.0, 0.0, 0.0, 0.0, 1.0]
            ]
        },
        {
            "name": "Head",
            "time": [0.0, 0.2083, 0.4167, 0.625, 0.8333, 1.875, 2.0, 2.1667, 3.2917, 16.625],
            "transform": [
                [1.0, 0.0, -0.0, 0.0, -0.0, 0.999699, -0.024548, 0.399999, -0.0, 0.024548, 0.999699, -0.0, 0.0, 0.0, 0.0, 1.0],
                [1.0, 0.0, -0.0, 0.0, -0.0, 0.999698, -0.024574, 0.399999, -0.0, 0.024574, 0.999698, 0.0, 0.0, 0.0, 0.0, 1.0],
                [1.0, 0.0, -0.0, -0.0, -0.0, 0.999694, -0.024745, 0.399999, -0.0, 0.024745, 0.999694, -0.0, 0.0, 0.0, 0.0, 1.0],
                [1.0, 0.0, -0.0, 0.0, -0.0, 0.999683, -0.025197, 0.399999, -0.0, 0.025197, 0.999683, -0.0, 0.0, 0.0, 0.0, 1.0],
                [1.0, 0.0, -0.0, -0.0, -0.0, 0.99966, -0.026084, 0.399999, -0.0, 0.026084, 0.99966, 0.0, 0.0, 0.0, 0.0, 1.0],
                [1.0, 0.0, -0.0, 0.0, -0.0, 0.998493, -0.054891, 0.399999, -0.0, 0.054891, 0.998492, 0.0, 0.0, 0.0, 0.0, 1.0],
                [1.0, 0.0, -0.0, 0.0, -0.0, 0.981688, -0.190496, 0.399999, -0.0, 0.190496, 0.981688, -0.0, 0.0, 0.0, 0.0, 1.0],
                [1.0, 0.0, -0.0, 0.0, -0.0, 0.998453, -0.055601, 0.399999, -0.0, 0.055601, 0.998453, -0.0, 0.0, 0.0, 0.0, 1.0],
                [1.0, 0.0, -0.0, 0.0, -0.0, 0.998453, -0.055601, 0.399999, -0.0, 0.055601, 0.998453, 0.0, 0.0, 0.0, 0.0, 1.0],
                [1.0, 0.0, -0.0, -0.0, -0.0, 0.998453, -0.055601, 0.399999, -0.0, 0.055601, 0.998453, -0.0, 0.0, 0.0, 0.0, 1.0]
            ]
        },
        {
            "name": "Head_Top",
            "time": [0.0, 0.2083, 0.4167, 0.625, 0.8333, 1.875, 2.0, 2.1667, 3.2917, 16.625],
            "transform": [
                [1.0, -0.0, 0.0, 0.0, 0.0, 1.0, 0.0, 0.196375, -0.0, 0.0, 1.0, -0.0, 0.0, 0.0, 0.0, 1.0],
                [1.0, -0.0, 0.0, 0.0, 0.0, 1.0, 0.0, 0.196375, -0.0, 0.0, 1.0, 0.0, 0.0, 0.0, 0.0, 1.0],
                [1.0, -0.0, 0.0, 0.0, 0.0, 1.0, 0.0, 0.196375, -0.0, 0.0, 1.0, 0.0, 0.0, 0.0, 0.0, 1.0],
                [1.0, -0.0, 0.0, -0.0, 0.0, 1.0, 0.0, 0.196375, -0.0, 0.0, 1.0, 0.0, 0.0, 0.0, 0.0, 1.0],
                [1.0, -0.0, 0.0, -0.0, 0.0, 1.0, 0.0, 0.196375, -0.0, 0.0, 1.0, 0.0, 0.0, 0.0, 0.0, 1.0],
                [1.0, -0.0, 0.0, 0.0, 0.0, 1.0, 0.0, 0.196375, -0.0, 0.0, 1.0, 0.0, 0.0, 0.0, 0.0, 1.0],
                [1.0, -0.0, 0.0, -0.0, 0.0, 1.0, 0.0, 0.196375, -0.0, -0.0, 1.0, 0.0, 0.0, 0.0, 0.0, 1.0],
                [1.0, -0.0, 0.0, 0.0, 0.0, 1.0, 0.0, 0.196375, -0.0, 0.0, 1.0, -0.0, 0.0, 0.0, 0.0, 1.0],
                [1.0, -0.0, 0.0, 0.0, 0.0, 1.0, 0.0, 0.196375, -0.0, 0.0, 1.0, 0.0, 0.0, 0.0, 0.0, 1.0],
                [1.0, -0.0, 0.0, 0.0, 0.0, 1.0, 0.0, 0.196375, -0.0, 0.0, 1.0, -0.0, 0.0, 0.0, 0.0, 1.0]
            ]
        }
    ]
}