{
    "animation": [
        {
            "name": "Root",
            "time": [0.0, 0.1333, 0.2667, 0.45, 0.6667, 0.7167, 0.7667, 0.8667, 1.0833, 1.15, 1.6667],
            "transform": [
                [0.921056, 0.006088, -0.389383, -5e-06, -0.389431, 0.014399, -0.920943, -1e-06, 0.0, 0.999878, 0.015633, 1.154242, 0.0, 0.0, 0.0, 1.0],
                [0.921056, 0.006088, -0.389383, -5e-06, -0.383977, 0.180946, -0.905439, -1e-06, 0.064945, 0.983474, 0.168999, 0.795372, 0.0, 0.0, 0.0, 1.0],
                [-0.318359, -0.01482, 0.947854, -0.193666, 0.94797, -0.004977, 0.318321, 2.133818, -0.0, 0.999878, 0.015633, 2.091666, 0.0, 0.0, 0.0, 1.0],
                [-0.707723, -0.011045, 0.706404, -0.193666, 0.70649, -0.011064, 0.707637, 3.316137, -0.0, 0.999878, 0.015633, 2.153689, 0.0, 0.0, 0.0, 1.0],
                [-0.959898, 0.004383, -0.280315, -0.193666, -0.280349, -0.015006, 0.959781, 3.826887, -0.0, 0.999878, 0.015633, 2.135242, 0.0, 0.0, 0.0, 1.0],
                [-0.59599, 0.012553, -0.802894, -0.152553, -0.802992, -0.009317, 0.595917, 5.137717, 0.0, 0.999878, 0.015633, 2.108719, 0.0, 0.0, 0.0, 1.0],
                [0.246393, 0.015151, -0.969051, -0.077393, -0.96917, 0.003852, -0.246363, 6.039306, 0.0, 0.999878, 0.015633, 2.111089, 0.0, 0.0, 0.0, 1.0],
                [0.878, 0.007483, -0.478602, 0.038881, -0.47866, 0.013726, -0.877893, 6.930604, -0.0, 0.999878, 0.015633, 1.6887, 0.0, 0.0, 0.0, 1.0],
                [0.988594, 0.002354, -0.150586, 0.038881, -0.150286, 0.080366, -0.985371, 7.734316, 0.009782, 0.996763, 0.079803, 1.00104, 0.0, 0.0, 0.0, 1.0],
                [0.988594, 0.002354, -0.150586, 0.038881, -0.149762, 0.120943, -0.981297, 7.863856, 0.015902, 0.992657, 0.119916, 0.906973, 0.0, 0.0, 0.0, 1.0],
                [0.988594, 0.002354, -0.150586, 0.038881, -0.149762, 0.120943, -0.981297, 7.863856, 0.015902, 0.992657, 0.119916, 0.906973, 0.0, 0.0, 0.0, 1.0]
            ]
        },
        {
            "name": "Thigh_R",
            "time": [0.0, 0.1333, 0.2667, 0.45, 0.6667, 0.7167, 0.7667, 0.8667, 1.0833, 1.15, 1.6667],
            "transform": [
                [0.913379, 0.391402, 0.111997, 0.124994, 0.40696, -0.870326, -0.277336, -0.061515, -0.011077, 0.298891, -0.954223, -1.2e-05, 0.0, 0.0, 0.0, 1.0],
                [0.901945, 0.422345, -0.090113, 0.124994, 0.430631, -0.895272, 0.114208, -0.061515, -0.03244, -0.141814, -0.989362, -1.2e-05, 0.0, 0.0, 0.0, 1.0],
                [0.951446, 0.14377, 0.272177, 0.124994, 0.105638, -0.983028, 0.14998, -0.061514, 0.289121, -0.113945, -0.950487, -1.2e-05, 0.0, 0.0, 0.0, 1.0],
                [0.942904, 0.093985, 0.319529, 0.124994, 0.026575, -0.97753, 0.209109, -0.061515, 0.332003, -0.188678, -0.924216, -1.2e-05, 0.0, 0.0, 0.0, 1.0],
                [0.945543, 0.107663, 0.307175, 0.124994, 0.051068, -0.981093, 0.186671, -0.061515, 0.321466, -0.160818, -0.933165, -1.2e-05, 0.0, 0.0, 0.0, 1.0],
                [0.971162, 0.050928, 0.232918, 0.124994, 0.04711, -0.998648, 0.021931, -0.061515, 0.23372, -0.010325, -0.972249, -1.2e-05, 0.0, 0.0, 0.0, 1.0],
                [0.996056, 0.057917, 0.067211, 0.124995, 0.058762, -0.998214, -0.010673, -0.061515, 0.066473, 0.014581, -0.997682, -1.2e-05, 0.0, 0.0, 0.0, 1.0],
                [0.964333, 0.104513, -0.243184, 0.124994, 0.128665, -0.987985, 0.085608, -0.061515, -0.231315, -0.113844, -0.966195, -1.2e-05, 0.0, 0.0, 0.0, 1.0],
                [0.892036, 0.384571, 0.237436, 0.124994, 0.342749, -0.91805, 0.19926, -0.061515, 0.294608, -0.096366, -0.950747, -1.1e-05, 0.0, 0.0, 0.0, 1.0],
                [0.88718, 0.398976, 0.231798, 0.124994, 0.374782, -0.916111, 0.142399, -0.061515, 0.269167, -0.039459, -0.962285, -1.3e-05, 0.0, 0.0, 0.0, 1.0],
                [0.88718, 0.398976, 0.231798, 0.124994, 0.374782, -0.916111, 0.142399, -0.061515, 0.269167, -0.039459, -0.962285, -1.3e-05, 0.0, 0.0, 0.0, 1.0]
            ]
        },
        {
            "name": "Leg_R",
            "time": [0.0, 0.1333, 0.2667, 0.45, 0.6667, 0.7167, 0.7667, 0.8667, 1.0833, 1.15, 1.6667],
            "transform": [
                [1.0, -0.0, 1e-06, 0.0, -0.0, 0.902886, 0.429881, 0.694429, -1e-06, -0.429882, 0.902884, 0.0, 0.0, 0.0, 0.0, 1.0],
                [1.0, -1e-06, 0.0, -0.0, -0.0, 0.270391, 0.96275, 0.694429, -1e-06, -0.962752, 0.27039, -0.0, 0.0, 0.0, 0.0, 1.0],
                [1.0, -0.0, 1e-06, 0.0, -0.0, 0.904501, 0.426472, 0.694429, -1e-06, -0.426473, 0.9045, 0.0, 0.0, 0.0, 0.0, 1.0],
                [1.0, -0.0, 1e-06, 0.0, -0.0, 0.959494, 0.281731, 0.694429, -1e-06, -0.281731, 0.959493, -0.0, 0.0, 0.0, 0.0, 1.0],
                [1.0, -0.0, 1e-06, 0.0, -0.0, 0.964592, 0.263751, 0.694429, -1e-06, -0.263752, 0.96459, -0.0, 0.0, 0.0, 0.0, 1.0],
                [1.0, -0.0, 0.0, 0.0, 0.0, 0.99995, 0.01009, 0.694429, -0.0, -0.01009, 0.999948, -0.0, 0.0, 0.0, 0.0, 1.0],
                [1.0, -0.0, 1e-06, 0.0, 0.0, 0.999952, 0.009917, 0.694429, -1e-06, -0.009917, 0.99995, -0.0, 0.0, 0.0, 0.0, 1.0],
                [1.0, -0.0, 1e-06, -0.0, -0.0, 0.872696, 0.488266, 0.694429, -1e-06, -0.488266, 0.872694, -0.0, 0.0, 0.0, 0.0, 1.0],
                [1.0, -1e-06, 0.0, -0.0, 0.0, 0.284042, 0.958811, 0.694429, -1e-06, -0.958813, 0.284042, -1e-06, 0.0, 0.0, 0.0, 1.0],
                [1.0, -1e-06, 0.0, 0.0, 0.0, 0.262887, 0.964826, 0.694429, -1e-06, -0.964828, 0.262887, 0.0, 0.0, 0.0, 0.0, 1.0],
                [1.0, -1e-06, 0.0, 0.0, 0.0, 0.262887, 0.964826, 0.694429, -1e-06, -0.964828, 0.262887, 0.0, 0.0, 0.0, 0.0, 1.0]
            ]
        },
        {
            "name": "Thigh_L",
            "time": [0.0, 0.1333, 0.2667, 0.45, 0.6667, 0.7167, 0.7667, 0.8667, 1.0833, 1.15, 1.6667],
            "transform": [
                [0.902629, -0.39531, -0.170266, -0.125006, -0.062636, -0.51201, 0.856693, -0.061515, -0.425837, -0.762611, -0.486916, -1.2e-05, 0.0, 0.0, 0.0, 1.0],
                [0.897033, -0.416569, 0.147658, -0.125006, -0.096821, 0.140758, 0.985298, -0.061515, -0.431229, -0.898141, 0.085931, -1.2e-05, 0.0, 0.0, 0.0, 1.0],
                [0.811534, -0.581385, -0.058343, -0.125006, -0.57653, -0.812969, 0.081822, -0.061515, -0.095001, -0.032765, -0.994938, -1.2e-05, 0.0, 0.0, 0.0, 1.0],
                [-0.197933, -0.707979, 0.677929, -0.125006, -0.972388, 0.229048, -0.044704, -0.061515, -0.123629, -0.668059, -0.733767, -1.2e-05, 0.0, 0.0, 0.0, 1.0],
                [0.143866, -0.330697, 0.932707, -0.125006, -0.784205, 0.536776, 0.311278, -0.061515, -0.603593, -0.776216, -0.18211, -1.2e-05, 0.0, 0.0, 0.0, 1.0],
                [0.064729, -0.906722, 0.416732, -0.125006, -0.997811, -0.064468, 0.014717, -0.061515, 0.013521, -0.416772, -0.90891, -1.2e-05, 0.0, 0.0, 0.0, 1.0],
                [-0.075628, -0.947605, 0.310363, -0.125006, -0.985309, 0.023222, -0.169196, -0.061515, 0.153124, -0.3186, -0.93544, -1.2e-05, 0.0, 0.0, 0.0, 1.0],
                [0.16461, -0.913823, 0.371255, -0.125005, -0.983936, -0.178497, -0.003095, -0.061515, 0.069097, -0.364781, -0.928526, -1.2e-05, 0.0, 0.0, 0.0, 1.0],
                [0.793073, -0.577737, 0.193017, -0.125006, -0.455001, -0.351199, 0.818311, -0.061515, -0.404981, -0.736803, -0.541397, -1.1e-05, 0.0, 0.0, 0.0, 1.0],
                [0.761002, -0.573841, 0.302624, -0.125006, -0.510953, -0.242722, 0.824629, -0.061515, -0.399753, -0.782171, -0.477918, -1.1e-05, 0.0, 0.0, 0.0, 1.0],
                [0.761002, -0.573841, 0.302624, -0.125006, -0.510953, -0.242722, 0.824629, -0.061515, -0.399753, -0.782171, -0.477918, -1.1e-05, 0.0, 0.0, 0.0, 1.0]
            ]
        },
        {
            "name": "Leg_L",
            "time": [0.0, 0.1333, 0.2667, 0.45, 0.6667, 0.7167, 0.7667, 0.8667, 1.0833, 1.15, 1.6667],
            "transform": [
                [1.0, -1e-06, 1e-06, -0.0, -1e-06, 0.321269, 0.946988, 0.694429, -1e-06, -0.946987, 0.32127, -0.0, 0.0, 0.0, 0.0, 1.0],
                [1.0, -1e-06, 2e-06, 0.0, -2e-06, -0.309316, 0.95096, 0.694429, -0.0, -0.950959, -0.309316, -0.0, 0.0, 0.0, 0.0, 1.0],
                [1.0, -0.0, 1e-06, -0.0, -0.0, 0.90182, 0.432111, 0.694429, -1e-06, -0.432111, 0.901821, -0.0, 0.0, 0.0, 0.0, 1.0],
                [1.0, -1e-06, 0.0, -0.0, -0.0, 0.056747, 0.998389, 0.694429, -1e-06, -0.998388, 0.056747, -0.0, 0.0, 0.0, 0.0, 1.0],
                [1.0, -1e-06, 0.0, 0.0, -0.0, -0.038684, 0.999252, 0.694429, -1e-06, -0.999251, -0.038684, -0.0, 0.0, 0.0, 0.0, 1.0],
                [1.0, -0.0, 2e-06, 0.0, 0.0, 0.999944, 0.010557, 0.694429, -2e-06, -0.010557, 0.999945, -1e-06, 0.0, 0.0, 0.0, 1.0],
                [1.0, -0.0, 1e-06, 0.0, 0.0, 0.999953, 0.009661, 0.69443, -1e-06, -0.009661, 0.999954, -0.0, 0.0, 0.0, 0.0, 1.0],
                [1.0, -0.0, 1e-06, -0.0, 0.0, 0.977985, 0.208675, 0.694428, -1e-06, -0.208675, 0.977985, -0.0, 0.0, 0.0, 0.0, 1.0],
                [1.0, -1e-06, 1e-06, 0.0, -1e-06, 0.404411, 0.914577, 0.694429, -1e-06, -0.914577, 0.404412, 0.0, 0.0, 0.0, 0.0, 1.0],
                [1.0, -1e-06, 4e-06, -0.0, -4e-06, 0.178464, 0.983947, 0.694429, -2e-06, -0.983946, 0.178464, 0.0, 0.0, 0.0, 0.0, 1.0],
                [1.0, -1e-06, 4e-06, -0.0, -4e-06, 0.178464, 0.983947, 0.694429, -2e-06, -0.983946, 0.178464, 0.0, 0.0, 0.0, 0.0, 1.0]
            ]
        },
        {
            "name": "Torso",
            "time": [0.0, 1.6667],
            "transform": [
                [1.0, -0.0, 0.0, -0.0, 0.0, 1.0, -0.0, 0.05, 0.0, 0.0, 1.0, 0.0, 0.0, 0.0, 0.0, 1.0],
                [1.0, 0.0, 0.0, -0.0, -0.0, 1.0, 0.0, 0.05, -0.0, 0.0, 1.0, -0.0, 0.0, 0.0, 0.0, 1.0]
            ]
        },
        {
            "name": "Chest",
            "time": [0.0, 0.1333, 0.2667, 0.45, 0.6667, 0.7167, 0.7667, 1.6667],
            "transform": [
                [1.0, -0.0, 0.0, -0.0, -0.0, 0.953871, 0.300218, 0.3, -0.0, -0.300218, 0.953871, -0.0, 0.0, 0.0, 0.0, 1.0],
                [0.997438, -0.065737, -0.028209, 0.0, 0.071363, 0.88716, 0.455911, 0.3, -0.004944, -0.456756, 0.889579, -0.0, 0.0, 0.0, 0.0, 1.0],
                [1.0, 0.0, -0.0, 0.0, -0.0, 0.953871, 0.300218, 0.3, 0.0, -0.300218, 0.953871, -0.0, 0.0, 0.0, 0.0, 1.0],
                [0.724407, -0.217216, 0.654257, -0.0, 0.010777, 0.952513, 0.304306, 0.3, -0.689288, -0.213391, 0.692349, -0.0, 0.0, 0.0, 0.0, 1.0],
                [0.867475, -0.156753, 0.472139, -0.0, 0.007777, 0.953218, 0.302184, 0.3, -0.49742, -0.258465, 0.828112, -0.0, 0.0, 0.0, 0.0, 1.0],
                [0.772636, -0.200037, 0.602511, -0.0, 0.009925, 0.952751, 0.303591, 0.3, -0.634772, -0.228586, 0.738115, 0.0, 0.0, 0.0, 0.0, 1.0],
                [1.0, -0.0, -0.0, 0.0, 0.0, 0.953871, 0.300218, 0.3, 0.0, -0.300218, 0.953871, 0.0, 0.0, 0.0, 0.0, 1.0],
                [1.0, 0.0, 0.0, -0.0, -0.0, 0.953871, 0.300218, 0.3, -0.0, -0.300218, 0.953871, 0.0, 0.0, 0.0, 0.0, 1.0]
            ]
        },
        {
            "name": "Shoulder_R",
            "time": [0.0, 1.6667],
            "transform": [
                [-0.0, 0.963581, 0.267415, -0.0, 0.0, -0.267414, 0.963582, 0.4, 1.0, 0.0, -0.0, -0.0, 0.0, 0.0, 0.0, 1.0],
                [-0.0, 0.963582, 0.267415, 0.0, 0.0, -0.267414, 0.963582, 0.4, 1.0, 0.0, -0.0, 0.0, 0.0, 0.0, 0.0, 1.0]
            ]
        },
        {
            "name": "Arm_R",
            "time": [0.0, 0.1333, 0.2667, 0.45, 0.6667, 0.7167, 0.7667, 0.8667, 1.0833, 1.6667],
            "transform": [
                [-0.010576, 0.436766, -0.899513, 0.0, 0.864432, 0.456175, 0.211336, 0.325291, 0.502639, -0.775333, -0.382378, 0.0, 0.0, 0.0, 0.0, 1.0],
                [-0.010576, 0.436765, -0.899513, -0.0, 0.864432, 0.456175, 0.211336, 0.325291, 0.502639, -0.775333, -0.382378, -0.0, 0.0, 0.0, 0.0, 1.0],
                [0.320947, -0.946946, -0.016936, 0.0, -0.529, -0.164403, -0.832545, 0.325291, 0.785591, 0.276162, -0.553699, 0.0, 0.0, 0.0, 0.0, 1.0],
                [0.320947, -0.946946, -0.016936, -0.0, -0.528999, -0.164403, -0.832545, 0.325291, 0.785591, 0.276162, -0.553698, 0.0, 0.0, 0.0, 0.0, 1.0],
                [0.20814, -0.90306, -0.375713, -0.0, -0.524135, 0.221338, -0.82237, 0.325291, 0.825809, 0.368092, -0.427257, -0.0, 0.0, 0.0, 0.0, 1.0],
                [-0.048221, -0.821802, -0.567728, -0.0, -0.5057, 0.510246, -0.695642, 0.325291, 0.861361, 0.253555, -0.44019, -0.0, 0.0, 0.0, 0.0, 1.0],
                [-0.586113, -0.358467, -0.726618, 0.0, -0.253494, 0.932913, -0.255763, 0.325291, 0.769554, 0.034288, -0.637661, 0.0, 0.0, 0.0, 0.0, 1.0],
                [-0.284444, 0.825181, -0.488025, 0.0, 0.81666, 0.475195, 0.3275, 0.325291, 0.502154, -0.305395, -0.809059, 0.0, 0.0, 0.0, 0.0, 1.0],
                [-0.373611, 0.224384, -0.900037, 0.0, 0.781045, 0.599525, -0.174752, 0.325291, 0.500383, -0.768259, -0.399243, -0.0, 0.0, 0.0, 0.0, 1.0],
                [-0.373611, 0.224384, -0.900037, 1e-06, 0.781045, 0.599525, -0.174752, 0.325291, 0.500383, -0.768259, -0.399243, -0.0, 0.0, 0.0, 0.0, 1.0]
            ]
        },
        {
            "name": "Hand_R",
            "time": [0.0, 0.2667, 0.45, 1.6667],
            "transform": [
                [0.999999, -0.000745, -0.001566, 0.0, -0.000578, 0.708124, -0.706087, 0.799181, 0.001635, 0.706087, 0.708123, -0.0, 0.0, 0.0, 0.0, 1.0],
                [0.999999, -0.000745, -0.001566, -0.0, -0.000578, 0.708125, -0.706087, 0.799181, 0.001635, 0.706087, 0.708123, 0.0, 0.0, 0.0, 0.0, 1.0],
                [0.999998, -0.000745, -0.001566, 0.0, -0.000578, 0.708125, -0.706087, 0.799181, 0.001635, 0.706087, 0.708123, -0.0, 0.0, 0.0, 0.0, 1.0],
                [0.999999, -0.000745, -0.001566, 0.0, -0.000578, 0.708125, -0.706087, 0.799181, 0.001635, 0.706087, 0.708123, -1e-06, 0.0, 0.0, 0.0, 1.0]
            ]
        },
        {
            "name": "Tool_R",
            "time": [0.0, 1.6667],
            "transform": [
                [1.0, 0.0, 0.0, -0.0, 0.0, -0.999524, -0.030857, 0.78144, 0.0, 0.030857, -0.999543, 0.0, 0.0, 0.0, 0.0, 1.0],
                [1.0, 0.0, 0.0, 0.0, 0.0, -0.999524, -0.030857, 0.78144, 0.0, 0.030857, -0.999543, 0.0, 0.0, 0.0, 0.0, 1.0]
            ]
        },
        {
            "name": "Shoulder_L",
            "time": [0.0, 1.6667],
            "transform": [
                [-0.0, -0.963582, -0.267415, -0.0, -0.0, -0.267415, 0.963582, 0.4, -1.0, -0.0, -0.0, -0.0, 0.0, 0.0, 0.0, 1.0],
                [-0.0, -0.963582, -0.267415, 0.0, -0.0, -0.267415, 0.963582, 0.4, -1.0, 0.0, -0.0, 0.0, 0.0, 0.0, 0.0, 1.0]
            ]
        },
        {
            "name": "Arm_L",
            "time": [0.0, 0.1333, 0.2667, 0.45, 0.6667, 0.7167, 0.7667, 0.8667, 1.0833, 1.6667],
            "transform": [
                [-0.226033, -0.419148, 0.879332, 0.0, -0.818624, 0.571, 0.061749, 0.325291, -0.527981, -0.705885, -0.472189, -0.0, 0.0, 0.0, 0.0, 1.0],
                [-0.226033, -0.419148, 0.879332, -0.0, -0.818624, 0.571, 0.061749, 0.325291, -0.527981, -0.705885, -0.472189, -0.0, 0.0, 0.0, 0.0, 1.0],
                [0.005481, -0.791663, 0.610934, 0.0, -0.836742, 0.330908, 0.436306, 0.325291, -0.54757, -0.513585, -0.660604, 0.0, 0.0, 0.0, 0.0, 1.0],
                [0.121737, -0.912869, 0.389681, 0.0, -0.803544, 0.139828, 0.578589, 0.325291, -0.582664, -0.383561, -0.716508, 0.0, 0.0, 0.0, 0.0, 1.0],
                [-0.233131, -0.821212, 0.520827, -0.0, -0.699101, 0.513821, 0.497237, 0.325291, -0.675949, -0.24819, -0.693898, 0.0, 0.0, 0.0, 0.0, 1.0],
                [-0.418559, -0.7939, 0.441057, -0.0, -0.557828, 0.607973, 0.564974, 0.32529, -0.716684, -0.009559, -0.697333, -0.0, 0.0, 0.0, 0.0, 1.0],
                [0.129553, -0.907924, 0.398609, -0.0, -0.882088, 0.078094, 0.464566, 0.325291, -0.45292, -0.411794, -0.790752, -0.0, 0.0, 0.0, 0.0, 1.0],
                [0.119495, -0.924055, 0.363103, -1e-06, -0.853763, 0.091035, 0.512642, 0.325291, -0.506764, -0.371262, -0.778046, 0.0, 0.0, 0.0, 0.0, 1.0],
                [-0.141979, -0.262775, 0.954354, -0.0, -0.857296, 0.514628, 0.01416, 0.325291, -0.494858, -0.816154, -0.298343, -0.0, 0.0, 0.0, 0.0, 1.0],
                [-0.141979, -0.262775, 0.954354, -0.0, -0.857297, 0.514628, 0.01416, 0.325291, -0.494858, -0.816154, -0.298343, 0.0, 0.0, 0.0, 0.0, 1.0]
            ]
        },
        {
            "name": "Hand_L",
            "time": [0.0, 0.1333, 0.2667, 0.45, 0.7167, 0.7667, 0.8667, 1.0833, 1.6667],
            "transform": [
                [0.999958, -0.003421, 0.008547, 0.0, 0.008633, 0.670813, -0.741577, 0.799181, -0.003196, 0.741619, 0.670813, 0.0, 0.0, 0.0, 0.0, 1.0],
                [0.999958, -0.003421, 0.008547, -0.0, 0.008633, 0.670812, -0.741577, 0.799181, -0.003197, 0.741619, 0.670813, -0.0, 0.0, 0.0, 0.0, 1.0],
                [0.999982, -0.004839, -0.003454, 0.0, -0.002647, 0.157928, -0.987447, 0.799181, 0.005324, 0.987439, 0.157912, -1e-06, 0.0, 0.0, 0.0, 1.0],
                [0.999925, -0.008308, -0.008985, 0.0, -0.010125, -0.149294, -0.988741, 0.799181, 0.006873, 0.988758, -0.149367, 0.0, 0.0, 0.0, 0.0, 1.0],
                [0.999925, -0.008308, -0.008985, 0.0, -0.010125, -0.149294, -0.988741, 0.799181, 0.006873, 0.988758, -0.149367, 0.0, 0.0, 0.0, 0.0, 1.0],
                [0.999958, -0.003421, 0.008547, -0.0, 0.008633, 0.670812, -0.741577, 0.799181, -0.003197, 0.741619, 0.670813, -0.0, 0.0, 0.0, 0.0, 1.0],
                [0.999958, -0.003421, 0.008547, 0.0, 0.008633, 0.670813, -0.741577, 0.799181, -0.003197, 0.741619, 0.670814, -0.0, 0.0, 0.0, 0.0, 1.0],
                [0.999958, -0.003421, 0.008547, -0.0, 0.008633, 0.670813, -0.741577, 0.799181, -0.003196, 0.74162, 0.670813, 0.0, 0.0, 0.0, 0.0, 1.0],
                [0.999958, -0.003421, 0.008547, -0.0, 0.008633, 0.670812, -0.741577, 0.799181, -0.003196, 0.74162, 0.670813, 0.0, 0.0, 0.0, 0.0, 1.0]
            ]
        },
        {
            "name": "Tool_L",
            "time": [0.0, 1.6667],
            "transform": [
                [1.0, 0.0, 0.0, 0.0, -0.0, -0.999524, -0.030857, 0.78144, 0.0, 0.030857, -0.999542, -0.0, 0.0, 0.0, 0.0, 1.0],
                [1.0, 0.0, 0.0, 0.0, 0.0, -0.999524, -0.030857, 0.78144, 0.0, 0.030857, -0.999542, 1e-06, 0.0, 0.0, 0.0, 1.0]
            ]
        },
        {
            "name": "Head",
            "time": [0.0, 0.1333, 0.2667, 0.45, 0.6667, 0.7167, 0.7667, 0.8667, 1.0833, 1.15, 1.6667],
            "transform": [
                [0.921173, -0.041808, 0.386901, -0.0, 0.12262, 0.974751, -0.186614, 0.4, -0.36933, 0.219346, 0.903041, -0.0, 0.0, 0.0, 0.0, 1.0],
                [0.921166, 0.093495, 0.377773, -0.0, 0.122527, 0.851672, -0.509551, 0.4, -0.369379, 0.515668, 0.773075, 0.0, 0.0, 0.0, 0.0, 1.0],
                [0.662152, -0.080507, 0.745032, -0.0, 0.236121, 0.965983, -0.105471, 0.4, -0.711197, 0.245756, 0.658637, -0.0, 0.0, 0.0, 0.0, 1.0],
                [-0.526503, -0.03248, 0.849553, -0.0, 0.237632, 0.95382, 0.183737, 0.4, -0.816288, 0.298618, -0.49447, -0.0, 0.0, 0.0, 0.0, 1.0],
                [-0.115155, -0.106719, 0.987598, 0.0, 0.312997, 0.93967, 0.138035, 0.4, -0.942747, 0.325011, -0.074805, -0.0, 0.0, 0.0, 0.0, 1.0],
                [0.681713, -0.078403, 0.727407, 0.0, 0.230443, 0.966645, -0.111778, 0.4, -0.69438, 0.243826, 0.677041, -0.0, 0.0, 0.0, 0.0, 1.0],
                [0.576723, -0.087356, 0.812256, 0.0, 0.25723, 0.963111, -0.079061, 0.4, -0.775386, 0.254533, 0.577919, 0.0, 0.0, 0.0, 0.0, 1.0],
                [0.888121, -0.049378, 0.456951, 0.0, 0.14482, 0.973632, -0.17626, 0.4, -0.436198, 0.222716, 0.871854, 0.0, 0.0, 0.0, 0.0, 1.0],
                [0.986272, -0.00396, 0.165084, 0.0, 0.053314, 0.953812, -0.295637, 0.399999, -0.156288, 0.300379, 0.940928, 1e-06, 0.0, 0.0, 0.0, 1.0],
                [0.986281, 0.001607, 0.165069, 0.0, 0.05381, 0.942206, -0.330686, 0.4, -0.156061, 0.335031, 0.929193, 1e-06, 0.0, 0.0, 0.0, 1.0],
                [0.986281, 0.001607, 0.165069, 0.0, 0.05381, 0.942206, -0.330686, 0.4, -0.156061, 0.335031, 0.929193, 0.0, 0.0, 0.0, 0.0, 1.0]
            ]
        },
        {
            "name": "Head_Top",
            "time": [0.0, 0.1333, 0.2667, 0.45, 0.6667, 0.7167, 0.7667, 0.8667, 1.0833, 1.15, 1.6667],
            "transform": [
                [1.0, 0.0, 0.0, -0.0, -0.0, 1.0, -0.0, 0.196376, 0.0, 0.0, 1.0, 0.0, 0.0, 0.0, 0.0, 1.0],
                [1.0, -0.0, 0.0, -0.0, -0.0, 1.0, 0.0, 0.196375, -0.0, -0.0, 1.0, 0.0, 0.0, 0.0, 0.0, 1.0],
                [1.0, 0.0, -0.0, -0.0, -0.0, 1.0, 0.0, 0.196376, 0.0, 0.0, 1.0, -0.0, 0.0, 0.0, 0.0, 1.0],
                [1.0, -0.0, -0.0, -0.0, 0.0, 1.0, 0.0, 0.196375, 0.0, 0.0, 1.0, -0.0, 0.0, 0.0, 0.0, 1.0],
                [1.0, -0.0, 0.0, -0.0, 0.0, 1.0, -0.0, 0.196375, 0.0, 0.0, 1.0, -0.0, 0.0, 0.0, 0.0, 1.0],
                [1.0, -0.0, 0.0, -0.0, 0.0, 1.0, -0.0, 0.196375, 0.0, -0.0, 1.0, -0.0, 0.0, 0.0, 0.0, 1.0],
                [1.0, -0.0, 0.0, -1e-06, 0.0, 1.0, 0.0, 0.196376, -0.0, -0.0, 1.0, 0.0, 0.0, 0.0, 0.0, 1.0],
                [1.0, 0.0, 0.0, -0.0, -0.0, 1.0, 0.0, 0.196376, -0.0, 0.0, 1.0, -1e-06, 0.0, 0.0, 0.0, 1.0],
                [1.0, -0.0, 0.0, -0.0, 0.0, 1.0, -0.0, 0.196375, -0.0, 0.0, 1.0, -1e-06, 0.0, 0.0, 0.0, 1.0],
                [1.0, -0.0, -0.0, -0.0, 0.0, 1.0, -0.0, 0.196375, 0.0, -0.0, 1.0, -0.0, 0.0, 0.0, 0.0, 1.0],
                [1.0, -0.0, 0.0, -0.0, 0.0, 1.0, -0.0, 0.196375, 0.0, 0.0, 1.0, 0.0, 0.0, 0.0, 0.0, 1.0]
            ]
        }
    ]
}