{
    "animation": [
        {
            "name": "Root",
            "time": [0.0, 0.3333, 1.0],
            "transform": [
                [1.0, 0.0, 0.0, -5e-06, 0.0, 0.652009, -0.758212, -1e-06, 0.0, 0.758212, 0.652009, 1.53197, 0.0, 0.0, 0.0, 1.0],
                [1.0, 0.0, 0.0, -5e-06, 0.0, 0.652009, -0.758212, -1e-06, 0.0, 0.758212, 0.652009, 1.214573, 0.0, 0.0, 0.0, 1.0],
                [1.0, 0.0, 0.0, -5e-06, 0.0, 0.652009, -0.758212, -1e-06, 0.0, 0.758212, 0.652009, 1.214573, 0.0, 0.0, 0.0, 1.0]
            ]
        },
        {
            "name": "Thigh_R",
            "time": [0.0, 0.3333, 1.0],
            "transform": [
                [0.931183, 0.291938, 0.218335, 0.124994, 0.124005, -0.816855, 0.563355, -0.061515, 0.342813, -0.497512, -0.796845, -1.2e-05, 0.0, 0.0, 0.0, 1.0],
                [0.917887, 0.38568, 0.093456, 0.124994, 0.216386, -0.683828, 0.696819, -0.061515, 0.332657, -0.619377, -0.711133, -1.2e-05, 0.0, 0.0, 0.0, 1.0],
                [0.917887, 0.38568, 0.093456, 0.124994, 0.216386, -0.683828, 0.696819, -0.061515, 0.332657, -0.619377, -0.711133, -1.2e-05, 0.0, 0.0, 0.0, 1.0]
            ]
        },
        {
            "name": "Leg_R",
            "time": [0.0, 0.3333, 1.0],
            "transform": [
                [1.0, 0.0, -0.0, -0.0, -0.0, 0.679517, 0.73366, 0.906668, 0.0, -0.733661, 0.679516, -0.0, 0.0, 0.0, 0.0, 1.0],
                [1.0, 0.0, 0.0, 0.0, -0.0, 0.114612, 0.99341, 0.906668, 0.0, -0.993411, 0.114612, -0.0, 0.0, 0.0, 0.0, 1.0],
                [1.0, 0.0, 0.0, 0.0, -0.0, 0.114612, 0.99341, 0.906668, 0.0, -0.993411, 0.114612, -0.0, 0.0, 0.0, 0.0, 1.0]
            ]
        },
        {
            "name": "Knee_R",
            "time": [0.0, 1.0],
            "transform": [
                [1.0, -0.0, -0.0, 0.0, -0.0, 0.0, -1.0, 0.937074, 0.0, 1.0, 0.0, -0.0, 0.0, 0.0, 0.0, 1.0],
                [1.0, -0.0, -0.0, 0.0, -0.0, 0.0, -1.0, 0.963811, 0.0, 1.0, 0.0, -0.0, 0.0, 0.0, 0.0, 1.0]
            ]
        },
        {
            "name": "Thigh_L",
            "time": [0.0, 0.3333, 1.0],
            "transform": [
                [0.822867, -0.487747, -0.291534, -0.125006, 0.387727, 0.106882, 0.915557, -0.061515, -0.4154, -0.866417, 0.277063, -1.2e-05, 0.0, 0.0, 0.0, 1.0],
                [0.813635, -0.578791, -0.054762, -0.125006, 0.412045, 0.507642, 0.756649, -0.061515, -0.410143, -0.6382, 0.651524, -1.2e-05, 0.0, 0.0, 0.0, 1.0],
                [0.813635, -0.578791, -0.054762, -0.125006, 0.412045, 0.507642, 0.756649, -0.061515, -0.410143, -0.6382, 0.651524, -1.2e-05, 0.0, 0.0, 0.0, 1.0]
            ]
        },
        {
            "name": "Leg_L",
            "time": [0.0, 0.3333, 1.0],
            "transform": [
                [1.0, -0.0, 1e-06, 0.0, -0.0, 0.510834, 0.859679, 0.906668, -1e-06, -0.859679, 0.510835, 0.0, 0.0, 0.0, 0.0, 1.0],
                [1.0, -1e-06, -0.0, -0.0, 0.0, -0.053989, 0.998542, 0.906668, -1e-06, -0.998541, -0.053989, -0.0, 0.0, 0.0, 0.0, 1.0],
                [1.0, -1e-06, -0.0, -0.0, 0.0, -0.053989, 0.998542, 0.906668, -1e-06, -0.998541, -0.053989, -0.0, 0.0, 0.0, 0.0, 1.0]
            ]
        },
        {
            "name": "Knee_L",
            "time": [0.0, 1.0],
            "transform": [
                [1.0, -0.0, -0.0, -0.0, -0.0, 0.0, -1.0, 0.945994, 0.0, 1.0, 0.0, 0.0, 0.0, 0.0, 0.0, 1.0],
                [1.0, -0.0, -0.0, -0.0, -0.0, 0.0, -1.0, 0.968668, 0.0, 1.0, 0.0, -0.0, 0.0, 0.0, 0.0, 1.0]
            ]
        },
        {
            "name": "Torso",
            "time": [0.0, 1.0],
            "transform": [
                [1.0, 0.0, 0.0, -0.0, 0.0, 1.0, -0.0, 0.05, 0.0, 0.0, 1.0, -0.0, 0.0, 0.0, 0.0, 1.0],
                [1.0, 0.0, 0.0, -0.0, 0.0, 1.0, -0.0, 0.05, 0.0, 0.0, 1.0, 0.0, 0.0, 0.0, 0.0, 1.0]
            ]
        },
        {
            "name": "Chest",
            "time": [0.0, 1.0],
            "transform": [
                [1.0, -0.0, -0.0, 0.0, 0.0, 0.995972, 0.089668, 0.3, 0.0, -0.089668, 0.995972, 0.0, 0.0, 0.0, 0.0, 1.0],
                [1.0, -0.0, -0.0, 0.0, 0.0, 0.995972, 0.089668, 0.3, 0.0, -0.089668, 0.995972, -0.0, 0.0, 0.0, 0.0, 1.0]
            ]
        },
        {
            "name": "Shoulder_R",
            "time": [0.0, 1.0],
            "transform": [
                [-0.0, 0.963582, 0.267415, -0.0, 0.0, -0.267414, 0.963582, 0.4, 1.0, -0.0, -0.0, -0.0, 0.0, 0.0, 0.0, 1.0],
                [-0.0, 0.963582, 0.267415, -0.0, 0.0, -0.267414, 0.963582, 0.4, 1.0, -0.0, -0.0, -0.0, 0.0, 0.0, 0.0, 1.0]
            ]
        },
        {
            "name": "Arm_R",
            "time": [0.0, 0.3333, 1.0],
            "transform": [
                [0.027182, -0.865089, -0.500882, 0.0, 0.9589, 0.164139, -0.231451, 0.325291, 0.28244, -0.474004, 0.833995, -0.0, 0.0, 0.0, 0.0, 1.0],
                [0.01664, -0.529574, -0.8481, 0.0, 0.955984, 0.256945, -0.141685, 0.325291, 0.292948, -0.808413, 0.51054, -0.0, 0.0, 0.0, 0.0, 1.0],
                [0.01664, -0.529574, -0.8481, 0.0, 0.955984, 0.256945, -0.141685, 0.325291, 0.292948, -0.808413, 0.51054, 0.0, 0.0, 0.0, 0.0, 1.0]
            ]
        },
        {
            "name": "Hand_R",
            "time": [0.0, 0.3333, 1.0],
            "transform": [
                [1.0, -0.0, -0.0, -0.0, 0.0, 0.99948, 0.032249, 0.880269, 0.0, -0.032249, 0.99948, -0.0, 0.0, 0.0, 0.0, 1.0],
                [1.0, -0.0, -0.0, 0.0, 0.0, 0.446774, -0.894647, 0.880269, 0.0, 0.894647, 0.446775, -0.0, 0.0, 0.0, 0.0, 1.0],
                [1.0, -0.0, -0.0, -0.0, 0.0, 0.446774, -0.894647, 0.880269, 0.0, 0.894647, 0.446775, 0.0, 0.0, 0.0, 0.0, 1.0]
            ]
        },
        {
            "name": "Tool_R",
            "time": [0.0, 1.0],
            "transform": [
                [1.0, -0.0, 0.0, 0.0, -0.0, -0.999315, -0.036999, 0.93026, 0.0, 0.036999, -0.999342, 0.0, 0.0, 0.0, 0.0, 1.0],
                [1.0, -0.0, 0.0, -0.0, -0.0, -0.999315, -0.036999, 0.93026, 0.0, 0.036999, -0.999342, 0.0, 0.0, 0.0, 0.0, 1.0]
            ]
        },
        {
            "name": "Elbow_R",
            "time": [0.0, 0.3333, 1.0],
            "transform": [
                [-1.0, 0.0, 0.0, -0.0, -0.0, -0.0, -1.0, 0.880269, -0.0, -1.0, 0.0, -0.0, 0.0, 0.0, 0.0, 1.0],
                [-1.0, 0.0, 0.0, -0.0, -0.0, -0.0, -1.0, 0.916553, -0.0, -1.0, 0.0, -0.0, 0.0, 0.0, 0.0, 1.0],
                [-1.0, 0.0, 0.0, -0.0, -0.0, -0.0, -1.0, 0.916553, -0.0, -1.0, 0.0, 0.0, 0.0, 0.0, 0.0, 1.0]
            ]
        },
        {
            "name": "Shoulder_L",
            "time": [0.0, 1.0],
            "transform": [
                [-0.0, -0.963582, -0.267415, -0.0, -0.0, -0.267415, 0.963582, 0.4, -1.0, 0.0, -0.0, -0.0, 0.0, 0.0, 0.0, 1.0],
                [0.0, -0.963582, -0.267415, -0.0, -0.0, -0.267415, 0.963582, 0.4, -1.0, -0.0, -0.0, -0.0, 0.0, 0.0, 0.0, 1.0]
            ]
        },
        {
            "name": "Arm_L",
            "time": [0.0, 0.3333, 1.0],
            "transform": [
                [0.064869, -0.564999, 0.822538, 0.0, -0.579446, 0.649747, 0.492007, 0.325291, -0.812425, -0.508532, -0.285238, -0.0, 0.0, 0.0, 0.0, 1.0],
                [0.005009, -0.625421, 0.780272, 0.0, -0.578558, 0.634613, 0.512384, 0.325291, -0.815626, -0.453999, -0.358663, 0.0, 0.0, 0.0, 0.0, 1.0],
                [0.005009, -0.625421, 0.780272, -0.0, -0.578558, 0.634613, 0.512384, 0.325291, -0.815626, -0.453999, -0.358663, 0.0, 0.0, 0.0, 0.0, 1.0]
            ]
        },
        {
            "name": "Hand_L",
            "time": [0.0, 1.0],
            "transform": [
                [1.0, 0.0, 0.0, -0.0, 0.0, 0.656814, -0.754053, 0.880269, -0.0, 0.754053, 0.656814, -0.0, 0.0, 0.0, 0.0, 1.0],
                [1.0, 0.0, 0.0, 0.0, 0.0, 0.656814, -0.754053, 0.880269, -0.0, 0.754053, 0.656814, -0.0, 0.0, 0.0, 0.0, 1.0]
            ]
        },
        {
            "name": "Tool_L",
            "time": [0.0, 1.0],
            "transform": [
                [1.0, 0.0, 0.0, -0.0, 0.0, -0.999315, -0.036999, 0.93026, 0.0, 0.036999, -0.999343, 0.0, 0.0, 0.0, 0.0, 1.0],
                [1.0, -0.0, 0.0, 0.0, 0.0, -0.999315, -0.036999, 0.93026, 0.0, 0.036999, -0.999343, 0.0, 0.0, 0.0, 0.0, 1.0]
            ]
        },
        {
            "name": "Elbow_L",
            "time": [0.0, 1.0],
            "transform": [
                [-1.0, 0.0, 0.0, 0.0, -0.0, 0.0, -1.0, 0.915258, -0.0, -1.0, -0.0, 0.0, 0.0, 0.0, 0.0, 1.0],
                [-1.0, 0.0, 0.0, -0.0, -0.0, 0.0, -1.0, 0.915258, -0.0, -1.0, -0.0, -0.0, 0.0, 0.0, 0.0, 1.0]
            ]
        },
        {
            "name": "Head",
            "time": [0.0, 1.0],
            "transform": [
                [1.0, 0.0, 0.0, -0.0, 0.0, 0.719045, -0.694963, 0.4, 0.0, 0.694963, 0.719045, -0.0, 0.0, 0.0, 0.0, 1.0],
                [1.0, 0.0, -0.0, -0.0, 0.0, 0.719045, -0.694963, 0.4, 0.0, 0.694963, 0.719045, -0.0, 0.0, 0.0, 0.0, 1.0]
            ]
        },
        {
            "name": "Head_Top",
            "time": [0.0, 1.0],
            "transform": [
                [1.0, -0.0, 0.0, -0.0, -0.0, 1.0, 0.0, 0.196376, -0.0, -0.0, 1.0, 0.0, 0.0, 0.0, 0.0, 1.0],
                [1.0, 0.0, 0.0, -0.0, 0.0, 1.0, 0.0, 0.196375, -0.0, -0.0, 1.0, 0.0, 0.0, 0.0, 0.0, 1.0]
            ]
        }
    ]
}