{
    "animation": [
        {
            "name": "Root",
            "time": [0.0, 0.0833, 0.1667, 0.25, 0.4167, 0.6667, 0.9167, 1.0417],
            "transform": [
                [0.861885, -0.480586, -0.161838, -0.123031, -0.303324, -0.232821, -0.924007, 0.551767, 0.406386, 0.845477, -0.346438, 1.54518, 0.0, 0.0, 0.0, 1.0],
                [0.483106, -0.236762, 0.842943, -0.126581, 0.649066, -0.549311, -0.52628, 0.639909, 0.587641, 0.801375, -0.111701, 1.564943, 0.0, 0.0, 0.0, 1.0],
                [0.124225, -0.058225, 0.990544, -0.127912, 0.731755, -0.668843, -0.131085, 0.67297, 0.670151, 0.74112, -0.04048, 1.572357, 0.0, 0.0, 0.0, 1.0],
                [0.066641, -0.018009, 0.997614, -0.120745, 0.449725, -0.891974, -0.046144, 0.64318, 0.890678, 0.451727, -0.051343, 1.573603, 0.0, 0.0, 0.0, 1.0],
                [0.04242, -0.003859, 0.999093, -0.168422, 0.253463, -0.967237, -0.014498, 0.623344, 0.966415, 0.253848, -0.040052, 1.582049, 0.0, 0.0, 0.0, 1.0],
                [0.535682, -0.277424, 0.797547, -0.133164, 0.596785, -0.543822, -0.590005, 0.731139, 0.597405, 0.792019, -0.125753, 1.560608, 0.0, 0.0, 0.0, 1.0],
                [0.319293, 0.008119, 0.947621, -0.133164, 0.947644, 0.002333, -0.319321, 1.266891, -0.004804, 0.999964, -0.006949, 1.423687, 0.0, 0.0, 0.0, 1.0],
                [0.319293, 0.008119, 0.947621, -0.133164, 0.947644, 0.002333, -0.319321, 1.266891, -0.004804, 0.999964, -0.006949, 1.423687, 0.0, 0.0, 0.0, 1.0]
            ]
        },
        {
            "name": "Thigh_R",
            "time": [0.0, 0.0833, 0.1667, 0.25, 0.4167, 0.6667, 0.9167, 1.0417],
            "transform": [
                [0.662987, -0.079766, -0.744369, 0.124994, 0.711874, -0.240558, 0.659823, -0.061515, -0.231696, -0.967351, -0.102703, -1.2e-05, 0.0, 0.0, 0.0, 1.0],
                [0.628244, -0.589836, -0.507348, 0.124994, 0.693166, 0.12821, 0.709283, -0.061515, -0.353314, -0.797279, 0.489402, -1.2e-05, 0.0, 0.0, 0.0, 1.0],
                [0.600419, -0.718266, -0.351554, 0.124994, 0.698189, 0.256495, 0.668387, -0.061515, -0.389908, -0.646764, 0.65549, -1.2e-05, 0.0, 0.0, 0.0, 1.0],
                [0.879676, -0.065183, -0.471086, 0.124994, 0.326287, -0.637928, 0.697555, -0.061515, -0.345988, -0.767331, -0.539902, -1.2e-05, 0.0, 0.0, 0.0, 1.0],
                [0.966117, 0.257884, -0.010662, 0.124994, 0.258065, -0.965871, 0.022221, -0.061515, -0.004567, -0.02422, -0.999696, -1.2e-05, 0.0, 0.0, 0.0, 1.0],
                [0.96632, 0.124246, -0.225362, 0.124994, 0.255099, -0.347096, 0.902468, -0.061515, 0.033906, -0.929562, -0.367102, -1.2e-05, 0.0, 0.0, 0.0, 1.0],
                [0.295442, 0.454403, 0.840376, 0.124994, 0.004653, -0.880316, 0.474364, -0.061515, 0.955349, -0.136237, -0.262197, -1.2e-05, 0.0, 0.0, 0.0, 1.0],
                [0.295442, 0.454403, 0.840376, 0.124994, 0.004653, -0.880316, 0.474364, -0.061515, 0.955349, -0.136237, -0.262197, -1.2e-05, 0.0, 0.0, 0.0, 1.0]
            ]
        },
        {
            "name": "Leg_R",
            "time": [0.0, 0.0833, 0.1667, 0.25, 0.4167, 0.6667, 0.9167, 1.0417],
            "transform": [
                [1.0, -1e-06, 0.0, -0.0, -0.0, 0.008986, 0.999959, 0.694429, -1e-06, -0.99996, 0.008986, -0.0, 0.0, 0.0, 0.0, 1.0],
                [1.0, -1e-06, 0.0, 0.0, -0.0, -0.074746, 0.997202, 0.694429, -1e-06, -0.997203, -0.074746, 0.0, 0.0, 0.0, 0.0, 1.0],
                [1.0, -1e-06, 0.0, 0.0, -0.0, -0.105729, 0.994395, 0.694429, -1e-06, -0.994396, -0.105728, 0.0, 0.0, 0.0, 0.0, 1.0],
                [1.0, -0.0, 1e-06, -0.0, -0.0, 0.739812, 0.672814, 0.694429, -1e-06, -0.672815, 0.73981, -0.0, 0.0, 0.0, 0.0, 1.0],
                [1.0, 0.0, 1e-06, 0.0, -0.0, 0.999769, 0.021514, 0.694429, -1e-06, -0.021514, 0.999768, 0.0, 0.0, 0.0, 0.0, 1.0],
                [1.0, -1e-06, 1e-06, -0.0, -1e-06, 0.015097, 0.999885, 0.694429, -1e-06, -0.999887, 0.015097, 0.0, 0.0, 0.0, 0.0, 1.0],
                [0.999668, -0.02029, -0.015899, 0.0, 0.025372, 0.883378, 0.467975, 0.694429, 0.00455, -0.468224, 0.883598, -0.0, 0.0, 0.0, 0.0, 1.0],
                [0.999668, -0.02029, -0.015899, 0.0, 0.025372, 0.883378, 0.467975, 0.694429, 0.00455, -0.468224, 0.883598, -0.0, 0.0, 0.0, 0.0, 1.0]
            ]
        },
        {
            "name": "Thigh_L",
            "time": [0.0, 0.0833, 0.1667, 0.25, 0.4167, 0.6667, 0.9167, 1.0417],
            "transform": [
                [0.912797, -0.408357, 0.00672, -0.125006, -0.385862, -0.867673, -0.313456, -0.061515, 0.133833, 0.283529, -0.949579, -1.2e-05, 0.0, 0.0, 0.0, 1.0],
                [0.85749, -0.514471, 0.005527, -0.125006, -0.513199, -0.856034, -0.061899, -0.061514, 0.036577, 0.050241, -0.998067, -1.2e-05, 0.0, 0.0, 0.0, 1.0],
                [0.755935, -0.654472, 0.015066, -0.125006, -0.654566, -0.755284, 0.033004, -0.061515, -0.010221, -0.034811, -0.999341, -1.2e-05, 0.0, 0.0, 0.0, 1.0],
                [0.446309, -0.894621, 0.021489, -0.125006, -0.894831, -0.44591, 0.020996, -0.061515, -0.009201, -0.0286, -0.999548, -1.2e-05, 0.0, 0.0, 0.0, 1.0],
                [0.247436, -0.968768, 0.01623, -0.125006, -0.968893, -0.247479, -0.000672, -0.061515, 0.004668, -0.015559, -0.999868, -1.2e-05, 0.0, 0.0, 0.0, 1.0],
                [0.754609, -0.630561, -0.181541, -0.125006, -0.639099, -0.768989, 0.014456, -0.061515, -0.148719, 0.105115, -0.983277, -1.2e-05, 0.0, 0.0, 0.0, 1.0],
                [0.912937, -0.357887, -0.19612, -0.125006, -0.353156, -0.93365, 0.059819, -0.061515, -0.204516, 0.01465, -0.978753, -1.2e-05, 0.0, 0.0, 0.0, 1.0],
                [0.912937, -0.357887, -0.19612, -0.125006, -0.353156, -0.93365, 0.059819, -0.061515, -0.204516, 0.01465, -0.978753, -1.2e-05, 0.0, 0.0, 0.0, 1.0]
            ]
        },
        {
            "name": "Leg_L",
            "time": [0.0, 1.0417],
            "transform": [
                [1.0, 0.000182, 6.9e-05, 0.0, -0.000187, 0.996648, 0.081803, 0.694429, -5.4e-05, -0.081803, 0.996649, -0.0, 0.0, 0.0, 0.0, 1.0],
                [1.0, 0.000182, 6.9e-05, -0.0, -0.000187, 0.996648, 0.081803, 0.694429, -5.4e-05, -0.081803, 0.996649, 0.0, 0.0, 0.0, 0.0, 1.0]
            ]
        },
        {
            "name": "Torso",
            "time": [0.0, 0.0833, 0.1667, 0.25, 0.4167, 0.6667, 0.9167, 1.0417],
            "transform": [
                [0.999817, -0.019119, -0.000421, -0.0, 0.019119, 0.998848, 0.044004, 0.05, -0.000421, -0.044004, 0.999031, 0.0, 0.0, 0.0, 0.0, 1.0],
                [0.999792, -0.020386, -0.000273, 0.0, 0.020387, 0.999433, 0.026796, 0.05, -0.000273, -0.026797, 0.999641, 0.0, 0.0, 0.0, 0.0, 1.0],
                [0.999782, -0.020861, -0.000212, 0.0, 0.020861, 0.999575, 0.020342, 0.05, -0.000212, -0.020342, 0.999793, 0.0, 0.0, 0.0, 0.0, 1.0],
                [0.99978, -0.020972, -0.000198, 0.0, 0.020971, 0.999603, 0.018837, 0.05, -0.000198, -0.018837, 0.999822, -0.0, 0.0, 0.0, 0.0, 1.0],
                [0.99978, -0.020971, -0.000198, -0.0, 0.020971, 0.999602, 0.018837, 0.05, -0.000198, -0.018837, 0.999823, 0.0, 0.0, 0.0, 0.0, 1.0],
                [0.999961, -0.008825, -3.5e-05, 0.0, 0.008825, 0.99993, 0.007918, 0.05, -3.5e-05, -0.007918, 0.999969, 0.0, 0.0, 0.0, 0.0, 1.0],
                [0.999961, -0.008825, -3.5e-05, 0.0, 0.008825, 0.99993, 0.007918, 0.05, -3.5e-05, -0.007918, 0.999969, -0.0, 0.0, 0.0, 0.0, 1.0],
                [0.999961, -0.008825, -3.5e-05, 0.0, 0.008825, 0.99993, 0.007918, 0.05, -3.5e-05, -0.007918, 0.999969, -0.0, 0.0, 0.0, 0.0, 1.0]
            ]
        },
        {
            "name": "Chest",
            "time": [0.0, 0.0833, 0.1667, 0.25, 0.4167, 0.6667, 0.9167, 1.0417],
            "transform": [
                [0.999809, -0.019518, -0.000407, 0.0, 0.019518, 0.998941, 0.041669, 0.3, -0.000407, -0.041669, 0.999131, -0.0, 0.0, 0.0, 0.0, 1.0],
                [0.999783, -0.020813, -0.000274, -0.0, 0.020813, 0.999436, 0.026331, 0.3, -0.000274, -0.026331, 0.999653, 0.0, 0.0, 0.0, 0.0, 1.0],
                [0.999773, -0.021298, -0.000219, -0.0, 0.021298, 0.999561, 0.020575, 0.3, -0.000219, -0.020575, 0.999788, -0.0, 0.0, 0.0, 0.0, 1.0],
                [0.999771, -0.021411, -0.000206, 0.0, 0.021411, 0.999586, 0.01923, 0.3, -0.000206, -0.01923, 0.999815, 0.0, 0.0, 0.0, 0.0, 1.0],
                [0.999771, -0.021411, -0.000206, 0.0, 0.021411, 0.999585, 0.019228, 0.3, -0.000206, -0.019228, 0.999815, 0.0, 0.0, 0.0, 0.0, 1.0],
                [0.99996, -0.00901, -3.6e-05, -0.0, 0.00901, 0.999927, 0.00809, 0.3, -3.6e-05, -0.00809, 0.999967, 0.0, 0.0, 0.0, 0.0, 1.0],
                [0.99996, -0.00901, -3.6e-05, 0.0, 0.00901, 0.999927, 0.00809, 0.3, -3.6e-05, -0.00809, 0.999967, 0.0, 0.0, 0.0, 0.0, 1.0],
                [0.99996, -0.00901, -3.6e-05, 0.0, 0.00901, 0.999927, 0.00809, 0.3, -3.6e-05, -0.00809, 0.999967, 0.0, 0.0, 0.0, 0.0, 1.0]
            ]
        },
        {
            "name": "Shoulder_R",
            "time": [0.0, 0.0833, 0.1667, 0.25, 0.4167, 0.6667, 0.9167, 1.0417],
            "transform": [
                [0.081685, 0.961186, 0.263532, 0.0, -7.3e-05, -0.264409, 0.96441, 0.399999, 0.996658, -0.078797, -0.021528, 0.0, 0.0, 0.0, 0.0, 1.0],
                [0.087118, 0.960797, 0.263211, 0.0, -7.1e-05, -0.264209, 0.964465, 0.399999, 0.996198, -0.084041, -0.022949, 0.0, 0.0, 0.0, 0.0, 1.0],
                [0.089156, 0.960644, 0.263087, 0.0, -6.7e-05, -0.264134, 0.964486, 0.399999, 0.996018, -0.086007, -0.023484, 0.0, 0.0, 0.0, 0.0, 1.0],
                [0.089632, 0.960607, 0.263058, 0.0, -6.4e-05, -0.264116, 0.964491, 0.399999, 0.995975, -0.086466, -0.023612, 0.0, 0.0, 0.0, 0.0, 1.0],
                [0.089632, 0.960607, 0.263058, -0.0, -6.3e-05, -0.264116, 0.964491, 0.399999, 0.995975, -0.086466, -0.023613, 0.0, 0.0, 0.0, 0.0, 1.0],
                [0.037754, 0.963277, 0.265842, -0.0, -6.8e-05, -0.266029, 0.963965, 0.399999, 0.999287, -0.036412, -0.009978, -0.0, 0.0, 0.0, 0.0, 1.0],
                [0.037754, 0.963277, 0.265842, 0.0, -6.8e-05, -0.266029, 0.963965, 0.399999, 0.999287, -0.036412, -0.009978, 0.0, 0.0, 0.0, 0.0, 1.0],
                [0.037754, 0.963277, 0.265842, 0.0, -6.8e-05, -0.266029, 0.963965, 0.399999, 0.999287, -0.036412, -0.009978, 0.0, 0.0, 0.0, 0.0, 1.0]
            ]
        },
        {
            "name": "Arm_R",
            "time": [0.0, 0.0833, 0.1667, 0.25, 0.4167, 0.6667, 0.9167, 1.0417],
            "transform": [
                [-0.339166, -0.361636, -0.868439, -0.0, 0.431126, 0.760752, -0.485167, 0.325291, 0.83612, -0.538959, -0.102111, 0.0, 0.0, 0.0, 0.0, 1.0],
                [-0.339166, -0.361636, -0.868439, 0.0, 0.431126, 0.760752, -0.485167, 0.325291, 0.83612, -0.538959, -0.102111, 0.0, 0.0, 0.0, 0.0, 1.0],
                [-0.339166, -0.361636, -0.868439, 0.0, 0.431126, 0.760752, -0.485167, 0.325291, 0.83612, -0.538959, -0.102111, 0.0, 0.0, 0.0, 0.0, 1.0],
                [-0.251969, 0.477642, -0.841647, 0.0, 0.810095, 0.579874, 0.086561, 0.325291, 0.529394, -0.660003, -0.533045, 0.0, 0.0, 0.0, 0.0, 1.0],
                [-0.017831, 0.875335, -0.483188, 0.0, 0.928312, 0.193995, 0.31718, 0.325291, 0.371374, -0.442894, -0.816043, -0.0, 0.0, 0.0, 0.0, 1.0],
                [0.505652, 0.749679, -0.426962, 0.0, 0.766268, -0.162858, 0.621539, 0.325291, 0.396421, -0.64145, -0.656805, -0.0, 0.0, 0.0, 0.0, 1.0],
                [-0.760828, -0.014072, -0.648801, -0.0, 0.457532, 0.697379, -0.551659, 0.325291, 0.460223, -0.716564, -0.524147, -0.0, 0.0, 0.0, 0.0, 1.0],
                [-0.760828, -0.014072, -0.648801, -0.0, 0.457532, 0.697379, -0.551659, 0.325291, 0.460223, -0.716564, -0.524147, -0.0, 0.0, 0.0, 0.0, 1.0]
            ]
        },
        {
            "name": "Hand_R",
            "time": [0.0, 0.0833, 0.1667, 0.25, 0.4167, 0.6667, 0.9167, 1.0417],
            "transform": [
                [1.0, -0.0, 0.0, 0.0, -0.0, 0.343252, -0.939243, 0.79918, 0.0, 0.939243, 0.343252, 0.0, 0.0, 0.0, 0.0, 1.0],
                [1.0, 0.0, 0.0, -0.0, -0.0, 0.343252, -0.939244, 0.799181, -0.0, 0.939243, 0.343252, 0.0, 0.0, 0.0, 0.0, 1.0],
                [1.0, -0.0, 0.0, 0.0, 0.0, 0.343252, -0.939244, 0.799181, -0.0, 0.939243, 0.343252, -0.0, 0.0, 0.0, 0.0, 1.0],
                [1.0, -0.0, 0.0, -0.0, 0.0, 0.294162, -0.955756, 0.799181, 0.0, 0.955756, 0.294162, 0.0, 0.0, 0.0, 0.0, 1.0],
                [1.0, -0.0, 0.0, 0.0, 0.0, 0.26099, -0.965342, 0.799181, -0.0, 0.965342, 0.26099, -0.0, 0.0, 0.0, 0.0, 1.0],
                [1.0, 0.0, 0.0, 0.0, 0.0, 0.260989, -0.965342, 0.79918, 0.0, 0.965342, 0.260989, -0.0, 0.0, 0.0, 0.0, 1.0],
                [0.999987, 0.000448, -0.005161, 0.0, -0.004597, 0.536034, -0.844184, 0.79918, 0.002388, 0.844196, 0.536029, -0.0, 0.0, 0.0, 0.0, 1.0],
                [0.999987, 0.000448, -0.005161, 0.0, -0.004597, 0.536034, -0.844184, 0.79918, 0.002388, 0.844196, 0.536029, -0.0, 0.0, 0.0, 0.0, 1.0]
            ]
        },
        {
            "name": "Tool_R",
            "time": [0.0, 1.0417],
            "transform": [
                [1.0, -0.0, 0.0, -0.0, -0.0, -0.999524, -0.030857, 0.781441, 0.0, 0.030857, -0.999542, -0.0, 0.0, 0.0, 0.0, 1.0],
                [1.0, -0.0, 0.0, -0.0, -0.0, -0.999524, -0.030857, 0.781441, 0.0, 0.030857, -0.999542, -0.0, 0.0, 0.0, 0.0, 1.0]
            ]
        },
        {
            "name": "Shoulder_L",
            "time": [0.0, 0.0833, 0.1667, 0.25, 0.4167, 0.6667, 0.9167, 1.0417],
            "transform": [
                [-0.166521, -0.948722, -0.268695, 0.0, 0.013218, -0.274623, 0.961461, 0.399999, -0.98595, 0.156552, 0.058271, 0.0, 0.0, 0.0, 0.0, 1.0],
                [-0.177504, -0.946803, -0.268434, 0.0, 0.014052, -0.275176, 0.961291, 0.399999, -0.98402, 0.166861, 0.062149, 0.0, 0.0, 0.0, 0.0, 1.0],
                [-0.181617, -0.946054, -0.268324, 0.0, 0.014363, -0.275385, 0.961227, 0.399999, -0.983265, 0.170722, 0.063603, 0.0, 0.0, 0.0, 0.0, 1.0],
                [-0.182577, -0.945876, -0.268298, 0.0, 0.014435, -0.275434, 0.961212, 0.399999, -0.983086, 0.171622, 0.063941, -0.0, 0.0, 0.0, 0.0, 1.0],
                [-0.182577, -0.945876, -0.268298, 0.0, 0.014434, -0.275434, 0.961212, 0.399999, -0.983086, 0.171622, 0.063941, 0.0, 0.0, 0.0, 0.0, 1.0],
                [-0.07716, -0.959983, -0.269219, 0.0, 0.006258, -0.270485, 0.962704, 0.399999, -0.996999, 0.072597, 0.026878, -0.0, 0.0, 0.0, 0.0, 1.0],
                [-0.07716, -0.959983, -0.269219, 0.0, 0.006258, -0.270485, 0.962704, 0.399999, -0.996999, 0.072597, 0.026878, 0.0, 0.0, 0.0, 0.0, 1.0],
                [-0.07716, -0.959983, -0.269219, 0.0, 0.006258, -0.270485, 0.962704, 0.399999, -0.996999, 0.072597, 0.026878, 0.0, 0.0, 0.0, 0.0, 1.0]
            ]
        },
        {
            "name": "Arm_L",
            "time": [0.0, 0.0833, 0.1667, 0.25, 0.4167, 0.6667, 0.9167, 1.0417],
            "transform": [
                [0.128451, -0.576541, 0.806908, 0.0, -0.638099, 0.574804, 0.51228, 0.325291, -0.759164, -0.580691, -0.294056, 0.0, 0.0, 0.0, 0.0, 1.0],
                [0.398449, -0.586058, 0.705531, -0.0, -0.471244, 0.529126, 0.70566, 0.325291, -0.786872, -0.613647, -0.065346, 0.0, 0.0, 0.0, 0.0, 1.0],
                [0.503951, -0.555007, 0.661817, 0.0, -0.348664, 0.570309, 0.743762, 0.325291, -0.790233, -0.605571, 0.093897, -0.0, 0.0, 0.0, 0.0, 1.0],
                [0.10484, -0.132621, 0.985606, 0.0, 0.001665, 0.99109, 0.133181, 0.325291, -0.994488, -0.012322, 0.104127, -0.0, 0.0, 0.0, 0.0, 1.0],
                [-0.083711, 0.284273, 0.955082, -0.0, 0.396032, 0.888993, -0.22989, 0.325291, -0.914413, 0.358999, -0.187, -0.0, 0.0, 0.0, 0.0, 1.0],
                [0.031202, 0.268213, 0.962854, -0.0, -0.753226, 0.639542, -0.153742, 0.325291, -0.657021, -0.72045, 0.22198, 0.0, 0.0, 0.0, 0.0, 1.0],
                [0.149921, -0.481246, 0.86367, -0.0, -0.869764, 0.351189, 0.346665, 0.325291, -0.470143, -0.803162, -0.36592, -0.0, 0.0, 0.0, 0.0, 1.0],
                [0.149921, -0.481246, 0.86367, -0.0, -0.869764, 0.351189, 0.346665, 0.325291, -0.470143, -0.803162, -0.36592, -0.0, 0.0, 0.0, 0.0, 1.0]
            ]
        },
        {
            "name": "Hand_L",
            "time": [0.0, 0.0833, 0.1667, 0.25, 0.4167, 0.6667, 0.9167, 1.0417],
            "transform": [
                [0.999206, 0.034121, -0.02055, -0.0, -0.014906, -0.158103, -0.98731, 0.799181, -0.036937, 0.986833, -0.157469, 0.0, 0.0, 0.0, 0.0, 1.0],
                [0.999206, 0.034121, -0.02055, -0.0, -0.014906, -0.158103, -0.98731, 0.799181, -0.036937, 0.986833, -0.157469, -0.0, 0.0, 0.0, 0.0, 1.0],
                [0.999206, 0.034121, -0.02055, 0.0, -0.014906, -0.158103, -0.98731, 0.799181, -0.036937, 0.986833, -0.157469, 0.0, 0.0, 0.0, 0.0, 1.0],
                [0.99939, 0.029906, -0.018031, 0.0, -0.009049, -0.276948, -0.960842, 0.799181, -0.033728, 0.960419, -0.276508, 0.0, 0.0, 0.0, 0.0, 1.0],
                [0.999517, 0.026922, -0.015553, 0.0, -0.004993, -0.354754, -0.934947, 0.799181, -0.030688, 0.934572, -0.354448, -0.0, 0.0, 0.0, 0.0, 1.0],
                [0.999206, 0.034121, -0.02055, -0.0, -0.014906, -0.158103, -0.98731, 0.799181, -0.036937, 0.986833, -0.157469, -0.0, 0.0, 0.0, 0.0, 1.0],
                [0.999429, 0.009295, 0.03247, -0.0, 0.019005, 0.639975, -0.76816, 0.799181, -0.02792, 0.768339, 0.639434, -0.0, 0.0, 0.0, 0.0, 1.0],
                [0.999429, 0.009295, 0.03247, -0.0, 0.019005, 0.639975, -0.76816, 0.799181, -0.02792, 0.768339, 0.639434, -0.0, 0.0, 0.0, 0.0, 1.0]
            ]
        },
        {
            "name": "Tool_L",
            "time": [0.0, 1.0417],
            "transform": [
                [1.0, 0.0, 0.0, -0.0, 0.0, -0.999524, -0.030857, 0.78144, 0.0, 0.030857, -0.999544, 0.0, 0.0, 0.0, 0.0, 1.0],
                [1.0, -0.0, 0.0, -0.0, 0.0, -0.999524, -0.030857, 0.781441, 0.0, 0.030857, -0.999544, 0.0, 0.0, 0.0, 0.0, 1.0]
            ]
        },
        {
            "name": "Head",
            "time": [0.0, 0.0833, 0.1667, 0.25, 0.4167, 0.6667, 0.9167, 1.0417],
            "transform": [
                [0.940789, 0.310178, 0.136769, -0.0, -0.328289, 0.934226, 0.139459, 0.399999, -0.084516, -0.176101, 0.980737, 0.0, 0.0, 0.0, 0.0, 1.0],
                [0.908004, 0.209358, -0.362903, 0.0, -0.056823, 0.919731, 0.388415, 0.399999, 0.415091, -0.332061, 0.847015, 0.0, 0.0, 0.0, 0.0, 1.0],
                [0.821309, 0.208306, -0.531094, -0.0, 0.084833, 0.876008, 0.474778, 0.399999, 0.564142, -0.434993, 0.701801, 0.0, 0.0, 0.0, 0.0, 1.0],
                [0.77574, 0.562778, -0.285498, 0.0, -0.294284, 0.722827, 0.625235, 0.399999, 0.558234, -0.401002, 0.726342, -0.0, 0.0, 0.0, 0.0, 1.0],
                [0.638994, 0.762599, -0.100643, -0.0, -0.54222, 0.539362, 0.644271, 0.399999, 0.545604, -0.357115, 0.758146, 0.0, 0.0, 0.0, 0.0, 1.0],
                [0.889698, 0.427642, -0.159872, -0.0, -0.372048, 0.882078, 0.288997, 0.399999, 0.264607, -0.19764, 0.943887, -0.0, 0.0, 0.0, 0.0, 1.0],
                [0.586177, 0.017099, -0.810003, -0.0, -0.01501, 0.999835, 0.010243, 0.399999, 0.810044, 0.006154, 0.586337, 0.0, 0.0, 0.0, 0.0, 1.0],
                [0.586177, 0.017099, -0.810003, -0.0, -0.01501, 0.999835, 0.010243, 0.399999, 0.810044, 0.006154, 0.586337, 0.0, 0.0, 0.0, 0.0, 1.0]
            ]
        },
        {
            "name": "Head_Top",
            "time": [0.0, 1.0417],
            "transform": [
                [1.0, -0.0, -0.0, 0.0, 0.0, 1.0, -0.0, 0.196375, 0.0, 0.0, 1.0, 0.0, 0.0, 0.0, 0.0, 1.0],
                [1.0, -0.0, -0.0, 0.0, 0.0, 1.0, -0.0, 0.196375, -0.0, 0.0, 1.0, 0.0, 0.0, 0.0, 0.0, 1.0]
            ]
        }
    ]
}