{
    "animation": [
        {
            "name": "Root",
            "time": [0.0, 0.2, 0.4, 0.6, 0.8],
            "transform": [
                [1.0, 0.0, 0.0, -5e-06, 0.0, -0.0, -1.0, -1e-06, 0.0, 1.0, -0.0, 1.906649, 0.0, 0.0, 0.0, 1.0],
                [0.999495, 0.0, 0.031778, -5e-06, 0.031778, -0.0, -0.999495, -1e-06, -0.0, 1.0, -0.0, 1.824622, 0.0, 0.0, 0.0, 1.0],
                [1.0, 0.0, 0.0, -5e-06, 0.0, -0.0, -1.0, -1e-06, 0.0, 1.0, -0.0, 1.900087, 0.0, 0.0, 0.0, 1.0],
                [0.999829, -0.0, -0.018467, -5e-06, -0.018467, -0.0, -0.999829, -1e-06, 0.0, 1.0, -0.0, 1.827903, 0.0, 0.0, 0.0, 1.0],
                [1.0, 0.0, 0.0, -5e-06, 0.0, -0.0, -1.0, -1e-06, 0.0, 1.0, -0.0, 1.906649, 0.0, 0.0, 0.0, 1.0]
            ]
        },
        {
            "name": "Thigh_R",
            "time": [0.0, 0.2, 0.4, 0.6, 0.8],
            "transform": [
                [1.0, 0.0, 0.0, 0.124994, 0.0, -0.821326, 0.570458, -0.061515, 0.0, -0.570458, -0.821327, -1.2e-05, 0.0, 0.0, 0.0, 1.0],
                [1.0, 0.0, 0.0, 0.124994, -0.0, -0.775286, 0.63161, -0.061515, 0.0, -0.631609, -0.775286, -1.2e-05, 0.0, 0.0, 0.0, 1.0],
                [1.0, -0.0, 0.0, 0.124994, -0.0, -0.99573, 0.092303, -0.061515, 0.0, -0.092302, -0.995731, -1.2e-05, 0.0, 0.0, 0.0, 1.0],
                [1.0, -0.0, 0.0, 0.124994, -0.0, -0.942772, -0.333435, -0.061515, 0.0, 0.333434, -0.942773, -1.2e-05, 0.0, 0.0, 0.0, 1.0],
                [1.0, 0.0, 0.0, 0.124994, 0.0, -0.821326, 0.570458, -0.061515, 0.0, -0.570458, -0.821327, -1.2e-05, 0.0, 0.0, 0.0, 1.0]
            ]
        },
        {
            "name": "Leg_R",
            "time": [0.0, 0.2, 0.4, 0.6, 0.8],
            "transform": [
                [1.0, 1e-06, 0.0, -0.0, -1e-06, 0.375306, 0.9269, 0.906668, 1e-06, -0.926902, 0.375306, 0.0, 0.0, 0.0, 0.0, 1.0],
                [1.0, 1e-06, 0.0, 0.0, -1e-06, 0.761752, 0.647869, 0.906668, 0.0, -0.64787, 0.761751, 0.0, 0.0, 0.0, 0.0, 1.0],
                [1.0, 0.0, -0.0, 0.0, -0.0, 0.991201, 0.132375, 0.906668, 0.0, -0.132375, 0.991199, 0.0, 0.0, 0.0, 0.0, 1.0],
                [1.0, 0.0, -0.0, -0.0, -0.0, 0.985842, 0.167681, 0.906668, 0.0, -0.167681, 0.98584, 0.0, 0.0, 0.0, 0.0, 1.0],
                [1.0, 1e-06, 0.0, -0.0, -1e-06, 0.375306, 0.9269, 0.906668, 1e-06, -0.926902, 0.375306, 0.0, 0.0, 0.0, 0.0, 1.0]
            ]
        },
        {
            "name": "Knee_R",
            "time": [0.0, 0.8],
            "transform": [
                [1.0, -0.0, -0.0, 0.0, -0.0, 0.0, -1.0, 0.952398, 0.0, 1.0, 0.0, 0.0, 0.0, 0.0, 0.0, 1.0],
                [1.0, -0.0, -0.0, 0.0, -0.0, 0.0, -1.0, 0.952398, 0.0, 1.0, 0.0, 0.0, 0.0, 0.0, 0.0, 1.0]
            ]
        },
        {
            "name": "Thigh_L",
            "time": [0.0, 0.2, 0.4, 0.6, 0.8],
            "transform": [
                [1.0, -0.0, 0.0, -0.125006, -0.0, -0.999048, 0.04362, -0.061515, 0.0, -0.04362, -0.999048, -1.2e-05, 0.0, 0.0, 0.0, 1.0],
                [1.0, -0.0, 0.0, -0.125006, -0.0, -0.922876, -0.385097, -0.061515, 0.0, 0.385097, -0.922876, -1.2e-05, 0.0, 0.0, 0.0, 1.0],
                [1.0, -0.0, 0.0, -0.125006, -0.0, -0.945376, 0.325981, -0.061515, 0.0, -0.325981, -0.945376, -1.2e-05, 0.0, 0.0, 0.0, 1.0],
                [1.0, -0.0, 0.0, -0.125006, -0.0, -0.800303, 0.599595, -0.061515, 0.0, -0.599595, -0.800303, -1.2e-05, 0.0, 0.0, 0.0, 1.0],
                [1.0, -0.0, 0.0, -0.125006, -0.0, -0.999048, 0.04362, -0.061515, 0.0, -0.04362, -0.999048, -1.2e-05, 0.0, 0.0, 0.0, 1.0]
            ]
        },
        {
            "name": "Leg_L",
            "time": [0.0, 0.2, 0.4, 0.6, 0.8],
            "transform": [
                [1.0, 0.0, 0.0, 0.0, -0.0, 0.996194, 0.087156, 0.906668, -0.0, -0.087156, 0.996195, 0.0, 0.0, 0.0, 0.0, 1.0],
                [1.0, 0.0, 1e-06, 0.0, -0.0, 1.0, 0.0, 0.906668, -1e-06, -0.0, 1.0, 0.0, 0.0, 0.0, 0.0, 1.0],
                [1.0, 0.0, 1e-06, 0.0, -1e-06, 0.625936, 0.779874, 0.906668, -0.0, -0.779874, 0.625937, -0.0, 0.0, 0.0, 0.0, 1.0],
                [1.0, 0.0, 1e-06, 0.0, -1e-06, 0.797688, 0.60307, 0.906668, -0.0, -0.60307, 0.797688, -0.0, 0.0, 0.0, 0.0, 1.0],
                [1.0, 0.0, 0.0, 0.0, -0.0, 0.996194, 0.087156, 0.906668, -0.0, -0.087156, 0.996195, 0.0, 0.0, 0.0, 0.0, 1.0]
            ]
        },
        {
            "name": "Knee_L",
            "time": [0.0, 0.8],
            "transform": [
                [1.0, -0.0, -0.0, 0.0, -0.0, 0.0, -1.0, 0.906668, 0.0, 1.0, 0.0, 0.0, 0.0, 0.0, 0.0, 1.0],
                [1.0, -0.0, -0.0, 0.0, -0.0, 0.0, -1.0, 0.906668, 0.0, 1.0, 0.0, 0.0, 0.0, 0.0, 0.0, 1.0]
            ]
        },
        {
            "name": "Torso",
            "time": [0.0, 0.2, 0.4, 0.6, 0.8],
            "transform": [
                [1.0, 0.0, 0.0, 0.0, 0.0, 1.0, -0.0, 0.05, 0.0, 0.0, 1.0, -0.0, 0.0, 0.0, 0.0, 1.0],
                [0.999914, 0.005212, 0.012034, -0.0, -0.005211, 0.999986, -0.000166, 0.05, -0.012034, 0.000103, 0.999928, 0.0, 0.0, 0.0, 0.0, 1.0],
                [1.0, 0.0, 0.0, 0.0, 0.0, 1.0, -0.0, 0.05, 0.0, 0.0, 1.0, -0.0, 0.0, 0.0, 0.0, 1.0],
                [0.999739, -0.007799, -0.021462, -0.0, 0.007798, 0.99997, -0.000144, 0.05, 0.021463, -2.3e-05, 0.99977, -0.0, 0.0, 0.0, 0.0, 1.0],
                [1.0, 0.0, 0.0, 0.0, 0.0, 1.0, -0.0, 0.05, 0.0, 0.0, 1.0, -0.0, 0.0, 0.0, 0.0, 1.0]
            ]
        },
        {
            "name": "Chest",
            "time": [0.0, 0.2, 0.4, 0.6, 0.8],
            "transform": [
                [1.0, -0.0, -0.0, 0.0, 0.0, 1.0, -0.0, 0.3, 0.0, 0.0, 1.0, -0.0, 0.0, 0.0, 0.0, 1.0],
                [0.999976, 0.006922, 0.000581, 0.0, -0.006946, 0.996476, 0.083591, 0.3, -1e-06, -0.083593, 0.9965, 0.0, 0.0, 0.0, 0.0, 1.0],
                [1.0, -0.0, -0.0, 0.0, 0.0, 0.999978, 0.006711, 0.3, -0.0, -0.006711, 0.999978, -0.0, 0.0, 0.0, 0.0, 1.0],
                [0.99996, -0.008899, -0.000718, -0.0, 0.008927, 0.996731, 0.080301, 0.3, 1e-06, -0.080304, 0.996771, 0.0, 0.0, 0.0, 0.0, 1.0],
                [1.0, -0.0, -0.0, 0.0, 0.0, 1.0, -0.0, 0.3, 0.0, 0.0, 1.0, -0.0, 0.0, 0.0, 0.0, 1.0]
            ]
        },
        {
            "name": "Shoulder_R",
            "time": [0.0, 0.2, 0.4, 0.6, 0.8],
            "transform": [
                [-0.00463, 0.963462, 0.267804, -0.0, 0.000341, -0.267805, 0.963473, 0.4, 0.99999, 0.004553, 0.000911, -0.0, 0.0, 0.0, 0.0, 1.0],
                [-0.035902, 0.9621, 0.270322, -0.0, 0.002694, -0.270402, 0.962744, 0.4, 0.999352, 0.035293, 0.007116, 0.0, 0.0, 0.0, 0.0, 1.0],
                [-0.007133, 0.963389, 0.268012, -0.0, 0.000526, -0.268016, 0.963415, 0.4, 0.999975, 0.007013, 0.001405, 0.0, 0.0, 0.0, 0.0, 1.0],
                [0.025401, 0.963858, 0.265203, -0.0, -0.001837, -0.265243, 0.96418, 0.4, 0.999676, -0.024979, -0.004967, 0.0, 0.0, 0.0, 0.0, 1.0],
                [-0.00463, 0.963462, 0.267804, -0.0, 0.000341, -0.267805, 0.963473, 0.4, 0.99999, 0.004553, 0.000911, -0.0, 0.0, 0.0, 0.0, 1.0]
            ]
        },
        {
            "name": "Arm_R",
            "time": [0.0, 0.2, 0.4, 0.6, 0.8],
            "transform": [
                [8e-06, 0.043531, -0.999052, -0.0, 0.958283, 0.285551, 0.012449, 0.325291, 0.285822, -0.957375, -0.041712, -0.0, 0.0, 0.0, 0.0, 1.0],
                [0.00179, 0.381453, -0.924387, -0.0, 0.956812, 0.26807, 0.112473, 0.325291, 0.290703, -0.884665, -0.364499, -0.0, 0.0, 0.0, 0.0, 1.0],
                [8e-06, 0.043531, -0.999052, 0.0, 0.958283, 0.285551, 0.012449, 0.325291, 0.285822, -0.957375, -0.041712, 0.0, 0.0, 0.0, 0.0, 1.0],
                [0.001508, -0.303247, -0.952911, -0.0, 0.958286, 0.272786, -0.085293, 0.325291, 0.285806, -0.913033, 0.291009, -0.0, 0.0, 0.0, 0.0, 1.0],
                [8e-06, 0.043531, -0.999052, -0.0, 0.958283, 0.285551, 0.012449, 0.325291, 0.285822, -0.957375, -0.041712, -0.0, 0.0, 0.0, 0.0, 1.0]
            ]
        },
        {
            "name": "Hand_R",
            "time": [0.0, 0.2, 0.4, 0.6, 0.8],
            "transform": [
                [1.0, -0.0, -0.0, -0.0, 0.0, 0.989895, -0.141799, 0.880269, 0.0, 0.141799, 0.989895, 0.0, 0.0, 0.0, 0.0, 1.0],
                [1.0, -0.0, -0.0, 0.0, 0.0, 0.998297, -0.058334, 0.880269, 0.0, 0.058334, 0.998297, 0.0, 0.0, 0.0, 0.0, 1.0],
                [1.0, -0.0, -0.0, -0.0, 0.0, 0.990825, -0.135152, 0.880269, 0.0, 0.135152, 0.990825, -0.0, 0.0, 0.0, 0.0, 1.0],
                [1.0, -0.0, -0.0, -0.0, 0.0, 0.975275, -0.220994, 0.880269, 0.0, 0.220994, 0.975275, 0.0, 0.0, 0.0, 0.0, 1.0],
                [1.0, -0.0, -0.0, -0.0, 0.0, 0.989895, -0.141799, 0.880269, 0.0, 0.141799, 0.989895, 0.0, 0.0, 0.0, 0.0, 1.0]
            ]
        },
        {
            "name": "Tool_R",
            "time": [0.0, 0.8],
            "transform": [
                [1.0, -0.0, 0.0, 0.0, 0.0, -0.999315, -0.036999, 0.93026, 0.0, 0.036999, -0.999342, 0.0, 0.0, 0.0, 0.0, 1.0],
                [1.0, -0.0, 0.0, 0.0, 0.0, -0.999315, -0.036999, 0.93026, 0.0, 0.036999, -0.999342, 0.0, 0.0, 0.0, 0.0, 1.0]
            ]
        },
        {
            "name": "Elbow_R",
            "time": [0.0, 0.8],
            "transform": [
                [-1.0, 0.0, 0.0, 0.0, -0.0, 0.0, -1.0, 0.885824, -0.0, -1.0, 0.0, -0.0, 0.0, 0.0, 0.0, 1.0],
                [-1.0, 0.0, 0.0, 0.0, -0.0, 0.0, -1.0, 0.885824, -0.0, -1.0, 0.0, -0.0, 0.0, 0.0, 0.0, 1.0]
            ]
        },
        {
            "name": "Shoulder_L",
            "time": [0.0, 0.2, 0.4, 0.6, 0.8],
            "transform": [
                [0.004631, -0.96368, -0.267021, -0.0, 0.000339, -0.267022, 0.963691, 0.4, -0.99999, -0.004553, -0.00091, -0.0, 0.0, 0.0, 0.0, 1.0],
                [0.035911, -0.963785, -0.264251, -0.0, 0.00258, -0.264332, 0.964429, 0.4, -0.999352, -0.035315, -0.007006, 0.0, 0.0, 0.0, 0.0, 1.0],
                [0.007133, -0.963724, -0.266807, -0.0, 0.000521, -0.26681, 0.963749, 0.4, -0.999975, -0.007014, -0.001401, 0.0, 0.0, 0.0, 0.0, 1.0],
                [-0.025397, -0.962666, -0.269498, -0.0, -0.001894, -0.269538, 0.962988, 0.4, -0.999676, 0.024968, 0.005022, 0.0, 0.0, 0.0, 0.0, 1.0],
                [0.004631, -0.96368, -0.267021, -0.0, 0.000339, -0.267022, 0.963691, 0.4, -0.99999, -0.004553, -0.00091, -0.0, 0.0, 0.0, 0.0, 1.0]
            ]
        },
        {
            "name": "Arm_L",
            "time": [0.0, 0.2, 0.4, 0.6, 0.8],
            "transform": [
                [-8e-06, -0.043708, 0.999045, 0.0, -0.95827, 0.28559, 0.012487, 0.325291, -0.285863, -0.957355, -0.041886, -0.0, 0.0, 0.0, 0.0, 1.0],
                [0.002428, 0.311067, 0.950385, -0.0, -0.956695, 0.277365, -0.088339, 0.325291, -0.291083, -0.909014, 0.29827, 0.0, 0.0, 0.0, 0.0, 1.0],
                [-8e-06, -0.043708, 0.999045, 0.0, -0.95827, 0.28559, 0.012487, 0.325291, -0.285863, -0.957355, -0.041886, -0.0, 0.0, 0.0, 0.0, 1.0],
                [0.001688, -0.377279, 0.926098, -0.0, -0.957149, 0.267581, 0.110754, 0.325291, -0.289591, -0.886601, -0.360661, 0.0, 0.0, 0.0, 0.0, 1.0],
                [-8e-06, -0.043708, 0.999045, 0.0, -0.95827, 0.28559, 0.012487, 0.325291, -0.285863, -0.957355, -0.041886, -0.0, 0.0, 0.0, 0.0, 1.0]
            ]
        },
        {
            "name": "Hand_L",
            "time": [0.0, 0.2, 0.4, 0.6, 0.8],
            "transform": [
                [1.0, -0.0, 0.0, 0.0, 0.0, 0.989896, -0.141799, 0.880269, -0.0, 0.141799, 0.989895, -0.0, 0.0, 0.0, 0.0, 1.0],
                [1.0, 0.0, 0.0, 0.0, 0.0, 0.974528, -0.224266, 0.880269, -0.0, 0.224266, 0.974528, -0.0, 0.0, 0.0, 0.0, 1.0],
                [1.0, -0.0, 0.0, 0.0, 0.0, 0.988922, -0.148439, 0.880269, -0.0, 0.148439, 0.988921, -0.0, 0.0, 0.0, 0.0, 1.0],
                [1.0, -0.0, 0.0, -0.0, 0.0, 0.998096, -0.061684, 0.880269, -0.0, 0.061684, 0.998096, -0.0, 0.0, 0.0, 0.0, 1.0],
                [1.0, -0.0, 0.0, 0.0, 0.0, 0.989896, -0.141799, 0.880269, -0.0, 0.141799, 0.989895, -0.0, 0.0, 0.0, 0.0, 1.0]
            ]
        },
        {
            "name": "Tool_L",
            "time": [0.0, 0.8],
            "transform": [
                [1.0, 0.0, 0.0, -0.0, 0.0, -0.999315, -0.036999, 0.93026, 0.0, 0.036999, -0.999343, -0.0, 0.0, 0.0, 0.0, 1.0],
                [1.0, 0.0, 0.0, -0.0, 0.0, -0.999315, -0.036999, 0.93026, 0.0, 0.036999, -0.999343, -0.0, 0.0, 0.0, 0.0, 1.0]
            ]
        },
        {
            "name": "Elbow_L",
            "time": [0.0, 0.8],
            "transform": [
                [-1.0, 0.0, 0.0, -0.0, -0.0, 0.0, -1.0, 0.887158, -0.0, -1.0, -0.0, -0.0, 0.0, 0.0, 0.0, 1.0],
                [-1.0, 0.0, 0.0, -0.0, -0.0, 0.0, -1.0, 0.887158, -0.0, -1.0, -0.0, -0.0, 0.0, 0.0, 0.0, 1.0]
            ]
        },
        {
            "name": "Head",
            "time": [0.0, 0.2, 0.4, 0.6, 0.8],
            "transform": [
                [1.0, 0.0, -0.0, -0.0, -0.0, 0.999699, -0.024548, 0.4, 0.0, 0.024548, 0.999699, -0.0, 0.0, 0.0, 0.0, 1.0],
                [1.0, -0.0, -0.0, -0.0, -0.0, 0.998519, -0.054408, 0.4, -0.0, 0.054408, 0.998519, 0.0, 0.0, 0.0, 0.0, 1.0],
                [1.0, 0.0, -0.0, -0.0, -0.0, 0.999637, -0.026938, 0.4, -0.0, 0.026938, 0.999637, 0.0, 0.0, 0.0, 0.0, 1.0],
                [1.0, -0.0, 0.0, -0.0, 0.0, 0.998583, -0.053214, 0.4, -0.0, 0.053214, 0.998583, 0.0, 0.0, 0.0, 0.0, 1.0],
                [1.0, 0.0, -0.0, -0.0, -0.0, 0.999699, -0.024548, 0.4, 0.0, 0.024548, 0.999699, -0.0, 0.0, 0.0, 0.0, 1.0]
            ]
        },
        {
            "name": "Head_Top",
            "time": [0.0, 0.8],
            "transform": [
                [1.0, 0.0, 0.0, -0.0, 0.0, 1.0, 0.0, 0.196375, -0.0, 0.0, 1.0, -0.0, 0.0, 0.0, 0.0, 1.0],
                [1.0, 0.0, 0.0, -0.0, 0.0, 1.0, 0.0, 0.196375, -0.0, 0.0, 1.0, -0.0, 0.0, 0.0, 0.0, 1.0]
            ]
        }
    ]
}