{
    "animation": [
        {
            "name": "Root",
            "time": [0.0, 2.6667],
            "transform": [
                [0.854689, 0.0, -0.51914, -5e-06, -0.51914, 0.0, -0.854689, 0.000946, 0.0, 1.0, 0.0, 0.755725, 0.0, 0.0, 0.0, 1.0],
                [0.854689, 0.0, -0.51914, -5e-06, -0.51914, 0.0, -0.854689, 0.000946, 0.0, 1.0, 0.0, 0.755725, 0.0, 0.0, 0.0, 1.0]
            ]
        },
        {
            "name": "Thigh_R",
            "time": [0.0, 1.3333, 2.6667],
            "transform": [
                [0.996123, 0.056386, -0.067528, 0.124994, 0.068868, -0.977427, 0.199728, -0.002831, -0.054742, -0.203604, -0.977522, -1.2e-05, 0.0, 0.0, 0.0, 1.0],
                [0.996123, 0.056387, -0.067526, 0.124994, 0.068868, -0.977428, 0.199723, -0.002831, -0.054741, -0.203599, -0.977523, -1.2e-05, 0.0, 0.0, 0.0, 1.0],
                [0.996123, 0.056386, -0.067528, 0.124994, 0.068868, -0.977427, 0.199728, -0.002831, -0.054742, -0.203604, -0.977522, -1.2e-05, 0.0, 0.0, 0.0, 1.0]
            ]
        },
        {
            "name": "Leg_R",
            "time": [0.0, 2.6667],
            "transform": [
                [1.0, -0.0, 2e-06, 0.0, -0.0, 0.9661, 0.258173, 0.37472, -2e-06, -0.258173, 0.966098, 0.0, 0.0, 0.0, 0.0, 1.0],
                [1.0, -0.0, 2e-06, 0.0, -0.0, 0.9661, 0.258173, 0.37472, -2e-06, -0.258173, 0.966098, 0.0, 0.0, 0.0, 0.0, 1.0]
            ]
        },
        {
            "name": "Thigh_L",
            "time": [0.0, 1.3333, 2.6667],
            "transform": [
                [0.866489, -0.135609, -0.480424, -0.125006, -0.027108, -0.973757, 0.225969, -0.002831, -0.49846, -0.182775, -0.847426, -1.2e-05, 0.0, 0.0, 0.0, 1.0],
                [0.866589, -0.133687, -0.480781, -0.125006, -0.027838, -0.974898, 0.220903, -0.002831, -0.498245, -0.178047, -0.848558, -1.2e-05, 0.0, 0.0, 0.0, 1.0],
                [0.866489, -0.135609, -0.480424, -0.125006, -0.027108, -0.973757, 0.225969, -0.002831, -0.49846, -0.182775, -0.847426, -1.2e-05, 0.0, 0.0, 0.0, 1.0]
            ]
        },
        {
            "name": "Leg_L",
            "time": [0.0, 2.6667],
            "transform": [
                [1.0, -0.0, 1e-06, -0.0, 0.0, 0.970938, 0.239328, 0.37472, -1e-06, -0.239328, 0.970939, 0.0, 0.0, 0.0, 0.0, 1.0],
                [1.0, -0.0, 1e-06, -0.0, 0.0, 0.970938, 0.239328, 0.37472, -1e-06, -0.239328, 0.970939, 0.0, 0.0, 0.0, 0.0, 1.0]
            ]
        },
        {
            "name": "Torso",
            "time": [0.0, 2.6667],
            "transform": [
                [0.99978, -0.020971, -0.000197, -0.0, 0.020971, 0.999603, 0.018833, 0.05, -0.000198, -0.018833, 0.999823, 0.0, 0.0, 0.0, 0.0, 1.0],
                [0.99978, -0.020971, -0.000197, -0.0, 0.020971, 0.999603, 0.018833, 0.05, -0.000198, -0.018833, 0.999823, 0.0, 0.0, 0.0, 0.0, 1.0]
            ]
        },
        {
            "name": "Chest",
            "time": [0.0, 1.3333, 2.6667],
            "transform": [
                [0.999021, -0.044237, -0.000716, -0.0, 0.044206, 0.997407, 0.056784, 0.3, -0.001798, -0.05676, 0.998386, 0.0, 0.0, 0.0, 0.0, 1.0],
                [0.999749, -0.022407, -0.00021, -0.0, 0.022407, 0.999531, 0.020873, 0.3, -0.000258, -0.020872, 0.999782, 0.0, 0.0, 0.0, 0.0, 1.0],
                [0.999021, -0.044237, -0.000716, -0.0, 0.044206, 0.997407, 0.056784, 0.3, -0.001798, -0.05676, 0.998386, 0.0, 0.0, 0.0, 0.0, 1.0]
            ]
        },
        {
            "name": "Head",
            "time": [0.0, 2.6667],
            "transform": [
                [0.852716, -0.001121, 0.522373, 0.0, -0.006516, 0.999897, 0.012784, 0.4, -0.522334, -0.014305, 0.852621, -0.0, 0.0, 0.0, 0.0, 1.0],
                [0.852716, -0.001121, 0.522373, 0.0, -0.006516, 0.999897, 0.012784, 0.4, -0.522334, -0.014305, 0.852621, -0.0, 0.0, 0.0, 0.0, 1.0]
            ]
        },
        {
            "name": "Shoulder_R",
            "time": [0.0, 2.6667],
            "transform": [
                [-0.191962, 0.909066, 0.369797, 0.0, 0.010762, -0.374832, 0.92703, 0.4, 0.981343, 0.181934, 0.06217, -0.0, 0.0, 0.0, 0.0, 1.0],
                [-0.191962, 0.909066, 0.369797, 0.0, 0.010762, -0.374832, 0.92703, 0.4, 0.981343, 0.181934, 0.06217, -0.0, 0.0, 0.0, 0.0, 1.0]
            ]
        },
        {
            "name": "Arm_R",
            "time": [0.0, 1.3333, 2.6667],
            "transform": [
                [-0.728916, 0.016651, -0.6844, 0.0, 0.615385, 0.453973, -0.644367, 0.335032, 0.29997, -0.89086, -0.341155, 0.0, 0.0, 0.0, 0.0, 1.0],
                [-0.730497, 0.045529, -0.681397, 0.0, 0.615182, 0.477104, -0.627632, 0.335032, 0.296522, -0.877667, -0.376531, -0.0, 0.0, 0.0, 0.0, 1.0],
                [-0.728916, 0.016651, -0.6844, 0.0, 0.615385, 0.453973, -0.644367, 0.335032, 0.29997, -0.89086, -0.341155, 0.0, 0.0, 0.0, 0.0, 1.0]
            ]
        },
        {
            "name": "Hand_R",
            "time": [0.0, 2.6667],
            "transform": [
                [0.999999, 8.1e-05, -0.001268, 0.0, -4.7e-05, 0.999633, 0.027098, 0.3, 0.00127, -0.027098, 0.999632, 0.0, 0.0, 0.0, 0.0, 1.0],
                [0.999999, 8.1e-05, -0.001268, 0.0, -4.7e-05, 0.999633, 0.027098, 0.3, 0.00127, -0.027098, 0.999632, 0.0, 0.0, 0.0, 0.0, 1.0]
            ]
        },
        {
            "name": "Tool_R",
            "time": [0.0, 2.6667],
            "transform": [
                [1.0, -2e-06, 2e-06, -0.00255, 3e-06, 0.403984, -0.914766, 0.278941, 1e-06, 0.914226, 0.403733, -0.029261, 0.0, 0.0, 0.0, 1.0],
                [1.0, -2e-06, 2e-06, -0.00255, 3e-06, 0.403984, -0.914766, 0.278941, 1e-06, 0.914226, 0.403733, -0.029261, 0.0, 0.0, 0.0, 1.0]
            ]
        },
        {
            "name": "Shoulder_L",
            "time": [0.0, 2.6667],
            "transform": [
                [0.088578, -0.931067, -0.353934, 0.0, 0.001049, -0.355244, 0.934773, 0.4, -0.996069, -0.083172, -0.030491, -0.0, 0.0, 0.0, 0.0, 1.0],
                [0.088578, -0.931067, -0.353934, 0.0, 0.001049, -0.355244, 0.934773, 0.4, -0.996069, -0.083172, -0.030491, -0.0, 0.0, 0.0, 0.0, 1.0]
            ]
        },
        {
            "name": "Arm_L",
            "time": [0.0, 1.3333, 2.6667],
            "transform": [
                [0.161694, 0.037666, 0.986122, 0.0, -0.884433, 0.448805, 0.127877, 0.335953, -0.43776, -0.892835, 0.105883, 0.0, 0.0, 0.0, 0.0, 1.0],
                [0.159259, 0.000611, 0.987237, 0.0, -0.893931, 0.42446, 0.143944, 0.335953, -0.418955, -0.905446, 0.068145, -0.0, 0.0, 0.0, 0.0, 1.0],
                [0.161694, 0.037666, 0.986122, 0.0, -0.884433, 0.448805, 0.127877, 0.335953, -0.43776, -0.892835, 0.105883, 0.0, 0.0, 0.0, 0.0, 1.0]
            ]
        },
        {
            "name": "Hand_L",
            "time": [0.0, 2.6667],
            "transform": [
                [0.99932, -0.036879, 0.000448, -0.0, 0.03687, 0.999235, 0.013034, 0.3, -0.000929, -0.013009, 0.999915, -0.0, 0.0, 0.0, 0.0, 1.0],
                [0.99932, -0.036879, 0.000448, -0.0, 0.03687, 0.999235, 0.013034, 0.3, -0.000929, -0.013009, 0.999915, -0.0, 0.0, 0.0, 0.0, 1.0]
            ]
        },
        {
            "name": "Tool_L",
            "time": [0.0, 2.6667],
            "transform": [
                [1.0, -0.0, 0.0, 0.0, -0.0, -0.999836, 0.018122, 0.272858, 0.0, -0.018122, -0.999242, -0.0, 0.0, 0.0, 0.0, 1.0],
                [1.0, -0.0, 0.0, 0.0, -0.0, -0.999836, 0.018122, 0.272858, 0.0, -0.018122, -0.999242, -0.0, 0.0, 0.0, 0.0, 1.0]
            ]
        }
    ]
}