{
    "animation": [
        {
            "name": "Root",
            "time": [0.0, 1.6667, 1.8667, 2.0667, 2.25, 2.5, 2.6333, 2.8167, 3.0833, 3.7333, 4.1667],
            "transform": [
                [0.008547, 0.0, -0.005191, -5e-06, -0.005191, 0.0, -0.008547, 0.000946, 0.0, 0.01, 0.0, 0.006844, 0.0, 0.0, 0.0, 1.0],
                [0.008547, 0.0, -0.005191, -5e-06, -0.005191, 0.0, -0.008547, 0.000946, 0.0, 0.01, 0.0, 0.006844, 0.0, 0.0, 0.0, 1.0],
                [0.008501, -0.001032, -0.005164, -5e-06, -0.005191, -0.0, -0.008547, 0.000946, 0.000882, 0.009947, -0.000536, 0.01657, 0.0, 0.0, 0.0, 1.0],
                [0.008501, -0.001032, -0.005164, -5e-06, -0.005191, -0.0, -0.008547, 0.000946, 0.000882, 0.009947, -0.000536, 0.01657, 0.0, 0.0, 0.0, 1.0],
                [0.008547, 0.0, -0.005191, -5e-06, -0.005191, 0.0, -0.008547, 0.000946, 0.0, 0.01, 0.0, 0.011369, 0.0, 0.0, 0.0, 1.0],
                [0.008547, 4.1e-05, -0.005191, -5e-06, -0.005191, -0.0, -0.008547, 0.000946, -3.5e-05, 0.01, 2.1e-05, 0.10386, 0.0, 0.0, 0.0, 1.0],
                [0.505, 0.0, 0.0, -5e-06, 0.0, 0.0, -0.505, 0.000946, 0.0, 0.505, 0.0, 0.00277, 0.0, 0.0, 0.0, 1.0],
                [0.834335, 0.231506, 0.0, -5e-06, 0.0, 0.0, -0.865858, 0.000946, -0.231506, 0.834335, 0.0, 0.077362, 0.0, 0.0, 0.0, 1.0],
                [0.610974, 0.613531, 0.0, -5e-06, 0.0, 0.0, -0.865858, 0.000946, -0.613531, 0.610974, 0.0, 0.188777, 0.0, 0.0, 0.0, 1.0],
                [0.854689, 0.0, -0.51914, -5e-06, -0.51914, 0.0, -0.854689, 0.000946, 0.0, 1.0, 0.0, 0.755725, 0.0, 0.0, 0.0, 1.0],
                [0.854689, 0.0, -0.51914, -5e-06, -0.51914, 0.0, -0.854689, 0.000946, 0.0, 1.0, 0.0, 0.755725, 0.0, 0.0, 0.0, 1.0]
            ]
        },
        {
            "name": "Thigh_R",
            "time": [0.0, 3.0833, 3.3, 3.7333, 4.1667],
            "transform": [
                [0.006948, 0.006516, -0.003043, 0.124994, 0.007187, -0.006451, 0.002596, -0.002831, -0.000271, -0.003991, -0.009165, -1.2e-05, 0.0, 0.0, 0.0, 1.0],
                [0.006948, 0.006516, -0.003043, 0.124994, 0.007187, -0.006451, 0.002596, -0.002831, -0.000271, -0.003991, -0.009165, -1.2e-05, 0.0, 0.0, 0.0, 1.0],
                [0.881542, 0.290382, -0.372239, 0.124994, 0.468685, -0.633034, 0.616119, -0.002831, -0.05673, -0.717597, -0.694144, -1.2e-05, 0.0, 0.0, 0.0, 1.0],
                [0.996123, 0.056386, -0.067528, 0.124994, 0.068868, -0.977427, 0.199728, -0.002831, -0.054742, -0.203604, -0.977522, -1.2e-05, 0.0, 0.0, 0.0, 1.0],
                [0.996123, 0.056386, -0.067528, 0.124994, 0.068868, -0.977427, 0.199728, -0.002831, -0.054742, -0.203604, -0.977522, -1.2e-05, 0.0, 0.0, 0.0, 1.0]
            ]
        },
        {
            "name": "Leg_R",
            "time": [0.0, 3.0833, 3.3, 3.7333, 4.1667],
            "transform": [
                [0.998671, -0.024497, -0.045337, -3e-06, 0.032085, -0.392861, 0.919038, 0.374717, -0.040325, -0.919273, -0.391552, 5e-06, 0.0, 0.0, 0.0, 1.0],
                [0.998671, -0.024497, -0.045337, -1e-06, 0.032085, -0.392861, 0.919038, 0.37472, -0.040325, -0.919273, -0.391552, -0.0, 0.0, 0.0, 0.0, 1.0],
                [0.999709, 0.008946, 0.02239, 0.0, -0.017124, -0.390335, 0.920514, 0.37472, 0.016974, -0.92063, -0.390069, -0.0, 0.0, 0.0, 0.0, 1.0],
                [1.0, -0.0, 2e-06, 0.0, -0.0, 0.9661, 0.258173, 0.37472, -2e-06, -0.258173, 0.966098, 0.0, 0.0, 0.0, 0.0, 1.0],
                [1.0, -0.0, 2e-06, 0.0, -0.0, 0.9661, 0.258173, 0.37472, -2e-06, -0.258173, 0.966098, 0.0, 0.0, 0.0, 0.0, 1.0]
            ]
        },
        {
            "name": "Thigh_L",
            "time": [0.0, 2.6333, 2.8167, 3.0833, 3.7333, 4.1667],
            "transform": [
                [0.008665, -0.001356, -0.004804, -0.125006, 0.004918, 0.000667, 0.008682, -0.002831, -0.000857, -0.009885, 0.001245, -1.2e-05, 0.0, 0.0, 0.0, 1.0],
                [0.008665, -0.001356, -0.004804, -0.125006, 0.004918, 0.000667, 0.008682, -0.002831, -0.000857, -0.009885, 0.001245, -1.2e-05, 0.0, 0.0, 0.0, 1.0],
                [0.959484, -0.08249, -0.269418, -0.125006, 0.280149, 0.177075, 0.943483, -0.002831, -0.030121, -0.980734, 0.19301, -1.2e-05, 0.0, 0.0, 0.0, 1.0],
                [0.679606, -0.161691, -0.715536, -0.125006, 0.732959, 0.109618, 0.671383, -0.002831, -0.030121, -0.980735, 0.19301, -1.2e-05, 0.0, 0.0, 0.0, 1.0],
                [0.866489, -0.135609, -0.480424, -0.125006, -0.027108, -0.973757, 0.225969, -0.002831, -0.49846, -0.182775, -0.847426, -1.2e-05, 0.0, 0.0, 0.0, 1.0],
                [0.866489, -0.135609, -0.480424, -0.125006, -0.027108, -0.973757, 0.225969, -0.002831, -0.49846, -0.182775, -0.847426, -1.2e-05, 0.0, 0.0, 0.0, 1.0]
            ]
        },
        {
            "name": "Leg_L",
            "time": [0.0, 2.6333, 2.8167, 3.0833, 3.7333, 4.1667],
            "transform": [
                [1.0, -1e-06, 1e-06, 3e-06, 0.0, 0.970939, 0.239328, 0.374722, -1e-06, -0.239328, 0.970939, 6e-06, 0.0, 0.0, 0.0, 1.0],
                [1.0, -0.0, 1e-06, -1e-06, 0.0, 0.970939, 0.239328, 0.37472, -1e-06, -0.239328, 0.970939, 1e-06, 0.0, 0.0, 0.0, 1.0],
                [0.999934, 0.010754, -0.004004, 0.0, -0.010625, 0.999463, 0.031009, 0.37472, 0.004336, -0.030964, 0.999511, -0.0, 0.0, 0.0, 0.0, 1.0],
                [0.999249, -0.034389, 0.017854, 0.0, -0.02398, -0.186899, 0.982086, 0.37472, -0.030436, -0.981777, -0.187584, -0.0, 0.0, 0.0, 0.0, 1.0],
                [1.0, -0.0, 1e-06, -0.0, 0.0, 0.970938, 0.239328, 0.37472, -1e-06, -0.239328, 0.970939, 0.0, 0.0, 0.0, 0.0, 1.0],
                [1.0, -0.0, 1e-06, -0.0, 0.0, 0.970938, 0.239328, 0.37472, -1e-06, -0.239328, 0.970939, 0.0, 0.0, 0.0, 0.0, 1.0]
            ]
        },
        {
            "name": "Torso",
            "time": [0.0, 2.5, 2.6333, 3.0833, 3.7333, 4.1667],
            "transform": [
                [0.99978, -0.020971, -0.000197, -0.0, 0.020971, 0.999603, 0.018833, 0.05, -0.000198, -0.018833, 0.999822, 0.0, 0.0, 0.0, 0.0, 1.0],
                [0.99978, -0.020971, -0.000197, -0.0, 0.020971, 0.999603, 0.018833, 0.050001, -0.000198, -0.018833, 0.999823, 0.0, 0.0, 0.0, 0.0, 1.0],
                [1.0, 0.0, 0.0, 0.0, 0.0, 0.995862, 0.090879, 0.05, 0.0, -0.090879, 0.995862, -0.0, 0.0, 0.0, 0.0, 1.0],
                [1.0, 0.0, 0.0, -0.0, 0.0, 0.995862, 0.090879, 0.05, 0.0, -0.090879, 0.995862, 0.0, 0.0, 0.0, 0.0, 1.0],
                [0.99978, -0.020971, -0.000197, -0.0, 0.020971, 0.999603, 0.018833, 0.05, -0.000198, -0.018833, 0.999823, 0.0, 0.0, 0.0, 0.0, 1.0],
                [0.99978, -0.020971, -0.000197, -0.0, 0.020971, 0.999603, 0.018833, 0.05, -0.000198, -0.018833, 0.999823, 0.0, 0.0, 0.0, 0.0, 1.0]
            ]
        },
        {
            "name": "Chest",
            "time": [0.0, 2.5, 2.6333, 2.8167, 3.0833, 3.7333, 4.1667],
            "transform": [
                [0.999021, -0.044237, -0.000716, -0.0, 0.044206, 0.997407, 0.056784, 0.3, -0.001798, -0.05676, 0.998386, -0.0, 0.0, 0.0, 0.0, 1.0],
                [0.999021, -0.044237, -0.000716, -0.0, 0.044206, 0.997407, 0.056784, 0.299999, -0.001798, -0.05676, 0.998386, -0.0, 0.0, 0.0, 0.0, 1.0],
                [1.0, 0.0, 0.0, 0.0, 0.0, 0.993126, 0.117047, 0.3, 0.0, -0.117047, 0.993126, -0.0, 0.0, 0.0, 0.0, 1.0],
                [0.989173, 0.143583, 0.030351, 0.0, -0.146148, 0.982577, 0.114817, 0.3, -0.013337, -0.118009, 0.992923, -0.0, 0.0, 0.0, 0.0, 1.0],
                [0.955833, -0.285895, 0.068177, 0.0, 0.287605, 0.957606, -0.01653, 0.3, -0.06056, 0.035408, 0.997536, 0.0, 0.0, 0.0, 0.0, 1.0],
                [0.999021, -0.044237, -0.000716, -0.0, 0.044206, 0.997407, 0.056784, 0.3, -0.001798, -0.05676, 0.998386, 0.0, 0.0, 0.0, 0.0, 1.0],
                [0.999021, -0.044237, -0.000716, -0.0, 0.044206, 0.997407, 0.056784, 0.3, -0.001798, -0.05676, 0.998386, 0.0, 0.0, 0.0, 0.0, 1.0]
            ]
        },
        {
            "name": "Head",
            "time": [0.0, 2.5, 2.6333, 2.8167, 3.0833, 3.7333, 4.1667],
            "transform": [
                [0.852716, -0.001121, 0.522373, 0.0, -0.006516, 0.999897, 0.012784, 0.4, -0.522334, -0.014305, 0.852621, 0.0, 0.0, 0.0, 0.0, 1.0],
                [0.852716, -0.001121, 0.522373, 0.0, -0.006516, 0.999897, 0.012784, 0.4, -0.522334, -0.014305, 0.852621, 0.0, 0.0, 0.0, 0.0, 1.0],
                [1.0, 0.0, 0.0, -0.0, 0.0, 0.908496, 0.417893, 0.4, 0.0, -0.417893, 0.908496, 0.0, 0.0, 0.0, 0.0, 1.0],
                [0.999998, -0.00154, 0.001584, 0.0, 0.000169, 0.768056, 0.640383, 0.4, -0.002202, -0.640381, 0.768054, 0.0, 0.0, 0.0, 0.0, 1.0],
                [0.946375, 0.157927, -0.281839, -0.0, 0.030359, 0.825045, 0.564251, 0.4, 0.32164, -0.54255, 0.776007, 0.0, 0.0, 0.0, 0.0, 1.0],
                [0.852716, -0.001121, 0.522373, 0.0, -0.006516, 0.999897, 0.012784, 0.4, -0.522334, -0.014305, 0.852621, -0.0, 0.0, 0.0, 0.0, 1.0],
                [0.852716, -0.001121, 0.522373, 0.0, -0.006516, 0.999897, 0.012784, 0.4, -0.522334, -0.014305, 0.852621, -0.0, 0.0, 0.0, 0.0, 1.0]
            ]
        },
        {
            "name": "Shoulder_R",
            "time": [0.0, 1.6667, 1.8667, 2.25, 2.5, 2.6333, 2.8167, 3.0833, 3.7333, 4.1667],
            "transform": [
                [-0.191962, 0.909066, 0.369797, 0.0, 0.010762, -0.374832, 0.92703, 0.4, 0.981343, 0.181934, 0.06217, 0.0, 0.0, 0.0, 0.0, 1.0],
                [-0.191962, 0.909066, 0.369797, 0.0, 0.010762, -0.374832, 0.92703, 0.4, 0.981343, 0.181934, 0.06217, 0.0, 0.0, 0.0, 0.0, 1.0],
                [0.386746, 0.921309, 0.040216, -0.0, -0.438723, 0.145458, 0.886772, 0.399999, 0.811141, -0.360599, 0.460455, 0.0, 0.0, 0.0, 0.0, 1.0],
                [0.495808, 0.867301, -0.044309, 0.0, -0.362549, 0.253081, 0.896944, 0.4, 0.789134, -0.428647, 0.439919, 0.0, 0.0, 0.0, 0.0, 1.0],
                [0.495808, 0.867301, -0.044309, 0.0, -0.362549, 0.253081, 0.896944, 0.4, 0.789134, -0.428647, 0.439919, 0.0, 0.0, 0.0, 0.0, 1.0],
                [0.138862, 0.981524, 0.131638, -0.0, -0.238986, -0.095784, 0.966287, 0.4, 0.961043, -0.16564, 0.22127, 0.0, 0.0, 0.0, 0.0, 1.0],
                [-0.013638, 0.95433, 0.298443, 0.0, -0.00044, -0.298476, 0.954417, 0.4, 0.999907, 0.012885, 0.004491, 0.0, 0.0, 0.0, 0.0, 1.0],
                [-0.008298, 0.974814, 0.222865, -0.0, 0.011847, -0.222761, 0.974801, 0.4, 0.999895, 0.010729, -0.0097, 0.0, 0.0, 0.0, 0.0, 1.0],
                [-0.191962, 0.909066, 0.369797, 0.0, 0.010762, -0.374832, 0.92703, 0.4, 0.981343, 0.181934, 0.06217, -0.0, 0.0, 0.0, 0.0, 1.0],
                [-0.191962, 0.909066, 0.369797, 0.0, 0.010762, -0.374832, 0.92703, 0.4, 0.981343, 0.181934, 0.06217, -0.0, 0.0, 0.0, 0.0, 1.0]
            ]
        },
        {
            "name": "Arm_R",
            "time": [0.0, 1.6667, 1.8667, 2.25, 2.5, 2.6333, 2.8167, 3.0833, 3.7333, 4.1667],
            "transform": [
                [-0.007289, 0.000167, -0.006844, -0.0, 0.006154, 0.00454, -0.006444, 0.335032, 0.003, -0.008909, -0.003412, 0.0, 0.0, 0.0, 0.0, 1.0],
                [-0.007289, 0.000167, -0.006844, -0.0, 0.006154, 0.00454, -0.006444, 0.335032, 0.003, -0.008909, -0.003412, 0.0, 0.0, 0.0, 0.0, 1.0],
                [-0.348888, -0.110933, -0.930576, -0.0, -0.18085, 0.982275, -0.049293, 0.335032, 0.919549, 0.151097, -0.362766, -0.0, 0.0, 0.0, 0.0, 1.0],
                [-0.962921, -0.104161, 0.248864, -0.0, -0.060186, 0.982152, 0.178202, 0.335032, -0.262984, 0.156617, -0.952003, 0.0, 0.0, 0.0, 0.0, 1.0],
                [-0.963032, -0.066034, 0.261171, -0.0, -0.060104, 0.997722, 0.030638, 0.335032, -0.262599, 0.013808, -0.964806, -0.0, 0.0, 0.0, 0.0, 1.0],
                [-0.973782, 0.137366, -0.181329, 0.0, 0.099876, 0.974332, 0.201747, 0.335032, 0.204388, 0.178347, -0.962506, -0.0, 0.0, 0.0, 0.0, 1.0],
                [-0.140245, 0.410903, -0.900827, -0.0, 0.635422, 0.735094, 0.23638, 0.335032, 0.759323, -0.539254, -0.36419, 0.0, 0.0, 0.0, 0.0, 1.0],
                [-0.210182, 0.500979, -0.83955, -0.0, 0.645661, 0.715952, 0.265584, 0.335032, 0.734129, -0.486243, -0.473943, 0.0, 0.0, 0.0, 0.0, 1.0],
                [-0.728916, 0.016651, -0.6844, 0.0, 0.615385, 0.453973, -0.644367, 0.335032, 0.29997, -0.89086, -0.341155, 0.0, 0.0, 0.0, 0.0, 1.0],
                [-0.728916, 0.016651, -0.6844, 0.0, 0.615385, 0.453973, -0.644367, 0.335032, 0.29997, -0.89086, -0.341155, 0.0, 0.0, 0.0, 0.0, 1.0]
            ]
        },
        {
            "name": "Hand_R",
            "time": [0.0, 1.8667, 2.25, 2.5, 2.6333, 2.8167, 3.0833, 3.7333, 4.1667],
            "transform": [
                [0.999999, 8.1e-05, -0.001268, 1e-06, -4.7e-05, 0.999633, 0.027098, 0.300007, 0.001269, -0.027098, 0.999632, -3e-06, 0.0, 0.0, 0.0, 1.0],
                [0.999999, 8.1e-05, -0.001268, 0.0, -4.7e-05, 0.999633, 0.027098, 0.3, 0.001269, -0.027098, 0.999632, -0.0, 0.0, 0.0, 0.0, 1.0],
                [0.999998, 0.000936, 0.001764, -0.0, 0.001291, 0.370969, -0.928645, 0.3, -0.001523, 0.928645, 0.370967, -0.0, 0.0, 0.0, 0.0, 1.0],
                [0.999997, 0.001416, 0.00208, 0.0, 0.001809, 0.170154, -0.985416, 0.3, -0.001749, 0.985416, 0.170151, 0.0, 0.0, 0.0, 0.0, 1.0],
                [0.957343, -0.244678, 0.153709, 0.0, 0.172524, 0.057283, -0.983338, 0.3, 0.231796, 0.967911, 0.097052, -0.0, 0.0, 0.0, 0.0, 1.0],
                [0.993042, -0.117622, 0.005771, -0.0, 0.107579, 0.886135, -0.450768, 0.3, 0.047906, 0.448252, 0.892623, 0.0, 0.0, 0.0, 0.0, 1.0],
                [0.993042, -0.117622, 0.005771, -0.0, 0.107579, 0.886135, -0.450768, 0.3, 0.047906, 0.448252, 0.892623, -0.0, 0.0, 0.0, 0.0, 1.0],
                [0.999999, 8.1e-05, -0.001268, 0.0, -4.7e-05, 0.999633, 0.027098, 0.3, 0.00127, -0.027098, 0.999632, 0.0, 0.0, 0.0, 0.0, 1.0],
                [0.999999, 8.1e-05, -0.001268, 0.0, -4.7e-05, 0.999633, 0.027098, 0.3, 0.00127, -0.027098, 0.999632, 0.0, 0.0, 0.0, 0.0, 1.0]
            ]
        },
        {
            "name": "Tool_R",
            "time": [0.0, 1.8667, 2.25, 2.5, 2.6333, 2.8167, 3.0833, 3.7333, 4.1667],
            "transform": [
                [1.0, -2e-06, 2e-06, -0.002546, 3e-06, 0.403983, -0.914766, 0.278922, 1e-06, 0.914226, 0.403733, -0.029263, 0.0, 0.0, 0.0, 1.0],
                [1.0, -2e-06, 2e-06, -0.00255, 3e-06, 0.403984, -0.914767, 0.278941, 1e-06, 0.914226, 0.403733, -0.029261, 0.0, 0.0, 0.0, 1.0],
                [0.00057, 0.091127, -0.995839, -0.00255, 0.100853, -0.990767, -0.090605, 0.278941, -0.994308, -0.100333, -0.00975, -0.029261, 0.0, 0.0, 0.0, 1.0],
                [0.00057, 0.091127, -0.995839, -0.00255, 0.100853, -0.990767, -0.090605, 0.27894, -0.994308, -0.100333, -0.00975, -0.029261, 0.0, 0.0, 0.0, 1.0],
                [0.267136, 0.082971, -0.96008, -0.00255, 0.104914, -0.992869, -0.056613, 0.278941, -0.95736, -0.085563, -0.273773, -0.029261, 0.0, 0.0, 0.0, 1.0],
                [0.908922, 0.036796, -0.415339, -0.00255, 0.045666, -0.998891, 0.011441, 0.278941, -0.414211, -0.029359, -0.909053, -0.029261, 0.0, 0.0, 0.0, 1.0],
                [0.908922, 0.036796, -0.415339, -0.00255, 0.045666, -0.998891, 0.011441, 0.278941, -0.414211, -0.029359, -0.909053, -0.029261, 0.0, 0.0, 0.0, 1.0],
                [1.0, -2e-06, 2e-06, -0.00255, 3e-06, 0.403984, -0.914766, 0.278941, 1e-06, 0.914226, 0.403733, -0.029261, 0.0, 0.0, 0.0, 1.0],
                [1.0, -2e-06, 2e-06, -0.00255, 3e-06, 0.403984, -0.914766, 0.278941, 1e-06, 0.914226, 0.403733, -0.029261, 0.0, 0.0, 0.0, 1.0]
            ]
        },
        {
            "name": "Shoulder_L",
            "time": [0.0, 2.0667, 2.25, 2.5, 2.6333, 2.8167, 3.0833, 3.7333, 4.1667],
            "transform": [
                [0.000886, -0.009311, -0.003539, 0.0, 1e-05, -0.003552, 0.009348, 0.4, -0.009961, -0.000832, -0.000305, 0.0, 0.0, 0.0, 0.0, 1.0],
                [0.000886, -0.009311, -0.003539, -0.0, 1e-05, -0.003552, 0.009348, 0.399999, -0.009961, -0.000832, -0.000305, 0.0, 0.0, 0.0, 0.0, 1.0],
                [-0.342541, -0.933923, 0.102238, 0.0, -0.118017, 0.150733, 0.981505, 0.4, -0.932061, 0.32414, -0.161851, 0.0, 0.0, 0.0, 0.0, 1.0],
                [-0.342541, -0.933923, 0.102238, 0.0, -0.118017, 0.150733, 0.981505, 0.4, -0.932061, 0.32414, -0.161851, 0.0, 0.0, 0.0, 0.0, 1.0],
                [-0.122725, -0.984895, -0.122153, -0.0, -0.087094, -0.111921, 0.989893, 0.4, -0.988612, 0.132123, -0.072043, 0.0, 0.0, 0.0, 0.0, 1.0],
                [-0.000726, -0.897387, -0.441244, 0.0, -0.033234, -0.440979, 0.896902, 0.4, -0.999448, 0.015315, -0.029503, 0.0, 0.0, 0.0, 0.0, 1.0],
                [-0.000726, -0.897387, -0.441244, -0.0, -0.033234, -0.440979, 0.896902, 0.4, -0.999448, 0.015315, -0.029503, 0.0, 0.0, 0.0, 0.0, 1.0],
                [0.088578, -0.931067, -0.353934, 0.0, 0.001049, -0.355244, 0.934773, 0.4, -0.996069, -0.083172, -0.030491, -0.0, 0.0, 0.0, 0.0, 1.0],
                [0.088578, -0.931067, -0.353934, 0.0, 0.001049, -0.355244, 0.934773, 0.4, -0.996069, -0.083172, -0.030491, -0.0, 0.0, 0.0, 0.0, 1.0]
            ]
        },
        {
            "name": "Arm_L",
            "time": [0.0, 1.6667, 1.8667, 1.9167, 2.0667, 2.25, 2.5, 2.6333, 3.0833, 3.7333, 4.1667],
            "transform": [
                [0.001617, 0.000377, 0.009861, -3e-06, -0.008844, 0.004488, 0.001279, 0.335953, -0.004378, -0.008928, 0.001059, 1.5e-05, 0.0, 0.0, 0.0, 1.0],
                [0.001617, 0.000377, 0.009861, -3e-06, -0.008844, 0.004488, 0.001279, 0.335953, -0.004378, -0.008928, 0.001059, 1.5e-05, 0.0, 0.0, 0.0, 1.0],
                [0.161694, 0.037666, 0.986122, 0.0, -0.884432, 0.448805, 0.127877, 0.33596, -0.43776, -0.892835, 0.105883, -1.9e-05, 0.0, 0.0, 0.0, 1.0],
                [-0.334112, -0.589077, 0.73577, 0.0, 0.173446, 0.728872, 0.662316, 0.33596, -0.926437, 0.348904, -0.141351, -1.9e-05, 0.0, 0.0, 0.0, 1.0],
                [0.161694, 0.037666, 0.986122, 0.0, -0.884432, 0.448805, 0.127877, 0.33596, -0.43776, -0.892835, 0.105883, -1.9e-05, 0.0, 0.0, 0.0, 1.0],
                [0.056215, 0.125053, 0.990556, -0.0, -0.059027, 0.990806, -0.121734, 0.335953, -0.996672, -0.051626, 0.06308, 0.0, 0.0, 0.0, 0.0, 1.0],
                [-0.968574, -0.110083, 0.223037, -0.0, -0.115025, 0.993319, -0.009246, 0.335953, -0.22053, -0.03461, -0.974766, -1e-06, 0.0, 0.0, 0.0, 1.0],
                [-0.431224, -0.289789, 0.85444, 0.0, -0.540592, 0.841192, 0.012466, 0.335953, -0.722361, -0.456528, -0.5194, -0.0, 0.0, 0.0, 0.0, 1.0],
                [0.265994, -0.697571, 0.665314, -0.0, -0.769744, 0.261773, 0.58221, 0.335953, -0.580294, -0.666986, -0.46732, -0.0, 0.0, 0.0, 0.0, 1.0],
                [0.161694, 0.037666, 0.986122, 0.0, -0.884433, 0.448805, 0.127877, 0.335953, -0.43776, -0.892835, 0.105883, 0.0, 0.0, 0.0, 0.0, 1.0],
                [0.161694, 0.037666, 0.986122, 0.0, -0.884433, 0.448805, 0.127877, 0.335953, -0.43776, -0.892835, 0.105883, 0.0, 0.0, 0.0, 0.0, 1.0]
            ]
        },
        {
            "name": "Hand_L",
            "time": [0.0, 2.25, 2.5, 2.6333, 3.0833, 3.7333, 4.1667],
            "transform": [
                [0.99932, -0.036878, 0.000448, -1.5e-05, 0.03687, 0.999235, 0.013034, 0.299402, -0.000929, -0.013009, 0.999915, -7.6e-05, 0.0, 0.0, 0.0, 1.0],
                [0.99932, -0.036879, 0.000448, 0.0, 0.03687, 0.999235, 0.013034, 0.3, -0.000929, -0.013009, 0.999915, 0.0, 0.0, 0.0, 0.0, 1.0],
                [0.999537, -0.028974, 0.00928, -0.0, 0.029487, 0.847482, -0.530005, 0.3, 0.007492, 0.530033, 0.847944, 0.0, 0.0, 0.0, 0.0, 1.0],
                [0.998862, 0.021974, 0.042334, 0.0, -0.011905, 0.974324, -0.224837, 0.3, -0.046188, 0.224077, 0.973476, -0.0, 0.0, 0.0, 0.0, 1.0],
                [0.998862, 0.021974, 0.042334, 0.0, -0.011905, 0.974324, -0.224837, 0.3, -0.046188, 0.224077, 0.973476, -0.0, 0.0, 0.0, 0.0, 1.0],
                [0.99932, -0.036879, 0.000448, -0.0, 0.03687, 0.999235, 0.013034, 0.3, -0.000929, -0.013009, 0.999915, -0.0, 0.0, 0.0, 0.0, 1.0],
                [0.99932, -0.036879, 0.000448, -0.0, 0.03687, 0.999235, 0.013034, 0.3, -0.000929, -0.013009, 0.999915, -0.0, 0.0, 0.0, 0.0, 1.0]
            ]
        },
        {
            "name": "Tool_L",
            "time": [0.0, 2.25, 2.5, 2.6333, 2.8167, 3.0833, 3.7333, 4.1667],
            "transform": [
                [1.0, -0.0, 0.0, 1.5e-05, -0.0, -0.999836, 0.018122, 0.273606, 0.0, -0.018122, -0.999242, -0.00013, 0.0, 0.0, 0.0, 1.0],
                [1.0, -0.0, 0.0, -0.0, -0.0, -0.999836, 0.018122, 0.272858, 0.0, -0.018122, -0.999242, 0.0, 0.0, 0.0, 0.0, 1.0],
                [-0.148495, -0.126467, 0.980793, 0.0, -0.912296, -0.365252, -0.185221, 0.272858, 0.381425, -0.921735, -0.061103, -0.0, 0.0, 0.0, 0.0, 1.0],
                [0.633806, -0.329818, 0.69965, 0.0, -0.587342, -0.793793, 0.157869, 0.272858, 0.503004, -0.510697, -0.696412, -0.0, 0.0, 0.0, 0.0, 1.0],
                [0.976541, -0.120908, 0.178183, -0.0, -0.139806, -0.985358, 0.097588, 0.272858, 0.163676, -0.120149, -0.978564, 0.0, 0.0, 0.0, 0.0, 1.0],
                [0.976541, -0.120908, 0.178183, -0.0, -0.139806, -0.985358, 0.097588, 0.272858, 0.163676, -0.120149, -0.978564, 0.0, 0.0, 0.0, 0.0, 1.0],
                [1.0, -0.0, 0.0, 0.0, -0.0, -0.999836, 0.018122, 0.272858, 0.0, -0.018122, -0.999242, -0.0, 0.0, 0.0, 0.0, 1.0],
                [1.0, -0.0, 0.0, 0.0, -0.0, -0.999836, 0.018122, 0.272858, 0.0, -0.018122, -0.999242, -0.0, 0.0, 0.0, 0.0, 1.0]
            ]
        }
    ]
}