{
    "animation": [
        {
            "name": "Root",
            "time": [0.0, 0.25, 0.3667, 0.4833, 0.75],
            "transform": [
                [0.169378, 0.0, -0.985551, -5e-06, -0.985551, 0.0, -0.169378, 0.000378, 0.0, 1.0, 0.0, 0.680471, 0.0, 0.0, 0.0, 1.0],
                [0.169378, 0.0, -0.985551, -5e-06, -0.985551, 0.0, -0.169378, 0.000378, 0.0, 1.0, 0.0, 0.680471, 0.0, 0.0, 0.0, 1.0],
                [0.900123, 0.0, -0.435636, -5e-06, -0.435636, 0.0, -0.900123, 0.377994, 0.0, 1.0, 0.0, 0.745414, 0.0, 0.0, 0.0, 1.0],
                [0.87801, 0.0, 0.478643, -5e-06, 0.478643, 0.0, -0.87801, 0.75561, 0.0, 1.0, 0.0, 0.681976, 0.0, 0.0, 0.0, 1.0],
                [0.87801, 0.0, 0.478643, -5e-06, 0.478643, 0.0, -0.87801, 0.75561, 0.0, 1.0, 0.0, 0.681976, 0.0, 0.0, 0.0, 1.0]
            ]
        },
        {
            "name": "Thigh_R",
            "time": [0.0, 0.25, 0.3667, 0.4833, 0.75],
            "transform": [
                [0.868895, 0.354709, -0.345256, 0.124994, 0.392746, -0.918559, 0.044699, -0.002831, -0.301283, -0.174436, -0.937443, -1.2e-05, 0.0, 0.0, 0.0, 1.0],
                [0.868895, 0.354709, -0.345256, 0.124994, 0.392746, -0.918559, 0.044699, -0.002831, -0.301283, -0.174436, -0.937443, -1.2e-05, 0.0, 0.0, 0.0, 1.0],
                [0.995267, 0.071637, 0.065661, 0.124994, 0.050306, -0.957922, 0.282582, -0.002831, 0.083142, -0.277941, -0.956993, -1.2e-05, 0.0, 0.0, 0.0, 1.0],
                [0.898163, 0.278737, 0.340012, 0.124994, 0.0, -0.773348, 0.633981, -0.002831, 0.439663, -0.569418, -0.694593, -1.2e-05, 0.0, 0.0, 0.0, 1.0],
                [0.898163, 0.278737, 0.340012, 0.124994, 0.0, -0.773348, 0.633981, -0.002831, 0.439663, -0.569418, -0.694593, -1.2e-05, 0.0, 0.0, 0.0, 1.0]
            ]
        },
        {
            "name": "Leg_R",
            "time": [0.0, 0.25, 0.4833, 0.75],
            "transform": [
                [1.0, 1e-06, 1e-06, 0.0, -1e-06, 0.996195, 0.087156, 0.37472, -1e-06, -0.087156, 0.996194, 0.0, 0.0, 0.0, 0.0, 1.0],
                [1.0, 1e-06, 1e-06, 0.0, -1e-06, 0.996195, 0.087156, 0.37472, -1e-06, -0.087156, 0.996194, 0.0, 0.0, 0.0, 0.0, 1.0],
                [1.0, 0.0, 1e-06, 0.0, -1e-06, 0.773965, 0.633228, 0.37472, -0.0, -0.633229, 0.773964, -0.0, 0.0, 0.0, 0.0, 1.0],
                [1.0, 0.0, 1e-06, 0.0, -1e-06, 0.773965, 0.633228, 0.37472, -0.0, -0.633229, 0.773964, -0.0, 0.0, 0.0, 0.0, 1.0]
            ]
        },
        {
            "name": "Thigh_L",
            "time": [0.0, 0.25, 0.3667, 0.4833, 0.75],
            "transform": [
                [0.171924, -0.628732, -0.758379, -0.125006, 0.0, -0.769842, 0.638234, -0.002831, -0.98511, -0.109728, -0.132355, -1.2e-05, 0.0, 0.0, 0.0, 1.0],
                [0.171924, -0.628732, -0.758379, -0.125006, 0.0, -0.769842, 0.638234, -0.002831, -0.98511, -0.109728, -0.132355, -1.2e-05, 0.0, 0.0, 0.0, 1.0],
                [0.897946, -0.061661, -0.435763, -0.125006, -0.001123, -0.990454, 0.137837, -0.002831, -0.440103, -0.12328, -0.889444, -1.2e-05, 0.0, 0.0, 0.0, 1.0],
                [0.884132, -0.187414, 0.428002, -0.125006, 0.0, -0.916029, -0.401111, -0.002831, 0.467237, 0.354636, -0.809891, -1.2e-05, 0.0, 0.0, 0.0, 1.0],
                [0.884132, -0.187414, 0.428002, -0.125006, 0.0, -0.916029, -0.401111, -0.002831, 0.467237, 0.354636, -0.809891, -1.2e-05, 0.0, 0.0, 0.0, 1.0]
            ]
        },
        {
            "name": "Leg_L",
            "time": [0.0, 0.25, 0.4833, 0.75],
            "transform": [
                [1.0, -0.0, 1e-06, -0.0, -0.0, 0.769068, 0.639167, 0.37472, -1e-06, -0.639166, 0.769069, 0.0, 0.0, 0.0, 0.0, 1.0],
                [1.0, -0.0, 1e-06, -0.0, -0.0, 0.769068, 0.639167, 0.37472, -1e-06, -0.639166, 0.769069, 0.0, 0.0, 0.0, 0.0, 1.0],
                [1.0, 0.0, 1e-06, 0.0, -0.0, 0.996194, 0.087156, 0.37472, -1e-06, -0.087156, 0.996195, -0.0, 0.0, 0.0, 0.0, 1.0],
                [1.0, 0.0, 1e-06, 0.0, -0.0, 0.996194, 0.087156, 0.37472, -1e-06, -0.087156, 0.996195, -0.0, 0.0, 0.0, 0.0, 1.0]
            ]
        },
        {
            "name": "Torso",
            "time": [0.0, 0.25, 0.4833, 0.75],
            "transform": [
                [0.999301, -0.037365, -0.000857, 0.0, 0.037365, 0.99825, 0.045829, 0.05, -0.000857, -0.045829, 0.998949, -0.0, 0.0, 0.0, 0.0, 1.0],
                [1.0, -0.0, 0.0, 0.0, 0.0, 0.99993, -0.011811, 0.05, 0.0, 0.011811, 0.99993, -0.0, 0.0, 0.0, 0.0, 1.0],
                [0.999719, -0.023691, 0.000186, 0.0, 0.023691, 0.999596, -0.015733, 0.05, 0.000186, 0.015733, 0.999876, 0.0, 0.0, 0.0, 0.0, 1.0],
                [0.999719, -0.023691, 0.000186, 0.0, 0.023691, 0.999596, -0.015733, 0.05, 0.000186, 0.015733, 0.999876, 0.0, 0.0, 0.0, 0.0, 1.0]
            ]
        },
        {
            "name": "Chest",
            "time": [0.0, 0.25, 0.4833, 0.75],
            "transform": [
                [0.999437, -0.033536, -0.000723, 0.0, 0.033536, 0.99851, 0.043055, 0.3, -0.000722, -0.043054, 0.999073, 0.0, 0.0, 0.0, 0.0, 1.0],
                [1.0, 0.0, 0.0, 0.0, 0.0, 1.0, -0.0, 0.3, -0.0, -0.0, 1.0, 0.0, 0.0, 0.0, 0.0, 1.0],
                [0.999859, -0.016778, -0.000181, 0.0, 0.016778, 0.999627, 0.021539, 0.3, -0.000181, -0.021539, 0.999768, -0.0, 0.0, 0.0, 0.0, 1.0],
                [0.999859, -0.016778, -0.000181, 0.0, 0.016778, 0.999627, 0.021539, 0.3, -0.000181, -0.021539, 0.999768, -0.0, 0.0, 0.0, 0.0, 1.0]
            ]
        },
        {
            "name": "Head",
            "time": [0.0, 0.25, 0.4833, 0.75],
            "transform": [
                [0.260937, -0.019184, 0.965165, -0.0, 0.075111, 0.997175, -0.000486, 0.4, -0.962429, 0.072621, 0.261641, -0.0, 0.0, 0.0, 0.0, 1.0],
                [0.164609, 0.047271, 0.985226, -0.0, -0.003644, 0.998873, -0.047317, 0.4, -0.986352, 0.004198, 0.164595, 0.0, 0.0, 0.0, 0.0, 1.0],
                [0.90508, 0.017801, -0.424869, 0.0, -0.002655, 0.99934, 0.036214, 0.4, 0.425233, -0.031648, 0.90453, -0.0, 0.0, 0.0, 0.0, 1.0],
                [0.90508, 0.017801, -0.424869, 0.0, -0.002655, 0.99934, 0.036214, 0.4, 0.425233, -0.031648, 0.90453, -0.0, 0.0, 0.0, 0.0, 1.0]
            ]
        },
        {
            "name": "Shoulder_R",
            "time": [0.0, 0.25, 0.4833, 0.75],
            "transform": [
                [-0.752735, 0.575203, 0.320205, -0.0, 0.084639, -0.397801, 0.913559, 0.4, 0.65286, 0.71477, 0.250754, -0.0, 0.0, 0.0, 0.0, 1.0],
                [-0.458635, 0.810354, 0.364664, -0.0, 0.042718, -0.389789, 0.919913, 0.4, 0.887597, 0.437482, 0.144154, 0.0, 0.0, 0.0, 0.0, 1.0],
                [0.808542, 0.52744, 0.260897, 0.0, -0.015238, -0.424456, 0.90532, 0.4, 0.588242, -0.735965, -0.335153, -0.0, 0.0, 0.0, 0.0, 1.0],
                [0.808542, 0.52744, 0.260897, 0.0, -0.015238, -0.424456, 0.90532, 0.4, 0.588242, -0.735965, -0.335153, -0.0, 0.0, 0.0, 0.0, 1.0]
            ]
        },
        {
            "name": "Arm_R",
            "time": [0.0, 0.25, 0.4833, 0.75],
            "transform": [
                [-0.325869, -0.924682, -0.19691, 0.0, -0.212075, 0.274467, -0.937919, 0.335032, 0.921322, -0.263879, -0.285542, -0.0, 0.0, 0.0, 0.0, 1.0],
                [0.188172, -0.956776, -0.221745, 0.0, 0.378891, -0.137581, 0.915157, 0.335032, -0.906109, -0.256224, 0.336625, -0.0, 0.0, 0.0, 0.0, 1.0],
                [-0.042189, -0.998858, -0.022454, 0.0, 0.471244, -0.039711, 0.881109, 0.335032, -0.880993, 0.026592, 0.472381, 0.0, 0.0, 0.0, 0.0, 1.0],
                [-0.042189, -0.998858, -0.022454, 0.0, 0.471244, -0.039711, 0.881109, 0.335032, -0.880993, 0.026592, 0.472381, 0.0, 0.0, 0.0, 0.0, 1.0]
            ]
        },
        {
            "name": "Hand_R",
            "time": [0.0, 0.25, 0.75],
            "transform": [
                [0.999998, -0.00173, 0.00118, -0.0, 0.001849, 0.465108, -0.885252, 0.3, 0.000983, 0.885252, 0.46511, 0.0, 0.0, 0.0, 0.0, 1.0],
                [1.0, -0.0, -0.0, -0.0, 0.0, 0.993937, 0.109947, 0.3, 0.0, -0.109947, 0.993937, -0.0, 0.0, 0.0, 0.0, 1.0],
                [1.0, -0.0, -0.0, -0.0, 0.0, 0.993937, 0.109947, 0.3, 0.0, -0.109947, 0.993937, 0.0, 0.0, 0.0, 0.0, 1.0]
            ]
        },
        {
            "name": "Tool_R",
            "time": [0.0, 0.25, 0.4833, 0.75],
            "transform": [
                [0.99996, 0.008682, -0.002371, 0.0, -0.000287, -0.232506, -0.972595, 0.272858, -0.00899, 0.971975, -0.232366, -0.0, 0.0, 0.0, 0.0, 1.0],
                [0.99996, 0.008682, -0.002371, 0.0, -0.000287, -0.232506, -0.972595, 0.272858, -0.00899, 0.971975, -0.232366, -0.0, 0.0, 0.0, 0.0, 1.0],
                [0.999879, -0.013983, -0.006766, 0.0, -0.006325, 0.031335, -0.999489, 0.272858, 0.01418, 0.998817, 0.031213, -0.0, 0.0, 0.0, 0.0, 1.0],
                [0.999879, -0.013983, -0.006766, 0.0, -0.006325, 0.031335, -0.999489, 0.272858, 0.01418, 0.998817, 0.031213, -0.0, 0.0, 0.0, 0.0, 1.0]
            ]
        },
        {
            "name": "Shoulder_L",
            "time": [0.0, 0.25, 0.4833, 0.75],
            "transform": [
                [0.597877, -0.769934, -0.223036, -0.0, -0.060522, -0.320807, 0.945209, 0.4, -0.7993, -0.551621, -0.238401, -0.0, 0.0, 0.0, 0.0, 1.0],
                [0.714927, -0.67853, -0.168748, -0.0, -0.078194, -0.317421, 0.945056, 0.4, -0.694813, -0.662451, -0.279989, 0.0, 0.0, 0.0, 0.0, 1.0],
                [0.100966, -0.929065, -0.355872, 0.0, -0.004118, -0.358087, 0.933679, 0.4, -0.994882, -0.092805, -0.039981, -0.0, 0.0, 0.0, 0.0, 1.0],
                [0.100966, -0.929065, -0.355872, 0.0, -0.004118, -0.358087, 0.933679, 0.4, -0.994882, -0.092805, -0.039981, -0.0, 0.0, 0.0, 0.0, 1.0]
            ]
        },
        {
            "name": "Arm_L",
            "time": [0.0, 0.25, 0.4833, 0.75],
            "transform": [
                [-0.646432, 0.746622, 0.157104, -0.0, -0.716209, -0.52283, -0.462271, 0.335953, -0.263003, -0.411346, 0.872711, -0.0, 0.0, 0.0, 0.0, 1.0],
                [-0.165598, 0.901214, -0.400487, 0.0, 0.384984, -0.314798, -0.867577, 0.335953, -0.907945, -0.29785, -0.294823, 0.0, 0.0, 0.0, 0.0, 1.0],
                [-0.000697, 0.647158, 0.762355, 0.0, 0.307186, 0.725634, -0.615705, 0.335953, -0.951649, 0.233755, -0.199304, 0.0, 0.0, 0.0, 0.0, 1.0],
                [-0.000697, 0.647158, 0.762355, 0.0, 0.307186, 0.725634, -0.615705, 0.335953, -0.951649, 0.233755, -0.199304, 0.0, 0.0, 0.0, 0.0, 1.0]
            ]
        },
        {
            "name": "Hand_L",
            "time": [0.0, 0.25, 0.4833, 0.75],
            "transform": [
                [1.0, -0.0, 0.0, 0.0, 0.0, 0.993937, 0.109947, 0.3, -0.0, -0.109947, 0.993937, 0.0, 0.0, 0.0, 0.0, 1.0],
                [1.0, -0.0, 0.0, -0.0, 0.0, 0.993937, 0.109947, 0.3, -0.0, -0.109947, 0.993937, -0.0, 0.0, 0.0, 0.0, 1.0],
                [0.999277, -0.032545, -0.019665, 0.0, 0.006006, 0.645772, -0.763507, 0.3, 0.037547, 0.762837, 0.645501, 0.0, 0.0, 0.0, 0.0, 1.0],
                [0.999277, -0.032545, -0.019665, 0.0, 0.006006, 0.645772, -0.763507, 0.3, 0.037547, 0.762837, 0.645501, 0.0, 0.0, 0.0, 0.0, 1.0]
            ]
        },
        {
            "name": "Tool_L",
            "time": [0.0, 0.75],
            "transform": [
                [1.0, -0.0, 0.0, 0.0, -0.0, -0.999835, 0.018122, 0.272858, 0.0, -0.018122, -0.999242, 0.0, 0.0, 0.0, 0.0, 1.0],
                [1.0, -0.0, 0.0, -0.0, -0.0, -0.999836, 0.018122, 0.272858, 0.0, -0.018122, -0.999242, 0.0, 0.0, 0.0, 0.0, 1.0]
            ]
        }
    ]
}