{
    "animation": [
        {
            "name": "Root",
            "time": [0.0, 0.2167, 0.3333, 0.4333, 0.75],
            "transform": [
                [0.87801, 0.0, 0.478643, -5e-06, 0.478643, 0.0, -0.87801, 0.000946, 0.0, 1.0, 0.0, 0.76325, 0.0, 0.0, 0.0, 1.0],
                [0.87801, 0.0, 0.478643, -5e-06, 0.478643, 0.0, -0.87801, 0.332542, 0.0, 1.0, 0.0, 0.681976, 0.0, 0.0, 0.0, 1.0],
                [0.836495, 0.0, -0.547974, -5e-06, -0.547974, 0.0, -0.836495, 0.704564, 0.0, 1.0, 0.0, 0.767308, 0.0, 0.0, 0.0, 1.0],
                [0.169378, 0.0, -0.985551, -5e-06, -0.985551, 0.0, -0.169378, 1.008738, 0.0, 1.0, 0.0, 0.680471, 0.0, 0.0, 0.0, 1.0],
                [0.169378, 0.0, -0.985551, -5e-06, -0.985551, 0.0, -0.169378, 1.008738, 0.0, 1.0, 0.0, 0.680471, 0.0, 0.0, 0.0, 1.0]
            ]
        },
        {
            "name": "Thigh_R",
            "time": [0.0, 0.2167, 0.3333, 0.4333, 0.75],
            "transform": [
                [0.859477, 0.320128, 0.398518, 0.124994, 0.040511, -0.819817, 0.571189, -0.002831, 0.509566, -0.474779, -0.717584, -1.2e-05, 0.0, 0.0, 0.0, 1.0],
                [0.898163, 0.278737, 0.340012, 0.124994, 0.0, -0.773348, 0.633981, -0.002831, 0.439663, -0.569418, -0.694593, -1.2e-05, 0.0, 0.0, 0.0, 1.0],
                [0.861129, -0.022176, -0.507902, 0.124994, 0.0, -0.999047, 0.04362, -0.002831, -0.508386, -0.037562, -0.860309, -1.2e-05, 0.0, 0.0, 0.0, 1.0],
                [0.868895, 0.354709, -0.345256, 0.124994, 0.392746, -0.918559, 0.044699, -0.002831, -0.301283, -0.174436, -0.937443, -1.2e-05, 0.0, 0.0, 0.0, 1.0],
                [0.868895, 0.354709, -0.345256, 0.124994, 0.392746, -0.918559, 0.044699, -0.002831, -0.301283, -0.174436, -0.937443, -1.2e-05, 0.0, 0.0, 0.0, 1.0]
            ]
        },
        {
            "name": "Leg_R",
            "time": [0.0, 0.2167, 0.3333, 0.75],
            "transform": [
                [1.0, 0.0, 1e-06, 0.0, -1e-06, 0.375306, 0.9269, 0.37472, -0.0, -0.926902, 0.375306, 0.0, 0.0, 0.0, 0.0, 1.0],
                [1.0, 0.0, 1e-06, -0.0, -1e-06, 0.773965, 0.633228, 0.37472, -0.0, -0.633229, 0.773964, -0.0, 0.0, 0.0, 0.0, 1.0],
                [1.0, 1e-06, 1e-06, 0.0, -1e-06, 0.996195, 0.087156, 0.37472, -1e-06, -0.087156, 0.996194, -0.0, 0.0, 0.0, 0.0, 1.0],
                [1.0, 1e-06, 1e-06, 0.0, -1e-06, 0.996195, 0.087156, 0.37472, -1e-06, -0.087156, 0.996194, -0.0, 0.0, 0.0, 0.0, 1.0]
            ]
        },
        {
            "name": "Thigh_L",
            "time": [0.0, 0.2167, 0.3333, 0.4333, 0.75],
            "transform": [
                [0.87284, 0.021287, 0.487541, -0.125006, 0.0, -0.999048, 0.04362, -0.002831, 0.488006, -0.038073, -0.872009, -1.2e-05, 0.0, 0.0, 0.0, 1.0],
                [0.884132, -0.187414, 0.428002, -0.125006, 0.0, -0.916029, -0.401111, -0.002831, 0.467237, 0.354636, -0.809891, -1.2e-05, 0.0, 0.0, 0.0, 1.0],
                [0.855669, -0.198048, -0.47813, -0.125006, 0.0, -0.923879, 0.382684, -0.002831, -0.517524, -0.32745, -0.790534, -1.2e-05, 0.0, 0.0, 0.0, 1.0],
                [0.171924, -0.628732, -0.758379, -0.125006, 0.0, -0.769842, 0.638234, -0.002831, -0.98511, -0.109728, -0.132355, -1.2e-05, 0.0, 0.0, 0.0, 1.0],
                [0.171924, -0.628732, -0.758379, -0.125006, 0.0, -0.769842, 0.638234, -0.002831, -0.98511, -0.109728, -0.132355, -1.2e-05, 0.0, 0.0, 0.0, 1.0]
            ]
        },
        {
            "name": "Leg_L",
            "time": [0.0, 0.2167, 0.3333, 0.4333, 0.75],
            "transform": [
                [1.0, 0.0, 1e-06, 0.0, -0.0, 0.996194, 0.087156, 0.37472, -1e-06, -0.087156, 0.996195, -0.0, 0.0, 0.0, 0.0, 1.0],
                [1.0, 0.0, 1e-06, -0.0, -0.0, 0.996194, 0.087156, 0.37472, -1e-06, -0.087156, 0.996195, -0.0, 0.0, 0.0, 0.0, 1.0],
                [1.0, -0.0, 1e-06, -0.0, -0.0, 0.573576, 0.819152, 0.37472, -1e-06, -0.819152, 0.573577, -0.0, 0.0, 0.0, 0.0, 1.0],
                [1.0, -0.0, 1e-06, -0.0, -0.0, 0.769068, 0.639167, 0.37472, -1e-06, -0.639166, 0.769069, 0.0, 0.0, 0.0, 0.0, 1.0],
                [1.0, -0.0, 1e-06, -0.0, -0.0, 0.769068, 0.639167, 0.37472, -1e-06, -0.639166, 0.769069, 0.0, 0.0, 0.0, 0.0, 1.0]
            ]
        },
        {
            "name": "Torso",
            "time": [0.0, 0.75, 0.3333, 0.4333],
            "transform": [
                [0.999513, -0.031187, 0.000893, -0.0, 0.031187, 0.997875, -0.057209, 0.05, 0.000893, 0.057209, 0.998362, 0.0, 0.0, 0.0, 0.0, 1.0],
                [0.99978, -0.020981, -0.000198, -0.0, 0.020981, 0.999602, 0.018842, 0.05, -0.000198, -0.018842, 0.999822, 0.0, 0.0, 0.0, 0.0, 1.0],
                [0.999301, -0.037365, -0.000857, -0.0, 0.037365, 0.99825, 0.045829, 0.05, -0.000857, -0.045829, 0.998949, -0.0, 0.0, 0.0, 0.0, 1.0],
                [0.999301, -0.037365, -0.000857, -0.0, 0.037365, 0.99825, 0.045829, 0.05, -0.000857, -0.045829, 0.998949, -0.0, 0.0, 0.0, 0.0, 1.0]
            ]
        },
        {
            "name": "Chest",
            "time": [0.0, 0.75, 0.4333],
            "transform": [
                [1.0, 0.0, -0.0, -0.0, -0.0, 1.0, 0.0, 0.3, 0.0, -0.0, 1.0, -0.0, 0.0, 0.0, 0.0, 1.0],
                [0.999437, -0.033536, -0.000723, 0.0, 0.033536, 0.99851, 0.043055, 0.3, -0.000722, -0.043054, 0.999073, -0.0, 0.0, 0.0, 0.0, 1.0],
                [0.999437, -0.033536, -0.000723, 0.0, 0.033536, 0.99851, 0.043055, 0.3, -0.000722, -0.043054, 0.999073, -0.0, 0.0, 0.0, 0.0, 1.0]
            ]
        },
        {
            "name": "Head",
            "time": [0.0, 0.2167, 0.3333, 0.4333, 0.75],
            "transform": [
                [0.880509, 0.014206, -0.473816, -0.0, 0.018153, 0.997807, 0.063649, 0.4, 0.473681, -0.064645, 0.878321, 0.0, 0.0, 0.0, 0.0, 1.0],
                [0.90508, 0.017801, -0.424869, 0.0, -0.002655, 0.99934, 0.036214, 0.4, 0.425233, -0.031648, 0.90453, -0.0, 0.0, 0.0, 0.0, 1.0],
                [0.888675, -0.011294, 0.458398, -0.0, 0.018492, 0.999766, -0.011219, 0.4, -0.458165, 0.018447, 0.888676, 0.0, 0.0, 0.0, 0.0, 1.0],
                [0.260937, -0.019184, 0.965165, -0.0, 0.075111, 0.997175, -0.000486, 0.4, -0.962429, 0.072621, 0.261641, 0.0, 0.0, 0.0, 0.0, 1.0],
                [0.260937, -0.019184, 0.965165, -0.0, 0.075111, 0.997175, -0.000486, 0.4, -0.962429, 0.072621, 0.261641, 0.0, 0.0, 0.0, 0.0, 1.0]
            ]
        },
        {
            "name": "Shoulder_R",
            "time": [0.0, 0.2167, 0.4333, 0.75],
            "transform": [
                [0.171756, 0.896302, 0.40883, -0.0, 0.015345, -0.417381, 0.908602, 0.4, 0.98502, -0.149784, -0.085441, 0.0, 0.0, 0.0, 0.0, 1.0],
                [0.583099, 0.730064, 0.356372, 0.0, -0.007409, -0.433868, 0.900946, 0.4, 0.812367, -0.527982, -0.247579, -0.0, 0.0, 0.0, 0.0, 1.0],
                [-0.752735, 0.575203, 0.320205, -0.0, 0.084639, -0.397801, 0.913559, 0.4, 0.65286, 0.71477, 0.250754, 0.0, 0.0, 0.0, 0.0, 1.0],
                [-0.752735, 0.575203, 0.320205, -0.0, 0.084639, -0.397801, 0.913559, 0.4, 0.65286, 0.71477, 0.250754, 0.0, 0.0, 0.0, 0.0, 1.0]
            ]
        },
        {
            "name": "Arm_R",
            "time": [0.0, 0.2167, 0.3, 0.4333, 0.75],
            "transform": [
                [0.109069, -0.989172, -0.098203, -0.0, -0.303099, 0.060994, -0.951005, 0.335032, 0.946697, 0.13349, -0.293164, 0.0, 0.0, 0.0, 0.0, 1.0],
                [0.373631, -0.925857, -0.056467, -0.0, -0.154196, -0.001967, -0.988038, 0.335032, 0.914671, 0.377869, -0.143499, 0.0, 0.0, 0.0, 0.0, 1.0],
                [0.134886, -0.900586, 0.413221, 0.0, -0.437547, -0.428307, -0.790636, 0.335032, 0.889021, -0.074158, -0.451821, 0.0, 0.0, 0.0, 0.0, 1.0],
                [-0.325869, -0.924682, -0.19691, 0.0, -0.212075, 0.274467, -0.937919, 0.335032, 0.921322, -0.263879, -0.285542, -0.0, 0.0, 0.0, 0.0, 1.0],
                [-0.325869, -0.924682, -0.19691, 0.0, -0.212075, 0.274467, -0.937919, 0.335032, 0.921322, -0.263879, -0.285542, -0.0, 0.0, 0.0, 0.0, 1.0]
            ]
        },
        {
            "name": "Hand_R",
            "time": [0.0, 0.2167, 0.3, 0.4333, 0.75],
            "transform": [
                [0.99876, 0.025959, 0.042482, 0.0, 0.029973, 0.367799, -0.929422, 0.3, -0.039752, 0.929543, 0.366564, 0.0, 0.0, 0.0, 0.0, 1.0],
                [0.99876, 0.025959, 0.042482, -0.0, 0.029973, 0.367799, -0.929422, 0.3, -0.039752, 0.929543, 0.366564, -0.0, 0.0, 0.0, 0.0, 1.0],
                [1.0, -0.0, -0.0, -0.0, 0.0, 0.993937, 0.109947, 0.3, 0.0, -0.109947, 0.993937, 0.0, 0.0, 0.0, 0.0, 1.0],
                [0.999998, -0.00173, 0.00118, 0.0, 0.001849, 0.465108, -0.885252, 0.3, 0.000983, 0.885252, 0.46511, -0.0, 0.0, 0.0, 0.0, 1.0],
                [0.999998, -0.00173, 0.00118, 0.0, 0.001849, 0.465108, -0.885252, 0.3, 0.000983, 0.885252, 0.46511, -0.0, 0.0, 0.0, 0.0, 1.0]
            ]
        },
        {
            "name": "Tool_R",
            "time": [0.0, 0.2167, 0.3, 0.4333, 0.75],
            "transform": [
                [0.786066, 0.616896, 0.039235, -0.024023, -0.029756, 0.101162, -0.994425, 0.278477, -0.617059, 0.780053, 0.097808, 0.011137, 0.0, 0.0, 0.0, 1.0],
                [0.99988, -0.013983, -0.006766, 0.0, -0.006325, 0.031335, -0.999489, 0.272858, 0.01418, 0.998817, 0.031213, -0.0, 0.0, 0.0, 0.0, 1.0],
                [0.999966, -0.006937, -0.004588, 0.0, -0.005105, -0.07649, -0.997057, 0.272858, 0.006562, 0.996452, -0.076488, 0.0, 0.0, 0.0, 0.0, 1.0],
                [0.99996, 0.008682, -0.002371, 0.0, -0.000287, -0.232506, -0.972595, 0.272858, -0.00899, 0.971975, -0.232366, -0.0, 0.0, 0.0, 0.0, 1.0],
                [0.99996, 0.008682, -0.002371, 0.0, -0.000287, -0.232506, -0.972595, 0.272858, -0.00899, 0.971975, -0.232366, -0.0, 0.0, 0.0, 0.0, 1.0]
            ]
        },
        {
            "name": "Shoulder_L",
            "time": [0.0, 0.2167, 0.4333, 0.75],
            "transform": [
                [0.022692, -0.955014, -0.295692, -0.0, -0.03689, -0.296367, 0.954362, 0.4, -0.999062, -0.010748, -0.041955, 0.0, 0.0, 0.0, 0.0, 1.0],
                [-0.414763, -0.872687, -0.257662, 0.0, -0.018097, -0.2752, 0.961217, 0.4, -0.90975, 0.40334, 0.098349, -0.0, 0.0, 0.0, 0.0, 1.0],
                [0.597877, -0.769934, -0.223036, -0.0, -0.060522, -0.320807, 0.945209, 0.4, -0.7993, -0.551621, -0.238401, 0.0, 0.0, 0.0, 0.0, 1.0],
                [0.597877, -0.769934, -0.223036, -0.0, -0.060522, -0.320807, 0.945209, 0.4, -0.7993, -0.551621, -0.238401, 0.0, 0.0, 0.0, 0.0, 1.0]
            ]
        },
        {
            "name": "Arm_L",
            "time": [0.0, 0.2167, 0.3, 0.4333, 0.75],
            "transform": [
                [-0.369401, 0.863037, 0.344542, -0.0, -0.713474, -0.025848, -0.700205, 0.335953, -0.595397, -0.504478, 0.625302, 0.0, 0.0, 0.0, 0.0, 1.0],
                [-0.208731, 0.9771, -0.04131, 0.0, -0.651801, -0.170482, -0.73898, 0.335953, -0.7291, -0.127322, 0.672459, -0.0, 0.0, 0.0, 0.0, 1.0],
                [-0.326578, 0.907384, 0.264577, -0.0, -0.906667, -0.221667, -0.358913, 0.335953, -0.267024, -0.357096, 0.895087, 0.0, 0.0, 0.0, 0.0, 1.0],
                [-0.646432, 0.746622, 0.157104, -0.0, -0.716209, -0.52283, -0.462271, 0.335953, -0.263003, -0.411346, 0.872711, 0.0, 0.0, 0.0, 0.0, 1.0],
                [-0.646432, 0.746622, 0.157104, -0.0, -0.716209, -0.52283, -0.462271, 0.335953, -0.263003, -0.411346, 0.872711, 0.0, 0.0, 0.0, 0.0, 1.0]
            ]
        },
        {
            "name": "Hand_L",
            "time": [0.0, 0.2167, 0.3, 0.4333, 0.75],
            "transform": [
                [0.999331, -0.035352, -0.009323, 0.0, 0.003683, 0.35105, -0.93635, 0.3, 0.036375, 0.935689, 0.350946, -0.0, 0.0, 0.0, 0.0, 1.0],
                [0.99932, -0.032911, -0.016605, -0.0, 0.00143, 0.48472, -0.874668, 0.3, 0.036835, 0.87405, 0.484438, 0.0, 0.0, 0.0, 0.0, 1.0],
                [0.999683, -0.018538, -0.01702, 0.0, 0.004795, 0.804217, -0.594316, 0.3, 0.024705, 0.594046, 0.804052, -0.0, 0.0, 0.0, 0.0, 1.0],
                [1.0, -0.0, 0.0, -0.0, 0.0, 0.993937, 0.109947, 0.3, -0.0, -0.109947, 0.993937, -0.0, 0.0, 0.0, 0.0, 1.0],
                [1.0, -0.0, 0.0, -0.0, 0.0, 0.993937, 0.109947, 0.3, -0.0, -0.109947, 0.993937, -0.0, 0.0, 0.0, 0.0, 1.0]
            ]
        },
        {
            "name": "Tool_L",
            "time": [0.0, 0.75],
            "transform": [
                [1.0, 0.0, 0.0, -0.0, -0.0, -0.999836, 0.018122, 0.272858, 0.0, -0.018122, -0.999242, 0.0, 0.0, 0.0, 0.0, 1.0],
                [1.0, -0.0, 0.0, 0.0, -0.0, -0.999835, 0.018122, 0.272858, 0.0, -0.018122, -0.999242, 0.0, 0.0, 0.0, 0.0, 1.0]
            ]
        }
    ]
}