{
    "animation": [
        {
            "name": "Root",
            "time": [0.0, 0.2167, 0.4333, 0.65, 0.8667],
            "transform": [
                [1.0, 0.0, 0.0, -5e-06, 0.0, 0.0, -1.0, 0.000946, 0.0, 1.0, 0.0, 0.764948, 0.0, 0.0, 0.0, 1.0],
                [1.0, 0.0, 0.0, -5e-06, 0.0, 0.0, -1.0, 0.000946, 0.0, 1.0, 0.0, 0.679639, 0.0, 0.0, 0.0, 1.0],
                [1.0, 0.0, 0.0, -5e-06, 0.0, 0.0, -1.0, 0.000946, 0.0, 1.0, 0.0, 0.764948, 0.0, 0.0, 0.0, 1.0],
                [1.0, 0.0, 0.0, -5e-06, 0.0, 0.0, -1.0, 0.000946, 0.0, 1.0, 0.0, 0.679639, 0.0, 0.0, 0.0, 1.0],
                [1.0, 0.0, 0.0, -5e-06, 0.0, 0.0, -1.0, 0.000946, 0.0, 1.0, 0.0, 0.764948, 0.0, 0.0, 0.0, 1.0]
            ]
        },
        {
            "name": "Thigh_R",
            "time": [0.0, 0.2167, 0.4333, 0.65, 0.8667],
            "transform": [
                [1.0, -0.0, -0.0, 0.124994, 0.0, -0.821326, 0.570459, -0.002831, -0.0, -0.570458, -0.821326, -1.2e-05, 0.0, 0.0, 0.0, 1.0],
                [1.0, -0.0, -0.0, 0.124994, 0.0, -0.773348, 0.633981, -0.002831, -0.0, -0.63398, -0.773349, -1.2e-05, 0.0, 0.0, 0.0, 1.0],
                [1.0, -0.0, -0.0, 0.124994, 0.0, -0.999047, 0.04362, -0.002831, -0.0, -0.04362, -0.999048, -1.2e-05, 0.0, 0.0, 0.0, 1.0],
                [1.0, -0.0, -0.0, 0.124994, 0.0, -0.914727, -0.404072, -0.002831, 0.0, 0.404072, -0.914727, -1.2e-05, 0.0, 0.0, 0.0, 1.0],
                [1.0, -0.0, -0.0, 0.124994, 0.0, -0.821326, 0.570459, -0.002831, -0.0, -0.570458, -0.821326, -1.2e-05, 0.0, 0.0, 0.0, 1.0]
            ]
        },
        {
            "name": "Leg_R",
            "time": [0.0, 0.2167, 0.4333, 0.65, 0.8667],
            "transform": [
                [1.0, 0.0, 1e-06, 0.0, -1e-06, 0.375306, 0.9269, 0.37472, -0.0, -0.926902, 0.375306, 0.0, 0.0, 0.0, 0.0, 1.0],
                [1.0, 0.0, 1e-06, 0.0, -1e-06, 0.773965, 0.633228, 0.37472, -1e-06, -0.633229, 0.773964, 0.0, 0.0, 0.0, 0.0, 1.0],
                [1.0, 0.0, 1e-06, 0.0, -0.0, 0.996195, 0.087156, 0.37472, -1e-06, -0.087156, 0.996194, -0.0, 0.0, 0.0, 0.0, 1.0],
                [1.0, 0.0, 1e-06, 0.0, -0.0, 0.996195, 0.087156, 0.37472, -1e-06, -0.087156, 0.996194, 0.0, 0.0, 0.0, 0.0, 1.0],
                [1.0, 0.0, 1e-06, 0.0, -1e-06, 0.375306, 0.9269, 0.37472, -0.0, -0.926902, 0.375306, 0.0, 0.0, 0.0, 0.0, 1.0]
            ]
        },
        {
            "name": "Thigh_L",
            "time": [0.0, 0.2167, 0.4333, 0.65, 0.8667],
            "transform": [
                [1.0, -0.0, -0.0, -0.125006, 0.0, -0.999048, 0.04362, -0.002831, -0.0, -0.04362, -0.999048, -1.2e-05, 0.0, 0.0, 0.0, 1.0],
                [1.0, -0.0, -0.0, -0.125006, 0.0, -0.916029, -0.401112, -0.002831, 0.0, 0.401112, -0.916029, -1.2e-05, 0.0, 0.0, 0.0, 1.0],
                [1.0, -0.0, -0.0, -0.125006, 0.0, -0.923879, 0.382684, -0.002831, -0.0, -0.382684, -0.923879, -1.2e-05, 0.0, 0.0, 0.0, 1.0],
                [1.0, -0.0, -0.0, -0.125006, 0.0, -0.769841, 0.638235, -0.002831, -0.0, -0.638234, -0.769842, -1.2e-05, 0.0, 0.0, 0.0, 1.0],
                [1.0, -0.0, -0.0, -0.125006, 0.0, -0.999048, 0.04362, -0.002831, -0.0, -0.04362, -0.999048, -1.2e-05, 0.0, 0.0, 0.0, 1.0]
            ]
        },
        {
            "name": "Leg_L",
            "time": [0.0, 0.2167, 0.4333, 0.65, 0.8667],
            "transform": [
                [1.0, 0.0, 1e-06, 0.0, -0.0, 0.996194, 0.087156, 0.37472, -1e-06, -0.087156, 0.996195, 0.0, 0.0, 0.0, 0.0, 1.0],
                [1.0, 0.0, 1e-06, 0.0, -0.0, 0.996194, 0.087156, 0.37472, -1e-06, -0.087156, 0.996195, -0.0, 0.0, 0.0, 0.0, 1.0],
                [1.0, -0.0, 1e-06, 0.0, -1e-06, 0.573576, 0.819152, 0.37472, -0.0, -0.819152, 0.573577, -0.0, 0.0, 0.0, 0.0, 1.0],
                [1.0, 0.0, 1e-06, 0.0, -1e-06, 0.769068, 0.639167, 0.37472, -1e-06, -0.639166, 0.769069, 0.0, 0.0, 0.0, 0.0, 1.0],
                [1.0, 0.0, 1e-06, 0.0, -0.0, 0.996194, 0.087156, 0.37472, -1e-06, -0.087156, 0.996195, 0.0, 0.0, 0.0, 0.0, 1.0]
            ]
        },
        {
            "name": "Torso",
            "time": [0.0, 0.8667],
            "transform": [
                [1.0, 0.0, 0.0, 0.0, 0.0, 1.0, 0.0, 0.05, 0.0, 0.0, 1.0, 0.0, 0.0, 0.0, 0.0, 1.0],
                [1.0, 0.0, 0.0, 0.0, 0.0, 1.0, 0.0, 0.05, 0.0, 0.0, 1.0, 0.0, 0.0, 0.0, 0.0, 1.0]
            ]
        },
        {
            "name": "Chest",
            "time": [0.0, 0.2167, 0.4333, 0.65, 0.8667],
            "transform": [
                [1.0, 0.0, 0.0, 0.0, 0.0, 0.999041, 0.043772, 0.3, 0.0, -0.043772, 0.999041, 0.0, 0.0, 0.0, 0.0, 1.0],
                [1.0, 0.0, 0.0, 0.0, 0.0, 0.996251, 0.086511, 0.3, 0.0, -0.086511, 0.996251, 0.0, 0.0, 0.0, 0.0, 1.0],
                [1.0, 0.0, 0.0, 0.0, 0.0, 0.999041, 0.043772, 0.3, 0.0, -0.043772, 0.999041, 0.0, 0.0, 0.0, 0.0, 1.0],
                [1.0, 0.0, 0.0, 0.0, 0.0, 0.996251, 0.086511, 0.3, 0.0, -0.086511, 0.996251, 0.0, 0.0, 0.0, 0.0, 1.0],
                [1.0, 0.0, 0.0, 0.0, 0.0, 0.999041, 0.043772, 0.3, 0.0, -0.043772, 0.999041, 0.0, 0.0, 0.0, 0.0, 1.0]
            ]
        },
        {
            "name": "Head",
            "time": [0.0, 0.8667],
            "transform": [
                [1.0, 0.0, 0.0, 0.0, 0.0, 0.999657, 0.026193, 0.4, 0.0, -0.026193, 0.999657, -0.0, 0.0, 0.0, 0.0, 1.0],
                [1.0, 0.0, 0.0, 0.0, 0.0, 0.999657, 0.026193, 0.4, 0.0, -0.026193, 0.999657, -0.0, 0.0, 0.0, 0.0, 1.0]
            ]
        },
        {
            "name": "Shoulder_R",
            "time": [0.0, 0.8667],
            "transform": [
                [-0.004576, 0.933016, 0.359806, 0.0, 0.000788, -0.359806, 0.933027, 0.4, 0.999989, 0.004553, 0.000911, -0.0, 0.0, 0.0, 0.0, 1.0],
                [-0.004576, 0.933016, 0.359806, 0.0, 0.000788, -0.359806, 0.933027, 0.4, 0.999989, 0.004553, 0.000911, -0.0, 0.0, 0.0, 0.0, 1.0]
            ]
        },
        {
            "name": "Arm_R",
            "time": [0.0, 0.8667],
            "transform": [
                [0.028966, 0.087995, -0.9957, -0.0, 0.910252, 0.409288, 0.062651, 0.335032, 0.41304, -0.908152, -0.068242, -0.0, 0.0, 0.0, 0.0, 1.0],
                [0.028966, 0.087995, -0.9957, -0.0, 0.910252, 0.409288, 0.062651, 0.335032, 0.41304, -0.908152, -0.068242, -0.0, 0.0, 0.0, 0.0, 1.0]
            ]
        },
        {
            "name": "Hand_R",
            "time": [0.0, 0.8667],
            "transform": [
                [0.999999, 8.1e-05, -0.001268, -0.0, -4.7e-05, 0.999633, 0.027098, 0.3, 0.00127, -0.027098, 0.999632, -0.0, 0.0, 0.0, 0.0, 1.0],
                [0.999999, 8.1e-05, -0.001268, -0.0, -4.7e-05, 0.999633, 0.027098, 0.3, 0.00127, -0.027098, 0.999632, -0.0, 0.0, 0.0, 0.0, 1.0]
            ]
        },
        {
            "name": "Tool_R",
            "time": [0.0, 0.8667],
            "transform": [
                [1.0, -2e-06, 2e-06, -0.00255, 3e-06, 0.403983, -0.914766, 0.278941, 1e-06, 0.914226, 0.403733, -0.029261, 0.0, 0.0, 0.0, 1.0],
                [1.0, -2e-06, 2e-06, -0.00255, 3e-06, 0.403983, -0.914766, 0.278941, 1e-06, 0.914226, 0.403733, -0.029261, 0.0, 0.0, 0.0, 1.0]
            ]
        },
        {
            "name": "Shoulder_L",
            "time": [0.0, 0.2167, 0.4333, 0.65, 0.8667],
            "transform": [
                [0.004576, -0.933686, -0.358063, 0.0, 0.000781, -0.358063, 0.933697, 0.4, -0.999989, -0.004553, -0.000909, -0.0, 0.0, 0.0, 0.0, 1.0],
                [0.036735, -0.934044, -0.355265, 0.0, 0.006214, -0.355285, 0.934738, 0.4, -0.999306, -0.036545, -0.007247, 0.0, 0.0, 0.0, 0.0, 1.0],
                [0.004576, -0.933686, -0.358063, 0.0, 0.000781, -0.358063, 0.933697, 0.4, -0.999989, -0.004553, -0.000909, -0.0, 0.0, 0.0, 0.0, 1.0],
                [-0.027571, -0.932293, -0.360652, 0.0, -0.004745, -0.360663, 0.932684, 0.4, -0.999609, 0.027426, 0.005521, 0.0, 0.0, 0.0, 0.0, 1.0],
                [0.004576, -0.933686, -0.358063, 0.0, 0.000781, -0.358063, 0.933697, 0.4, -0.999989, -0.004553, -0.000909, -0.0, 0.0, 0.0, 0.0, 1.0]
            ]
        },
        {
            "name": "Arm_L",
            "time": [0.0, 0.2167, 0.4333, 0.65, 0.8667],
            "transform": [
                [-0.0, -0.04362, 0.999048, 0.0, -0.933551, 0.358103, 0.015635, 0.335953, -0.358444, -0.932662, -0.040721, -0.0, 0.0, 0.0, 0.0, 1.0],
                [0.000946, 0.324748, 0.9458, -0.0, -0.931483, 0.344352, -0.117304, 0.335953, -0.363783, -0.880886, 0.302823, -0.0, 0.0, 0.0, 0.0, 1.0],
                [-0.0, -0.04362, 0.999048, 0.0, -0.933551, 0.358103, 0.015635, 0.335953, -0.358444, -0.932662, -0.040721, -0.0, 0.0, 0.0, 0.0, 1.0],
                [5.4e-05, -0.403596, 0.914937, -0.0, -0.932007, 0.33159, 0.146325, 0.335952, -0.36244, -0.852736, -0.376136, 0.0, 0.0, 0.0, 0.0, 1.0],
                [-0.0, -0.04362, 0.999048, 0.0, -0.933551, 0.358103, 0.015635, 0.335953, -0.358444, -0.932662, -0.040721, -0.0, 0.0, 0.0, 0.0, 1.0]
            ]
        },
        {
            "name": "Hand_L",
            "time": [0.0, 0.2167, 0.4333, 0.65, 0.8667],
            "transform": [
                [1.0, 0.0, 0.0, -0.0, 0.0, 0.99793, -0.064319, 0.3, -0.0, 0.064318, 0.997929, 0.0, 0.0, 0.0, 0.0, 1.0],
                [1.0, 0.0, 0.0, 0.0, 0.0, 0.988526, -0.151049, 0.3, -0.0, 0.151049, 0.988526, -0.0, 0.0, 0.0, 0.0, 1.0],
                [1.0, 0.0, 0.0, -0.0, 0.0, 0.99793, -0.064319, 0.3, -0.0, 0.064318, 0.997929, 0.0, 0.0, 0.0, 0.0, 1.0],
                [1.0, -0.0, 0.0, 0.0, 0.0, 0.999738, 0.022902, 0.3, -0.0, -0.022901, 0.999738, 0.0, 0.0, 0.0, 0.0, 1.0],
                [1.0, 0.0, 0.0, -0.0, 0.0, 0.99793, -0.064319, 0.3, -0.0, 0.064318, 0.997929, 0.0, 0.0, 0.0, 0.0, 1.0]
            ]
        },
        {
            "name": "Tool_L",
            "time": [0.0, 0.8667],
            "transform": [
                [1.0, -0.0, 0.0, -0.0, -0.0, -0.999836, 0.018122, 0.272858, 0.0, -0.018122, -0.999242, -0.0, 0.0, 0.0, 0.0, 1.0],
                [1.0, -0.0, 0.0, -0.0, -0.0, -0.999836, 0.018122, 0.272858, 0.0, -0.018122, -0.999242, -0.0, 0.0, 0.0, 0.0, 1.0]
            ]
        }
    ]
}