{
    "animation": [
        {
            "name": "Root",
            "time": [0.0, 0.0667, 0.15, 0.5667, 0.7333, 0.9667, 1.1667, 1.4],
            "transform": [
                [1.0, 0.0, 0.0, -5e-06, 0.0, 0.0, -1.0, 0.000946, 0.0, 1.0, 0.0, 0.736309, 0.0, 0.0, 0.0, 1.0],
                [1.0, -0.0, 0.0, -5e-06, -0.0, -0.033488, -0.999439, -0.071405, 0.0, 0.999439, -0.033488, 0.736309, 0.0, 0.0, 0.0, 1.0],
                [1.0, -0.0, 0.0, -5e-06, -0.0, -0.033488, -0.999439, -0.123945, 0.0, 0.999439, -0.033488, 0.736309, 0.0, 0.0, 0.0, 1.0],
                [1.0, -0.0, 0.0, -5e-06, -0.0, -0.411014, -0.911629, -0.306244, 0.0, 0.911629, -0.411014, 0.666428, 0.0, 0.0, 0.0, 1.0],
                [1.0, -0.0, 0.0, -5e-06, -0.0, -0.411014, -0.911629, -0.768263, 0.0, 0.911629, -0.411014, 0.524672, 0.0, 0.0, 0.0, 1.0],
                [1.0, -0.0, 0.0, -5e-06, -0.0, -0.998927, 0.046311, -1.095876, 0.0, -0.046311, -0.998927, 0.165558, 0.0, 0.0, 0.0, 1.0],
                [1.0, -0.0, 0.0, -5e-06, -0.0, -0.998927, 0.046311, -1.144489, 0.0, -0.046311, -0.998927, 0.119983, 0.0, 0.0, 0.0, 1.0],
                [1.0, -0.0, 0.0, -5e-06, -0.0, -0.998927, 0.046311, -1.144489, 0.0, -0.046311, -0.998927, 0.119983, 0.0, 0.0, 0.0, 1.0]
            ]
        },
        {
            "name": "Thigh_R",
            "time": [0.0, 0.0667, 0.15, 0.5667, 0.65, 0.7333, 0.9667, 1.0667, 1.1667, 1.4],
            "transform": [
                [0.902547, 0.152037, 0.402855, 0.12386, 0.083629, -0.979666, 0.182367, -0.002831, 0.422391, -0.130904, -0.896912, 0.016786, 0.0, 0.0, 0.0, 1.0],
                [0.900705, 0.228998, 0.369174, 0.12386, 0.108833, -0.94163, 0.318566, -0.002831, 0.420577, -0.246754, -0.873056, 0.016786, 0.0, 0.0, 0.0, 1.0],
                [0.898739, 0.095093, 0.428048, 0.12386, 0.160339, -0.979864, -0.118967, -0.002831, 0.408116, 0.175553, -0.895892, 0.016786, 0.0, 0.0, 0.0, 1.0],
                [0.894366, 0.270603, 0.356207, 0.12386, 0.227103, -0.960699, 0.159616, -0.002831, 0.385401, -0.061859, -0.920674, 0.016786, 0.0, 0.0, 0.0, 1.0],
                [0.902499, 0.278225, 0.328764, 0.12386, 0.087446, -0.865811, 0.492668, -0.002831, 0.42172, -0.415883, -0.805725, 0.016786, 0.0, 0.0, 0.0, 1.0],
                [0.91099, 0.214136, 0.352482, 0.12386, -0.084181, -0.740112, 0.667193, -0.002831, 0.403746, -0.637476, -0.65621, 0.016786, 0.0, 0.0, 0.0, 1.0],
                [0.947616, 0.083438, 0.308321, 0.12386, -0.043363, -0.922734, 0.382986, -0.00283, 0.316455, -0.376292, -0.870782, 0.016786, 0.0, 0.0, 0.0, 1.0],
                [0.980097, 0.020122, 0.197497, 0.12386, -0.049608, -0.938459, 0.341804, -0.00283, 0.192221, -0.344797, -0.918785, 0.016786, 0.0, 0.0, 0.0, 1.0],
                [0.992172, 0.124846, 0.002726, 0.12386, 0.124849, -0.991258, -0.042611, -0.00283, -0.002618, 0.042618, -0.999088, 0.016786, 0.0, 0.0, 0.0, 1.0],
                [0.992172, 0.124845, 0.002754, 0.12386, 0.124849, -0.991249, -0.042835, -0.00283, -0.002618, 0.042844, -0.999079, 0.016786, 0.0, 0.0, 0.0, 1.0]
            ]
        },
        {
            "name": "Leg_R",
            "time": [0.0, 0.0667, 0.15, 0.5667, 0.65, 0.7333, 0.9667, 1.0667, 1.1667, 1.4],
            "transform": [
                [1.0, -0.0, 1e-06, -0.0, -0.0, 0.876593, 0.481233, 0.37472, -1e-06, -0.481233, 0.876592, -0.0, 0.0, 0.0, 0.0, 1.0],
                [1.0, -0.0, 1e-06, 0.0, -0.0, 0.639271, 0.768982, 0.37472, -1e-06, -0.768983, 0.63927, 0.0, 0.0, 0.0, 0.0, 1.0],
                [1.0, 0.0, 1e-06, -0.0, -0.0, 0.974342, 0.225077, 0.37472, -1e-06, -0.225077, 0.97434, -0.0, 0.0, 0.0, 0.0, 1.0],
                [1.0, -1e-06, 1e-06, -0.0, -0.0, 0.487551, 0.873094, 0.37472, -1e-06, -0.873095, 0.487551, 0.0, 0.0, 0.0, 0.0, 1.0],
                [1.0, -1e-06, 1e-06, -0.0, -0.0, 0.407892, 0.91303, 0.37472, -1e-06, -0.913031, 0.407891, 0.0, 0.0, 0.0, 0.0, 1.0],
                [1.0, -1e-06, 1e-06, 0.0, -0.0, 0.661588, 0.749867, 0.37472, -1e-06, -0.749868, 0.661587, 0.0, 0.0, 0.0, 0.0, 1.0],
                [1.0, -0.0, 1e-06, -0.0, -0.0, 0.935651, 0.352928, 0.37472, -1e-06, -0.352929, 0.93565, -0.0, 0.0, 0.0, 0.0, 1.0],
                [1.0, -0.0, 1e-06, 0.0, 0.0, 1.000001, 0.0, 0.37472, -1e-06, -0.0, 0.999999, -0.0, 0.0, 0.0, 0.0, 1.0],
                [1.0, -0.0, 1e-06, 0.0, 0.0, 1.000001, 0.000345, 0.37472, -1e-06, -0.000345, 0.999999, 0.0, 0.0, 0.0, 0.0, 1.0],
                [1.0, -0.0, 1e-06, 0.0, 0.0, 1.000001, 0.0, 0.37472, -1e-06, -0.0, 0.999999, 0.0, 0.0, 0.0, 0.0, 1.0]
            ]
        },
        {
            "name": "Knee_R",
            "time": [0.0, 0.0667, 0.15, 0.5667, 0.65, 0.7333, 0.9667, 1.1667, 1.4],
            "transform": [
                [1.0, 0.0, -0.0, -0.0, -0.0, 1e-06, -1.0, 0.383756, -0.0, 1.0, 1e-06, 0.0, 0.0, 0.0, 0.0, 1.0],
                [1.0, 0.0, -0.0, 0.0, -0.0, 1e-06, -1.0, 0.417445, -0.0, 1.0, 1e-06, -0.0, 0.0, 0.0, 0.0, 1.0],
                [1.0, 0.0, -0.0, -0.0, -0.0, 1e-06, -1.0, 0.37472, -0.0, 1.0, 1e-06, -0.0, 0.0, 0.0, 0.0, 1.0],
                [1.0, 0.0, -0.0, -0.0, -0.0, 1e-06, -1.0, 0.433991, -0.0, 1.0, 1e-06, 0.0, 0.0, 0.0, 0.0, 1.0],
                [1.0, 0.0, -0.0, 0.0, -0.0, 1e-06, -1.0, 0.441995, -0.0, 1.0, 1e-06, -0.0, 0.0, 0.0, 0.0, 1.0],
                [1.0, 0.0, -0.0, 0.0, -0.0, 1e-06, -1.0, 0.414806, -0.0, 1.0, 1e-06, -0.0, 0.0, 0.0, 0.0, 1.0],
                [1.0, 0.0, -0.0, -0.0, -0.0, 1e-06, -1.0, 0.37472, -0.0, 1.0, 1e-06, 0.0, 0.0, 0.0, 0.0, 1.0],
                [1.0, 0.0, -0.0, 0.0, -0.0, 1e-06, -1.0, 0.37472, -0.0, 1.0, 1e-06, 0.0, 0.0, 0.0, 0.0, 1.0],
                [1.0, 0.0, -0.0, -0.0, -0.0, 1e-06, -1.0, 0.37472, -0.0, 1.0, 1e-06, 0.0, 0.0, 0.0, 0.0, 1.0]
            ]
        },
        {
            "name": "Thigh_L",
            "time": [0.0, 0.0667, 0.15, 0.5667, 0.65, 0.7333, 0.9667, 1.0667, 1.1667, 1.4],
            "transform": [
                [0.994709, 0.044954, 0.092373, -0.123872, 0.008274, -0.931307, 0.364137, -0.002831, 0.102397, -0.361445, -0.926754, -0.01681, 0.0, 0.0, 0.0, 1.0],
                [0.994733, 0.032779, 0.097108, -0.123872, 0.001865, -0.953107, 0.302625, -0.002831, 0.102474, -0.300849, -0.94815, -0.01681, 0.0, 0.0, 0.0, 1.0],
                [0.9948, 0.023525, 0.099088, -0.123872, -0.000985, -0.970684, 0.240352, -0.002831, 0.101837, -0.239199, -0.965615, -0.01681, 0.0, 0.0, 0.0, 1.0],
                [0.994133, 0.038317, 0.101141, -0.123872, 0.054389, -0.985408, -0.161278, -0.002831, 0.093486, 0.165833, -0.981713, -0.01681, 0.0, 0.0, 0.0, 1.0],
                [0.998656, 0.01191, 0.05044, -0.124439, -0.000896, -0.969123, 0.246572, -0.002831, 0.05182, -0.246285, -0.967811, -0.008411, 0.0, 0.0, 0.0, 1.0],
                [0.999527, -0.028539, 0.011381, -0.125006, -0.028648, -0.731861, 0.68085, -0.002831, -0.011102, -0.680854, -0.732334, -1.2e-05, 0.0, 0.0, 0.0, 1.0],
                [0.999318, -0.033512, 0.015447, -0.125006, -0.035137, -0.736313, 0.675727, -0.002831, -0.011271, -0.675809, -0.73699, -1.2e-05, 0.0, 0.0, 0.0, 1.0],
                [0.998986, -0.044149, 0.008788, -0.125006, -0.04398, -0.915599, 0.399677, -0.002831, -0.009599, -0.399658, -0.916614, -1.2e-05, 0.0, 0.0, 0.0, 1.0],
                [0.994654, -0.101614, -0.018366, -0.125006, -0.102543, -0.99292, -0.059925, -0.002831, -0.012147, 0.061488, -0.998034, -1.2e-05, 0.0, 0.0, 0.0, 1.0],
                [0.994654, -0.101608, -0.0184, -0.125006, -0.102543, -0.9929, -0.060256, -0.002831, -0.012147, 0.061821, -0.998013, -1.2e-05, 0.0, 0.0, 0.0, 1.0]
            ]
        },
        {
            "name": "Leg_L",
            "time": [0.0, 0.0667, 0.15, 0.5667, 0.65, 0.7333, 0.9667, 1.0667, 1.1667, 1.4],
            "transform": [
                [1.0, -0.0, 1e-06, 0.0, 0.0, 0.907005, 0.421118, 0.37472, -1e-06, -0.421118, 0.907006, 0.0, 0.0, 0.0, 0.0, 1.0],
                [1.0, -0.0, 1e-06, 0.0, 0.0, 0.982357, 0.187012, 0.37472, -1e-06, -0.187012, 0.982358, 0.0, 0.0, 0.0, 0.0, 1.0],
                [1.0, -0.0, 1e-06, -0.0, 0.0, 0.999993, 0.003588, 0.37472, -1e-06, -0.003588, 0.999994, -0.0, 0.0, 0.0, 0.0, 1.0],
                [1.0, -1e-06, 1e-06, 0.0, -0.0, 0.61367, 0.789562, 0.37472, -1e-06, -0.789562, 0.613671, -0.0, 0.0, 0.0, 0.0, 1.0],
                [1.0, -1e-06, 1e-06, -0.0, -0.0, 0.304684, 0.952454, 0.37472, -1e-06, -0.952453, 0.304684, 0.0, 0.0, 0.0, 0.0, 1.0],
                [1.0, -1e-06, 1e-06, -0.0, -0.0, 0.187278, 0.982307, 0.37472, -1e-06, -0.982307, 0.187278, -0.0, 0.0, 0.0, 0.0, 1.0],
                [1.0, -1e-06, 1e-06, -0.0, -0.0, 0.609093, 0.793099, 0.37472, -1e-06, -0.793098, 0.609094, -0.0, 0.0, 0.0, 0.0, 1.0],
                [1.0, -0.0, 1e-06, 0.0, 0.0, 1.0, 0.0, 0.37472, -1e-06, -0.0, 1.0, 0.0, 0.0, 0.0, 0.0, 1.0],
                [1.0, -0.0, 1e-06, 0.0, 0.0, 0.999999, 0.000691, 0.37472, -1e-06, -0.000691, 1.0, 0.0, 0.0, 0.0, 0.0, 1.0],
                [1.0, -0.0, 1e-06, -0.0, 0.0, 1.0, 0.0, 0.37472, -1e-06, -0.0, 1.0, 0.0, 0.0, 0.0, 0.0, 1.0]
            ]
        },
        {
            "name": "Knee_L",
            "time": [0.0, 0.0667, 0.15, 0.5667, 0.65, 0.7333, 0.9667, 1.1667, 1.4],
            "transform": [
                [1.0, 0.0, -0.0, -0.0, -0.0, 1e-06, -1.0, 0.377706, -0.0, 1.0, 1e-06, 0.0, 0.0, 0.0, 0.0, 1.0],
                [1.0, 0.0, -0.0, 0.0, -0.0, 1e-06, -1.0, 0.37472, -0.0, 1.0, 1e-06, 0.0, 0.0, 0.0, 0.0, 1.0],
                [1.0, 0.0, -0.0, -0.0, -0.0, 1e-06, -1.0, 0.37472, -0.0, 1.0, 1e-06, -0.0, 0.0, 0.0, 0.0, 1.0],
                [1.0, 0.0, -0.0, 0.0, -0.0, 1e-06, -1.0, 0.420395, -0.0, 1.0, 1e-06, -0.0, 0.0, 0.0, 0.0, 1.0],
                [1.0, 0.0, -0.0, 0.0, -0.0, 1e-06, -1.0, 0.45192, -0.0, 1.0, 1e-06, -0.0, 0.0, 0.0, 0.0, 1.0],
                [1.0, 0.0, -0.0, -0.0, -0.0, 1e-06, -1.0, 0.462804, -0.0, 1.0, 1e-06, -0.0, 0.0, 0.0, 0.0, 1.0],
                [1.0, 0.0, -0.0, -0.0, -0.0, 1e-06, -1.0, 0.420914, -0.0, 1.0, 1e-06, -0.0, 0.0, 0.0, 0.0, 1.0],
                [1.0, 0.0, -0.0, 0.0, -0.0, 1e-06, -1.0, 0.37472, -0.0, 1.0, 1e-06, 0.0, 0.0, 0.0, 0.0, 1.0],
                [1.0, 0.0, -0.0, -0.0, -0.0, 1e-06, -1.0, 0.37472, -0.0, 1.0, 1e-06, 0.0, 0.0, 0.0, 0.0, 1.0]
            ]
        },
        {
            "name": "Torso",
            "time": [0.0, 0.0667, 0.1167, 0.2, 0.3167, 0.4333, 0.5667, 0.7333, 0.9667, 1.0667, 1.1667, 1.4],
            "transform": [
                [1.0, 0.0, 0.0, 0.0, 0.0, 1.0, 0.0, 0.05, 0.0, 0.0, 1.0, 0.0, 0.0, 0.0, 0.0, 1.0],
                [1.0, -0.0, 0.0, 0.0, 0.0, 0.999845, -0.017611, 0.05, 0.0, 0.017611, 0.999845, -0.0, 0.0, 0.0, 0.0, 1.0],
                [0.999952, -0.009795, 0.000501, 0.0, 0.009803, 0.999797, -0.017609, 0.05, -0.000328, 0.017613, 0.999845, -0.0, 0.0, 0.0, 0.0, 1.0],
                [0.999952, -0.009795, 0.000501, -0.0, 0.009803, 0.999797, -0.017609, 0.05, -0.000328, 0.017613, 0.999845, -0.0, 0.0, 0.0, 0.0, 1.0],
                [0.999926, 0.01212, -0.00062, -0.0, -0.012129, 0.999772, -0.017608, 0.05, 0.000406, 0.017614, 0.999845, -0.0, 0.0, 0.0, 0.0, 1.0],
                [0.999926, 0.01212, -0.00062, 0.0, -0.011937, 0.973089, -0.230119, 0.05, -0.002186, 0.23011, 0.973162, -0.0, 0.0, 0.0, 0.0, 1.0],
                [0.999926, 0.01212, -0.00062, 0.0, -0.012133, 0.997385, -0.071243, 0.05, -0.000245, 0.071245, 0.997459, -0.0, 0.0, 0.0, 0.0, 1.0],
                [0.999926, 0.01212, -0.00062, 0.0, -0.010924, 0.876667, -0.480974, 0.05, -0.005286, 0.480946, 0.876734, -0.0, 0.0, 0.0, 0.0, 1.0],
                [1.0, 0.0, 0.0, 0.0, 0.0, 1.0, -0.0, 0.05, 0.0, -0.0, 1.0, 0.0, 0.0, 0.0, 0.0, 1.0],
                [1.0, 0.0, 0.0, 0.0, -0.0, 0.944371, 0.328882, 0.05, 0.0, -0.328882, 0.944371, 0.0, 0.0, 0.0, 0.0, 1.0],
                [1.0, 0.0, 0.0, 0.0, -0.0, 0.998532, 0.05417, 0.05, 0.0, -0.05417, 0.998532, 0.0, 0.0, 0.0, 0.0, 1.0],
                [1.0, 0.0, 0.0, 0.0, -0.0, 0.998532, 0.054168, 0.05, 0.0, -0.054168, 0.998532, 0.0, 0.0, 0.0, 0.0, 1.0]
            ]
        },
        {
            "name": "Chest",
            "time": [0.0, 0.0667, 0.1167, 0.2, 0.3167, 0.3833, 0.5667, 0.7333, 0.9667, 1.0667, 1.1667, 1.4],
            "transform": [
                [1.0, -0.0, 0.0, 0.0, 0.0, 0.993442, -0.114334, 0.3, 0.0, 0.114334, 0.993442, 0.0, 0.0, 0.0, 0.0, 1.0],
                [1.0, -0.0, 0.0, -0.0, 0.0, 0.990283, -0.139064, 0.3, 0.0, 0.139064, 0.990283, -0.0, 0.0, 0.0, 0.0, 1.0],
                [0.998918, -0.045658, 0.00881, -0.0, 0.04644, 0.989223, -0.13886, 0.3, -0.002375, 0.139118, 0.990273, -0.0, 0.0, 0.0, 0.0, 1.0],
                [0.998918, -0.045658, 0.00881, 0.0, 0.04644, 0.989222, -0.13886, 0.3, -0.002375, 0.139118, 0.990273, 0.0, 0.0, 0.0, 0.0, 1.0],
                [0.999892, 0.014401, -0.002779, -0.0, -0.014648, 0.990178, -0.139044, 0.3, 0.000749, 0.13907, 0.990282, -0.0, 0.0, 0.0, 0.0, 1.0],
                [0.999871, 0.01601, 0.001133, -0.0, -0.013604, 0.88286, -0.469439, 0.3, -0.008516, 0.469363, 0.882964, 0.0, 0.0, 0.0, 0.0, 1.0],
                [0.999882, 0.015388, 0.000198, 0.0, -0.014105, 0.921468, -0.388199, 0.3, -0.006157, 0.38815, 0.921576, -0.0, 0.0, 0.0, 0.0, 1.0],
                [0.999874, 0.014315, -0.006878, -0.0, -0.012664, 0.979988, 0.198651, 0.3, 0.009585, -0.198539, 0.980046, -0.0, 0.0, 0.0, 0.0, 1.0],
                [0.999874, 0.014315, -0.006878, 0.0, -0.012664, 0.979988, 0.198651, 0.3, 0.009585, -0.198539, 0.980046, 0.0, 0.0, 0.0, 0.0, 1.0],
                [0.999874, 0.014315, -0.006878, 0.0, -0.015613, 0.965348, -0.260498, 0.3, 0.002911, 0.260573, 0.96545, 0.0, 0.0, 0.0, 0.0, 1.0],
                [1.0, 0.0, -0.0, 0.0, -0.0, 1.0, -0.0, 0.3, 0.0, -0.0, 1.0, -0.0, 0.0, 0.0, 0.0, 1.0],
                [1.0, -0.0, 0.0, 0.0, 0.0, 1.0, -0.0, 0.3, -0.0, 0.0, 1.0, 0.0, 0.0, 0.0, 0.0, 1.0]
            ]
        },
        {
            "name": "Head",
            "time": [0.0, 0.1167, 0.2, 0.3167, 0.4333, 0.5667, 0.9667, 1.2667, 1.4],
            "transform": [
                [1.0, -0.0, 0.0, 0.0, 0.0, 0.869269, -0.49434, 0.4, 0.0, 0.49434, 0.869269, -0.0, 0.0, 0.0, 0.0, 1.0],
                [0.999678, -0.019285, 0.016499, -0.0, 0.02492, 0.869028, -0.494134, 0.4, -0.004809, 0.494386, 0.869229, 0.0, 0.0, 0.0, 0.0, 1.0],
                [0.999678, -0.019285, 0.016499, 0.0, 0.02492, 0.869028, -0.494134, 0.4, -0.004809, 0.494386, 0.869229, 0.0, 0.0, 0.0, 0.0, 1.0],
                [0.999224, 0.029937, -0.025613, -0.0, -0.038685, 0.868689, -0.493844, 0.4, 0.007465, 0.494452, 0.869173, 0.0, 0.0, 0.0, 0.0, 1.0],
                [0.999224, 0.029937, -0.025613, 0.0, -0.038685, 0.86869, -0.493844, 0.4, 0.007465, 0.494452, 0.869173, 0.0, 0.0, 0.0, 0.0, 1.0],
                [0.99963, -0.021734, 0.016376, 0.0, 0.025894, 0.944742, -0.32679, 0.4, -0.008368, 0.327093, 0.944955, 0.0, 0.0, 0.0, 0.0, 1.0],
                [0.999682, -0.025211, 0.000484, 0.0, 0.024069, 0.959755, 0.279805, 0.4, -0.007519, -0.279704, 0.960057, 0.0, 0.0, 0.0, 0.0, 1.0],
                [1.0, 0.0, 0.0, 0.0, -0.0, 0.958071, 0.286531, 0.4, 0.0, -0.286531, 0.958071, 0.0, 0.0, 0.0, 0.0, 1.0],
                [1.0, 0.0, 0.0, -0.0, -0.0, 0.958071, 0.286531, 0.4, 0.0, -0.286531, 0.958071, 0.0, 0.0, 0.0, 0.0, 1.0]
            ]
        },
        {
            "name": "Shoulder_R",
            "time": [0.0, 1.4],
            "transform": [
                [0.0, 0.952114, 0.305743, 0.0, -0.0, -0.305743, 0.952114, 0.4, 1.0, -0.0, -0.0, -0.0, 0.0, 0.0, 0.0, 1.0],
                [0.0, 0.952114, 0.305743, -0.0, -0.0, -0.305743, 0.952114, 0.4, 1.0, -0.0, -0.0, 0.0, 0.0, 0.0, 0.0, 1.0]
            ]
        },
        {
            "name": "Arm_R",
            "time": [0.0, 0.5667, 0.8667, 1.2667, 1.4],
            "transform": [
                [0.006829, -0.221548, -0.975126, 0.0, 0.931333, 0.356473, -0.074468, 0.39386, 0.364104, -0.907658, 0.208769, -0.0, 0.0, 0.0, 0.0, 1.0],
                [0.006829, -0.221548, -0.975125, -0.0, 0.931333, 0.356473, -0.074468, 0.39386, 0.364104, -0.907658, 0.208769, 0.0, 0.0, 0.0, 0.0, 1.0],
                [0.03541, -0.821539, -0.569051, -0.0, 0.938473, 0.223067, -0.263645, 0.39386, 0.343531, -0.524704, 0.778891, -0.0, 0.0, 0.0, 0.0, 1.0],
                [0.997158, 0.075007, -0.007009, -0.0, -0.070313, 0.960061, 0.270811, 0.393861, 0.027042, -0.269549, 0.962607, -0.0, 0.0, 0.0, 0.0, 1.0],
                [0.997158, 0.075007, -0.007009, 0.0, -0.070313, 0.960061, 0.270811, 0.393861, 0.027042, -0.269549, 0.962607, -0.0, 0.0, 0.0, 0.0, 1.0]
            ]
        },
        {
            "name": "Hand_R",
            "time": [0.0, 0.5667, 0.8667, 1.4],
            "transform": [
                [1.0, 0.0, 0.0, -0.0, -0.0, 0.813492, -0.581577, 0.3, -0.0, 0.581577, 0.813492, -0.0, 0.0, 0.0, 0.0, 1.0],
                [1.0, 0.0, 0.0, 0.0, -0.0, 0.979018, -0.203776, 0.3, -0.0, 0.203776, 0.979018, 0.0, 0.0, 0.0, 0.0, 1.0],
                [1.0, 0.0, 0.0, 0.0, -0.0, 0.999816, -0.019163, 0.3, -0.0, 0.019163, 0.999816, -0.0, 0.0, 0.0, 0.0, 1.0],
                [1.0, 0.0, 0.0, 0.0, -0.0, 0.999816, -0.019163, 0.3, -0.0, 0.019163, 0.999816, -0.0, 0.0, 0.0, 0.0, 1.0]
            ]
        },
        {
            "name": "Tool_R",
            "time": [0.0, 1.4],
            "transform": [
                [1.0, 0.0, 0.0, -0.0, 0.0, -0.999836, 0.018122, 0.272858, 0.0, -0.018122, -0.999244, 0.0, 0.0, 0.0, 0.0, 1.0],
                [1.0, 0.0, 0.0, 0.0, 0.0, -0.999836, 0.018122, 0.272858, 0.0, -0.018122, -0.999244, -0.0, 0.0, 0.0, 0.0, 1.0]
            ]
        },
        {
            "name": "Elbow_R",
            "time": [0.0, 0.5667, 0.8667, 1.4],
            "transform": [
                [-1.0, 0.0, -0.0, 0.0, 0.0, 0.0, -1.0, 0.368487, -0.0, -1.0, 0.0, -0.0, 0.0, 0.0, 0.0, 1.0],
                [-1.0, 0.0, -0.0, 0.0, 0.0, 0.0, -1.0, 0.329555, -0.0, -1.0, 0.0, 0.0, 0.0, 0.0, 0.0, 1.0],
                [-1.0, 0.0, -0.0, 0.0, 0.0, 0.0, -1.0, 0.31212, -0.0, -1.0, 0.0, -0.0, 0.0, 0.0, 0.0, 1.0],
                [-1.0, 0.0, 0.0, 0.0, 0.0, -0.0, -1.0, 0.31212, -0.0, -1.0, -0.0, -0.0, 0.0, 0.0, 0.0, 1.0]
            ]
        },
        {
            "name": "Shoulder_L",
            "time": [0.0, 1.4],
            "transform": [
                [-0.0, -0.952114, -0.305743, 0.0, 0.0, -0.305743, 0.952114, 0.4, -1.0, 0.0, 0.0, -0.0, 0.0, 0.0, 0.0, 1.0],
                [-0.0, -0.952114, -0.305743, -0.0, 0.0, -0.305743, 0.952114, 0.4, -1.0, 0.0, 0.0, 0.0, 0.0, 0.0, 0.0, 1.0]
            ]
        },
        {
            "name": "Arm_L",
            "time": [0.0, 0.5667, 0.8667, 1.2667, 1.4],
            "transform": [
                [0.027036, 0.670345, 0.741557, -0.0, -0.919287, 0.308065, -0.244965, 0.39386, -0.392658, -0.675081, 0.624568, 0.0, 0.0, 0.0, 0.0, 1.0],
                [0.027036, 0.670345, 0.741557, -0.0, -0.919287, 0.308065, -0.244965, 0.39386, -0.392658, -0.675081, 0.624568, 0.0, 0.0, 0.0, 0.0, 1.0],
                [0.061382, 0.876302, 0.477836, 0.0, -0.922786, 0.232276, -0.307431, 0.39386, -0.380392, -0.422069, 0.822897, 0.0, 0.0, 0.0, 0.0, 1.0],
                [0.993317, -0.093803, 0.067245, 0.0, 0.079348, 0.978118, 0.192326, 0.39386, -0.083814, -0.185705, 0.979024, 0.0, 0.0, 0.0, 0.0, 1.0],
                [0.993317, -0.093803, 0.067245, -0.0, 0.079348, 0.978118, 0.192326, 0.39386, -0.083814, -0.185705, 0.979025, 0.0, 0.0, 0.0, 0.0, 1.0]
            ]
        },
        {
            "name": "Hand_L",
            "time": [0.0, 0.5667, 0.8667, 1.4],
            "transform": [
                [1.0, 0.0, -0.0, 0.0, -0.0, 0.588108, -0.808783, 0.3, -0.0, 0.808783, 0.588108, -0.0, 0.0, 0.0, 0.0, 1.0],
                [1.0, 0.0, 0.0, -0.0, -0.0, 0.996576, -0.082686, 0.3, -0.0, 0.082686, 0.996576, 0.0, 0.0, 0.0, 0.0, 1.0],
                [1.0, 0.0, 0.0, -0.0, -0.0, 0.991988, 0.126332, 0.3, -0.0, -0.126332, 0.991988, 0.0, 0.0, 0.0, 0.0, 1.0],
                [1.0, 0.0, 0.0, 0.0, -0.0, 0.991989, 0.126329, 0.3, -0.0, -0.126329, 0.991989, -0.0, 0.0, 0.0, 0.0, 1.0]
            ]
        },
        {
            "name": "Tool_L",
            "time": [0.0, 1.4],
            "transform": [
                [1.0, 0.0, 0.0, 0.0, 0.0, -0.999836, 0.018122, 0.272858, 0.0, -0.018122, -0.999247, -0.0, 0.0, 0.0, 0.0, 1.0],
                [1.0, 0.0, 0.0, -0.0, 0.0, -0.999836, 0.018122, 0.272858, 0.0, -0.018122, -0.999248, 0.0, 0.0, 0.0, 0.0, 1.0]
            ]
        },
        {
            "name": "Elbow_L",
            "time": [0.0, 0.5667, 0.8667, 1.4],
            "transform": [
                [-1.0, 0.0, -0.0, 0.0, 0.0, -0.0, -1.0, 0.398607, -0.0, -1.0, -0.0, -0.0, 0.0, 0.0, 0.0, 1.0],
                [-1.0, 0.0, -0.0, -0.0, 0.0, -0.0, -1.0, 0.318082, -0.0, -1.0, -0.0, -0.0, 0.0, 0.0, 0.0, 1.0],
                [-1.0, 0.0, -0.0, 0.0, 0.0, -0.0, -1.0, 0.3, -0.0, -1.0, 0.0, 0.0, 0.0, 0.0, 0.0, 1.0],
                [-1.0, 0.0, -0.0, 0.0, 0.0, -0.0, -1.0, 0.3, -0.0, -1.0, -0.0, 0.0, 0.0, 0.0, 0.0, 1.0]
            ]
        }
    ]
}