{
    "animation": [
        {
            "name": "Root",
            "time": [0.0, 0.1333, 0.2833, 0.3833, 0.4833, 0.6667, 0.9333],
            "transform": [
                [0.939094, 0.032583, -0.342113, -6.8e-05, -0.343418, 0.051592, -0.937764, 0.063334, -0.012904, 0.998137, 0.059639, 0.965466, 0.0, 0.0, 0.0, 1.0],
                [0.587642, 0.0578, -0.807054, -6.8e-05, -0.809048, 0.028506, -0.587052, 0.310637, -0.010926, 0.997921, 0.063514, 0.846842, 0.0, 0.0, 0.0, 1.0],
                [0.519672, 0.057651, -0.852419, -6.8e-05, -0.854269, 0.019993, -0.519447, 0.526929, -0.012904, 0.998137, 0.059639, 0.830251, 0.0, 0.0, 0.0, 1.0],
                [0.994203, 0.020547, -0.10554, -6.8e-05, -0.105475, -0.00422, -0.994413, 1.082747, -0.020878, 0.99978, -0.002029, 0.944756, 0.0, 0.0, 0.0, 1.0],
                [0.905756, 0.027958, 0.422877, -6.8e-05, 0.423626, -0.031106, -0.905303, 1.328716, -0.012156, 0.999125, -0.040018, 0.921524, 0.0, 0.0, 0.0, 1.0],
                [0.75426, 0.037418, 0.655509, -6.8e-05, 0.656576, -0.042985, -0.753034, 1.440879, 0.0, 0.998375, -0.05699, 0.898292, 0.0, 0.0, 0.0, 1.0],
                [0.974801, 0.008277, 0.222921, -6.8e-05, 0.223031, -0.016272, -0.974676, 1.440879, -0.00444, 0.999833, -0.017708, 0.95997, 0.0, 0.0, 0.0, 1.0]
            ]
        },
        {
            "name": "Chest",
            "time": [0.0, 0.1333, 0.2833, 0.4833, 0.6667, 0.9333],
            "transform": [
                [0.999998, 0.001594, -0.00139, 0.0, -0.001569, 0.999833, 0.018206, 0.297671, 0.001419, -0.018204, 0.999833, 0.0, 0.0, 0.0, 0.0, 1.0],
                [0.995507, 0.008808, -0.09428, 0.0, -0.007155, 0.999815, 0.017851, 0.297671, 0.09442, -0.017096, 0.995386, 0.0, 0.0, 0.0, 0.0, 1.0],
                [0.99418, 0.009777, -0.107287, -0.0, -0.007979, 0.999821, 0.017181, 0.297671, 0.107435, -0.016225, 0.99408, -0.0, 0.0, 0.0, 0.0, 1.0],
                [0.985276, 0.005997, 0.170865, -0.0, 0.017536, 0.990569, -0.135885, 0.297671, -0.170069, 0.13688, 0.975879, -0.0, 0.0, 0.0, 0.0, 1.0],
                [0.976671, 0.009348, 0.214539, 0.0, 0.025496, 0.986938, -0.159069, 0.297671, -0.213223, 0.160828, 0.963675, -0.0, 0.0, 0.0, 0.0, 1.0],
                [0.997665, -0.000832, 0.068299, 0.0, 0.00432, 0.998692, -0.05094, 0.297671, -0.068167, 0.051116, 0.996364, 0.0, 0.0, 0.0, 0.0, 1.0]
            ]
        },
        {
            "name": "Head",
            "time": [0.0, 0.1333, 0.2833, 0.4833, 0.6667, 0.9333],
            "transform": [
                [0.951925, -0.028797, 0.304975, 0.0, 0.038027, 0.99898, -0.024364, 0.8349, -0.303962, 0.03479, 0.952049, 0.0, 0.0, 0.0, 0.0, 1.0],
                [0.865887, -0.037305, 0.498846, 0.0, 0.052152, 0.998513, -0.015854, 0.8349, -0.497513, 0.039744, 0.866545, -0.0, 0.0, 0.0, 0.0, 1.0],
                [0.850658, -0.038711, 0.524292, -0.0, 0.053662, 0.99847, -0.013345, 0.8349, -0.522974, 0.039487, 0.851434, 0.0, 0.0, 0.0, 0.0, 1.0],
                [0.920124, 0.025572, -0.390791, 0.0, 0.041775, 0.985764, 0.162864, 0.8349, 0.389392, -0.16618, 0.905957, 0.0, 0.0, 0.0, 0.0, 1.0],
                [0.824271, 0.016165, -0.565965, -0.0, 0.082844, 0.985391, 0.148798, 0.8349, 0.560102, -0.169536, 0.81089, 0.0, 0.0, 0.0, 0.0, 1.0],
                [0.96543, 0.004623, -0.26062, -0.0, 0.011629, 0.998083, 0.060784, 0.8349, 0.260402, -0.061713, 0.963526, 0.0, 0.0, 0.0, 0.0, 1.0]
            ]
        },
        {
            "name": "LA1",
            "time": [0.0, 0.2833, 0.4833, 0.6667, 0.9333],
            "transform": [
                [0.66561, -0.114652, 0.73744, -0.725955, -0.42319, -0.871889, 0.246414, 0.728668, 0.614714, -0.476093, -0.628858, -0.0, 0.0, 0.0, 0.0, 1.0],
                [0.66561, -0.114653, 0.73744, -0.725955, -0.42319, -0.871889, 0.246414, 0.728668, 0.614714, -0.476093, -0.628858, 0.0, 0.0, 0.0, 0.0, 1.0],
                [0.998099, -0.048844, -0.037596, -0.725955, -0.060504, -0.659963, -0.748858, 0.728668, 0.011765, 0.749709, -0.661664, 0.0, 0.0, 0.0, 0.0, 1.0],
                [0.998099, -0.048844, -0.037596, -0.725955, -0.060504, -0.659963, -0.748858, 0.728668, 0.011765, 0.749709, -0.661664, 0.0, 0.0, 0.0, 0.0, 1.0],
                [0.965136, -0.133796, -0.224967, -0.706962, -0.063454, -0.953444, 0.29482, 0.750411, -0.253939, -0.270267, -0.928693, 0.102648, 0.0, 0.0, 0.0, 1.0]
            ]
        },
        {
            "name": "LA2",
            "time": [0.0, 0.2833, 0.4833, 0.9333],
            "transform": [
                [0.999184, 0.040374, 0.000545, 0.0, -0.040374, 0.999185, 0.000215, 0.201938, -0.000536, -0.000236, 1.0, -0.0, 0.0, 0.0, 0.0, 1.0],
                [0.999184, 0.040374, 0.000546, 0.0, -0.040374, 0.999184, 0.000215, 0.201938, -0.000536, -0.000236, 1.0, -0.0, 0.0, 0.0, 0.0, 1.0],
                [0.999984, 0.005583, 7.5e-05, -0.0, -0.005583, 0.999985, 3.1e-05, 0.201938, -7.5e-05, -3.1e-05, 1.0, 0.0, 0.0, 0.0, 0.0, 1.0],
                [1.0, 9.2e-05, 1e-06, 0.0, -9.2e-05, 1.0, 1e-06, 0.201938, -1e-06, -0.0, 1.0, 0.0, 0.0, 0.0, 0.0, 1.0]
            ]
        },
        {
            "name": "LA3",
            "time": [0.0, 0.9333],
            "transform": [
                [1.0, -0.0, 0.0, 0.0, 0.0, 1.0, 0.0, 0.484, -0.0, -0.0, 1.0, 0.0, 0.0, 0.0, 0.0, 1.0],
                [1.0, 0.0, 0.0, -0.0, 0.0, 1.0, 0.0, 0.484, -0.0, -0.0, 1.0, 0.0, 0.0, 0.0, 0.0, 1.0]
            ]
        },
        {
            "name": "LA4",
            "time": [0.0, 0.9333],
            "transform": [
                [1.0, -0.0, 0.0, -0.0, 0.0, 1.0, 0.0, 0.605, -0.0, -0.0, 1.0, 0.0, 0.0, 0.0, 0.0, 1.0],
                [1.0, 0.0, 0.0, 0.0, 0.0, 1.0, 0.0, 0.605, -0.0, -0.0, 1.0, 0.0, 0.0, 0.0, 0.0, 1.0]
            ]
        },
        {
            "name": "RA1",
            "time": [0.0, 0.2833, 0.4833, 0.6667, 0.9333],
            "transform": [
                [0.337912, 0.893581, 0.295514, 0.537664, 0.021478, -0.321222, 0.94676, 0.687257, 0.940933, -0.313575, -0.127737, 0.371041, 0.0, 0.0, 0.0, 1.0],
                [0.337912, 0.893581, 0.295514, 0.537664, 0.021478, -0.321222, 0.94676, 0.687257, 0.940933, -0.313575, -0.127737, 0.371041, 0.0, 0.0, 0.0, 1.0],
                [0.674227, -0.727737, 0.125765, 0.565216, -0.245468, -0.060213, 0.967533, 0.654591, -0.696537, -0.683208, -0.219234, -0.284583, 0.0, 0.0, 0.0, 1.0],
                [0.45819, -0.882998, 0.101864, 0.569637, -0.224861, -0.004275, 0.974382, 0.649349, -0.859942, -0.469357, -0.200511, -0.389795, 0.0, 0.0, 0.0, 1.0],
                [0.936177, -0.323288, -0.138045, 0.679406, -0.245763, -0.882708, 0.400532, 0.703621, -0.251341, -0.341043, -0.905824, -0.123088, 0.0, 0.0, 0.0, 1.0]
            ]
        },
        {
            "name": "RA2",
            "time": [0.0, 0.2833, 0.4833, 0.6667, 0.9333],
            "transform": [
                [0.999331, 0.036581, -1e-06, 0.0, -0.036581, 0.999331, 8e-06, 0.201938, 1e-06, -8e-06, 1.0, 0.0, 0.0, 0.0, 0.0, 1.0],
                [0.999331, 0.036581, -1e-06, -0.0, -0.036581, 0.999331, 8e-06, 0.201938, 1e-06, -8e-06, 1.0, 0.0, 0.0, 0.0, 0.0, 1.0],
                [0.997827, -0.065887, -6.3e-05, 0.0, 0.065887, 0.997826, 0.001427, 0.201938, -3.1e-05, -0.001428, 0.999999, 0.0, 0.0, 0.0, 0.0, 1.0],
                [0.996609, -0.082284, -8.7e-05, -0.0, 0.082284, 0.996608, 0.001654, 0.201938, -5e-05, -0.001655, 0.999999, -0.0, 0.0, 0.0, 0.0, 1.0],
                [0.999662, -0.026008, -1.3e-05, 0.0, 0.026008, 0.999662, 0.000523, 0.201938, -1e-06, -0.000523, 1.0, -0.0, 0.0, 0.0, 0.0, 1.0]
            ]
        },
        {
            "name": "RA3",
            "time": [0.0, 0.2833, 0.4833, 0.6667, 0.9333],
            "transform": [
                [0.999695, 0.024701, -1e-06, -0.0, -0.024701, 0.999695, 6e-06, 0.484, 1e-06, -6e-06, 1.0, 0.0, 0.0, 0.0, 0.0, 1.0],
                [0.999695, 0.024701, -1e-06, -0.0, -0.024701, 0.999695, 6e-06, 0.484, 1e-06, -6e-06, 1.0, 0.0, 0.0, 0.0, 0.0, 1.0],
                [0.999075, -0.043011, -3.1e-05, -0.0, 0.043011, 0.999074, 0.000934, 0.484, -9e-06, -0.000935, 1.0, 0.0, 0.0, 0.0, 0.0, 1.0],
                [0.998548, -0.053863, -4.1e-05, -0.0, 0.053863, 0.998548, 0.001083, 0.484, -1.7e-05, -0.001083, 0.999999, -0.0, 0.0, 0.0, 0.0, 1.0],
                [0.999855, -0.017016, -7e-06, 0.0, 0.017016, 0.999855, 0.000342, 0.484, 1e-06, -0.000342, 1.0, -0.0, 0.0, 0.0, 0.0, 1.0]
            ]
        },
        {
            "name": "RA4",
            "time": [0.0, 0.2833, 0.4833, 0.6667, 0.9333],
            "transform": [
                [0.997634, 0.068749, -3e-06, 0.0, -0.068749, 0.997634, 1.6e-05, 0.605, 4e-06, -1.5e-05, 1.0, 0.0, 0.0, 0.0, 0.0, 1.0],
                [0.997634, 0.068749, -3e-06, -0.0, -0.068749, 0.997634, 1.6e-05, 0.605, 4e-06, -1.5e-05, 1.0, 0.0, 0.0, 0.0, 0.0, 1.0],
                [0.995452, -0.095262, -0.000125, -0.0, 0.095263, 0.99545, 0.002108, 0.605, -7.6e-05, -0.00211, 0.999998, -0.0, 0.0, 0.0, 0.0, 1.0],
                [0.992602, -0.121411, -0.000176, 0.0, 0.121411, 0.992599, 0.00244, 0.605, -0.000121, -0.002443, 0.999997, -0.0, 0.0, 0.0, 0.0, 1.0],
                [0.999262, -0.038418, -2.4e-05, -0.0, 0.038418, 0.999261, 0.000772, 0.605, -6e-06, -0.000773, 1.0, -0.0, 0.0, 0.0, 0.0, 1.0]
            ]
        },
        {
            "name": "LR1",
            "time": [0.0, 0.1333, 0.2833, 0.3833, 0.6667, 0.9333],
            "transform": [
                [0.929612, -0.227428, -0.289998, -0.289866, 0.019756, -0.754998, 0.655429, -0.121, -0.36801, -0.615024, -0.697362, -0.0, 0.0, 0.0, 0.0, 1.0],
                [0.595311, -0.6152, -0.516849, -0.289867, 0.058283, -0.608494, 0.791416, -0.121, -0.801379, -0.501262, -0.326387, 0.0, 0.0, 0.0, 0.0, 1.0],
                [0.53254, -0.660294, -0.529541, -0.289867, 0.072028, -0.588012, 0.805639, -0.121, -0.843335, -0.467177, -0.265581, -0.0, 0.0, 0.0, 0.0, 1.0],
                [0.990905, -0.017867, -0.133371, -0.289867, 0.011364, -0.976494, 0.215246, -0.121, -0.134082, -0.214804, -0.967409, -0.0, 0.0, 0.0, 0.0, 1.0],
                [0.842016, -0.231649, 0.487183, -0.289867, 0.032451, -0.879721, -0.474382, -0.121, 0.538476, 0.415247, -0.733222, -0.0, 0.0, 0.0, 0.0, 1.0],
                [0.983988, -0.047266, 0.171855, -0.289867, -0.020498, -0.987809, -0.154314, -0.121, 0.177054, 0.148321, -0.972961, 0.0, 0.0, 0.0, 0.0, 1.0]
            ]
        },
        {
            "name": "LR2",
            "time": [0.0, 0.1333, 0.2833, 0.6667, 0.9333],
            "transform": [
                [0.99815, -0.030131, 0.052802, -0.0, -0.040319, 0.321946, 0.945899, 0.378445, -0.0455, -0.946279, 0.320135, -0.0, 0.0, 0.0, 0.0, 1.0],
                [0.998121, -0.018692, 0.058347, -0.0, -0.042417, 0.476374, 0.878219, 0.378445, -0.044211, -0.879044, 0.474686, -0.0, 0.0, 0.0, 0.0, 1.0],
                [0.998088, -0.013166, 0.060382, -0.0, -0.040055, 0.606244, 0.794269, 0.378445, -0.047063, -0.79517, 0.604558, -0.0, 0.0, 0.0, 0.0, 1.0],
                [0.999964, 0.001669, 0.008349, 0.0, -0.002482, 0.995146, 0.098383, 0.378445, -0.008145, -0.0984, 0.995114, -0.0, 0.0, 0.0, 0.0, 1.0],
                [1.0, 0.000107, 0.00043, -0.0, -0.000109, 0.999987, 0.005124, 0.378445, -0.000429, -0.005124, 0.999987, 0.0, 0.0, 0.0, 0.0, 1.0]
            ]
        },
        {
            "name": "RR1",
            "time": [0.0, 0.1333, 0.2833, 0.3833, 0.6667, 0.9333],
            "transform": [
                [0.994719, 0.095592, 0.037372, 0.292627, 0.09933, -0.98827, -0.116002, -0.121, 0.025844, 0.119101, -0.992546, -0.0, 0.0, 0.0, 0.0, 1.0],
                [0.928845, 0.344864, -0.135336, 0.292627, 0.282573, -0.895752, -0.343192, -0.121, -0.239582, 0.28053, -0.929464, -0.0, 0.0, 0.0, 0.0, 1.0],
                [0.91117, 0.382071, -0.154244, 0.292627, 0.302916, -0.874925, -0.37782, -0.121, -0.279306, 0.297535, -0.912941, -0.0, 0.0, 0.0, 0.0, 1.0],
                [0.993991, 0.011982, -0.108804, 0.292627, 0.02429, -0.993354, 0.112507, -0.121, -0.106733, -0.114473, -0.987676, -0.0, 0.0, 0.0, 0.0, 1.0],
                [0.763658, 0.439507, 0.472927, 0.292627, 0.042129, -0.764876, 0.642798, -0.121, 0.644246, -0.470954, -0.60262, -0.0, 0.0, 0.0, 0.0, 1.0],
                [0.975198, 0.108013, 0.193188, 0.292627, 0.066312, -0.975326, 0.210574, -0.121, 0.211166, -0.192541, -0.958299, -0.0, 0.0, 0.0, 0.0, 1.0]
            ]
        },
        {
            "name": "RR2",
            "time": [0.0, 0.2833, 0.6667, 0.9333],
            "transform": [
                [1.0, -0.0, 0.0, 0.0, -0.0, 1.0, 0.0, 0.378445, -0.0, 0.0, 1.0, 0.0, 0.0, 0.0, 0.0, 1.0],
                [1.0, -0.0, 0.0, 0.0, 0.0, 1.0, -0.0, 0.378445, -0.0, 0.0, 1.0, -0.0, 0.0, 0.0, 0.0, 1.0],
                [1.0, -0.0, 0.0, 0.0, 0.0, 0.70845, 0.705761, 0.378445, -0.0, -0.705761, 0.70845, 0.0, 0.0, 0.0, 0.0, 1.0],
                [1.0, -0.0, 0.0, 0.0, 0.0, 0.969945, 0.243326, 0.378445, -0.0, -0.243326, 0.969945, 0.0, 0.0, 0.0, 0.0, 1.0]
            ]
        }
    ]
}