{
    "animation": [
        {
            "name": "Root",
            "time": [0.0, 0.2833, 0.3833, 0.4833, 0.6667, 0.9333],
            "transform": [
                [0.895569, -0.037233, 0.443361, -6.8e-05, 0.44489, 0.063018, -0.893365, 0.177157, 0.005323, 0.997318, 0.073001, 0.992617, 0.0, 0.0, 0.0, 1.0],
                [0.632687, -0.074884, 0.770778, -6.8e-05, 0.774407, 0.06179, -0.629663, 0.594044, -0.000474, 0.995276, 0.097085, 0.887131, 0.0, 0.0, 0.0, 1.0],
                [0.997924, -0.025397, -0.05919, -6.8e-05, -0.058664, 0.020999, -0.998057, 1.095973, 0.026591, 0.999457, 0.019466, 0.978562, 0.0, 0.0, 0.0, 1.0],
                [0.748138, -0.035958, -0.662568, -6.8e-05, -0.663314, -0.014335, -0.748204, 1.553399, 0.017406, 0.99925, -0.034576, 0.938427, 0.0, 0.0, 0.0, 1.0],
                [0.442003, -0.051121, -0.895556, -6.8e-05, -0.897013, -0.02519, -0.441285, 1.61019, 0.0, 0.998375, -0.05699, 0.898292, 0.0, 0.0, 0.0, 1.0],
                [0.94047, -0.012415, -0.33965, -6.8e-05, -0.339806, -0.013878, -0.940393, 1.599617, 0.006961, 0.999827, -0.017271, 0.961733, 0.0, 0.0, 0.0, 1.0]
            ]
        },
        {
            "name": "Chest",
            "time": [0.0, 0.2833, 0.3833, 0.4833, 0.6667, 0.9333],
            "transform": [
                [0.999997, 0.001913, -0.001661, -0.0, -0.001876, 0.999761, 0.021803, 0.297671, 0.001703, -0.0218, 0.999761, 0.0, 0.0, 0.0, 0.0, 1.0],
                [0.999994, 0.002557, -0.002205, -0.0, -0.002492, 0.999575, 0.029055, 0.297671, 0.002278, -0.029049, 0.999575, 0.0, 0.0, 0.0, 0.0, 1.0],
                [0.996832, 0.000212, 0.079532, 0.0, 0.003157, 0.999103, -0.042238, 0.297671, -0.07947, 0.042356, 0.995937, 0.0, 0.0, 0.0, 0.0, 1.0],
                [0.982694, 0.005937, 0.185143, 0.0, 0.01921, 0.990831, -0.133733, 0.297671, -0.18424, 0.134975, 0.973569, 0.0, 0.0, 0.0, 0.0, 1.0],
                [0.976671, 0.009348, 0.214539, -0.0, 0.025496, 0.986938, -0.159069, 0.297671, -0.213223, 0.160828, 0.963675, 0.0, 0.0, 0.0, 0.0, 1.0],
                [0.997665, -0.000832, 0.068299, 0.0, 0.00432, 0.998693, -0.05094, 0.297671, -0.068167, 0.051116, 0.996364, 0.0, 0.0, 0.0, 0.0, 1.0]
            ]
        },
        {
            "name": "Head",
            "time": [0.0, 0.2833, 0.3833, 0.4833, 0.6667, 0.9333],
            "transform": [
                [0.924058, 0.04864, -0.379145, -0.0, -0.05003, 0.998729, 0.006192, 0.8349, 0.378964, 0.013247, 0.925316, -0.0, 0.0, 0.0, 0.0, 1.0],
                [0.865821, 0.072249, -0.49511, -0.0, -0.074693, 0.997096, 0.014884, 0.8349, 0.494748, 0.024095, 0.868703, -0.0, 0.0, 0.0, 0.0, 1.0],
                [0.9979, 0.0265, -0.0591, -0.0, -0.022574, 0.997555, 0.066136, 0.8349, 0.060708, -0.064663, 0.996059, -0.0, 0.0, 0.0, 0.0, 1.0],
                [0.899813, 0.047443, 0.433689, -0.0, -0.112399, 0.985722, 0.125372, 0.8349, -0.421549, -0.161557, 0.892298, -0.0, 0.0, 0.0, 0.0, 1.0],
                [0.675713, 0.050563, 0.735429, 0.0, -0.182874, 0.977957, 0.100788, 0.8349, -0.714121, -0.202594, 0.670065, 0.0, 0.0, 0.0, 0.0, 1.0],
                [0.962088, 0.016586, 0.272234, 0.0, -0.032657, 0.997974, 0.054608, 0.8349, -0.270777, -0.061428, 0.96068, -0.0, 0.0, 0.0, 0.0, 1.0]
            ]
        },
        {
            "name": "LA1",
            "time": [0.0, 0.2833, 0.3833, 0.4833, 0.6667, 0.9333],
            "transform": [
                [0.13086, -0.548114, -0.826103, -0.725955, -0.506907, -0.753103, 0.419382, 0.728668, -0.85201, 0.363877, -0.376394, -0.0, 0.0, 0.0, 0.0, 1.0],
                [0.13086, -0.548114, -0.826103, -0.725955, -0.506907, -0.753103, 0.419382, 0.728668, -0.85201, 0.363877, -0.376394, 0.0, 0.0, 0.0, 0.0, 1.0],
                [0.95775, -0.136643, -0.253069, -0.694096, 0.216105, -0.238698, 0.946743, 0.698732, -0.189773, -0.961432, -0.199084, -0.13112, 0.0, 0.0, 0.0, 1.0],
                [0.531237, 0.793282, -0.297475, -0.652606, 0.305153, 0.148392, 0.940671, 0.659747, 0.79036, -0.590494, -0.163241, -0.301876, 0.0, 0.0, 0.0, 1.0],
                [0.353136, 0.929183, 0.109151, -0.640836, -0.064588, -0.092177, 0.993646, 0.648687, 0.93334, -0.357942, 0.027463, -0.35032, 0.0, 0.0, 0.0, 1.0],
                [0.920745, 0.29474, 0.25565, -0.699077, 0.196726, -0.916555, 0.348176, 0.703412, 0.336939, -0.270288, -0.901896, -0.110622, 0.0, 0.0, 0.0, 1.0]
            ]
        },
        {
            "name": "LA2",
            "time": [0.0, 0.2833, 0.3833, 0.4833, 0.6667, 0.9333],
            "transform": [
                [1.0, 0.0, 0.0, -0.0, 0.0, 1.0, -0.0, 0.201938, -0.0, -0.0, 1.0, 0.0, 0.0, 0.0, 0.0, 1.0],
                [1.0, 0.0, 0.0, 0.0, -0.0, 1.0, 0.0, 0.201938, -0.0, -0.0, 1.0, 0.0, 0.0, 0.0, 0.0, 1.0],
                [0.99979, 0.020504, 0.000636, 0.0, -0.020504, 0.99979, 0.000119, 0.201938, -0.000634, -0.000132, 1.0, 0.0, 0.0, 0.0, 0.0, 1.0],
                [0.998885, 0.047193, 0.001469, 0.0, -0.047194, 0.998886, 0.000253, 0.201938, -0.001455, -0.000322, 0.999999, -0.0, 0.0, 0.0, 0.0, 1.0],
                [0.998498, 0.054759, 0.001705, 0.0, -0.054759, 0.9985, 0.000288, 0.201938, -0.001687, -0.000381, 0.999999, -0.0, 0.0, 0.0, 0.0, 1.0],
                [0.99985, 0.017299, 0.000537, 0.0, -0.017299, 0.99985, 0.000101, 0.201938, -0.000535, -0.00011, 1.0, -0.0, 0.0, 0.0, 0.0, 1.0]
            ]
        },
        {
            "name": "LA3",
            "time": [0.0, 0.2833, 0.3833, 0.4833, 0.6667, 0.9333],
            "transform": [
                [1.0, 0.0, -0.0, -0.0, -0.0, 1.0, 0.0, 0.484, -0.0, -0.0, 1.0, 0.0, 0.0, 0.0, 0.0, 1.0],
                [1.0, 0.0, 0.0, 0.0, -0.0, 1.0, -0.0, 0.484, 0.0, 0.0, 1.0, -0.0, 0.0, 0.0, 0.0, 1.0],
                [0.999228, 0.039262, 0.001221, -0.0, -0.039262, 0.999229, 0.000216, 0.484, -0.001211, -0.000263, 0.999999, -0.0, 0.0, 0.0, 0.0, 1.0],
                [0.99591, 0.090302, 0.002822, 0.0, -0.090304, 0.995914, 0.000424, 0.484, -0.002772, -0.000677, 0.999996, -0.0, 0.0, 0.0, 0.0, 1.0],
                [0.994494, 0.104739, 0.003278, 0.0, -0.104741, 0.994499, 0.000469, 0.484, -0.003211, -0.000809, 0.999994, 0.0, 0.0, 0.0, 0.0, 1.0],
                [0.999451, 0.033125, 0.001029, 0.0, -0.033125, 0.999451, 0.000185, 0.484, -0.001023, -0.000219, 1.0, -0.0, 0.0, 0.0, 0.0, 1.0]
            ]
        },
        {
            "name": "LA4",
            "time": [0.0, 0.2833, 0.3833, 0.4833, 0.6667, 0.9333],
            "transform": [
                [1.0, 0.0, -0.0, -0.0, -0.0, 1.0, 0.0, 0.605, -0.0, -0.0, 1.0, 0.0, 0.0, 0.0, 0.0, 1.0],
                [1.0, 0.0, 0.0, 0.0, -0.0, 1.0, -0.0, 0.605, 0.0, 0.0, 1.0, -0.0, 0.0, 0.0, 0.0, 1.0],
                [0.998216, 0.059684, 0.00186, -0.0, -0.059685, 0.998217, 0.000309, 0.605, -0.001838, -0.000419, 0.999998, -0.0, 0.0, 0.0, 0.0, 1.0],
                [0.990548, 0.137095, 0.004304, 0.0, -0.137099, 0.990557, 0.000544, 0.605, -0.004189, -0.001129, 0.999991, 0.0, 0.0, 0.0, 0.0, 1.0],
                [0.987281, 0.158905, 0.004999, -0.0, -0.158909, 0.987293, 0.000576, 0.605, -0.004844, -0.001363, 0.999987, 0.0, 0.0, 0.0, 0.0, 1.0],
                [0.99873, 0.050358, 0.001567, -0.0, -0.050358, 0.998731, 0.000268, 0.605, -0.001552, -0.000346, 0.999999, 0.0, 0.0, 0.0, 0.0, 1.0]
            ]
        },
        {
            "name": "RA1",
            "time": [0.0, 0.2833, 0.4833, 0.6667, 0.9333],
            "transform": [
                [0.963551, 0.150521, -0.221161, 0.726045, 0.177553, -0.978188, 0.107812, 0.728668, -0.200109, -0.14315, -0.96926, 0.0, 0.0, 0.0, 0.0, 1.0],
                [0.963551, 0.150521, -0.221161, 0.726045, 0.177553, -0.978188, 0.107812, 0.728668, -0.200109, -0.14315, -0.96926, -0.0, 0.0, 0.0, 0.0, 1.0],
                [0.986338, -0.074067, 0.147143, 0.726045, 0.040699, -0.755966, -0.653345, 0.728668, 0.159626, 0.650407, -0.742623, -0.0, 0.0, 0.0, 0.0, 1.0],
                [0.968627, 0.089801, 0.231728, 0.726045, 0.217491, -0.757473, -0.615575, 0.728668, 0.120249, 0.646661, -0.75324, -0.0, 0.0, 0.0, 0.0, 1.0],
                [0.943653, 0.206786, 0.258377, 0.699201, 0.190271, -0.977811, 0.087655, 0.751733, 0.27077, -0.033554, -0.962059, 0.10062, 0.0, 0.0, 0.0, 1.0]
            ]
        },
        {
            "name": "RA2",
            "time": [0.0, 0.9333],
            "transform": [
                [1.0, 0.0, 0.0, -0.0, 0.0, 1.0, 0.0, 0.201938, -0.0, -0.0, 1.0, 0.0, 0.0, 0.0, 0.0, 1.0],
                [1.0, -0.0, 0.0, -0.0, 0.0, 1.0, -0.0, 0.201938, -0.0, 0.0, 1.0, -0.0, 0.0, 0.0, 0.0, 1.0]
            ]
        },
        {
            "name": "RA3",
            "time": [0.0, 0.9333],
            "transform": [
                [1.0, 0.0, 0.0, -0.0, 0.0, 1.0, 0.0, 0.484, 0.0, 0.0, 1.0, -0.0, 0.0, 0.0, 0.0, 1.0],
                [1.0, -0.0, 0.0, 0.0, 0.0, 1.0, -0.0, 0.484, 0.0, 0.0, 1.0, 0.0, 0.0, 0.0, 0.0, 1.0]
            ]
        },
        {
            "name": "RA4",
            "time": [0.0, 0.9333],
            "transform": [
                [1.0, 0.0, 0.0, -0.0, 0.0, 1.0, 0.0, 0.605, 0.0, 0.0, 1.0, 0.0, 0.0, 0.0, 0.0, 1.0],
                [1.0, -0.0, 0.0, 0.0, 0.0, 1.0, -0.0, 0.605, 0.0, 0.0, 1.0, 0.0, 0.0, 0.0, 0.0, 1.0]
            ]
        },
        {
            "name": "LR1",
            "time": [0.0, 0.2833, 0.3833, 0.4833, 0.6667, 0.9333],
            "transform": [
                [0.887332, -0.000987, 0.46113, -0.289866, -0.014911, -0.999536, 0.026553, -0.121, 0.46089, -0.030437, -0.886935, 0.0, 0.0, 0.0, 0.0, 1.0],
                [0.617662, -0.332909, 0.712506, -0.289867, -0.074974, -0.926785, -0.368034, -0.121, 0.782862, 0.173902, -0.597399, 0.0, 0.0, 0.0, 0.0, 1.0],
                [0.998192, -0.027302, -0.053539, -0.289866, 0.012248, -0.779744, 0.625978, -0.121, -0.058838, -0.625502, -0.778, 0.0, 0.0, 0.0, 0.0, 1.0],
                [0.7283, -0.458793, -0.509007, -0.289867, -0.047594, -0.774869, 0.630328, -0.121, -0.683604, -0.434842, -0.586172, -0.0, 0.0, 0.0, 0.0, 1.0],
                [0.418426, -0.627003, -0.657105, -0.289867, -0.049298, -0.738096, 0.672892, -0.121, -0.906912, -0.249162, -0.339748, -0.0, 0.0, 0.0, 0.0, 1.0],
                [0.936221, -0.170477, -0.307292, -0.289866, -0.107122, -0.971278, 0.212471, -0.121, -0.334687, -0.166002, -0.927593, 0.0, 0.0, 0.0, 0.0, 1.0]
            ]
        },
        {
            "name": "LR2",
            "time": [0.0, 0.2833, 0.3833, 0.4833, 0.6667, 0.9333],
            "transform": [
                [1.0, 0.0, 0.0, -0.0, -0.0, 1.0, 0.0, 0.378445, -0.0, -0.0, 1.0, -0.0, 0.0, 0.0, 0.0, 1.0],
                [1.0, 0.0, 0.0, 0.0, -0.0, 1.0, -0.0, 0.378445, -0.0, 0.0, 1.0, -0.0, 0.0, 0.0, 0.0, 1.0],
                [0.999878, 0.007315, 0.013828, -0.0, -0.015313, 0.638577, 0.769405, 0.378445, -0.003202, -0.769523, 0.638611, -0.0, 0.0, 0.0, 0.0, 1.0],
                [0.999461, 0.015758, 0.028803, 0.0, -0.032184, 0.643688, 0.764611, 0.378445, -0.006491, -0.765126, 0.643848, 0.0, 0.0, 0.0, 0.0, 1.0],
                [0.998598, 0.027993, 0.044938, -0.0, -0.051426, 0.714634, 0.697606, 0.378445, -0.012586, -0.698938, 0.715071, -0.0, 0.0, 0.0, 0.0, 1.0],
                [0.999857, 0.012695, 0.011197, -0.0, -0.014597, 0.981573, 0.190527, 0.378445, -0.008571, -0.190663, 0.981618, -0.0, 0.0, 0.0, 0.0, 1.0]
            ]
        },
        {
            "name": "RR1",
            "time": [0.0, 0.2833, 0.3833, 0.4833, 0.6667, 0.9333],
            "transform": [
                [0.878031, 0.265464, 0.398234, 0.292627, -0.026379, -0.803968, 0.594087, -0.121, 0.477876, -0.532132, -0.698906, 0.0, 0.0, 0.0, 0.0, 1.0],
                [0.636408, 0.519838, 0.569871, 0.292627, -0.075033, -0.693571, 0.716471, -0.121, 0.767695, -0.498727, -0.402389, 0.0, 0.0, 0.0, 0.0, 1.0],
                [0.998394, -0.02502, -0.050834, 0.292627, -0.015455, -0.983452, 0.180509, -0.121, -0.054509, -0.179434, -0.982259, 0.0, 0.0, 0.0, 0.0, 1.0],
                [0.804926, 0.316209, -0.502101, 0.292627, 0.120321, -0.915579, -0.383717, -0.121, -0.581048, 0.24845, -0.77502, 0.0, 0.0, 0.0, 0.0, 1.0],
                [0.640455, 0.358948, -0.678951, 0.292627, 0.117028, -0.919344, -0.375646, -0.121, -0.759027, 0.161128, -0.630806, -0.0, 0.0, 0.0, 0.0, 1.0],
                [0.962379, 0.095305, -0.254448, 0.292627, 0.07533, -0.993343, -0.08715, -0.121, -0.26106, 0.064704, -0.963152, 0.0, 0.0, 0.0, 0.0, 1.0]
            ]
        },
        {
            "name": "RR2",
            "time": [0.0, 0.2833, 0.3833, 0.4833, 0.9333],
            "transform": [
                [0.999789, 0.00936, -0.018279, 0.0, 0.011967, 0.457784, 0.888983, 0.378445, 0.016688, -0.889014, 0.457575, 0.0, 0.0, 0.0, 0.0, 1.0],
                [0.999805, 0.006037, -0.018802, 0.0, 0.008285, 0.736024, 0.676905, 0.378445, 0.017925, -0.676929, 0.73583, 0.0, 0.0, 0.0, 0.0, 1.0],
                [0.999952, 0.000923, -0.009754, -0.0, 0.001967, 0.956368, 0.292159, 0.378446, 0.009598, -0.292164, 0.95632, -0.0, 0.0, 0.0, 0.0, 1.0],
                [1.0, -0.0, 0.0, 0.0, 0.0, 1.0, 0.0, 0.378446, -0.0, 0.0, 1.0, -0.0, 0.0, 0.0, 0.0, 1.0],
                [1.0, -0.0, 0.0, -0.0, 0.0, 1.0, -0.0, 0.378445, -0.0, -0.0, 1.0, 0.0, 0.0, 0.0, 0.0, 1.0]
            ]
        }
    ]
}