{
    "animation": [
        {
            "name": "Root",
            "time": [0.0, 0.2833, 0.6167, 0.7667, 0.8833, 1.0167, 2.0],
            "transform": [
                [1.0, 0.0, 0.0, -6.8e-05, 0.0, 0.0, -1.0, 0.355388, 0.0, 1.0, 0.0, 0.823995, 0.0, 0.0, 0.0, 1.0],
                [1.0, 0.0, 0.0, -6.8e-05, 0.0, 0.0, -1.0, 0.710777, 0.0, 1.0, 0.0, 0.659125, 0.0, 0.0, 0.0, 1.0],
                [1.0, 0.0, 0.0, -6.8e-05, 0.0, 0.0, -1.0, 0.710777, 0.0, 1.0, 0.0, 0.659125, 0.0, 0.0, 0.0, 1.0],
                [1.0, 0.0, 0.0, -6.8e-05, 0.0, 0.796394, -0.604778, 0.93582, 0.0, 0.604778, 0.796394, 0.447574, 0.0, 0.0, 0.0, 1.0],
                [1.0, 0.0, 0.0, -6.8e-05, 0.0, 0.999999, 0.001527, 1.123755, 0.0, -0.001527, 0.999999, 0.280594, 0.0, 0.0, 0.0, 1.0],
                [1.0, 0.0, 0.0, -6.8e-05, 0.0, 0.984477, -0.175515, 1.123755, 0.0, 0.175515, 0.984477, 0.226937, 0.0, 0.0, 0.0, 1.0],
                [1.0, 0.0, 0.0, -6.8e-05, 0.0, 0.984477, -0.175515, 1.123755, 0.0, 0.175515, 0.984477, 0.226937, 0.0, 0.0, 0.0, 1.0]
            ]
        },
        {
            "name": "Chest",
            "time": [0.0, 0.2833, 0.3667, 0.6167, 0.7667, 0.8833, 1.0167, 2.0],
            "transform": [
                [1.0, 0.0, 0.0, 0.0, 0.0, 0.997279, -0.073714, 0.297671, 0.0, 0.073714, 0.997279, 0.0, 0.0, 0.0, 0.0, 1.0],
                [1.0, 0.0, 0.0, 0.0, 0.0, 0.976717, -0.214532, 0.297671, 0.0, 0.214532, 0.976717, 0.0, 0.0, 0.0, 0.0, 1.0],
                [1.0, 0.0, 0.0, 0.0, 0.0, 0.947713, -0.319125, 0.297671, 0.0, 0.319125, 0.947713, 0.0, 0.0, 0.0, 0.0, 1.0],
                [1.0, 0.0, 0.0, 0.0, 0.0, 0.924006, -0.382378, 0.297671, 0.0, 0.382378, 0.924006, 0.0, 0.0, 0.0, 0.0, 1.0],
                [1.0, 0.0, 0.0, 0.0, 0.0, 0.892716, -0.450619, 0.297671, 0.0, 0.450619, 0.892716, -0.0, 0.0, 0.0, 0.0, 1.0],
                [1.0, 0.0, 0.0, 0.0, 0.0, 1.0, 0.0, 0.297671, 0.0, 0.0, 1.0, 0.0, 0.0, 0.0, 0.0, 1.0],
                [1.0, 0.0, 0.0, 0.0, 0.0, 0.987157, 0.159756, 0.297671, 0.0, -0.159756, 0.987157, -0.0, 0.0, 0.0, 0.0, 1.0],
                [1.0, 0.0, 0.0, 0.0, 0.0, 0.987157, 0.159756, 0.297671, 0.0, -0.159756, 0.987157, -0.0, 0.0, 0.0, 0.0, 1.0]
            ]
        },
        {
            "name": "Head",
            "time": [0.0, 0.2833, 0.6167, 0.6833, 0.7667, 0.8833, 1.0167, 2.0],
            "transform": [
                [1.0, -0.0, 0.0, 0.0, 0.0, 0.799364, -0.600847, 0.8349, 0.0, 0.600847, 0.799364, -0.0, 0.0, 0.0, 0.0, 1.0],
                [1.0, -0.0, 0.0, 0.0, 0.0, 0.928002, -0.372577, 0.8349, 0.0, 0.372577, 0.928002, 0.0, 0.0, 0.0, 0.0, 1.0],
                [1.0, -0.0, 0.0, 0.0, 0.0, 0.703353, -0.710841, 0.8349, 0.0, 0.710841, 0.703353, -0.0, 0.0, 0.0, 0.0, 1.0],
                [1.0, -0.0, 0.0, 0.0, 0.0, 0.799364, -0.600847, 0.8349, 0.0, 0.600847, 0.799364, -0.0, 0.0, 0.0, 0.0, 1.0],
                [1.0, -0.0, -0.0, -0.0, 0.0, 0.687085, -0.726577, 0.8349, 0.0, 0.726577, 0.687085, -0.0, 0.0, 0.0, 0.0, 1.0],
                [1.0, -0.0, 0.0, 0.0, 0.0, 0.640593, -0.76788, 0.8349, 0.0, 0.76788, 0.640593, -0.0, 0.0, 0.0, 0.0, 1.0],
                [1.0, -0.0, 0.0, 0.0, 0.0, 0.998218, -0.059676, 0.8349, 0.0, 0.059676, 0.998218, 0.0, 0.0, 0.0, 0.0, 1.0],
                [1.0, -0.0, 0.0, 0.0, 0.0, 0.998218, -0.059676, 0.8349, 0.0, 0.059676, 0.998218, 0.0, 0.0, 0.0, 0.0, 1.0]
            ]
        },
        {
            "name": "LA1",
            "time": [0.0, 0.15, 0.2833, 0.4667, 0.6167, 0.7667, 0.8833, 1.0167, 2.0],
            "transform": [
                [1.0, 0.0, -0.0, -0.725955, 0.0, -0.993909, -0.110206, 0.728668, -0.0, 0.110206, -0.993909, -0.0, 0.0, 0.0, 0.0, 1.0],
                [1.0, 0.0, -0.0, -0.725955, -0.0, -0.993909, -0.110206, 0.566537, -0.0, 0.110206, -0.993909, 0.011984, 0.0, 0.0, 0.0, 1.0],
                [1.0, 0.0, -0.0, -0.725955, 0.0, -0.993909, -0.110206, 0.566537, -0.0, 0.110206, -0.993909, 0.011984, 0.0, 0.0, 0.0, 1.0],
                [1.0, 0.0, -0.0, -0.725955, -0.0, -0.986844, -0.161675, 0.551583, -0.0, 0.161675, -0.986844, 0.011788, 0.0, 0.0, 0.0, 1.0],
                [1.0, -0.0, -0.0, -0.725955, -0.0, -0.975709, -0.219069, 0.540826, -0.0, 0.219069, -0.975709, 0.010838, 0.0, 0.0, 0.0, 1.0],
                [1.0, -0.0, -0.0, -0.725955, -0.0, -0.795332, -0.606174, 0.728668, -0.0, 0.606174, -0.795332, 0.0, 0.0, 0.0, 0.0, 1.0],
                [1.0, -0.0, -0.0, -0.725955, -0.0, -0.975421, -0.22035, 0.728668, -0.0, 0.22035, -0.975421, -0.0, 0.0, 0.0, 0.0, 1.0],
                [1.0, -0.0, -0.0, -0.725955, -0.0, -0.985971, 0.166919, 0.600665, -0.0, -0.166919, -0.985971, 0.002046, 0.0, 0.0, 0.0, 1.0],
                [1.0, -0.0, -0.0, -0.725955, -0.0, -0.985971, 0.166919, 0.600665, -0.0, -0.166919, -0.985971, 0.002046, 0.0, 0.0, 0.0, 1.0]
            ]
        },
        {
            "name": "LA2",
            "time": [0.0, 2.0],
            "transform": [
                [1.0, -0.0, 0.0, 0.0, 0.0, 1.0, 0.0, 0.201938, -0.0, -0.0, 1.0, -0.0, 0.0, 0.0, 0.0, 1.0],
                [1.0, 0.0, 0.0, 0.0, 0.0, 1.0, 0.0, 0.201938, -0.0, 0.0, 1.0, -0.0, 0.0, 0.0, 0.0, 1.0]
            ]
        },
        {
            "name": "LA3",
            "time": [0.0, 0.2833, 0.6167, 0.7667, 1.0167, 2.0],
            "transform": [
                [1.0, 0.0, 0.0, 0.0, 0.0, 0.997211, 0.074641, 0.484, 0.0, -0.074641, 0.997211, -0.0, 0.0, 0.0, 0.0, 1.0],
                [1.0, 0.0, 0.0, -0.0, -0.0, 0.988857, 0.148865, 0.484, -0.0, -0.148865, 0.988857, 0.0, 0.0, 0.0, 0.0, 1.0],
                [1.0, 0.0, 0.0, 0.0, -0.0, 0.988858, 0.148865, 0.484, -0.0, -0.148865, 0.988858, -0.0, 0.0, 0.0, 0.0, 1.0],
                [1.0, -0.0, 0.0, 0.0, -0.0, 1.0, 0.0, 0.484, -0.0, 0.0, 1.0, 0.0, 0.0, 0.0, 0.0, 1.0],
                [1.0, 0.0, -0.0, 0.0, -0.0, 0.985505, 0.169644, 0.484, 0.0, -0.169644, 0.985505, -0.0, 0.0, 0.0, 0.0, 1.0],
                [1.0, 0.0, -0.0, 0.0, -0.0, 0.985505, 0.169644, 0.484, 0.0, -0.169644, 0.985505, -0.0, 0.0, 0.0, 0.0, 1.0]
            ]
        },
        {
            "name": "LA4",
            "time": [0.0, 0.2833, 0.6167, 0.7667, 1.0167, 2.0],
            "transform": [
                [1.0, -0.0, -0.0, 0.0, 0.0, 0.88192, 0.471399, 0.605, 0.0, -0.471399, 0.88192, 0.0, 0.0, 0.0, 0.0, 1.0],
                [1.0, 0.0, -0.0, -0.0, -0.0, 0.197212, 0.980361, 0.605, 0.0, -0.980361, 0.197212, 0.0, 0.0, 0.0, 0.0, 1.0],
                [1.0, 0.0, -0.0, -0.0, 0.0, 0.010833, 0.999941, 0.605, 0.0, -0.999941, 0.010833, 0.0, 0.0, 0.0, 0.0, 1.0],
                [1.0, -0.0, 0.0, 0.0, -0.0, 0.99894, 0.046024, 0.605, -0.0, -0.046024, 0.99894, -0.0, 0.0, 0.0, 0.0, 1.0],
                [1.0, -0.0, 0.0, 0.0, -0.0, 1.0, 0.0, 0.605, -0.0, 0.0, 1.0, 0.0, 0.0, 0.0, 0.0, 1.0],
                [1.0, -0.0, 0.0, 0.0, -0.0, 1.0, 0.0, 0.605, -0.0, 0.0, 1.0, 0.0, 0.0, 0.0, 0.0, 1.0]
            ]
        },
        {
            "name": "RA1",
            "time": [0.0, 0.15, 0.2833, 0.4667, 0.6167, 0.7667, 0.8833, 1.0167, 2.0],
            "transform": [
                [1.0, 0.0, -0.0, 0.726045, 0.0, -0.993909, -0.110206, 0.728668, -0.0, 0.110206, -0.993909, -0.0, 0.0, 0.0, 0.0, 1.0],
                [1.0, 0.0, -0.0, 0.726045, -0.0, -0.993909, -0.110206, 0.566537, -0.0, 0.110206, -0.993909, 0.011984, 0.0, 0.0, 0.0, 1.0],
                [1.0, 0.0, -0.0, 0.726045, 0.0, -0.993909, -0.110206, 0.566537, -0.0, 0.110206, -0.993909, 0.011984, 0.0, 0.0, 0.0, 1.0],
                [1.0, 0.0, -0.0, 0.726045, -0.0, -0.986844, -0.161675, 0.551583, -0.0, 0.161675, -0.986844, 0.011788, 0.0, 0.0, 0.0, 1.0],
                [1.0, -0.0, -0.0, 0.726045, -0.0, -0.975709, -0.219069, 0.540826, -0.0, 0.219069, -0.975709, 0.010838, 0.0, 0.0, 0.0, 1.0],
                [1.0, -0.0, -0.0, 0.726045, -0.0, -0.791905, -0.610644, 0.728668, -0.0, 0.610644, -0.791905, 0.0, 0.0, 0.0, 0.0, 1.0],
                [1.0, -0.0, -0.0, 0.726045, -0.0, -0.974164, -0.225841, 0.728668, -0.0, 0.225841, -0.974164, -0.0, 0.0, 0.0, 0.0, 1.0],
                [1.0, -0.0, -0.0, 0.726045, -0.0, -0.986895, 0.161362, 0.600665, -0.0, -0.161362, -0.986895, 0.002046, 0.0, 0.0, 0.0, 1.0],
                [1.0, -0.0, -0.0, 0.726045, -0.0, -0.986895, 0.161362, 0.600665, -0.0, -0.161362, -0.986895, 0.002046, 0.0, 0.0, 0.0, 1.0]
            ]
        },
        {
            "name": "RA2",
            "time": [0.0, 2.0],
            "transform": [
                [1.0, -0.0, 0.0, 0.0, 0.0, 1.0, 0.0, 0.201938, -0.0, -0.0, 1.0, -0.0, 0.0, 0.0, 0.0, 1.0],
                [1.0, -0.0, 0.0, 0.0, -0.0, 1.0, 0.0, 0.201938, -0.0, 0.0, 1.0, 0.0, 0.0, 0.0, 0.0, 1.0]
            ]
        },
        {
            "name": "RA3",
            "time": [0.0, 0.2833, 0.6167, 0.7667, 1.0167, 2.0],
            "transform": [
                [1.0, 0.0, 0.0, 0.0, 0.0, 0.997211, 0.074641, 0.484, 0.0, -0.074641, 0.997211, 0.0, 0.0, 0.0, 0.0, 1.0],
                [1.0, 0.0, 0.0, 0.0, -0.0, 0.988857, 0.148865, 0.484, -0.0, -0.148865, 0.988857, 0.0, 0.0, 0.0, 0.0, 1.0],
                [1.0, 0.0, 0.0, -0.0, -0.0, 0.988858, 0.148865, 0.484, -0.0, -0.148865, 0.988858, -0.0, 0.0, 0.0, 0.0, 1.0],
                [1.0, 0.0, 0.0, 0.0, -0.0, 1.0, 0.0, 0.484, 0.0, 0.0, 1.0, 0.0, 0.0, 0.0, 0.0, 1.0],
                [1.0, 0.0, -0.0, 0.0, -0.0, 0.987708, 0.156309, 0.484, 0.0, -0.156309, 0.987708, 0.0, 0.0, 0.0, 0.0, 1.0],
                [1.0, 0.0, -0.0, 0.0, -0.0, 0.987708, 0.156309, 0.484, 0.0, -0.156309, 0.987708, 0.0, 0.0, 0.0, 0.0, 1.0]
            ]
        },
        {
            "name": "RA4",
            "time": [0.0, 0.2833, 0.6167, 0.7667, 1.0167, 2.0],
            "transform": [
                [1.0, -0.0, -0.0, 0.0, 0.0, 0.88192, 0.471399, 0.605, 0.0, -0.471399, 0.88192, 0.0, 0.0, 0.0, 0.0, 1.0],
                [1.0, 0.0, -0.0, 0.0, -0.0, 0.197212, 0.980361, 0.605, 0.0, -0.980361, 0.197212, 0.0, 0.0, 0.0, 0.0, 1.0],
                [1.0, 0.0, -0.0, -0.0, 0.0, 0.010833, 0.999941, 0.605, 0.0, -0.999941, 0.010833, 0.0, 0.0, 0.0, 0.0, 1.0],
                [1.0, -0.0, 0.0, -0.0, -0.0, 0.99894, 0.046024, 0.605, -0.0, -0.046024, 0.99894, 0.0, 0.0, 0.0, 0.0, 1.0],
                [1.0, 0.0, -0.0, 0.0, -0.0, 1.0, 0.0, 0.605, -0.0, 0.0, 1.0, 0.0, 0.0, 0.0, 0.0, 1.0],
                [1.0, 0.0, -0.0, 0.0, -0.0, 1.0, 0.0, 0.605, -0.0, 0.0, 1.0, 0.0, 0.0, 0.0, 0.0, 1.0]
            ]
        },
        {
            "name": "LR1",
            "time": [0.0, 0.2833, 0.6167, 0.8333, 0.9333, 1.0167, 2.0],
            "transform": [
                [1.0, -0.0, -0.0, -0.289866, -0.0, -0.999485, 0.032102, -0.121, -0.0, -0.032102, -0.999485, 0.0, 0.0, 0.0, 0.0, 1.0],
                [1.0, -0.0, -0.0, -0.289866, -0.0, -0.997939, 0.064171, -0.121, -0.0, -0.064171, -0.997939, 0.0, 0.0, 0.0, 0.0, 1.0],
                [1.0, -0.0, -0.0, -0.289866, -0.0, -0.997939, 0.064171, -0.121, -0.0, -0.064171, -0.997939, 0.0, 0.0, 0.0, 0.0, 1.0],
                [0.996145, -0.082939, 0.028586, -0.289866, -0.086301, -0.984984, 0.149528, -0.121, 0.015755, -0.151418, -0.988344, 0.0, 0.0, 0.0, 0.0, 1.0],
                [0.995244, -0.093037, 0.028875, -0.289866, -0.088069, -0.986015, -0.141486, -0.121, 0.041635, 0.13827, -0.989519, -0.0, 0.0, 0.0, 0.0, 1.0],
                [0.995628, -0.093284, 0.004731, -0.289866, -0.091954, -0.987805, -0.125641, -0.121, 0.016394, 0.124657, -0.992064, -0.0, 0.0, 0.0, 0.0, 1.0],
                [0.995628, -0.093284, 0.004731, -0.289866, -0.091954, -0.987805, -0.125641, -0.121, 0.016394, 0.124657, -0.992064, -0.0, 0.0, 0.0, 0.0, 1.0]
            ]
        },
        {
            "name": "LR2",
            "time": [0.0, 0.2833, 0.6167, 0.7667, 0.8833, 1.0167, 2.0],
            "transform": [
                [1.0, -0.0, 0.0, -0.0, -0.0, 0.668812, 0.743432, 0.378445, -0.0, -0.743432, 0.668812, 0.0, 0.0, 0.0, 0.0, 1.0],
                [1.0, -0.0, 0.0, 0.0, -0.0, -0.105381, 0.994432, 0.378445, -0.0, -0.994432, -0.105381, -0.0, 0.0, 0.0, 0.0, 1.0],
                [1.0, -0.0, 0.0, 0.0, -0.0, -0.105381, 0.994432, 0.378445, -0.0, -0.994432, -0.105381, -0.0, 0.0, 0.0, 0.0, 1.0],
                [0.999746, 0.009388, -0.020491, 0.0, 0.003056, 0.844259, 0.535927, 0.378445, 0.022331, -0.535853, 0.844016, -0.0, 0.0, 0.0, 0.0, 1.0],
                [1.0, 0.0, 0.0, 0.0, -0.0, 0.951155, 0.308715, 0.378445, -0.0, -0.308715, 0.951155, -0.0, 0.0, 0.0, 0.0, 1.0],
                [1.0, 0.0, 0.0, -0.0, -0.0, 1.0, 0.0, 0.378445, -0.0, 0.0, 1.0, 0.0, 0.0, 0.0, 0.0, 1.0],
                [1.0, 0.0, 0.0, -0.0, -0.0, 1.0, 0.0, 0.378445, -0.0, 0.0, 1.0, 0.0, 0.0, 0.0, 0.0, 1.0]
            ]
        },
        {
            "name": "RR1",
            "time": [0.0, 0.2833, 0.6167, 0.8333, 0.9333, 1.0167, 2.0],
            "transform": [
                [1.0, 0.0, -0.0, 0.292627, 0.0, -0.999485, -0.032101, -0.121, -0.0, 0.032101, -0.999485, 0.0, 0.0, 0.0, 0.0, 1.0],
                [1.0, -0.0, -0.0, 0.292627, -0.0, -0.997939, -0.064169, -0.121, -0.0, 0.064169, -0.997939, 0.0, 0.0, 0.0, 0.0, 1.0],
                [1.0, -0.0, -0.0, 0.292627, -0.0, -0.997939, -0.064169, -0.121, -0.0, 0.064169, -0.997939, 0.0, 0.0, 0.0, 0.0, 1.0],
                [0.998256, 0.056307, -0.017729, 0.292627, 0.058221, -0.988705, 0.138103, -0.121, -0.009753, -0.138895, -0.990259, 0.0, 0.0, 0.0, 0.0, 1.0],
                [0.998788, 0.04903, 0.004401, 0.292627, 0.049142, -0.98781, -0.147706, -0.121, -0.002894, 0.147744, -0.989021, -0.0, 0.0, 0.0, 0.0, 1.0],
                [0.995509, 0.094547, -0.004795, 0.292627, 0.092921, -0.985573, -0.141462, -0.121, -0.018101, 0.140381, -0.989932, -0.0, 0.0, 0.0, 0.0, 1.0],
                [0.995509, 0.094547, -0.004795, 0.292627, 0.092921, -0.985573, -0.141462, -0.121, -0.018101, 0.140381, -0.989932, -0.0, 0.0, 0.0, 0.0, 1.0]
            ]
        },
        {
            "name": "RR2",
            "time": [0.0, 0.2833, 0.6167, 0.7667, 0.8833, 1.0167, 2.0],
            "transform": [
                [1.0, -0.0, 0.0, -0.0, -0.0, 0.709716, 0.704488, 0.378445, -0.0, -0.704488, 0.709716, 0.0, 0.0, 0.0, 0.0, 1.0],
                [1.0, -0.0, 0.0, 0.0, -0.0, 0.007394, 0.999973, 0.378445, -0.0, -0.999973, 0.007394, -0.0, 0.0, 0.0, 0.0, 1.0],
                [1.0, -0.0, 0.0, 0.0, -0.0, 0.007394, 0.999973, 0.378445, -0.0, -0.999973, 0.007394, -0.0, 0.0, 0.0, 0.0, 1.0],
                [0.999253, -0.025588, 0.028957, -0.0, 0.005928, 0.841984, 0.53947, 0.378445, -0.038185, -0.538895, 0.841507, -0.0, 0.0, 0.0, 0.0, 1.0],
                [1.0, -0.0, 0.0, 0.0, 0.0, 0.951155, 0.308715, 0.378445, -0.0, -0.308715, 0.951155, 0.0, 0.0, 0.0, 0.0, 1.0],
                [1.0, 0.0, 0.0, 0.0, -0.0, 1.0, -0.0, 0.378445, -0.0, -0.0, 1.0, 0.0, 0.0, 0.0, 0.0, 1.0],
                [1.0, 0.0, 0.0, 0.0, -0.0, 1.0, -0.0, 0.378445, -0.0, -0.0, 1.0, 0.0, 0.0, 0.0, 0.0, 1.0]
            ]
        }
    ]
}