{
    "animation": [
        {
            "name": "Root",
            "time": [0.0, 0.1667, 0.3333, 0.3833, 0.5667, 0.75, 0.8],
            "transform": [
                [0.995214, -0.097724, 0.0, -6.8e-05, 0.0, 0.0, -1.0, 0.0, 0.097724, 0.995214, 0.0, 0.953701, 0.0, 0.0, 0.0, 1.0],
                [0.999995, -0.003251, 0.0, -6.8e-05, 0.0, 0.0, -1.0, 0.0, 0.003251, 0.999995, 0.0, 0.988865, 0.0, 0.0, 0.0, 1.0],
                [0.995946, 0.089952, 0.0, -6.8e-05, 0.0, 0.0, -1.0, 0.0, -0.089952, 0.995946, 0.0, 0.941141, 0.0, 0.0, 0.0, 1.0],
                [0.995946, 0.089952, 0.0, -6.8e-05, 0.0, 0.0, -1.0, 0.0, -0.089952, 0.995946, 0.0, 0.941141, 0.0, 0.0, 0.0, 1.0],
                [0.999995, -0.003251, 0.0, -6.8e-05, 0.0, 0.0, -1.0, 0.0, 0.003251, 0.999995, 0.0, 0.989337, 0.0, 0.0, 0.0, 1.0],
                [0.995214, -0.097724, 0.0, -6.8e-05, 0.0, 0.0, -1.0, 0.0, 0.097724, 0.995214, 0.0, 0.953701, 0.0, 0.0, 0.0, 1.0],
                [0.995214, -0.097724, 0.0, -6.8e-05, 0.0, 0.0, -1.0, 0.0, 0.097724, 0.995214, 0.0, 0.953701, 0.0, 0.0, 0.0, 1.0]
            ]
        },
        {
            "name": "Chest",
            "time": [0.0, 0.8],
            "transform": [
                [1.0, 0.0, 0.0, 0.0, 0.0, 1.0, 0.0, 0.297671, 0.0, 0.0, 1.0, 0.0, 0.0, 0.0, 0.0, 1.0],
                [1.0, 0.0, 0.0, 0.0, 0.0, 1.0, 0.0, 0.297671, 0.0, 0.0, 1.0, 0.0, 0.0, 0.0, 0.0, 1.0]
            ]
        },
        {
            "name": "Head",
            "time": [0.0, 0.1667, 0.3333, 0.3833, 0.5667, 0.75, 0.8],
            "transform": [
                [0.999983, -0.000176, 0.005872, 0.0, -0.000176, 0.99821, 0.059805, 0.8349, -0.005872, -0.059805, 0.998193, 0.0, 0.0, 0.0, 0.0, 1.0],
                [1.0, -0.0, -4.9e-05, 0.0, -0.0, 0.999884, -0.015209, 0.8349, 4.9e-05, 0.015209, 0.999884, 0.0, 0.0, 0.0, 0.0, 1.0],
                [0.999983, -0.000167, 0.005741, 0.0, -0.000167, 0.998308, 0.058145, 0.8349, -0.005741, -0.058145, 0.998292, 0.0, 0.0, 0.0, 0.0, 1.0],
                [0.999983, -0.000167, 0.005741, 0.0, -0.000167, 0.998308, 0.058145, 0.8349, -0.005741, -0.058145, 0.998292, 0.0, 0.0, 0.0, 0.0, 1.0],
                [1.0, -0.0, -4.9e-05, -0.0, -0.0, 0.999884, -0.015209, 0.8349, 4.9e-05, 0.015209, 0.999884, 0.0, 0.0, 0.0, 0.0, 1.0],
                [0.999983, -0.000176, 0.005872, 0.0, -0.000176, 0.99821, 0.059805, 0.8349, -0.005872, -0.059805, 0.998193, 0.0, 0.0, 0.0, 0.0, 1.0],
                [0.999983, -0.000176, 0.005872, 0.0, -0.000176, 0.99821, 0.059805, 0.8349, -0.005872, -0.059805, 0.998193, 0.0, 0.0, 0.0, 0.0, 1.0]
            ]
        },
        {
            "name": "LA1",
            "time": [0.0, 0.1667, 0.3333, 0.3833, 0.75, 0.8],
            "transform": [
                [0.996386, -0.084944, -0.0, -0.725955, -0.084944, -0.996386, 0.0, 0.728668, -0.0, -0.0, -1.0, 0.0, 0.0, 0.0, 0.0, 1.0],
                [0.999694, -0.024741, -0.0, -0.725955, -0.024741, -0.999694, 0.0, 0.728668, -0.0, -0.0, -1.0, 0.0, 0.0, 0.0, 0.0, 1.0],
                [1.0, 0.0, -0.0, -0.725955, 0.0, -1.0, 0.0, 0.728668, -0.0, 0.0, -1.0, 0.0, 0.0, 0.0, 0.0, 1.0],
                [1.0, 0.0, -0.0, -0.725955, 0.0, -1.0, 0.0, 0.728668, -0.0, 0.0, -1.0, 0.0, 0.0, 0.0, 0.0, 1.0],
                [0.996386, -0.084944, -0.0, -0.725955, -0.084944, -0.996386, 0.0, 0.728668, -0.0, -0.0, -1.0, 0.0, 0.0, 0.0, 0.0, 1.0],
                [0.995657, -0.093099, -0.0, -0.725955, -0.093099, -0.995657, 0.0, 0.728668, -0.0, 0.0, -1.0, 0.0, 0.0, 0.0, 0.0, 1.0]
            ]
        },
        {
            "name": "LA2",
            "time": [0.0, 0.8],
            "transform": [
                [1.0, 0.0, 0.0, 0.0, 0.0, 1.0, -0.0, 0.201938, -0.0, 0.0, 1.0, -0.0, 0.0, 0.0, 0.0, 1.0],
                [1.0, -0.0, 0.0, 0.0, 0.0, 1.0, -0.0, 0.201938, -0.0, 0.0, 1.0, -0.0, 0.0, 0.0, 0.0, 1.0]
            ]
        },
        {
            "name": "LA3",
            "time": [0.0, 0.8],
            "transform": [
                [1.0, 0.0, 0.0, -0.0, 0.0, 1.0, 0.0, 0.484, 0.0, -0.0, 1.0, -0.0, 0.0, 0.0, 0.0, 1.0],
                [1.0, 0.0, -0.0, -0.0, 0.0, 1.0, 0.0, 0.484, 0.0, -0.0, 1.0, 0.0, 0.0, 0.0, 0.0, 1.0]
            ]
        },
        {
            "name": "LA4",
            "time": [0.0, 0.8],
            "transform": [
                [1.0, 0.0, 0.0, 0.0, 0.0, 1.0, 0.0, 0.605, 0.0, -0.0, 1.0, 0.0, 0.0, 0.0, 0.0, 1.0],
                [1.0, 0.0, -0.0, -0.0, 0.0, 1.0, 0.0, 0.605, 0.0, -0.0, 1.0, 0.0, 0.0, 0.0, 0.0, 1.0]
            ]
        },
        {
            "name": "RA1",
            "time": [0.0, 0.1667, 0.3333, 0.3833, 0.75, 0.8],
            "transform": [
                [1.0, 0.0, -0.0, 0.726045, 0.0, -1.0, -0.0, 0.728668, -0.0, 0.0, -1.0, 0.0, 0.0, 0.0, 0.0, 1.0],
                [1.0, 0.0, -0.0, 0.726045, 0.0, -1.0, 0.0, 0.728668, -0.0, 0.0, -1.0, 0.0, 0.0, 0.0, 0.0, 1.0],
                [0.997696, 0.06785, -0.0, 0.726045, 0.06785, -0.997696, -0.0, 0.728668, -0.0, -0.0, -1.0, 0.0, 0.0, 0.0, 0.0, 1.0],
                [0.996906, 0.078605, -0.0, 0.726045, 0.078605, -0.996906, -0.0, 0.728668, -0.0, -0.0, -1.0, 0.0, 0.0, 0.0, 0.0, 1.0],
                [1.0, 0.0, -0.0, 0.726045, 0.0, -1.0, -0.0, 0.728668, -0.0, 0.0, -1.0, 0.0, 0.0, 0.0, 0.0, 1.0],
                [1.0, 0.0, -0.0, 0.726045, 0.0, -1.0, -0.0, 0.728668, -0.0, 0.0, -1.0, 0.0, 0.0, 0.0, 0.0, 1.0]
            ]
        },
        {
            "name": "RA2",
            "time": [0.0, 0.8],
            "transform": [
                [1.0, 0.0, 0.0, -0.0, 0.0, 1.0, -0.0, 0.201938, -0.0, 0.0, 1.0, 0.0, 0.0, 0.0, 0.0, 1.0],
                [1.0, 0.0, 0.0, -0.0, 0.0, 1.0, -0.0, 0.201938, -0.0, 0.0, 1.0, 0.0, 0.0, 0.0, 0.0, 1.0]
            ]
        },
        {
            "name": "RA3",
            "time": [0.0, 0.8],
            "transform": [
                [1.0, 0.0, 0.0, 0.0, 0.0, 1.0, 0.0, 0.484, 0.0, 0.0, 1.0, 0.0, 0.0, 0.0, 0.0, 1.0],
                [1.0, 0.0, 0.0, 0.0, 0.0, 1.0, 0.0, 0.484, 0.0, 0.0, 1.0, 0.0, 0.0, 0.0, 0.0, 1.0]
            ]
        },
        {
            "name": "RA4",
            "time": [0.0, 0.8],
            "transform": [
                [1.0, 0.0, 0.0, 0.0, 0.0, 1.0, 0.0, 0.605, 0.0, 0.0, 1.0, 0.0, 0.0, 0.0, 0.0, 1.0],
                [1.0, 0.0, 0.0, 0.0, 0.0, 1.0, 0.0, 0.605, 0.0, 0.0, 1.0, 0.0, 0.0, 0.0, 0.0, 1.0]
            ]
        },
        {
            "name": "LR1",
            "time": [0.0, 0.1667, 0.3333, 0.3833, 0.5667, 0.75, 0.8],
            "transform": [
                [0.994533, -0.089011, 0.05461, -0.289866, -0.104332, -0.824511, 0.556145, -0.121, -0.004477, -0.558802, -0.829289, 0.0, 0.0, 0.0, 0.0, 1.0],
                [1.0, -0.0, -0.0, -0.289866, -0.0, -1.0, 0.0, -0.121, -0.0, 0.0, -1.0, 0.0, 0.0, 0.0, 0.0, 1.0],
                [0.995688, 0.089353, 0.024912, -0.289866, 0.092758, -0.956721, -0.275828, -0.121, -0.000812, 0.276949, -0.960884, 0.0, 0.0, 0.0, 0.0, 1.0],
                [0.995688, 0.089353, 0.024912, -0.289866, 0.092758, -0.956721, -0.275828, -0.121, -0.000812, 0.276949, -0.960884, 0.0, 0.0, 0.0, 0.0, 1.0],
                [0.999725, -0.008258, 0.021965, -0.289866, -0.017792, -0.877046, 0.480076, -0.121, 0.0153, -0.480334, -0.876952, 0.0, 0.0, 0.0, 0.0, 1.0],
                [0.994533, -0.089011, 0.05461, -0.289866, -0.104331, -0.824511, 0.556145, -0.121, -0.004477, -0.558802, -0.829289, 0.0, 0.0, 0.0, 0.0, 1.0],
                [0.994533, -0.089011, 0.05461, -0.289866, -0.104332, -0.824511, 0.556145, -0.121, -0.004477, -0.558802, -0.829289, 0.0, 0.0, 0.0, 0.0, 1.0]
            ]
        },
        {
            "name": "LR2",
            "time": [0.0, 0.1667, 0.3833, 0.5667, 0.75, 0.8],
            "transform": [
                [0.999997, 0.001412, -0.001854, 0.0, -0.000101, 0.821101, 0.570783, 0.378445, 0.002329, -0.570781, 0.821099, 0.0, 0.0, 0.0, 0.0, 1.0],
                [1.0, 0.0, 0.0, 0.0, -0.0, 1.0, -0.0, 0.378445, -0.0, -0.0, 1.0, 0.0, 0.0, 0.0, 0.0, 1.0],
                [1.0, 0.0, 0.0, 0.0, -0.0, 1.0, -0.0, 0.378445, -0.0, -0.0, 1.0, -0.0, 0.0, 0.0, 0.0, 1.0],
                [0.999907, 0.009134, 0.010128, 0.0, -0.013453, 0.538475, 0.842534, 0.378445, 0.002242, -0.842592, 0.538547, -0.0, 0.0, 0.0, 0.0, 1.0],
                [0.999997, 0.001412, -0.001854, 0.0, -0.000101, 0.821101, 0.570783, 0.378445, 0.002329, -0.570781, 0.821099, 0.0, 0.0, 0.0, 0.0, 1.0],
                [0.999997, 0.001412, -0.001854, 0.0, -0.000101, 0.821101, 0.570783, 0.378445, 0.002329, -0.570781, 0.821099, 0.0, 0.0, 0.0, 0.0, 1.0]
            ]
        },
        {
            "name": "RR1",
            "time": [0.0, 0.1667, 0.3333, 0.3833, 0.5667, 0.75, 0.8],
            "transform": [
                [0.995612, -0.086189, -0.036451, 0.292627, -0.093565, -0.923821, -0.371216, -0.121, -0.00168, 0.372997, -0.927831, 0.0, 0.0, 0.0, 0.0, 1.0],
                [0.999798, 0.010968, -0.016869, 0.292627, 0.01705, -0.906972, 0.420845, -0.121, -0.010684, -0.421047, -0.906976, 0.0, 0.0, 0.0, 0.0, 1.0],
                [0.995417, 0.080713, -0.051296, 0.292627, 0.095554, -0.817502, 0.567944, -0.121, 0.003906, -0.570242, -0.821467, 0.0, 0.0, 0.0, 0.0, 1.0],
                [0.995417, 0.080713, -0.051296, 0.292627, 0.095554, -0.817502, 0.567944, -0.121, 0.003906, -0.570242, -0.821467, 0.0, 0.0, 0.0, 0.0, 1.0],
                [1.0, 0.0, -0.0, 0.292627, 0.0, -1.0, 0.0, -0.121, -0.0, 0.0, -1.0, 0.0, 0.0, 0.0, 0.0, 1.0],
                [0.995612, -0.086189, -0.036451, 0.292627, -0.093565, -0.923821, -0.371216, -0.121, -0.00168, 0.372997, -0.927831, 0.0, 0.0, 0.0, 0.0, 1.0],
                [0.995612, -0.086189, -0.036451, 0.292627, -0.093565, -0.923821, -0.371216, -0.121, -0.00168, 0.372997, -0.927831, 0.0, 0.0, 0.0, 0.0, 1.0]
            ]
        },
        {
            "name": "RR2",
            "time": [0.0, 0.1667, 0.3333, 0.3833, 0.5667, 0.8],
            "transform": [
                [1.0, 0.0, 0.0, -0.0, 0.0, 1.0, -0.0, 0.378445, -0.0, -0.0, 1.0, 0.0, 0.0, 0.0, 0.0, 1.0],
                [0.999901, -0.004057, -0.013481, -0.0, 0.013062, 0.624576, 0.780855, 0.378445, 0.005252, -0.780954, 0.624567, -0.0, 0.0, 0.0, 0.0, 1.0],
                [0.999999, 0.000271, -0.001235, -0.0, 0.000477, 0.823763, 0.566934, 0.378445, 0.001171, -0.566935, 0.823762, 0.0, 0.0, 0.0, 0.0, 1.0],
                [0.999999, 0.000271, -0.001235, -0.0, 0.000477, 0.823763, 0.566934, 0.378445, 0.001171, -0.566935, 0.823762, 0.0, 0.0, 0.0, 0.0, 1.0],
                [1.0, 0.0, 0.0, -0.0, 0.0, 1.0, 0.0, 0.378445, -0.0, 0.0, 1.0, -0.0, 0.0, 0.0, 0.0, 1.0],
                [1.0, 0.0, 0.0, -0.0, 0.0, 1.0, -0.0, 0.378445, -0.0, -0.0, 1.0, 0.0, 0.0, 0.0, 0.0, 1.0]
            ]
        }
    ]
}