{
    "animation": [
        {
            "name": "Root",
            "time": [0.0, 0.1167, 0.25, 0.3667, 0.5],
            "transform": [
                [1.0, -0.000461, 0.00046, 3e-05, 0.000461, 0.001813, -0.999998, 0.000275, 0.00046, 0.999998, 0.001813, 0.480909, 0.0, 0.0, 0.0, 1.0],
                [1.0, -0.000461, 0.00046, 3e-05, 0.000357, -0.202875, -0.979205, -0.093206, 0.000545, 0.979205, -0.202874, 0.480909, 0.0, 0.0, 0.0, 1.0],
                [1.0, -0.000461, 0.00046, 3e-05, 0.000346, -0.222488, -0.974935, 0.217779, 0.000552, 0.974935, -0.222487, 0.480909, 0.0, 0.0, 0.0, 1.0],
                [1.0, -0.000461, 0.00046, 3e-05, 0.000557, 0.240478, -0.970655, 0.506742, 0.000337, 0.970655, 0.240478, 0.480909, 0.0, 0.0, 0.0, 1.0],
                [1.0, -0.000461, 0.00046, 3e-05, 0.000557, 0.240478, -0.970655, 0.506742, 0.000337, 0.970655, 0.240478, 0.480909, 0.0, 0.0, 0.0, 1.0]
            ]
        },
        {
            "name": "Head",
            "time": [0.0, 0.1167, 0.25, 0.3667, 0.5],
            "transform": [
                [1.0, 0.00046, -0.000461, 7e-05, -0.000461, 0.999998, -0.001814, 0.019902, 0.00046, 0.001815, 0.999998, -0.198131, 0.0, 0.0, 0.0, 1.0],
                [1.0, 0.000436, -0.000484, 7e-05, -0.000461, 0.998581, -0.053263, 0.019902, 0.00046, 0.053263, 0.99858, -0.198131, 0.0, 0.0, 0.0, 1.0],
                [1.0, 0.000412, -0.000504, 7e-05, -0.000461, 0.99497, -0.100177, 0.019902, 0.00046, 0.100177, 0.994969, -0.198131, 0.0, 0.0, 0.0, 1.0],
                [1.0, 0.000371, -0.000535, 7e-05, -0.000461, 0.983937, -0.178516, 0.019902, 0.00046, 0.178516, 0.983937, -0.198131, 0.0, 0.0, 0.0, 1.0],
                [1.0, 0.000371, -0.000535, 7e-05, -0.000461, 0.983937, -0.178516, 0.019902, 0.00046, 0.178516, 0.983937, -0.198131, 0.0, 0.0, 0.0, 1.0]
            ]
        },
        {
            "name": "Stomach",
            "time": [0.0, 0.1167, 0.25, 0.3667, 0.5],
            "transform": [
                [1.0, 0.00046, -0.000461, -2.7e-05, -0.000461, 0.999998, -0.001814, 0.017649, 0.00046, 0.001814, 0.999998, 0.010542, 0.0, 0.0, 0.0, 1.0],
                [1.0, 0.000619, -0.000202, -2.7e-05, -0.000461, 0.892152, 0.451735, 0.017649, 0.00046, -0.451735, 0.892152, 0.010542, 0.0, 0.0, 0.0, 1.0],
                [1.0, 0.000619, -0.000202, -2.7e-05, -0.000461, 0.892152, 0.451735, 0.017649, 0.00046, -0.451734, 0.892152, 0.010542, 0.0, 0.0, 0.0, 1.0],
                [1.0, 0.000577, -0.000302, -2.7e-05, -0.000461, 0.954524, 0.298135, 0.017649, 0.00046, -0.298135, 0.954524, 0.010542, 0.0, 0.0, 0.0, 1.0],
                [1.0, 0.000577, -0.000302, -2.7e-05, -0.000461, 0.954524, 0.298135, 0.017649, 0.00046, -0.298135, 0.954524, 0.010542, 0.0, 0.0, 0.0, 1.0]
            ]
        },
        {
            "name": "RL4",
            "time": [0.0, 0.1167, 0.25, 0.3667, 0.5],
            "transform": [
                [-0.016367, 0.695163, -0.718666, 0.252666, -0.82442, -0.41607, -0.383688, -0.043247, -0.565741, 0.586203, 0.579916, -0.031865, 0.0, 0.0, 0.0, 1.0],
                [0.038529, 0.629923, -0.775701, 0.252674, -0.969343, -0.164959, -0.182105, -0.027245, -0.242671, 0.758937, 0.604256, -0.03436, 0.0, 0.0, 0.0, 1.0],
                [0.050297, 0.605561, -0.794208, 0.252675, -0.977534, -0.133128, -0.163413, -0.026159, -0.204688, 0.784584, 0.585261, -0.034445, 0.0, 0.0, 0.0, 1.0],
                [-0.016195, 0.695159, -0.718674, 0.25266, -0.648224, -0.554554, -0.521801, -0.057646, -0.761277, 0.457411, 0.4596, -0.034285, 0.0, 0.0, 0.0, 1.0],
                [-0.016195, 0.695159, -0.718674, 0.25266, -0.648224, -0.554554, -0.521801, -0.057646, -0.761277, 0.457411, 0.4596, -0.034285, 0.0, 0.0, 0.0, 1.0]
            ]
        },
        {
            "name": "RL2",
            "time": [0.0, 0.1167, 0.25, 0.3667, 0.5],
            "transform": [
                [0.171627, 0.940869, 0.292077, 0.25177, -0.702037, 0.3248, -0.633758, -0.042859, -0.69115, -0.096279, 0.71627, -0.126105, 0.0, 0.0, 0.0, 1.0],
                [0.171627, 0.94087, 0.292077, 0.25177, -0.702037, 0.3248, -0.633758, -0.042859, -0.69115, -0.096279, 0.71627, -0.126105, 0.0, 0.0, 0.0, 1.0],
                [0.171627, 0.940869, 0.292077, 0.25177, -0.702037, 0.3248, -0.633758, -0.042859, -0.69115, -0.096279, 0.71627, -0.126105, 0.0, 0.0, 0.0, 1.0],
                [0.171627, 0.940869, 0.292077, 0.25177, -0.702037, 0.3248, -0.633758, -0.042859, -0.69115, -0.096279, 0.71627, -0.126105, 0.0, 0.0, 0.0, 1.0],
                [0.171627, 0.940869, 0.292077, 0.25177, -0.702037, 0.3248, -0.633758, -0.042859, -0.69115, -0.096279, 0.71627, -0.126105, 0.0, 0.0, 0.0, 1.0]
            ]
        },
        {
            "name": "RL3",
            "time": [0.0, 0.1167, 0.25, 0.3667, 0.5],
            "transform": [
                [-0.201805, 0.835689, -0.510782, 0.252626, -0.715651, -0.48186, -0.505624, -0.04023, -0.66867, 0.263504, 0.695303, -0.103931, 0.0, 0.0, 0.0, 1.0],
                [-0.29931, 0.865375, -0.401921, 0.252624, -0.831129, -0.443356, -0.335648, -0.045055, -0.468655, 0.233585, 0.851939, -0.103101, 0.0, 0.0, 0.0, 1.0],
                [-0.334697, 0.870066, -0.361887, 0.252624, -0.820449, -0.457962, -0.342248, -0.045387, -0.463509, 0.182361, 0.867124, -0.10332, 0.0, 0.0, 0.0, 1.0],
                [-0.201637, 0.835727, -0.510786, 0.252628, -0.516383, -0.533839, -0.6696, -0.035928, -0.832281, 0.128744, 0.539198, -0.103066, 0.0, 0.0, 0.0, 1.0],
                [-0.201637, 0.835727, -0.510786, 0.252628, -0.516383, -0.533839, -0.6696, -0.035928, -0.832281, 0.128744, 0.539198, -0.103066, 0.0, 0.0, 0.0, 1.0]
            ]
        },
        {
            "name": "RL1",
            "time": [0.0, 0.1167, 0.25, 0.3667, 0.5],
            "transform": [
                [-0.720302, 0.693496, 0.015093, 0.260962, -0.412812, -0.41108, -0.812773, -0.046472, -0.557451, -0.591672, 0.582385, -0.200834, 0.0, 0.0, 0.0, 1.0],
                [-0.832568, 0.49931, 0.239835, 0.260962, 0.092339, 0.552022, -0.828701, -0.046472, -0.546173, -0.667803, -0.505701, -0.200834, 0.0, 0.0, 0.0, 1.0],
                [-0.684031, 0.103922, 0.722012, 0.260962, -0.16075, 0.943991, -0.288166, -0.046472, -0.71152, -0.313178, -0.629013, -0.200834, 0.0, 0.0, 0.0, 1.0],
                [-0.977241, 0.027834, 0.210301, 0.260962, -0.208714, 0.051161, -0.976638, -0.046472, -0.037943, -0.998303, -0.044187, -0.200834, 0.0, 0.0, 0.0, 1.0],
                [-0.977241, 0.027834, 0.210301, 0.260962, -0.208714, 0.051161, -0.976638, -0.046472, -0.037943, -0.998303, -0.044187, -0.200834, 0.0, 0.0, 0.0, 1.0]
            ]
        },
        {
            "name": "LL4",
            "time": [0.0, 0.1167, 0.25, 0.3667, 0.5],
            "transform": [
                [-0.016347, -0.696085, -0.717773, -0.254559, -0.806212, -0.415429, 0.421238, -0.043013, -0.591401, 0.585563, -0.554401, -0.032099, 0.0, 0.0, 0.0, 1.0],
                [-0.076577, -0.640041, -0.764515, -0.254551, -0.957724, -0.16604, 0.234936, -0.027432, -0.277309, 0.750185, -0.600268, -0.034504, 0.0, 0.0, 0.0, 1.0],
                [-0.090865, -0.618706, -0.780351, -0.25455, -0.966268, -0.134836, 0.219419, -0.026485, -0.240975, 0.773966, -0.585584, -0.034592, 0.0, 0.0, 0.0, 1.0],
                [-0.016164, -0.696089, -0.717774, -0.254565, -0.609468, -0.56223, 0.558969, -0.058385, -0.792646, 0.446495, -0.415156, -0.034827, 0.0, 0.0, 0.0, 1.0],
                [-0.016164, -0.696089, -0.717774, -0.254565, -0.609468, -0.56223, 0.558969, -0.058385, -0.792646, 0.446495, -0.415156, -0.034827, 0.0, 0.0, 0.0, 1.0]
            ]
        },
        {
            "name": "LL2",
            "time": [0.0, 0.1167, 0.25, 0.3667, 0.5],
            "transform": [
                [-0.524975, -0.831249, -0.182828, -0.254407, 0.845954, -0.485983, -0.219505, -0.040298, 0.093612, -0.269899, 0.958327, -0.126333, 0.0, 0.0, 0.0, 1.0],
                [-0.540634, -0.787228, -0.296626, -0.254413, 0.828226, -0.559896, -0.023603, -0.051166, -0.147499, -0.258434, 0.954702, -0.124195, 0.0, 0.0, 0.0, 1.0],
                [-0.537512, -0.764496, -0.355848, -0.254413, 0.827633, -0.559135, -0.048914, -0.051838, -0.161573, -0.320803, 0.933263, -0.12443, 0.0, 0.0, 0.0, 1.0],
                [-0.525109, -0.831149, -0.182901, -0.254403, 0.786297, -0.391609, -0.47789, -0.029517, 0.325572, -0.394759, 0.859167, -0.124572, 0.0, 0.0, 0.0, 1.0],
                [-0.525109, -0.831149, -0.182901, -0.254403, 0.786297, -0.391609, -0.47789, -0.029517, 0.325572, -0.394759, 0.859167, -0.124572, 0.0, 0.0, 0.0, 1.0]
            ]
        },
        {
            "name": "LL3",
            "time": [0.0, 0.1167, 0.25, 0.3667, 0.5],
            "transform": [
                [-0.20142, -0.836375, -0.50981, -0.254451, -0.176052, -0.481089, 0.858812, -0.039996, -0.963554, 0.262735, -0.050344, -0.104164, 0.0, 0.0, 0.0, 1.0],
                [-0.100733, -0.856907, -0.505533, -0.254453, -0.388245, -0.433976, 0.812976, -0.044695, -0.916034, 0.278165, -0.288974, -0.103357, 0.0, 0.0, 0.0, 1.0],
                [-0.062199, -0.864298, -0.499119, -0.254453, -0.380847, -0.441694, 0.812319, -0.044985, -0.922544, 0.240613, -0.301693, -0.103574, 0.0, 0.0, 0.0, 1.0],
                [-0.201288, -0.836334, -0.509931, -0.254449, 0.099417, -0.535341, 0.838765, -0.035405, -0.974474, 0.118138, 0.190904, -0.103197, 0.0, 0.0, 0.0, 1.0],
                [-0.201288, -0.836334, -0.509931, -0.254449, 0.099417, -0.535341, 0.838765, -0.035405, -0.974474, 0.118138, 0.190904, -0.103197, 0.0, 0.0, 0.0, 1.0]
            ]
        },
        {
            "name": "LL1",
            "time": [0.0, 0.1167, 0.25, 0.3667, 0.5],
            "transform": [
                [-0.715017, -0.698813, 0.020272, -0.259277, 0.380815, -0.413635, -0.826974, -0.044241, 0.586286, -0.58358, 0.561875, -0.203563, 0.0, 0.0, 0.0, 1.0],
                [-0.8041, -0.529817, -0.269659, -0.259277, -0.040962, 0.501894, -0.863959, -0.044241, 0.593081, -0.683664, -0.425275, -0.203563, 0.0, 0.0, 0.0, 1.0],
                [-0.752641, -0.075979, -0.654032, -0.259277, 0.13545, 0.954208, -0.266723, -0.044241, 0.644348, -0.289335, -0.707885, -0.203563, 0.0, 0.0, 0.0, 1.0],
                [-0.920577, -0.058429, -0.386166, -0.259277, 0.385616, 0.020875, -0.922423, -0.044241, 0.061958, -0.998073, 0.003314, -0.203563, 0.0, 0.0, 0.0, 1.0],
                [-0.920577, -0.058429, -0.386166, -0.259277, 0.385616, 0.020875, -0.922423, -0.044241, 0.061958, -0.998073, 0.003314, -0.203563, 0.0, 0.0, 0.0, 1.0]
            ]
        }
    ]
}