{
    "animation": [
        {
            "name": "Root",
            "time": [0.0, 0.3333],
            "transform": [
                [1.0, -0.000461, 0.00046, 3e-05, 0.000461, 0.001813, -0.999998, 0.000275, 0.00046, 0.999998, 0.001813, 0.480909, 0.0, 0.0, 0.0, 1.0],
                [1.0, -0.000461, 0.00046, 3e-05, 0.000461, 0.001813, -0.999998, 0.000275, 0.00046, 0.999998, 0.001813, 0.480909, 0.0, 0.0, 0.0, 1.0]
            ]
        },
        {
            "name": "Head",
            "time": [0.0, 0.3333],
            "transform": [
                [1.0, 0.00046, -0.000461, 7e-05, -0.000461, 0.999998, -0.001814, 0.019902, 0.00046, 0.001815, 0.999998, -0.198131, 0.0, 0.0, 0.0, 1.0],
                [1.0, 0.00046, -0.000461, 7e-05, -0.000461, 0.999998, -0.001814, 0.019902, 0.00046, 0.001815, 0.999998, -0.198131, 0.0, 0.0, 0.0, 1.0]
            ]
        },
        {
            "name": "Stomach",
            "time": [0.0, 0.3333],
            "transform": [
                [1.0, 0.00046, -0.000461, -2.7e-05, -0.000461, 0.999998, -0.001814, 0.017649, 0.00046, 0.001814, 0.999998, 0.010542, 0.0, 0.0, 0.0, 1.0],
                [1.0, 0.00046, -0.000461, -2.7e-05, -0.000461, 0.999998, -0.001814, 0.017649, 0.00046, 0.001814, 0.999998, 0.010542, 0.0, 0.0, 0.0, 1.0]
            ]
        },
        {
            "name": "RL4",
            "time": [0.0, 0.0833, 0.25, 0.3333],
            "transform": [
                [0.080124, 0.566211, -0.820357, 0.252666, -0.87947, -0.34721, -0.325542, -0.043247, -0.469162, 0.747563, 0.470146, -0.031865, 0.0, 0.0, 0.0, 1.0],
                [0.175131, 0.341275, -0.923504, 0.252666, -0.938477, -0.225704, -0.261378, -0.043247, -0.297641, 0.912463, 0.280751, -0.031865, 0.0, 0.0, 0.0, 1.0],
                [-0.055893, 0.738572, -0.671853, 0.252666, -0.798676, -0.436883, -0.413824, -0.043247, -0.59916, 0.513463, 0.614299, -0.031865, 0.0, 0.0, 0.0, 1.0],
                [0.080124, 0.566211, -0.820357, 0.252666, -0.87947, -0.34721, -0.325542, -0.043247, -0.469162, 0.747563, 0.470146, -0.031865, 0.0, 0.0, 0.0, 1.0]
            ]
        },
        {
            "name": "RL2",
            "time": [0.0, 0.1667, 0.3333],
            "transform": [
                [-0.418569, 0.862594, -0.284131, 0.252603, -0.591402, -0.496317, -0.635542, -0.040532, -0.689234, -0.097983, 0.717883, -0.1261, 0.0, 0.0, 0.0, 1.0],
                [-0.623919, 0.777425, -0.079598, 0.252603, -0.473266, -0.456931, -0.753149, -0.040532, -0.621888, -0.432233, 0.653017, -0.1261, 0.0, 0.0, 0.0, 1.0],
                [-0.418569, 0.862594, -0.284131, 0.252603, -0.591402, -0.496317, -0.635542, -0.040532, -0.689234, -0.097983, 0.717883, -0.1261, 0.0, 0.0, 0.0, 1.0]
            ]
        },
        {
            "name": "RL3",
            "time": [0.0, 0.0833, 0.25, 0.3333],
            "transform": [
                [-0.201583, 0.835394, -0.511351, 0.252626, -0.714882, -0.482368, -0.506226, -0.04023, -0.669558, 0.263509, 0.694446, -0.103931, 0.0, 0.0, 0.0, 1.0],
                [-0.301688, 0.864005, -0.403088, 0.252626, -0.655355, -0.494998, -0.570514, -0.04023, -0.692455, 0.092048, 0.715565, -0.103931, 0.0, 0.0, 0.0, 1.0],
                [-0.106643, 0.781618, -0.614574, 0.252626, -0.771857, -0.454717, -0.444375, -0.04023, -0.626789, 0.426973, 0.651789, -0.103931, 0.0, 0.0, 0.0, 1.0],
                [-0.201583, 0.835394, -0.511351, 0.252626, -0.714882, -0.482368, -0.506226, -0.04023, -0.669558, 0.263509, 0.694446, -0.103931, 0.0, 0.0, 0.0, 1.0]
            ]
        },
        {
            "name": "RL1",
            "time": [0.0, 0.1667, 0.3333],
            "transform": [
                [-0.920303, 0.337986, 0.196998, 0.260962, -0.280597, -0.219408, -0.934412, -0.046472, -0.272596, -0.915219, 0.29676, -0.200834, 0.0, 0.0, 0.0, 1.0],
                [-0.675747, 0.736539, -0.029596, 0.260962, -0.438032, -0.433523, -0.787519, -0.046472, -0.592869, -0.519199, 0.61558, -0.200834, 0.0, 0.0, 0.0, 1.0],
                [-0.920303, 0.337986, 0.196998, 0.260962, -0.280597, -0.219408, -0.934412, -0.046472, -0.272596, -0.915219, 0.29676, -0.200834, 0.0, 0.0, 0.0, 1.0]
            ]
        },
        {
            "name": "LL4",
            "time": [0.0, 0.1667, 0.3333],
            "transform": [
                [-0.222944, -0.342625, -0.912636, -0.254559, -0.92368, -0.22503, 0.310124, -0.043013, -0.311627, 0.912124, -0.266307, -0.032099, 0.0, 0.0, 0.0, 1.0],
                [0.075841, -0.776117, -0.626011, -0.254559, -0.753865, -0.455552, 0.473455, -0.043013, -0.652638, 0.436021, -0.619637, -0.032099, 0.0, 0.0, 0.0, 1.0],
                [-0.222944, -0.342625, -0.912636, -0.254559, -0.92368, -0.22503, 0.310124, -0.043013, -0.311627, 0.912124, -0.266307, -0.032099, 0.0, 0.0, 0.0, 1.0]
            ]
        },
        {
            "name": "LL2",
            "time": [0.0, 0.0833, 0.25, 0.3333],
            "transform": [
                [-0.52047, -0.841296, -0.146057, -0.254407, 0.848457, -0.490295, -0.199328, -0.040298, 0.096083, -0.227667, 0.968987, -0.126333, 0.0, 0.0, 0.0, 1.0],
                [-0.506853, -0.86133, -0.034795, -0.254407, 0.856248, -0.498373, -0.135879, -0.040298, 0.099696, -0.098663, 0.990114, -0.126333, 0.0, 0.0, 0.0, 1.0],
                [-0.533538, -0.806803, -0.253785, -0.254407, 0.840926, -0.473942, -0.261195, -0.040298, 0.090454, -0.352772, 0.931327, -0.126333, 0.0, 0.0, 0.0, 1.0],
                [-0.52047, -0.841296, -0.146057, -0.254407, 0.848457, -0.490295, -0.199328, -0.040298, 0.096083, -0.227667, 0.968987, -0.126333, 0.0, 0.0, 0.0, 1.0]
            ]
        },
        {
            "name": "LL3",
            "time": [0.0, 0.1667, 0.3333],
            "transform": [
                [-0.051423, -0.863615, -0.501523, -0.254451, -0.093369, -0.49583, 0.863386, -0.039996, -0.994303, 0.091224, -0.055138, -0.104164, 0.0, 0.0, 0.0, 1.0],
                [-0.273187, -0.812454, -0.515061, -0.254451, -0.217494, -0.469398, 0.855782, -0.039996, -0.937051, 0.345811, -0.04847, -0.104164, 0.0, 0.0, 0.0, 1.0],
                [-0.051423, -0.863615, -0.501523, -0.254451, -0.093369, -0.49583, 0.863386, -0.039996, -0.994303, 0.091224, -0.055138, -0.104164, 0.0, 0.0, 0.0, 1.0]
            ]
        },
        {
            "name": "LL1",
            "time": [0.0, 0.0833, 0.25, 0.3333],
            "transform": [
                [-0.799727, -0.597678, -0.056737, -0.259277, 0.331963, -0.361475, -0.871284, -0.044241, 0.500238, -0.715624, 0.487488, -0.203563, 0.0, 0.0, 0.0, 1.0],
                [-0.922977, -0.345486, -0.169565, -0.259277, 0.256731, -0.224486, -0.940051, -0.044241, 0.28671, -0.911178, 0.295893, -0.203563, 0.0, 0.0, 0.0, 1.0],
                [-0.619715, -0.777513, 0.106898, -0.259277, 0.437539, -0.455345, -0.775384, -0.044241, 0.651547, -0.433745, 0.622377, -0.203563, 0.0, 0.0, 0.0, 1.0],
                [-0.799727, -0.597678, -0.056737, -0.259277, 0.331963, -0.361475, -0.871284, -0.044241, 0.500238, -0.715624, 0.487488, -0.203563, 0.0, 0.0, 0.0, 1.0]
            ]
        }
    ]
}