{
    "animation": [
        {
            "name": "Root",
            "time": [0.0, 0.1667],
            "transform": [
                [1.0, -0.000461, 0.00046, 3e-05, 0.000461, 0.001813, -0.999998, 0.000275, 0.00046, 0.999998, 0.001813, 0.480909, 0.0, 0.0, 0.0, 1.0],
                [1.0, -0.000461, 0.00046, 3e-05, 0.000461, 0.001813, -0.999998, 0.000275, 0.00046, 0.999998, 0.001813, 0.533784, 0.0, 0.0, 0.0, 1.0]
            ]
        },
        {
            "name": "Head",
            "time": [0.0, 0.1667],
            "transform": [
                [1.0, 0.000189, -0.000623, 7e-05, -0.000461, 0.881511, -0.472164, 0.019902, 0.00046, 0.472164, 0.881511, -0.198131, 0.0, 0.0, 0.0, 1.0],
                [0.995211, 0.060766, 0.076568, 7e-05, -0.00028, 0.785068, -0.61941, 0.019902, -0.09775, 0.616422, 0.781325, -0.198131, 0.0, 0.0, 0.0, 1.0]
            ]
        },
        {
            "name": "Stomach",
            "time": [0.0, 0.1667],
            "transform": [
                [1.0, 0.000618, -0.000206, -2.7e-05, -0.000461, 0.8945, 0.447067, 0.017649, 0.00046, -0.447067, 0.8945, 0.010542, 0.0, 0.0, 0.0, 1.0],
                [1.0, 0.000649, -5.9e-05, -2.7e-05, -0.000461, 0.768253, 0.640146, 0.017649, 0.00046, -0.640146, 0.768253, 0.010542, 0.0, 0.0, 0.0, 1.0]
            ]
        },
        {
            "name": "RL4",
            "time": [0.0, 0.1667],
            "transform": [
                [-0.016367, 0.695163, -0.718666, 0.252666, -0.82442, -0.41607, -0.383688, -0.043247, -0.565741, 0.586203, 0.579916, -0.031865, 0.0, 0.0, 0.0, 1.0],
                [-0.150161, 0.618558, -0.771257, 0.252615, -0.810769, -0.523471, -0.261976, -0.042914, -0.565778, 0.585973, 0.580113, -0.031865, 0.0, 0.0, 0.0, 1.0]
            ]
        },
        {
            "name": "RL2",
            "time": [0.0, 0.1667],
            "transform": [
                [-0.525258, 0.831049, -0.182926, 0.252603, -0.527679, -0.486749, -0.696154, -0.040532, -0.667577, -0.269134, 0.694196, -0.1261, 0.0, 0.0, 0.0, 1.0],
                [-0.604153, 0.740919, -0.293323, 0.252967, -0.435334, -0.615189, -0.657288, -0.040216, -0.667446, -0.269409, 0.694215, -0.126099, 0.0, 0.0, 0.0, 1.0]
            ]
        },
        {
            "name": "RL3",
            "time": [0.0, 0.1667],
            "transform": [
                [-0.201805, 0.835689, -0.510782, 0.252626, -0.715651, -0.48186, -0.505624, -0.04023, -0.66867, 0.263504, 0.695303, -0.103931, 0.0, 0.0, 0.0, 1.0],
                [-0.315509, 0.746445, -0.585895, 0.253046, -0.673325, -0.611171, -0.416056, -0.039924, -0.668645, 0.263229, 0.695431, -0.10393, 0.0, 0.0, 0.0, 1.0]
            ]
        },
        {
            "name": "RL1",
            "time": [0.0, 0.1667],
            "transform": [
                [-0.720302, 0.693496, 0.015093, 0.260962, -0.412812, -0.41108, -0.812773, -0.046472, -0.557451, -0.591672, 0.582385, -0.200834, 0.0, 0.0, 0.0, 1.0],
                [-0.777928, 0.617384, -0.116897, 0.260229, -0.290335, -0.51816, -0.804497, -0.047427, -0.557255, -0.591902, 0.58234, -0.200836, 0.0, 0.0, 0.0, 1.0]
            ]
        },
        {
            "name": "LL4",
            "time": [0.0, 0.1667],
            "transform": [
                [-0.016347, -0.696085, -0.717773, -0.254559, -0.806212, -0.415429, 0.421238, -0.043013, -0.591401, 0.585563, -0.554401, -0.032099, 0.0, 0.0, 0.0, 1.0],
                [0.100834, -0.628681, -0.771098, -0.25443, -0.800096, -0.511903, 0.312732, -0.042836, -0.591336, 0.585419, -0.554622, -0.032098, 0.0, 0.0, 0.0, 1.0]
            ]
        },
        {
            "name": "LL2",
            "time": [0.0, 0.1667],
            "transform": [
                [-0.524975, -0.831249, -0.182828, -0.254407, 0.845954, -0.485983, -0.219505, -0.040298, 0.093612, -0.269899, 0.958327, -0.126333, 0.0, 0.0, 0.0, 1.0],
                [-0.642067, -0.751963, -0.14934, -0.254648, 0.760938, -0.601343, -0.24364, -0.040132, 0.093404, -0.270071, 0.958299, -0.126333, 0.0, 0.0, 0.0, 1.0]
            ]
        },
        {
            "name": "LL3",
            "time": [0.0, 0.1667],
            "transform": [
                [-0.20142, -0.836375, -0.50981, -0.254451, -0.176052, -0.481089, 0.858812, -0.039996, -0.963554, 0.262735, -0.050344, -0.104164, 0.0, 0.0, 0.0, 1.0],
                [-0.173519, -0.757887, -0.628887, -0.254741, -0.203432, -0.597218, 0.775852, -0.039838, -0.963591, 0.262561, -0.050549, -0.104164, 0.0, 0.0, 0.0, 1.0]
            ]
        },
        {
            "name": "LL1",
            "time": [0.0, 0.1667],
            "transform": [
                [-0.715017, -0.698813, 0.020272, -0.259277, 0.380815, -0.413635, -0.826974, -0.044241, 0.586286, -0.58358, 0.561875, -0.203563, 0.0, 0.0, 0.0, 1.0],
                [-0.762818, -0.631327, 0.139766, -0.258874, 0.27319, -0.510579, -0.815277, -0.044742, 0.586068, -0.583725, 0.561951, -0.203564, 0.0, 0.0, 0.0, 1.0]
            ]
        }
    ]
}