{
    "animation": [
        {
            "name": "Root",
            "time": [0.0, 0.1667, 0.25, 0.4167, 0.5833, 0.75],
            "transform": [
                [1.0, -0.000461, 0.00046, 3e-05, 0.000461, 0.001813, -0.999998, 0.000275, 0.00046, 0.999998, 0.001813, 0.316618, 0.0, 0.0, 0.0, 1.0],
                [1.0, -0.000461, 0.00046, 9.6e-05, 4.5e-05, -0.656175, -0.754609, 0.898213, 0.00065, 0.754609, -0.656175, 1.678689, 0.0, 0.0, 0.0, 1.0],
                [1.0, -0.000461, 0.00046, 3e-05, -0.000115, -0.820388, -0.571808, 1.182292, 0.000641, 0.571808, -0.820388, 1.896965, 0.0, 0.0, 0.0, 1.0],
                [1.0, -0.000461, 0.00046, -2.8e-05, -0.000218, -0.902785, -0.430091, 1.578156, 0.000613, 0.430091, -0.902785, 1.627633, 0.0, 0.0, 0.0, 1.0],
                [1.0, -0.000461, 0.00046, -4.1e-05, -0.000275, -0.939271, -0.343175, 2.178701, 0.00059, 0.343175, -0.939271, 0.736754, 0.0, 0.0, 0.0, 1.0],
                [1.0, -0.000461, 0.00046, 3e-05, 0.000461, 0.001813, -0.999998, 2.464049, 0.00046, 0.999998, 0.001813, 0.480909, 0.0, 0.0, 0.0, 1.0]
            ]
        },
        {
            "name": "Head",
            "time": [0.0, 0.1667, 0.25, 0.4167, 0.5833, 0.75],
            "transform": [
                [1.0, 0.00046, -0.000461, 7e-05, -0.000461, 0.999998, -0.001814, 0.019902, 0.00046, 0.001815, 0.999998, -0.198131, 0.0, 0.0, 0.0, 1.0],
                [1.0, 0.000644, -9.2e-05, 7e-05, -0.000461, 0.800478, 0.599362, 0.019902, 0.00046, -0.599362, 0.800478, -0.198131, 0.0, 0.0, 0.0, 1.0],
                [1.0, 0.000644, -9.2e-05, 7e-05, -0.000461, 0.800478, 0.599362, 0.019902, 0.00046, -0.599362, 0.800478, -0.198131, 0.0, 0.0, 0.0, 1.0],
                [1.0, 0.000605, 0.000242, 7e-05, -0.000461, 0.395096, 0.91864, 0.019902, 0.00046, -0.91864, 0.395096, -0.198131, 0.0, 0.0, 0.0, 1.0],
                [1.0, 0.000637, 0.000135, 7e-05, -0.000461, 0.54565, 0.838013, 0.019902, 0.00046, -0.838013, 0.54565, -0.198131, 0.0, 0.0, 0.0, 1.0],
                [1.0, 0.00046, -0.000461, 7e-05, -0.000461, 0.999998, -0.001814, 0.019902, 0.00046, 0.001815, 0.999998, -0.198131, 0.0, 0.0, 0.0, 1.0]
            ]
        },
        {
            "name": "Stomach",
            "time": [0.0, 0.1667, 0.4167, 0.75],
            "transform": [
                [1.0, 0.00042, -0.000498, -2.7e-05, -0.000461, 0.996382, -0.084991, 0.017649, 0.00046, 0.084991, 0.996382, 0.010542, 0.0, 0.0, 0.0, 1.0],
                [1.0, 0.000275, -0.00059, -2.7e-05, -0.000461, 0.93918, -0.343424, 0.017649, 0.00046, 0.343424, 0.93918, 0.010542, 0.0, 0.0, 0.0, 1.0],
                [1.0, 0.000225, -0.000611, -2.7e-05, -0.000461, 0.907188, -0.420725, 0.017649, 0.00046, 0.420725, 0.907188, 0.010542, 0.0, 0.0, 0.0, 1.0],
                [1.0, 0.00046, -0.000461, -2.7e-05, -0.000461, 0.999998, -0.001814, 0.017649, 0.00046, 0.001814, 0.999998, 0.010542, 0.0, 0.0, 0.0, 1.0]
            ]
        },
        {
            "name": "RL4",
            "time": [0.0, 0.1667, 0.25, 0.4167, 0.5833, 0.75],
            "transform": [
                [0.185817, 0.775484, -0.603404, 0.252843, -0.803466, -0.233579, -0.547616, -0.043724, -0.56561, 0.586571, 0.579672, -0.031866, 0.0, 0.0, 0.0, 1.0],
                [0.607468, 0.68645, -0.399711, 0.244005, -0.373318, -0.197449, -0.906448, -0.078661, -0.701154, 0.699857, 0.13632, -0.04083, 0.0, 0.0, 0.0, 1.0],
                [0.607468, 0.68645, -0.399711, 0.244005, -0.373318, -0.197449, -0.906448, -0.078661, -0.701154, 0.699857, 0.13632, -0.04083, 0.0, 0.0, 0.0, 1.0],
                [-0.204641, 0.507058, -0.837266, 0.247843, -0.504319, -0.787716, -0.353788, -0.076265, -0.838919, 0.349849, 0.416918, -0.039168, 0.0, 0.0, 0.0, 1.0],
                [0.026765, 0.689098, -0.724173, 0.25073, -0.531844, -0.603578, -0.594, -0.077203, -0.846419, 0.401045, 0.350338, -0.039426, 0.0, 0.0, 0.0, 1.0],
                [-0.016367, 0.695163, -0.718666, 0.252666, -0.82442, -0.41607, -0.383688, -0.043247, -0.565741, 0.586203, 0.579916, -0.031865, 0.0, 0.0, 0.0, 1.0]
            ]
        },
        {
            "name": "RL2",
            "time": [0.0, 0.1667, 0.25, 0.4167, 0.5833, 0.75],
            "transform": [
                [-0.380107, 0.924911, -0.007609, 0.252161, -0.64006, -0.268964, -0.71971, -0.041111, -0.667714, -0.268696, 0.694234, -0.126101, 0.0, 0.0, 0.0, 1.0],
                [0.053275, 0.981754, 0.18254, 0.258548, -0.375364, 0.189082, -0.907386, -0.03615, -0.925346, -0.020178, 0.378588, -0.123709, 0.0, 0.0, 0.0, 1.0],
                [0.053275, 0.981754, 0.18254, 0.258548, -0.375364, 0.189082, -0.907387, -0.03615, -0.925345, -0.020178, 0.378588, -0.123709, 0.0, 0.0, 0.0, 1.0],
                [-0.601757, 0.679496, -0.41973, 0.255375, -0.059468, -0.562191, -0.824867, -0.037898, -0.796462, -0.471409, 0.37871, -0.124951, 0.0, 0.0, 0.0, 1.0],
                [-0.48764, 0.853683, -0.182848, 0.253519, -0.227258, -0.326337, -0.917528, -0.037264, -0.842948, -0.40587, 0.353141, -0.124776, 0.0, 0.0, 0.0, 1.0],
                [-0.525258, 0.831049, -0.182926, 0.252603, -0.527679, -0.486749, -0.696154, -0.040532, -0.667577, -0.269134, 0.694196, -0.1261, 0.0, 0.0, 0.0, 1.0]
            ]
        },
        {
            "name": "RL3",
            "time": [0.0, 0.1667, 0.25, 0.4167, 0.5833, 0.75],
            "transform": [
                [-0.02053, 0.927973, -0.372081, 0.2521, -0.743306, -0.263059, -0.615058, -0.040812, -0.668636, 0.263943, 0.695169, -0.103932, 0.0, 0.0, 0.0, 1.0],
                [0.41651, 0.889976, -0.185639, 0.254538, -0.345276, -0.034042, -0.937883, -0.045452, -0.841014, 0.454734, 0.293109, -0.103987, 0.0, 0.0, 0.0, 1.0],
                [0.41651, 0.889976, -0.185639, 0.254538, -0.345276, -0.034042, -0.937883, -0.045452, -0.841014, 0.454734, 0.293109, -0.103987, 0.0, 0.0, 0.0, 1.0],
                [-0.344396, 0.646671, -0.680594, 0.253874, -0.316538, -0.762477, -0.564298, -0.0461, -0.883852, 0.021092, 0.46729, -0.104407, 0.0, 0.0, 0.0, 1.0],
                [-0.158652, 0.841576, -0.516314, 0.252842, -0.394111, -0.533449, -0.748404, -0.045796, -0.905265, 0.084749, 0.416307, -0.104323, 0.0, 0.0, 0.0, 1.0],
                [-0.201805, 0.835689, -0.510782, 0.252626, -0.715651, -0.48186, -0.505624, -0.04023, -0.66867, 0.263504, 0.695303, -0.10393, 0.0, 0.0, 0.0, 1.0]
            ]
        },
        {
            "name": "RL1",
            "time": [0.0, 0.1667, 0.25, 0.3333, 0.5833, 0.75],
            "transform": [
                [-0.597355, 0.773187, 0.212952, 0.261752, -0.576323, -0.229215, -0.784419, -0.044834, -0.55769, -0.591306, 0.582528, -0.200831, 0.0, 0.0, 0.0, 1.0],
                [-0.325514, 0.146784, 0.934075, 0.261765, -0.369667, 0.889494, -0.268603, -0.010633, -0.87028, -0.43273, -0.235281, -0.194708, 0.0, 0.0, 0.0, 1.0],
                [-0.325514, 0.146784, 0.934075, 0.261765, -0.369667, 0.889494, -0.268603, -0.010633, -0.87028, -0.43273, -0.235281, -0.194708, 0.0, 0.0, 0.0, 1.0],
                [-0.735833, 0.086437, -0.671624, 0.261765, 0.162751, -0.940173, -0.29931, -0.010633, -0.657314, -0.32955, 0.677742, -0.194707, 0.0, 0.0, 0.0, 1.0],
                [-0.480843, 0.25893, -0.837702, 0.261765, 0.428868, -0.763859, -0.482277, -0.010633, -0.764763, -0.591164, 0.25625, -0.194708, 0.0, 0.0, 0.0, 1.0],
                [-0.720302, 0.693496, 0.015093, 0.260962, -0.412812, -0.41108, -0.812773, -0.046472, -0.557451, -0.591672, 0.582385, -0.200834, 0.0, 0.0, 0.0, 1.0]
            ]
        },
        {
            "name": "LL4",
            "time": [0.0, 0.1667, 0.25, 0.4167, 0.5833, 0.75],
            "transform": [
                [-0.227242, -0.780334, -0.582615, -0.254854, -0.773667, -0.218684, 0.594657, -0.043281, -0.59144, 0.585881, -0.554024, -0.032099, 0.0, 0.0, 0.0, 1.0],
                [-0.677225, -0.661508, -0.322138, -0.24504, -0.296178, -0.15569, 0.942358, -0.078599, -0.673531, 0.733599, -0.090487, -0.041333, 0.0, 0.0, 0.0, 1.0],
                [-0.677225, -0.661508, -0.322138, -0.24504, -0.296178, -0.15569, 0.942358, -0.0786, -0.673531, 0.733599, -0.090487, -0.041333, 0.0, 0.0, 0.0, 1.0],
                [0.261121, -0.409567, -0.874111, -0.248589, -0.460369, -0.84875, 0.26016, -0.075087, -0.848455, 0.33448, -0.410179, -0.039101, 0.0, 0.0, 0.0, 1.0],
                [0.123038, -0.545849, -0.828801, -0.250242, -0.497332, -0.756622, 0.424482, -0.076035, -0.858792, 0.359961, -0.364562, -0.039365, 0.0, 0.0, 0.0, 1.0],
                [-0.016347, -0.696085, -0.717773, -0.254559, -0.806212, -0.415429, 0.421238, -0.043013, -0.591401, 0.585563, -0.554401, -0.032098, 0.0, 0.0, 0.0, 1.0]
            ]
        },
        {
            "name": "LL2",
            "time": [0.0, 0.1667, 0.25, 0.4167, 0.5833, 0.75],
            "transform": [
                [-0.284994, -0.929653, -0.233505, -0.254039, 0.953917, -0.251209, -0.164123, -0.040684, 0.093919, -0.269518, 0.958404, -0.126334, 0.0, 0.0, 0.0, 1.0],
                [0.228583, -0.968868, -0.095107, -0.261143, 0.847134, 0.246093, -0.470959, -0.035466, 0.479702, 0.027085, 0.877013, -0.123599, 0.0, 0.0, 0.0, 1.0],
                [0.228583, -0.968868, -0.095107, -0.261143, 0.847134, 0.246093, -0.470959, -0.035466, 0.479702, 0.027085, 0.877014, -0.123599, 0.0, 0.0, 0.0, 1.0],
                [-0.813985, -0.580796, 0.010223, -0.258075, 0.454351, -0.647541, -0.611764, -0.037992, 0.361929, -0.493322, 0.790974, -0.12525, 0.0, 0.0, 0.0, 1.0],
                [-0.69186, -0.719107, -0.064931, -0.257018, 0.599575, -0.522087, -0.606576, -0.037362, 0.402293, -0.458597, 0.79237, -0.125074, 0.0, 0.0, 0.0, 1.0],
                [-0.524975, -0.831249, -0.182828, -0.254407, 0.845954, -0.485983, -0.219505, -0.040298, 0.093612, -0.269899, 0.958327, -0.126333, 0.0, 0.0, 0.0, 1.0]
            ]
        },
        {
            "name": "LL3",
            "time": [0.0, 0.1667, 0.25, 0.4167, 0.5833, 0.75],
            "transform": [
                [-0.240947, -0.933073, -0.267057, -0.253992, -0.116962, -0.245242, 0.962381, -0.040385, -0.963465, 0.263118, -0.050044, -0.104164, 0.0, 0.0, 0.0, 1.0],
                [-0.446925, -0.866984, 0.220446, -0.256716, 0.412598, 0.018874, 0.910718, -0.04495, -0.793739, 0.497978, 0.349281, -0.104054, 0.0, 0.0, 0.0, 1.0],
                [-0.446925, -0.866984, 0.220446, -0.256716, 0.412598, 0.018874, 0.910718, -0.044951, -0.793739, 0.497978, 0.349281, -0.104053, 0.0, 0.0, 0.0, 1.0],
                [-0.198066, -0.539325, -0.818473, -0.256235, 0.125905, -0.842097, 0.524424, -0.045938, -0.972069, 0.000821, 0.234695, -0.104633, 0.0, 0.0, 0.0, 1.0],
                [-0.221592, -0.689441, -0.689615, -0.25564, 0.166499, -0.723561, 0.669878, -0.04562, -0.96082, 0.03362, 0.275127, -0.104545, 0.0, 0.0, 0.0, 1.0],
                [-0.20142, -0.836375, -0.50981, -0.254451, -0.176052, -0.481089, 0.858812, -0.039996, -0.963554, 0.262735, -0.050344, -0.104164, 0.0, 0.0, 0.0, 1.0]
            ]
        },
        {
            "name": "LL1",
            "time": [0.0, 0.1667, 0.25, 0.3333, 0.5833, 0.75],
            "transform": [
                [-0.590021, -0.783033, -0.196812, -0.259807, 0.554714, -0.216023, -0.803509, -0.043199, 0.586658, -0.583261, 0.561818, -0.203562, 0.0, 0.0, 0.0, 1.0],
                [-0.869134, -0.156546, -0.469147, -0.259794, 0.140775, 0.83104, -0.538103, -0.008116, 0.474118, -0.533728, -0.700248, -0.196671, 0.0, 0.0, 0.0, 1.0],
                [-0.869134, -0.156546, -0.469147, -0.259794, 0.140775, 0.83104, -0.538103, -0.008116, 0.474118, -0.533728, -0.700248, -0.196671, 0.0, 0.0, 0.0, 1.0],
                [-0.675542, -0.084636, 0.732448, -0.259794, -0.18544, -0.941956, -0.279878, -0.008116, 0.713621, -0.324894, 0.620636, -0.19667, 0.0, 0.0, 0.0, 1.0],
                [-0.884899, -0.186443, 0.426841, -0.259794, -0.17245, -0.720134, -0.672063, -0.008116, 0.432684, -0.668316, 0.605093, -0.196671, 0.0, 0.0, 0.0, 1.0],
                [-0.715017, -0.698813, 0.020272, -0.259277, 0.380815, -0.413635, -0.826974, -0.044241, 0.586286, -0.58358, 0.561875, -0.203563, 0.0, 0.0, 0.0, 1.0]
            ]
        }
    ]
}