{
    "animation": [
        {
            "name": "Root",
            "time": [0.0, 0.1667, 0.2333, 0.35, 0.5833, 1.25, 1.3333, 1.6, 1.75, 1.8333, 2.0, 2.3333],
            "transform": [
                [1.0, -0.000461, 0.00046, 3e-05, -0.000451, -0.999757, -0.022041, -0.270163, 0.00047, 0.022041, -0.999757, 0.838834, 0.0, 0.0, 0.0, 1.0],
                [1.0, -0.000461, 0.00046, 3e-05, -0.000609, -0.410683, 0.911778, -1.056124, -0.000231, -0.911778, -0.410684, 0.365567, 0.0, 0.0, 0.0, 1.0],
                [1.0, -0.000461, 0.00046, 3e-05, -0.000462, -0.004548, 0.99999, -1.140636, -0.000459, -0.99999, -0.004549, 0.179641, 0.0, 0.0, 0.0, 1.0],
                [1.0, -0.000461, 0.00046, 3e-05, -0.000337, 0.237416, 0.971408, -1.140636, -0.000557, -0.971408, 0.237416, 0.369792, 0.0, 0.0, 0.0, 1.0],
                [1.0, -0.000461, 0.00046, 3e-05, -0.000454, 0.011945, 0.999928, -1.140636, -0.000466, -0.999928, 0.011944, 0.179641, 0.0, 0.0, 0.0, 1.0],
                [1.0, -0.000461, 0.00046, 3e-05, -0.000454, 0.011945, 0.999928, -1.140636, -0.000466, -0.999928, 0.011944, 0.179641, 0.0, 0.0, 0.0, 1.0],
                [1.0, -0.000461, 0.00046, 3e-05, -0.000562, -0.254093, 0.96718, -1.140636, -0.000329, -0.96718, -0.254093, 0.179641, 0.0, 0.0, 0.0, 1.0],
                [1.0, -0.000461, 0.00046, 0.000333, -0.000423, -0.996811, -0.079791, -1.207751, 0.000495, 0.079791, -0.996811, 1.636684, 0.0, 0.0, 0.0, 1.0],
                [1.0, -0.000461, 0.00046, 0.000614, 0.000461, 0.001813, -0.999998, -1.270147, 0.00046, 0.999998, 0.001813, 0.483213, 0.0, 0.0, 0.0, 1.0],
                [1.0, -0.000461, 0.00046, 0.000675, 0.000461, 0.001813, -0.999998, -1.270386, 0.00046, 0.999998, 0.001813, 0.351185, 0.0, 0.0, 0.0, 1.0],
                [1.0, -0.000461, 0.00046, 0.000614, 0.000461, 0.001813, -0.999998, -1.270147, 0.00046, 0.999998, 0.001813, 0.483213, 0.0, 0.0, 0.0, 1.0],
                [1.0, -0.000461, 0.00046, 0.000614, 0.000461, 0.001813, -0.999998, -1.270147, 0.00046, 0.999998, 0.001813, 0.483213, 0.0, 0.0, 0.0, 1.0]
            ]
        },
        {
            "name": "Head",
            "time": [0.0, 0.2333, 0.4167, 0.5833, 1.25, 1.3333, 1.6, 1.6667, 1.8333, 2.0, 2.3333],
            "transform": [
                [1.0, 0.000651, 1.7e-05, 7e-05, -0.000461, 0.689165, 0.724604, 0.019902, 0.00046, -0.724604, 0.689165, -0.198131, 0.0, 0.0, 0.0, 1.0],
                [1.0, 0.000552, -0.000345, 7e-05, -0.000461, 0.974664, 0.223676, 0.019902, 0.00046, -0.223675, 0.974664, -0.198131, 0.0, 0.0, 0.0, 1.0],
                [1.0, 0.000639, -0.000125, 7e-05, -0.000461, 0.829932, 0.557865, 0.019902, 0.00046, -0.557865, 0.829932, -0.198131, 0.0, 0.0, 0.0, 1.0],
                [1.0, 0.000467, -0.000454, 7e-05, -0.000461, 0.99991, 0.013434, 0.019902, 0.00046, -0.013433, 0.99991, -0.198131, 0.0, 0.0, 0.0, 1.0],
                [1.0, 0.000467, -0.000454, 7e-05, -0.000461, 0.99991, 0.013434, 0.019902, 0.00046, -0.013433, 0.99991, -0.198131, 0.0, 0.0, 0.0, 1.0],
                [1.0, 0.000228, -0.00061, 7e-05, -0.000461, 0.909823, -0.414997, 0.019902, 0.00046, 0.414997, 0.909823, -0.198131, 0.0, 0.0, 0.0, 1.0],
                [1.0, 0.000647, -7.2e-05, 7e-05, -0.000461, 0.781065, 0.62445, 0.019902, 0.00046, -0.62445, 0.781065, -0.198131, 0.0, 0.0, 0.0, 1.0],
                [1.0, 0.000382, -0.000527, 7e-05, -0.000461, 0.987483, -0.157728, 0.019902, 0.00046, 0.157728, 0.987483, -0.198131, 0.0, 0.0, 0.0, 1.0],
                [1.0, 0.000431, -0.000488, 7e-05, -0.000461, 0.998057, -0.062311, 0.019902, 0.00046, 0.062311, 0.998057, -0.198131, 0.0, 0.0, 0.0, 1.0],
                [1.0, 0.00046, -0.000461, 7e-05, -0.000461, 0.999998, -0.001814, 0.019902, 0.00046, 0.001815, 0.999998, -0.198131, 0.0, 0.0, 0.0, 1.0],
                [1.0, 0.00046, -0.000461, 7e-05, -0.000461, 0.999998, -0.001814, 0.019902, 0.00046, 0.001815, 0.999998, -0.198131, 0.0, 0.0, 0.0, 1.0]
            ]
        },
        {
            "name": "Stomach",
            "time": [0.0, 0.1667, 0.2333, 0.35, 0.4667, 0.5833, 1.25, 1.3333, 1.4667, 1.75, 1.8333, 2.0, 2.3333],
            "transform": [
                [1.0, -2e-06, -0.000651, -2.7e-05, -0.000461, 0.704495, -0.709709, 0.017649, 0.00046, 0.709709, 0.704495, 0.010542, 0.0, 0.0, 0.0, 1.0],
                [1.0, 0.000292, -0.000582, -2.7e-05, -0.000461, 0.948849, -0.315731, 0.017649, 0.00046, 0.315731, 0.948849, 0.010542, 0.0, 0.0, 0.0, 1.0],
                [1.0, 7.5e-05, -0.000647, -2.7e-05, -0.000461, 0.782663, -0.622445, 0.017649, 0.00046, 0.622446, 0.782663, 0.010542, 0.0, 0.0, 0.0, 1.0],
                [1.0, 0.000372, -0.000534, -2.7e-05, -0.000461, 0.984251, -0.176775, 0.017649, 0.00046, 0.176776, 0.984251, 0.010542, 0.0, 0.0, 0.0, 1.0],
                [1.0, 0.000536, -0.00037, -2.7e-05, -0.000461, 0.983749, 0.17955, 0.017649, 0.00046, -0.17955, 0.983749, 0.010542, 0.0, 0.0, 0.0, 1.0],
                [1.0, 0.000437, -0.000483, -2.7e-05, -0.000461, 0.99869, -0.051168, 0.017649, 0.00046, 0.051169, 0.99869, 0.010542, 0.0, 0.0, 0.0, 1.0],
                [1.0, 0.000437, -0.000483, -2.7e-05, -0.000461, 0.99869, -0.051168, 0.017649, 0.00046, 0.051169, 0.99869, 0.010542, 0.0, 0.0, 0.0, 1.0],
                [1.0, 0.000281, -0.000588, -2.7e-05, -0.000461, 0.942527, -0.33413, 0.017649, 0.00046, 0.33413, 0.942527, 0.010542, 0.0, 0.0, 0.0, 1.0],
                [1.0, 0.000579, -0.000298, -2.7e-05, -0.000461, 0.952419, 0.30479, 0.017649, 0.00046, -0.30479, 0.952419, 0.010542, 0.0, 0.0, 0.0, 1.0],
                [1.0, 0.00046, -0.000461, -2.7e-05, -0.000461, 0.999998, -0.001814, 0.017649, 0.00046, 0.001814, 0.999998, 0.010542, 0.0, 0.0, 0.0, 1.0],
                [1.0, 0.000485, -0.000435, -2.7e-05, -0.000461, 0.998598, 0.052924, 0.017649, 0.00046, -0.052924, 0.998598, 0.010542, 0.0, 0.0, 0.0, 1.0],
                [1.0, 0.00046, -0.000461, -2.7e-05, -0.000461, 0.999998, -0.001814, 0.017649, 0.00046, 0.001814, 0.999998, 0.010542, 0.0, 0.0, 0.0, 1.0],
                [1.0, 0.00046, -0.000461, -2.7e-05, -0.000461, 0.999998, -0.001814, 0.017649, 0.00046, 0.001814, 0.999998, 0.010542, 0.0, 0.0, 0.0, 1.0]
            ]
        },
        {
            "name": "RL4",
            "time": [0.0, 0.1667, 0.2333, 0.35, 0.5833, 1.25, 1.3333, 1.4667, 1.6667, 1.75, 1.8333, 2.0, 2.3333],
            "transform": [
                [-0.487007, 0.329863, -0.808712, 0.229608, -0.540955, -0.840875, -0.017218, -0.070081, -0.685705, 0.429091, 0.587953, -0.040648, 0.0, 0.0, 0.0, 1.0],
                [-0.486832, 0.329953, -0.80878, 0.229603, -0.296757, -0.933316, -0.202131, -0.092463, -0.821541, 0.141607, 0.552284, -0.05326, 0.0, 0.0, 0.0, 1.0],
                [-0.169914, 0.563031, -0.80878, 0.229603, -0.818723, -0.537434, -0.202131, -0.092463, -0.548472, 0.627823, 0.552284, -0.05326, 0.0, 0.0, 0.0, 1.0],
                [0.648675, 0.715952, 0.258135, 0.229603, -0.391625, 0.604831, -0.693405, -0.092463, -0.652572, 0.348702, 0.672723, -0.05326, 0.0, 0.0, 0.0, 1.0],
                [0.447024, 0.886566, -0.119036, 0.229603, -0.710059, 0.270751, -0.650008, -0.092463, -0.544046, 0.375092, 0.750546, -0.05326, 0.0, 0.0, 0.0, 1.0],
                [0.447024, 0.886566, -0.119036, 0.229603, -0.710059, 0.270751, -0.650008, -0.092463, -0.544046, 0.375092, 0.750546, -0.05326, 0.0, 0.0, 0.0, 1.0],
                [0.689505, 0.608188, -0.393307, 0.264337, -0.545689, 0.079156, -0.834241, -0.099681, -0.476243, 0.789836, 0.38646, -0.055137, 0.0, 0.0, 0.0, 1.0],
                [0.98139, 0.139983, 0.131452, 0.286564, -0.029877, 0.787518, -0.615568, -0.07302, -0.18969, 0.600184, 0.777044, -0.051476, 0.0, 0.0, 0.0, 1.0],
                [0.86677, 0.43368, 0.246234, 0.259054, -0.080204, 0.608538, -0.789461, -0.043074, -0.492216, 0.664533, 0.562245, -0.033878, 0.0, 0.0, 0.0, 1.0],
                [-0.016367, 0.695163, -0.718666, 0.252666, -0.82442, -0.41607, -0.383688, -0.043247, -0.565741, 0.586203, 0.579916, -0.031865, 0.0, 0.0, 0.0, 1.0],
                [0.114363, 0.752036, -0.649125, 0.252766, -0.816665, -0.300886, -0.492469, -0.043559, -0.565667, 0.586438, 0.579751, -0.031866, 0.0, 0.0, 0.0, 1.0],
                [-0.016367, 0.695163, -0.718666, 0.252666, -0.82442, -0.41607, -0.383688, -0.043247, -0.565741, 0.586203, 0.579916, -0.031865, 0.0, 0.0, 0.0, 1.0],
                [-0.016367, 0.695163, -0.718666, 0.252666, -0.82442, -0.41607, -0.383688, -0.043247, -0.565741, 0.586203, 0.579916, -0.031865, 0.0, 0.0, 0.0, 1.0]
            ]
        },
        {
            "name": "RL2",
            "time": [0.0, 0.1667, 0.2333, 0.35, 0.5833, 1.25, 1.3333, 1.4667, 1.6667, 1.75, 1.8333, 2.0, 2.3333],
            "transform": [
                [-0.714157, 0.296964, -0.63387, 0.261035, -0.230044, -0.95482, -0.188145, -0.038586, -0.661105, 0.011453, 0.750207, -0.123761, 0.0, 0.0, 0.0, 1.0],
                [-0.714038, 0.297124, -0.63393, 0.261036, -0.009557, -0.909528, -0.415532, -0.036325, -0.700042, -0.290647, 0.652277, -0.122167, 0.0, 0.0, 0.0, 1.0],
                [-0.714038, 0.677097, -0.178016, 0.261036, -0.009557, -0.263673, -0.964565, -0.036325, -0.700042, -0.687035, 0.194743, -0.122167, 0.0, 0.0, 0.0, 1.0],
                [-0.617148, 0.54605, 0.56653, 0.261036, -0.542749, 0.225875, -0.808952, -0.036325, -0.569694, -0.806727, 0.15697, -0.122167, 0.0, 0.0, 0.0, 1.0],
                [-0.347713, 0.68508, 0.640126, 0.261036, -0.7644, 0.188221, -0.616657, -0.036325, -0.542945, -0.703732, 0.458228, -0.122167, 0.0, 0.0, 0.0, 1.0],
                [-0.347713, 0.68508, 0.640126, 0.261036, -0.7644, 0.188221, -0.616657, -0.036325, -0.542945, -0.703732, 0.458228, -0.122167, 0.0, 0.0, 0.0, 1.0],
                [-0.122813, 0.902759, 0.412243, 0.254995, -0.454956, 0.317954, -0.831817, -0.033237, -0.882004, -0.28971, 0.371667, -0.121359, 0.0, 0.0, 0.0, 1.0],
                [0.489559, 0.374244, 0.787575, 0.247823, -0.338793, 0.913888, -0.223671, -0.036641, -0.803462, -0.157325, 0.574193, -0.12289, 0.0, 0.0, 0.0, 1.0],
                [0.455205, 0.559437, 0.692689, 0.251048, -0.53484, 0.793774, -0.289603, -0.04408, -0.711853, -0.238649, 0.660539, -0.125781, 0.0, 0.0, 0.0, 1.0],
                [-0.525258, 0.831049, -0.182926, 0.252603, -0.527679, -0.486749, -0.696154, -0.040532, -0.667577, -0.269134, 0.694196, -0.1261, 0.0, 0.0, 0.0, 1.0],
                [-0.435017, 0.897638, -0.070751, 0.252302, -0.604128, -0.349232, -0.716286, -0.040892, -0.667675, -0.268854, 0.694211, -0.126101, 0.0, 0.0, 0.0, 1.0],
                [-0.525258, 0.831049, -0.182926, 0.252603, -0.527679, -0.486749, -0.696154, -0.040532, -0.667577, -0.269134, 0.694196, -0.1261, 0.0, 0.0, 0.0, 1.0],
                [-0.525258, 0.831049, -0.182926, 0.252603, -0.527679, -0.486749, -0.696154, -0.040532, -0.667577, -0.269134, 0.694196, -0.1261, 0.0, 0.0, 0.0, 1.0]
            ]
        },
        {
            "name": "RL3",
            "time": [0.0, 0.1667, 0.2333, 0.35, 0.5833, 1.25, 1.3333, 1.4667, 1.6667, 1.75, 1.8333, 2.0, 2.3333],
            "transform": [
                [-0.511286, 0.528521, -0.677681, 0.253437, -0.544344, -0.809357, -0.220526, -0.045106, -0.665038, 0.25614, 0.70151, -0.10398, 0.0, 0.0, 0.0, 1.0],
                [-0.511113, 0.528626, -0.67773, 0.253435, -0.306502, -0.848763, -0.430881, -0.048761, -0.803006, -0.012503, 0.595839, -0.105458, 0.0, 0.0, 0.0, 1.0],
                [-0.219017, 0.94686, -0.23556, 0.253435, -0.550899, -0.31926, -0.771092, -0.048761, -0.805321, -0.039113, 0.591548, -0.105459, 0.0, 0.0, 0.0, 1.0],
                [0.076642, 0.895366, 0.438685, 0.253435, -0.606024, 0.391212, -0.692595, -0.048761, -0.791745, -0.212773, 0.572597, -0.105459, 0.0, 0.0, 0.0, 1.0],
                [0.015932, 0.949299, 0.313969, 0.253435, -0.751798, 0.218395, -0.622177, -0.048761, -0.659201, -0.226129, 0.71716, -0.105459, 0.0, 0.0, 0.0, 1.0],
                [0.015932, 0.949299, 0.313969, 0.253435, -0.751798, 0.218395, -0.622177, -0.048761, -0.659201, -0.226129, 0.71716, -0.105459, 0.0, 0.0, 0.0, 1.0],
                [0.352823, 0.934617, -0.044789, 0.256381, -0.567588, 0.175722, -0.804341, -0.048573, -0.743881, 0.309212, 0.592477, -0.105408, 0.0, 0.0, 0.0, 1.0],
                [0.78819, 0.368571, 0.49286, 0.255652, -0.001677, 0.802119, -0.597161, -0.04433, -0.615429, 0.46985, 0.632841, -0.104543, 0.0, 0.0, 0.0, 1.0],
                [0.696973, 0.560314, 0.447523, 0.251991, -0.216391, 0.759319, -0.613686, -0.043806, -0.68367, 0.330882, 0.650471, -0.103983, 0.0, 0.0, 0.0, 1.0],
                [-0.201805, 0.835689, -0.510782, 0.252626, -0.715651, -0.48186, -0.505624, -0.04023, -0.66867, 0.263504, 0.695303, -0.103931, 0.0, 0.0, 0.0, 1.0],
                [-0.08591, 0.901291, -0.424609, 0.252271, -0.738591, -0.343644, -0.579994, -0.040589, -0.668658, 0.263785, 0.695208, -0.103931, 0.0, 0.0, 0.0, 1.0],
                [-0.201805, 0.835689, -0.510782, 0.252626, -0.715651, -0.48186, -0.505624, -0.04023, -0.66867, 0.263504, 0.695303, -0.103931, 0.0, 0.0, 0.0, 1.0],
                [-0.201805, 0.835689, -0.510782, 0.252626, -0.715651, -0.48186, -0.505624, -0.04023, -0.66867, 0.263504, 0.695303, -0.103931, 0.0, 0.0, 0.0, 1.0]
            ]
        },
        {
            "name": "RL1",
            "time": [0.0, 0.1667, 0.2333, 0.35, 0.5833, 1.25, 1.3333, 1.4667, 1.6667, 1.75, 1.8333, 2.0, 2.3333],
            "transform": [
                [-0.834711, 0.133645, -0.534225, 0.274777, -0.039452, -0.982125, -0.184051, -0.017123, -0.549273, -0.132553, 0.825063, -0.194845, 0.0, 0.0, 0.0, 1.0],
                [-0.834637, 0.133827, -0.534295, 0.274782, 0.135944, -0.889973, -0.435278, 0.006491, -0.53376, -0.435934, 0.724612, -0.182831, 0.0, 0.0, 0.0, 1.0],
                [-0.834637, 0.492581, -0.246465, 0.274782, 0.135944, -0.249399, -0.958811, 0.006491, -0.53376, -0.833765, 0.141195, -0.182831, 0.0, 0.0, 0.0, 1.0],
                [-0.700602, 0.326023, 0.634717, 0.274782, -0.622784, 0.154778, -0.766932, 0.006491, -0.348277, -0.932605, 0.094605, -0.182831, 0.0, 0.0, 0.0, 1.0],
                [-0.667646, 0.359324, 0.652024, 0.274782, -0.653206, 0.137445, -0.744601, 0.006491, -0.357171, -0.923036, 0.142948, -0.182831, 0.0, 0.0, 0.0, 1.0],
                [-0.667646, 0.359324, 0.652024, 0.274782, -0.653206, 0.137445, -0.744601, 0.006491, -0.357171, -0.923036, 0.142948, -0.182831, 0.0, 0.0, 0.0, 1.0],
                [-0.419937, 0.640598, 0.642874, 0.243144, -0.557919, 0.376479, -0.739588, 0.010434, -0.715807, -0.669252, 0.199305, -0.181814, 0.0, 0.0, 0.0, 1.0],
                [0.395728, 0.195215, 0.89738, 0.222472, -0.576844, 0.813171, 0.077482, -0.019691, -0.714598, -0.54831, 0.434403, -0.192709, 0.0, 0.0, 0.0, 1.0],
                [0.326768, 0.453144, 0.829387, 0.256413, -0.730753, 0.677659, -0.082338, -0.039669, -0.599353, -0.579172, 0.552573, -0.199112, 0.0, 0.0, 0.0, 1.0],
                [-0.720302, 0.693496, 0.015093, 0.260962, -0.412812, -0.41108, -0.812773, -0.046472, -0.557451, -0.591672, 0.582385, -0.200834, 0.0, 0.0, 0.0, 1.0],
                [-0.645803, 0.749946, 0.14325, 0.261517, -0.521542, -0.296281, -0.800132, -0.04544, -0.557613, -0.591438, 0.582467, -0.200832, 0.0, 0.0, 0.0, 1.0],
                [-0.720302, 0.693496, 0.015093, 0.260962, -0.412812, -0.41108, -0.812773, -0.046472, -0.557451, -0.591672, 0.582385, -0.200834, 0.0, 0.0, 0.0, 1.0],
                [-0.720302, 0.693496, 0.015093, 0.260962, -0.412812, -0.41108, -0.812773, -0.046472, -0.557451, -0.591672, 0.582385, -0.200834, 0.0, 0.0, 0.0, 1.0]
            ]
        },
        {
            "name": "LL4",
            "time": [0.0, 0.1667, 0.2333, 0.35, 0.5833, 1.25, 1.3333, 1.4667, 1.6667, 1.75, 1.8333, 2.0, 2.3333],
            "transform": [
                [0.446526, -0.346024, -0.825156, -0.230244, -0.551427, -0.832676, 0.050777, -0.069927, -0.704658, 0.43234, -0.562619, -0.041134, 0.0, 0.0, 0.0, 1.0],
                [0.446705, -0.345936, -0.825096, -0.230249, -0.300593, -0.926645, 0.225771, -0.092219, -0.842673, 0.147165, -0.517923, -0.053751, 0.0, 0.0, 0.0, 1.0],
                [0.038466, -0.563682, -0.825096, -0.230249, -0.892116, -0.391353, 0.225772, -0.092219, -0.450167, 0.727396, -0.517923, -0.053751, 0.0, 0.0, 0.0, 1.0],
                [-0.739031, -0.648503, 0.182422, -0.230249, -0.328386, 0.583224, 0.742975, -0.092219, -0.588215, 0.489176, -0.64398, -0.053751, 0.0, 0.0, 0.0, 1.0],
                [-0.518585, -0.818974, -0.245664, -0.230249, -0.728545, 0.272852, 0.628311, -0.092219, -0.44754, 0.504809, -0.738157, -0.053751, 0.0, 0.0, 0.0, 1.0],
                [-0.518585, -0.818974, -0.245664, -0.230249, -0.728545, 0.272852, 0.628311, -0.092219, -0.44754, 0.504809, -0.738157, -0.053751, 0.0, 0.0, 0.0, 1.0],
                [-0.694741, -0.523645, -0.493082, -0.260401, -0.612464, 0.071249, 0.787281, -0.100371, -0.377124, 0.848952, -0.370213, -0.05591, 0.0, 0.0, 0.0, 1.0],
                [-0.973033, -0.205526, -0.104719, -0.281236, -0.220454, 0.695003, 0.684376, -0.085879, -0.067877, 0.689006, -0.72157, -0.052057, 0.0, 0.0, 0.0, 1.0],
                [-0.887841, -0.371042, 0.272152, -0.259095, -0.031343, 0.638832, 0.768708, -0.039362, -0.459083, 0.67396, -0.57881, -0.034098, 0.0, 0.0, 0.0, 1.0],
                [-0.016347, -0.696085, -0.717773, -0.254559, -0.806212, -0.415429, 0.421238, -0.043013, -0.591401, 0.585563, -0.554401, -0.032098, 0.0, 0.0, 0.0, 1.0],
                [-0.13997, -0.751407, -0.644823, -0.254722, -0.79411, -0.303803, 0.526395, -0.043179, -0.591436, 0.58574, -0.554177, -0.032099, 0.0, 0.0, 0.0, 1.0],
                [-0.016347, -0.696085, -0.717773, -0.254559, -0.806212, -0.415429, 0.421238, -0.043013, -0.591401, 0.585563, -0.554401, -0.032098, 0.0, 0.0, 0.0, 1.0],
                [-0.016347, -0.696085, -0.717773, -0.254559, -0.806212, -0.415429, 0.421238, -0.043013, -0.591401, 0.585563, -0.554401, -0.032098, 0.0, 0.0, 0.0, 1.0]
            ]
        },
        {
            "name": "LL2",
            "time": [0.0, 0.1667, 0.2333, 0.35, 0.5833, 1.25, 1.3333, 1.4667, 1.6667, 1.75, 1.8333, 2.0, 2.3333],
            "transform": [
                [-0.977403, -0.198412, -0.07291, -0.263341, 0.21101, -0.936322, -0.280671, -0.038621, -0.012579, -0.289714, 0.957031, -0.12367, 0.0, 0.0, 0.0, 1.0],
                [-0.977437, -0.198219, -0.07298, -0.263341, 0.204063, -0.796919, -0.568576, -0.036452, 0.054544, -0.57064, 0.819387, -0.12218, 0.0, 0.0, 0.0, 1.0],
                [-0.147765, -0.986327, -0.07298, -0.263341, 0.818675, -0.080579, -0.568576, -0.036452, 0.554921, -0.143762, 0.819387, -0.12218, 0.0, 0.0, 0.0, 1.0],
                [0.152122, -0.909322, -0.387289, -0.263341, 0.817633, 0.335929, -0.467577, -0.036452, 0.55528, -0.245531, 0.794593, -0.12218, 0.0, 0.0, 0.0, 1.0],
                [0.172812, -0.939201, -0.296713, -0.263341, 0.980017, 0.194085, -0.043566, -0.036452, 0.098504, -0.283255, 0.953973, -0.12218, 0.0, 0.0, 0.0, 1.0],
                [0.172812, -0.939201, -0.296713, -0.263341, 0.980017, 0.194085, -0.043566, -0.036452, 0.098504, -0.283255, 0.953973, -0.12218, 0.0, 0.0, 0.0, 1.0],
                [0.182522, -0.896885, -0.402843, -0.260485, 0.783212, 0.380317, -0.491871, -0.03264, 0.59436, -0.225734, 0.771868, -0.121177, 0.0, 0.0, 0.0, 1.0],
                [0.833144, -0.33828, -0.437536, -0.254905, 0.359731, 0.932366, -0.035866, -0.031967, 0.420076, -0.127514, 0.898485, -0.121726, 0.0, 0.0, 0.0, 1.0],
                [0.830334, -0.504371, -0.236972, -0.252971, 0.546559, 0.820037, 0.169741, -0.042096, 0.108714, -0.270461, 0.956573, -0.125845, 0.0, 0.0, 0.0, 1.0],
                [-0.524975, -0.831249, -0.182828, -0.254407, 0.845954, -0.485983, -0.219505, -0.040298, 0.093612, -0.269899, 0.958327, -0.126333, 0.0, 0.0, 0.0, 1.0],
                [-0.388987, -0.896027, -0.214071, -0.254181, 0.916455, -0.352712, -0.188954, -0.04051, 0.093803, -0.269687, 0.958368, -0.126333, 0.0, 0.0, 0.0, 1.0],
                [-0.524975, -0.831249, -0.182828, -0.254407, 0.845954, -0.485983, -0.219505, -0.040298, 0.093612, -0.269899, 0.958327, -0.126333, 0.0, 0.0, 0.0, 1.0],
                [-0.524975, -0.831249, -0.182828, -0.254407, 0.845954, -0.485983, -0.219505, -0.040298, 0.093612, -0.269899, 0.958327, -0.126333, 0.0, 0.0, 0.0, 1.0]
            ]
        },
        {
            "name": "LL3",
            "time": [0.0, 0.1667, 0.2333, 0.35, 0.5833, 1.25, 1.3333, 1.4667, 1.6667, 1.75, 1.8333, 2.0, 2.3333],
            "transform": [
                [-0.08987, -0.529502, -0.843535, -0.255289, -0.246185, -0.808869, 0.53397, -0.045106, -0.965047, 0.255653, -0.057662, -0.104056, 0.0, 0.0, 0.0, 1.0],
                [-0.08971, -0.529396, -0.843618, -0.25529, 0.0712, -0.848275, 0.524747, -0.048798, -0.99342, -0.01299, 0.113792, -0.105617, 0.0, 0.0, 0.0, 1.0],
                [-0.08971, -0.963383, -0.252676, -0.25529, 0.0712, -0.259253, 0.963181, -0.048798, -0.99342, 0.068417, 0.09185, -0.105617, 0.0, 0.0, 0.0, 1.0],
                [0.129223, -0.907727, 0.399166, -0.25529, 0.05734, 0.408707, 0.910862, -0.048798, -0.989956, -0.094816, 0.104863, -0.105617, 0.0, 0.0, 0.0, 1.0],
                [0.107177, -0.969807, 0.219061, -0.25529, -0.092761, 0.209615, 0.973374, -0.048798, -0.989903, -0.124643, -0.067495, -0.105617, 0.0, 0.0, 0.0, 1.0],
                [0.107177, -0.969807, 0.219061, -0.25529, -0.092761, 0.209615, 0.973374, -0.048798, -0.989903, -0.124643, -0.067495, -0.105617, 0.0, 0.0, 0.0, 1.0],
                [-0.342143, -0.899538, 0.271605, -0.256428, 0.135065, 0.238968, 0.961588, -0.047569, -0.92989, 0.365685, 0.039735, -0.105295, 0.0, 0.0, 0.0, 1.0],
                [-0.244027, -0.324162, 0.913986, -0.257206, 0.443756, 0.800692, 0.402459, -0.044935, -0.862283, 0.503797, -0.051542, -0.104807, 0.0, 0.0, 0.0, 1.0],
                [-0.226745, -0.481985, 0.846332, -0.253464, 0.2388, 0.814928, 0.528079, -0.041723, -0.944225, 0.321843, -0.069683, -0.104319, 0.0, 0.0, 0.0, 1.0],
                [-0.20142, -0.836375, -0.50981, -0.254451, -0.176052, -0.481089, 0.858812, -0.039996, -0.963554, 0.262735, -0.050344, -0.104164, 0.0, 0.0, 0.0, 1.0],
                [-0.226302, -0.900196, -0.372068, -0.254172, -0.142986, -0.347139, 0.926849, -0.040207, -0.963505, 0.262949, -0.050157, -0.104164, 0.0, 0.0, 0.0, 1.0],
                [-0.20142, -0.836375, -0.50981, -0.254451, -0.176052, -0.481089, 0.858812, -0.039996, -0.963554, 0.262735, -0.050344, -0.104164, 0.0, 0.0, 0.0, 1.0],
                [-0.20142, -0.836375, -0.50981, -0.254451, -0.176052, -0.481089, 0.858812, -0.039996, -0.963554, 0.262735, -0.050344, -0.104164, 0.0, 0.0, 0.0, 1.0]
            ]
        },
        {
            "name": "LL1",
            "time": [0.0, 0.1667, 0.2333, 0.35, 0.5833, 1.25, 1.3333, 1.4667, 1.6667, 1.75, 1.8333, 2.0, 2.3333],
            "transform": [
                [-0.815825, -0.146698, 0.559382, -0.273819, 0.013513, -0.971862, -0.235163, -0.013479, 0.578141, -0.184293, 0.794852, -0.196796, 0.0, 0.0, 0.0, 1.0],
                [-0.815898, -0.146512, 0.559325, -0.273814, -0.169874, -0.863929, -0.474099, 0.010498, 0.552678, -0.481831, 0.67999, -0.183624, 0.0, 0.0, 0.0, 1.0],
                [-0.815898, -0.48001, 0.322336, -0.273814, -0.169874, -0.333877, -0.927183, 0.010498, 0.552678, -0.811244, 0.190869, -0.183624, 0.0, 0.0, 0.0, 1.0],
                [-0.720856, -0.389591, -0.573224, -0.273814, 0.587577, 0.095126, -0.803557, 0.010498, 0.367587, -0.916062, 0.160343, -0.183624, 0.0, 0.0, 0.0, 1.0],
                [-0.654873, -0.416663, -0.630502, -0.273814, 0.642086, 0.13325, -0.754963, 0.010498, 0.39858, -0.899242, 0.180272, -0.183624, 0.0, 0.0, 0.0, 1.0],
                [-0.654873, -0.416663, -0.630502, -0.273814, 0.642086, 0.13325, -0.754963, 0.010498, 0.39858, -0.899242, 0.180272, -0.183624, 0.0, 0.0, 0.0, 1.0],
                [-0.374747, -0.684439, -0.625387, -0.24538, 0.554294, 0.375313, -0.742899, 0.013609, 0.743184, -0.625047, 0.238733, -0.182791, 0.0, 0.0, 0.0, 1.0],
                [0.419461, -0.167193, -0.892244, -0.225412, 0.519881, 0.849986, 0.085131, -0.005998, 0.744161, -0.49957, 0.443457, -0.190907, 0.0, 0.0, 0.0, 1.0],
                [0.384405, -0.426794, -0.818584, -0.256054, 0.717333, 0.69624, -0.026149, -0.043909, 0.581091, -0.577145, 0.573791, -0.200328, 0.0, 0.0, 0.0, 1.0],
                [-0.715017, -0.698813, 0.020272, -0.259277, 0.380815, -0.413635, -0.826974, -0.044241, 0.586286, -0.58358, 0.561875, -0.203563, 0.0, 0.0, 0.0, 1.0],
                [-0.647988, -0.754146, -0.106655, -0.259619, 0.485924, -0.301504, -0.82035, -0.043652, 0.586507, -0.583403, 0.561828, -0.203562, 0.0, 0.0, 0.0, 1.0],
                [-0.715017, -0.698813, 0.020272, -0.259277, 0.380815, -0.413635, -0.826974, -0.044241, 0.586286, -0.58358, 0.561875, -0.203563, 0.0, 0.0, 0.0, 1.0],
                [-0.715017, -0.698813, 0.020272, -0.259277, 0.380815, -0.413635, -0.826974, -0.044241, 0.586286, -0.58358, 0.561875, -0.203563, 0.0, 0.0, 0.0, 1.0]
            ]
        }
    ]
}