{
    "animation": [
        {
            "name": "Root",
            "time": [0.0, 0.1667, 0.2667, 0.3667, 0.45, 0.6333, 1.2833],
            "transform": [
                [0.794546, 0.14816, -0.588851, -5e-06, -0.607204, 0.193873, -0.77053, -1.995315, -0.0, 0.969774, 0.244004, 0.74875, 0.0, 0.0, 0.0, 1.0],
                [0.694554, 0.175547, -0.697695, -5e-06, -0.719441, 0.169474, -0.67356, -4.745315, -0.0, 0.969774, 0.244004, 0.74875, 0.0, 0.0, 0.0, 1.0],
                [0.694554, 0.175547, -0.697695, -5e-06, -0.719441, 0.169474, -0.67356, 0.004685, -0.0, 0.969774, 0.244004, 0.74875, 0.0, 0.0, 0.0, 1.0],
                [0.85315, 0.029693, 0.52082, -5e-06, 0.41383, 0.56934, -0.71035, 12.254684, -0.317616, 0.821566, 0.473444, 0.74875, 0.0, 0.0, 0.0, 1.0],
                [0.866202, 0.076588, 0.49379, -5e-06, 0.378115, 0.545584, -0.747908, 18.052237, -0.326684, 0.834549, 0.443627, 0.74875, 0.0, 0.0, 0.0, 1.0],
                [0.716731, 0.0, 0.697349, -5e-06, 0.565041, 0.586057, -0.580746, 20.004684, -0.408686, 0.81027, 0.420045, 0.74875, 0.0, 0.0, 0.0, 1.0],
                [0.716731, 0.0, 0.697349, -5e-06, 0.565041, 0.586057, -0.580746, 20.004684, -0.408686, 0.81027, 0.420045, 0.74875, 0.0, 0.0, 0.0, 1.0]
            ]
        },
        {
            "name": "Thigh_R",
            "time": [0.0, 0.1667, 0.2667, 0.3667, 0.45, 0.6333, 1.2833],
            "transform": [
                [0.932934, -0.355527, -0.056875, 0.0925, -0.30852, -0.870814, 0.382752, 0.024839, -0.185607, -0.339535, -0.922099, -0.011103, 0.0, 0.0, 0.0, 1.0],
                [0.899452, -0.434241, -0.0492, 0.090674, -0.363766, -0.80632, 0.466393, 0.019377, -0.242198, -0.401601, -0.883208, -0.014296, 0.0, 0.0, 0.0, 1.0],
                [0.993584, 0.111538, -0.01872, 0.100288, 0.109185, -0.989139, -0.098397, 0.048133, -0.029491, 0.095721, -0.994971, 0.002511, 0.0, 0.0, 0.0, 1.0],
                [0.957845, -0.282338, -0.053096, 0.098975, -0.283805, -0.901246, -0.327431, 0.036682, 0.044593, 0.328697, -0.943382, 0.00386, 0.0, 0.0, 0.0, 1.0],
                [0.957845, -0.282338, -0.053096, 0.098975, -0.283805, -0.901246, -0.327431, 0.036682, 0.044593, 0.328697, -0.943382, 0.00386, 0.0, 0.0, 0.0, 1.0],
                [0.929379, -0.36192, -0.072583, 0.098689, -0.36192, -0.854779, -0.371978, 0.03418, 0.072583, 0.371978, -0.925399, 0.004154, 0.0, 0.0, 0.0, 1.0],
                [0.929379, -0.36192, -0.072583, 0.098689, -0.36192, -0.854779, -0.371978, 0.03418, 0.072583, 0.371978, -0.925399, 0.004154, 0.0, 0.0, 0.0, 1.0]
            ]
        },
        {
            "name": "Leg_R",
            "time": [0.0, 1.2833],
            "transform": [
                [1.0, 0.0, 0.0, 0.0, -0.0, 1.0, 0.0, 0.300655, -0.0, -0.0, 1.0, 0.0, 0.0, 0.0, 0.0, 1.0],
                [1.0, 0.0, 0.0, -0.0, -1e-06, 1.0, 0.0, 0.300653, -0.0, -0.0, 1.0, 0.0, 0.0, 0.0, 0.0, 1.0]
            ]
        },
        {
            "name": "Thigh_L",
            "time": [0.0, 0.1667, 0.2667, 0.3667, 0.45, 0.6333, 1.2833],
            "transform": [
                [0.776288, -0.268494, -0.57034, -0.09251, 0.125864, -0.820524, 0.557583, 0.071426, -0.617685, -0.504631, -0.603169, 0.016125, 0.0, 0.0, 0.0, 1.0],
                [0.675582, -0.366843, -0.639543, -0.090684, 0.205038, -0.739731, 0.640904, 0.076889, -0.7082, -0.564114, -0.424532, 0.019317, 0.0, 0.0, 0.0, 1.0],
                [0.667757, 0.181631, -0.72188, -0.100298, 0.181631, -0.980219, -0.078618, 0.048133, -0.72188, -0.078618, -0.687538, 0.002511, 0.0, 0.0, 0.0, 1.0],
                [0.894447, -0.3752, -0.243289, -0.098986, -0.446045, -0.787228, -0.425813, 0.059584, -0.031759, 0.489385, -0.87149, 0.001162, 0.0, 0.0, 0.0, 1.0],
                [0.894447, -0.3752, -0.243289, -0.098985, -0.446045, -0.787228, -0.425813, 0.059583, -0.031759, 0.489385, -0.87149, 0.001161, 0.0, 0.0, 0.0, 1.0],
                [0.843665, -0.512261, -0.16068, -0.098699, -0.512261, -0.678519, -0.526498, 0.062084, 0.16068, 0.526498, -0.834854, 0.000867, 0.0, 0.0, 0.0, 1.0],
                [0.843665, -0.512261, -0.16068, -0.098699, -0.512261, -0.678519, -0.526498, 0.062084, 0.16068, 0.526498, -0.834854, 0.000867, 0.0, 0.0, 0.0, 1.0]
            ]
        },
        {
            "name": "Leg_L",
            "time": [0.0, 1.2833],
            "transform": [
                [1.0, 0.0, 0.0, 0.0, -0.0, 1.0, 0.0, 0.300655, -0.0, -0.0, 1.0, -0.0, 0.0, 0.0, 0.0, 1.0],
                [1.0, 0.0, 0.0, 0.0, -0.0, 1.0, 0.0, 0.300652, -0.0, -0.0, 1.0, 0.0, 0.0, 0.0, 0.0, 1.0]
            ]
        },
        {
            "name": "Torso",
            "time": [0.0, 1.2833],
            "transform": [
                [1.0, 0.0, -0.0, -0.0, -0.0, 1.0, 0.0, 0.049699, -0.0, 0.0, 1.0, -0.0, 0.0, 0.0, 0.0, 1.0],
                [1.0, 0.0, 0.0, -0.0, 0.0, 1.0, 0.0, 0.049699, -0.0, 0.0, 1.0, -2e-06, 0.0, 0.0, 0.0, 1.0]
            ]
        },
        {
            "name": "Chest",
            "time": [0.0, 0.1667, 0.2667, 1.2833],
            "transform": [
                [0.924308, -0.345434, -0.162266, -0.0, 0.381094, 0.858269, 0.343717, 0.298195, 0.020536, -0.379539, 0.924948, -0.0, 0.0, 0.0, 0.0, 1.0],
                [0.886647, -0.40903, -0.215759, 0.0, 0.462434, 0.787749, 0.406948, 0.298195, 0.00351, -0.460593, 0.887605, 0.0, 0.0, 0.0, 0.0, 1.0],
                [1.0, -0.0, -0.0, -0.0, -0.0, 1.0, 0.0, 0.298195, 0.0, 0.0, 1.0, 0.0, 0.0, 0.0, 0.0, 1.0],
                [1.0, 0.0, 0.0, -0.0, 0.0, 1.0, 0.0, 0.298195, -0.0, 0.0, 1.0, -0.0, 0.0, 0.0, 0.0, 1.0]
            ]
        },
        {
            "name": "Head",
            "time": [0.0, 0.1667, 0.2667, 0.3667, 0.45, 0.6333, 1.2833],
            "transform": [
                [0.861318, 0.331181, 0.385293, -0.0, -0.000219, 0.758593, -0.651565, 0.397593, -0.508066, 0.56112, 0.653462, 0.0, 0.0, 0.0, 0.0, 1.0],
                [0.794658, 0.421385, 0.436982, 0.0, 0.034452, 0.687371, -0.725489, 0.397593, -0.606079, 0.59157, 0.531708, 0.0, 0.0, 0.0, 0.0, 1.0],
                [0.821407, -0.001769, 0.57034, -0.0, 0.139166, 0.970391, -0.197417, 0.397594, -0.553103, 0.241532, 0.797333, -0.0, 0.0, 0.0, 0.0, 1.0],
                [0.840322, -0.330188, -0.429924, 0.0, 0.070576, 0.852978, -0.517153, 0.397594, 0.537473, 0.404233, 0.74008, 0.0, 0.0, 0.0, 0.0, 1.0],
                [0.840322, -0.330188, -0.429924, -0.0, 0.070576, 0.852978, -0.517153, 0.397594, 0.537473, 0.404233, 0.74008, -1e-06, 0.0, 0.0, 0.0, 1.0],
                [0.706179, -0.384245, -0.594699, 1e-06, -0.009883, 0.8345, -0.55092, 0.397594, 0.707965, 0.394925, 0.585509, -1e-06, 0.0, 0.0, 0.0, 1.0],
                [0.706179, -0.384245, -0.594699, 1e-06, -0.009883, 0.8345, -0.55092, 0.397594, 0.707965, 0.394925, 0.585509, -1e-06, 0.0, 0.0, 0.0, 1.0]
            ]
        },
        {
            "name": "Shoulder_R",
            "time": [0.0, 0.1667, 0.2667, 0.3667, 0.45, 0.6333, 1.2833],
            "transform": [
                [0.273285, 0.932229, 0.237201, -0.0, 0.287717, -0.314515, 0.904599, 0.397593, 0.917897, -0.178967, -0.354171, 0.0, 0.0, 0.0, 0.0, 1.0],
                [0.314225, 0.922708, 0.223324, 0.0, 0.286692, -0.316486, 0.904237, 0.397593, 0.905025, -0.220109, -0.363981, 0.0, 0.0, 0.0, 0.0, 1.0],
                [0.314225, 0.922708, 0.223324, -0.0, 0.286692, -0.316486, 0.904237, 0.397594, 0.905025, -0.220109, -0.363981, -0.0, 0.0, 0.0, 0.0, 1.0],
                [0.093479, 0.952114, 0.291102, 0.0, 0.291103, -0.305743, 0.906521, 0.397594, 0.952114, -0.0, -0.305743, 0.0, 0.0, 0.0, 0.0, 1.0],
                [0.093479, 0.952114, 0.291102, -0.0, 0.291103, -0.305743, 0.906521, 0.397594, 0.952114, -0.0, -0.305743, -1e-06, 0.0, 0.0, 0.0, 1.0],
                [-0.109847, 0.915469, 0.387106, 1e-06, 0.201027, -0.360952, 0.91066, 0.397594, 0.973407, 0.177852, -0.144385, -1e-06, 0.0, 0.0, 0.0, 1.0],
                [-0.109847, 0.915469, 0.387106, 1e-06, 0.201027, -0.360952, 0.91066, 0.397594, 0.973407, 0.177852, -0.144385, -1e-06, 0.0, 0.0, 0.0, 1.0]
            ]
        },
        {
            "name": "Arm_R",
            "time": [0.0, 0.1667, 0.2667, 0.3667, 1.2833],
            "transform": [
                [-0.211404, -0.756529, -0.618847, -0.0, 0.689735, 0.333137, -0.642873, 0.391491, 0.692513, -0.562746, 0.451378, -0.0, 0.0, 0.0, 0.0, 1.0],
                [-0.252366, -0.807773, -0.532742, 0.0, 0.588131, 0.309147, -0.747349, 0.391491, 0.768384, -0.501928, 0.397059, 0.0, 0.0, 0.0, 0.0, 1.0],
                [-0.252366, -0.807773, -0.532742, -0.0, 0.588131, 0.309146, -0.747349, 0.391491, 0.768384, -0.501927, 0.397059, -0.0, 0.0, 0.0, 0.0, 1.0],
                [0.805125, -0.283614, -0.5209, -0.0, -0.551247, -0.033741, -0.83366, 0.391491, 0.218862, 0.958345, -0.183507, -0.0, 0.0, 0.0, 0.0, 1.0],
                [0.805125, -0.283614, -0.5209, -0.0, -0.551246, -0.033741, -0.83366, 0.391491, 0.218862, 0.958345, -0.183507, 1e-06, 0.0, 0.0, 0.0, 1.0]
            ]
        },
        {
            "name": "Hand_R",
            "time": [0.0, 0.1667, 1.2833],
            "transform": [
                [0.999976, 0.000212, -0.00699, -0.0, -0.002828, 0.926433, -0.37645, 0.298196, 0.006396, 0.37646, 0.926411, 0.0, 0.0, 0.0, 0.0, 1.0],
                [0.999963, -0.000234, -0.008568, -0.0, -0.003912, 0.877012, -0.480453, 0.298195, 0.007626, 0.480469, 0.876978, 0.0, 0.0, 0.0, 0.0, 1.0],
                [0.999963, -0.000234, -0.008568, 0.0, -0.003912, 0.877012, -0.480453, 0.298196, 0.007626, 0.480469, 0.876979, 0.0, 0.0, 0.0, 0.0, 1.0]
            ]
        },
        {
            "name": "Tool_R",
            "time": [0.0, 0.2667, 0.3667, 1.2833],
            "transform": [
                [1.0, 0.0, 0.0, -0.0, 0.0, -0.783039, -0.621973, 0.271217, 0.0, 0.621591, -0.782576, 0.0, 0.0, 0.0, 0.0, 1.0],
                [1.0, 0.0, 0.0, -0.0, 0.0, -0.783039, -0.621973, 0.271216, 0.0, 0.621591, -0.782575, -0.0, 0.0, 0.0, 0.0, 1.0],
                [0.063083, 0.906648, 0.417144, 0.007899, -0.498078, 0.390803, -0.774075, 0.266064, -0.864321, -0.15884, 0.47594, 0.030438, 0.0, 0.0, 0.0, 1.0],
                [0.063083, 0.906648, 0.417144, 0.0079, -0.498078, 0.390803, -0.774075, 0.266063, -0.864321, -0.15884, 0.47594, 0.030438, 0.0, 0.0, 0.0, 1.0]
            ]
        },
        {
            "name": "Shoulder_L",
            "time": [0.0, 0.1667, 0.2667, 0.3667, 0.45, 0.6333, 1.2833],
            "transform": [
                [0.626807, -0.773623, -0.092846, -0.0, -0.274977, -0.331121, 0.902633, 0.397593, -0.729041, -0.540246, -0.420278, 0.0, 0.0, 0.0, 0.0, 1.0],
                [0.724188, -0.688455, -0.039763, 0.0, -0.269355, -0.335473, 0.902721, 0.397593, -0.634822, -0.643029, -0.428385, 0.0, 0.0, 0.0, 0.0, 1.0],
                [0.724188, -0.688455, -0.039763, -0.0, -0.269355, -0.335473, 0.902721, 0.397594, -0.634822, -0.643029, -0.428385, -0.0, 0.0, 0.0, 0.0, 1.0],
                [0.847211, -0.435423, -0.304369, 0.0, 0.293221, -0.094494, 0.951363, 0.397594, -0.443006, -0.895253, 0.047619, 0.0, 0.0, 0.0, 0.0, 1.0],
                [0.847211, -0.435423, -0.304369, -0.0, 0.293221, -0.094494, 0.951363, 0.397594, -0.443006, -0.895253, 0.047619, -1e-06, 0.0, 0.0, 0.0, 1.0],
                [0.929202, -0.230016, -0.289268, 1e-06, 0.300952, 0.016653, 0.953494, 0.397594, -0.214502, -0.973044, 0.084697, -1e-06, 0.0, 0.0, 0.0, 1.0],
                [0.929202, -0.230016, -0.289268, 1e-06, 0.300952, 0.016653, 0.953494, 0.397594, -0.214502, -0.973044, 0.084697, -1e-06, 0.0, 0.0, 0.0, 1.0]
            ]
        },
        {
            "name": "Arm_L",
            "time": [0.0, 0.1667, 0.2667, 0.3667, 1.2833],
            "transform": [
                [-0.223336, 0.886153, 0.406022, 0.0, -0.953696, -0.112565, -0.278912, 0.391491, -0.201455, -0.449513, 0.870261, 0.0, 0.0, 0.0, 0.0, 1.0],
                [-0.297477, 0.915589, 0.270562, -0.0, -0.932447, -0.217755, -0.288316, 0.391491, -0.205063, -0.338052, 0.918515, -0.0, 0.0, 0.0, 0.0, 1.0],
                [-0.297477, 0.915589, 0.270562, 0.0, -0.932447, -0.217755, -0.288316, 0.391491, -0.205063, -0.338052, 0.918515, -0.0, 0.0, 0.0, 0.0, 1.0],
                [-0.027364, 0.993017, 0.114759, 1e-06, -0.833141, 0.040782, -0.551555, 0.391491, -0.552383, -0.110703, 0.826207, 0.0, 0.0, 0.0, 0.0, 1.0],
                [-0.027365, 0.993016, 0.114759, -2e-06, -0.833141, 0.040782, -0.551555, 0.39149, -0.552383, -0.110703, 0.826207, 1e-06, 0.0, 0.0, 0.0, 1.0]
            ]
        },
        {
            "name": "Hand_L",
            "time": [0.0, 0.2667, 0.3667, 1.2833],
            "transform": [
                [1.0, -0.0, 0.0, 0.0, -0.0, 0.993937, 0.109947, 0.298195, -0.0, -0.109947, 0.993937, 0.0, 0.0, 0.0, 0.0, 1.0],
                [1.0, -0.0, 0.0, 0.0, 0.0, 0.993937, 0.109947, 0.298196, -0.0, -0.109947, 0.993937, -0.0, 0.0, 0.0, 0.0, 1.0],
                [0.999987, 0.001241, 0.004862, 1e-06, 0.003305, 0.56605, -0.824364, 0.298196, -0.003775, 0.82437, 0.566039, 1e-06, 0.0, 0.0, 0.0, 1.0],
                [0.999987, 0.001241, 0.004862, -1e-06, 0.003305, 0.56605, -0.824364, 0.298196, -0.003775, 0.82437, 0.566039, -0.0, 0.0, 0.0, 0.0, 1.0]
            ]
        },
        {
            "name": "Tool_L",
            "time": [0.0, 1.2833],
            "transform": [
                [1.0, 0.0, -0.0, -0.0, 0.0, -0.999836, 0.018122, 0.271217, 0.0, -0.018122, -0.999968, 0.0, 0.0, 0.0, 0.0, 1.0],
                [1.0, -0.0, 0.0, 0.0, 0.0, -0.999836, 0.018122, 0.271216, 0.0, -0.018122, -0.999968, 0.0, 0.0, 0.0, 0.0, 1.0]
            ]
        },
        {
            "name": "Wing_L",
            "time": [0.0, 0.1667, 0.2667, 0.3667, 0.7167, 1.2833],
            "transform": [
                [-0.252149, -0.834036, 0.490719, 0.024135, 0.610387, 0.256418, 0.749452, 0.313269, -0.750899, 0.488502, 0.444429, 0.052263, 0.0, 0.0, 0.0, 1.0],
                [0.046412, -0.78634, 0.616048, 0.069832, 0.642976, 0.495489, 0.584014, 0.285103, -0.764479, 0.368999, 0.528595, 0.077888, 0.0, 0.0, 0.0, 1.0],
                [-0.787916, 0.591025, -0.172852, -0.0, -0.404407, -0.284966, 0.869051, 0.359836, 0.464373, 0.754642, 0.463544, 0.044024, 0.0, 0.0, 0.0, 1.0],
                [-0.746759, -0.56199, -0.355695, -0.0, -0.244707, -0.265129, 0.932644, 0.359836, -0.618442, 0.783501, 0.060465, 0.044024, 0.0, 0.0, 0.0, 1.0],
                [0.926083, -0.377151, -0.011286, -0.005711, 0.285061, 0.679737, 0.675794, 0.286362, -0.247205, -0.629059, 0.737004, 0.049893, 0.0, 0.0, 0.0, 1.0],
                [0.926083, -0.377151, -0.011286, -0.005711, 0.285061, 0.679737, 0.675794, 0.286362, -0.247205, -0.629059, 0.737004, 0.049893, 0.0, 0.0, 0.0, 1.0]
            ]
        },
        {
            "name": "Wing_R",
            "time": [0.0, 0.1667, 0.2667, 0.3667, 0.7167, 1.2833],
            "transform": [
                [0.647056, 0.751779, 0.127069, 0.024135, -0.636178, 0.440491, 0.633439, 0.313269, 0.420234, -0.490709, 0.763288, 0.052263, 0.0, 0.0, 0.0, 1.0],
                [0.889582, 0.318683, 0.327238, 0.069832, -0.431959, 0.81985, 0.375844, 0.285103, -0.148511, -0.475697, 0.866982, 0.077888, 0.0, 0.0, 0.0, 1.0],
                [-0.613259, 0.789856, 0.006276, -0.0, -0.218488, -0.177264, 0.959604, 0.359836, 0.759062, 0.587115, 0.281283, 0.044024, 0.0, 0.0, 0.0, 1.0],
                [-0.938574, -0.325572, -0.114374, -0.0, -0.048468, -0.203783, 0.977816, 0.359836, -0.341657, 0.923296, 0.175486, 0.044024, 0.0, 0.0, 0.0, 1.0],
                [-0.12474, 0.657664, -0.742912, -0.005711, -0.158857, 0.725863, 0.669244, 0.286362, 0.97939, 0.201498, 0.013931, 0.049893, 0.0, 0.0, 0.0, 1.0],
                [-0.12474, 0.657664, -0.742912, -0.005711, -0.158857, 0.725863, 0.669244, 0.286362, 0.97939, 0.201498, 0.013931, 0.049893, 0.0, 0.0, 0.0, 1.0]
            ]
        }
    ]
}