{
    "animation": [
        {
            "name": "Root",
            "time": [0.0, 0.6667, 0.75],
            "transform": [
                [1.0, 0.0, 0.0, -5e-06, 0.0, 0.354351, -0.935112, -0.000927, 0.0, 0.935112, 0.354351, 0.367577, 0.0, 0.0, 0.0, 1.0],
                [1.0, 0.0, 0.0, -5e-06, 0.0, 0.354351, -0.935112, -0.000927, 0.0, 0.935112, 0.354351, 0.367577, 0.0, 0.0, 0.0, 1.0],
                [0.026208, 0.0, 0.0, -5e-06, 0.0, 0.009287, -0.024507, -0.000927, 0.0, 0.024507, 0.009287, 0.367577, 0.0, 0.0, 0.0, 1.0]
            ]
        },
        {
            "name": "Thigh_R",
            "time": [0.0, 0.6667, 0.75],
            "transform": [
                [0.912516, 0.219477, 0.345174, 0.062497, -0.144945, -0.615604, 0.774611, -0.001415, 0.3825, -0.756876, -0.529936, -6e-06, 0.0, 0.0, 0.0, 1.0],
                [0.912516, 0.219477, 0.345174, 0.062497, -0.144945, -0.615604, 0.774611, -0.001415, 0.3825, -0.756876, -0.529936, -6e-06, 0.0, 0.0, 0.0, 1.0],
                [0.912515, 0.219477, 0.345174, 0.062497, -0.144945, -0.615603, 0.774612, -0.001415, 0.3825, -0.756875, -0.529936, -6e-06, 0.0, 0.0, 0.0, 1.0]
            ]
        },
        {
            "name": "Leg_R",
            "time": [0.0, 0.6667, 0.75],
            "transform": [
                [1.0, 1e-06, 1e-06, 0.0, -0.0, 1.0, 0.0, 0.18736, -1e-06, -0.0, 1.0, 0.0, 0.0, 0.0, 0.0, 1.0],
                [1.0, 1e-06, 1e-06, 0.0, -0.0, 1.0, 0.0, 0.18736, -1e-06, -0.0, 1.0, 0.0, 0.0, 0.0, 0.0, 1.0],
                [1.0, 0.0, 1e-06, 0.0, -0.0, 1.000002, 0.0, 0.187362, -1e-06, -0.0, 0.999998, 0.0, 0.0, 0.0, 0.0, 1.0]
            ]
        },
        {
            "name": "Thigh_L",
            "time": [0.0, 0.6667, 0.75],
            "transform": [
                [0.889682, -0.244986, -0.38529, -0.062503, 0.16179, -0.619946, 0.767783, -0.001415, -0.426955, -0.745419, -0.511918, -6e-06, 0.0, 0.0, 0.0, 1.0],
                [0.889682, -0.244986, -0.38529, -0.062503, 0.16179, -0.619946, 0.767783, -0.001415, -0.426955, -0.745419, -0.511918, -6e-06, 0.0, 0.0, 0.0, 1.0],
                [0.889681, -0.244986, -0.38529, -0.062503, 0.16179, -0.619946, 0.767783, -0.001415, -0.426955, -0.745419, -0.511918, -6e-06, 0.0, 0.0, 0.0, 1.0]
            ]
        },
        {
            "name": "Leg_L",
            "time": [0.0, 0.6667, 0.75],
            "transform": [
                [1.0, 0.0, 1e-06, 0.0, -0.0, 1.0, 0.0, 0.18736, -1e-06, -0.0, 1.0, -0.0, 0.0, 0.0, 0.0, 1.0],
                [1.0, 0.0, 1e-06, 0.0, -0.0, 1.0, 0.0, 0.18736, -1e-06, -0.0, 1.0, -0.0, 0.0, 0.0, 0.0, 1.0],
                [1.0, 0.0, 1e-06, -0.0, -0.0, 0.999999, 0.0, 0.187359, -1e-06, -0.0, 1.000001, 0.0, 0.0, 0.0, 0.0, 1.0]
            ]
        },
        {
            "name": "Torso",
            "time": [0.0, 0.75],
            "transform": [
                [1.0, 0.0, 0.0, 0.0, 0.0, 1.0, 0.0, 0.025, 0.0, 0.0, 1.0, 0.0, 0.0, 0.0, 0.0, 1.0],
                [1.0, 0.0, 0.0, 0.0, 0.0, 1.0, 0.0, 0.025001, 0.0, 0.0, 1.0, 0.0, 0.0, 0.0, 0.0, 1.0]
            ]
        },
        {
            "name": "Chest",
            "time": [0.0, 0.75],
            "transform": [
                [1.0, 0.0, 0.0, 0.0, 0.0, 1.0, 0.0, 0.15, 0.0, 0.0, 1.0, -0.0, 0.0, 0.0, 0.0, 1.0],
                [1.0, 0.0, 0.0, 0.0, 0.0, 1.0, 0.0, 0.149999, 0.0, 0.0, 1.0, 0.0, 0.0, 0.0, 0.0, 1.0]
            ]
        },
        {
            "name": "Head",
            "time": [0.0, 0.75],
            "transform": [
                [1.0, 0.0, 0.0, 0.0, -0.0, 0.819249, 0.573438, 0.2, -0.0, -0.573438, 0.819249, 0.0, 0.0, 0.0, 0.0, 1.0],
                [1.0, 0.0, 0.0, 0.0, -0.0, 0.819249, 0.573438, 0.2, -0.0, -0.573438, 0.819249, 0.0, 0.0, 0.0, 0.0, 1.0]
            ]
        },
        {
            "name": "Shoulder_R",
            "time": [0.0, 0.75],
            "transform": [
                [0.0, 0.952114, 0.305743, 0.0, 0.0, -0.305743, 0.952114, 0.2, 1.0, 0.0, -0.0, 0.0, 0.0, 0.0, 0.0, 1.0],
                [0.0, 0.952114, 0.305743, 0.0, 0.0, -0.305743, 0.952114, 0.2, 1.0, 0.0, -0.0, 0.0, 0.0, 0.0, 0.0, 1.0]
            ]
        },
        {
            "name": "Arm_R",
            "time": [0.0, 0.6667, 0.75],
            "transform": [
                [0.104769, -0.953473, -0.282687, -0.0, 0.958258, 0.172821, -0.227761, 0.19693, 0.266018, -0.247025, 0.931779, -0.0, 0.0, 0.0, 0.0, 1.0],
                [0.104769, -0.953473, -0.282687, -0.0, 0.958258, 0.172821, -0.227761, 0.19693, 0.266018, -0.247025, 0.931779, -0.0, 0.0, 0.0, 0.0, 1.0],
                [0.104769, -0.953474, -0.282687, 1e-06, 0.958258, 0.172822, -0.227761, 0.19693, 0.266018, -0.247025, 0.931779, -1e-06, 0.0, 0.0, 0.0, 1.0]
            ]
        },
        {
            "name": "Hand_R",
            "time": [0.0, 0.6667, 0.75],
            "transform": [
                [1.0, 0.0, 0.0, 0.0, -0.0, 0.993938, 0.109947, 0.15, -0.0, -0.109947, 0.993937, -0.0, 0.0, 0.0, 0.0, 1.0],
                [1.0, 0.0, 0.0, 0.0, -0.0, 0.993938, 0.109947, 0.15, -0.0, -0.109947, 0.993937, -0.0, 0.0, 0.0, 0.0, 1.0],
                [1.0, 0.0, 0.0, 0.0, -0.0, 0.993938, 0.109947, 0.149999, -0.0, -0.109947, 0.993938, 0.0, 0.0, 0.0, 0.0, 1.0]
            ]
        },
        {
            "name": "Tool_R",
            "time": [0.0, 0.6667, 0.75],
            "transform": [
                [1.0, 0.0, 0.0, 0.0, 0.0, -0.999836, 0.018122, 0.136429, 0.0, -0.018122, -0.999242, 0.0, 0.0, 0.0, 0.0, 1.0],
                [1.0, 0.0, 0.0, 0.0, 0.0, -0.999836, 0.018122, 0.136429, 0.0, -0.018122, -0.999242, 0.0, 0.0, 0.0, 0.0, 1.0],
                [1.0, 0.0, 0.0, 0.0, 0.0, -0.999836, 0.018122, 0.136429, 0.0, -0.018122, -0.999243, -1e-06, 0.0, 0.0, 0.0, 1.0]
            ]
        },
        {
            "name": "Shoulder_L",
            "time": [0.0, 0.75],
            "transform": [
                [0.0, -0.952114, -0.305743, 0.0, 0.0, -0.305743, 0.952114, 0.2, -1.0, 0.0, 0.0, 0.0, 0.0, 0.0, 0.0, 1.0],
                [0.0, -0.952114, -0.305743, 0.0, 0.0, -0.305743, 0.952114, 0.2, -1.0, 0.0, 0.0, 0.0, 0.0, 0.0, 0.0, 1.0]
            ]
        },
        {
            "name": "Arm_L",
            "time": [0.0, 0.6667, 0.75],
            "transform": [
                [0.243439, 0.966098, 0.085978, 0.0, -0.947489, 0.255826, -0.19188, 0.19693, -0.20737, -0.034752, 0.977645, 0.0, 0.0, 0.0, 0.0, 1.0],
                [0.243439, 0.966098, 0.085978, 0.0, -0.947489, 0.255826, -0.19188, 0.19693, -0.20737, -0.034752, 0.977645, 0.0, 0.0, 0.0, 0.0, 1.0],
                [0.243439, 0.966098, 0.085978, -0.0, -0.947489, 0.255826, -0.19188, 0.196931, -0.20737, -0.034752, 0.977645, 0.0, 0.0, 0.0, 0.0, 1.0]
            ]
        },
        {
            "name": "Hand_L",
            "time": [0.0, 0.6667, 0.75],
            "transform": [
                [1.0, 0.0, 0.0, 0.0, -0.0, 0.993937, 0.109947, 0.15, -0.0, -0.109947, 0.993937, -0.0, 0.0, 0.0, 0.0, 1.0],
                [1.0, 0.0, 0.0, 0.0, -0.0, 0.993937, 0.109947, 0.15, -0.0, -0.109947, 0.993937, -0.0, 0.0, 0.0, 0.0, 1.0],
                [1.0, 0.0, 0.0, 0.0, -0.0, 0.993937, 0.109947, 0.15, -0.0, -0.109947, 0.993937, 0.0, 0.0, 0.0, 0.0, 1.0]
            ]
        },
        {
            "name": "Tool_L",
            "time": [0.0, 0.6667, 0.75],
            "transform": [
                [1.0, -0.0, 0.0, 0.0, -0.0, -0.999836, 0.018122, 0.136429, 0.0, -0.018122, -0.999242, 0.0, 0.0, 0.0, 0.0, 1.0],
                [1.0, -0.0, 0.0, 0.0, -0.0, -0.999836, 0.018122, 0.136429, 0.0, -0.018122, -0.999242, 0.0, 0.0, 0.0, 0.0, 1.0],
                [1.0, -0.0, 0.0, 0.0, 0.0, -0.999836, 0.018122, 0.136429, 0.0, -0.018122, -0.999243, -1e-06, 0.0, 0.0, 0.0, 1.0]
            ]
        },
        {
            "name": "Wing_L",
            "time": [0.0, 0.75],
            "transform": [
                [-0.754107, -0.591324, -0.285761, 0.0, -0.135418, -0.285761, 0.948685, 0.195475, -0.642639, 0.754107, 0.135418, 0.061537, 0.0, 0.0, 0.0, 1.0],
                [-0.754107, -0.591324, -0.285761, 0.0, -0.135418, -0.285761, 0.948685, 0.195475, -0.642639, 0.754107, 0.135418, 0.061536, 0.0, 0.0, 0.0, 1.0]
            ]
        },
        {
            "name": "Wing_R",
            "time": [0.0, 0.75],
            "transform": [
                [-0.744434, 0.605178, 0.282095, 0.0, 0.130828, -0.282095, 0.950424, 0.195475, 0.654754, 0.744434, 0.130827, 0.061537, 0.0, 0.0, 0.0, 1.0],
                [-0.744434, 0.605178, 0.282095, 0.0, 0.130828, -0.282095, 0.950424, 0.195475, 0.654754, 0.744434, 0.130827, 0.061536, 0.0, 0.0, 0.0, 1.0]
            ]
        }
    ]
}