{
    "animation": [
        {
            "name": "Root",
            "time": [0.0, 0.6667, 0.75],
            "transform": [
                [1.0, 0.0, 0.0, -5e-06, 0.0, 0.354351, -0.935112, 0.004685, 0.0, 0.935112, 0.354351, 0.74875, 0.0, 0.0, 0.0, 1.0],
                [1.0, 0.0, 0.0, -5e-06, 0.0, 0.354351, -0.935112, 0.004685, 0.0, 0.935112, 0.354351, 0.74875, 0.0, 0.0, 0.0, 1.0],
                [0.026208, 0.0, 0.0, -5e-06, 0.0, 0.009287, -0.024507, 0.004685, 0.0, 0.024507, 0.009287, 0.74875, 0.0, 0.0, 0.0, 1.0]
            ]
        },
        {
            "name": "Thigh_R",
            "time": [0.0, 0.6667, 0.75],
            "transform": [
                [0.912516, 0.219477, 0.345174, 0.100288, -0.144945, -0.615604, 0.774611, 0.048133, 0.3825, -0.756876, -0.529936, 0.002511, 0.0, 0.0, 0.0, 1.0],
                [0.912516, 0.219477, 0.345174, 0.100288, -0.144945, -0.615604, 0.774611, 0.048133, 0.3825, -0.756876, -0.529936, 0.002511, 0.0, 0.0, 0.0, 1.0],
                [0.912515, 0.219477, 0.345174, 0.100288, -0.144945, -0.615603, 0.774612, 0.048134, 0.3825, -0.756875, -0.529937, 0.002511, 0.0, 0.0, 0.0, 1.0]
            ]
        },
        {
            "name": "Leg_R",
            "time": [0.0, 0.6667, 0.75],
            "transform": [
                [1.0, 1e-06, 0.0, 0.0, -0.0, 1.0, 0.0, 0.300655, -0.0, -0.0, 1.0, 0.0, 0.0, 0.0, 0.0, 1.0],
                [1.0, 1e-06, 0.0, 0.0, -0.0, 1.0, 0.0, 0.300655, -0.0, -0.0, 1.0, 0.0, 0.0, 0.0, 0.0, 1.0],
                [1.0, 1e-06, 0.0, 0.0, -1e-06, 1.000002, 0.0, 0.300654, -0.0, -0.0, 0.999998, 1e-06, 0.0, 0.0, 0.0, 1.0]
            ]
        },
        {
            "name": "Thigh_L",
            "time": [0.0, 0.6667, 0.75],
            "transform": [
                [0.889682, -0.244986, -0.38529, -0.100298, 0.16179, -0.619946, 0.767783, 0.048133, -0.426955, -0.745419, -0.511918, 0.002511, 0.0, 0.0, 0.0, 1.0],
                [0.889682, -0.244986, -0.38529, -0.100298, 0.16179, -0.619946, 0.767783, 0.048133, -0.426955, -0.745419, -0.511918, 0.002511, 0.0, 0.0, 0.0, 1.0],
                [0.889681, -0.244986, -0.38529, -0.100298, 0.16179, -0.619946, 0.767783, 0.048134, -0.426955, -0.745419, -0.511918, 0.002511, 0.0, 0.0, 0.0, 1.0]
            ]
        },
        {
            "name": "Leg_L",
            "time": [0.0, 0.6667, 0.75],
            "transform": [
                [1.0, 0.0, 0.0, 0.0, -0.0, 1.0, 0.0, 0.300655, -0.0, -0.0, 1.0, 0.0, 0.0, 0.0, 0.0, 1.0],
                [1.0, 0.0, 0.0, 0.0, -0.0, 1.0, 0.0, 0.300655, -0.0, -0.0, 1.0, 0.0, 0.0, 0.0, 0.0, 1.0],
                [1.0, 0.0, 0.0, -0.0, -0.0, 0.999999, 0.0, 0.300652, -0.0, -0.0, 1.000001, -2e-06, 0.0, 0.0, 0.0, 1.0]
            ]
        },
        {
            "name": "Torso",
            "time": [0.0, 0.75],
            "transform": [
                [1.0, 0.0, 0.0, 0.0, 0.0, 1.0, 0.0, 0.049699, 0.0, 0.0, 1.0, 0.0, 0.0, 0.0, 0.0, 1.0],
                [1.0, 0.0, 0.0, 0.0, 0.0, 1.0, 0.0, 0.0497, 0.0, 0.0, 1.0, 0.0, 0.0, 0.0, 0.0, 1.0]
            ]
        },
        {
            "name": "Chest",
            "time": [0.0, 0.75],
            "transform": [
                [1.0, 0.0, 0.0, 0.0, 0.0, 1.0, 0.0, 0.298195, 0.0, 0.0, 1.0, 0.0, 0.0, 0.0, 0.0, 1.0],
                [1.0, 0.0, 0.0, 0.0, 0.0, 1.0, 0.0, 0.298195, 0.0, 0.0, 1.0, 1e-06, 0.0, 0.0, 0.0, 1.0]
            ]
        },
        {
            "name": "Head",
            "time": [0.0, 0.75],
            "transform": [
                [1.0, 0.0, 0.0, 0.0, -0.0, 0.819249, 0.573438, 0.397593, 0.0, -0.573438, 0.819249, 0.0, 0.0, 0.0, 0.0, 1.0],
                [1.0, 0.0, 0.0, 0.0, -0.0, 0.819249, 0.573438, 0.397595, 0.0, -0.573438, 0.819249, -0.0, 0.0, 0.0, 0.0, 1.0]
            ]
        },
        {
            "name": "Shoulder_R",
            "time": [0.0, 0.75],
            "transform": [
                [0.093479, 0.952114, 0.291102, 0.0, 0.291103, -0.305743, 0.906521, 0.397593, 0.952114, 0.0, -0.305743, 0.0, 0.0, 0.0, 0.0, 1.0],
                [0.093479, 0.952114, 0.291102, 0.0, 0.291103, -0.305743, 0.906521, 0.397595, 0.952114, 0.0, -0.305743, -0.0, 0.0, 0.0, 0.0, 1.0]
            ]
        },
        {
            "name": "Arm_R",
            "time": [0.0, 0.6667, 0.75],
            "transform": [
                [0.181085, -0.983342, 0.015735, 0.0, 0.958258, 0.172821, -0.227761, 0.391491, 0.221247, 0.056322, 0.97359, -0.0, 0.0, 0.0, 0.0, 1.0],
                [0.181085, -0.983342, 0.015735, 0.0, 0.958258, 0.172821, -0.227761, 0.391491, 0.221247, 0.056322, 0.97359, -0.0, 0.0, 0.0, 0.0, 1.0],
                [0.181085, -0.983342, 0.015735, 1e-06, 0.958258, 0.172821, -0.22776, 0.391491, 0.221247, 0.056322, 0.97359, -2e-06, 0.0, 0.0, 0.0, 1.0]
            ]
        },
        {
            "name": "Hand_R",
            "time": [0.0, 0.6667, 0.75],
            "transform": [
                [1.0, 0.0, -0.0, -0.0, -0.0, 0.993937, 0.109947, 0.298195, 0.0, -0.109947, 0.993937, 0.0, 0.0, 0.0, 0.0, 1.0],
                [1.0, 0.0, -0.0, -0.0, -0.0, 0.993937, 0.109947, 0.298195, 0.0, -0.109947, 0.993937, 0.0, 0.0, 0.0, 0.0, 1.0],
                [1.0, 0.0, -0.0, 0.0, -0.0, 0.993937, 0.109947, 0.298193, 0.0, -0.109947, 0.993937, 1e-06, 0.0, 0.0, 0.0, 1.0]
            ]
        },
        {
            "name": "Tool_R",
            "time": [0.0, 0.6667, 0.75],
            "transform": [
                [1.0, 0.0, 0.0, -0.0, 0.0, -0.999836, 0.018122, 0.271217, -0.0, -0.018122, -0.999236, 0.0, 0.0, 0.0, 0.0, 1.0],
                [1.0, 0.0, 0.0, -0.0, 0.0, -0.999836, 0.018122, 0.271217, -0.0, -0.018122, -0.999236, 0.0, 0.0, 0.0, 0.0, 1.0],
                [1.0, 0.0, 0.0, 0.0, 0.0, -0.999836, 0.018122, 0.271216, -0.0, -0.018122, -0.999236, -0.0, 0.0, 0.0, 0.0, 1.0]
            ]
        },
        {
            "name": "Shoulder_L",
            "time": [0.0, 0.75],
            "transform": [
                [0.093479, -0.952114, -0.291103, 0.0, -0.291103, -0.305743, 0.906521, 0.397593, -0.952114, -0.0, -0.305743, 0.0, 0.0, 0.0, 0.0, 1.0],
                [0.093479, -0.952114, -0.291103, 0.0, -0.291103, -0.305743, 0.906521, 0.397595, -0.952114, -0.0, -0.305743, -0.0, 0.0, 0.0, 0.0, 1.0]
            ]
        },
        {
            "name": "Arm_L",
            "time": [0.0, 0.6667, 0.75],
            "transform": [
                [0.295184, 0.930461, -0.217048, 0.0, -0.947489, 0.255826, -0.19188, 0.391491, -0.12301, 0.262291, 0.957117, 0.0, 0.0, 0.0, 0.0, 1.0],
                [0.295184, 0.930461, -0.217048, 0.0, -0.947489, 0.255826, -0.19188, 0.391491, -0.12301, 0.262291, 0.957117, 0.0, 0.0, 0.0, 0.0, 1.0],
                [0.295184, 0.93046, -0.217048, -0.0, -0.947489, 0.255826, -0.19188, 0.391491, -0.12301, 0.262291, 0.957117, 1e-06, 0.0, 0.0, 0.0, 1.0]
            ]
        },
        {
            "name": "Hand_L",
            "time": [0.0, 0.6667, 0.75],
            "transform": [
                [1.0, -0.0, 0.0, -0.0, -0.0, 0.993937, 0.109947, 0.298195, -0.0, -0.109947, 0.993937, 0.0, 0.0, 0.0, 0.0, 1.0],
                [1.0, -0.0, 0.0, -0.0, -0.0, 0.993937, 0.109947, 0.298195, -0.0, -0.109947, 0.993937, 0.0, 0.0, 0.0, 0.0, 1.0],
                [1.0, -0.0, 0.0, 0.0, -0.0, 0.993937, 0.109947, 0.298196, -0.0, -0.109947, 0.993937, 2e-06, 0.0, 0.0, 0.0, 1.0]
            ]
        },
        {
            "name": "Tool_L",
            "time": [0.0, 0.6667, 0.75],
            "transform": [
                [1.0, -0.0, -0.0, -0.0, -0.0, -0.999836, 0.018122, 0.271216, 0.0, -0.018122, -0.999968, -0.0, 0.0, 0.0, 0.0, 1.0],
                [1.0, -0.0, -0.0, -0.0, -0.0, -0.999836, 0.018122, 0.271216, 0.0, -0.018122, -0.999968, -0.0, 0.0, 0.0, 0.0, 1.0],
                [1.0, -0.0, 0.0, -0.0, 0.0, -0.999836, 0.018122, 0.271214, 0.0, -0.018122, -0.999968, -2e-06, 0.0, 0.0, 0.0, 1.0]
            ]
        },
        {
            "name": "Wing_L",
            "time": [0.0, 0.75],
            "transform": [
                [-0.754107, -0.591324, -0.285761, 0.0, -0.135418, -0.285761, 0.948685, 0.388598, -0.642639, 0.754107, 0.135418, 0.029833, 0.0, 0.0, 0.0, 1.0],
                [-0.754107, -0.591324, -0.285761, 0.0, -0.135418, -0.285761, 0.948685, 0.3886, -0.642639, 0.754107, 0.135418, 0.029833, 0.0, 0.0, 0.0, 1.0]
            ]
        },
        {
            "name": "Wing_R",
            "time": [0.0, 0.75],
            "transform": [
                [-0.744434, 0.605178, 0.282095, 0.0, 0.130828, -0.282095, 0.950424, 0.388598, 0.654754, 0.744434, 0.130827, 0.029833, 0.0, 0.0, 0.0, 1.0],
                [-0.744434, 0.605178, 0.282095, 0.0, 0.130828, -0.282095, 0.950424, 0.3886, 0.654754, 0.744434, 0.130827, 0.029833, 0.0, 0.0, 0.0, 1.0]
            ]
        }
    ]
}