{
    "animation": [
        {
            "name": "Root",
            "time": [0.0, 0.5333],
            "transform": [
                [1.0, 0.0, 0.0, -5e-06, 0.0, 0.244004, -0.969774, -0.000927, 0.0, 0.969774, 0.244004, 0.367577, 0.0, 0.0, 0.0, 1.0],
                [1.0, 0.0, 0.0, -5e-06, 0.0, 0.244004, -0.969774, -0.000927, 0.0, 0.969774, 0.244004, 0.367577, 0.0, 0.0, 0.0, 1.0]
            ]
        },
        {
            "name": "Thigh_R",
            "time": [0.0, 0.5333],
            "transform": [
                [1.0, -0.0, -0.0, 0.062497, -0.0, -1.0, 0.0, -0.001415, -0.0, -0.0, -1.0, -6e-06, 0.0, 0.0, 0.0, 1.0],
                [1.0, -0.0, -0.0, 0.062497, -0.0, -1.0, 0.0, -0.001415, -0.0, -0.0, -1.0, -6e-06, 0.0, 0.0, 0.0, 1.0]
            ]
        },
        {
            "name": "Leg_R",
            "time": [0.0, 0.5333],
            "transform": [
                [1.0, 0.0, 1e-06, -0.0, -0.0, 1.0, 0.0, 0.18736, -1e-06, -0.0, 1.0, -0.0, 0.0, 0.0, 0.0, 1.0],
                [1.0, 0.0, 1e-06, -0.0, -0.0, 1.0, 0.0, 0.18736, -1e-06, -0.0, 1.0, -0.0, 0.0, 0.0, 0.0, 1.0]
            ]
        },
        {
            "name": "Thigh_L",
            "time": [0.0, 0.5333],
            "transform": [
                [1.0, -0.0, -0.0, -0.062503, -0.0, -1.0, 0.0, -0.001415, -0.0, -0.0, -1.0, -6e-06, 0.0, 0.0, 0.0, 1.0],
                [1.0, -0.0, -0.0, -0.062503, -0.0, -1.0, 0.0, -0.001415, -0.0, -0.0, -1.0, -6e-06, 0.0, 0.0, 0.0, 1.0]
            ]
        },
        {
            "name": "Leg_L",
            "time": [0.0, 0.5333],
            "transform": [
                [1.0, 0.0, 1e-06, 0.0, -0.0, 1.0, 0.0, 0.18736, -1e-06, -0.0, 1.0, 0.0, 0.0, 0.0, 0.0, 1.0],
                [1.0, 0.0, 1e-06, 0.0, -0.0, 1.0, 0.0, 0.18736, -1e-06, -0.0, 1.0, 0.0, 0.0, 0.0, 0.0, 1.0]
            ]
        },
        {
            "name": "Torso",
            "time": [0.0, 0.5333],
            "transform": [
                [1.0, 0.0, 0.0, 0.0, 0.0, 1.0, 0.0, 0.025, 0.0, 0.0, 1.0, 0.0, 0.0, 0.0, 0.0, 1.0],
                [1.0, 0.0, 0.0, 0.0, 0.0, 1.0, 0.0, 0.025, 0.0, 0.0, 1.0, 0.0, 0.0, 0.0, 0.0, 1.0]
            ]
        },
        {
            "name": "Chest",
            "time": [0.0, 0.5333],
            "transform": [
                [1.0, 0.0, 0.0, 0.0, 0.0, 1.0, 0.0, 0.15, 0.0, 0.0, 1.0, 0.0, 0.0, 0.0, 0.0, 1.0],
                [1.0, 0.0, 0.0, 0.0, 0.0, 1.0, 0.0, 0.15, 0.0, 0.0, 1.0, 0.0, 0.0, 0.0, 0.0, 1.0]
            ]
        },
        {
            "name": "Head",
            "time": [0.0, 0.5333],
            "transform": [
                [1.0, 0.0, 0.0, 0.0, 0.0, 0.970526, -0.240995, 0.2, -0.0, 0.240995, 0.970526, 0.0, 0.0, 0.0, 0.0, 1.0],
                [1.0, 0.0, 0.0, 0.0, 0.0, 0.970526, -0.240995, 0.2, -0.0, 0.240995, 0.970526, 0.0, 0.0, 0.0, 0.0, 1.0]
            ]
        },
        {
            "name": "Shoulder_R",
            "time": [0.0, 0.5333],
            "transform": [
                [0.0, 0.952114, 0.305743, 0.0, 0.0, -0.305743, 0.952114, 0.2, 1.0, 0.0, -0.0, 0.0, 0.0, 0.0, 0.0, 1.0],
                [0.0, 0.952114, 0.305743, 0.0, 0.0, -0.305743, 0.952114, 0.2, 1.0, 0.0, -0.0, 0.0, 0.0, 0.0, 0.0, 1.0]
            ]
        },
        {
            "name": "Arm_R",
            "time": [0.0, 0.5333],
            "transform": [
                [0.0, -0.233566, -0.972341, 0.0, 0.952114, 0.297287, -0.071411, 0.19693, 0.305743, -0.925779, 0.222382, 0.0, 0.0, 0.0, 0.0, 1.0],
                [0.0, -0.233566, -0.972341, 0.0, 0.952114, 0.297287, -0.071411, 0.19693, 0.305743, -0.925779, 0.222382, 0.0, 0.0, 0.0, 0.0, 1.0]
            ]
        },
        {
            "name": "Hand_R",
            "time": [0.0, 0.5333],
            "transform": [
                [1.0, 0.0, 0.0, 0.0, -0.0, 0.993937, 0.109947, 0.15, -0.0, -0.109947, 0.993937, -0.0, 0.0, 0.0, 0.0, 1.0],
                [1.0, 0.0, 0.0, 0.0, -0.0, 0.993937, 0.109947, 0.15, -0.0, -0.109947, 0.993937, -0.0, 0.0, 0.0, 0.0, 1.0]
            ]
        },
        {
            "name": "Tool_R",
            "time": [0.0, 0.5333],
            "transform": [
                [1.0, 0.0, 0.0, 0.0, 0.0, -0.999836, 0.018122, 0.136429, 0.0, -0.018122, -0.999242, 0.0, 0.0, 0.0, 0.0, 1.0],
                [1.0, 0.0, 0.0, 0.0, 0.0, -0.999836, 0.018122, 0.136429, 0.0, -0.018122, -0.999242, 0.0, 0.0, 0.0, 0.0, 1.0]
            ]
        },
        {
            "name": "Shoulder_L",
            "time": [0.0, 0.5333],
            "transform": [
                [0.0, -0.952114, -0.305743, 0.0, 0.0, -0.305743, 0.952114, 0.2, -1.0, 0.0, 0.0, 0.0, 0.0, 0.0, 0.0, 1.0],
                [0.0, -0.952114, -0.305743, 0.0, 0.0, -0.305743, 0.952114, 0.2, -1.0, 0.0, 0.0, 0.0, 0.0, 0.0, 0.0, 1.0]
            ]
        },
        {
            "name": "Arm_L",
            "time": [0.0, 0.5333],
            "transform": [
                [-0.0, 0.233566, 0.972341, -0.0, -0.952114, 0.297287, -0.071411, 0.19693, -0.305744, -0.925779, 0.222381, -0.0, 0.0, 0.0, 0.0, 1.0],
                [-0.0, 0.233566, 0.972341, -0.0, -0.952114, 0.297287, -0.071411, 0.19693, -0.305744, -0.925779, 0.222381, -0.0, 0.0, 0.0, 0.0, 1.0]
            ]
        },
        {
            "name": "Hand_L",
            "time": [0.0, 0.5333],
            "transform": [
                [1.0, 0.0, 0.0, -0.0, -0.0, 0.993937, 0.109947, 0.15, -0.0, -0.109947, 0.993937, 0.0, 0.0, 0.0, 0.0, 1.0],
                [1.0, 0.0, 0.0, -0.0, -0.0, 0.993937, 0.109947, 0.15, -0.0, -0.109947, 0.993937, 0.0, 0.0, 0.0, 0.0, 1.0]
            ]
        },
        {
            "name": "Tool_L",
            "time": [0.0, 0.5333],
            "transform": [
                [1.0, 0.0, 0.0, -0.0, 0.0, -0.999836, 0.018122, 0.136429, 0.0, -0.018122, -0.999242, -0.0, 0.0, 0.0, 0.0, 1.0],
                [1.0, 0.0, 0.0, -0.0, 0.0, -0.999836, 0.018122, 0.136429, 0.0, -0.018122, -0.999242, -0.0, 0.0, 0.0, 0.0, 1.0]
            ]
        },
        {
            "name": "Wing_L",
            "time": [0.0, 0.1667, 0.3667, 0.5333],
            "transform": [
                [-0.682242, -0.668789, 0.295411, 0.0, -0.370998, 0.66484, 0.648343, 0.11082, -0.630005, 0.33273, -0.701701, 0.058871, 0.0, 0.0, 0.0, 1.0],
                [0.462362, -0.710285, -0.530769, 0.0, -0.486096, -0.703674, 0.518221, 0.114664, -0.741573, 0.018399, -0.670619, 0.06273, 0.0, 0.0, 0.0, 1.0],
                [-0.47519, -0.869345, 0.135768, 0.0, -0.52722, 0.404856, 0.747081, 0.108266, -0.704438, 0.283426, -0.65072, 0.056024, 0.0, 0.0, 0.0, 1.0],
                [-0.682242, -0.668789, 0.295411, 0.0, -0.370998, 0.66484, 0.648343, 0.11082, -0.630005, 0.33273, -0.701701, 0.058871, 0.0, 0.0, 0.0, 1.0]
            ]
        },
        {
            "name": "Wing_R",
            "time": [0.0, 0.1667, 0.3667, 0.5333],
            "transform": [
                [-0.681027, 0.669428, -0.296762, 0.0, 0.368377, 0.663461, 0.651244, 0.11082, 0.632851, 0.334194, -0.698436, 0.058871, 0.0, 0.0, 0.0, 1.0],
                [0.434752, 0.709619, 0.554465, 0.0, 0.466255, -0.704117, 0.535561, 0.114664, 0.770453, 0.025686, -0.636979, 0.06273, 0.0, 0.0, 0.0, 1.0],
                [-0.477376, 0.868301, -0.134782, 0.0, 0.517322, 0.40171, 0.75565, 0.108266, 0.710275, 0.291003, -0.640958, 0.056024, 0.0, 0.0, 0.0, 1.0],
                [-0.681027, 0.669428, -0.296762, 0.0, 0.368377, 0.663461, 0.651244, 0.11082, 0.632851, 0.334194, -0.698436, 0.058871, 0.0, 0.0, 0.0, 1.0]
            ]
        }
    ]
}