{
    "animation": [
        {
            "name": "Root",
            "time": [0.0, 0.5333],
            "transform": [
                [1.0, 0.0, 0.0, -5e-06, 0.0, 0.244004, -0.969774, 0.004685, 0.0, 0.969774, 0.244004, 0.74875, 0.0, 0.0, 0.0, 1.0],
                [1.0, 0.0, 0.0, -5e-06, 0.0, 0.244004, -0.969774, 0.004685, 0.0, 0.969774, 0.244004, 0.74875, 0.0, 0.0, 0.0, 1.0]
            ]
        },
        {
            "name": "Thigh_R",
            "time": [0.0, 0.5333],
            "transform": [
                [1.0, -0.0, -0.0, 0.100288, -0.0, -1.0, 0.0, 0.048133, -0.0, -0.0, -1.0, 0.002511, 0.0, 0.0, 0.0, 1.0],
                [1.0, -0.0, -0.0, 0.100288, -0.0, -1.0, 0.0, 0.048133, -0.0, -0.0, -1.0, 0.002511, 0.0, 0.0, 0.0, 1.0]
            ]
        },
        {
            "name": "Leg_R",
            "time": [0.0, 0.5333],
            "transform": [
                [1.0, 0.0, 0.0, 0.0, -0.0, 1.0, 0.0, 0.300655, -0.0, -0.0, 1.0, 0.0, 0.0, 0.0, 0.0, 1.0],
                [1.0, 0.0, 0.0, 0.0, -0.0, 1.0, 0.0, 0.300655, -0.0, -0.0, 1.0, 0.0, 0.0, 0.0, 0.0, 1.0]
            ]
        },
        {
            "name": "Thigh_L",
            "time": [0.0, 0.5333],
            "transform": [
                [1.0, -0.0, -0.0, -0.100298, -0.0, -1.0, 0.0, 0.048133, -0.0, -0.0, -1.0, 0.002511, 0.0, 0.0, 0.0, 1.0],
                [1.0, -0.0, -0.0, -0.100298, -0.0, -1.0, 0.0, 0.048133, -0.0, -0.0, -1.0, 0.002511, 0.0, 0.0, 0.0, 1.0]
            ]
        },
        {
            "name": "Leg_L",
            "time": [0.0, 0.5333],
            "transform": [
                [1.0, 0.0, 0.0, 0.0, -0.0, 1.0, 0.0, 0.300655, -0.0, -0.0, 1.0, 0.0, 0.0, 0.0, 0.0, 1.0],
                [1.0, 0.0, 0.0, 0.0, -0.0, 1.0, 0.0, 0.300655, -0.0, -0.0, 1.0, 0.0, 0.0, 0.0, 0.0, 1.0]
            ]
        },
        {
            "name": "Torso",
            "time": [0.0, 0.5333],
            "transform": [
                [1.0, 0.0, 0.0, 0.0, 0.0, 1.0, 0.0, 0.049699, 0.0, 0.0, 1.0, 0.0, 0.0, 0.0, 0.0, 1.0],
                [1.0, 0.0, 0.0, 0.0, 0.0, 1.0, 0.0, 0.049699, 0.0, 0.0, 1.0, 0.0, 0.0, 0.0, 0.0, 1.0]
            ]
        },
        {
            "name": "Chest",
            "time": [0.0, 0.5333],
            "transform": [
                [1.0, 0.0, 0.0, 0.0, 0.0, 1.0, 0.0, 0.298195, 0.0, 0.0, 1.0, -0.0, 0.0, 0.0, 0.0, 1.0],
                [1.0, 0.0, 0.0, 0.0, 0.0, 1.0, 0.0, 0.298195, 0.0, 0.0, 1.0, -0.0, 0.0, 0.0, 0.0, 1.0]
            ]
        },
        {
            "name": "Head",
            "time": [0.0, 0.5333],
            "transform": [
                [1.0, -0.0, 0.0, 0.0, 0.0, 0.970526, -0.240995, 0.397594, 0.0, 0.240995, 0.970526, 0.0, 0.0, 0.0, 0.0, 1.0],
                [1.0, -0.0, 0.0, 0.0, 0.0, 0.970526, -0.240995, 0.397594, 0.0, 0.240995, 0.970526, 0.0, 0.0, 0.0, 0.0, 1.0]
            ]
        },
        {
            "name": "Shoulder_R",
            "time": [0.0, 0.5333],
            "transform": [
                [0.093479, 0.952114, 0.291102, 0.0, 0.291103, -0.305743, 0.906521, 0.397594, 0.952114, 0.0, -0.305743, 0.0, 0.0, 0.0, 0.0, 1.0],
                [0.093479, 0.952114, 0.291102, 0.0, 0.291103, -0.305743, 0.906521, 0.397594, 0.952114, 0.0, -0.305743, 0.0, 0.0, 0.0, 0.0, 1.0]
            ]
        },
        {
            "name": "Arm_R",
            "time": [0.0, 0.5333],
            "transform": [
                [0.093479, -0.505432, -0.857788, 0.0, 0.952114, 0.297287, -0.071411, 0.391491, 0.291102, -0.810036, 0.509019, 0.0, 0.0, 0.0, 0.0, 1.0],
                [0.093479, -0.505432, -0.857788, 0.0, 0.952114, 0.297287, -0.071411, 0.391491, 0.291102, -0.810036, 0.509019, 0.0, 0.0, 0.0, 0.0, 1.0]
            ]
        },
        {
            "name": "Hand_R",
            "time": [0.0, 0.5333],
            "transform": [
                [1.0, 0.0, -0.0, 0.0, -0.0, 0.993937, 0.109947, 0.298195, 0.0, -0.109947, 0.993937, -0.0, 0.0, 0.0, 0.0, 1.0],
                [1.0, 0.0, -0.0, 0.0, -0.0, 0.993937, 0.109947, 0.298195, 0.0, -0.109947, 0.993937, -0.0, 0.0, 0.0, 0.0, 1.0]
            ]
        },
        {
            "name": "Tool_R",
            "time": [0.0, 0.5333],
            "transform": [
                [1.0, 0.0, -0.0, 0.0, 0.0, -0.999836, 0.018122, 0.271217, -0.0, -0.018122, -0.999235, -0.0, 0.0, 0.0, 0.0, 1.0],
                [1.0, 0.0, -0.0, 0.0, 0.0, -0.999836, 0.018122, 0.271217, -0.0, -0.018122, -0.999235, -0.0, 0.0, 0.0, 0.0, 1.0]
            ]
        },
        {
            "name": "Shoulder_L",
            "time": [0.0, 0.5333],
            "transform": [
                [0.093479, -0.952114, -0.291103, 0.0, -0.291103, -0.305743, 0.906521, 0.397594, -0.952114, -0.0, -0.305743, 0.0, 0.0, 0.0, 0.0, 1.0],
                [0.093479, -0.952114, -0.291103, 0.0, -0.291103, -0.305743, 0.906521, 0.397594, -0.952114, -0.0, -0.305743, 0.0, 0.0, 0.0, 0.0, 1.0]
            ]
        },
        {
            "name": "Arm_L",
            "time": [0.0, 0.5333],
            "transform": [
                [0.093479, 0.505432, 0.857788, 0.0, -0.952114, 0.297287, -0.071411, 0.391491, -0.291103, -0.810036, 0.509019, 0.0, 0.0, 0.0, 0.0, 1.0],
                [0.093479, 0.505432, 0.857788, 0.0, -0.952114, 0.297287, -0.071411, 0.391491, -0.291103, -0.810036, 0.509019, 0.0, 0.0, 0.0, 0.0, 1.0]
            ]
        },
        {
            "name": "Hand_L",
            "time": [0.0, 0.5333],
            "transform": [
                [1.0, -0.0, 0.0, -0.0, 0.0, 0.993937, 0.109947, 0.298195, -0.0, -0.109947, 0.993937, -0.0, 0.0, 0.0, 0.0, 1.0],
                [1.0, -0.0, 0.0, -0.0, 0.0, 0.993937, 0.109947, 0.298195, -0.0, -0.109947, 0.993937, -0.0, 0.0, 0.0, 0.0, 1.0]
            ]
        },
        {
            "name": "Tool_L",
            "time": [0.0, 0.5333],
            "transform": [
                [1.0, -0.0, -0.0, -0.0, 0.0, -0.999836, 0.018122, 0.271216, -0.0, -0.018122, -0.999968, 0.0, 0.0, 0.0, 0.0, 1.0],
                [1.0, -0.0, -0.0, -0.0, 0.0, -0.999836, 0.018122, 0.271216, -0.0, -0.018122, -0.999968, 0.0, 0.0, 0.0, 0.0, 1.0]
            ]
        },
        {
            "name": "Wing_L",
            "time": [0.0, 0.1667, 0.3667, 0.5333],
            "transform": [
                [-0.682242, -0.668789, 0.295411, 0.0, -0.370998, 0.66484, 0.648343, 0.303944, -0.630005, 0.33273, -0.701701, 0.027167, 0.0, 0.0, 0.0, 1.0],
                [0.462362, -0.710285, -0.530769, 0.0, -0.486096, -0.703674, 0.518221, 0.307787, -0.741573, 0.018399, -0.670619, 0.031027, 0.0, 0.0, 0.0, 1.0],
                [-0.47519, -0.869345, 0.135768, 0.0, -0.52722, 0.404856, 0.747081, 0.30139, -0.704438, 0.283426, -0.65072, 0.02432, 0.0, 0.0, 0.0, 1.0],
                [-0.682242, -0.668789, 0.295411, 0.0, -0.370998, 0.66484, 0.648343, 0.303944, -0.630005, 0.33273, -0.701701, 0.027167, 0.0, 0.0, 0.0, 1.0]
            ]
        },
        {
            "name": "Wing_R",
            "time": [0.0, 0.1667, 0.3667, 0.5333],
            "transform": [
                [-0.681027, 0.669428, -0.296762, 0.0, 0.368377, 0.663461, 0.651244, 0.303944, 0.632851, 0.334194, -0.698436, 0.027167, 0.0, 0.0, 0.0, 1.0],
                [0.434752, 0.709619, 0.554465, 0.0, 0.466255, -0.704117, 0.535561, 0.307787, 0.770453, 0.025686, -0.636979, 0.031027, 0.0, 0.0, 0.0, 1.0],
                [-0.477376, 0.868301, -0.134782, 0.0, 0.517322, 0.40171, 0.75565, 0.30139, 0.710275, 0.291003, -0.640958, 0.02432, 0.0, 0.0, 0.0, 1.0],
                [-0.681027, 0.669428, -0.296762, 0.0, 0.368377, 0.663461, 0.651244, 0.303944, 0.632851, 0.334194, -0.698436, 0.027167, 0.0, 0.0, 0.0, 1.0]
            ]
        }
    ]
}