{
    "animation": [
        {
            "name": "Root",
            "time": [0.0, 0.05],
            "transform": [
                [1.0, 0.0, 0.0, -5e-06, 0.0, -0.236682, -0.971587, 0.004685, 0.0, 0.971587, -0.236682, 0.74875, 0.0, 0.0, 0.0, 1.0],
                [1.0, 0.0, 0.0, -5e-06, 0.0, -0.236682, -0.971587, 0.004685, 0.0, 0.971587, -0.236682, 0.74875, 0.0, 0.0, 0.0, 1.0]
            ]
        },
        {
            "name": "Thigh_R",
            "time": [0.0, 0.05],
            "transform": [
                [1.0, -0.0, -0.0, 0.100288, -0.0, -1.0, 0.0, 0.048133, -0.0, -0.0, -1.0, 0.002511, 0.0, 0.0, 0.0, 1.0],
                [1.0, -0.0, -0.0, 0.100288, -0.0, -1.0, 0.0, 0.048133, -0.0, -0.0, -1.0, 0.002511, 0.0, 0.0, 0.0, 1.0]
            ]
        },
        {
            "name": "Leg_R",
            "time": [0.0, 0.05],
            "transform": [
                [1.0, 0.0, 0.0, -0.0, -0.0, 1.0, 0.0, 0.300655, -0.0, -0.0, 1.0, -0.0, 0.0, 0.0, 0.0, 1.0],
                [1.0, 0.0, 0.0, -0.0, -0.0, 1.0, 0.0, 0.300655, -0.0, -0.0, 1.0, -0.0, 0.0, 0.0, 0.0, 1.0]
            ]
        },
        {
            "name": "Thigh_L",
            "time": [0.0, 0.05],
            "transform": [
                [1.0, -0.0, -0.0, -0.100298, -0.0, -1.0, 0.0, 0.048133, -0.0, -0.0, -1.0, 0.002511, 0.0, 0.0, 0.0, 1.0],
                [1.0, -0.0, -0.0, -0.100298, -0.0, -1.0, 0.0, 0.048133, -0.0, -0.0, -1.0, 0.002511, 0.0, 0.0, 0.0, 1.0]
            ]
        },
        {
            "name": "Leg_L",
            "time": [0.0, 0.05],
            "transform": [
                [1.0, 0.0, 0.0, 0.0, -0.0, 1.0, 0.0, 0.300655, -0.0, -0.0, 1.0, -0.0, 0.0, 0.0, 0.0, 1.0],
                [1.0, 0.0, 0.0, 0.0, -0.0, 1.0, 0.0, 0.300655, -0.0, -0.0, 1.0, -0.0, 0.0, 0.0, 0.0, 1.0]
            ]
        },
        {
            "name": "Torso",
            "time": [0.0, 0.05],
            "transform": [
                [1.0, 0.0, 0.0, 0.0, 0.0, 0.794948, 0.606678, 0.049699, 0.0, -0.606678, 0.794948, 0.0, 0.0, 0.0, 0.0, 1.0],
                [1.0, 0.0, 0.0, 0.0, 0.0, 0.794948, 0.606678, 0.049699, 0.0, -0.606678, 0.794948, 0.0, 0.0, 0.0, 0.0, 1.0]
            ]
        },
        {
            "name": "Chest",
            "time": [0.0, 0.05],
            "transform": [
                [1.0, 0.0, 0.0, 0.0, 0.0, 1.0, 0.0, 0.298195, 0.0, 0.0, 1.0, 0.0, 0.0, 0.0, 0.0, 1.0],
                [1.0, 0.0, 0.0, 0.0, 0.0, 1.0, 0.0, 0.298195, 0.0, 0.0, 1.0, 0.0, 0.0, 0.0, 0.0, 1.0]
            ]
        },
        {
            "name": "Head",
            "time": [0.0, 0.05],
            "transform": [
                [1.0, 0.0, 0.0, 0.0, -0.0, 0.913036, 0.40788, 0.397594, 0.0, -0.40788, 0.913036, 0.0, 0.0, 0.0, 0.0, 1.0],
                [1.0, 0.0, 0.0, 0.0, -0.0, 0.913036, 0.40788, 0.397594, 0.0, -0.40788, 0.913036, 0.0, 0.0, 0.0, 0.0, 1.0]
            ]
        },
        {
            "name": "Shoulder_R",
            "time": [0.0, 0.05],
            "transform": [
                [0.093479, 0.952114, 0.291102, 0.0, 0.291103, -0.305743, 0.906521, 0.397594, 0.952114, 0.0, -0.305743, 0.0, 0.0, 0.0, 0.0, 1.0],
                [0.093479, 0.952114, 0.291102, 0.0, 0.291103, -0.305743, 0.906521, 0.397594, 0.952114, 0.0, -0.305743, 0.0, 0.0, 0.0, 0.0, 1.0]
            ]
        },
        {
            "name": "Arm_R",
            "time": [0.0, 0.05],
            "transform": [
                [0.168272, 0.057365, -0.98407, -0.0, 0.69734, 0.698661, 0.15997, 0.391491, 0.696708, -0.71315, 0.077562, 0.0, 0.0, 0.0, 0.0, 1.0],
                [0.168272, 0.057365, -0.98407, -0.0, 0.69734, 0.698661, 0.15997, 0.391491, 0.696708, -0.71315, 0.077562, 0.0, 0.0, 0.0, 0.0, 1.0]
            ]
        },
        {
            "name": "Hand_R",
            "time": [0.0, 0.05],
            "transform": [
                [1.0, 0.0, -0.0, 0.0, 0.0, 0.993937, 0.109947, 0.298195, 0.0, -0.109947, 0.993937, -0.0, 0.0, 0.0, 0.0, 1.0],
                [1.0, 0.0, -0.0, 0.0, 0.0, 0.993937, 0.109947, 0.298195, 0.0, -0.109947, 0.993937, -0.0, 0.0, 0.0, 0.0, 1.0]
            ]
        },
        {
            "name": "Tool_R",
            "time": [0.0, 0.05],
            "transform": [
                [1.0, 0.0, 0.0, 0.0, -0.0, -0.783039, -0.621973, 0.271216, 0.0, 0.621591, -0.782575, 0.0, 0.0, 0.0, 0.0, 1.0],
                [1.0, 0.0, 0.0, 0.0, -0.0, -0.783039, -0.621973, 0.271216, 0.0, 0.621591, -0.782575, 0.0, 0.0, 0.0, 0.0, 1.0]
            ]
        },
        {
            "name": "Shoulder_L",
            "time": [0.0, 0.05],
            "transform": [
                [0.093479, -0.952114, -0.291103, 0.0, -0.291103, -0.305743, 0.906521, 0.397594, -0.952114, -0.0, -0.305743, 0.0, 0.0, 0.0, 0.0, 1.0],
                [0.093479, -0.952114, -0.291103, 0.0, -0.291103, -0.305743, 0.906521, 0.397594, -0.952114, -0.0, -0.305743, 0.0, 0.0, 0.0, 0.0, 1.0]
            ]
        },
        {
            "name": "Arm_L",
            "time": [0.0, 0.05],
            "transform": [
                [0.143182, -0.105785, 0.984027, 0.0, -0.696886, 0.695216, 0.176139, 0.391491, -0.702744, -0.710974, 0.025823, -0.0, 0.0, 0.0, 0.0, 1.0],
                [0.143182, -0.105785, 0.984027, 0.0, -0.696886, 0.695216, 0.176139, 0.391491, -0.702744, -0.710974, 0.025823, -0.0, 0.0, 0.0, 0.0, 1.0]
            ]
        },
        {
            "name": "Hand_L",
            "time": [0.0, 0.05],
            "transform": [
                [1.0, 0.0, 0.0, -0.0, -0.0, 0.993937, 0.109947, 0.298195, -0.0, -0.109947, 0.993937, -0.0, 0.0, 0.0, 0.0, 1.0],
                [1.0, 0.0, 0.0, -0.0, -0.0, 0.993937, 0.109947, 0.298195, -0.0, -0.109947, 0.993937, -0.0, 0.0, 0.0, 0.0, 1.0]
            ]
        },
        {
            "name": "Tool_L",
            "time": [0.0, 0.05],
            "transform": [
                [1.0, 0.0, 0.0, 0.0, -0.0, -0.999836, 0.018122, 0.271217, 0.0, -0.018122, -0.999968, -0.0, 0.0, 0.0, 0.0, 1.0],
                [1.0, 0.0, 0.0, 0.0, -0.0, -0.999836, 0.018122, 0.271217, 0.0, -0.018122, -0.999968, -0.0, 0.0, 0.0, 0.0, 1.0]
            ]
        },
        {
            "name": "Wing_L",
            "time": [0.0, 0.05],
            "transform": [
                [-0.326524, -0.943543, 0.055754, 0.0, -0.595221, 0.251088, 0.763326, 0.30139, -0.73423, 0.216058, -0.643603, 0.02432, 0.0, 0.0, 0.0, 1.0],
                [-0.326524, -0.943543, 0.055754, 0.0, -0.595221, 0.251088, 0.763326, 0.30139, -0.73423, 0.216058, -0.643603, 0.02432, 0.0, 0.0, 0.0, 1.0]
            ]
        },
        {
            "name": "Wing_R",
            "time": [0.0, 0.05],
            "transform": [
                [-0.335855, 0.940256, -0.055855, 0.0, 0.583616, 0.254277, 0.771191, 0.30139, 0.73932, 0.226411, -0.634149, 0.02432, 0.0, 0.0, 0.0, 1.0],
                [-0.335855, 0.940256, -0.055855, 0.0, 0.583616, 0.254277, 0.771191, 0.30139, 0.73932, 0.226411, -0.634149, 0.02432, 0.0, 0.0, 0.0, 1.0]
            ]
        }
    ]
}