{
    "animation": [
        {
            "name": "Root",
            "time": [0.0, 0.05],
            "transform": [
                [1.0, 0.0, 0.0, -5e-06, 0.0, -0.236682, -0.971587, -0.000927, 0.0, 0.971587, -0.236682, 0.367577, 0.0, 0.0, 0.0, 1.0],
                [1.0, 0.0, 0.0, -5e-06, 0.0, -0.236682, -0.971587, -0.000927, 0.0, 0.971587, -0.236682, 0.367577, 0.0, 0.0, 0.0, 1.0]
            ]
        },
        {
            "name": "Thigh_R",
            "time": [0.0, 0.05],
            "transform": [
                [1.0, -0.0, -0.0, 0.062497, -0.0, -1.0, 0.0, -0.001415, -0.0, -0.0, -1.0, -6e-06, 0.0, 0.0, 0.0, 1.0],
                [1.0, -0.0, -0.0, 0.062497, -0.0, -1.0, 0.0, -0.001415, -0.0, -0.0, -1.0, -6e-06, 0.0, 0.0, 0.0, 1.0]
            ]
        },
        {
            "name": "Leg_R",
            "time": [0.0, 0.05],
            "transform": [
                [1.0, 0.0, 1e-06, -0.0, -0.0, 1.0, 0.0, 0.18736, -1e-06, -0.0, 1.0, 0.0, 0.0, 0.0, 0.0, 1.0],
                [1.0, 0.0, 1e-06, -0.0, -0.0, 1.0, 0.0, 0.18736, -1e-06, -0.0, 1.0, 0.0, 0.0, 0.0, 0.0, 1.0]
            ]
        },
        {
            "name": "Thigh_L",
            "time": [0.0, 0.05],
            "transform": [
                [1.0, -0.0, -0.0, -0.062503, -0.0, -1.0, 0.0, -0.001415, -0.0, -0.0, -1.0, -6e-06, 0.0, 0.0, 0.0, 1.0],
                [1.0, -0.0, -0.0, -0.062503, -0.0, -1.0, 0.0, -0.001415, -0.0, -0.0, -1.0, -6e-06, 0.0, 0.0, 0.0, 1.0]
            ]
        },
        {
            "name": "Leg_L",
            "time": [0.0, 0.05],
            "transform": [
                [1.0, 0.0, 1e-06, 0.0, -0.0, 1.0, 0.0, 0.18736, -1e-06, -0.0, 1.0, 0.0, 0.0, 0.0, 0.0, 1.0],
                [1.0, 0.0, 1e-06, 0.0, -0.0, 1.0, 0.0, 0.18736, -1e-06, -0.0, 1.0, 0.0, 0.0, 0.0, 0.0, 1.0]
            ]
        },
        {
            "name": "Torso",
            "time": [0.0, 0.05],
            "transform": [
                [1.0, 0.0, 0.0, 0.0, 0.0, 0.794948, 0.606678, 0.025, 0.0, -0.606678, 0.794948, 0.0, 0.0, 0.0, 0.0, 1.0],
                [1.0, 0.0, 0.0, 0.0, 0.0, 0.794948, 0.606678, 0.025, 0.0, -0.606678, 0.794948, 0.0, 0.0, 0.0, 0.0, 1.0]
            ]
        },
        {
            "name": "Chest",
            "time": [0.0, 0.05],
            "transform": [
                [1.0, 0.0, 0.0, 0.0, 0.0, 1.0, 0.0, 0.15, 0.0, 0.0, 1.0, -0.0, 0.0, 0.0, 0.0, 1.0],
                [1.0, 0.0, 0.0, 0.0, 0.0, 1.0, 0.0, 0.15, 0.0, 0.0, 1.0, -0.0, 0.0, 0.0, 0.0, 1.0]
            ]
        },
        {
            "name": "Head",
            "time": [0.0, 0.05],
            "transform": [
                [1.0, 0.0, 0.0, 0.0, -0.0, 0.913036, 0.40788, 0.2, -0.0, -0.40788, 0.913036, 0.0, 0.0, 0.0, 0.0, 1.0],
                [1.0, 0.0, 0.0, 0.0, -0.0, 0.913036, 0.40788, 0.2, -0.0, -0.40788, 0.913036, 0.0, 0.0, 0.0, 0.0, 1.0]
            ]
        },
        {
            "name": "Shoulder_R",
            "time": [0.0, 0.05],
            "transform": [
                [0.0, 0.952114, 0.305743, 0.0, 0.0, -0.305743, 0.952114, 0.2, 1.0, 0.0, -0.0, 0.0, 0.0, 0.0, 0.0, 1.0],
                [0.0, 0.952114, 0.305743, 0.0, 0.0, -0.305743, 0.952114, 0.2, 1.0, 0.0, -0.0, 0.0, 0.0, 0.0, 0.0, 1.0]
            ]
        },
        {
            "name": "Arm_R",
            "time": [0.0, 0.05],
            "transform": [
                [-0.052799, 0.272659, -0.960661, 0.0, 0.69734, 0.698661, 0.15997, 0.19693, 0.714793, -0.661461, -0.227024, -0.0, 0.0, 0.0, 0.0, 1.0],
                [-0.052799, 0.272659, -0.960661, 0.0, 0.69734, 0.698661, 0.15997, 0.19693, 0.714793, -0.661461, -0.227024, -0.0, 0.0, 0.0, 0.0, 1.0]
            ]
        },
        {
            "name": "Hand_R",
            "time": [0.0, 0.05],
            "transform": [
                [1.0, -0.0, 0.0, 0.0, -0.0, 0.993938, 0.109947, 0.15, -0.0, -0.109947, 0.993937, -0.0, 0.0, 0.0, 0.0, 1.0],
                [1.0, -0.0, 0.0, 0.0, -0.0, 0.993938, 0.109947, 0.15, -0.0, -0.109947, 0.993937, -0.0, 0.0, 0.0, 0.0, 1.0]
            ]
        },
        {
            "name": "Tool_R",
            "time": [0.0, 0.05],
            "transform": [
                [1.0, -0.0, 0.0, 0.0, 0.0, -0.783039, -0.621973, 0.136429, 0.0, 0.621596, -0.782581, 0.0, 0.0, 0.0, 0.0, 1.0],
                [1.0, -0.0, 0.0, 0.0, 0.0, -0.783039, -0.621973, 0.136429, 0.0, 0.621596, -0.782581, 0.0, 0.0, 0.0, 0.0, 1.0]
            ]
        },
        {
            "name": "Shoulder_L",
            "time": [0.0, 0.05],
            "transform": [
                [0.0, -0.952114, -0.305743, 0.0, 0.0, -0.305743, 0.952114, 0.2, -1.0, -0.0, 0.0, 0.0, 0.0, 0.0, 0.0, 1.0],
                [0.0, -0.952114, -0.305743, 0.0, 0.0, -0.305743, 0.952114, 0.2, -1.0, -0.0, 0.0, 0.0, 0.0, 0.0, 0.0, 1.0]
            ]
        },
        {
            "name": "Arm_L",
            "time": [0.0, 0.05],
            "transform": [
                [-0.078534, -0.318095, 0.9448, -0.0, -0.696886, 0.695216, 0.176138, 0.19693, -0.712869, -0.644585, -0.276274, 0.0, 0.0, 0.0, 0.0, 1.0],
                [-0.078534, -0.318095, 0.9448, -0.0, -0.696886, 0.695216, 0.176138, 0.19693, -0.712869, -0.644585, -0.276274, 0.0, 0.0, 0.0, 0.0, 1.0]
            ]
        },
        {
            "name": "Hand_L",
            "time": [0.0, 0.05],
            "transform": [
                [1.0, 0.0, 0.0, 0.0, -0.0, 0.993937, 0.109947, 0.15, -0.0, -0.109947, 0.993937, -0.0, 0.0, 0.0, 0.0, 1.0],
                [1.0, 0.0, 0.0, 0.0, -0.0, 0.993937, 0.109947, 0.15, -0.0, -0.109947, 0.993937, -0.0, 0.0, 0.0, 0.0, 1.0]
            ]
        },
        {
            "name": "Tool_L",
            "time": [0.0, 0.05],
            "transform": [
                [1.0, -0.0, 1e-06, 0.0, -0.0, -0.999836, 0.018122, 0.136429, 0.0, -0.018122, -0.999242, 0.0, 0.0, 0.0, 0.0, 1.0],
                [1.0, -0.0, 1e-06, 0.0, -0.0, -0.999836, 0.018122, 0.136429, 0.0, -0.018122, -0.999242, 0.0, 0.0, 0.0, 0.0, 1.0]
            ]
        },
        {
            "name": "Wing_L",
            "time": [0.0, 0.05],
            "transform": [
                [-0.326524, -0.943543, 0.055754, 0.0, -0.595221, 0.251088, 0.763326, 0.108266, -0.73423, 0.216058, -0.643603, 0.056024, 0.0, 0.0, 0.0, 1.0],
                [-0.326524, -0.943543, 0.055754, 0.0, -0.595221, 0.251088, 0.763326, 0.108266, -0.73423, 0.216058, -0.643603, 0.056024, 0.0, 0.0, 0.0, 1.0]
            ]
        },
        {
            "name": "Wing_R",
            "time": [0.0, 0.05],
            "transform": [
                [-0.335855, 0.940256, -0.055855, 0.0, 0.583616, 0.254277, 0.771191, 0.108266, 0.73932, 0.226411, -0.634149, 0.056024, 0.0, 0.0, 0.0, 1.0],
                [-0.335855, 0.940256, -0.055855, 0.0, 0.583616, 0.254277, 0.771191, 0.108266, 0.73932, 0.226411, -0.634149, 0.056024, 0.0, 0.0, 0.0, 1.0]
            ]
        }
    ]
}