{
    "animation": [
        {
            "name": "Root",
            "time": [0.0, 2.6667],
            "transform": [
                [1.0, 0.0, 0.0, -5e-06, 0.0, 0.244004, -0.969774, -0.000927, 0.0, 0.969774, 0.244004, 0.367577, 0.0, 0.0, 0.0, 1.0],
                [1.0, 0.0, 0.0, -5e-06, 0.0, 0.244004, -0.969774, -0.000927, 0.0, 0.969774, 0.244004, 0.367577, 0.0, 0.0, 0.0, 1.0]
            ]
        },
        {
            "name": "Thigh_R",
            "time": [0.0, 2.6667],
            "transform": [
                [1.0, -0.0, -0.0, 0.062497, -0.0, -1.0, 0.0, -0.001415, -0.0, -0.0, -1.0, -6e-06, 0.0, 0.0, 0.0, 1.0],
                [1.0, -0.0, -0.0, 0.062497, -0.0, -1.0, 0.0, -0.001415, -0.0, -0.0, -1.0, -6e-06, 0.0, 0.0, 0.0, 1.0]
            ]
        },
        {
            "name": "Leg_R",
            "time": [0.0, 2.6667],
            "transform": [
                [1.0, 0.0, 1e-06, -0.0, -0.0, 1.0, 0.0, 0.18736, -1e-06, -0.0, 1.0, -0.0, 0.0, 0.0, 0.0, 1.0],
                [1.0, 0.0, 1e-06, -0.0, -0.0, 1.0, 0.0, 0.18736, -1e-06, -0.0, 1.0, -0.0, 0.0, 0.0, 0.0, 1.0]
            ]
        },
        {
            "name": "Thigh_L",
            "time": [0.0, 2.6667],
            "transform": [
                [1.0, -0.0, -0.0, -0.062503, -0.0, -1.0, 0.0, -0.001415, -0.0, -0.0, -1.0, -6e-06, 0.0, 0.0, 0.0, 1.0],
                [1.0, -0.0, -0.0, -0.062503, -0.0, -1.0, 0.0, -0.001415, -0.0, -0.0, -1.0, -6e-06, 0.0, 0.0, 0.0, 1.0]
            ]
        },
        {
            "name": "Leg_L",
            "time": [0.0, 2.6667],
            "transform": [
                [1.0, 0.0, 1e-06, 0.0, -0.0, 1.0, 0.0, 0.18736, -1e-06, -0.0, 1.0, 0.0, 0.0, 0.0, 0.0, 1.0],
                [1.0, 0.0, 1e-06, 0.0, -0.0, 1.0, 0.0, 0.18736, -1e-06, -0.0, 1.0, 0.0, 0.0, 0.0, 0.0, 1.0]
            ]
        },
        {
            "name": "Torso",
            "time": [0.0, 1.3333, 2.6667],
            "transform": [
                [1.0, 0.0, 0.0, 0.0, 0.0, 1.0, 0.0, 0.025, 0.0, 0.0, 1.0, 0.0, 0.0, 0.0, 0.0, 1.0],
                [1.0, 0.0, 0.0, 0.0, 0.0, 0.99433, -0.106339, 0.025, 0.0, 0.106339, 0.99433, 0.0, 0.0, 0.0, 0.0, 1.0],
                [1.0, 0.0, 0.0, 0.0, 0.0, 1.0, 0.0, 0.025, 0.0, 0.0, 1.0, 0.0, 0.0, 0.0, 0.0, 1.0]
            ]
        },
        {
            "name": "Chest",
            "time": [0.0, 2.6667],
            "transform": [
                [1.0, 0.0, 0.0, 0.0, 0.0, 1.0, 0.0, 0.15, 0.0, 0.0, 1.0, 0.0, 0.0, 0.0, 0.0, 1.0],
                [1.0, 0.0, 0.0, 0.0, 0.0, 1.0, 0.0, 0.15, 0.0, 0.0, 1.0, 0.0, 0.0, 0.0, 0.0, 1.0]
            ]
        },
        {
            "name": "Head",
            "time": [0.0, 1.3333, 2.6667],
            "transform": [
                [1.0, 0.0, 0.0, 0.0, 0.0, 0.970526, -0.240995, 0.2, -0.0, 0.240995, 0.970526, 0.0, 0.0, 0.0, 0.0, 1.0],
                [1.0, 0.0, 0.0, -0.0, 0.0, 0.989995, -0.1411, 0.2, -0.0, 0.1411, 0.989995, 0.0, 0.0, 0.0, 0.0, 1.0],
                [1.0, 0.0, 0.0, 0.0, 0.0, 0.970526, -0.240995, 0.2, -0.0, 0.240995, 0.970526, 0.0, 0.0, 0.0, 0.0, 1.0]
            ]
        },
        {
            "name": "Shoulder_R",
            "time": [0.0, 2.6667],
            "transform": [
                [0.0, 0.952114, 0.305743, 0.0, 0.0, -0.305743, 0.952114, 0.2, 1.0, 0.0, -0.0, 0.0, 0.0, 0.0, 0.0, 1.0],
                [0.0, 0.952114, 0.305743, 0.0, 0.0, -0.305743, 0.952114, 0.2, 1.0, 0.0, -0.0, 0.0, 0.0, 0.0, 0.0, 1.0]
            ]
        },
        {
            "name": "Arm_R",
            "time": [0.0, 1.3333, 2.6667],
            "transform": [
                [0.0, -0.233566, -0.972341, 0.0, 0.952114, 0.297287, -0.071411, 0.19693, 0.305743, -0.925779, 0.222382, 0.0, 0.0, 0.0, 0.0, 1.0],
                [0.004394, -0.233497, -0.972347, 0.0, 0.942106, 0.326987, -0.074265, 0.19693, 0.335286, -0.915728, 0.221416, 0.0, 0.0, 0.0, 0.0, 1.0],
                [0.0, -0.233566, -0.972341, 0.0, 0.952114, 0.297287, -0.071411, 0.19693, 0.305743, -0.925779, 0.222382, 0.0, 0.0, 0.0, 0.0, 1.0]
            ]
        },
        {
            "name": "Hand_R",
            "time": [0.0, 2.6667],
            "transform": [
                [1.0, 0.0, 0.0, 0.0, -0.0, 0.993937, 0.109947, 0.15, -0.0, -0.109947, 0.993937, -0.0, 0.0, 0.0, 0.0, 1.0],
                [1.0, 0.0, 0.0, 0.0, -0.0, 0.993937, 0.109947, 0.15, -0.0, -0.109947, 0.993937, -0.0, 0.0, 0.0, 0.0, 1.0]
            ]
        },
        {
            "name": "Tool_R",
            "time": [0.0, 2.6667],
            "transform": [
                [1.0, -0.0, 0.0, 0.0, 0.0, -0.783039, -0.621973, 0.136429, 0.0, 0.621596, -0.782581, 0.0, 0.0, 0.0, 0.0, 1.0],
                [1.0, -0.0, 0.0, 0.0, 0.0, -0.783039, -0.621973, 0.136429, 0.0, 0.621596, -0.782581, 0.0, 0.0, 0.0, 0.0, 1.0]
            ]
        },
        {
            "name": "Shoulder_L",
            "time": [0.0, 2.6667],
            "transform": [
                [0.0, -0.952114, -0.305743, 0.0, 0.0, -0.305743, 0.952114, 0.2, -1.0, 0.0, 0.0, 0.0, 0.0, 0.0, 0.0, 1.0],
                [0.0, -0.952114, -0.305743, 0.0, 0.0, -0.305743, 0.952114, 0.2, -1.0, 0.0, 0.0, 0.0, 0.0, 0.0, 0.0, 1.0]
            ]
        },
        {
            "name": "Arm_L",
            "time": [0.0, 1.3333, 2.6667],
            "transform": [
                [-0.0, 0.233566, 0.972341, -0.0, -0.952114, 0.297287, -0.071411, 0.19693, -0.305744, -0.925779, 0.222381, -0.0, 0.0, 0.0, 0.0, 1.0],
                [0.003752, 0.233516, 0.972346, -0.0, -0.943625, 0.322673, -0.073851, 0.19693, -0.330995, -0.917253, 0.221562, -0.0, 0.0, 0.0, 0.0, 1.0],
                [-0.0, 0.233566, 0.972341, -0.0, -0.952114, 0.297287, -0.071411, 0.19693, -0.305744, -0.925779, 0.222381, -0.0, 0.0, 0.0, 0.0, 1.0]
            ]
        },
        {
            "name": "Hand_L",
            "time": [0.0, 2.6667],
            "transform": [
                [1.0, 0.0, 0.0, -0.0, -0.0, 0.993937, 0.109947, 0.15, -0.0, -0.109947, 0.993937, 0.0, 0.0, 0.0, 0.0, 1.0],
                [1.0, 0.0, 0.0, -0.0, -0.0, 0.993937, 0.109947, 0.15, -0.0, -0.109947, 0.993937, 0.0, 0.0, 0.0, 0.0, 1.0]
            ]
        },
        {
            "name": "Tool_L",
            "time": [0.0, 2.6667],
            "transform": [
                [1.0, 0.0, 0.0, -0.0, 0.0, -0.999836, 0.018122, 0.136429, 0.0, -0.018122, -0.999242, -0.0, 0.0, 0.0, 0.0, 1.0],
                [1.0, 0.0, 0.0, -0.0, 0.0, -0.999836, 0.018122, 0.136429, 0.0, -0.018122, -0.999242, -0.0, 0.0, 0.0, 0.0, 1.0]
            ]
        },
        {
            "name": "Wing_L",
            "time": [0.0, 2.6667],
            "transform": [
                [0.0, -1.0, 0.0, 0.0, -0.0, 0.0, 1.0, 0.195475, -1.0, 0.0, -0.0, 0.061537, 0.0, 0.0, 0.0, 1.0],
                [0.0, -1.0, 0.0, 0.0, -0.0, 0.0, 1.0, 0.195475, -1.0, 0.0, -0.0, 0.061537, 0.0, 0.0, 0.0, 1.0]
            ]
        },
        {
            "name": "Wing_R",
            "time": [0.0, 2.6667],
            "transform": [
                [0.0, 1.0, 0.0, 0.0, 0.0, 0.0, 1.0, 0.195475, 1.0, 0.0, -0.0, 0.061537, 0.0, 0.0, 0.0, 1.0],
                [0.0, 1.0, 0.0, 0.0, 0.0, 0.0, 1.0, 0.195475, 1.0, 0.0, -0.0, 0.061537, 0.0, 0.0, 0.0, 1.0]
            ]
        }
    ]
}