{
    "animation": [
        {
            "name": "Root",
            "time": [0.0, 2.6667],
            "transform": [
                [1.0, 0.0, 0.0, -5e-06, 0.0, 0.244004, -0.969774, 0.004685, 0.0, 0.969774, 0.244004, 0.74875, 0.0, 0.0, 0.0, 1.0],
                [1.0, 0.0, 0.0, -5e-06, 0.0, 0.244004, -0.969774, 0.004685, 0.0, 0.969774, 0.244004, 0.74875, 0.0, 0.0, 0.0, 1.0]
            ]
        },
        {
            "name": "Thigh_R",
            "time": [0.0, 2.6667],
            "transform": [
                [1.0, -0.0, -0.0, 0.100288, -0.0, -1.0, 0.0, 0.048133, -0.0, -0.0, -1.0, 0.002511, 0.0, 0.0, 0.0, 1.0],
                [1.0, -0.0, -0.0, 0.100288, -0.0, -1.0, 0.0, 0.048133, -0.0, -0.0, -1.0, 0.002511, 0.0, 0.0, 0.0, 1.0]
            ]
        },
        {
            "name": "Leg_R",
            "time": [0.0, 2.6667],
            "transform": [
                [1.0, 0.0, 0.0, 0.0, -0.0, 1.0, 0.0, 0.300655, -0.0, -0.0, 1.0, 0.0, 0.0, 0.0, 0.0, 1.0],
                [1.0, 0.0, 0.0, 0.0, -0.0, 1.0, 0.0, 0.300655, -0.0, -0.0, 1.0, 0.0, 0.0, 0.0, 0.0, 1.0]
            ]
        },
        {
            "name": "Thigh_L",
            "time": [0.0, 2.6667],
            "transform": [
                [1.0, -0.0, -0.0, -0.100298, -0.0, -1.0, 0.0, 0.048133, -0.0, -0.0, -1.0, 0.002511, 0.0, 0.0, 0.0, 1.0],
                [1.0, -0.0, -0.0, -0.100298, -0.0, -1.0, 0.0, 0.048133, -0.0, -0.0, -1.0, 0.002511, 0.0, 0.0, 0.0, 1.0]
            ]
        },
        {
            "name": "Leg_L",
            "time": [0.0, 2.6667],
            "transform": [
                [1.0, 0.0, 0.0, 0.0, -0.0, 1.0, 0.0, 0.300655, -0.0, -0.0, 1.0, 0.0, 0.0, 0.0, 0.0, 1.0],
                [1.0, 0.0, 0.0, 0.0, -0.0, 1.0, 0.0, 0.300655, -0.0, -0.0, 1.0, 0.0, 0.0, 0.0, 0.0, 1.0]
            ]
        },
        {
            "name": "Torso",
            "time": [0.0, 1.3333, 2.6667],
            "transform": [
                [1.0, 0.0, 0.0, 0.0, 0.0, 1.0, 0.0, 0.049699, 0.0, 0.0, 1.0, 0.0, 0.0, 0.0, 0.0, 1.0],
                [1.0, 0.0, 0.0, 0.0, 0.0, 0.99433, -0.106339, 0.049699, 0.0, 0.106339, 0.99433, 0.0, 0.0, 0.0, 0.0, 1.0],
                [1.0, 0.0, 0.0, 0.0, 0.0, 1.0, 0.0, 0.049699, 0.0, 0.0, 1.0, 0.0, 0.0, 0.0, 0.0, 1.0]
            ]
        },
        {
            "name": "Chest",
            "time": [0.0, 2.6667],
            "transform": [
                [1.0, 0.0, 0.0, 0.0, 0.0, 1.0, 0.0, 0.298195, 0.0, 0.0, 1.0, -0.0, 0.0, 0.0, 0.0, 1.0],
                [1.0, 0.0, 0.0, 0.0, 0.0, 1.0, 0.0, 0.298195, 0.0, 0.0, 1.0, -0.0, 0.0, 0.0, 0.0, 1.0]
            ]
        },
        {
            "name": "Head",
            "time": [0.0, 1.3333, 2.6667],
            "transform": [
                [1.0, -0.0, 0.0, 0.0, 0.0, 0.970526, -0.240995, 0.397594, 0.0, 0.240995, 0.970526, 0.0, 0.0, 0.0, 0.0, 1.0],
                [1.0, -0.0, 0.0, -0.0, 0.0, 0.989995, -0.1411, 0.397594, 0.0, 0.1411, 0.989995, 0.0, 0.0, 0.0, 0.0, 1.0],
                [1.0, -0.0, 0.0, 0.0, 0.0, 0.970526, -0.240995, 0.397594, 0.0, 0.240995, 0.970526, 0.0, 0.0, 0.0, 0.0, 1.0]
            ]
        },
        {
            "name": "Shoulder_R",
            "time": [0.0, 2.6667],
            "transform": [
                [0.093479, 0.952114, 0.291102, 0.0, 0.291103, -0.305743, 0.906521, 0.397594, 0.952114, 0.0, -0.305743, 0.0, 0.0, 0.0, 0.0, 1.0],
                [0.093479, 0.952114, 0.291102, 0.0, 0.291103, -0.305743, 0.906521, 0.397594, 0.952114, 0.0, -0.305743, 0.0, 0.0, 0.0, 0.0, 1.0]
            ]
        },
        {
            "name": "Arm_R",
            "time": [0.0, 1.3333, 2.6667],
            "transform": [
                [0.093479, -0.505432, -0.857788, 0.0, 0.952114, 0.297287, -0.071411, 0.391491, 0.291102, -0.810036, 0.509019, 0.0, 0.0, 0.0, 0.0, 1.0],
                [0.106694, -0.502294, -0.858089, -0.0, 0.942106, 0.326987, -0.074265, 0.391491, 0.317887, -0.800488, 0.508102, 0.0, 0.0, 0.0, 0.0, 1.0],
                [0.093479, -0.505432, -0.857788, 0.0, 0.952114, 0.297287, -0.071411, 0.391491, 0.291102, -0.810036, 0.509019, 0.0, 0.0, 0.0, 0.0, 1.0]
            ]
        },
        {
            "name": "Hand_R",
            "time": [0.0, 2.6667],
            "transform": [
                [1.0, 0.0, -0.0, 0.0, -0.0, 0.993937, 0.109947, 0.298195, 0.0, -0.109947, 0.993937, -0.0, 0.0, 0.0, 0.0, 1.0],
                [1.0, 0.0, -0.0, 0.0, -0.0, 0.993937, 0.109947, 0.298195, 0.0, -0.109947, 0.993937, -0.0, 0.0, 0.0, 0.0, 1.0]
            ]
        },
        {
            "name": "Tool_R",
            "time": [0.0, 2.6667],
            "transform": [
                [1.0, 0.0, 0.0, 0.0, 0.0, -0.783039, -0.621973, 0.271217, 0.0, 0.621591, -0.782575, -0.0, 0.0, 0.0, 0.0, 1.0],
                [1.0, 0.0, 0.0, 0.0, 0.0, -0.783039, -0.621973, 0.271217, 0.0, 0.621591, -0.782575, -0.0, 0.0, 0.0, 0.0, 1.0]
            ]
        },
        {
            "name": "Shoulder_L",
            "time": [0.0, 2.6667],
            "transform": [
                [0.093479, -0.952114, -0.291103, 0.0, -0.291103, -0.305743, 0.906521, 0.397594, -0.952114, -0.0, -0.305743, 0.0, 0.0, 0.0, 0.0, 1.0],
                [0.093479, -0.952114, -0.291103, 0.0, -0.291103, -0.305743, 0.906521, 0.397594, -0.952114, -0.0, -0.305743, 0.0, 0.0, 0.0, 0.0, 1.0]
            ]
        },
        {
            "name": "Arm_L",
            "time": [0.0, 1.3333, 2.6667],
            "transform": [
                [0.093479, 0.505432, 0.857788, 0.0, -0.952114, 0.297287, -0.071411, 0.391491, -0.291103, -0.810036, 0.509019, 0.0, 0.0, 0.0, 0.0, 1.0],
                [0.104773, 0.502778, 0.858043, -0.0, -0.943625, 0.322673, -0.07385, 0.391491, -0.313998, -0.801933, 0.508241, -0.0, 0.0, 0.0, 0.0, 1.0],
                [0.093479, 0.505432, 0.857788, 0.0, -0.952114, 0.297287, -0.071411, 0.391491, -0.291103, -0.810036, 0.509019, 0.0, 0.0, 0.0, 0.0, 1.0]
            ]
        },
        {
            "name": "Hand_L",
            "time": [0.0, 2.6667],
            "transform": [
                [1.0, -0.0, 0.0, -0.0, 0.0, 0.993937, 0.109947, 0.298195, -0.0, -0.109947, 0.993937, -0.0, 0.0, 0.0, 0.0, 1.0],
                [1.0, -0.0, 0.0, -0.0, 0.0, 0.993937, 0.109947, 0.298195, -0.0, -0.109947, 0.993937, -0.0, 0.0, 0.0, 0.0, 1.0]
            ]
        },
        {
            "name": "Tool_L",
            "time": [0.0, 2.6667],
            "transform": [
                [1.0, -0.0, -0.0, -0.0, 0.0, -0.999836, 0.018122, 0.271216, -0.0, -0.018122, -0.999968, 0.0, 0.0, 0.0, 0.0, 1.0],
                [1.0, -0.0, -0.0, -0.0, 0.0, -0.999836, 0.018122, 0.271216, -0.0, -0.018122, -0.999968, 0.0, 0.0, 0.0, 0.0, 1.0]
            ]
        },
        {
            "name": "Wing_L",
            "time": [0.0, 2.6667],
            "transform": [
                [0.0, -1.0, 0.0, 0.0, -0.0, 0.0, 1.0, 0.388599, -1.0, 0.0, -0.0, 0.029833, 0.0, 0.0, 0.0, 1.0],
                [0.0, -1.0, 0.0, 0.0, -0.0, 0.0, 1.0, 0.388599, -1.0, 0.0, -0.0, 0.029833, 0.0, 0.0, 0.0, 1.0]
            ]
        },
        {
            "name": "Wing_R",
            "time": [0.0, 2.6667],
            "transform": [
                [0.0, 1.0, 0.0, 0.0, 0.0, 0.0, 1.0, 0.388599, 1.0, 0.0, -0.0, 0.029833, 0.0, 0.0, 0.0, 1.0],
                [0.0, 1.0, 0.0, 0.0, 0.0, 0.0, 1.0, 0.388599, 1.0, 0.0, -0.0, 0.029833, 0.0, 0.0, 0.0, 1.0]
            ]
        }
    ]
}