{
    "animation": [
        {
            "name": "Root",
            "time": [0.0, 0.0833, 0.2833, 0.45, 1.3],
            "transform": [
                [0.866202, 0.076588, 0.49379, -5e-06, 0.378115, 0.545584, -0.747908, 0.004685, -0.326684, 0.834549, 0.443627, 0.74875, 0.0, 0.0, 0.0, 1.0],
                [0.896361, 0.013666, 0.443115, -5e-06, 0.421576, 0.282954, -0.861517, -0.436336, -0.137154, 0.959036, 0.247867, 0.74875, 0.0, 0.0, 0.0, 1.0],
                [1.0, 0.0, -0.0, -5e-06, 0.0, -0.162142, -0.986767, -1.385532, -0.0, 0.986767, -0.162142, 0.74875, 0.0, 0.0, 0.0, 1.0],
                [1.0, 0.0, -0.0, -5e-06, 0.0, -0.162142, -0.986767, -1.65342, -0.0, 0.986767, -0.162142, 0.74875, 0.0, 0.0, 0.0, 1.0],
                [1.0, 0.0, -0.0, -5e-06, 0.0, -0.162142, -0.986767, -1.65342, -0.0, 0.986767, -0.162142, 0.74875, 0.0, 0.0, 0.0, 1.0]
            ]
        },
        {
            "name": "Thigh_R",
            "time": [0.0, 0.0833, 0.2833, 0.45, 1.3],
            "transform": [
                [0.957845, -0.282338, -0.053096, 0.098976, -0.283805, -0.901246, -0.327431, 0.036682, 0.044593, 0.328697, -0.943382, 0.00386, 0.0, 0.0, 0.0, 1.0],
                [0.969907, -0.242154, -0.025322, 0.099177, -0.242395, -0.950584, -0.193995, 0.03844, 0.022906, 0.194295, -0.980676, 0.003653, 0.0, 0.0, 0.0, 1.0],
                [0.999895, 0.002222, 0.014341, 0.100171, -0.005187, -0.868232, 0.496131, 0.047115, 0.013554, -0.496153, -0.868129, 0.002631, 0.0, 0.0, 0.0, 1.0],
                [0.99952, 0.030057, 0.007563, 0.100288, 0.020553, -0.825429, 0.564132, 0.048133, 0.023198, -0.563705, -0.82565, 0.002511, 0.0, 0.0, 0.0, 1.0],
                [0.99952, 0.030057, 0.007563, 0.100288, 0.020553, -0.825429, 0.564132, 0.048133, 0.023198, -0.563705, -0.82565, 0.002511, 0.0, 0.0, 0.0, 1.0]
            ]
        },
        {
            "name": "Leg_R",
            "time": [0.0, 1.3],
            "transform": [
                [1.0, 1e-06, 0.0, -0.0, -1e-06, 1.0, 0.0, 0.300655, -0.0, -0.0, 1.0, 0.0, 0.0, 0.0, 0.0, 1.0],
                [1.0, 0.0, 0.0, -0.0, -0.0, 1.0, 0.0, 0.300654, -0.0, -0.0, 1.0, -0.0, 0.0, 0.0, 0.0, 1.0]
            ]
        },
        {
            "name": "Thigh_L",
            "time": [0.0, 0.0833, 0.2833, 0.45, 1.3],
            "transform": [
                [0.894447, -0.3752, -0.243289, -0.098985, -0.446045, -0.787228, -0.425813, 0.059583, -0.031759, 0.489385, -0.87149, 0.001162, 0.0, 0.0, 0.0, 1.0],
                [0.917949, -0.34923, -0.188168, -0.099187, -0.391479, -0.874165, -0.287367, 0.057826, -0.064133, 0.337452, -0.939155, 0.001369, 0.0, 0.0, 0.0, 1.0],
                [0.995609, -0.091812, -0.018235, -0.100181, -0.071247, -0.869635, 0.488528, 0.04915, -0.06071, -0.485084, -0.872358, 0.002391, 0.0, 0.0, 0.0, 1.0],
                [0.9983, -0.056528, -0.014223, -0.100298, -0.038655, -0.824644, 0.564329, 0.048133, -0.04363, -0.56282, -0.825427, 0.002511, 0.0, 0.0, 0.0, 1.0],
                [0.9983, -0.056528, -0.014223, -0.100298, -0.038655, -0.824644, 0.564329, 0.048133, -0.04363, -0.56282, -0.825427, 0.002511, 0.0, 0.0, 0.0, 1.0]
            ]
        },
        {
            "name": "Leg_L",
            "time": [0.0, 1.3],
            "transform": [
                [1.0, 0.0, 0.0, -0.0, -0.0, 1.0, 0.0, 0.300655, -0.0, -0.0, 1.0, -0.0, 0.0, 0.0, 0.0, 1.0],
                [1.0, 0.0, 0.0, 0.0, -0.0, 1.0, 0.0, 0.300654, -0.0, -0.0, 1.0, -0.0, 0.0, 0.0, 0.0, 1.0]
            ]
        },
        {
            "name": "Torso",
            "time": [0.0, 0.0833, 0.2833, 1.3],
            "transform": [
                [1.0, 0.0, 0.0, -0.0, 0.0, 1.0, -0.0, 0.049699, -0.0, -0.0, 1.0, -0.0, 0.0, 0.0, 0.0, 1.0],
                [1.0, 0.0, -0.0, -0.0, -0.0, 1.0, 0.0, 0.049699, -0.0, -0.0, 1.0, 0.0, 0.0, 0.0, 0.0, 1.0],
                [1.0, -0.0, 0.0, -0.0, 0.0, 0.996207, -0.087009, 0.049699, 0.0, 0.087009, 0.996207, 0.0, 0.0, 0.0, 0.0, 1.0],
                [1.0, -0.0, 0.0, -0.0, 0.0, 0.996207, -0.087009, 0.049699, 0.0, 0.087009, 0.996207, -0.0, 0.0, 0.0, 0.0, 1.0]
            ]
        },
        {
            "name": "Chest",
            "time": [0.0, 1.3],
            "transform": [
                [1.0, 0.0, 0.0, 0.0, 0.0, 1.0, -0.0, 0.298195, -0.0, -0.0, 1.0, -0.0, 0.0, 0.0, 0.0, 1.0],
                [1.0, -0.0, 0.0, -0.0, 0.0, 1.0, 0.0, 0.298195, -0.0, 0.0, 1.0, 0.0, 0.0, 0.0, 0.0, 1.0]
            ]
        },
        {
            "name": "Head",
            "time": [0.0, 0.0833, 0.1333, 0.35, 1.3],
            "transform": [
                [0.840322, -0.330188, -0.429924, 0.0, 0.070576, 0.852978, -0.517153, 0.397594, 0.537473, 0.404233, 0.74008, 0.0, 0.0, 0.0, 0.0, 1.0],
                [0.88406, 0.003629, -0.46736, -0.0, 0.060882, 0.990555, 0.122855, 0.397594, 0.463392, -0.137065, 0.875489, -0.0, 0.0, 0.0, 0.0, 1.0],
                [0.911553, 0.160511, -0.378559, -0.0, 0.00561, 0.915719, 0.40178, 0.397594, 0.411144, -0.368367, 0.833826, 0.0, 0.0, 0.0, 0.0, 1.0],
                [0.981375, 0.084746, -0.172397, -0.0, -0.186619, 0.633443, -0.750948, 0.397594, 0.045564, 0.769134, 0.637461, -0.0, 0.0, 0.0, 0.0, 1.0],
                [0.981375, 0.084746, -0.172397, -0.0, -0.186619, 0.633443, -0.750948, 0.397594, 0.045564, 0.769134, 0.637461, 0.0, 0.0, 0.0, 0.0, 1.0]
            ]
        },
        {
            "name": "Shoulder_R",
            "time": [0.0, 0.0833, 0.2833, 1.3],
            "transform": [
                [0.093479, 0.952114, 0.291102, 0.0, 0.291103, -0.305743, 0.906521, 0.397594, 0.952114, -0.0, -0.305743, 0.0, 0.0, 0.0, 0.0, 1.0],
                [-0.380381, 0.797743, 0.467886, -0.0, 0.149821, -0.446079, 0.882365, 0.397594, 0.912614, 0.405733, 0.050162, -0.0, 0.0, 0.0, 0.0, 1.0],
                [-0.378773, 0.896477, 0.229915, -0.0, 0.254814, -0.137806, 0.95712, 0.397594, 0.88972, 0.421116, -0.176238, -0.0, 0.0, 0.0, 0.0, 1.0],
                [-0.378773, 0.896477, 0.229915, -0.0, 0.254814, -0.137806, 0.95712, 0.397594, 0.88972, 0.421116, -0.176238, 0.0, 0.0, 0.0, 0.0, 1.0]
            ]
        },
        {
            "name": "Arm_R",
            "time": [0.0, 0.0833, 0.2167, 0.45, 1.3],
            "transform": [
                [0.805125, -0.283614, -0.5209, -0.0, -0.551247, -0.033741, -0.83366, 0.391491, 0.218862, 0.958345, -0.183507, -0.0, 0.0, 0.0, 0.0, 1.0],
                [0.595704, -0.541966, -0.592799, 0.0, -0.634823, 0.134464, -0.760868, 0.391491, 0.492074, 0.829574, -0.263951, -0.0, 0.0, 0.0, 0.0, 1.0],
                [0.089604, -0.241019, -0.966375, -0.0, -0.437143, 0.862309, -0.255597, 0.391491, 0.894918, 0.445346, -0.028094, -0.0, 0.0, 0.0, 0.0, 1.0],
                [0.021715, -0.102619, -0.994483, -0.0, -0.333152, 0.937122, -0.103975, 0.391491, 0.942623, 0.333572, -0.013838, -0.0, 0.0, 0.0, 0.0, 1.0],
                [0.021715, -0.102619, -0.994483, -0.0, -0.333152, 0.937122, -0.103975, 0.391491, 0.942623, 0.333572, -0.013838, -0.0, 0.0, 0.0, 0.0, 1.0]
            ]
        },
        {
            "name": "Hand_R",
            "time": [0.0, 0.0833, 0.2167, 0.45, 1.3],
            "transform": [
                [0.999963, -0.000234, -0.008568, 0.0, -0.003912, 0.877012, -0.480453, 0.298195, 0.007626, 0.480469, 0.876978, 0.0, 0.0, 0.0, 0.0, 1.0],
                [0.999955, -0.003778, -0.008742, -0.0, -0.005872, 0.478117, -0.878277, 0.298195, 0.007498, 0.878288, 0.478073, -0.0, 0.0, 0.0, 0.0, 1.0],
                [0.999997, -3e-05, -0.002354, 0.0, -0.000366, 0.985788, -0.167994, 0.298195, 0.002326, 0.167994, 0.985785, 0.0, 0.0, 0.0, 0.0, 1.0],
                [1.0, 0.0, -0.0, 0.0, -0.0, 0.993937, 0.109947, 0.298195, 0.0, -0.109947, 0.993937, -0.0, 0.0, 0.0, 0.0, 1.0],
                [1.0, 0.0, -0.0, 0.0, -0.0, 0.993937, 0.109947, 0.298195, 0.0, -0.109947, 0.993937, -0.0, 0.0, 0.0, 0.0, 1.0]
            ]
        },
        {
            "name": "Tool_R",
            "time": [0.0, 0.0833, 0.2167, 0.45, 1.3],
            "transform": [
                [0.063083, 0.906648, 0.417144, 0.007899, -0.498078, 0.390803, -0.774075, 0.266064, -0.864321, -0.15884, 0.47594, 0.030438, 0.0, 0.0, 0.0, 1.0],
                [0.283259, 0.932285, 0.224964, 0.007899, -0.956933, 0.290302, 0.001846, 0.266064, -0.063559, -0.215666, 0.97378, 0.030438, 0.0, 0.0, 0.0, 1.0],
                [0.94193, 0.18754, -0.278563, 0.001908, -0.171362, -0.444959, -0.879003, 0.269972, -0.288626, 0.875164, -0.38676, 0.007352, 0.0, 0.0, 0.0, 1.0],
                [1.0, 0.0, 0.0, -0.0, 0.0, -0.783039, -0.621973, 0.271217, 0.0, 0.621591, -0.782576, 0.0, 0.0, 0.0, 0.0, 1.0],
                [1.0, 0.0, 0.0, -0.0, 0.0, -0.783039, -0.621973, 0.271217, 0.0, 0.621591, -0.782576, 0.0, 0.0, 0.0, 0.0, 1.0]
            ]
        },
        {
            "name": "Shoulder_L",
            "time": [0.0, 0.0833, 0.2833, 1.3],
            "transform": [
                [0.847211, -0.435423, -0.304369, 0.0, 0.293221, -0.094494, 0.951363, 0.397594, -0.443006, -0.895253, 0.047619, 0.0, 0.0, 0.0, 0.0, 1.0],
                [0.960649, -0.068974, -0.269065, -0.0, 0.273347, 0.062683, 0.959871, 0.397594, -0.04934, -0.995647, 0.07907, -0.0, 0.0, 0.0, 0.0, 1.0],
                [0.093479, -0.952114, -0.291103, -0.0, -0.291103, -0.305743, 0.906521, 0.397594, -0.952114, -0.0, -0.305743, -0.0, 0.0, 0.0, 0.0, 1.0],
                [0.093479, -0.952114, -0.291103, -0.0, -0.291103, -0.305743, 0.906521, 0.397594, -0.952114, -0.0, -0.305743, 0.0, 0.0, 0.0, 0.0, 1.0]
            ]
        },
        {
            "name": "Arm_L",
            "time": [0.0, 0.0833, 0.2167, 0.45, 1.3],
            "transform": [
                [-0.027365, 0.993016, 0.114759, -0.0, -0.833141, 0.040782, -0.551555, 0.391491, -0.552383, -0.110703, 0.826207, -0.0, 0.0, 0.0, 0.0, 1.0],
                [0.356446, 0.934292, 0.006662, -0.0, 0.035289, -0.006338, -0.999357, 0.391491, -0.933649, 0.356452, -0.035229, 0.0, 0.0, 0.0, 0.0, 1.0],
                [0.638348, 0.022324, 0.769424, -0.0, 0.270712, 0.929212, -0.251554, 0.391491, -0.720574, 0.368872, 0.587117, 0.0, 0.0, 0.0, 0.0, 1.0],
                [0.655916, -0.307438, 0.689388, -0.0, 0.313208, 0.941815, 0.12201, 0.391491, -0.686786, 0.135893, 0.714043, 0.0, 0.0, 0.0, 0.0, 1.0],
                [0.655916, -0.307438, 0.689388, -0.0, 0.313208, 0.941815, 0.12201, 0.391491, -0.686786, 0.135893, 0.714043, 0.0, 0.0, 0.0, 0.0, 1.0]
            ]
        },
        {
            "name": "Hand_L",
            "time": [0.0, 0.0833, 0.2167, 0.45, 1.3],
            "transform": [
                [0.999987, 0.001241, 0.004862, 0.0, 0.003305, 0.56605, -0.824364, 0.298195, -0.003775, 0.82437, 0.566039, 0.0, 0.0, 0.0, 0.0, 1.0],
                [0.999987, 0.001241, 0.004862, -0.0, 0.003305, 0.56605, -0.824364, 0.298195, -0.003775, 0.82437, 0.566039, 0.0, 0.0, 0.0, 0.0, 1.0],
                [0.999999, -0.000201, 0.001229, -0.0, 0.000377, 0.989436, -0.144968, 0.298195, -0.001187, 0.144968, 0.989436, 0.0, 0.0, 0.0, 0.0, 1.0],
                [1.0, 0.0, 0.0, -0.0, -0.0, 0.993937, 0.109947, 0.298195, 0.0, -0.109947, 0.993937, -0.0, 0.0, 0.0, 0.0, 1.0],
                [1.0, 0.0, 0.0, -0.0, -0.0, 0.993937, 0.109947, 0.298195, 0.0, -0.109947, 0.993937, -0.0, 0.0, 0.0, 0.0, 1.0]
            ]
        },
        {
            "name": "Tool_L",
            "time": [0.0, 1.3],
            "transform": [
                [1.0, -0.0, 0.0, -0.0, 0.0, -0.999836, 0.018122, 0.271217, 0.0, -0.018122, -0.999968, -0.0, 0.0, 0.0, 0.0, 1.0],
                [1.0, -0.0, 0.0, 0.0, 0.0, -0.999836, 0.018122, 0.271216, 0.0, -0.018122, -0.999968, -0.0, 0.0, 0.0, 0.0, 1.0]
            ]
        },
        {
            "name": "Wing_L",
            "time": [0.0, 0.35, 1.3],
            "transform": [
                [-0.282498, -0.944399, -0.168244, -0.000717, -0.033308, -0.165626, 0.985626, 0.350607, -0.958689, 0.284042, 0.015332, 0.044761, 0.0, 0.0, 0.0, 1.0],
                [0.11066, -0.897104, 0.427736, -0.000717, -0.044374, 0.42549, 0.903874, 0.350607, -0.992867, -0.119003, 0.007277, 0.044761, 0.0, 0.0, 0.0, 1.0],
                [0.11066, -0.897104, 0.427736, -0.000717, -0.044374, 0.42549, 0.903874, 0.350607, -0.992867, -0.119003, 0.007277, 0.044761, 0.0, 0.0, 0.0, 1.0]
            ]
        },
        {
            "name": "Wing_R",
            "time": [0.0, 0.35, 1.3],
            "transform": [
                [-0.972742, -0.168527, -0.159286, -0.000717, -0.145859, -0.089336, 0.985264, 0.350607, -0.180273, 0.98164, 0.06232, 0.044761, 0.0, 0.0, 0.0, 1.0],
                [-0.34919, 0.900701, -0.258464, -0.000717, -0.023935, 0.267164, 0.963354, 0.350607, 0.936746, 0.34258, -0.071733, 0.044761, 0.0, 0.0, 0.0, 1.0],
                [-0.34919, 0.900701, -0.258464, -0.000717, -0.023935, 0.267164, 0.963354, 0.350607, 0.936746, 0.34258, -0.071733, 0.044761, 0.0, 0.0, 0.0, 1.0]
            ]
        }
    ]
}