{
    "animation": [
        {
            "name": "Root",
            "time": [0.0, 0.0833, 0.2833, 0.45, 1.3],
            "transform": [
                [0.866202, 0.076588, 0.49379, -5e-06, 0.378115, 0.545584, -0.747908, -0.000927, -0.326684, 0.834549, 0.443627, 0.367577, 0.0, 0.0, 0.0, 1.0],
                [0.896361, 0.013666, 0.443115, -5e-06, 0.421576, 0.282954, -0.861517, -0.441948, -0.137154, 0.959036, 0.247867, 0.367577, 0.0, 0.0, 0.0, 1.0],
                [1.0, 0.0, -0.0, -5e-06, 0.0, -0.162142, -0.986767, -1.391144, -0.0, 0.986767, -0.162142, 0.367577, 0.0, 0.0, 0.0, 1.0],
                [1.0, 0.0, -0.0, -5e-06, 0.0, -0.162142, -0.986767, -1.659032, -0.0, 0.986767, -0.162142, 0.367577, 0.0, 0.0, 0.0, 1.0],
                [1.0, 0.0, -0.0, -5e-06, 0.0, -0.162142, -0.986767, -1.659032, -0.0, 0.986767, -0.162142, 0.367577, 0.0, 0.0, 0.0, 1.0]
            ]
        },
        {
            "name": "Thigh_R",
            "time": [0.0, 0.0833, 0.2833, 0.45, 1.3],
            "transform": [
                [0.957845, -0.282338, -0.053096, 0.061184, -0.283805, -0.901246, -0.327431, -0.012866, 0.044593, 0.328697, -0.943382, 0.001343, 0.0, 0.0, 0.0, 1.0],
                [0.969907, -0.242154, -0.025322, 0.061386, -0.242395, -0.950584, -0.193995, -0.011108, 0.022906, 0.194295, -0.980676, 0.001136, 0.0, 0.0, 0.0, 1.0],
                [0.999895, 0.002222, 0.014341, 0.06238, -0.005187, -0.868232, 0.496131, -0.002433, 0.013554, -0.496153, -0.868129, 0.000114, 0.0, 0.0, 0.0, 1.0],
                [0.99952, 0.030057, 0.007563, 0.062497, 0.020553, -0.825429, 0.564132, -0.001415, 0.023198, -0.563705, -0.82565, -6e-06, 0.0, 0.0, 0.0, 1.0],
                [0.99952, 0.030057, 0.007563, 0.062497, 0.020553, -0.825429, 0.564132, -0.001415, 0.023198, -0.563705, -0.82565, -6e-06, 0.0, 0.0, 0.0, 1.0]
            ]
        },
        {
            "name": "Leg_R",
            "time": [0.0, 1.3],
            "transform": [
                [1.0, 0.0, 1e-06, 0.0, -1e-06, 1.0, 0.0, 0.18736, -1e-06, -0.0, 1.0, 0.0, 0.0, 0.0, 0.0, 1.0],
                [1.0, 0.0, 1e-06, -0.0, -0.0, 1.0, 0.0, 0.18736, -1e-06, -0.0, 1.0, -0.0, 0.0, 0.0, 0.0, 1.0]
            ]
        },
        {
            "name": "Thigh_L",
            "time": [0.0, 0.0833, 0.2833, 0.45, 1.3],
            "transform": [
                [0.894447, -0.3752, -0.243289, -0.06119, -0.446045, -0.787228, -0.425813, 0.010035, -0.031759, 0.489385, -0.87149, -0.001355, 0.0, 0.0, 0.0, 1.0],
                [0.917949, -0.34923, -0.188168, -0.061392, -0.391479, -0.874165, -0.287367, 0.008278, -0.064133, 0.337452, -0.939155, -0.001148, 0.0, 0.0, 0.0, 1.0],
                [0.995609, -0.091812, -0.018235, -0.062386, -0.071247, -0.869635, 0.488528, -0.000397, -0.06071, -0.485084, -0.872358, -0.000126, 0.0, 0.0, 0.0, 1.0],
                [0.9983, -0.056528, -0.014223, -0.062503, -0.038655, -0.824644, 0.564329, -0.001415, -0.04363, -0.56282, -0.825427, -6e-06, 0.0, 0.0, 0.0, 1.0],
                [0.9983, -0.056528, -0.014223, -0.062503, -0.038655, -0.824644, 0.564329, -0.001415, -0.04363, -0.56282, -0.825427, -6e-06, 0.0, 0.0, 0.0, 1.0]
            ]
        },
        {
            "name": "Leg_L",
            "time": [0.0, 0.0833, 1.3],
            "transform": [
                [1.0, 0.0, 1e-06, 0.0, -0.0, 1.0, 0.0, 0.18736, -1e-06, -0.0, 1.0, 0.0, 0.0, 0.0, 0.0, 1.0],
                [1.0, 0.0, 1e-06, -0.0, -0.0, 1.0, 0.0, 0.18736, -1e-06, -0.0, 1.0, -0.0, 0.0, 0.0, 0.0, 1.0],
                [1.0, 0.0, 1e-06, 0.0, -0.0, 1.0, 0.0, 0.18736, -1e-06, -0.0, 1.0, -0.0, 0.0, 0.0, 0.0, 1.0]
            ]
        },
        {
            "name": "Torso",
            "time": [0.0, 0.0833, 0.2833, 1.3],
            "transform": [
                [1.0, 0.0, 0.0, 0.0, 0.0, 1.0, -0.0, 0.025, -0.0, -0.0, 1.0, -0.0, 0.0, 0.0, 0.0, 1.0],
                [1.0, 0.0, -0.0, -0.0, -0.0, 1.0, 0.0, 0.025, -0.0, -0.0, 1.0, -0.0, 0.0, 0.0, 0.0, 1.0],
                [1.0, -0.0, 0.0, -0.0, 0.0, 0.996207, -0.087009, 0.025, 0.0, 0.087009, 0.996207, -0.0, 0.0, 0.0, 0.0, 1.0],
                [1.0, -0.0, 0.0, -0.0, 0.0, 0.996207, -0.087009, 0.025, 0.0, 0.087009, 0.996207, -0.0, 0.0, 0.0, 0.0, 1.0]
            ]
        },
        {
            "name": "Chest",
            "time": [0.0, 1.3],
            "transform": [
                [1.0, 0.0, 0.0, -0.0, 0.0, 1.0, -0.0, 0.15, -0.0, -0.0, 1.0, -0.0, 0.0, 0.0, 0.0, 1.0],
                [1.0, -0.0, 0.0, -0.0, 0.0, 1.0, 0.0, 0.15, -0.0, 0.0, 1.0, -0.0, 0.0, 0.0, 0.0, 1.0]
            ]
        },
        {
            "name": "Head",
            "time": [0.0, 0.0833, 0.1333, 0.35, 1.3],
            "transform": [
                [0.840322, -0.330188, -0.429924, 0.0, 0.070576, 0.852978, -0.517153, 0.2, 0.537473, 0.404233, 0.74008, -0.0, 0.0, 0.0, 0.0, 1.0],
                [0.88406, 0.003629, -0.46736, -0.0, 0.060882, 0.990555, 0.122855, 0.2, 0.463392, -0.137065, 0.875489, 0.0, 0.0, 0.0, 0.0, 1.0],
                [0.911553, 0.160511, -0.378559, 0.0, 0.00561, 0.915719, 0.40178, 0.2, 0.411144, -0.368367, 0.833827, 0.0, 0.0, 0.0, 0.0, 1.0],
                [0.981375, 0.084746, -0.172397, -0.0, -0.186619, 0.633443, -0.750948, 0.2, 0.045564, 0.769134, 0.637461, -0.0, 0.0, 0.0, 0.0, 1.0],
                [0.981375, 0.084746, -0.172397, -0.0, -0.186619, 0.633443, -0.750948, 0.2, 0.045564, 0.769134, 0.637461, 0.0, 0.0, 0.0, 0.0, 1.0]
            ]
        },
        {
            "name": "Shoulder_R",
            "time": [0.0, 0.0833, 0.2833, 1.3],
            "transform": [
                [-0.0, 0.952114, 0.305743, 0.0, 0.0, -0.305743, 0.952114, 0.2, 1.0, 0.0, -0.0, -0.0, 0.0, 0.0, 0.0, 1.0],
                [-0.466076, 0.762462, 0.448802, -0.0, -0.117045, -0.555946, 0.822937, 0.2, 0.876968, 0.331021, 0.348355, 0.0, 0.0, 0.0, 0.0, 1.0],
                [-0.463799, 0.855019, 0.232018, -0.0, -0.009967, -0.266908, 0.96367, 0.2, 0.885884, 0.444637, 0.132314, 0.0, 0.0, 0.0, 0.0, 1.0],
                [-0.463799, 0.855019, 0.232018, -0.0, -0.009967, -0.266908, 0.96367, 0.2, 0.885884, 0.444637, 0.132314, 0.0, 0.0, 0.0, 0.0, 1.0]
            ]
        },
        {
            "name": "Arm_R",
            "time": [0.0, 0.0833, 0.2167, 0.45, 1.3],
            "transform": [
                [0.699655, -0.56304, -0.43985, -0.0, -0.551247, -0.033741, -0.83366, 0.19693, 0.454543, 0.825741, -0.333981, -0.0, 0.0, 0.0, 0.0, 1.0],
                [0.416729, -0.76965, -0.483711, 0.0, -0.634823, 0.134464, -0.760867, 0.19693, 0.650643, 0.624147, -0.432556, 0.0, 0.0, 0.0, 0.0, 1.0],
                [-0.188302, -0.365639, -0.91151, 0.0, -0.437143, 0.862309, -0.255597, 0.19693, 0.879459, 0.350331, -0.322211, -0.0, 0.0, 0.0, 0.0, 1.0],
                [-0.267526, -0.199693, -0.942631, 0.0, -0.333153, 0.937122, -0.103975, 0.19693, 0.904123, 0.286224, -0.317232, -0.0, 0.0, 0.0, 0.0, 1.0],
                [-0.267526, -0.199693, -0.942631, 0.0, -0.333153, 0.937122, -0.103975, 0.19693, 0.904123, 0.286224, -0.317232, -0.0, 0.0, 0.0, 0.0, 1.0]
            ]
        },
        {
            "name": "Hand_R",
            "time": [0.0, 0.0833, 0.2167, 0.45, 1.3],
            "transform": [
                [0.999963, -0.000234, -0.008568, 0.0, -0.003912, 0.877012, -0.480453, 0.15, 0.007626, 0.480469, 0.876978, 0.0, 0.0, 0.0, 0.0, 1.0],
                [0.999955, -0.003777, -0.008742, -0.0, -0.005872, 0.478117, -0.878277, 0.15, 0.007497, 0.878288, 0.478073, 0.0, 0.0, 0.0, 0.0, 1.0],
                [0.999997, -3e-05, -0.002354, -0.0, -0.000366, 0.985788, -0.167994, 0.15, 0.002326, 0.167994, 0.985785, -0.0, 0.0, 0.0, 0.0, 1.0],
                [1.0, 0.0, 0.0, -0.0, -0.0, 0.993938, 0.109947, 0.15, -0.0, -0.109947, 0.993937, -0.0, 0.0, 0.0, 0.0, 1.0],
                [1.0, 0.0, 0.0, -0.0, -0.0, 0.993938, 0.109947, 0.15, -0.0, -0.109947, 0.993937, -0.0, 0.0, 0.0, 0.0, 1.0]
            ]
        },
        {
            "name": "Tool_R",
            "time": [0.0, 0.0833, 0.2167, 0.45, 1.3],
            "transform": [
                [0.063083, 0.906648, 0.417144, 0.007899, -0.498078, 0.390803, -0.774075, 0.131276, -0.864327, -0.15884, 0.475944, 0.030438, 0.0, 0.0, 0.0, 1.0],
                [0.283259, 0.932285, 0.224964, 0.007899, -0.956933, 0.290302, 0.001846, 0.131276, -0.063559, -0.215667, 0.973787, 0.030438, 0.0, 0.0, 0.0, 1.0],
                [0.94193, 0.187539, -0.278563, 0.001908, -0.171362, -0.444959, -0.879003, 0.135184, -0.288627, 0.87517, -0.386763, 0.007352, 0.0, 0.0, 0.0, 1.0],
                [1.0, -0.0, 0.0, -0.0, 0.0, -0.783039, -0.621973, 0.136429, 0.0, 0.621596, -0.782581, 0.0, 0.0, 0.0, 0.0, 1.0],
                [1.0, -0.0, 0.0, -0.0, 0.0, -0.783039, -0.621973, 0.136429, 0.0, 0.621596, -0.782581, 0.0, 0.0, 0.0, 0.0, 1.0]
            ]
        },
        {
            "name": "Shoulder_L",
            "time": [0.0, 0.0833, 0.2833, 1.3],
            "transform": [
                [0.806094, -0.518478, -0.285293, 0.0, 0.421263, 0.164149, 0.89196, 0.2, -0.415632, -0.839187, 0.350735, -0.0, 0.0, 0.0, 0.0, 1.0],
                [0.955547, -0.160863, -0.247088, -0.0, 0.289235, 0.348836, 0.891435, 0.2, -0.057206, -0.923275, 0.379856, 0.0, 0.0, 0.0, 0.0, 1.0],
                [0.0, -0.952114, -0.305743, -0.0, 0.0, -0.305743, 0.952114, 0.2, -1.0, 0.0, 0.0, 0.0, 0.0, 0.0, 0.0, 1.0],
                [0.0, -0.952114, -0.305743, -0.0, 0.0, -0.305743, 0.952114, 0.2, -1.0, 0.0, 0.0, 0.0, 0.0, 0.0, 0.0, 1.0]
            ]
        },
        {
            "name": "Arm_L",
            "time": [0.0, 0.0833, 0.2167, 0.45, 1.3],
            "transform": [
                [-0.194942, 0.911618, 0.361871, 0.0, -0.833141, 0.040782, -0.551555, 0.19693, -0.517565, -0.409011, 0.751556, 0.0, 0.0, 0.0, 0.0, 1.0],
                [0.05392, 0.998536, -0.004429, 0.0, 0.035288, -0.006338, -0.999357, 0.19693, -0.997922, 0.053729, -0.035579, 0.0, 0.0, 0.0, 0.0, 1.0],
                [0.387469, 0.134035, 0.912087, 0.0, 0.270712, 0.929212, -0.251554, 0.19693, -0.881239, 0.344383, 0.323756, 0.0, 0.0, 0.0, 0.0, 1.0],
                [0.414526, -0.251167, 0.87469, 0.0, 0.313207, 0.941815, 0.122009, 0.19693, -0.854441, 0.223383, 0.469075, -0.0, 0.0, 0.0, 0.0, 1.0],
                [0.414526, -0.251167, 0.87469, 0.0, 0.313207, 0.941815, 0.122009, 0.19693, -0.854441, 0.223383, 0.469075, -0.0, 0.0, 0.0, 0.0, 1.0]
            ]
        },
        {
            "name": "Hand_L",
            "time": [0.0, 0.0833, 0.2167, 0.45, 1.3],
            "transform": [
                [0.999987, 0.001241, 0.004862, -0.0, 0.003305, 0.56605, -0.824364, 0.15, -0.003775, 0.82437, 0.566039, -0.0, 0.0, 0.0, 0.0, 1.0],
                [0.999987, 0.001241, 0.004862, -0.0, 0.003305, 0.56605, -0.824364, 0.15, -0.003775, 0.82437, 0.566039, 0.0, 0.0, 0.0, 0.0, 1.0],
                [0.999999, -0.000201, 0.001229, -0.0, 0.000377, 0.989436, -0.144968, 0.15, -0.001187, 0.144968, 0.989436, 0.0, 0.0, 0.0, 0.0, 1.0],
                [1.0, 0.0, 0.0, 0.0, -0.0, 0.993937, 0.109947, 0.15, -0.0, -0.109947, 0.993937, 0.0, 0.0, 0.0, 0.0, 1.0],
                [1.0, 0.0, 0.0, 0.0, -0.0, 0.993937, 0.109947, 0.15, -0.0, -0.109947, 0.993937, 0.0, 0.0, 0.0, 0.0, 1.0]
            ]
        },
        {
            "name": "Tool_L",
            "time": [0.0, 1.3],
            "transform": [
                [1.0, 0.0, 0.0, -0.0, 0.0, -0.999836, 0.018122, 0.136429, 0.0, -0.018122, -0.999242, -0.0, 0.0, 0.0, 0.0, 1.0],
                [1.0, -0.0, 0.0, -0.0, -0.0, -0.999836, 0.018122, 0.136429, 0.0, -0.018122, -0.999242, 0.0, 0.0, 0.0, 0.0, 1.0]
            ]
        },
        {
            "name": "Wing_L",
            "time": [0.0, 0.35, 1.3],
            "transform": [
                [-0.282498, -0.944399, -0.168244, -0.000717, -0.033308, -0.165626, 0.985626, 0.157484, -0.958689, 0.284042, 0.015332, 0.076464, 0.0, 0.0, 0.0, 1.0],
                [0.11066, -0.897104, 0.427736, -0.000717, -0.044374, 0.42549, 0.903874, 0.157484, -0.992867, -0.119003, 0.007277, 0.076464, 0.0, 0.0, 0.0, 1.0],
                [0.11066, -0.897104, 0.427736, -0.000717, -0.044374, 0.42549, 0.903874, 0.157484, -0.992867, -0.119003, 0.007277, 0.076464, 0.0, 0.0, 0.0, 1.0]
            ]
        },
        {
            "name": "Wing_R",
            "time": [0.0, 0.35, 1.3],
            "transform": [
                [-0.972742, -0.168527, -0.159286, -0.000717, -0.145859, -0.089336, 0.985264, 0.157484, -0.180273, 0.98164, 0.06232, 0.076464, 0.0, 0.0, 0.0, 1.0],
                [-0.34919, 0.900701, -0.258464, -0.000717, -0.023935, 0.267164, 0.963354, 0.157484, 0.936746, 0.34258, -0.071733, 0.076464, 0.0, 0.0, 0.0, 1.0],
                [-0.34919, 0.900701, -0.258464, -0.000717, -0.023935, 0.267164, 0.963354, 0.157484, 0.936746, 0.34258, -0.071733, 0.076464, 0.0, 0.0, 0.0, 1.0]
            ]
        }
    ]
}