{
    "animation": [
        {
            "name": "Root",
            "time": [0.0, 2.6667],
            "transform": [
                [0.861778, 0.0, -0.507285, -5e-06, -0.507285, 0.0, -0.861778, 0.000946, 0.0, 1.0, 0.0, 0.755725, 0.0, 0.0, 0.0, 1.0],
                [0.861778, 0.0, -0.507285, -5e-06, -0.507285, 0.0, -0.861778, 0.000946, 0.0, 1.0, 0.0, 0.755725, 0.0, 0.0, 0.0, 1.0]
            ]
        },
        {
            "name": "Thigh_R",
            "time": [0.0, 2.6667],
            "transform": [
                [0.996123, 0.056386, -0.067528, 0.124994, 0.068868, -0.977427, 0.199728, -0.002831, -0.054742, -0.203604, -0.977522, -1.2e-05, 0.0, 0.0, 0.0, 1.0],
                [0.996123, 0.056386, -0.067528, 0.124994, 0.068868, -0.977427, 0.199728, -0.002831, -0.054742, -0.203604, -0.977522, -1.2e-05, 0.0, 0.0, 0.0, 1.0]
            ]
        },
        {
            "name": "Leg_R",
            "time": [0.0, 2.6667],
            "transform": [
                [1.0, -0.0, 2e-06, 0.0, -0.0, 0.9661, 0.258173, 0.37472, -2e-06, -0.258173, 0.966098, 0.0, 0.0, 0.0, 0.0, 1.0],
                [1.0, -0.0, 2e-06, 0.0, -0.0, 0.9661, 0.258173, 0.37472, -2e-06, -0.258173, 0.966098, 0.0, 0.0, 0.0, 0.0, 1.0]
            ]
        },
        {
            "name": "Knee_R",
            "time": [0.0, 2.6667],
            "transform": [
                [1.0, 0.0, -0.0, 0.0, -0.0, 1e-06, -1.0, 0.37472, -0.0, 1.0, 1e-06, 0.0, 0.0, 0.0, 0.0, 1.0],
                [1.0, 0.0, -0.0, 0.0, -0.0, 1e-06, -1.0, 0.37472, -0.0, 1.0, 1e-06, 0.0, 0.0, 0.0, 0.0, 1.0]
            ]
        },
        {
            "name": "Thigh_L",
            "time": [0.0, 2.6667],
            "transform": [
                [0.866488, -0.135609, -0.480424, -0.125006, -0.027108, -0.973757, 0.225969, -0.002831, -0.49846, -0.182775, -0.847426, -1.2e-05, 0.0, 0.0, 0.0, 1.0],
                [0.866488, -0.135609, -0.480424, -0.125006, -0.027108, -0.973757, 0.225969, -0.002831, -0.49846, -0.182775, -0.847426, -1.2e-05, 0.0, 0.0, 0.0, 1.0]
            ]
        },
        {
            "name": "Leg_L",
            "time": [0.0, 2.6667],
            "transform": [
                [1.0, -0.0, 1e-06, 0.0, 0.0, 0.970939, 0.239328, 0.37472, -1e-06, -0.239328, 0.970939, -0.0, 0.0, 0.0, 0.0, 1.0],
                [1.0, -0.0, 1e-06, 0.0, 0.0, 0.970939, 0.239328, 0.37472, -1e-06, -0.239328, 0.970939, -0.0, 0.0, 0.0, 0.0, 1.0]
            ]
        },
        {
            "name": "Knee_L",
            "time": [0.0, 2.6667],
            "transform": [
                [1.0, 0.0, -0.0, 0.0, -0.0, 1e-06, -1.0, 0.37472, -0.0, 1.0, 1e-06, -0.0, 0.0, 0.0, 0.0, 1.0],
                [1.0, 0.0, -0.0, 0.0, -0.0, 1e-06, -1.0, 0.37472, -0.0, 1.0, 1e-06, -0.0, 0.0, 0.0, 0.0, 1.0]
            ]
        },
        {
            "name": "Torso",
            "time": [0.0, 2.6667],
            "transform": [
                [0.99978, -0.020971, -0.000197, 0.0, 0.020971, 0.999603, 0.018833, 0.05, -0.000198, -0.018833, 0.999823, 0.0, 0.0, 0.0, 0.0, 1.0],
                [0.99978, -0.020971, -0.000197, 0.0, 0.020971, 0.999603, 0.018833, 0.05, -0.000198, -0.018833, 0.999823, 0.0, 0.0, 0.0, 0.0, 1.0]
            ]
        },
        {
            "name": "Chest",
            "time": [0.0, 1.3333, 2.6667],
            "transform": [
                [0.999771, -0.021411, -0.000206, -0.0, 0.021411, 0.999586, 0.019225, 0.3, -0.000206, -0.019225, 0.999815, -0.0, 0.0, 0.0, 0.0, 1.0],
                [0.999996, 0.002829, -0.000646, -0.0, -0.002842, 0.999755, -0.021939, 0.3, 0.000584, 0.021941, 0.999759, -0.0, 0.0, 0.0, 0.0, 1.0],
                [0.999771, -0.021411, -0.000206, -0.0, 0.021411, 0.999586, 0.019225, 0.3, -0.000206, -0.019225, 0.999815, -0.0, 0.0, 0.0, 0.0, 1.0]
            ]
        },
        {
            "name": "Head",
            "time": [0.0, 1.3333, 2.6667],
            "transform": [
                [0.865321, 0.020911, 0.500782, -0.0, -0.015023, 0.999762, -0.015788, 0.4, -0.500993, 0.006138, 0.865429, 0.0, 0.0, 0.0, 0.0, 1.0],
                [0.865299, 0.010269, 0.501151, -0.0, -0.014862, 0.999876, 0.005173, 0.4, -0.501036, -0.011925, 0.865344, -0.0, 0.0, 0.0, 0.0, 1.0],
                [0.865321, 0.020911, 0.500782, -0.0, -0.015023, 0.999762, -0.015788, 0.4, -0.500993, 0.006138, 0.865429, 0.0, 0.0, 0.0, 0.0, 1.0]
            ]
        },
        {
            "name": "Shoulder_R",
            "time": [0.0, 2.6667],
            "transform": [
                [0.0, 0.952114, 0.305743, -0.0, 0.0, -0.305743, 0.952114, 0.4, 1.0, -0.0, -0.0, 0.0, 0.0, 0.0, 0.0, 1.0],
                [0.0, 0.952114, 0.305743, -0.0, 0.0, -0.305743, 0.952114, 0.4, 1.0, -0.0, -0.0, 0.0, 0.0, 0.0, 0.0, 1.0]
            ]
        },
        {
            "name": "Arm_R",
            "time": [0.0, 2.6667],
            "transform": [
                [-0.270575, -0.211637, 0.939148, -0.0, 0.956984, -0.165263, 0.238472, 0.39386, 0.104737, 0.963275, 0.247249, -0.0, 0.0, 0.0, 0.0, 1.0],
                [-0.270575, -0.211637, 0.939148, -0.0, 0.956984, -0.165263, 0.238472, 0.39386, 0.104737, 0.963275, 0.247249, -0.0, 0.0, 0.0, 0.0, 1.0]
            ]
        },
        {
            "name": "Hand_R",
            "time": [0.0, 2.6667],
            "transform": [
                [1.003844, -0.0, 0.0, -0.0, 0.0, 0.989966, -0.092281, 0.3, -0.0, 0.092281, 0.989965, -0.0, 0.0, 0.0, 0.0, 1.0],
                [1.003844, -0.0, 0.0, -0.0, 0.0, 0.989966, -0.092281, 0.3, -0.0, 0.092281, 0.989965, -0.0, 0.0, 0.0, 0.0, 1.0]
            ]
        },
        {
            "name": "Tool_R",
            "time": [0.0, 2.6667],
            "transform": [
                [1.0, 0.0, 0.0, -0.0, 0.0, -0.999836, 0.018122, 0.272858, 0.0, -0.018122, -0.999244, -0.0, 0.0, 0.0, 0.0, 1.0],
                [1.0, 0.0, 0.0, -0.0, 0.0, -0.999836, 0.018122, 0.272858, 0.0, -0.018122, -0.999244, -0.0, 0.0, 0.0, 0.0, 1.0]
            ]
        },
        {
            "name": "Elbow_R",
            "time": [0.0, 2.6667],
            "transform": [
                [-1.0, 0.0, -0.0, -0.0, 0.0, -0.0, -1.0, 0.3, -0.0, -1.0, 0.0, -0.0, 0.0, 0.0, 0.0, 1.0],
                [-1.0, 0.0, -0.0, -0.0, 0.0, -0.0, -1.0, 0.3, -0.0, -1.0, 0.0, -0.0, 0.0, 0.0, 0.0, 1.0]
            ]
        },
        {
            "name": "Shoulder_L",
            "time": [0.0, 2.6667],
            "transform": [
                [-0.0, -0.952114, -0.305743, -0.0, 0.0, -0.305743, 0.952114, 0.4, -1.0, 0.0, 0.0, 0.0, 0.0, 0.0, 0.0, 1.0],
                [-0.0, -0.952114, -0.305743, -0.0, 0.0, -0.305743, 0.952114, 0.4, -1.0, 0.0, 0.0, 0.0, 0.0, 0.0, 0.0, 1.0]
            ]
        },
        {
            "name": "Arm_L",
            "time": [0.0, 2.6667],
            "transform": [
                [0.27571, -0.056957, 0.959552, 0.0, -0.879277, 0.388409, 0.275699, 0.39386, -0.388402, -0.919725, 0.057007, 0.0, 0.0, 0.0, 0.0, 1.0],
                [0.27571, -0.056957, 0.959552, 0.0, -0.879277, 0.388409, 0.275699, 0.39386, -0.388402, -0.919725, 0.057007, 0.0, 0.0, 0.0, 0.0, 1.0]
            ]
        },
        {
            "name": "Hand_L",
            "time": [0.0, 2.6667],
            "transform": [
                [1.020763, 0.0, 0.0, 0.0, 0.0, 0.999825, -0.018718, 0.3, -0.0, 0.018718, 0.999825, 0.0, 0.0, 0.0, 0.0, 1.0],
                [1.020763, 0.0, 0.0, 0.0, 0.0, 0.999825, -0.018718, 0.3, -0.0, 0.018718, 0.999825, 0.0, 0.0, 0.0, 0.0, 1.0]
            ]
        },
        {
            "name": "Tool_L",
            "time": [0.0, 2.6667],
            "transform": [
                [1.0, 0.0, 0.0, 0.0, 0.0, -0.999836, 0.018122, 0.272858, 0.0, -0.018122, -0.999247, -0.0, 0.0, 0.0, 0.0, 1.0],
                [1.0, 0.0, 0.0, 0.0, 0.0, -0.999836, 0.018122, 0.272858, 0.0, -0.018122, -0.999247, -0.0, 0.0, 0.0, 0.0, 1.0]
            ]
        },
        {
            "name": "Elbow_L",
            "time": [0.0, 2.6667],
            "transform": [
                [-1.0, 0.0, -0.0, 0.0, 0.0, -0.0, -1.0, 0.3, -0.0, -1.0, -0.0, 0.0, 0.0, 0.0, 0.0, 1.0],
                [-1.0, 0.0, -0.0, 0.0, 0.0, -0.0, -1.0, 0.3, -0.0, -1.0, -0.0, 0.0, 0.0, 0.0, 0.0, 1.0]
            ]
        }
    ]
}