{
    "animation": [
        {
            "name": "Root",
            "time": [0.0, 0.5],
            "transform": [
                [1.0, 0.0, 0.0, -5e-06, 0.0, 0.0, -1.0, 0.000946, 0.0, 1.0, 0.0, 0.731705, 0.0, 0.0, 0.0, 1.0],
                [1.0, 0.0, 0.0, -5e-06, 0.0, 0.0, -1.0, 0.000946, 0.0, 1.0, 0.0, 0.731705, 0.0, 0.0, 0.0, 1.0]
            ]
        },
        {
            "name": "Thigh_R",
            "time": [0.0, 0.5],
            "transform": [
                [1.0, -0.0, -0.0, 0.124994, 0.0, -0.972013, -0.234923, -0.002831, -0.0, 0.234924, -0.972014, -1.2e-05, 0.0, 0.0, 0.0, 1.0],
                [1.0, -0.0, -0.0, 0.124994, 0.0, -0.972013, -0.234923, -0.002831, -0.0, 0.234924, -0.972014, -1.2e-05, 0.0, 0.0, 0.0, 1.0]
            ]
        },
        {
            "name": "Leg_R",
            "time": [0.0, 0.5],
            "transform": [
                [1.0, 0.0, 1e-06, -0.0, -0.0, 0.972329, 0.233616, 0.37472, -1e-06, -0.233617, 0.972328, 0.0, 0.0, 0.0, 0.0, 1.0],
                [1.0, 0.0, 1e-06, -0.0, -0.0, 0.972329, 0.233616, 0.37472, -1e-06, -0.233617, 0.972328, 0.0, 0.0, 0.0, 0.0, 1.0]
            ]
        },
        {
            "name": "Knee_R",
            "time": [0.0, 0.5],
            "transform": [
                [1.0, 0.0, -0.0, -0.0, -0.0, 1e-06, -1.0, 0.37472, -0.0, 1.0, 1e-06, 0.0, 0.0, 0.0, 0.0, 1.0],
                [1.0, 0.0, -0.0, -0.0, -0.0, 1e-06, -1.0, 0.37472, -0.0, 1.0, 1e-06, 0.0, 0.0, 0.0, 0.0, 1.0]
            ]
        },
        {
            "name": "Thigh_L",
            "time": [0.0, 0.5],
            "transform": [
                [1.0, -0.0, -0.0, -0.125006, 0.0, -0.886046, 0.463597, -0.002831, -0.0, -0.463597, -0.886046, -1.2e-05, 0.0, 0.0, 0.0, 1.0],
                [1.0, -0.0, -0.0, -0.125006, 0.0, -0.886046, 0.463597, -0.002831, -0.0, -0.463597, -0.886046, -1.2e-05, 0.0, 0.0, 0.0, 1.0]
            ]
        },
        {
            "name": "Leg_L",
            "time": [0.0, 0.5],
            "transform": [
                [1.0, -0.0, 1e-06, -0.0, -0.0, 0.892507, 0.451034, 0.37472, -1e-06, -0.451033, 0.892507, -0.0, 0.0, 0.0, 0.0, 1.0],
                [1.0, -0.0, 1e-06, -0.0, -0.0, 0.892507, 0.451034, 0.37472, -1e-06, -0.451033, 0.892507, -0.0, 0.0, 0.0, 0.0, 1.0]
            ]
        },
        {
            "name": "Knee_L",
            "time": [0.0, 0.5],
            "transform": [
                [1.0, 0.0, -0.0, -0.0, -0.0, 1e-06, -1.0, 0.37472, -0.0, 1.0, 1e-06, -0.0, 0.0, 0.0, 0.0, 1.0],
                [1.0, 0.0, -0.0, -0.0, -0.0, 1e-06, -1.0, 0.37472, -0.0, 1.0, 1e-06, -0.0, 0.0, 0.0, 0.0, 1.0]
            ]
        },
        {
            "name": "Torso",
            "time": [0.0, 0.1667, 0.3333, 0.5],
            "transform": [
                [1.0, 0.0, 0.0, 0.0, 0.0, 0.988544, 0.150931, 0.05, 0.0, -0.150931, 0.988544, 0.0, 0.0, 0.0, 0.0, 1.0],
                [1.0, 0.0, 0.0, 0.0, 0.0, 0.995098, 0.098895, 0.05, 0.0, -0.098895, 0.995098, 0.0, 0.0, 0.0, 0.0, 1.0],
                [1.0, 0.0, 0.0, 0.0, 0.0, 0.995895, 0.090516, 0.05, 0.0, -0.090516, 0.995895, 0.0, 0.0, 0.0, 0.0, 1.0],
                [1.0, 0.0, 0.0, 0.0, 0.0, 0.988544, 0.150931, 0.05, 0.0, -0.150931, 0.988544, 0.0, 0.0, 0.0, 0.0, 1.0]
            ]
        },
        {
            "name": "Chest",
            "time": [0.0, 0.1667, 0.3333, 0.5],
            "transform": [
                [1.0, 0.0, 0.0, -0.0, 0.0, 0.999938, 0.011145, 0.3, 0.0, -0.011145, 0.999938, -0.0, 0.0, 0.0, 0.0, 1.0],
                [1.0, 0.0, 0.0, 0.0, 0.0, 0.996481, -0.083814, 0.3, 0.0, 0.083814, 0.996481, -0.0, 0.0, 0.0, 0.0, 1.0],
                [1.0, 0.0, 0.0, -0.0, 0.0, 0.995087, -0.098999, 0.3, 0.0, 0.098999, 0.995087, 0.0, 0.0, 0.0, 0.0, 1.0],
                [1.0, 0.0, 0.0, -0.0, 0.0, 0.999938, 0.011145, 0.3, 0.0, -0.011145, 0.999938, -0.0, 0.0, 0.0, 0.0, 1.0]
            ]
        },
        {
            "name": "Head",
            "time": [0.0, 0.1667, 0.3333, 0.5],
            "transform": [
                [1.0, 0.0, 0.0, 0.0, 0.0, 0.986327, -0.164799, 0.4, 0.0, 0.164799, 0.986327, 0.0, 0.0, 0.0, 0.0, 1.0],
                [1.0, 0.0, 0.0, 0.0, 0.0, 0.995577, -0.093954, 0.4, 0.0, 0.093954, 0.995577, -0.0, 0.0, 0.0, 0.0, 1.0],
                [1.0, 0.0, 0.0, 0.0, 0.0, 0.996588, -0.082533, 0.4, 0.0, 0.082533, 0.996588, -0.0, 0.0, 0.0, 0.0, 1.0],
                [1.0, 0.0, 0.0, 0.0, 0.0, 0.986327, -0.164799, 0.4, 0.0, 0.164799, 0.986327, 0.0, 0.0, 0.0, 0.0, 1.0]
            ]
        },
        {
            "name": "Shoulder_R",
            "time": [0.0, 0.5],
            "transform": [
                [0.0, 0.952114, 0.305743, 0.0, 0.0, -0.305743, 0.952114, 0.4, 1.0, -0.0, -0.0, 0.0, 0.0, 0.0, 0.0, 1.0],
                [0.0, 0.952114, 0.305743, 0.0, 0.0, -0.305743, 0.952114, 0.4, 1.0, -0.0, -0.0, 0.0, 0.0, 0.0, 0.0, 1.0]
            ]
        },
        {
            "name": "Arm_R",
            "time": [0.0, 0.1667, 0.3333, 0.5],
            "transform": [
                [0.176992, -0.733465, -0.65628, -0.0, 0.945555, 0.311766, -0.093427, 0.393861, 0.273131, -0.604013, 0.748711, 0.0, 0.0, 0.0, 0.0, 1.0],
                [0.019683, -0.950286, 0.310755, 0.0, 0.956741, -0.072338, -0.281806, 0.393861, 0.290276, 0.302859, 0.907754, 0.0, 0.0, 0.0, 0.0, 1.0],
                [0.0, -0.888808, 0.45828, 0.0, 0.952114, -0.140116, -0.271747, 0.393861, 0.305743, 0.436335, 0.846246, 0.0, 0.0, 0.0, 0.0, 1.0],
                [0.176992, -0.733465, -0.65628, -0.0, 0.945555, 0.311766, -0.093427, 0.393861, 0.273131, -0.604013, 0.748711, 0.0, 0.0, 0.0, 0.0, 1.0]
            ]
        },
        {
            "name": "Hand_R",
            "time": [0.0, 0.1667, 0.3333, 0.5],
            "transform": [
                [1.003844, -0.0, 0.0, 0.0, 0.0, 0.962509, -0.249246, 0.3, -0.0, 0.249246, 0.962509, 0.0, 0.0, 0.0, 0.0, 1.0],
                [1.003844, -0.0, 0.0, -0.0, 0.0, 0.992318, 0.062074, 0.3, -0.0, -0.062074, 0.992318, -0.0, 0.0, 0.0, 0.0, 1.0],
                [1.003844, 0.0, 0.0, 0.0, -0.0, 0.988229, 0.109316, 0.3, -0.0, -0.109316, 0.988229, -0.0, 0.0, 0.0, 0.0, 1.0],
                [1.003844, -0.0, 0.0, -0.0, 0.0, 0.962509, -0.249246, 0.3, -0.0, 0.249246, 0.962509, 0.0, 0.0, 0.0, 0.0, 1.0]
            ]
        },
        {
            "name": "Tool_R",
            "time": [0.0, 0.5],
            "transform": [
                [1.0, 0.0, 0.0, 0.0, 0.0, -0.999836, 0.018122, 0.272858, 0.0, -0.018122, -0.999244, -0.0, 0.0, 0.0, 0.0, 1.0],
                [1.0, 0.0, 0.0, 0.0, 0.0, -0.999836, 0.018122, 0.272858, 0.0, -0.018122, -0.999244, -0.0, 0.0, 0.0, 0.0, 1.0]
            ]
        },
        {
            "name": "Elbow_R",
            "time": [0.0, 0.5],
            "transform": [
                [-1.0, 0.0, -0.0, 0.0, 0.0, -0.0, -1.0, 0.3, -0.0, -1.0, 0.0, 0.0, 0.0, 0.0, 0.0, 1.0],
                [-1.0, 0.0, -0.0, -0.0, 0.0, 0.0, -1.0, 0.3, -0.0, -1.0, 0.0, 0.0, 0.0, 0.0, 0.0, 1.0]
            ]
        },
        {
            "name": "Shoulder_L",
            "time": [0.0, 0.5],
            "transform": [
                [-0.0, -0.952114, -0.305743, 0.0, 0.0, -0.305743, 0.952114, 0.4, -1.0, 0.0, 0.0, 0.0, 0.0, 0.0, 0.0, 1.0],
                [-0.0, -0.952114, -0.305743, 0.0, 0.0, -0.305743, 0.952114, 0.4, -1.0, 0.0, 0.0, 0.0, 0.0, 0.0, 0.0, 1.0]
            ]
        },
        {
            "name": "Arm_L",
            "time": [0.0, 0.1667, 0.3333, 0.5],
            "transform": [
                [0.112855, 0.739423, 0.663715, -0.0, -0.951529, 0.272768, -0.142089, 0.39386, -0.286104, -0.615509, 0.734366, 0.0, 0.0, 0.0, 0.0, 1.0],
                [0.012419, 0.943689, -0.3306, -0.0, -0.95517, -0.086609, -0.283105, 0.39386, -0.295796, 0.319295, 0.900308, -0.0, 0.0, 0.0, 0.0, 1.0],
                [-0.0, 0.877403, -0.479754, 0.0, -0.952114, -0.146682, -0.26826, 0.39386, -0.305743, 0.45678, 0.835388, 0.0, 0.0, 0.0, 0.0, 1.0],
                [0.112855, 0.739423, 0.663715, -0.0, -0.951529, 0.272768, -0.142089, 0.39386, -0.286104, -0.615509, 0.734366, 0.0, 0.0, 0.0, 0.0, 1.0]
            ]
        },
        {
            "name": "Hand_L",
            "time": [0.0, 0.1667, 0.3333, 0.5],
            "transform": [
                [1.020763, -0.0, 0.0, 0.0, 0.0, 0.968069, -0.250685, 0.3, -0.0, 0.250685, 0.968069, -0.0, 0.0, 0.0, 0.0, 1.0],
                [1.020763, -0.0, 0.0, -0.0, 0.0, 0.998049, 0.062433, 0.3, -0.0, -0.062433, 0.998049, 0.0, 0.0, 0.0, 0.0, 1.0],
                [1.020763, 0.0, 0.0, 0.0, -0.0, 0.993937, 0.109947, 0.3, -0.0, -0.109947, 0.993937, 0.0, 0.0, 0.0, 0.0, 1.0],
                [1.020763, -0.0, 0.0, 0.0, 0.0, 0.968069, -0.250685, 0.3, -0.0, 0.250685, 0.968069, -0.0, 0.0, 0.0, 0.0, 1.0]
            ]
        },
        {
            "name": "Tool_L",
            "time": [0.0, 0.5],
            "transform": [
                [1.0, 0.0, 0.0, -0.0, 0.0, -0.999836, 0.018122, 0.272858, 0.0, -0.018122, -0.999247, 0.0, 0.0, 0.0, 0.0, 1.0],
                [1.0, 0.0, 0.0, -0.0, 0.0, -0.999836, 0.018122, 0.272858, 0.0, -0.018122, -0.999247, -0.0, 0.0, 0.0, 0.0, 1.0]
            ]
        },
        {
            "name": "Elbow_L",
            "time": [0.0, 0.5],
            "transform": [
                [-1.0, 0.0, -0.0, 0.0, 0.0, -0.0, -1.0, 0.3, -0.0, -1.0, 0.0, -0.0, 0.0, 0.0, 0.0, 1.0],
                [-1.0, 0.0, -0.0, 0.0, 0.0, -0.0, -1.0, 0.3, -0.0, -1.0, 0.0, -0.0, 0.0, 0.0, 0.0, 1.0]
            ]
        }
    ]
}