{
    "animation": [
        {
            "name": "Coord",
            "time": [0.0, 0.1667, 0.4, 0.5, 0.5667, 1.0667],
            "transform": [
                [1.0, -0.000116, 0.000116, -0.0, 0.000116, 0.001062, -0.999999, 0.119186, 0.000116, 0.999999, 0.001062, 0.097372, 0.0, 0.0, 0.0, 1.0],
                [1.0, -0.000116, 0.000116, 5e-06, 0.000116, 0.001062, -0.999999, 1.845484, 0.000116, 0.999999, 0.001062, 0.71928, 0.0, 0.0, 0.0, 1.0],
                [1.0, -0.000116, 0.000116, 0.0, 0.000116, 0.001062, -0.999999, 2.849505, 0.000116, 0.999999, 0.001062, 0.726715, 0.0, 0.0, 0.0, 1.0],
                [1.0, -0.000116, 0.000116, -0.0, 0.000116, 0.001062, -0.999999, 3.995412, 0.000116, 0.999999, 0.001062, 0.0, 0.0, 0.0, 0.0, 1.0],
                [1.0, -0.000116, 0.000116, 0.0, 0.000116, 0.001062, -0.999999, 4.03777, 0.000116, 0.999999, 0.001062, 0.0, 0.0, 0.0, 0.0, 1.0],
                [1.0, -0.000116, 0.000116, 0.0, 0.000116, 0.001062, -0.999999, 4.03777, 0.000116, 0.999999, 0.001062, 0.0, 0.0, 0.0, 0.0, 1.0]
            ]
        },
        {
            "name": "Root",
            "time": [0.0, 0.1167, 0.4, 0.5, 0.5667, 0.7167, 0.8333, 1.0667],
            "transform": [
                [0.872709, 0.000155, -0.488241, 6.1e-05, 0.212691, 0.900007, 0.38046, 0.56721, 0.439479, -0.435875, 0.785411, -0.000344, 0.0, 0.0, 0.0, 1.0],
                [1.0, 0.000147, -7.3e-05, 7.1e-05, -0.000116, 0.947925, 0.318493, 0.65219, 0.000116, -0.318493, 0.947925, -0.000253, 0.0, 0.0, 0.0, 1.0],
                [1.0, 9.5e-05, -0.000133, 8.4e-05, -0.000116, 0.986651, -0.162849, 0.763972, 0.000116, 0.162849, 0.986651, -0.000135, 0.0, 0.0, 0.0, 1.0],
                [1.0, 0.000116, -0.000116, 7.1e-05, -0.000116, 0.999999, -0.001062, 0.649756, 0.000116, 0.001062, 0.999999, -0.000256, 0.0, 0.0, 0.0, 1.0],
                [1.0, 0.000116, -0.000116, 5.9e-05, -0.000116, 0.999999, -0.001062, 0.534395, 0.000116, 0.001062, 0.999999, -0.011097, 0.0, 0.0, 0.0, 1.0],
                [1.0, 0.000116, -0.000116, 5.9e-05, -0.000116, 0.999999, -0.001062, 0.534395, 0.000116, 0.001062, 0.999999, -0.011097, 0.0, 0.0, 0.0, 1.0],
                [1.0, 0.000116, -0.000116, 5.9e-05, -0.000116, 0.999999, -0.001062, 0.534395, 0.000116, 0.001062, 0.999999, -0.011097, 0.0, 0.0, 0.0, 1.0],
                [1.0, 0.000116, -0.000116, 8.1e-05, -0.000116, 0.999999, -0.001062, 0.732546, 0.000116, 0.001062, 0.999999, -0.010887, 0.0, 0.0, 0.0, 1.0]
            ]
        },
        {
            "name": "Thigh_R",
            "time": [0.0, 0.1167, 0.3667, 0.4833, 0.5, 0.5667, 0.8333, 1.0667],
            "transform": [
                [0.972368, 0.106093, 0.207955, 0.124994, 0.125195, -0.988826, -0.080916, -0.002831, 0.197047, 0.104716, -0.974786, -1.2e-05, 0.0, 0.0, 0.0, 1.0],
                [0.996609, 0.082105, -0.005304, 0.124994, 0.081371, -0.993126, -0.084128, -0.002831, -0.012175, 0.083412, -0.996441, -1.2e-05, 0.0, 0.0, 0.0, 1.0],
                [0.987277, 0.090092, 0.131021, 0.124994, 0.154382, -0.740413, -0.654182, -0.002831, 0.038073, 0.666086, -0.744902, -1.2e-05, 0.0, 0.0, 0.0, 1.0],
                [0.912875, 0.238544, 0.331294, 0.124994, 0.049866, -0.870598, 0.48946, -0.002831, 0.405182, -0.430295, -0.806643, -1.2e-05, 0.0, 0.0, 0.0, 1.0],
                [0.902561, 0.346239, 0.255934, 0.124994, 0.068263, -0.701971, 0.708926, -0.002831, 0.425116, -0.622377, -0.657208, -1.2e-05, 0.0, 0.0, 0.0, 1.0],
                [0.814658, 0.567795, 0.11807, 0.124994, 0.199041, -0.464965, 0.862664, -0.002831, 0.544716, -0.679275, -0.491803, -1.1e-05, 0.0, 0.0, 0.0, 1.0],
                [0.814658, 0.567795, 0.11807, 0.124994, 0.199041, -0.464965, 0.862664, -0.002831, 0.544716, -0.679275, -0.491802, -1.1e-05, 0.0, 0.0, 0.0, 1.0],
                [0.970128, 0.189199, 0.151838, 0.124994, 0.110585, -0.901981, 0.417373, -0.002831, 0.215921, -0.388114, -0.895961, -1.1e-05, 0.0, 0.0, 0.0, 1.0]
            ]
        },
        {
            "name": "Leg_R",
            "time": [0.0, 0.1167, 0.3667, 0.4833, 0.5, 0.5667, 0.8333, 1.0667],
            "transform": [
                [1.0, 0.0, 1e-06, -0.0, -0.0, 0.999989, 0.004944, 0.37472, -1e-06, -0.004944, 0.999987, -0.0, 0.0, 0.0, 0.0, 1.0],
                [1.0, -0.0, 1e-06, 0.0, -0.0, 0.856384, 0.51634, 0.37472, -1e-06, -0.516341, 0.856383, 0.0, 0.0, 0.0, 0.0, 1.0],
                [1.0, -0.0, 1e-06, -0.0, -0.0, 0.856384, 0.51634, 0.37472, -1e-06, -0.516341, 0.856383, 0.0, 0.0, 0.0, 0.0, 1.0],
                [1.0, 0.0, 1e-06, -0.0, -0.0, 0.999984, 0.005757, 0.37472, -1e-06, -0.005757, 0.999983, -0.0, 0.0, 0.0, 0.0, 1.0],
                [1.0, -0.0, 1e-06, -0.0, -0.0, 0.8406, 0.541656, 0.37472, -1e-06, -0.541657, 0.840599, -0.0, 0.0, 0.0, 0.0, 1.0],
                [1.0, -1e-06, 0.0, 0.0, -0.0, 0.106416, 0.994321, 0.37472, -1e-06, -0.994322, 0.106416, -0.0, 0.0, 0.0, 0.0, 1.0],
                [1.0, -1e-06, 0.0, 0.0, -0.0, 0.106415, 0.994321, 0.374721, -1e-06, -0.994323, 0.106415, 0.0, 0.0, 0.0, 0.0, 1.0],
                [1.0, -0.0, 1e-06, 0.0, 0.0, 0.903817, 0.427921, 0.37472, -1e-06, -0.427922, 0.903815, -0.0, 0.0, 0.0, 0.0, 1.0]
            ]
        },
        {
            "name": "Knee_R",
            "time": [0.0, 0.1167, 0.3667, 0.4833, 0.5, 0.5667, 0.8333, 1.0667],
            "transform": [
                [1.0, 0.0, -0.0, 0.0, -0.0, 0.0, -1.0, 0.37472, -0.0, 1.0, 1e-06, 0.0, 0.0, 0.0, 0.0, 1.0],
                [1.0, 0.0, -0.0, 0.0, -0.0, 0.0, -1.0, 0.387394, -0.0, 1.0, 0.0, 0.0, 0.0, 0.0, 0.0, 1.0],
                [1.0, 0.0, -0.0, 0.0, -0.0, 0.0, -1.0, 0.387394, -0.0, 1.0, 0.0, 0.0, 0.0, 0.0, 0.0, 1.0],
                [1.0, 0.0, -0.0, -0.0, -0.0, 1e-06, -1.0, 0.37472, -0.0, 1.0, 1e-06, -0.0, 0.0, 0.0, 0.0, 1.0],
                [1.0, 0.0, -0.0, 0.0, -0.0, 1e-06, -1.0, 0.390073, -0.0, 1.0, 1e-06, -0.0, 0.0, 0.0, 0.0, 1.0],
                [1.0, 0.0, -0.0, -0.0, -0.0, 1e-06, -1.0, 0.470147, -0.0, 1.0, 1e-06, -0.0, 0.0, 0.0, 0.0, 1.0],
                [1.0, 0.0, -0.0, 0.0, -0.0, 1e-06, -1.0, 0.470147, -0.0, 1.0, 1e-06, 0.0, 0.0, 0.0, 0.0, 1.0],
                [1.0, 0.0, -0.0, -0.0, -0.0, 1e-06, -1.0, 0.378381, -0.0, 1.0, 1e-06, 0.0, 0.0, 0.0, 0.0, 1.0]
            ]
        },
        {
            "name": "Thigh_L",
            "time": [0.0, 0.1167, 0.3667, 0.4833, 0.5, 0.5667, 0.8333, 1.0667],
            "transform": [
                [0.83098, -0.521888, -0.192624, -0.125006, 0.00543, -0.338633, 0.940902, -0.002831, -0.556275, -0.782918, -0.278564, -1.2e-05, 0.0, 0.0, 0.0, 1.0],
                [0.998755, -0.049854, -0.001371, -0.125006, -0.049616, -0.99046, -0.12856, -0.002831, 0.005052, 0.128468, -0.9917, -1.2e-05, 0.0, 0.0, 0.0, 1.0],
                [0.994294, -0.104309, -0.022328, -0.125006, -0.090081, -0.70894, -0.699492, -0.002831, 0.057134, 0.697513, -0.714291, -1.2e-05, 0.0, 0.0, 0.0, 1.0],
                [0.971307, -0.237571, -0.011048, -0.125006, -0.207008, -0.867396, 0.452516, -0.002831, -0.117088, -0.437245, -0.891688, -1.2e-05, 0.0, 0.0, 0.0, 1.0],
                [0.965992, -0.252678, 0.054886, -0.125006, -0.225167, -0.717679, 0.658965, -0.002831, -0.127115, -0.648914, -0.750168, -1.2e-05, 0.0, 0.0, 0.0, 1.0],
                [0.83975, -0.536452, -0.083898, -0.125006, -0.215868, -0.471627, 0.854967, -0.002831, -0.498217, -0.699848, -0.511852, -1.1e-05, 0.0, 0.0, 0.0, 1.0],
                [0.839751, -0.536451, -0.083897, -0.125006, -0.215868, -0.471627, 0.854967, -0.002831, -0.498216, -0.699848, -0.511853, -1.1e-05, 0.0, 0.0, 0.0, 1.0],
                [0.962795, -0.198013, -0.183891, -0.125006, -0.105177, -0.901421, 0.419972, -0.002831, -0.248924, -0.385006, -0.888711, -1.1e-05, 0.0, 0.0, 0.0, 1.0]
            ]
        },
        {
            "name": "Leg_L",
            "time": [0.0, 0.1167, 0.3667, 0.4833, 0.5, 0.5667, 0.8333, 1.0667],
            "transform": [
                [1.0, -1e-06, 1e-06, -0.0, -0.0, 0.469917, 0.882711, 0.37472, -1e-06, -0.88271, 0.469917, 0.0, 0.0, 0.0, 0.0, 1.0],
                [1.0, -0.0, 1e-06, 0.0, -0.0, 0.895053, 0.44596, 0.37472, -1e-06, -0.44596, 0.895053, 0.0, 0.0, 0.0, 0.0, 1.0],
                [1.0, -0.0, 1e-06, 0.0, -0.0, 0.895053, 0.44596, 0.37472, -1e-06, -0.445959, 0.895053, -0.0, 0.0, 0.0, 0.0, 1.0],
                [1.0, -0.0, 0.0, -0.0, 0.0, 0.999984, 0.005621, 0.37472, -1e-06, -0.005621, 0.999985, 0.0, 0.0, 0.0, 0.0, 1.0],
                [1.0, -0.0, 1e-06, -0.0, -0.0, 0.843957, 0.536411, 0.37472, -1e-06, -0.536411, 0.843957, 0.0, 0.0, 0.0, 0.0, 1.0],
                [1.0, -1e-06, 1e-06, 0.0, -1e-06, 0.108132, 0.994137, 0.37472, -1e-06, -0.994136, 0.108132, -0.0, 0.0, 0.0, 0.0, 1.0],
                [1.0, -1e-06, 0.0, -0.0, -0.0, 0.108133, 0.994137, 0.37472, -1e-06, -0.994136, 0.108133, -0.0, 0.0, 0.0, 0.0, 1.0],
                [1.0, -0.0, 1e-06, -0.0, 0.0, 0.906149, 0.422958, 0.37472, -1e-06, -0.422957, 0.90615, 0.0, 0.0, 0.0, 0.0, 1.0]
            ]
        },
        {
            "name": "Knee_L",
            "time": [0.0, 0.1167, 0.3667, 0.4833, 0.5, 0.5667, 0.8333, 1.0667],
            "transform": [
                [1.0, 0.0, -0.0, 0.0, -0.0, 1e-06, -1.0, 0.435794, -0.0, 1.0, 1e-06, 0.0, 0.0, 0.0, 0.0, 1.0],
                [1.0, 0.0, -0.0, -0.0, -0.0, 1e-06, -1.0, 0.380181, -0.0, 1.0, 1e-06, 0.0, 0.0, 0.0, 0.0, 1.0],
                [1.0, 0.0, -0.0, -0.0, -0.0, 0.0, -1.0, 0.380181, -0.0, 1.0, 1e-06, -0.0, 0.0, 0.0, 0.0, 1.0],
                [1.0, 0.0, -0.0, -0.0, -0.0, 1e-06, -1.0, 0.37472, -0.0, 1.0, 1e-06, 0.0, 0.0, 0.0, 0.0, 1.0],
                [1.0, 0.0, -0.0, 0.0, -0.0, 0.0, -1.0, 0.389513, -0.0, 1.0, 1e-06, 0.0, 0.0, 0.0, 0.0, 1.0],
                [1.0, 0.0, -0.0, -0.0, -0.0, 1e-06, -1.0, 0.469991, -0.0, 1.0, 1e-06, -0.0, 0.0, 0.0, 0.0, 1.0],
                [1.0, 0.0, -0.0, 0.0, -0.0, 1e-06, -1.0, 0.469992, -0.0, 1.0, 1e-06, 0.0, 0.0, 0.0, 0.0, 1.0],
                [1.0, 0.0, -0.0, 0.0, -0.0, 1e-06, -1.0, 0.377888, -0.0, 1.0, 1e-06, 0.0, 0.0, 0.0, 0.0, 1.0]
            ]
        },
        {
            "name": "Torso",
            "time": [0.0, 0.5667, 0.8333, 1.0667],
            "transform": [
                [1.0, -0.0, 0.0, 0.0, 0.0, 0.99996, 0.00891, 0.05, -0.0, -0.00891, 0.99996, 0.0, 0.0, 0.0, 0.0, 1.0],
                [1.0, 0.0, 0.0, 0.0, -0.0, 0.951576, 0.307414, 0.05, -0.0, -0.307414, 0.951576, 0.0, 0.0, 0.0, 0.0, 1.0],
                [1.0, 0.0, 0.0, 0.0, -0.0, 0.951576, 0.307414, 0.05, -0.0, -0.307414, 0.951576, 0.0, 0.0, 0.0, 0.0, 1.0],
                [1.0, 0.0, 0.0, 0.0, -0.0, 0.972415, 0.233256, 0.05, -0.0, -0.233256, 0.972415, 0.0, 0.0, 0.0, 0.0, 1.0]
            ]
        },
        {
            "name": "Chest",
            "time": [0.0, 0.1167, 0.4, 0.5667, 0.8333, 1.0667],
            "transform": [
                [0.999965, -0.008341, 0.000779, 0.0, 0.007953, 0.974376, 0.224784, 0.3, -0.002634, -0.22477, 0.974408, 0.0, 0.0, 0.0, 0.0, 1.0],
                [1.0, 0.0, -0.0, 0.0, 0.0, 0.980681, -0.195613, 0.3, -0.0, 0.195613, 0.980681, -0.0, 0.0, 0.0, 0.0, 1.0],
                [1.0, -0.0, -0.0, 0.0, 0.0, 0.950506, -0.310706, 0.3, 0.0, 0.310706, 0.950506, 0.0, 0.0, 0.0, 0.0, 1.0],
                [1.0, 0.0, 0.0, -0.0, -0.0, 0.628882, 0.777501, 0.3, -0.0, -0.777501, 0.628882, 0.0, 0.0, 0.0, 0.0, 1.0],
                [1.0, 0.0, 0.0, -0.0, -0.0, 0.628882, 0.777501, 0.3, -0.0, -0.777501, 0.628882, 0.0, 0.0, 0.0, 0.0, 1.0],
                [1.0, 0.0, -0.0, 0.0, 0.0, 0.969851, 0.243699, 0.3, 0.0, -0.243699, 0.969851, 0.0, 0.0, 0.0, 0.0, 1.0]
            ]
        },
        {
            "name": "Head",
            "time": [0.0, 0.05, 0.1167, 0.4333, 0.5667, 0.8333, 1.0667],
            "transform": [
                [0.894993, 0.028802, 0.44515, -0.0, 0.045162, 0.986936, -0.154656, 0.4, -0.443788, 0.15852, 0.882, 0.0, 0.0, 0.0, 0.0, 1.0],
                [0.934424, -0.082539, 0.346465, -0.0, 0.009866, 0.978401, 0.206479, 0.4, -0.356025, -0.189521, 0.915056, 0.0, 0.0, 0.0, 0.0, 1.0],
                [0.999996, 0.001064, -0.00248, -0.0, -0.001007, 0.999739, 0.022837, 0.4, 0.002503, -0.022834, 0.999736, 0.0, 0.0, 0.0, 0.0, 1.0],
                [1.0, 0.000142, -0.000158, 0.0, -0.000157, 0.994632, -0.103479, 0.4, 0.000142, 0.103479, 0.994632, -0.0, 0.0, 0.0, 0.0, 1.0],
                [1.0, -0.0, -0.0, 0.0, 0.0, 0.98641, -0.1643, 0.399999, 0.0, 0.1643, 0.98641, 0.0, 0.0, 0.0, 0.0, 1.0],
                [1.0, -0.0, -0.0, 0.0, 0.0, 0.98641, -0.1643, 0.399999, 0.0, 0.1643, 0.98641, -0.0, 0.0, 0.0, 0.0, 1.0],
                [1.0, -0.0, -0.0, 0.0, 0.0, 0.921003, -0.389556, 0.4, 0.0, 0.389556, 0.921003, 0.0, 0.0, 0.0, 0.0, 1.0]
            ]
        },
        {
            "name": "Shoulder_R",
            "time": [0.0, 0.4, 0.5, 0.8333, 1.0667],
            "transform": [
                [-0.033505, 0.953752, 0.298721, -0.0, -0.000121, -0.298893, 0.954287, 0.4, 0.999438, 0.031937, 0.01013, 0.0, 0.0, 0.0, 0.0, 1.0],
                [-0.488882, 0.856614, 0.164947, 0.0, -0.027471, -0.204108, 0.978563, 0.4, 0.871917, 0.47387, 0.123317, 0.0, 0.0, 0.0, 0.0, 1.0],
                [0.499216, 0.810483, 0.306432, 0.0, -0.152567, -0.265907, 0.951849, 0.4, 0.85294, -0.52193, -0.009092, 0.0, 0.0, 0.0, 0.0, 1.0],
                [0.499217, 0.810483, 0.306432, 0.0, -0.152567, -0.265907, 0.951849, 0.399999, 0.852939, -0.52193, -0.009092, -0.0, 0.0, 0.0, 0.0, 1.0],
                [0.210328, 0.958522, 0.192345, 0.0, 0.011728, -0.199205, 0.979888, 0.4, 0.97756, -0.203842, -0.05314, 0.0, 0.0, 0.0, 0.0, 1.0]
            ]
        },
        {
            "name": "Arm_R",
            "time": [0.0, 0.05, 0.1667, 0.4, 0.5, 0.7167, 0.8333, 1.0667],
            "transform": [
                [0.212476, -0.475425, -0.853712, 0.0, 0.899411, 0.436676, -0.019331, 0.39386, 0.381986, -0.763731, 0.520386, 0.0, 0.0, 0.0, 0.0, 1.0],
                [0.129413, -0.886847, 0.44357, -0.0, 0.97049, 0.021486, -0.240185, 0.393861, 0.203476, 0.461563, 0.863457, -0.0, 0.0, 0.0, 0.0, 1.0],
                [0.257716, 0.108747, 0.960082, -0.0, 0.852103, -0.494034, -0.172773, 0.393861, 0.455525, 0.862615, -0.219984, 0.0, 0.0, 0.0, 0.0, 1.0],
                [0.257716, 0.108747, 0.960082, 0.0, 0.852103, -0.494034, -0.172773, 0.393861, 0.455525, 0.862615, -0.219984, -0.0, 0.0, 0.0, 0.0, 1.0],
                [0.182985, -0.838726, 0.51289, 0.0, 0.742074, -0.224365, -0.631654, 0.39386, 0.644859, 0.496186, 0.581341, -0.0, 0.0, 0.0, 0.0, 1.0],
                [0.114215, -0.941369, 0.317459, -0.0, 0.811652, -0.095844, -0.576224, 0.39386, 0.572866, 0.323479, 0.753117, -0.0, 0.0, 0.0, 0.0, 1.0],
                [0.114215, -0.941369, 0.317459, 0.0, 0.811652, -0.095844, -0.576224, 0.393861, 0.572866, 0.323479, 0.753117, -1e-06, 0.0, 0.0, 0.0, 1.0],
                [0.156582, -0.35266, -0.922558, 0.0, 0.804466, 0.587442, -0.088019, 0.393861, 0.57299, -0.728384, 0.375686, 0.0, 0.0, 0.0, 0.0, 1.0]
            ]
        },
        {
            "name": "Hand_R",
            "time": [0.0, 0.4, 0.5, 0.8333, 1.0667],
            "transform": [
                [1.003844, -0.0, 0.0, 0.0, 0.0, 0.900618, -0.42123, 0.3, -0.0, 0.42123, 0.900618, 0.0, 0.0, 0.0, 0.0, 1.0],
                [1.003844, 0.0, 0.0, -0.0, 0.0, 0.86349, -0.492882, 0.3, -0.0, 0.492882, 0.86349, -0.0, 0.0, 0.0, 0.0, 1.0],
                [1.003844, -0.0, 0.0, -0.0, -0.0, 0.98823, 0.109316, 0.3, -0.0, -0.109316, 0.988229, 0.0, 0.0, 0.0, 0.0, 1.0],
                [1.003844, 0.0, 0.0, 0.0, 0.0, 0.988229, 0.109316, 0.3, -0.0, -0.109316, 0.98823, 0.0, 0.0, 0.0, 0.0, 1.0],
                [1.003844, 0.0, 0.0, 0.0, 0.0, 0.950652, -0.29122, 0.3, -0.0, 0.291219, 0.950652, 0.0, 0.0, 0.0, 0.0, 1.0]
            ]
        },
        {
            "name": "Tool_R",
            "time": [0.0, 0.4, 0.5, 0.8333, 1.0667],
            "transform": [
                [0.999987, 0.002553, 0.00456, 0.0, 0.002848, -0.997824, -0.065869, 0.272858, 0.004379, 0.065831, -0.997225, -0.0, 0.0, 0.0, 0.0, 1.0],
                [1.0, 0.0, 0.0, 0.0, 0.0, -0.999836, 0.018122, 0.272858, 0.0, -0.018122, -0.999241, -0.0, 0.0, 0.0, 0.0, 1.0],
                [0.872124, -0.137763, -0.469491, -0.055765, -0.456302, -0.575341, -0.678802, 0.300506, -0.176504, 0.805743, -0.564302, 0.008005, 0.0, 0.0, 0.0, 1.0],
                [0.872124, -0.137763, -0.469491, -0.055765, -0.456302, -0.575341, -0.678801, 0.300506, -0.176504, 0.805743, -0.564302, 0.008006, 0.0, 0.0, 0.0, 1.0],
                [0.999967, -0.005949, -0.005489, -0.055765, -0.007939, -0.853221, -0.521489, 0.300506, -0.00158, 0.521197, -0.852739, 0.008006, 0.0, 0.0, 0.0, 1.0]
            ]
        },
        {
            "name": "Elbow_R",
            "time": [0.0, 0.4, 0.5, 0.8333, 1.0667],
            "transform": [
                [-1.0, 0.0, 0.0, 0.0, 0.0, 0.0, -1.0, 0.351252, -0.0, -1.0, 0.0, 0.0, 0.0, 0.0, 0.0, 1.0],
                [-1.0, 0.0, 0.0, -0.0, -0.0, 0.0, -1.0, 0.35885, -0.0, -1.0, -0.0, -0.0, 0.0, 0.0, 0.0, 1.0],
                [-1.0, 0.0, 0.0, 0.0, 0.0, -0.0, -1.0, 0.3, -0.0, -1.0, -0.0, 0.0, 0.0, 0.0, 0.0, 1.0],
                [-1.0, 0.0, -0.0, -0.0, -0.0, -0.0, -1.0, 0.3, -0.0, -1.0, 0.0, 0.0, 0.0, 0.0, 0.0, 1.0],
                [-1.0, 0.0, -0.0, -0.0, 0.0, 0.0, -1.0, 0.376257, -0.0, -1.0, -0.0, 1e-06, 0.0, 0.0, 0.0, 1.0]
            ]
        },
        {
            "name": "Shoulder_L",
            "time": [0.0, 0.4, 0.5, 0.8333, 1.0667],
            "transform": [
                [-0.334463, -0.941115, -0.049359, -0.0, -0.136512, -0.003441, 0.990632, 0.4, -0.932469, 0.338068, -0.127323, 0.0, 0.0, 0.0, 0.0, 1.0],
                [-0.488882, -0.856614, -0.164948, 0.0, 0.027471, -0.204108, 0.978563, 0.4, -0.871917, 0.47387, 0.123317, 0.0, 0.0, 0.0, 0.0, 1.0],
                [0.538816, -0.787718, -0.298626, 0.0, 0.168783, -0.246354, 0.95437, 0.4, -0.825342, -0.564633, 0.000214, 0.0, 0.0, 0.0, 0.0, 1.0],
                [0.538816, -0.787718, -0.298626, 0.0, 0.168783, -0.246353, 0.95437, 0.399999, -0.825342, -0.564633, 0.000214, -0.0, 0.0, 0.0, 0.0, 1.0],
                [0.211385, -0.958413, -0.191729, 0.0, -0.011848, -0.19866, 0.979997, 0.4, -0.977331, -0.204885, -0.053349, 0.0, 0.0, 0.0, 0.0, 1.0]
            ]
        },
        {
            "name": "Arm_L",
            "time": [0.0, 0.05, 0.1667, 0.4, 0.5, 0.7167, 0.8333, 1.0667],
            "transform": [
                [0.44104, 0.631726, 0.6375, 0.0, -0.888373, 0.40826, 0.210038, 0.39386, -0.127579, -0.658973, 0.741267, 0.0, 0.0, 0.0, 0.0, 1.0],
                [0.186828, 0.901232, -0.390994, 0.0, -0.980861, 0.148914, -0.125441, 0.39386, -0.054827, 0.406946, 0.911805, -0.0, 0.0, 0.0, 0.0, 1.0],
                [-0.12614, -0.268499, -0.954985, 0.0, -0.675318, -0.681928, 0.280927, 0.39386, -0.72666, 0.680355, -0.095304, -0.0, 0.0, 0.0, 0.0, 1.0],
                [-0.12614, -0.268499, -0.954985, 0.0, -0.675318, -0.681928, 0.280927, 0.39386, -0.72666, 0.680355, -0.095304, 0.0, 0.0, 0.0, 0.0, 1.0],
                [0.06497, 0.857631, -0.510146, -0.0, -0.914732, -0.153125, -0.373922, 0.39386, -0.398803, 0.490941, 0.774554, 0.0, 0.0, 0.0, 0.0, 1.0],
                [0.068597, 0.949826, -0.305162, 0.0, -0.95839, -0.022219, -0.284594, 0.393861, -0.277096, 0.311987, 0.90878, 0.0, 0.0, 0.0, 0.0, 1.0],
                [0.068597, 0.949826, -0.305163, -0.0, -0.95839, -0.022219, -0.284594, 0.39386, -0.277096, 0.311987, 0.90878, 0.0, 0.0, 0.0, 0.0, 1.0],
                [0.325822, 0.592146, 0.737024, 0.0, -0.727977, 0.654533, -0.204048, 0.39386, -0.603233, -0.470053, 0.64433, -0.0, 0.0, 0.0, 0.0, 1.0]
            ]
        },
        {
            "name": "Hand_L",
            "time": [0.0, 0.4, 0.5, 0.8333, 1.0667],
            "transform": [
                [1.020763, 0.0, -0.0, 0.0, -0.0, 0.394095, -0.91907, 0.3, -0.0, 0.91907, 0.394095, 0.0, 0.0, 0.0, 0.0, 1.0],
                [1.020762, -0.0, -0.0, 0.0, -0.0, 0.868478, -0.495728, 0.3, 0.0, 0.495728, 0.868478, -0.0, 0.0, 0.0, 0.0, 1.0],
                [1.020763, 0.0, 0.0, 0.0, -0.0, 0.993937, 0.109947, 0.3, -0.0, -0.109947, 0.993938, 0.0, 0.0, 0.0, 0.0, 1.0],
                [1.020762, 0.0, -0.0, -0.0, -0.0, 0.993937, 0.109947, 0.3, -0.0, -0.109947, 0.993937, 0.0, 0.0, 0.0, 0.0, 1.0],
                [1.020763, 0.0, -0.0, 0.0, -0.0, 0.973709, -0.227794, 0.3, -0.0, 0.227794, 0.973709, -0.0, 0.0, 0.0, 0.0, 1.0]
            ]
        },
        {
            "name": "Tool_L",
            "time": [0.0, 0.5, 0.8333, 1.0667],
            "transform": [
                [1.0, 0.0, 0.0, 0.0, -0.0, -0.999836, 0.018122, 0.272858, 0.0, -0.018122, -0.999242, -0.0, 0.0, 0.0, 0.0, 1.0],
                [1.0, 0.0, 0.0, 0.0, 0.0, -0.999836, 0.018122, 0.272858, 0.0, -0.018122, -0.999242, 0.0, 0.0, 0.0, 0.0, 1.0],
                [1.0, 0.0, 0.0, 0.0, 0.0, -0.999836, 0.018122, 0.272858, 0.0, -0.018122, -0.999242, 0.0, 0.0, 0.0, 0.0, 1.0],
                [1.0, 0.0, 0.0, 0.0, 0.0, -0.999836, 0.018122, 0.272858, 0.0, -0.018122, -0.999242, 0.0, 0.0, 0.0, 0.0, 1.0]
            ]
        },
        {
            "name": "Elbow_L",
            "time": [0.0, 0.4, 0.5, 0.8333, 1.0667],
            "transform": [
                [-1.0, 0.0, -0.0, 0.0, 0.0, 0.0, -1.0, 0.419401, -0.0, -1.0, -0.0, 0.0, 0.0, 0.0, 0.0, 1.0],
                [-1.0, 0.0, -0.0, 0.0, 0.0, 0.0, -1.0, 0.358849, -0.0, -1.0, -0.0, -0.0, 0.0, 0.0, 0.0, 1.0],
                [-1.0, 0.0, -0.0, 0.0, 0.0, 0.0, -1.0, 0.300001, -0.0, -1.0, -0.0, 0.0, 0.0, 0.0, 0.0, 1.0],
                [-1.0, 0.0, -0.0, -0.0, 0.0, 0.0, -1.0, 0.3, -0.0, -1.0, -0.0, 1e-06, 0.0, 0.0, 0.0, 1.0],
                [-1.0, 0.0, -0.0, 0.0, 0.0, 0.0, -1.0, 0.331817, -0.0, -1.0, -0.0, -0.0, 0.0, 0.0, 0.0, 1.0]
            ]
        }
    ]
}