{
    "animation": [
        {
            "name": "Root",
            "time": [0.0, 0.1667, 0.45, 0.65, 1.0],
            "transform": [
                [0.629385, 0.0, 0.777094, -5e-06, 0.777094, 0.0, -0.629385, 0.000946, 0.0, 1.0, 0.0, 0.763785, 0.0, 0.0, 0.0, 1.0],
                [1.0, 0.0, 0.0, -5e-06, 0.0, -0.1618, -0.986823, 1.358391, 0.0, 0.986823, -0.1618, 1.500154, 0.0, 0.0, 0.0, 1.0],
                [1.0, 0.0, 0.0, -5e-06, 0.0, -0.181483, -0.983394, 1.867981, 0.0, 0.983394, -0.181483, 1.590756, 0.0, 0.0, 0.0, 1.0],
                [1.0, 0.0, 0.0, -5e-06, 0.0, 0.0, -1.0, 3.436044, 0.0, 1.0, 0.0, 0.630741, 0.0, 0.0, 0.0, 1.0],
                [1.0, 0.0, 0.0, -5e-06, 0.0, 0.0, -1.0, 3.56245, 0.0, 1.0, 0.0, 0.496254, 0.0, 0.0, 0.0, 1.0]
            ]
        },
        {
            "name": "Thigh_R",
            "time": [0.0, 0.1667, 0.45, 0.65, 1.0],
            "transform": [
                [0.649266, 0.24551, 0.719846, 0.124994, 0.06013, -0.960073, 0.273208, -0.002831, 0.75818, -0.1341, -0.638106, -1.2e-05, 0.0, 0.0, 0.0, 1.0],
                [0.996609, 0.082105, -0.005304, 0.124994, 0.081371, -0.993126, -0.084128, -0.002831, -0.012175, 0.083412, -0.996441, -1.2e-05, 0.0, 0.0, 0.0, 1.0],
                [0.993647, 0.112485, -0.003436, 0.124994, 0.110669, -0.982231, -0.151568, -0.002831, -0.020424, 0.150225, -0.988441, -1.2e-05, 0.0, 0.0, 0.0, 1.0],
                [0.898364, 0.310114, 0.311079, 0.124994, -0.125206, -0.498033, 0.858071, -0.002831, 0.421028, -0.809809, -0.408588, -1.2e-05, 0.0, 0.0, 0.0, 1.0],
                [0.898364, 0.310114, 0.311079, 0.124994, -0.125206, -0.498033, 0.858071, -0.002831, 0.421028, -0.809809, -0.408588, -1.2e-05, 0.0, 0.0, 0.0, 1.0]
            ]
        },
        {
            "name": "Leg_R",
            "time": [0.0, 0.1667, 0.45, 0.65, 1.0],
            "transform": [
                [0.999941, -0.007169, -0.008211, -0.0, 0.009211, 0.958521, 0.284875, 0.37472, 0.005828, -0.284934, 0.958529, -0.0, 0.0, 0.0, 0.0, 1.0],
                [1.0, -0.0, 1e-06, 0.0, -0.0, 0.856384, 0.51634, 0.37472, -1e-06, -0.516341, 0.856383, 0.0, 0.0, 0.0, 0.0, 1.0],
                [1.0, -0.0, 1e-06, 0.0, -0.0, 0.738313, 0.674458, 0.37472, -1e-06, -0.674459, 0.738312, 0.0, 0.0, 0.0, 0.0, 1.0],
                [1.0, 0.0, 1e-06, 0.0, -0.0, 1.000001, 0.0, 0.37472, -1e-06, -0.0, 0.999999, 0.0, 0.0, 0.0, 0.0, 1.0],
                [1.0, 0.0, 1e-06, 0.0, -0.0, 1.000001, 0.0, 0.37472, -1e-06, -0.0, 0.999999, 0.0, 0.0, 0.0, 0.0, 1.0]
            ]
        },
        {
            "name": "Knee_R",
            "time": [0.0, 1.0],
            "transform": [
                [1.0, 0.0, -0.0, -0.0, -0.0, 1e-06, -1.0, 0.438968, -0.0, 1.0, 1e-06, 0.000847, 0.0, 0.0, 0.0, 1.0],
                [1.0, 0.0, -0.0, 0.0, -0.0, 1e-06, -1.0, 0.438967, -0.0, 1.0, 1e-06, 0.000847, 0.0, 0.0, 0.0, 1.0]
            ]
        },
        {
            "name": "Thigh_L",
            "time": [0.0, 0.1667, 0.45, 0.65, 1.0],
            "transform": [
                [0.912518, -0.161776, 0.375684, -0.125006, -0.147665, -0.986815, -0.066268, -0.002831, 0.381451, 0.004996, -0.924375, -1.2e-05, 0.0, 0.0, 0.0, 1.0],
                [0.998755, -0.049854, -0.001371, -0.125006, -0.049616, -0.99046, -0.12856, -0.002831, 0.005052, 0.128468, -0.9917, -1.2e-05, 0.0, 0.0, 0.0, 1.0],
                [0.997648, -0.068549, 0.000391, -0.125006, -0.067411, -0.982101, -0.175877, -0.002831, 0.012441, 0.175437, -0.984412, -1.2e-05, 0.0, 0.0, 0.0, 1.0],
                [0.932195, -0.283216, -0.225391, -0.125006, 0.075743, -0.456281, 0.886606, -0.002831, -0.353943, -0.843561, -0.403892, -1.2e-05, 0.0, 0.0, 0.0, 1.0],
                [0.932195, -0.283216, -0.225391, -0.125006, 0.075743, -0.456281, 0.886606, -0.002831, -0.353943, -0.843561, -0.403892, -1.2e-05, 0.0, 0.0, 0.0, 1.0]
            ]
        },
        {
            "name": "Leg_L",
            "time": [0.0, 0.1667, 0.45, 0.65, 1.0],
            "transform": [
                [0.999927, -0.012005, -0.001454, 0.0, 0.012005, 0.970971, 0.238897, 0.37472, -0.001456, -0.238897, 0.971044, 0.0, 0.0, 0.0, 0.0, 1.0],
                [1.0, -0.0, 1e-06, 0.0, -0.0, 0.895053, 0.44596, 0.37472, -1e-06, -0.44596, 0.895053, -0.0, 0.0, 0.0, 0.0, 1.0],
                [1.0, -0.0, 1e-06, -0.0, -0.0, 0.807357, 0.590064, 0.37472, -1e-06, -0.590063, 0.807357, -0.0, 0.0, 0.0, 0.0, 1.0],
                [1.0, 0.0, 1e-06, -0.0, -0.0, 1.0, 0.0, 0.37472, -1e-06, -0.0, 1.0, 0.0, 0.0, 0.0, 0.0, 1.0],
                [1.0, 0.0, 1e-06, -0.0, -0.0, 1.0, 0.0, 0.37472, -1e-06, -0.0, 1.0, 0.0, 0.0, 0.0, 0.0, 1.0]
            ]
        },
        {
            "name": "Knee_L",
            "time": [0.0, 1.0],
            "transform": [
                [1.0, 0.0, -0.0, 0.0, -0.0, 1e-06, -1.0, 0.37472, -0.0, 1.0, 1e-06, 0.0, 0.0, 0.0, 0.0, 1.0],
                [1.0, 0.0, -0.0, -0.0, -0.0, 1e-06, -1.0, 0.37472, -0.0, 1.0, 1e-06, 0.0, 0.0, 0.0, 0.0, 1.0]
            ]
        },
        {
            "name": "Torso",
            "time": [0.0, 0.45, 0.65, 1.0],
            "transform": [
                [1.0, 0.0, 0.0, 0.0, 0.0, 1.0, 0.0, 0.05, 0.0, 0.0, 1.0, -0.0, 0.0, 0.0, 0.0, 1.0],
                [1.0, 0.0, 0.0, 0.0, 0.0, 1.0, 0.0, 0.05, 0.0, 0.0, 1.0, 0.0, 0.0, 0.0, 0.0, 1.0],
                [1.0, 0.0, 0.0, 0.0, 0.0, 0.951576, 0.307414, 0.05, 0.0, -0.307414, 0.951576, 0.0, 0.0, 0.0, 0.0, 1.0],
                [1.0, 0.0, 0.0, 0.0, 0.0, 0.951576, 0.307414, 0.05, 0.0, -0.307414, 0.951576, 0.0, 0.0, 0.0, 0.0, 1.0]
            ]
        },
        {
            "name": "Chest",
            "time": [0.0, 0.1667, 0.45, 0.65, 1.0],
            "transform": [
                [0.999949, -0.010107, 6e-05, 0.0, 0.010107, 0.999879, -0.011815, 0.3, 6e-05, 0.011815, 0.99993, -0.0, 0.0, 0.0, 0.0, 1.0],
                [1.0, 0.0, 0.0, 0.0, 0.0, 0.980681, -0.195613, 0.3, 0.0, 0.195613, 0.980681, 0.0, 0.0, 0.0, 0.0, 1.0],
                [1.0, 0.0, 0.0, 0.0, 0.0, 0.963964, -0.266032, 0.3, 0.0, 0.266032, 0.963964, 0.0, 0.0, 0.0, 0.0, 1.0],
                [1.0, 0.0, 0.0, -0.0, 0.0, 0.878348, 0.478022, 0.3, 0.0, -0.478022, 0.878348, 0.0, 0.0, 0.0, 0.0, 1.0],
                [1.0, 0.0, 0.0, -0.0, 0.0, 0.878348, 0.478022, 0.3, 0.0, -0.478022, 0.878348, -0.0, 0.0, 0.0, 0.0, 1.0]
            ]
        },
        {
            "name": "Head",
            "time": [0.0, 0.1667, 0.45, 0.65, 1.0],
            "transform": [
                [0.661921, 0.003411, -0.749566, -0.0, 0.003869, 0.999961, 0.007967, 0.4, 0.749564, -0.008174, 0.661882, 0.0, 0.0, 0.0, 0.0, 1.0],
                [1.0, 0.0, 0.0, 0.0, 0.0, 0.902904, 0.429841, 0.4, 0.0, -0.429841, 0.902904, -0.0, 0.0, 0.0, 0.0, 1.0],
                [1.0, 0.0, 0.0, 0.0, 0.0, 0.929014, 0.370044, 0.4, 0.0, -0.370044, 0.929014, 0.0, 0.0, 0.0, 0.0, 1.0],
                [1.0, 0.0, 0.0, 0.0, 0.0, 0.976888, -0.213751, 0.4, 0.0, 0.213751, 0.976888, -0.0, 0.0, 0.0, 0.0, 1.0],
                [1.0, 0.0, 0.0, 0.0, 0.0, 0.976888, -0.213751, 0.4, 0.0, 0.213751, 0.976888, 0.0, 0.0, 0.0, 0.0, 1.0]
            ]
        },
        {
            "name": "Shoulder_R",
            "time": [0.0, 0.45, 0.65, 1.0],
            "transform": [
                [0.0, 0.952114, 0.305743, -0.0, 0.0, -0.305743, 0.952114, 0.4, 1.0, -0.0, -0.0, 0.0, 0.0, 0.0, 0.0, 1.0],
                [0.0, 0.952114, 0.305743, 0.0, 0.0, -0.305743, 0.952114, 0.4, 1.0, 0.0, 0.0, 0.0, 0.0, 0.0, 0.0, 1.0],
                [0.362614, 0.678108, -0.639281, 0.0, 0.289902, 0.569858, 0.768907, 0.4, 0.885702, -0.464145, 0.010053, -0.0, 0.0, 0.0, 0.0, 1.0],
                [0.362614, 0.678108, -0.639281, 0.0, 0.289902, 0.569858, 0.768907, 0.4, 0.885702, -0.464145, 0.010053, 0.0, 0.0, 0.0, 0.0, 1.0]
            ]
        },
        {
            "name": "Arm_R",
            "time": [0.0, 0.1667, 0.45, 0.65, 1.0],
            "transform": [
                [1e-06, 0.391932, -0.919994, -0.0, 0.903116, 0.395043, 0.168295, 0.393861, 0.429398, -0.830861, -0.353959, -0.0, 0.0, 0.0, 0.0, 1.0],
                [0.166898, -0.15065, 0.974397, -0.0, 0.865905, -0.450242, -0.217926, 0.393861, 0.471545, 0.880106, 0.055304, 0.0, 0.0, 0.0, 0.0, 1.0],
                [0.428104, 0.400415, 0.810182, 0.0, 0.773901, -0.625387, -0.099849, 0.393861, 0.466696, 0.669746, -0.577612, -0.0, 0.0, 0.0, 0.0, 1.0],
                [0.489373, -0.797403, 0.353078, 0.0, 0.827539, 0.552348, 0.100457, 0.393861, -0.275126, 0.243025, 0.930185, -0.0, 0.0, 0.0, 0.0, 1.0],
                [0.489373, -0.797403, 0.353078, -0.0, 0.827539, 0.552348, 0.100457, 0.393861, -0.275126, 0.243025, 0.930185, -0.0, 0.0, 0.0, 0.0, 1.0]
            ]
        },
        {
            "name": "Hand_R",
            "time": [0.0, 0.1667, 0.45, 0.65, 1.0],
            "transform": [
                [1.003844, 0.0, 0.0, -0.0, -0.0, 0.993756, -0.031578, 0.3, -0.0, 0.031578, 0.993756, -0.0, 0.0, 0.0, 0.0, 1.0],
                [1.003844, -0.0, 0.0, 0.0, 0.0, 0.86349, -0.492882, 0.3, -0.0, 0.492882, 0.86349, -0.0, 0.0, 0.0, 0.0, 1.0],
                [1.003844, -0.0, 0.0, -0.0, 0.0, 0.716853, -0.688962, 0.3, 0.0, 0.688962, 0.716853, -0.0, 0.0, 0.0, 0.0, 1.0],
                [1.003844, 0.0, 0.0, 0.0, -0.0, 0.988229, 0.109316, 0.3, -0.0, -0.109316, 0.988229, -0.0, 0.0, 0.0, 0.0, 1.0],
                [1.003844, 0.0, 0.0, 0.0, -0.0, 0.988229, 0.109316, 0.3, -0.0, -0.109316, 0.988229, -0.0, 0.0, 0.0, 0.0, 1.0]
            ]
        },
        {
            "name": "Tool_R",
            "time": [0.0, 0.1667, 0.45, 0.65, 1.0],
            "transform": [
                [0.999991, -0.000579, 0.004302, 0.0, 0.000775, -0.951336, -0.308154, 0.272858, 0.004268, 0.307961, -0.950767, -0.0, 0.0, 0.0, 0.0, 1.0],
                [1.0, 0.0, 0.0, 0.0, 0.0, -0.999836, 0.018122, 0.272858, 0.0, -0.018122, -0.999243, -0.0, 0.0, 0.0, 0.0, 1.0],
                [1.0, 0.0, 0.0, 0.0, 0.0, -0.999836, 0.018122, 0.272858, 0.0, -0.018122, -0.999243, 0.0, 0.0, 0.0, 0.0, 1.0],
                [0.999976, 0.004827, 0.005071, -0.0, 0.006918, -0.569529, -0.821942, 0.272858, -0.001078, 0.821465, -0.56922, -1e-06, 0.0, 0.0, 0.0, 1.0],
                [0.999976, 0.004827, 0.005071, -0.0, 0.006918, -0.569529, -0.821942, 0.272858, -0.001078, 0.821465, -0.56922, -0.0, 0.0, 0.0, 0.0, 1.0]
            ]
        },
        {
            "name": "Elbow_R",
            "time": [0.0, 1.0],
            "transform": [
                [-1.0, 0.0, 0.0, -0.002548, 0.0, -0.0, -1.0, 0.446375, -0.0, -1.0, 0.0, -0.000323, 0.0, 0.0, 0.0, 1.0],
                [-1.0, 0.0, -0.0, -0.002547, 0.0, -0.0, -1.0, 0.446376, -0.0, -1.0, 0.0, -0.000323, 0.0, 0.0, 0.0, 1.0]
            ]
        },
        {
            "name": "Shoulder_L",
            "time": [0.0, 0.1667, 0.45, 0.65, 1.0],
            "transform": [
                [-0.0, -0.952114, -0.305743, -0.0, 0.0, -0.305743, 0.952114, 0.4, -1.0, 0.0, 0.0, 0.0, 0.0, 0.0, 0.0, 1.0],
                [-0.211484, -0.939934, -0.267951, 0.0, -0.002531, -0.273624, 0.961833, 0.4, -0.977378, 0.204091, 0.055488, -0.0, 0.0, 0.0, 0.0, 1.0],
                [-0.287321, -0.924324, -0.251141, 0.0, -0.001659, -0.261716, 0.965144, 0.4, -0.957833, 0.277722, 0.073663, 0.0, 0.0, 0.0, 0.0, 1.0],
                [0.284743, -0.889899, 0.356373, 0.0, -0.157344, 0.323332, 0.933113, 0.4, -0.945603, -0.32177, -0.047954, -0.0, 0.0, 0.0, 0.0, 1.0],
                [0.284743, -0.889899, 0.356373, 0.0, -0.157344, 0.323332, 0.933113, 0.4, -0.945603, -0.32177, -0.047954, 0.0, 0.0, 0.0, 0.0, 1.0]
            ]
        },
        {
            "name": "Arm_L",
            "time": [0.0, 0.1667, 0.45, 0.65, 1.0],
            "transform": [
                [-0.007596, -0.258615, 0.965951, 0.0, -0.927236, 0.363494, 0.090027, 0.39386, -0.3744, -0.894981, -0.242558, -0.0, 0.0, 0.0, 0.0, 1.0],
                [-0.08695, 0.126001, -0.988212, -0.0, -0.945881, -0.321759, 0.0422, 0.39386, -0.312649, 0.9384, 0.147159, 0.0, 0.0, 0.0, 0.0, 1.0],
                [0.261004, -0.454762, -0.85151, -0.0, -0.858888, -0.512062, 0.010209, 0.39386, -0.440668, 0.728687, -0.524239, 0.0, 0.0, 0.0, 0.0, 1.0],
                [0.078852, 0.973774, -0.213416, -0.0, -0.971225, 0.02678, -0.236653, 0.39386, -0.224731, 0.225936, 0.947866, 0.0, 0.0, 0.0, 0.0, 1.0],
                [0.078852, 0.973774, -0.213416, -0.0, -0.971225, 0.02678, -0.236653, 0.39386, -0.224731, 0.225936, 0.947866, -0.0, 0.0, 0.0, 0.0, 1.0]
            ]
        },
        {
            "name": "Hand_L",
            "time": [0.0, 0.1667, 0.45, 0.65, 1.0],
            "transform": [
                [1.020763, 0.0, 0.0, 0.0, -0.0, 0.999798, 0.020114, 0.3, -0.0, -0.020114, 0.999798, -0.0, 0.0, 0.0, 0.0, 1.0],
                [1.020763, 0.0, 0.0, -0.0, -0.0, 0.868478, -0.495728, 0.3, -0.0, 0.495728, 0.868478, 0.0, 0.0, 0.0, 0.0, 1.0],
                [1.020763, -0.0, 0.0, -0.0, 0.0, 0.720994, -0.692941, 0.3, 0.0, 0.692941, 0.720994, 0.0, 0.0, 0.0, 0.0, 1.0],
                [1.020763, 0.0, 0.0, 0.0, 0.0, 0.993938, 0.109947, 0.3, 0.0, -0.109947, 0.993937, -0.0, 0.0, 0.0, 0.0, 1.0],
                [1.020763, 0.0, 0.0, 0.0, 0.0, 0.993938, 0.109947, 0.3, 0.0, -0.109947, 0.993937, -0.0, 0.0, 0.0, 0.0, 1.0]
            ]
        },
        {
            "name": "Tool_L",
            "time": [0.0, 1.0],
            "transform": [
                [1.0, 0.0, 0.0, -0.0, 0.0, -0.999836, 0.018122, 0.272858, 0.0, -0.018122, -0.999247, -0.0, 0.0, 0.0, 0.0, 1.0],
                [1.0, 0.0, 0.0, 0.0, 0.0, -0.999835, 0.018122, 0.272858, 0.0, -0.018122, -0.999247, 0.0, 0.0, 0.0, 0.0, 1.0]
            ]
        },
        {
            "name": "Elbow_L",
            "time": [0.0, 1.0],
            "transform": [
                [-1.0, 0.0, -0.0, 0.002558, 0.0, -0.0, -1.0, 0.446973, -0.0, -1.0, -0.0, 0.000325, 0.0, 0.0, 0.0, 1.0],
                [-1.0, 0.0, -0.0, 0.002558, 0.0, -0.0, -1.0, 0.446973, -0.0, -1.0, 0.0, 0.000325, 0.0, 0.0, 0.0, 1.0]
            ]
        }
    ]
}