{
    "animation": [
        {
            "name": "Coord",
            "time": [0.0, 0.2, 0.4, 0.5, 0.7, 0.95],
            "transform": [
                [1.0, -0.000116, 0.000116, 0.0, 0.000116, 0.001062, -0.999999, 0.0, 0.000116, 0.999999, 0.001062, 0.0, 0.0, 0.0, 0.0, 1.0],
                [1.0, -0.000116, 0.000116, 0.0, 0.000116, 0.001062, -0.999999, 0.0, 0.000116, 0.999999, 0.001062, 0.0, 0.0, 0.0, 0.0, 1.0],
                [1.0, -0.000116, 0.000116, 0.0, 0.000116, 0.001062, -0.999999, 2.739799, 0.000116, 0.999999, 0.001062, 0.0, 0.0, 0.0, 0.0, 1.0],
                [1.0, -0.000116, 0.000116, 0.0, 0.000116, 0.001062, -0.999999, 2.981705, 0.000116, 0.999999, 0.001062, -0.0, 0.0, 0.0, 0.0, 1.0],
                [1.0, -0.000116, 0.000116, 0.0, 0.000116, 0.001062, -0.999999, 2.981705, 0.000116, 0.999999, 0.001062, -0.0, 0.0, 0.0, 0.0, 1.0],
                [1.0, -0.000116, 0.000116, 0.0, 0.000116, 0.001062, -0.999999, 3.003977, 0.000116, 0.999999, 0.001062, -0.0, 0.0, 0.0, 0.0, 1.0]
            ]
        },
        {
            "name": "Root",
            "time": [0.0, 0.1, 0.2, 0.3, 0.5, 0.7, 0.95],
            "transform": [
                [0.629475, 0.000116, 0.777021, 8.2e-05, 0.000753, 0.999999, -0.000759, 0.747337, -0.77702, 0.001062, 0.629474, -0.000152, 0.0, 0.0, 0.0, 1.0],
                [0.55195, 0.000116, 0.833877, 6.9e-05, 0.000822, 0.999999, -0.000683, 0.638159, -0.833877, 0.001062, 0.55195, -0.000268, 0.0, 0.0, 0.0, 1.0],
                [0.552033, 0.000116, 0.833823, 6.3e-05, 0.000822, 0.999999, -0.000683, 0.584554, -0.833822, 0.001062, 0.552032, -0.000325, 0.0, 0.0, 0.0, 1.0],
                [0.990646, 0.027252, 0.13371, 7e-05, -0.020273, 0.998374, -0.053283, 0.642746, -0.134945, 0.050074, 0.989587, -0.000264, 0.0, 0.0, 0.0, 1.0],
                [0.462198, -0.080152, -0.883147, 6.6e-05, -0.004992, 0.995656, -0.092975, 0.611741, 0.886763, 0.047381, 0.45979, -0.000296, 0.0, 0.0, 0.0, 1.0],
                [0.462198, -0.080152, -0.883147, 6.6e-05, -0.004992, 0.995656, -0.092975, 0.611741, 0.886763, 0.047381, 0.45979, -0.000296, 0.0, 0.0, 0.0, 1.0],
                [1.0, 0.000116, -0.000116, 6.2e-05, -0.000116, 0.999999, -0.001062, 0.566787, 0.000116, 0.001062, 0.999999, -0.011063, 0.0, 0.0, 0.0, 1.0]
            ]
        },
        {
            "name": "Thigh_R",
            "time": [0.0, 0.1, 0.2, 0.4, 0.7, 0.95],
            "transform": [
                [0.638831, 0.226331, 0.735302, 0.155189, -0.000317, -0.955669, 0.294438, -0.002831, 0.769347, -0.188327, -0.61044, 0.037269, 0.0, 0.0, 0.0, 1.0],
                [0.638577, 0.551563, 0.536653, 0.140091, 0.069152, -0.735657, 0.673813, -0.002831, 0.766444, -0.39317, -0.507917, 0.018629, 0.0, 0.0, 0.0, 1.0],
                [0.620564, 0.681035, 0.388705, 0.124994, 0.123432, -0.574352, 0.809248, -0.002831, 0.77438, -0.454211, -0.440486, -1.2e-05, 0.0, 0.0, 0.0, 1.0],
                [0.864558, 0.481274, 0.144617, 0.124994, 0.486715, -0.873556, -0.002568, -0.002831, 0.125093, 0.072609, -0.989484, -1.2e-05, 0.0, 0.0, 0.0, 1.0],
                [0.853338, 0.520354, -0.032324, 0.124993, 0.510454, -0.82127, 0.254857, -0.002831, 0.106068, -0.233977, -0.966439, -1.2e-05, 0.0, 0.0, 0.0, 1.0],
                [0.971744, 0.105415, 0.211188, 0.124994, 0.186001, -0.892834, -0.410181, -0.002831, 0.145316, 0.437874, -0.887215, -1.2e-05, 0.0, 0.0, 0.0, 1.0]
            ]
        },
        {
            "name": "Leg_R",
            "time": [0.0, 0.1, 0.2, 0.4, 0.7, 0.95],
            "transform": [
                [1.0, -0.0, 1e-06, -0.0, -0.0, 0.959039, 0.283276, 0.37472, -1e-06, -0.283275, 0.959038, 0.0, 0.0, 0.0, 0.0, 1.0],
                [1.0, -1e-06, 0.0, 0.0, -0.0, 0.449556, 0.893252, 0.37472, -1e-06, -0.893253, 0.449554, -0.0, 0.0, 0.0, 0.0, 1.0],
                [1.0, -1e-06, 0.0, -0.0, -0.0, 0.317879, 0.948131, 0.37472, -1e-06, -0.948133, 0.317876, 0.0, 0.0, 0.0, 0.0, 1.0],
                [1.0, 0.0, 1e-06, -0.0, -0.0, 0.81266, 0.582739, 0.37472, -1e-06, -0.582738, 0.81266, 0.0, 0.0, 0.0, 0.0, 1.0],
                [1.0, -0.0, 0.0, -0.0, -0.0, 0.703949, 0.710251, 0.37472, -1e-06, -0.710251, 0.703948, -0.0, 0.0, 0.0, 0.0, 1.0],
                [1.0, 0.0, 1e-06, 0.0, 0.0, 0.887958, 0.459926, 0.37472, -1e-06, -0.459925, 0.887957, -0.0, 0.0, 0.0, 0.0, 1.0]
            ]
        },
        {
            "name": "Knee_R",
            "time": [0.0, 0.1, 0.2, 0.4, 0.7, 0.95],
            "transform": [
                [1.0, 0.0, -0.0, -0.0, -0.0, 1e-06, -1.0, 0.37472, -0.0, 1.0, 1e-06, 0.0, 0.0, 0.0, 0.0, 1.0],
                [1.0, 0.0, -0.0, 0.0, -0.0, 1e-06, -1.0, 0.437853, -0.0, 1.0, 1e-06, -0.0, 0.0, 0.0, 0.0, 1.0],
                [1.0, 0.0, -0.0, 0.0, -0.0, 1e-06, -1.0, 0.450673, -0.0, 1.0, 1e-06, -0.0, 0.0, 0.0, 0.0, 1.0],
                [1.0, 0.0, -0.0, 0.0, -0.0, 1e-06, -1.0, 0.394534, -0.0, 1.0, 1e-06, -0.0, 0.0, 0.0, 0.0, 1.0],
                [1.0, 0.0, -0.0, -0.0, -0.0, 1e-06, -1.0, 0.409598, 0.0, 1.0, 1e-06, -0.0, 0.0, 0.0, 0.0, 1.0],
                [1.0, 0.0, -0.0, 0.0, -0.0, 0.0, -1.0, 0.381588, -0.0, 1.0, 0.0, -0.0, 0.0, 0.0, 0.0, 1.0]
            ]
        },
        {
            "name": "Thigh_L",
            "time": [0.0, 0.1, 0.2, 0.3, 0.4, 0.5, 0.7, 0.95],
            "transform": [
                [0.930059, -0.106441, 0.351655, -0.153044, -0.094, -0.994196, -0.052314, -0.002831, 0.355183, 0.015602, -0.934666, -0.03463, 0.0, 0.0, 0.0, 1.0],
                [0.960491, -0.220864, 0.169342, -0.139025, -0.26806, -0.897768, 0.349507, -0.002831, 0.074836, -0.38109, -0.921503, -0.017321, 0.0, 0.0, 0.0, 1.0],
                [0.830661, -0.545438, -0.111806, -0.125006, -0.428469, -0.75445, 0.49721, -0.002831, -0.355549, -0.365106, -0.860396, -1.2e-05, 0.0, 0.0, 0.0, 1.0],
                [0.990881, 0.092729, 0.097752, -0.125006, 0.028274, -0.852441, 0.522056, -0.002831, 0.131738, -0.514531, -0.847291, -1.2e-05, 0.0, 0.0, 0.0, 1.0],
                [0.719826, -0.523251, -0.456134, -0.125006, -0.042921, -0.689402, 0.723106, -0.002831, -0.692826, -0.500932, -0.518709, -1.2e-05, 0.0, 0.0, 0.0, 1.0],
                [0.421056, -0.725642, -0.544203, -0.125007, -0.091631, -0.630941, 0.7704, -0.002831, -0.902394, -0.274514, -0.332154, -1.2e-05, 0.0, 0.0, 0.0, 1.0],
                [0.421057, -0.725642, -0.544201, -0.125007, -0.091632, -0.63094, 0.770401, -0.002831, -0.902394, -0.274515, -0.332155, -1.2e-05, 0.0, 0.0, 0.0, 1.0],
                [0.924993, -0.12707, -0.358107, -0.125006, 0.249546, -0.507572, 0.82468, -0.002831, -0.286558, -0.852186, -0.437792, -1.2e-05, 0.0, 0.0, 0.0, 1.0]
            ]
        },
        {
            "name": "Leg_L",
            "time": [0.0, 0.1, 0.2, 0.3, 0.4, 0.7, 0.95],
            "transform": [
                [1.0, 0.0, 1e-06, 0.0, -0.0, 0.979793, 0.200014, 0.37472, -1e-06, -0.200013, 0.979794, -0.0, 0.0, 0.0, 0.0, 1.0],
                [1.0, -0.0, 1e-06, 0.0, 0.0, 0.540731, 0.841197, 0.37472, -1e-06, -0.841195, 0.540732, -0.0, 0.0, 0.0, 0.0, 1.0],
                [1.0, -0.0, 1e-06, 0.0, 0.0, 0.442457, 0.89679, 0.37472, -1e-06, -0.896789, 0.442458, 0.0, 0.0, 0.0, 0.0, 1.0],
                [1.0, -0.0, 1e-06, 0.0, -0.0, 0.432067, 0.901842, 0.37472, -1e-06, -0.901842, 0.432067, 0.0, 0.0, 0.0, 0.0, 1.0],
                [1.0, 0.0, 1e-06, -0.0, 0.0, 0.645254, 0.763968, 0.37472, -1e-06, -0.763968, 0.645254, -0.0, 0.0, 0.0, 0.0, 1.0],
                [1.0, -0.0, 1e-06, 0.0, 0.0, 0.522169, 0.852842, 0.37472, -1e-06, -0.852842, 0.522169, -0.0, 0.0, 0.0, 0.0, 1.0],
                [1.0, -0.0, 1e-06, 0.0, 0.0, 0.504635, 0.863333, 0.37472, -1e-06, -0.863333, 0.504633, 0.0, 0.0, 0.0, 0.0, 1.0]
            ]
        },
        {
            "name": "Knee_L",
            "time": [0.0, 0.1, 0.2, 0.3, 0.4, 0.7, 0.95],
            "transform": [
                [1.0, 0.0, -0.0, 0.0, -0.0, 1e-06, -1.0, 0.37472, -0.0, 1.0, 1e-06, -0.0, 0.0, 0.0, 0.0, 1.0],
                [1.0, 0.0, -0.0, 0.0, -0.0, 1e-06, -1.0, 0.428421, -0.0, 1.0, 1e-06, -0.0, 0.0, 0.0, 0.0, 1.0],
                [1.0, 0.0, -0.0, -0.0, -0.0, 0.0, -1.0, 0.438565, -0.0, 1.0, 1e-06, -0.0, 0.0, 0.0, 0.0, 1.0],
                [1.0, 0.0, -0.0, 0.0, -0.0, 1e-06, -1.0, 0.439603, -0.0, 1.0, 1e-06, 0.0, 0.0, 0.0, 0.0, 1.0],
                [1.0, 0.0, -0.0, -0.0, -0.0, 0.0, -1.0, 0.416744, -0.0, 1.0, 1e-06, -0.0, 0.0, 0.0, 0.0, 1.0],
                [1.0, 0.0, -0.0, 0.0, -0.0, 0.0, -1.0, 0.430389, -0.0, 1.0, 1e-06, 0.0, 0.0, 0.0, 0.0, 1.0],
                [1.0, 0.0, -0.0, 0.0, -0.0, 1e-06, -1.0, 0.432224, -0.0, 1.0, 1e-06, 0.0, 0.0, 0.0, 0.0, 1.0]
            ]
        },
        {
            "name": "Torso",
            "time": [0.0, 0.2, 0.4, 0.7, 0.95],
            "transform": [
                [1.0, 0.0, -0.0, -0.0, -0.0, 1.0, -0.0, 0.05, -0.0, 0.0, 1.0, -0.0, 0.0, 0.0, 0.0, 1.0],
                [0.996896, -0.078593, -0.00469, 0.0, 0.078593, 0.98981, 0.118742, 0.05, -0.00469, -0.118742, 0.992914, 0.0, 0.0, 0.0, 0.0, 1.0],
                [1.0, -0.0, -0.0, 0.0, 0.0, 1.0, -0.0, 0.05, -0.0, -0.0, 1.0, 0.0, 0.0, 0.0, 0.0, 1.0],
                [1.0, -0.0, -0.0, -0.0, 0.0, 1.0, 0.0, 0.05, 0.0, 0.0, 1.0, 0.0, 0.0, 0.0, 0.0, 1.0],
                [1.0, -0.0, 0.0, -0.0, 0.0, 1.0, -0.0, 0.05, -0.0, 0.0, 1.0, 0.0, 0.0, 0.0, 0.0, 1.0]
            ]
        },
        {
            "name": "Chest",
            "time": [0.0, 0.2, 0.4, 0.7, 0.95],
            "transform": [
                [0.999949, -0.010107, 6e-05, 0.0, 0.010107, 0.999879, -0.011815, 0.3, 6e-05, 0.011815, 0.99993, -0.0, 0.0, 0.0, 0.0, 1.0],
                [0.8075, -0.23606, 0.540573, -0.0, 0.105336, 0.959409, 0.261609, 0.3, -0.580386, -0.154307, 0.799588, 0.0, 0.0, 0.0, 0.0, 1.0],
                [0.999973, -0.000494, 0.007306, 0.0, -0.000804, 0.984292, 0.176547, 0.3, -0.007279, -0.176548, 0.984265, 0.0, 0.0, 0.0, 0.0, 1.0],
                [0.999973, -0.000494, 0.007306, -0.0, -0.000804, 0.984292, 0.176546, 0.3, -0.007279, -0.176547, 0.984265, -0.0, 0.0, 0.0, 0.0, 1.0],
                [0.999973, -0.000494, 0.007306, 0.0, -0.000804, 0.984292, 0.176546, 0.3, -0.007279, -0.176547, 0.984265, 0.0, 0.0, 0.0, 0.0, 1.0]
            ]
        },
        {
            "name": "Head",
            "time": [0.0, 0.2, 0.3, 0.5, 0.7, 0.95],
            "transform": [
                [0.661921, 0.003411, -0.749566, 0.0, 0.003869, 0.999961, 0.007967, 0.4, 0.749564, -0.008174, 0.661882, -0.0, 0.0, 0.0, 0.0, 1.0],
                [0.1466, 0.086273, -0.985427, 0.0, -0.383385, 0.923282, 0.023797, 0.4, 0.91188, 0.374309, 0.168429, -0.0, 0.0, 0.0, 0.0, 1.0],
                [0.952815, 0.04536, -0.300144, -0.0, -0.064053, 0.996552, -0.05273, 0.4, 0.296717, 0.069467, 0.952435, 0.0, 0.0, 0.0, 0.0, 1.0],
                [0.480124, -0.016727, 0.877041, -0.0, 0.078555, 0.996621, -0.023996, 0.4, -0.873676, 0.080417, 0.479816, -0.0, 0.0, 0.0, 0.0, 1.0],
                [0.480124, -0.016727, 0.877041, -0.0, 0.078555, 0.996621, -0.023996, 0.4, -0.873676, 0.080417, 0.479816, 0.0, 0.0, 0.0, 0.0, 1.0],
                [0.999999, 0.001472, -0.000344, -0.0, -0.001511, 0.981364, -0.192151, 0.4, 5.4e-05, 0.192151, 0.981365, 0.0, 0.0, 0.0, 0.0, 1.0]
            ]
        },
        {
            "name": "Shoulder_R",
            "time": [0.0, 0.2333, 0.45, 0.7, 0.95],
            "transform": [
                [0.0, 0.952114, 0.305743, 0.0, -0.0, -0.305743, 0.952114, 0.4, 1.0, 0.0, 0.0, -0.0, 0.0, 0.0, 0.0, 1.0],
                [0.501352, 0.811022, 0.30148, 0.0, 0.044975, -0.372389, 0.926986, 0.4, 0.864074, -0.451187, -0.223174, 0.0, 0.0, 0.0, 0.0, 1.0],
                [-0.393896, 0.86645, 0.306774, 0.0, 0.00295, -0.332562, 0.943076, 0.4, 0.91915, 0.372379, 0.128439, -0.0, 0.0, 0.0, 0.0, 1.0],
                [-0.393896, 0.86645, 0.306773, -0.0, 0.002951, -0.332562, 0.943077, 0.4, 0.91915, 0.372379, 0.128438, 0.0, 0.0, 0.0, 0.0, 1.0],
                [0.210328, 0.958522, 0.192345, -0.0, 0.011728, -0.199205, 0.979887, 0.4, 0.97756, -0.203842, -0.05314, 0.0, 0.0, 0.0, 0.0, 1.0]
            ]
        },
        {
            "name": "Arm_R",
            "time": [0.0, 0.2333, 0.45, 0.7, 0.95],
            "transform": [
                [-0.361243, -0.91611, -0.173912, -0.0, 0.134, 0.13357, -0.981938, 0.39386, 0.922794, -0.378023, 0.074507, 0.0, 0.0, 0.0, 0.0, 1.0],
                [-0.169176, -0.879816, -0.444189, 0.0, -0.288299, 0.475149, -0.831335, 0.393861, 0.942477, -0.012582, -0.334033, -0.0, 0.0, 0.0, 0.0, 1.0],
                [0.169739, 0.07384, -0.982719, 0.0, -0.581216, 0.812799, -0.039318, 0.393861, 0.79585, 0.577846, 0.18088, 0.0, 0.0, 0.0, 0.0, 1.0],
                [0.169739, 0.07384, -0.982719, 0.0, -0.581217, 0.812799, -0.039318, 0.393861, 0.79585, 0.577846, 0.18088, 0.0, 0.0, 0.0, 0.0, 1.0],
                [0.156582, -0.35266, -0.922558, -0.0, 0.804466, 0.587442, -0.088019, 0.393861, 0.57299, -0.728384, 0.375686, -0.0, 0.0, 0.0, 0.0, 1.0]
            ]
        },
        {
            "name": "Hand_R",
            "time": [0.0, 0.2333, 0.3, 0.45, 0.7, 0.95],
            "transform": [
                [1.003844, -0.0, 0.0, 0.0, 0.0, 0.993756, -0.031579, 0.3, -0.0, 0.031578, 0.993756, -0.0, 0.0, 0.0, 0.0, 1.0],
                [1.003844, 0.0, 0.0, 0.0, 0.0, 0.799555, -0.590982, 0.3, -0.0, 0.590981, 0.799555, 0.0, 0.0, 0.0, 0.0, 1.0],
                [1.003844, -0.0, 0.0, -0.0, 0.0, 0.98823, 0.109316, 0.3, -0.0, -0.109316, 0.98823, -0.0, 0.0, 0.0, 0.0, 1.0],
                [1.003844, -0.0, 0.0, -0.0, 0.0, 0.989966, -0.09228, 0.3, -0.0, 0.09228, 0.989966, 0.0, 0.0, 0.0, 0.0, 1.0],
                [1.003844, -0.0, 0.0, 0.0, 0.0, 0.989966, -0.09228, 0.3, -0.0, 0.09228, 0.989966, 0.0, 0.0, 0.0, 0.0, 1.0],
                [1.003844, 0.0, 0.0, 0.0, 0.0, 0.950652, -0.29122, 0.3, -0.0, 0.29122, 0.950652, 0.0, 0.0, 0.0, 0.0, 1.0]
            ]
        },
        {
            "name": "Tool_R",
            "time": [0.0, 0.2333, 0.3, 0.45, 0.7, 0.95],
            "transform": [
                [0.999991, -0.000579, 0.004301, -0.0, 0.000775, -0.951336, -0.308154, 0.272858, 0.004268, 0.307961, -0.950765, 0.0, 0.0, 0.0, 0.0, 1.0],
                [0.999981, -0.001257, 0.006046, -0.0, 0.001532, -0.897973, -0.440048, 0.272858, 0.005979, 0.439778, -0.897425, 0.0, 0.0, 0.0, 0.0, 1.0],
                [0.999976, -0.006586, 0.002032, 0.0, -0.001094, -0.442829, -0.896605, 0.272858, 0.006801, 0.896044, -0.442572, -0.0, 0.0, 0.0, 0.0, 1.0],
                [0.999981, -0.001257, 0.006046, -0.0, 0.001532, -0.897973, -0.440048, 0.272858, 0.005979, 0.439778, -0.897425, 0.0, 0.0, 0.0, 0.0, 1.0],
                [0.999981, -0.001257, 0.006046, -0.0, 0.001532, -0.897973, -0.440048, 0.272858, 0.005979, 0.439778, -0.897425, 0.0, 0.0, 0.0, 0.0, 1.0],
                [0.999967, -0.005949, -0.005489, -0.055765, -0.007939, -0.853221, -0.521489, 0.300506, -0.00158, 0.521196, -0.852739, 0.008006, 0.0, 0.0, 0.0, 1.0]
            ]
        },
        {
            "name": "Elbow_R",
            "time": [0.0, 0.2333, 0.3, 0.45, 0.7, 0.95],
            "transform": [
                [-1.0, 0.0, -0.0, -0.0, -0.0, 0.0, -1.0, 0.313283, -0.0, -1.0, 0.0, -0.0, 0.0, 0.0, 0.0, 1.0],
                [-1.0, 0.0, -0.0, -0.0, -0.0, 0.0, -1.0, 0.369877, -0.0, -1.0, -0.0, 0.0, 0.0, 0.0, 0.0, 1.0],
                [-1.0, 0.0, -0.0, 0.0, -0.0, 0.0, -1.0, 0.3, -0.0, -1.0, -0.0, -0.0, 0.0, 0.0, 0.0, 1.0],
                [-1.0, 0.0, 0.0, 0.0, 0.0, 0.0, -1.0, 0.319008, -0.0, -1.0, -0.0, 0.0, 0.0, 0.0, 0.0, 1.0],
                [-1.0, 0.0, -0.0, 0.0, 0.0, 0.0, -1.0, 0.319008, -0.0, -1.0, -0.0, 0.0, 0.0, 0.0, 0.0, 1.0],
                [-1.0, 0.0, 0.0, 0.0, 0.0, -0.0, -1.0, 0.338129, -0.0, -1.0, -0.0, 0.0, 0.0, 0.0, 0.0, 1.0]
            ]
        },
        {
            "name": "Shoulder_L",
            "time": [0.0, 0.2, 0.4, 0.7, 0.95],
            "transform": [
                [-0.0, -0.952114, -0.305743, 0.0, 0.0, -0.305743, 0.952114, 0.4, -1.0, 0.0, 0.0, -0.0, 0.0, 0.0, 0.0, 1.0],
                [-0.146514, -0.936749, -0.31786, 0.0, 0.015001, -0.323394, 0.946145, 0.4, -0.989095, 0.133855, 0.061434, -0.0, 0.0, 0.0, 0.0, 1.0],
                [-0.464919, -0.832097, -0.302433, 0.0, -0.011317, -0.335982, 0.9418, 0.4, -0.885281, 0.441283, 0.146788, -0.0, 0.0, 0.0, 0.0, 1.0],
                [-0.464918, -0.832097, -0.302432, -0.0, -0.011317, -0.335982, 0.9418, 0.4, -0.885281, 0.441283, 0.146787, 0.0, 0.0, 0.0, 0.0, 1.0],
                [0.211385, -0.958413, -0.19173, -0.0, -0.011847, -0.198661, 0.979997, 0.4, -0.977331, -0.204885, -0.053348, 0.0, 0.0, 0.0, 0.0, 1.0]
            ]
        },
        {
            "name": "Arm_L",
            "time": [0.0, 0.2, 0.4, 0.7, 0.95],
            "transform": [
                [-0.007596, -0.258615, 0.965951, 0.0, -0.927236, 0.363494, 0.090027, 0.39386, -0.3744, -0.89498, -0.242558, 0.0, 0.0, 0.0, 0.0, 1.0],
                [-0.16399, -0.401281, 0.901155, -0.0, -0.483145, 0.829126, 0.281285, 0.39386, -0.860045, -0.389261, -0.329845, 0.0, 0.0, 0.0, 0.0, 1.0],
                [-0.689032, -0.173554, 0.703643, -0.0, -0.331641, 0.93879, -0.093202, 0.39386, -0.644398, -0.297576, -0.704415, 0.0, 0.0, 0.0, 0.0, 1.0],
                [-0.689033, -0.173554, 0.703643, -0.0, -0.331641, 0.93879, -0.093202, 0.39386, -0.644397, -0.297576, -0.704415, -0.0, 0.0, 0.0, 0.0, 1.0],
                [0.325822, 0.592146, 0.737024, -0.0, -0.727977, 0.654533, -0.204048, 0.39386, -0.603233, -0.470053, 0.644329, 0.0, 0.0, 0.0, 0.0, 1.0]
            ]
        },
        {
            "name": "Hand_L",
            "time": [0.0, 0.2, 0.4, 0.7, 0.95],
            "transform": [
                [1.020763, 0.0, 0.0, 0.0, -0.0, 0.999798, 0.020114, 0.3, 0.0, -0.020114, 0.999798, -0.0, 0.0, 0.0, 0.0, 1.0],
                [1.020763, -0.0, 0.0, -0.0, 0.0, 0.817093, -0.576506, 0.3, 0.0, 0.576506, 0.817093, -0.0, 0.0, 0.0, 0.0, 1.0],
                [1.020762, -0.0, 0.0, -0.0, -0.0, 0.999825, -0.018717, 0.3, 0.0, 0.018716, 0.999825, 0.0, 0.0, 0.0, 0.0, 1.0],
                [1.020762, 0.0, -0.0, 0.0, 0.0, 0.999825, -0.018716, 0.3, 0.0, 0.018716, 0.999825, -0.0, 0.0, 0.0, 0.0, 1.0],
                [1.020762, 0.0, -0.0, 0.0, -0.0, 0.973709, -0.227794, 0.3, -0.0, 0.227794, 0.973709, -0.0, 0.0, 0.0, 0.0, 1.0]
            ]
        },
        {
            "name": "Tool_L",
            "time": [0.0, 0.2, 0.4, 0.7, 0.95],
            "transform": [
                [1.0, 0.0, 0.0, -0.0, 0.0, -0.999836, 0.018122, 0.272858, 0.0, -0.018122, -0.999242, 0.0, 0.0, 0.0, 0.0, 1.0],
                [1.0, 0.0, 0.0, -0.0, 0.0, -0.999836, 0.018122, 0.272858, 0.0, -0.018122, -0.999242, -0.0, 0.0, 0.0, 0.0, 1.0],
                [1.0, 0.0, 0.0, 0.0, 0.0, -0.999836, 0.018122, 0.272858, 0.0, -0.018122, -0.999242, 0.0, 0.0, 0.0, 0.0, 1.0],
                [1.0, 0.0, 0.0, -0.0, 0.0, -0.999836, 0.018122, 0.272858, 0.0, -0.018122, -0.999242, -0.0, 0.0, 0.0, 0.0, 1.0],
                [1.0, 0.0, 0.0, -0.0, 0.0, -0.999836, 0.018122, 0.272858, 0.0, -0.018122, -0.999242, 0.0, 0.0, 0.0, 0.0, 1.0]
            ]
        },
        {
            "name": "Elbow_L",
            "time": [0.0, 0.2, 0.4, 0.7, 0.95],
            "transform": [
                [-1.0, 0.0, -0.0, 0.0, 0.0, 0.0, -1.0, 0.308428, -0.0, -1.0, -0.0, -0.0, 0.0, 0.0, 0.0, 1.0],
                [-1.0, 0.0, -0.0, -0.0, 0.0, 0.0, -1.0, 0.367812, -0.0, -1.0, -0.0, -0.0, 0.0, 0.0, 0.0, 1.0],
                [-1.0, 0.0, -0.0, -0.0, 0.0, 0.0, -1.0, 0.312062, -0.0, -1.0, -0.0, 0.0, 0.0, 0.0, 0.0, 1.0],
                [-1.0, 0.0, -0.0, 0.0, 0.0, 0.0, -1.0, 0.312062, -0.0, -1.0, -0.0, -0.0, 0.0, 0.0, 0.0, 1.0],
                [-1.0, 0.0, -0.0, 0.0, 0.0, 0.0, -1.0, 0.331816, -0.0, -1.0, -0.0, 0.0, 0.0, 0.0, 0.0, 1.0]
            ]
        }
    ]
}