{
    "animation": [
        {
            "name": "Coord",
            "time": [0.0, 0.2, 0.2833, 0.3667, 0.95],
            "transform": [
                [1.0, -0.000116, 0.000116, 0.0, 0.000116, 0.001062, -0.999999, 0.0, 0.000116, 0.999999, 0.001062, 0.0, 0.0, 0.0, 0.0, 1.0],
                [1.0, -0.000116, 0.000116, 0.0, 0.000116, 0.001062, -0.999999, 0.0, 0.000116, 0.999999, 0.001062, 0.0, 0.0, 0.0, 0.0, 1.0],
                [1.0, -0.000116, 0.000116, 0.0, 0.000116, 0.001062, -0.999999, 1.420207, 0.000116, 0.999999, 0.001062, -0.0, 0.0, 0.0, 0.0, 1.0],
                [1.0, -0.000116, 0.000116, 0.0, 0.000116, 0.001062, -0.999999, 3.003977, 0.000116, 0.999999, 0.001062, -0.0, 0.0, 0.0, 0.0, 1.0],
                [1.0, -0.000116, 0.000116, 0.0, 0.000116, 0.001062, -0.999999, 3.003977, 0.000116, 0.999999, 0.001062, -0.0, 0.0, 0.0, 0.0, 1.0]
            ]
        },
        {
            "name": "Root",
            "time": [0.0, 0.2, 0.2833, 0.3667, 0.7, 0.95],
            "transform": [
                [0.86172, 0.000116, -0.507385, 8.4e-05, -0.000639, 0.999999, -0.000857, 0.763247, 0.507385, 0.001062, 0.861719, -0.000136, 0.0, 0.0, 0.0, 1.0],
                [0.86172, 0.000116, -0.507385, 8.5e-05, -0.000639, 0.999999, -0.000857, 0.774931, 0.507385, 0.001062, 0.861719, -0.000123, 0.0, 0.0, 0.0, 1.0],
                [0.996187, 0.01368, 0.086162, 8.4e-05, -0.017182, 0.999051, 0.040035, 0.763972, -0.085533, -0.041363, 0.995476, -0.000135, 0.0, 0.0, 0.0, 1.0],
                [0.761804, 0.000125, 0.647807, 7.6e-05, -0.054332, 0.996489, 0.063701, 0.695757, -0.645525, -0.083725, 0.759136, -0.000207, 0.0, 0.0, 0.0, 1.0],
                [0.761804, 0.000125, 0.647807, 7.6e-05, -0.054332, 0.996489, 0.063701, 0.695757, -0.645525, -0.083725, 0.759136, -0.000207, 0.0, 0.0, 0.0, 1.0],
                [1.0, 0.000116, -0.000116, 8.1e-05, -0.000116, 0.999999, -0.001062, 0.732546, 0.000116, 0.001062, 0.999999, -0.010887, 0.0, 0.0, 0.0, 1.0]
            ]
        },
        {
            "name": "Thigh_R",
            "time": [0.0, 0.2, 0.2833, 0.3667, 0.7, 0.95],
            "transform": [
                [0.997651, 0.034778, -0.059015, 0.124994, 0.041797, -0.991624, 0.1222, -0.002831, -0.054271, -0.124379, -0.990749, -1.2e-05, 0.0, 0.0, 0.0, 1.0],
                [1.0, -0.0, -0.0, 0.124994, 0.0, -0.999999, 1e-06, -0.002831, -0.0, -0.0, -1.0, -1.2e-05, 0.0, 0.0, 0.0, 1.0],
                [0.996902, 0.004912, 0.078504, 0.124994, 0.00418, -0.999945, 0.009488, -0.002831, 0.078546, -0.00913, -0.996869, -1.2e-05, 0.0, 0.0, 0.0, 1.0],
                [0.763664, 0.43279, 0.479071, 0.124994, 0.002681, -0.744159, 0.667997, -0.002831, 0.645608, -0.508841, -0.569448, -1.2e-05, 0.0, 0.0, 0.0, 1.0],
                [0.763664, 0.43279, 0.479071, 0.124994, 0.002681, -0.744159, 0.667997, -0.002831, 0.645608, -0.508841, -0.569448, -1.2e-05, 0.0, 0.0, 0.0, 1.0],
                [0.970128, 0.189199, 0.151837, 0.124994, 0.110585, -0.901981, 0.417373, -0.002831, 0.215921, -0.388114, -0.895961, -1.2e-05, 0.0, 0.0, 0.0, 1.0]
            ]
        },
        {
            "name": "Leg_R",
            "time": [0.0, 0.2, 0.2833, 0.3667, 0.7, 0.95],
            "transform": [
                [1.0, -0.0, 1e-06, -0.0, -0.0, 0.987402, 0.158236, 0.37472, -1e-06, -0.158236, 0.987401, -0.0, 0.0, 0.0, 0.0, 1.0],
                [1.0, 0.0, 1e-06, -0.0, -0.0, 1.000001, 0.0, 0.37472, -1e-06, -0.0, 0.999999, -0.0, 0.0, 0.0, 0.0, 1.0],
                [0.999999, -0.001243, -0.000196, -0.0, 0.001242, 0.950845, 0.309666, 0.37472, -0.000198, -0.309667, 0.950845, -0.0, 0.0, 0.0, 0.0, 1.0],
                [0.999997, -0.002363, -0.000769, -0.0, 0.002363, 0.808211, 0.588889, 0.37472, -0.00077, -0.58889, 0.808213, 0.0, 0.0, 0.0, 0.0, 1.0],
                [0.999997, -0.002363, -0.000769, -0.0, 0.002363, 0.808211, 0.588889, 0.37472, -0.00077, -0.58889, 0.808213, 0.0, 0.0, 0.0, 0.0, 1.0],
                [1.0, -0.0, 1e-06, -0.0, -0.0, 0.903817, 0.427921, 0.37472, -1e-06, -0.427922, 0.903815, -0.0, 0.0, 0.0, 0.0, 1.0]
            ]
        },
        {
            "name": "Knee_R",
            "time": [0.0, 0.2, 0.2833, 0.3667, 0.7, 0.95],
            "transform": [
                [1.0, 0.0, -0.0, 0.0, -0.0, 1e-06, -1.0, 0.37472, -0.0, 1.0, 1e-06, -0.0, 0.0, 0.0, 0.0, 1.0],
                [1.0, 0.0, -0.0, -0.0, -0.0, 1e-06, -1.0, 0.37472, -0.0, 1.0, 1e-06, -0.0, 0.0, 0.0, 0.0, 1.0],
                [1.0, 0.0, -0.0, -0.0, -0.0, 1e-06, -1.0, 0.37472, -0.0, 1.0, 1e-06, -0.0, 0.0, 0.0, 0.0, 1.0],
                [1.0, 0.0, -0.0, -0.0, -0.0, 0.0, -1.0, 0.395216, -0.0, 1.0, 1e-06, 0.0, 0.0, 0.0, 0.0, 1.0],
                [1.0, 0.0, -0.0, -0.0, -0.0, 0.0, -1.0, 0.395216, -0.0, 1.0, 1e-06, 0.0, 0.0, 0.0, 0.0, 1.0],
                [1.0, 0.0, -0.0, -0.0, -0.0, 1e-06, -1.0, 0.378381, -0.0, 1.0, 1e-06, 0.0, 0.0, 0.0, 0.0, 1.0]
            ]
        },
        {
            "name": "Thigh_L",
            "time": [0.0, 0.2, 0.2833, 0.3667, 0.7, 0.95],
            "transform": [
                [0.84998, -0.312968, -0.423773, -0.125006, -0.022038, -0.824828, 0.564954, -0.002831, -0.526353, -0.470861, -0.707985, -1.2e-05, 0.0, 0.0, 0.0, 1.0],
                [0.853062, -0.491294, -0.175829, -0.125006, -0.023735, -0.373146, 0.927469, -0.002831, -0.52127, -0.787015, -0.329978, -1.2e-05, 0.0, 0.0, 0.0, 1.0],
                [0.996179, 0.021553, 0.084637, -0.125006, 0.010333, -0.99135, 0.130837, -0.002831, 0.086725, -0.129462, -0.987784, -1.2e-05, 0.0, 0.0, 0.0, 1.0],
                [0.780546, -0.516495, 0.352109, -0.125006, -0.040325, -0.603718, -0.796177, -0.002831, 0.623796, 0.607254, -0.492057, -1.2e-05, 0.0, 0.0, 0.0, 1.0],
                [0.780546, -0.516495, 0.352109, -0.125006, -0.040325, -0.603718, -0.796177, -0.002831, 0.623796, 0.607254, -0.492057, -1.2e-05, 0.0, 0.0, 0.0, 1.0],
                [0.962795, -0.198013, -0.183891, -0.125006, -0.105177, -0.901421, 0.419972, -0.002831, -0.248924, -0.385006, -0.888711, -1.2e-05, 0.0, 0.0, 0.0, 1.0]
            ]
        },
        {
            "name": "Leg_L",
            "time": [0.0, 0.2, 0.2833, 0.3667, 0.7, 0.95],
            "transform": [
                [1.0, -0.0, 1e-06, 0.0, 0.0, 0.970939, 0.239328, 0.37472, -1e-06, -0.239328, 0.970939, -0.0, 0.0, 0.0, 0.0, 1.0],
                [1.0, -0.0, 1e-06, -0.0, 0.0, 0.970938, 0.239328, 0.37472, -1e-06, -0.239328, 0.970939, -0.0, 0.0, 0.0, 0.0, 1.0],
                [1.0, -0.0, 1e-06, -0.0, 0.0, 0.992708, 0.120543, 0.37472, -1e-06, -0.120543, 0.992708, -0.0, 0.0, 0.0, 0.0, 1.0],
                [1.0, 0.0, 1e-06, -0.0, -0.0, 1.0, 0.0, 0.37472, -1e-06, -0.0, 1.0, -0.0, 0.0, 0.0, 0.0, 1.0],
                [1.0, 0.0, 1e-06, -0.0, -0.0, 1.0, 0.0, 0.37472, -1e-06, -0.0, 1.0, -0.0, 0.0, 0.0, 0.0, 1.0],
                [1.0, -1e-06, 1e-06, -0.0, 0.0, 0.906149, 0.422958, 0.37472, -1e-06, -0.422957, 0.90615, 0.0, 0.0, 0.0, 0.0, 1.0]
            ]
        },
        {
            "name": "Knee_L",
            "time": [0.0, 0.2, 0.2833, 0.3667, 0.7, 0.95],
            "transform": [
                [1.0, 0.0, -0.0, 0.0, -0.0, 1e-06, -1.0, 0.37472, -0.0, 1.0, 1e-06, -0.0, 0.0, 0.0, 0.0, 1.0],
                [1.0, 0.0, -0.0, -0.0, -0.0, 1e-06, -1.0, 0.37472, -0.0, 1.0, 1e-06, -0.0, 0.0, 0.0, 0.0, 1.0],
                [1.0, 0.0, -0.0, -0.0, -0.0, 1e-06, -1.0, 0.37472, -0.0, 1.0, 1e-06, -0.0, 0.0, 0.0, 0.0, 1.0],
                [1.0, 0.0, -0.0, -0.0, -0.0, 1e-06, -1.0, 0.37472, -0.0, 1.0, 1e-06, -0.0, 0.0, 0.0, 0.0, 1.0],
                [1.0, 0.0, -0.0, -0.0, -0.0, 1e-06, -1.0, 0.37472, -0.0, 1.0, 1e-06, -0.0, 0.0, 0.0, 0.0, 1.0],
                [1.0, 0.0, -0.0, 0.0, -0.0, 0.0, -1.0, 0.377888, -0.0, 1.0, 1e-06, 0.0, 0.0, 0.0, 0.0, 1.0]
            ]
        },
        {
            "name": "Torso",
            "time": [0.0, 0.2, 0.3333, 0.4333, 0.7, 0.95],
            "transform": [
                [0.999161, 0.040924, -0.001635, 0.0, -0.040924, 0.995974, -0.079756, 0.05, -0.001635, 0.079756, 0.996813, 0.0, 0.0, 0.0, 0.0, 1.0],
                [0.990628, 0.135658, -0.015922, -0.0, -0.135658, 0.96358, -0.230456, 0.05, -0.015922, 0.230456, 0.972952, 0.0, 0.0, 0.0, 0.0, 1.0],
                [0.999974, -0.004873, -0.005243, -0.0, 0.004807, 0.999908, -0.012673, 0.05, 0.005305, 0.012648, 0.999906, -0.0, 0.0, 0.0, 0.0, 1.0],
                [0.993986, 0.109275, 0.00707, -0.0, -0.109275, 0.985674, 0.128476, 0.05, 0.00707, -0.128476, 0.991687, 0.0, 0.0, 0.0, 0.0, 1.0],
                [0.993986, 0.109275, 0.00707, -0.0, -0.109275, 0.985674, 0.128476, 0.05, 0.00707, -0.128476, 0.991687, 0.0, 0.0, 0.0, 0.0, 1.0],
                [1.0, 0.0, 0.0, -0.0, -0.0, 0.972415, 0.233256, 0.05, -0.0, -0.233256, 0.972415, 0.0, 0.0, 0.0, 0.0, 1.0]
            ]
        },
        {
            "name": "Chest",
            "time": [0.0, 0.2, 0.3333, 0.4333, 0.7, 0.95],
            "transform": [
                [0.998989, 0.044917, -0.001953, 0.0, -0.044917, 0.995216, -0.08676, 0.3, -0.001953, 0.08676, 0.996227, 0.0, 0.0, 0.0, 0.0, 1.0],
                [0.989085, 0.146171, -0.018541, -0.0, -0.146171, 0.957587, -0.248317, 0.3, -0.018542, 0.248317, 0.968501, 0.0, 0.0, 0.0, 0.0, 1.0],
                [0.999929, 0.010518, -0.005674, 0.0, -0.009799, 0.993366, 0.114577, 0.3, 0.006842, -0.114513, 0.993398, 0.0, 0.0, 0.0, 0.0, 1.0],
                [0.999998, 0.000225, -0.001775, -0.0, 0.000472, 0.923743, 0.383012, 0.3, 0.001726, -0.383012, 0.923742, 0.0, 0.0, 0.0, 0.0, 1.0],
                [0.999998, 0.000225, -0.001775, -0.0, 0.000472, 0.923743, 0.383012, 0.3, 0.001726, -0.383012, 0.923742, 0.0, 0.0, 0.0, 0.0, 1.0],
                [1.0, 0.0, -0.0, 0.0, -0.0, 0.969851, 0.243699, 0.3, 0.0, -0.243699, 0.969851, 0.0, 0.0, 0.0, 0.0, 1.0]
            ]
        },
        {
            "name": "Head",
            "time": [0.0, 0.2, 0.2833, 0.3667, 0.7, 0.95],
            "transform": [
                [0.865321, 0.020911, 0.500782, 0.0, -0.015023, 0.999763, -0.015788, 0.4, -0.500993, 0.006138, 0.865429, 0.0, 0.0, 0.0, 0.0, 1.0],
                [0.865321, 0.020911, 0.500782, -0.0, -0.015023, 0.999763, -0.015787, 0.4, -0.500993, 0.006138, 0.865429, 0.0, 0.0, 0.0, 0.0, 1.0],
                [0.987131, -0.083856, -0.136166, -0.0, 0.08914, 0.995467, 0.033167, 0.4, 0.132767, -0.044878, 0.990131, -0.0, 0.0, 0.0, 0.0, 1.0],
                [0.805381, 0.213402, -0.553011, -0.0, -0.186987, 0.976777, 0.10461, 0.4, 0.562493, 0.019155, 0.826581, -0.0, 0.0, 0.0, 0.0, 1.0],
                [0.805381, 0.213402, -0.553011, 0.0, -0.186987, 0.976777, 0.10461, 0.4, 0.562492, 0.019155, 0.826581, -0.0, 0.0, 0.0, 0.0, 1.0],
                [1.0, -0.0, -0.0, -0.0, 0.0, 0.921003, -0.389556, 0.4, 0.0, 0.389556, 0.921003, -0.0, 0.0, 0.0, 0.0, 1.0]
            ]
        },
        {
            "name": "Shoulder_R",
            "time": [0.0, 0.7, 0.95],
            "transform": [
                [0.0, 0.952114, 0.305743, 0.0, -0.0, -0.305743, 0.952114, 0.4, 1.0, -0.0, 0.0, 0.0, 0.0, 0.0, 0.0, 1.0],
                [0.0, 0.952114, 0.305743, 0.0, -0.0, -0.305743, 0.952114, 0.4, 1.0, -0.0, 0.0, -0.0, 0.0, 0.0, 0.0, 1.0],
                [0.210328, 0.958522, 0.192345, -0.0, 0.011728, -0.199205, 0.979887, 0.4, 0.97756, -0.203842, -0.05314, -0.0, 0.0, 0.0, 0.0, 1.0]
            ]
        },
        {
            "name": "Arm_R",
            "time": [0.0, 0.2, 0.2667, 0.45, 0.7, 0.95],
            "transform": [
                [-0.414431, -0.787958, 0.455378, 0.0, 0.896519, -0.439531, 0.055368, 0.393861, 0.156526, 0.431202, 0.888575, 0.0, 0.0, 0.0, 0.0, 1.0],
                [-0.521291, -0.170677, 0.836137, 0.0, 0.847013, -0.222939, 0.482564, 0.39386, 0.104045, 0.959775, 0.260782, -0.0, 0.0, 0.0, 0.0, 1.0],
                [0.193023, -0.503158, 0.842362, -0.0, 0.935701, -0.16399, -0.312365, 0.393861, 0.295308, 0.848493, 0.439151, -0.0, 0.0, 0.0, 0.0, 1.0],
                [0.213042, -0.963093, -0.164518, 0.0, 0.958897, 0.173798, 0.224302, 0.39386, -0.187431, -0.205541, 0.960532, -0.0, 0.0, 0.0, 0.0, 1.0],
                [0.213042, -0.963093, -0.164518, 0.0, 0.958897, 0.173798, 0.224302, 0.39386, -0.187431, -0.205541, 0.960532, -0.0, 0.0, 0.0, 0.0, 1.0],
                [0.156582, -0.35266, -0.922558, -0.0, 0.804466, 0.587442, -0.088019, 0.39386, 0.57299, -0.728384, 0.375686, 0.0, 0.0, 0.0, 0.0, 1.0]
            ]
        },
        {
            "name": "Hand_R",
            "time": [0.0, 0.2, 0.3, 0.4, 0.7, 0.95],
            "transform": [
                [1.003844, -0.0, 0.0, -0.0, 0.0, 0.989965, -0.092281, 0.3, -0.0, 0.092281, 0.989966, -0.0, 0.0, 0.0, 0.0, 1.0],
                [1.003844, -0.0, 0.0, 0.0, 0.0, 0.989965, -0.092281, 0.3, -0.0, 0.092281, 0.989965, 0.0, 0.0, 0.0, 0.0, 1.0],
                [1.003844, -0.0, 0.0, -0.0, 0.0, 0.99422, 0.008562, 0.3, -0.0, -0.008562, 0.99422, 0.0, 0.0, 0.0, 0.0, 1.0],
                [1.003844, -0.0, 0.0, -0.0, 0.0, 0.988229, 0.109316, 0.3, -0.0, -0.109316, 0.988229, 0.0, 0.0, 0.0, 0.0, 1.0],
                [1.003844, -0.0, 0.0, -0.0, 0.0, 0.98823, 0.109316, 0.3, -0.0, -0.109316, 0.98823, 0.0, 0.0, 0.0, 0.0, 1.0],
                [1.003844, 0.0, 0.0, -0.0, 0.0, 0.950652, -0.29122, 0.3, -0.0, 0.29122, 0.950652, -0.0, 0.0, 0.0, 0.0, 1.0]
            ]
        },
        {
            "name": "Tool_R",
            "time": [0.0, 0.2, 0.3, 0.4, 0.7, 0.95],
            "transform": [
                [1.0, 0.0, 0.0, 0.0, 0.0, -0.999836, 0.018122, 0.272858, 0.0, -0.018122, -0.999241, 0.0, 0.0, 0.0, 0.0, 1.0],
                [1.0, 0.0, 0.0, -0.0, 0.0, -0.999836, 0.018122, 0.272858, 0.0, -0.018122, -0.999241, 0.0, 0.0, 0.0, 0.0, 1.0],
                [0.999989, -0.004558, -0.001174, -0.0, -0.004638, -0.91174, -0.410742, 0.272858, 0.000802, 0.410488, -0.911214, 0.0, 0.0, 0.0, 0.0, 1.0],
                [0.897825, -0.302344, -0.320153, 0.0, -0.439227, -0.562945, -0.700123, 0.272858, 0.031426, 0.768745, -0.637852, -0.0, 0.0, 0.0, 0.0, 1.0],
                [0.897825, -0.302344, -0.320153, 0.0, -0.439227, -0.562945, -0.700123, 0.272858, 0.031426, 0.768745, -0.637852, 0.0, 0.0, 0.0, 0.0, 1.0],
                [0.999967, -0.005949, -0.005489, -0.055765, -0.007939, -0.853221, -0.521489, 0.300506, -0.00158, 0.521197, -0.852739, 0.008005, 0.0, 0.0, 0.0, 1.0]
            ]
        },
        {
            "name": "Elbow_R",
            "time": [0.0, 0.2, 0.3, 0.4, 0.7, 0.95],
            "transform": [
                [-1.0, 0.0, -0.0, -0.0, 0.0, 0.0, -1.0, 0.319009, -0.0, -1.0, -0.0, 0.0, 0.0, 0.0, 0.0, 1.0],
                [-1.0, 0.0, 0.0, 0.0, -0.0, -0.0, -1.0, 0.319009, -0.0, -1.0, -0.0, 0.0, 0.0, 0.0, 0.0, 1.0],
                [-1.0, 0.0, 0.0, 0.0, 0.0, -0.0, -1.0, 0.309504, -0.0, -1.0, 0.0, -0.0, 0.0, 0.0, 0.0, 1.0],
                [-1.0, 0.0, 0.0, -0.0, 0.0, 0.0, -1.0, 0.300001, -0.0, -1.0, -0.0, 0.0, 0.0, 0.0, 0.0, 1.0],
                [-1.0, 0.0, 0.0, -0.0, -0.0, -0.0, -1.0, 0.3, -0.0, -1.0, -0.0, -0.0, 0.0, 0.0, 0.0, 1.0],
                [-1.0, 0.0, -0.0, -0.0, 0.0, 0.0, -1.0, 0.338129, -0.0, -1.0, -0.0, -0.0, 0.0, 0.0, 0.0, 1.0]
            ]
        },
        {
            "name": "Shoulder_L",
            "time": [0.0, 0.7, 0.95],
            "transform": [
                [-0.0, -0.952114, -0.305743, 0.0, 0.0, -0.305743, 0.952114, 0.4, -1.0, -0.0, 0.0, 0.0, 0.0, 0.0, 0.0, 1.0],
                [-0.0, -0.952114, -0.305743, 0.0, 0.0, -0.305743, 0.952114, 0.4, -1.0, 0.0, 0.0, -0.0, 0.0, 0.0, 0.0, 1.0],
                [0.211385, -0.958413, -0.19173, -0.0, -0.011847, -0.198661, 0.979997, 0.4, -0.977331, -0.204885, -0.053349, -0.0, 0.0, 0.0, 0.0, 1.0]
            ]
        },
        {
            "name": "Arm_L",
            "time": [0.0, 0.2, 0.3, 0.45, 0.7, 0.95],
            "transform": [
                [0.35433, 0.296798, 0.88677, 0.0, -0.874743, 0.440426, 0.202115, 0.39386, -0.330569, -0.847311, 0.415678, -0.0, 0.0, 0.0, 0.0, 1.0],
                [0.468703, 0.716892, 0.516122, -0.0, -0.843385, 0.536933, 0.0201, 0.39386, -0.262714, -0.444711, 0.856279, 0.0, 0.0, 0.0, 0.0, 1.0],
                [0.239594, -0.048996, 0.969636, 0.0, -0.602354, 0.775765, 0.188039, 0.39386, -0.761423, -0.629117, 0.156355, 0.0, 0.0, 0.0, 0.0, 1.0],
                [-0.302614, -0.702437, 0.64421, -0.0, -0.524387, 0.687111, 0.502888, 0.39386, -0.795891, -0.185635, -0.576278, -0.0, 0.0, 0.0, 0.0, 1.0],
                [-0.302614, -0.702437, 0.64421, -0.0, -0.524387, 0.687111, 0.502888, 0.39386, -0.795891, -0.185635, -0.576278, -0.0, 0.0, 0.0, 0.0, 1.0],
                [0.325822, 0.592146, 0.737024, 0.0, -0.727977, 0.654533, -0.204048, 0.39386, -0.603233, -0.470053, 0.644329, 0.0, 0.0, 0.0, 0.0, 1.0]
            ]
        },
        {
            "name": "Hand_L",
            "time": [0.0, 0.2, 0.3, 0.45, 0.7, 0.95],
            "transform": [
                [1.020763, 0.0, 0.0, 0.0, -0.0, 0.999825, -0.018718, 0.3, -0.0, 0.018718, 0.999825, 0.0, 0.0, 0.0, 0.0, 1.0],
                [1.020763, 0.0, 0.0, 0.0, -0.0, 0.999825, -0.018718, 0.3, -0.0, 0.018718, 0.999825, 0.0, 0.0, 0.0, 0.0, 1.0],
                [1.020763, -0.0, 0.0, 0.0, -0.0, 0.998955, 0.04571, 0.3, -0.0, -0.04571, 0.998954, 0.0, 0.0, 0.0, 0.0, 1.0],
                [1.020763, 0.0, 0.0, 0.0, -0.0, 0.993938, 0.109947, 0.3, -0.0, -0.109947, 0.993937, 0.0, 0.0, 0.0, 0.0, 1.0],
                [1.020763, 0.0, 0.0, 0.0, -0.0, 0.993938, 0.109947, 0.3, -0.0, -0.109947, 0.993937, 0.0, 0.0, 0.0, 0.0, 1.0],
                [1.020763, 0.0, 0.0, -0.0, -0.0, 0.973709, -0.227794, 0.3, 0.0, 0.227794, 0.973709, 0.0, 0.0, 0.0, 0.0, 1.0]
            ]
        },
        {
            "name": "Tool_L",
            "time": [0.0, 0.2, 0.3, 0.45, 0.7, 0.95],
            "transform": [
                [1.0, 0.0, 0.0, 0.0, -0.0, -0.999836, 0.018122, 0.272858, 0.0, -0.018122, -0.999242, -0.0, 0.0, 0.0, 0.0, 1.0],
                [1.0, 0.0, 0.0, 0.0, 0.0, -0.999836, 0.018122, 0.272858, 0.0, -0.018122, -0.999242, 0.0, 0.0, 0.0, 0.0, 1.0],
                [1.0, -0.0, 0.0, 0.0, -0.0, -0.999836, 0.018122, 0.272858, 0.0, -0.018122, -0.999242, -0.0, 0.0, 0.0, 0.0, 1.0],
                [1.0, 0.0, 0.0, -0.0, 0.0, -0.999836, 0.018122, 0.272858, 0.0, -0.018122, -0.999242, -0.0, 0.0, 0.0, 0.0, 1.0],
                [1.0, 0.0, 0.0, -0.0, 0.0, -0.999836, 0.018122, 0.272858, 0.0, -0.018122, -0.999242, -0.0, 0.0, 0.0, 0.0, 1.0],
                [1.0, 0.0, 0.0, -0.0, 0.0, -0.999836, 0.018122, 0.272858, 0.0, -0.018122, -0.999242, 0.0, 0.0, 0.0, 0.0, 1.0]
            ]
        },
        {
            "name": "Elbow_L",
            "time": [0.0, 0.2, 0.3, 0.45, 0.7, 0.95],
            "transform": [
                [-1.0, 0.0, -0.0, 0.0, 0.0, 0.0, -1.0, 0.312062, -0.0, -1.0, -0.0, 0.0, 0.0, 0.0, 0.0, 1.0],
                [-1.0, 0.0, -0.0, 0.0, 0.0, 0.0, -1.0, 0.312062, -0.0, -1.0, -0.0, -0.0, 0.0, 0.0, 0.0, 1.0],
                [-1.0, 0.0, -0.0, 0.0, 0.0, 0.0, -1.0, 0.306031, -0.0, -1.0, -0.0, -0.0, 0.0, 0.0, 0.0, 1.0],
                [-1.0, 0.0, -0.0, -0.0, 0.0, 0.0, -1.0, 0.3, -0.0, -1.0, -0.0, 0.0, 0.0, 0.0, 0.0, 1.0],
                [-1.0, 0.0, -0.0, 0.0, 0.0, 0.0, -1.0, 0.3, -0.0, -1.0, -0.0, 0.0, 0.0, 0.0, 0.0, 1.0],
                [-1.0, 0.0, -0.0, -0.0, 0.0, 0.0, -1.0, 0.331817, -0.0, -1.0, -0.0, 0.0, 0.0, 0.0, 0.0, 1.0]
            ]
        }
    ]
}