{
    "animation": [
        {
            "name": "Root",
            "time": [0.0, 0.2167, 0.4333, 0.65, 0.8667],
            "transform": [
                [1.0, 0.0, 0.0, -5e-06, 0.0, 0.0, -1.0, 0.000946, 0.0, 1.0, 0.0, 0.763972, 0.0, 0.0, 0.0, 1.0],
                [1.0, 0.0, 0.0, -5e-06, 0.0, 0.0, -1.0, 0.000946, 0.0, 1.0, 0.0, 0.679447, 0.0, 0.0, 0.0, 1.0],
                [1.0, 0.0, 0.0, -5e-06, 0.0, 0.0, -1.0, 0.000946, 0.0, 1.0, 0.0, 0.764948, 0.0, 0.0, 0.0, 1.0],
                [1.0, 0.0, 0.0, -5e-06, 0.0, 0.0, -1.0, 0.000946, 0.0, 1.0, 0.0, 0.679639, 0.0, 0.0, 0.0, 1.0],
                [1.0, 0.0, 0.0, -5e-06, 0.0, 0.0, -1.0, 0.000946, 0.0, 1.0, 0.0, 0.764948, 0.0, 0.0, 0.0, 1.0]
            ]
        },
        {
            "name": "Thigh_R",
            "time": [0.0, 0.2167, 0.4333, 0.65, 0.8667],
            "transform": [
                [1.0, -0.0, -0.0, 0.124994, 0.0, -0.821326, 0.570459, -0.002831, -0.0, -0.570458, -0.821326, -1.2e-05, 0.0, 0.0, 0.0, 1.0],
                [1.0, -0.0, -0.0, 0.124994, 0.0, -0.773348, 0.633981, -0.002831, -0.0, -0.63398, -0.773349, -1.2e-05, 0.0, 0.0, 0.0, 1.0],
                [1.0, -0.0, -0.0, 0.124994, 0.0, -0.999047, 0.04362, -0.002831, -0.0, -0.04362, -0.999048, -1.2e-05, 0.0, 0.0, 0.0, 1.0],
                [1.0, -0.0, -0.0, 0.124994, 0.0, -0.914727, -0.404072, -0.002831, 0.0, 0.404072, -0.914727, -1.2e-05, 0.0, 0.0, 0.0, 1.0],
                [1.0, -0.0, -0.0, 0.124994, 0.0, -0.821326, 0.570459, -0.002831, -0.0, -0.570458, -0.821326, -1.2e-05, 0.0, 0.0, 0.0, 1.0]
            ]
        },
        {
            "name": "Leg_R",
            "time": [0.0, 0.2167, 0.4333, 0.65, 0.8667],
            "transform": [
                [1.0, 0.0, 1e-06, 0.0, -1e-06, 0.375306, 0.9269, 0.37472, -0.0, -0.926902, 0.375306, 0.0, 0.0, 0.0, 0.0, 1.0],
                [1.0, 0.0, 1e-06, 0.0, -1e-06, 0.773965, 0.633228, 0.37472, -1e-06, -0.633229, 0.773964, 0.0, 0.0, 0.0, 0.0, 1.0],
                [1.0, 0.0, 1e-06, 0.0, -0.0, 0.996195, 0.087156, 0.37472, -1e-06, -0.087156, 0.996194, -0.0, 0.0, 0.0, 0.0, 1.0],
                [1.0, 0.0, 1e-06, 0.0, -0.0, 0.996195, 0.087156, 0.37472, -1e-06, -0.087156, 0.996194, 0.0, 0.0, 0.0, 0.0, 1.0],
                [1.0, 0.0, 1e-06, 0.0, -1e-06, 0.375306, 0.9269, 0.37472, -0.0, -0.926902, 0.375306, 0.0, 0.0, 0.0, 0.0, 1.0]
            ]
        },
        {
            "name": "Knee_R",
            "time": [0.0, 0.2167, 0.4333, 0.65, 0.8667],
            "transform": [
                [1.0, 0.0, -0.0, 0.0, -0.0, 1e-06, -1.0, 0.438968, -0.0, 1.0, 1e-06, 0.000847, 0.0, 0.0, 0.0, 1.0],
                [1.0, 0.0, -0.0, 0.0, -0.0, 1e-06, -1.0, 0.402675, -0.0, 1.0, 1e-06, -0.0036, 0.0, 0.0, 0.0, 1.0],
                [1.0, 0.0, -0.0, 0.0, -0.0, 1e-06, -1.0, 0.37472, -0.0, 1.0, 1e-06, -0.0, 0.0, 0.0, 0.0, 1.0],
                [1.0, 0.0, -0.0, 0.0, -0.0, 1e-06, -1.0, 0.37472, -0.0, 1.0, 1e-06, 0.0, 0.0, 0.0, 0.0, 1.0],
                [1.0, 0.0, -0.0, 0.0, -0.0, 1e-06, -1.0, 0.438968, -0.0, 1.0, 1e-06, 0.000847, 0.0, 0.0, 0.0, 1.0]
            ]
        },
        {
            "name": "Thigh_L",
            "time": [0.0, 0.2167, 0.4333, 0.65, 0.8667],
            "transform": [
                [1.0, -0.0, -0.0, -0.125006, 0.0, -0.999048, 0.04362, -0.002831, -0.0, -0.04362, -0.999048, -1.2e-05, 0.0, 0.0, 0.0, 1.0],
                [1.0, -0.0, -0.0, -0.125006, 0.0, -0.916029, -0.401112, -0.002831, 0.0, 0.401112, -0.916029, -1.2e-05, 0.0, 0.0, 0.0, 1.0],
                [1.0, -0.0, -0.0, -0.125006, 0.0, -0.923879, 0.382684, -0.002831, -0.0, -0.382684, -0.923879, -1.2e-05, 0.0, 0.0, 0.0, 1.0],
                [1.0, -0.0, -0.0, -0.125006, 0.0, -0.769841, 0.638235, -0.002831, -0.0, -0.638234, -0.769842, -1.2e-05, 0.0, 0.0, 0.0, 1.0],
                [1.0, -0.0, -0.0, -0.125006, 0.0, -0.999048, 0.04362, -0.002831, -0.0, -0.04362, -0.999048, -1.2e-05, 0.0, 0.0, 0.0, 1.0]
            ]
        },
        {
            "name": "Leg_L",
            "time": [0.0, 0.2167, 0.4333, 0.65, 0.8667],
            "transform": [
                [1.0, 0.0, 1e-06, 0.0, -0.0, 0.996194, 0.087156, 0.37472, -1e-06, -0.087156, 0.996195, 0.0, 0.0, 0.0, 0.0, 1.0],
                [1.0, 0.0, 1e-06, 0.0, -0.0, 0.996194, 0.087156, 0.37472, -1e-06, -0.087156, 0.996195, -0.0, 0.0, 0.0, 0.0, 1.0],
                [1.0, -0.0, 1e-06, 0.0, -1e-06, 0.573576, 0.819152, 0.37472, -0.0, -0.819152, 0.573577, -0.0, 0.0, 0.0, 0.0, 1.0],
                [1.0, 0.0, 1e-06, 0.0, -1e-06, 0.769068, 0.639167, 0.37472, -1e-06, -0.639166, 0.769069, 0.0, 0.0, 0.0, 0.0, 1.0],
                [1.0, 0.0, 1e-06, 0.0, -0.0, 0.996194, 0.087156, 0.37472, -1e-06, -0.087156, 0.996195, 0.0, 0.0, 0.0, 0.0, 1.0]
            ]
        },
        {
            "name": "Knee_L",
            "time": [0.0, 0.2167, 0.4333, 0.65, 0.8667],
            "transform": [
                [1.0, 0.0, -0.0, 0.0, -0.0, 1e-06, -1.0, 0.37472, -0.0, 1.0, 1e-06, 0.0, 0.0, 0.0, 0.0, 1.0],
                [1.0, 0.0, -0.0, 0.0, -0.0, 1e-06, -1.0, 0.37472, -0.0, 1.0, 1e-06, -0.0, 0.0, 0.0, 0.0, 1.0],
                [1.0, 0.0, -0.0, 0.0, -0.0, 1e-06, -1.0, 0.419893, -0.0, 1.0, 1e-06, -0.000244, 0.0, 0.0, 0.0, 1.0],
                [1.0, 0.0, -0.0, 0.0, -0.0, 1e-06, -1.0, 0.398055, -0.0, 1.0, 1e-06, 5.9e-05, 0.0, 0.0, 0.0, 1.0],
                [1.0, 0.0, -0.0, 0.0, -0.0, 1e-06, -1.0, 0.37472, -0.0, 1.0, 1e-06, 0.0, 0.0, 0.0, 0.0, 1.0]
            ]
        },
        {
            "name": "Torso",
            "time": [0.0, 0.8667],
            "transform": [
                [1.0, 0.0, 0.0, 0.0, 0.0, 1.0, 0.0, 0.05, 0.0, 0.0, 1.0, 0.0, 0.0, 0.0, 0.0, 1.0],
                [1.0, 0.0, 0.0, 0.0, 0.0, 1.0, 0.0, 0.05, 0.0, 0.0, 1.0, 0.0, 0.0, 0.0, 0.0, 1.0]
            ]
        },
        {
            "name": "Chest",
            "time": [0.0, 0.2167, 0.4333, 0.65, 0.8667],
            "transform": [
                [1.0, 0.0, 0.0, 0.0, 0.0, 1.0, 0.0, 0.3, 0.0, 0.0, 1.0, 0.0, 0.0, 0.0, 0.0, 1.0],
                [1.0, 0.0, 0.0, 0.0, 0.0, 0.996195, 0.087156, 0.3, 0.0, -0.087156, 0.996195, 0.0, 0.0, 0.0, 0.0, 1.0],
                [1.0, 0.0, 0.0, 0.0, 0.0, 1.0, 0.0, 0.3, 0.0, 0.0, 1.0, 0.0, 0.0, 0.0, 0.0, 1.0],
                [1.0, 0.0, 0.0, 0.0, 0.0, 0.996195, 0.087156, 0.3, 0.0, -0.087156, 0.996195, 0.0, 0.0, 0.0, 0.0, 1.0],
                [1.0, 0.0, 0.0, 0.0, 0.0, 1.0, 0.0, 0.3, 0.0, 0.0, 1.0, 0.0, 0.0, 0.0, 0.0, 1.0]
            ]
        },
        {
            "name": "Head",
            "time": [0.0, 0.8667],
            "transform": [
                [1.0, 0.0, 0.0, 0.0, 0.0, 1.0, 0.0, 0.4, 0.0, 0.0, 1.0, 0.0, 0.0, 0.0, 0.0, 1.0],
                [1.0, 0.0, 0.0, 0.0, 0.0, 1.0, 0.0, 0.4, 0.0, 0.0, 1.0, 0.0, 0.0, 0.0, 0.0, 1.0]
            ]
        },
        {
            "name": "Shoulder_R",
            "time": [0.0, 0.8667],
            "transform": [
                [0.230346, 0.860861, 0.453716, 0.0, -0.019966, -0.461975, 0.886668, 0.4, 0.972904, -0.213299, -0.089226, 0.0, 0.0, 0.0, 0.0, 1.0],
                [0.230346, 0.860861, 0.453716, 0.0, -0.019966, -0.461975, 0.886668, 0.4, 0.972904, -0.213299, -0.089226, 0.0, 0.0, 0.0, 0.0, 1.0]
            ]
        },
        {
            "name": "Arm_R",
            "time": [0.0, 0.8667],
            "transform": [
                [-0.599659, -0.768165, -0.224348, 0.0, -0.241538, 0.441005, -0.864392, 0.39386, 0.762934, -0.464152, -0.449993, -0.0, 0.0, 0.0, 0.0, 1.0],
                [-0.599659, -0.768165, -0.224348, -0.0, -0.241538, 0.441005, -0.864392, 0.39386, 0.762934, -0.464152, -0.449993, 0.0, 0.0, 0.0, 0.0, 1.0]
            ]
        },
        {
            "name": "Hand_R",
            "time": [0.0, 0.8667],
            "transform": [
                [1.003844, -0.0, 0.0, 0.0, 0.0, 0.109316, -0.98823, 0.3, 0.0, 0.98823, 0.109316, -0.0, 0.0, 0.0, 0.0, 1.0],
                [1.003844, -0.0, 0.0, 0.0, 0.0, 0.109316, -0.98823, 0.3, 0.0, 0.98823, 0.109316, 0.0, 0.0, 0.0, 0.0, 1.0]
            ]
        },
        {
            "name": "Tool_R",
            "time": [0.0, 0.8667],
            "transform": [
                [1.0, 0.0, 0.0, -0.0, 0.0, -0.999836, 0.018122, 0.272858, 0.0, -0.018122, -0.999244, -0.0, 0.0, 0.0, 0.0, 1.0],
                [1.0, 0.0, 0.0, 0.0, 0.0, -0.999836, 0.018122, 0.272858, 0.0, -0.018122, -0.999244, -0.0, 0.0, 0.0, 0.0, 1.0]
            ]
        },
        {
            "name": "Elbow_R",
            "time": [0.0, 0.8667],
            "transform": [
                [-1.0, 0.0, -0.0, -0.002548, -0.0, -0.0, -1.0, 0.446375, -0.0, -1.0, 0.0, -0.000323, 0.0, 0.0, 0.0, 1.0],
                [-1.0, 0.0, -0.0, -0.002547, -0.0, -0.0, -1.0, 0.446375, -0.0, -1.0, 0.0, -0.000323, 0.0, 0.0, 0.0, 1.0]
            ]
        },
        {
            "name": "Shoulder_L",
            "time": [0.0, 0.8667],
            "transform": [
                [0.215521, -0.869284, -0.444854, 0.0, 0.017329, -0.452084, 0.891807, 0.4, -0.976345, -0.199912, -0.08237, 0.0, 0.0, 0.0, 0.0, 1.0],
                [0.215521, -0.869284, -0.444854, 0.0, 0.017329, -0.452084, 0.891807, 0.4, -0.976345, -0.199912, -0.08237, 0.0, 0.0, 0.0, 0.0, 1.0]
            ]
        },
        {
            "name": "Arm_L",
            "time": [0.0, 0.8667],
            "transform": [
                [-0.599696, 0.768907, 0.22169, -0.0, 0.241941, 0.438283, -0.865663, 0.39386, -0.762778, -0.465499, -0.448867, -0.0, 0.0, 0.0, 0.0, 1.0],
                [-0.599696, 0.768907, 0.22169, -0.0, 0.241941, 0.438283, -0.865663, 0.39386, -0.762778, -0.465499, -0.448867, 0.0, 0.0, 0.0, 0.0, 1.0]
            ]
        },
        {
            "name": "Hand_L",
            "time": [0.0, 0.8667],
            "transform": [
                [1.020762, -0.0, 0.0, -0.0, 0.0, 0.109947, -0.993937, 0.3, 0.0, 0.993937, 0.109947, -0.0, 0.0, 0.0, 0.0, 1.0],
                [1.020762, -0.0, 0.0, 0.0, 0.0, 0.109947, -0.993937, 0.3, 0.0, 0.993937, 0.109947, 0.0, 0.0, 0.0, 0.0, 1.0]
            ]
        },
        {
            "name": "Tool_L",
            "time": [0.0, 0.8667],
            "transform": [
                [1.0, 0.0, 0.0, -0.0, 0.0, -0.999835, 0.018122, 0.272858, 0.0, -0.018122, -0.999247, -0.0, 0.0, 0.0, 0.0, 1.0],
                [1.0, 0.0, 0.0, 0.0, 0.0, -0.999835, 0.018122, 0.272858, 0.0, -0.018122, -0.999247, -0.0, 0.0, 0.0, 0.0, 1.0]
            ]
        },
        {
            "name": "Elbow_L",
            "time": [0.0, 0.8667],
            "transform": [
                [-1.0, 0.0, -0.0, 0.002558, 0.0, -0.0, -1.0, 0.446973, -0.0, -1.0, -0.0, 0.000325, 0.0, 0.0, 0.0, 1.0],
                [-1.0, 0.0, -0.0, 0.002558, 0.0, -0.0, -1.0, 0.446973, -0.0, -1.0, -0.0, 0.000325, 0.0, 0.0, 0.0, 1.0]
            ]
        }
    ]
}