{
    "animation": [
        {
            "name": "Root",
            "time": [0.0, 0.3333, 0.5, 0.6667, 1.0667, 1.3333],
            "transform": [
                [1.0, 0.0, 0.0, 0.000314, 0.0, -0.166831, -0.985986, -1.595797, 0.0, 0.985986, -0.166831, 1.370934, 0.0, 0.0, 0.0, 1.0],
                [1.0, 0.0, 0.0, 0.000314, 0.0, -0.193258, -0.981148, -1.659415, 0.0, 0.981148, -0.193258, 1.358591, 0.0, 0.0, 0.0, 1.0],
                [1.0, 0.0, 0.0, 0.000314, 0.0, 0.049919, -0.998753, -0.1859, 0.0, 0.998753, 0.049919, 1.280011, 0.0, 0.0, 0.0, 1.0],
                [1.0, 0.0, 0.0, 0.000314, 0.0, 0.073707, -0.99728, -0.042142, 0.0, 0.99728, 0.073707, 1.272905, 0.0, 0.0, 0.0, 1.0],
                [1.0, 0.0, 0.0, 0.000314, 0.0, -0.017295, -0.99985, 0.037285, 0.0, 0.99985, -0.017295, 1.240772, 0.0, 0.0, 0.0, 1.0],
                [1.0, 0.0, 0.0, 0.000314, 0.0, -0.017295, -0.99985, 0.037285, 0.0, 0.99985, -0.017295, 1.240772, 0.0, 0.0, 0.0, 1.0]
            ]
        },
        {
            "name": "Torso",
            "time": [0.0, 0.3333, 0.5, 0.6667, 1.0667, 1.3333],
            "transform": [
                [0.98174, -0.007177, 0.19009, 0.0, -0.035831, 0.974423, 0.221845, 0.0, -0.186821, -0.224606, 0.956374, -0.307468, 0.0, 0.0, 0.0, 1.0],
                [0.963473, -0.018787, 0.267146, 0.0, -0.051756, 0.965668, 0.25457, 0.0, -0.262757, -0.259098, 0.929423, -0.307468, 0.0, 0.0, 0.0, 1.0],
                [0.942832, -0.009598, -0.33313, 0.0, -0.020516, 0.996018, -0.08676, -0.0, 0.332636, 0.088635, 0.938881, -0.307468, 0.0, 0.0, 0.0, 1.0],
                [0.921927, -0.019921, -0.38685, -0.0, -0.028551, 0.992466, -0.119149, -0.0, 0.386309, 0.120892, 0.914413, -0.307468, 0.0, 0.0, 0.0, 1.0],
                [0.998553, -0.016235, -0.051268, 0.0, 0.016592, 0.999841, 0.006547, 0.0, 0.051153, -0.007388, 0.998663, -0.307468, 0.0, 0.0, 0.0, 1.0],
                [0.998553, -0.016235, -0.051268, 0.0, 0.016592, 0.999841, 0.006547, 0.0, 0.051153, -0.007388, 0.998663, -0.307468, 0.0, 0.0, 0.0, 1.0]
            ]
        },
        {
            "name": "Leg_RF",
            "time": [0.0, 1.3333],
            "transform": [
                [0.0, 0.0, -1.0, 0.552169, 0.0, -1.0, -0.0, 0.732731, -1.0, 0.0, -0.0, -0.959395, 0.0, 0.0, 0.0, 1.0],
                [0.0, -0.0, -1.0, 0.552169, 0.0, -1.0, 0.0, 0.732731, -1.0, 0.0, -0.0, -0.959395, 0.0, 0.0, 0.0, 1.0]
            ]
        },
        {
            "name": "Foot_RF",
            "time": [0.0, 1.3333],
            "transform": [
                [0.0, -0.0, 1.0, -0.0, -0.0, 1.0, -0.0, 1.166197, -1.0, -0.0, 0.0, 0.0, 0.0, 0.0, 0.0, 1.0],
                [0.0, -0.0, 1.0, -0.0, -0.0, 1.0, 0.0, 1.166196, -1.0, -0.0, 0.0, -0.0, 0.0, 0.0, 0.0, 1.0]
            ]
        },
        {
            "name": "Leg_RF_F",
            "time": [0.0, 1.3333],
            "transform": [
                [0.0, 1.0, 0.0, -0.0, -0.0, -0.0, -1.0, 1.166197, -1.0, 0.0, 0.0, 0.0, 0.0, 0.0, 0.0, 1.0],
                [0.0, 1.0, -0.0, -0.0, -0.0, -0.0, -1.0, 1.166196, -1.0, 0.0, 0.0, -0.0, 0.0, 0.0, 0.0, 1.0]
            ]
        },
        {
            "name": "Leg_LF",
            "time": [0.0, 0.3333, 0.5, 0.6667, 1.0667, 1.3333],
            "transform": [
                [-0.523937, 0.063652, -0.849375, -0.547831, 0.27886, -0.929427, -0.241666, 0.732731, -0.804815, -0.363475, 0.469211, -0.959395, 0.0, 0.0, 0.0, 1.0],
                [-0.586763, 0.184065, -0.788561, -0.547831, 0.143725, -0.934688, -0.325118, 0.73273, -0.796902, -0.304104, 0.521986, -0.959395, 0.0, 0.0, 0.0, 1.0],
                [-0.061551, 0.091865, -0.993867, -0.547831, -0.377442, -0.923953, -0.062027, 0.73273, -0.923985, 0.37131, 0.091544, -0.959395, 0.0, 0.0, 0.0, 1.0],
                [-0.013898, 0.063522, -0.997884, -0.547831, -0.424842, -0.903795, -0.051616, 0.73273, -0.905161, 0.423226, 0.039547, -0.959395, 0.0, 0.0, 0.0, 1.0],
                [-0.179963, 0.075295, -0.980787, -0.547831, -0.384824, -0.92299, -0.000247, 0.73273, -0.905276, 0.377386, 0.19508, -0.959395, 0.0, 0.0, 0.0, 1.0],
                [-0.179963, 0.075295, -0.980787, -0.547831, -0.384824, -0.92299, -0.000247, 0.73273, -0.905276, 0.377386, 0.19508, -0.959395, 0.0, 0.0, 0.0, 1.0]
            ]
        },
        {
            "name": "Foot_LF",
            "time": [0.0, 0.3333, 0.5, 0.6667, 1.0667, 1.3333],
            "transform": [
                [0.0, -0.264798, 0.964304, -0.0, -0.0, 0.964304, 0.264798, 1.166196, -1.0, -0.0, 0.0, -0.0, 0.0, 0.0, 0.0, 1.0],
                [0.0, -0.004528, 0.99999, -0.0, 0.0, 0.99999, 0.004528, 1.166196, -1.0, 0.0, 0.0, -0.0, 0.0, 0.0, 0.0, 1.0],
                [0.0, -0.004368, 0.99999, 0.0, 0.0, 0.999991, 0.004368, 1.166196, -1.0, 0.0, 0.0, 0.0, 0.0, 0.0, 0.0, 1.0],
                [0.0, -0.004367, 0.99999, 0.0, 0.0, 0.99999, 0.004367, 1.166196, -1.0, 0.0, 0.0, 0.0, 0.0, 0.0, 0.0, 1.0],
                [-0.0, -0.010001, 0.99995, -0.0, 0.0, 0.99995, 0.010001, 1.166197, -1.0, 0.0, -0.0, -0.0, 0.0, 0.0, 0.0, 1.0],
                [-0.0, -0.010001, 0.99995, -0.0, 0.0, 0.99995, 0.010001, 1.166197, -1.0, 0.0, -0.0, -0.0, 0.0, 0.0, 0.0, 1.0]
            ]
        },
        {
            "name": "Leg_LF_F",
            "time": [0.0, 0.3333, 0.6667, 1.0667, 1.3333],
            "transform": [
                [0.0, 1.0, -0.0, -0.0, -0.0, -0.0, -1.0, 1.233017, -1.0, 0.0, 0.0, 0.0, 0.0, 0.0, 0.0, 1.0],
                [0.0, 1.0, 0.0, 0.0, -0.0, -0.0, -1.0, 1.243741, -1.0, 0.0, 0.0, -0.0, 0.0, 0.0, 0.0, 1.0],
                [0.0, 1.0, -0.0, 0.0, -0.0, -0.0, -1.0, 1.243741, -1.0, 0.0, 0.0, -0.0, 0.0, 0.0, 0.0, 1.0],
                [0.0, 1.0, 0.0, -0.0, -0.0, -0.0, -1.0, 1.243741, -1.0, 0.0, 0.0, -0.0, 0.0, 0.0, 0.0, 1.0],
                [0.0, 1.0, 0.0, -0.0, -0.0, -0.0, -1.0, 1.243741, -1.0, 0.0, 0.0, -0.0, 0.0, 0.0, 0.0, 1.0]
            ]
        },
        {
            "name": "Head_Root",
            "time": [0.0, 0.3333, 0.5, 0.6667, 1.0667, 1.3333],
            "transform": [
                [0.97976, -0.015984, 0.199534, 0.0, 0.015984, 0.999871, 0.001611, -0.0, -0.199534, 0.001611, 0.97989, -0.788647, 0.0, 0.0, 0.0, 1.0],
                [0.964714, -0.018471, 0.262651, 0.0, 0.018471, 0.999826, 0.002469, -0.0, -0.262651, 0.002469, 0.964888, -0.788648, 0.0, 0.0, 0.0, 1.0],
                [0.914295, -0.060918, -0.400441, 0.0, 0.045986, 0.997845, -0.046804, -0.003439, 0.402429, 0.024378, 0.915127, -0.739745, 0.0, 0.0, 0.0, 1.0],
                [0.886139, -0.065423, -0.458777, 0.0, 0.046615, 0.997547, -0.052216, -0.003775, 0.461068, 0.024885, 0.887016, -0.734975, 0.0, 0.0, 0.0, 1.0],
                [1.0, -0.0, -0.0, 0.0, 0.0, 1.0, -0.0, 0.0, -0.0, 0.0, 1.0, -0.788647, 0.0, 0.0, 0.0, 1.0],
                [1.0, -0.0, -0.0, 0.0, 0.0, 1.0, -0.0, 0.0, -0.0, 0.0, 1.0, -0.788647, 0.0, 0.0, 0.0, 1.0]
            ]
        },
        {
            "name": "Head",
            "time": [0.0, 0.3333, 0.5, 0.6667, 1.0667, 1.3333],
            "transform": [
                [0.976794, -0.017425, 0.213469, 0.0, 0.017425, 0.999846, 0.001882, 0.0, -0.213469, 0.001882, 0.976948, -1.002567, 0.0, 0.0, 0.0, 1.0],
                [0.957881, -0.020145, 0.286459, 0.0, 0.020145, 0.999793, 0.002947, -0.0, -0.286459, 0.002947, 0.958088, -1.002567, 0.0, 0.0, 0.0, 1.0],
                [0.992444, 0.048534, -0.112693, -0.0, -0.048058, 0.99882, 0.006942, -0.0, 0.112897, -0.001474, 0.993606, -1.002567, 0.0, 0.0, 0.0, 1.0],
                [0.986932, 0.055157, -0.151403, 0.0, -0.054455, 0.998478, 0.008782, 0.0, 0.151656, -0.000423, 0.988433, -1.002567, 0.0, 0.0, 0.0, 1.0],
                [0.998932, -0.000479, -0.046207, 0.0, 0.000512, 1.0, 0.000714, -0.0, 0.046206, -0.000737, 0.998932, -1.002567, 0.0, 0.0, 0.0, 1.0],
                [0.998932, -0.000479, -0.046207, 0.0, 0.000512, 1.0, 0.000714, -0.0, 0.046206, -0.000737, 0.998932, -1.002567, 0.0, 0.0, 0.0, 1.0]
            ]
        },
        {
            "name": "Ear_L",
            "time": [0.0, 0.3333, 0.5, 0.6667, 1.0667, 1.3333],
            "transform": [
                [0.999999, 0.0004, 0.001406, -0.579148, -0.001081, 0.849692, 0.527278, 0.514458, -0.000984, -0.527279, 0.849692, -0.273006, 0.0, 0.0, 0.0, 1.0],
                [0.999999, 0.000389, 0.001641, -0.579148, -0.001296, 0.800055, 0.599926, 0.514561, -0.001079, -0.599927, 0.800054, -0.272921, 0.0, 0.0, 0.0, 1.0],
                [1.0, 7.6e-05, 0.00013, -0.579148, -8.3e-05, 0.998407, 0.056423, 0.514561, -0.000126, -0.056423, 0.998407, -0.272921, 0.0, 0.0, 0.0, 1.0],
                [1.0, 0.0, 0.0, -0.579148, -0.0, 1.0, 0.0, 0.514561, -0.0, 0.0, 1.0, -0.27292, 0.0, 0.0, 0.0, 1.0],
                [1.0, 0.00025, 0.000522, -0.579147, -0.000356, 0.976445, 0.215767, 0.514561, -0.000456, -0.215767, 0.976445, -0.272921, 0.0, 0.0, 0.0, 1.0],
                [1.0, 0.00025, 0.000522, -0.579147, -0.000356, 0.976445, 0.215767, 0.514561, -0.000456, -0.215767, 0.976445, -0.272921, 0.0, 0.0, 0.0, 1.0]
            ]
        },
        {
            "name": "Ear_R",
            "time": [0.0, 0.3333, 0.5, 0.6667, 1.0667, 1.3333],
            "transform": [
                [0.999999, 0.0004, 0.001406, 0.572445, -0.001081, 0.849692, 0.527278, 0.513172, -0.000984, -0.527279, 0.849692, -0.274077, 0.0, 0.0, 0.0, 1.0],
                [0.999999, 0.000389, 0.001641, 0.572445, -0.001296, 0.800055, 0.599926, 0.513069, -0.001079, -0.599927, 0.800054, -0.274163, 0.0, 0.0, 0.0, 1.0],
                [1.0, 7.6e-05, 0.00013, 0.572444, -8.3e-05, 0.998407, 0.056423, 0.513069, -0.000126, -0.056423, 0.998407, -0.274163, 0.0, 0.0, 0.0, 1.0],
                [1.0, 0.0, 0.0, 0.572444, -0.0, 1.0, 0.0, 0.513069, -0.0, 0.0, 1.0, -0.274162, 0.0, 0.0, 0.0, 1.0],
                [1.0, 0.00025, 0.000522, 0.572445, -0.000356, 0.976445, 0.215767, 0.513069, -0.000456, -0.215767, 0.976445, -0.274162, 0.0, 0.0, 0.0, 1.0],
                [1.0, 0.00025, 0.000522, 0.572445, -0.000356, 0.976445, 0.215767, 0.513069, -0.000456, -0.215767, 0.976445, -0.274162, 0.0, 0.0, 0.0, 1.0]
            ]
        },
        {
            "name": "Chin",
            "time": [0.0, 0.6667, 1.0667, 1.3333],
            "transform": [
                [1.0, 0.0, -0.0, 0.018988, 0.0, 1.0, -0.0, -0.311069, 0.0, 0.0, 1.0, 0.462038, 0.0, 0.0, 0.0, 1.0],
                [1.0, 0.0, 0.0, 0.018988, -0.0, 1.0, 0.0, -0.311069, 0.0, 0.0, 1.0, 0.462038, 0.0, 0.0, 0.0, 1.0],
                [1.0, -0.0, 0.0, 0.018988, 0.0, 1.0, -0.0, -0.311069, 0.0, -0.0, 1.0, 0.462039, 0.0, 0.0, 0.0, 1.0],
                [1.0, -0.0, 0.0, 0.018988, 0.0, 1.0, -0.0, -0.311069, 0.0, -0.0, 1.0, 0.462039, 0.0, 0.0, 0.0, 1.0]
            ]
        },
        {
            "name": "Leg_LB",
            "time": [0.0, 0.3333, 0.5, 0.6667, 1.0667, 1.3333],
            "transform": [
                [0.0, 0.0, -1.0, -0.547831, 0.341715, -0.939804, -0.0, 0.73273, -0.939804, -0.341715, -0.0, 0.400455, 0.0, 0.0, 0.0, 1.0],
                [0.0, 0.0, -1.0, -0.547831, 0.36036, -0.932813, 0.0, 0.732731, -0.932813, -0.36036, -0.0, 0.400455, 0.0, 0.0, 0.0, 1.0],
                [0.0, -0.0, -1.0, -0.547831, -0.000185, -1.0, -0.0, 0.732731, -1.0, 0.000185, -0.0, 0.400455, 0.0, 0.0, 0.0, 1.0],
                [0.0, -0.0, -1.0, -0.547831, -0.035959, -0.999353, 0.0, 0.732731, -0.999353, 0.035959, -0.0, 0.400455, 0.0, 0.0, 0.0, 1.0],
                [0.0, -0.0, -1.0, -0.547831, -0.050701, -0.998714, 0.0, 0.732731, -0.998714, 0.050701, -0.0, 0.400455, 0.0, 0.0, 0.0, 1.0],
                [0.0, -0.0, -1.0, -0.547831, -0.050701, -0.998714, 0.0, 0.732731, -0.998714, 0.050701, -0.0, 0.400455, 0.0, 0.0, 0.0, 1.0]
            ]
        },
        {
            "name": "Foot_LB",
            "time": [0.0, 0.3333, 0.5, 0.6667, 1.0667, 1.3333],
            "transform": [
                [0.0, -0.54723, 0.836982, -0.0, -0.0, 0.836982, 0.54723, 1.166196, -1.0, -0.0, 0.0, 0.0, 0.0, 0.0, 0.0, 1.0],
                [0.0, -0.557643, 0.830081, 0.0, -0.0, 0.830081, 0.557643, 1.166197, -1.0, -0.0, 0.0, 0.0, 0.0, 0.0, 0.0, 1.0],
                [0.0, -0.252409, 0.967621, -0.0, -0.0, 0.967621, 0.252409, 1.166196, -1.0, -0.0, 0.0, -0.0, 0.0, 0.0, 0.0, 1.0],
                [0.0, -0.220674, 0.975348, -0.0, -0.0, 0.975348, 0.220674, 1.166196, -1.0, -0.0, 0.0, -0.0, 0.0, 0.0, 0.0, 1.0],
                [0.0, -0.396291, 0.918125, 0.0, 0.0, 0.918125, 0.396291, 1.166196, -1.0, -0.0, 0.0, -0.0, 0.0, 0.0, 0.0, 1.0],
                [0.0, -0.396291, 0.918125, 0.0, 0.0, 0.918125, 0.396291, 1.166196, -1.0, -0.0, 0.0, -0.0, 0.0, 0.0, 0.0, 1.0]
            ]
        },
        {
            "name": "Leg_LB_F",
            "time": [0.0, 0.3333, 0.5, 0.6667, 1.0667, 1.3333],
            "transform": [
                [0.0, 1.0, -0.0, 0.0, -0.0, 0.0, -1.0, 1.274381, -1.0, 0.0, 0.0, 0.0, 0.0, 0.0, 0.0, 1.0],
                [0.0, 1.0, -0.0, -0.0, -0.0, 0.0, -1.0, 1.291743, -1.0, 0.0, 0.0, 0.0, 0.0, 0.0, 0.0, 1.0],
                [0.0, 1.0, -0.0, -0.0, -0.0, -0.0, -1.0, 1.197896, -1.0, 0.0, 0.0, -0.0, 0.0, 0.0, 0.0, 1.0],
                [0.0, 1.0, -0.0, -0.0, -0.0, -0.0, -1.0, 1.18874, -1.0, 0.0, 0.0, -0.0, 0.0, 0.0, 0.0, 1.0],
                [0.0, 1.0, -0.0, 0.0, -0.0, -0.0, -1.0, 1.223685, -1.0, 0.0, 0.0, -0.0, 0.0, 0.0, 0.0, 1.0],
                [0.0, 1.0, -0.0, 0.0, -0.0, -0.0, -1.0, 1.223685, -1.0, 0.0, 0.0, -0.0, 0.0, 0.0, 0.0, 1.0]
            ]
        },
        {
            "name": "Leg_RB",
            "time": [0.0, 0.3333, 0.5, 0.6667, 1.0667, 1.3333],
            "transform": [
                [0.0, 0.0, -1.0, 0.552169, 0.341715, -0.939804, -0.0, 0.73273, -0.939804, -0.341715, -0.0, 0.400455, 0.0, 0.0, 0.0, 1.0],
                [0.0, 0.0, -1.0, 0.552169, 0.36036, -0.932813, 0.0, 0.732731, -0.932813, -0.36036, -0.0, 0.400455, 0.0, 0.0, 0.0, 1.0],
                [0.0, -0.0, -1.0, 0.552169, -0.000184, -1.0, -0.0, 0.732731, -1.0, 0.000184, -0.0, 0.400455, 0.0, 0.0, 0.0, 1.0],
                [0.0, -0.0, -1.0, 0.552169, -0.035958, -0.999353, 0.0, 0.732731, -0.999353, 0.035958, -0.0, 0.400455, 0.0, 0.0, 0.0, 1.0],
                [0.0, -0.0, -1.0, 0.552169, -0.050701, -0.998714, 0.0, 0.732731, -0.998714, 0.050701, -0.0, 0.400455, 0.0, 0.0, 0.0, 1.0],
                [0.0, -0.0, -1.0, 0.552169, -0.050701, -0.998714, 0.0, 0.732731, -0.998714, 0.050701, -0.0, 0.400455, 0.0, 0.0, 0.0, 1.0]
            ]
        },
        {
            "name": "Foot_RB",
            "time": [0.0, 0.3333, 0.5, 0.6667, 1.0667, 1.3333],
            "transform": [
                [0.0, -0.54723, 0.836982, -0.0, -0.0, 0.836982, 0.54723, 1.166196, -1.0, -0.0, 0.0, 0.0, 0.0, 0.0, 0.0, 1.0],
                [0.0, -0.557643, 0.830081, 0.0, -0.0, 0.830081, 0.557643, 1.166197, -1.0, -0.0, 0.0, 0.0, 0.0, 0.0, 0.0, 1.0],
                [0.0, -0.252411, 0.96762, -0.0, -0.0, 0.96762, 0.252411, 1.166197, -1.0, -0.0, 0.0, -0.0, 0.0, 0.0, 0.0, 1.0],
                [0.0, -0.220676, 0.975347, -0.0, -0.0, 0.975347, 0.220676, 1.166197, -1.0, -0.0, 0.0, -0.0, 0.0, 0.0, 0.0, 1.0],
                [0.0, -0.396291, 0.918125, -0.0, -0.0, 0.918125, 0.396291, 1.166196, -1.0, -0.0, 0.0, -0.0, 0.0, 0.0, 0.0, 1.0],
                [0.0, -0.396291, 0.918125, -0.0, -0.0, 0.918125, 0.396291, 1.166196, -1.0, -0.0, 0.0, -0.0, 0.0, 0.0, 0.0, 1.0]
            ]
        },
        {
            "name": "Leg_RB_F",
            "time": [0.0, 0.3333, 0.5, 0.6667, 1.0667, 1.3333],
            "transform": [
                [0.0, 1.0, -0.0, -0.0, -0.0, 0.0, -1.0, 1.274382, -1.0, 0.0, 0.0, 0.0, 0.0, 0.0, 0.0, 1.0],
                [0.0, 1.0, -0.0, -0.0, -0.0, 0.0, -1.0, 1.291743, -1.0, 0.0, 0.0, 0.0, 0.0, 0.0, 0.0, 1.0],
                [0.0, 1.0, -0.0, -0.0, -0.0, -0.0, -1.0, 1.197896, -1.0, 0.0, 0.0, -0.0, 0.0, 0.0, 0.0, 1.0],
                [0.0, 1.0, -0.0, -0.0, -0.0, -0.0, -1.0, 1.18874, -1.0, 0.0, 0.0, -0.0, 0.0, 0.0, 0.0, 1.0],
                [0.0, 1.0, -0.0, 0.0, -0.0, -0.0, -1.0, 1.223685, -1.0, 0.0, 0.0, -0.0, 0.0, 0.0, 0.0, 1.0],
                [0.0, 1.0, -0.0, 0.0, -0.0, -0.0, -1.0, 1.223685, -1.0, 0.0, 0.0, -0.0, 0.0, 0.0, 0.0, 1.0]
            ]
        }
    ]
}