{
    "animation": [
        {
            "name": "Root",
            "time": [0.0, 0.1667, 0.3333, 1.0, 1.1333, 1.2667, 1.6667],
            "transform": [
                [1.0, 0.0, 0.0, 0.000314, 0.0, -0.008198, -0.999966, -1.199138, 0.0, 0.999966, -0.008198, 1.161713, 0.0, 0.0, 0.0, 1.0],
                [1.0, 0.0, 0.0, 0.000314, 0.0, -0.538431, -0.842669, -1.183023, 0.0, 0.842669, -0.538431, 1.705584, 0.0, 0.0, 0.0, 1.0],
                [1.0, 0.0, 0.0, 0.000314, 0.0, -0.795474, -0.605987, -1.168804, 0.0, 0.605987, -0.795474, 1.939713, 0.0, 0.0, 0.0, 1.0],
                [1.0, 0.0, 0.0, 0.000314, 0.0, -0.821531, -0.570164, -1.166683, 0.0, 0.570164, -0.821531, 1.96332, 0.0, 0.0, 0.0, 1.0],
                [1.0, 0.0, 0.0, 0.000314, 0.0, 0.0, -1.0, -1.199364, 0.0, 1.0, 0.0, 1.152857, 0.0, 0.0, 0.0, 1.0],
                [1.0, 0.0, 0.0, 0.000314, 0.0, 0.0, -1.0, -1.199364, 0.0, 1.0, 0.0, 0.972908, 0.0, 0.0, 0.0, 1.0],
                [1.0, 0.0, 0.0, 0.000314, 0.0, 0.0, -1.0, -1.199364, 0.0, 1.0, 0.0, 0.972908, 0.0, 0.0, 0.0, 1.0]
            ]
        },
        {
            "name": "Torso",
            "time": [0.0, 0.1667, 0.3333, 1.0, 1.1333, 1.2667, 1.6667],
            "transform": [
                [1.0, 0.0, 0.0, 0.0, 0.0, 0.999901, 0.014084, 0.0, 0.0, -0.014084, 0.999901, -0.307468, 0.0, 0.0, 0.0, 1.0],
                [1.0, 0.0, 0.0, -0.0, -0.0, 0.798628, 0.601825, -0.0, -0.0, -0.601825, 0.798628, -0.307468, 0.0, 0.0, 0.0, 1.0],
                [1.0, 0.0, 0.0, -0.0, -0.0, 0.999848, 0.017463, -1e-06, -0.0, -0.017463, 0.999848, -0.307468, 0.0, 0.0, 0.0, 1.0],
                [1.0, 0.0, -0.0, -0.0, -0.0, 0.990947, -0.134255, -1e-06, 0.0, 0.134255, 0.990947, -0.307468, 0.0, 0.0, 0.0, 1.0],
                [1.0, 0.0, 0.0, 0.0, 0.0, 1.0, 0.0, 0.0, 0.0, 0.0, 1.0, -0.307468, 0.0, 0.0, 0.0, 1.0],
                [1.0, 0.0, 0.0, 0.0, 0.0, 1.0, 0.0, 0.0, 0.0, 0.0, 1.0, -0.307468, 0.0, 0.0, 0.0, 1.0],
                [1.0, 0.0, 0.0, 0.0, 0.0, 1.0, 0.0, 0.0, 0.0, 0.0, 1.0, -0.307468, 0.0, 0.0, 0.0, 1.0]
            ]
        },
        {
            "name": "Leg_RF",
            "time": [0.0, 1.6667],
            "transform": [
                [0.0, 0.0, -1.0, 0.552169, 0.0, -1.0, 0.0, 0.73273, -1.0, -0.0, -0.0, -0.959395, 0.0, 0.0, 0.0, 1.0],
                [0.0, 0.0, -1.0, 0.552169, 0.0, -1.0, 0.0, 0.73273, -1.0, 0.0, -0.0, -0.959395, 0.0, 0.0, 0.0, 1.0]
            ]
        },
        {
            "name": "Foot_RF",
            "time": [0.0, 1.6667],
            "transform": [
                [0.0, -0.0, 1.0, 0.0, -0.0, 1.0, 0.0, 1.166197, -1.0, -0.0, 0.0, 0.0, 0.0, 0.0, 0.0, 1.0],
                [0.0, -0.0, 1.0, 0.0, -0.0, 1.0, 0.0, 1.166196, -1.0, -0.0, 0.0, 0.0, 0.0, 0.0, 0.0, 1.0]
            ]
        },
        {
            "name": "Leg_RF_F",
            "time": [0.0, 1.6667],
            "transform": [
                [0.0, 1.0, -0.0, 0.0, -0.0, -0.0, -1.0, 1.166197, -1.0, 0.0, 0.0, 0.0, 0.0, 0.0, 0.0, 1.0],
                [0.0, 1.0, 0.0, 0.0, -0.0, 0.0, -1.0, 1.166196, -1.0, 0.0, 0.0, 0.0, 0.0, 0.0, 0.0, 1.0]
            ]
        },
        {
            "name": "Leg_LF",
            "time": [0.0, 0.1667, 0.3333, 0.6667, 1.0, 1.1333, 1.2667, 1.6667],
            "transform": [
                [-0.023723, -0.118912, -0.992621, -0.547831, 0.64273, -0.762318, 0.075962, 0.732731, -0.765726, -0.636185, 0.094513, -0.959395, 0.0, 0.0, 0.0, 1.0],
                [-0.238869, -0.085342, -0.967294, -0.547831, 0.405707, -0.913794, -0.019566, 0.732731, -0.882238, -0.397112, 0.252901, -0.959395, 0.0, 0.0, 0.0, 1.0],
                [-0.202063, -0.14747, -0.968206, -0.547831, 0.648754, -0.760748, -0.019522, 0.732731, -0.733682, -0.632072, 0.249391, -0.959395, 0.0, 0.0, 0.0, 1.0],
                [-0.165061, -0.193461, -0.967123, -0.547831, 0.844903, -0.533607, -0.03746, 0.732731, -0.508816, -0.823309, 0.251533, -0.959395, 0.0, 0.0, 0.0, 1.0],
                [-0.165061, -0.193461, -0.967123, -0.547831, 0.779363, -0.626525, -0.007688, 0.732731, -0.60444, -0.75501, 0.254191, -0.959395, 0.0, 0.0, 0.0, 1.0],
                [-0.023872, -0.121642, -0.992287, -0.547831, 0.647541, -0.758094, 0.077355, 0.732731, -0.761656, -0.6407, 0.096866, -0.959395, 0.0, 0.0, 0.0, 1.0],
                [0.009222, -0.129162, -0.991581, -0.547831, 0.798162, -0.596401, 0.08511, 0.732731, -0.602373, -0.792227, 0.097592, -0.959395, 0.0, 0.0, 0.0, 1.0],
                [0.009222, -0.129162, -0.991581, -0.547831, 0.798162, -0.596401, 0.08511, 0.732731, -0.602373, -0.792227, 0.097592, -0.959395, 0.0, 0.0, 0.0, 1.0]
            ]
        },
        {
            "name": "Foot_LF",
            "time": [0.0, 0.1667, 0.3333, 0.6667, 1.0, 1.1333, 1.2667, 1.6667],
            "transform": [
                [-0.0, -0.564244, 0.825608, -0.0, -0.0, 0.825608, 0.564244, 1.166197, -1.0, -0.0, -0.0, -0.0, 0.0, 0.0, 0.0, 1.0],
                [0.0, -0.65935, 0.751836, -0.0, -0.0, 0.751836, 0.65935, 1.166196, -1.0, -0.0, 0.0, -0.0, 0.0, 0.0, 0.0, 1.0],
                [0.0, -0.65935, 0.751836, -0.0, -0.0, 0.751836, 0.65935, 1.166197, -1.0, -0.0, 0.0, 0.0, 0.0, 0.0, 0.0, 1.0],
                [0.0, -0.289891, 0.95706, -0.0, 0.0, 0.95706, 0.289891, 1.166197, -1.0, -0.0, 0.0, -0.0, 0.0, 0.0, 0.0, 1.0],
                [0.0, -0.65935, 0.751836, -0.0, 0.0, 0.751836, 0.65935, 1.166197, -1.0, -0.0, 0.0, -0.0, 0.0, 0.0, 0.0, 1.0],
                [0.0, -0.535792, 0.84435, 0.0, -0.0, 0.84435, 0.535792, 1.166197, -1.0, -0.0, -0.0, 0.0, 0.0, 0.0, 0.0, 1.0],
                [-0.0, -0.821977, 0.569521, 0.0, -0.0, 0.56952, 0.821977, 1.166196, -1.0, -0.0, -0.0, 0.0, 0.0, 0.0, 0.0, 1.0],
                [-0.0, -0.821977, 0.569521, 0.0, -0.0, 0.56952, 0.821977, 1.166196, -1.0, -0.0, -0.0, 0.0, 0.0, 0.0, 0.0, 1.0]
            ]
        },
        {
            "name": "Leg_LF_F",
            "time": [0.0, 0.1667, 0.3333, 0.6667, 1.0, 1.1333, 1.2667, 1.6667],
            "transform": [
                [0.0, 1.0, 0.0, 0.0018, -0.0, 0.0, -1.0, 1.239727, -1.0, 0.0, 0.0, -0.000533, 0.0, 0.0, 0.0, 1.0],
                [0.0, 1.0, 0.0, 9.3e-05, -0.0, 0.0, -1.0, 1.261527, -1.0, 0.0, 0.0, -0.0, 0.0, 0.0, 0.0, 1.0],
                [0.0, 1.0, 0.0, 9.3e-05, -0.0, 0.0, -1.0, 1.261527, -1.0, 0.0, 0.0, 0.0, 0.0, 0.0, 0.0, 1.0],
                [0.0, 1.0, -0.0, 0.0, -0.0, 0.0, -1.0, 1.215755, -1.0, 0.0, 0.0, -0.0, 0.0, 0.0, 0.0, 1.0],
                [0.0, 1.0, 0.0, 9.3e-05, -0.0, 0.0, -1.0, 1.261527, -1.0, 0.0, 0.0, -0.0, 0.0, 0.0, 0.0, 1.0],
                [0.0, 1.0, 0.0, 0.00043, -0.0, 0.0, -1.0, 1.236713, -1.0, 0.0, 0.0, 9e-06, 0.0, 0.0, 0.0, 1.0],
                [0.0, 1.0, 0.0, 0.000182, -0.0, 0.0, -1.0, 1.298219, -1.0, 0.0, 0.0, 0.000446, 0.0, 0.0, 0.0, 1.0],
                [0.0, 1.0, 0.0, 0.000182, -0.0, 0.0, -1.0, 1.298219, -1.0, 0.0, 0.0, 0.000446, 0.0, 0.0, 0.0, 1.0]
            ]
        },
        {
            "name": "Head_Root",
            "time": [0.0, 0.1667, 0.3333, 1.0, 1.1333, 1.2667, 1.6667],
            "transform": [
                [1.0, 0.0, 0.0, -0.000226, 0.0, 0.999999, 0.001777, 0.000135, 0.0, -0.001777, 0.999999, -0.789044, 0.0, 0.0, 0.0, 1.0],
                [1.0, 0.0, -0.0, -0.016405, 0.0, 0.991717, 0.128445, 0.00982, 0.0, -0.128445, 0.991717, -0.817439, 0.0, 0.0, 0.0, 1.0],
                [1.0, 0.0, -0.0, -0.030679, 0.0, 0.97113, 0.238552, 0.018365, 0.0, -0.238552, 0.97113, -0.842492, 0.0, 0.0, 0.0, 1.0],
                [1.0, 0.0, -0.0, -0.032809, 0.0, 0.967003, 0.254764, 0.01964, 0.0, -0.254764, 0.967003, -0.84623, 0.0, 0.0, 0.0, 1.0],
                [1.0, 0.0, 0.0, 0.0, 0.0, 1.0, 0.0, 0.0, 0.0, 0.0, 1.0, -0.788647, 0.0, 0.0, 0.0, 1.0],
                [1.0, 0.0, 0.0, 0.0, 0.0, 0.99148, 0.130262, 0.161159, 0.0, -0.130262, 0.99148, -0.788647, 0.0, 0.0, 0.0, 1.0],
                [1.0, 0.0, 0.0, 0.0, 0.0, 0.99148, 0.130262, 0.161159, 0.0, -0.130262, 0.99148, -0.788647, 0.0, 0.0, 0.0, 1.0]
            ]
        },
        {
            "name": "Head",
            "time": [0.0, 0.1667, 0.3333, 1.0, 1.1333, 1.2667, 1.6667],
            "transform": [
                [1.0, 0.0, 0.0, 0.0, 0.0, 0.999999, 0.001312, -0.0, 0.0, -0.001312, 0.999999, -1.002567, 0.0, 0.0, 0.0, 1.0],
                [1.0, -0.0, -0.0, 0.0, 0.0, 0.995476, 0.095013, -1e-06, 0.0, -0.095013, 0.995476, -1.002567, 0.0, 0.0, 0.0, 1.0],
                [1.0, 0.0, -0.0, 0.0, 0.0, 0.984207, 0.17702, 0.0, 0.0, -0.17702, 0.984207, -1.002567, 0.0, 0.0, 0.0, 1.0],
                [1.0, 0.0, -0.0, 0.0, 0.0, 0.981945, 0.189168, -0.0, 0.0, -0.189168, 0.981945, -1.002567, 0.0, 0.0, 0.0, 1.0],
                [1.0, 0.0, 0.0, 0.0, 0.0, 1.0, 0.0, 0.0, 0.0, 0.0, 1.0, -1.002567, 0.0, 0.0, 0.0, 1.0],
                [1.0, 0.0, 0.0, -0.0, 0.0, 0.99513, -0.098568, -0.0, 0.0, 0.098568, 0.99513, -1.002567, 0.0, 0.0, 0.0, 1.0],
                [1.0, 0.0, 0.0, -0.0, 0.0, 0.99513, -0.098568, -0.0, 0.0, 0.098568, 0.99513, -1.002567, 0.0, 0.0, 0.0, 1.0]
            ]
        },
        {
            "name": "Ear_L",
            "time": [0.0, 0.1667, 0.3333, 1.0, 1.1333, 1.2667, 1.6667],
            "transform": [
                [1.0, 0.0, 0.0, -0.579148, 0.0, 1.0, 0.0, 0.513814, -0.0, 0.0, 1.0, -0.273541, 0.0, 0.0, 0.0, 1.0],
                [1.0, 0.0, 0.0, -0.579148, -0.0, 1.0, 0.0, 0.513815, -0.0, 0.0, 1.0, -0.273542, 0.0, 0.0, 0.0, 1.0],
                [1.0, 0.0, 0.0, -0.579148, -0.0, 1.0, 0.0, 0.513815, -0.0, 0.0, 1.0, -0.273542, 0.0, 0.0, 0.0, 1.0],
                [1.0, 0.0, 0.0, -0.579148, 0.0, 1.0, 0.0, 0.513815, -0.0, 0.0, 1.0, -0.273542, 0.0, 0.0, 0.0, 1.0],
                [1.0, 0.0, 0.0, -0.579148, 0.0, 1.0, 0.0, 0.513815, -0.0, 0.0, 1.0, -0.273542, 0.0, 0.0, 0.0, 1.0],
                [1.0, 0.0, 0.0, -0.579148, -0.0, 1.0, -0.0, 0.513814, -0.0, 0.0, 1.0, -0.273542, 0.0, 0.0, 0.0, 1.0],
                [1.0, 0.0, 0.0, -0.579148, -0.0, 1.0, -0.0, 0.513814, -0.0, 0.0, 1.0, -0.273542, 0.0, 0.0, 0.0, 1.0]
            ]
        },
        {
            "name": "Ear_R",
            "time": [0.0, 0.1667, 0.3333, 1.0, 1.1333, 1.2667, 1.6667],
            "transform": [
                [1.0, 0.0, 0.0, 0.572446, 0.0, 1.0, 0.0, 0.513815, -0.0, 0.0, 1.0, -0.273541, 0.0, 0.0, 0.0, 1.0],
                [1.0, -0.0, 0.0, 0.572446, 0.0, 1.0, 0.0, 0.513815, -0.0, 0.0, 1.0, -0.273542, 0.0, 0.0, 0.0, 1.0],
                [1.0, -0.0, 0.0, 0.572446, 0.0, 1.0, 0.0, 0.513815, -0.0, 0.0, 1.0, -0.273541, 0.0, 0.0, 0.0, 1.0],
                [1.0, 0.0, 0.0, 0.572445, 0.0, 1.0, 0.0, 0.513814, -0.0, 0.0, 1.0, -0.273541, 0.0, 0.0, 0.0, 1.0],
                [1.0, 0.0, 0.0, 0.572446, 0.0, 1.0, 0.0, 0.513815, -0.0, 0.0, 1.0, -0.273542, 0.0, 0.0, 0.0, 1.0],
                [1.0, 0.0, 0.0, 0.572446, -0.0, 1.0, -0.0, 0.513815, -0.0, 0.0, 1.0, -0.273541, 0.0, 0.0, 0.0, 1.0],
                [1.0, 0.0, 0.0, 0.572446, -0.0, 1.0, -0.0, 0.513815, -0.0, 0.0, 1.0, -0.273541, 0.0, 0.0, 0.0, 1.0]
            ]
        },
        {
            "name": "Chin",
            "time": [0.0, 0.3333, 1.0, 1.2667, 1.6667],
            "transform": [
                [1.0, 0.0, 0.0, 0.018988, 0.0, 1.0, 0.0, -0.311069, 0.0, 0.0, 1.0, 0.462038, 0.0, 0.0, 0.0, 1.0],
                [0.999995, -0.003167, 0.000802, 0.018988, 0.002458, 0.890954, 0.454088, -0.311068, -0.002153, -0.454083, 0.890957, 0.462038, 0.0, 0.0, 0.0, 1.0],
                [0.999995, -0.003167, 0.000802, 0.018988, 0.002458, 0.890954, 0.454088, -0.311068, -0.002153, -0.454083, 0.890957, 0.462038, 0.0, 0.0, 0.0, 1.0],
                [1.0, 0.0, 0.0, 0.018988, 0.0, 1.0, -0.0, -0.311069, 0.0, 0.0, 1.0, 0.462038, 0.0, 0.0, 0.0, 1.0],
                [1.0, 0.0, 0.0, 0.018988, 0.0, 1.0, -0.0, -0.311069, 0.0, 0.0, 1.0, 0.462038, 0.0, 0.0, 0.0, 1.0]
            ]
        },
        {
            "name": "Leg_LB",
            "time": [0.0, 0.1667, 0.3333, 1.0, 1.1333, 1.2667, 1.6667],
            "transform": [
                [0.0, 0.0, -1.0, -0.547831, 0.450923, -0.892563, 0.0, 0.732731, -0.892563, -0.450923, -0.0, 0.400456, 0.0, 0.0, 0.0, 1.0],
                [0.0, -0.0, -1.0, -0.547831, -0.218963, -0.975733, -0.0, 0.73273, -0.975733, 0.218963, -0.0, 0.400455, 0.0, 0.0, 0.0, 1.0],
                [0.0, -0.0, -1.0, -0.547831, -0.461155, -0.887319, 0.0, 0.732731, -0.887319, 0.461155, -0.0, 0.400455, 0.0, 0.0, 0.0, 1.0],
                [0.0, -0.0, -1.0, -0.547831, -0.483059, -0.875587, 0.0, 0.732731, -0.875587, 0.48306, -0.0, 0.400455, 0.0, 0.0, 0.0, 1.0],
                [0.07256, -0.182595, -0.980507, -0.547831, 0.432075, -0.880302, 0.195909, 0.732731, -0.898914, -0.437867, 0.01502, 0.400456, 0.0, 0.0, 0.0, 1.0],
                [0.111178, -0.185309, -0.976371, -0.547831, 0.543996, -0.810853, 0.215839, 0.732731, -0.83169, -0.555138, 0.010659, 0.400455, 0.0, 0.0, 0.0, 1.0],
                [0.111178, -0.185309, -0.976371, -0.547831, 0.543996, -0.810853, 0.215839, 0.732731, -0.83169, -0.555138, 0.010659, 0.400455, 0.0, 0.0, 0.0, 1.0]
            ]
        },
        {
            "name": "Foot_LB",
            "time": [0.0, 0.1667, 0.3333, 1.0, 1.1333, 1.2667, 1.6667],
            "transform": [
                [-0.0, -0.828837, 0.55949, -0.0, -0.0, 0.55949, 0.828837, 1.166196, -1.0, -0.0, -1e-06, -0.0, 0.0, 0.0, 0.0, 1.0],
                [-0.0, -0.416886, 0.908959, 0.0, -0.0, 0.908959, 0.416886, 1.166196, -1.0, -0.0, -0.0, -0.0, 0.0, 0.0, 0.0, 1.0],
                [-0.0, -0.523532, 0.852006, 0.0, -0.0, 0.852006, 0.523532, 1.166196, -1.0, -0.0, -0.0, -0.0, 0.0, 0.0, 0.0, 1.0],
                [0.0, -0.548628, 0.836067, 0.0, -0.0, 0.836067, 0.548628, 1.166196, -1.0, -0.0, 0.0, -0.0, 0.0, 0.0, 0.0, 1.0],
                [-0.0, -0.835627, 0.549297, -0.0, -0.0, 0.549296, 0.835627, 1.166197, -1.0, -0.0, -0.0, 0.0, 0.0, 0.0, 0.0, 1.0],
                [-0.0, -0.961603, 0.274446, 0.0, -1e-06, 0.274446, 0.961603, 1.166197, -1.0, -0.0, -1e-06, -0.0, 0.0, 0.0, 0.0, 1.0],
                [-0.0, -0.961603, 0.274446, 0.0, -1e-06, 0.274446, 0.961603, 1.166197, -1.0, -0.0, -1e-06, -0.0, 0.0, 0.0, 0.0, 1.0]
            ]
        },
        {
            "name": "Leg_LB_F",
            "time": [0.0, 0.1667, 0.3333, 1.0, 1.1333, 1.2667, 1.6667],
            "transform": [
                [0.0, 1.0, -0.0, 0.002476, -0.0, -0.0, -1.0, 1.29763, -1.0, 0.0, 0.0, 0.00027, 0.0, 0.0, 0.0, 1.0],
                [0.0, 1.0, -0.0, 4.8e-05, -0.0, -0.0, -1.0, 1.216815, -1.0, 0.0, 0.0, -0.0, 0.0, 0.0, 0.0, 1.0],
                [0.0, 1.0, -0.0, 1e-06, -0.0, -0.0, -1.0, 1.171717, -1.0, 0.0, 0.0, -0.0, 0.0, 0.0, 0.0, 1.0],
                [0.0, 1.0, -0.0, -0.0, -0.0, -0.0, -1.0, 1.166196, -1.0, 0.0, 0.0, -0.0, 0.0, 0.0, 0.0, 1.0],
                [0.0, 1.0, -0.0, 0.006394, -0.0, -0.0, -1.0, 1.294572, -1.0, 0.0, 0.0, -0.000214, 0.0, 0.0, 0.0, 1.0],
                [0.0, 1.0, -0.0, 0.001204, -0.0, -0.0, -1.0, 1.356111, -1.0, 0.0, 0.0, -0.000495, 0.0, 0.0, 0.0, 1.0],
                [0.0, 1.0, -0.0, 0.001204, -0.0, -0.0, -1.0, 1.356111, -1.0, 0.0, 0.0, -0.000495, 0.0, 0.0, 0.0, 1.0]
            ]
        },
        {
            "name": "Leg_RB",
            "time": [0.0, 0.1667, 0.3333, 1.0, 1.1333, 1.2667, 1.6667],
            "transform": [
                [0.0, 0.0, -1.0, 0.552169, 0.450923, -0.892563, 0.0, 0.732731, -0.892563, -0.450923, -0.0, 0.400456, 0.0, 0.0, 0.0, 1.0],
                [0.0, -0.0, -1.0, 0.552169, -0.218963, -0.975733, -0.0, 0.73273, -0.975733, 0.218963, -0.0, 0.400455, 0.0, 0.0, 0.0, 1.0],
                [0.0, -0.0, -1.0, 0.552169, -0.461221, -0.887285, 0.0, 0.732731, -0.887285, 0.461221, -0.0, 0.400455, 0.0, 0.0, 0.0, 1.0],
                [0.0, -0.0, -1.0, 0.552169, -0.483059, -0.875587, 0.0, 0.732731, -0.875587, 0.48306, -0.0, 0.400455, 0.0, 0.0, 0.0, 1.0],
                [-0.081802, 0.165943, -0.982737, 0.552169, 0.433514, -0.881951, -0.18501, 0.732731, -0.897426, -0.441164, 0.000207, 0.400456, 0.0, 0.0, 0.0, 1.0],
                [-0.1173, 0.166853, -0.978979, 0.552169, 0.54526, -0.813088, -0.203912, 0.732731, -0.830019, -0.557717, 0.004397, 0.400455, 0.0, 0.0, 0.0, 1.0],
                [-0.1173, 0.166853, -0.978979, 0.552169, 0.54526, -0.813088, -0.203912, 0.732731, -0.830019, -0.557717, 0.004397, 0.400455, 0.0, 0.0, 0.0, 1.0]
            ]
        },
        {
            "name": "Foot_RB",
            "time": [0.0, 0.1667, 0.3333, 1.0, 1.1333, 1.2667, 1.6667],
            "transform": [
                [-0.0, -0.833207, 0.552962, -0.0, -0.0, 0.552962, 0.833207, 1.166196, -1.0, -0.0, -0.0, 0.0, 0.0, 0.0, 0.0, 1.0],
                [-0.0, -0.416887, 0.908958, 0.0, -0.0, 0.908958, 0.416887, 1.166196, -1.0, -0.0, -0.0, 0.0, 0.0, 0.0, 0.0, 1.0],
                [-0.0, -0.523532, 0.852006, 0.0, -0.0, 0.852006, 0.523532, 1.166196, -1.0, -0.0, -0.0, -0.0, 0.0, 0.0, 0.0, 1.0],
                [0.0, -0.548628, 0.836067, 0.0, -0.0, 0.836067, 0.548628, 1.166196, -1.0, -0.0, 0.0, -0.0, 0.0, 0.0, 0.0, 1.0],
                [-0.0, -0.840009, 0.542572, -0.0, -0.0, 0.542572, 0.840009, 1.166197, -1.0, -0.0, -0.0, -0.0, 0.0, 0.0, 0.0, 1.0],
                [0.0, -0.963497, 0.267721, -0.0, -0.0, 0.267721, 0.963497, 1.166196, -1.0, -0.0, -0.0, -0.0, 0.0, 0.0, 0.0, 1.0],
                [0.0, -0.963497, 0.267721, -0.0, -0.0, 0.267721, 0.963497, 1.166196, -1.0, -0.0, -0.0, -0.0, 0.0, 0.0, 0.0, 1.0]
            ]
        },
        {
            "name": "Leg_RB_F",
            "time": [0.0, 0.1667, 0.3333, 1.0, 1.1333, 1.2667, 1.6667],
            "transform": [
                [0.0, 1.0, -0.0, 0.01012, -0.0, -0.0, -1.0, 1.293103, -1.0, 0.0, 0.0, 3.1e-05, 0.0, 0.0, 0.0, 1.0],
                [0.0, 1.0, -0.0, 4.8e-05, -0.0, -0.0, -1.0, 1.216815, -1.0, 0.0, 0.0, -0.0, 0.0, 0.0, 0.0, 1.0],
                [0.0, 1.0, -0.0, 1e-06, -0.0, -0.0, -1.0, 1.171871, -1.0, 0.0, 0.0, -0.0, 0.0, 0.0, 0.0, 1.0],
                [0.0, 1.0, -0.0, -0.0, -0.0, -0.0, -1.0, 1.166196, -1.0, 0.0, 0.0, 0.0, 0.0, 0.0, 0.0, 1.0],
                [0.0, 1.0, -0.0, 0.004019, -0.0, 0.0, -1.0, 1.303102, -1.0, 0.0, 0.0, -0.000367, 0.0, 0.0, 0.0, 1.0],
                [0.0, 1.0, 0.0, -0.002433, -0.0, -0.0, -1.0, 1.359631, -1.0, 0.0, 0.0, -0.001218, 0.0, 0.0, 0.0, 1.0],
                [0.0, 1.0, 0.0, -0.002433, -0.0, -0.0, -1.0, 1.359631, -1.0, 0.0, 0.0, -0.001218, 0.0, 0.0, 0.0, 1.0]
            ]
        }
    ]
}