{
    "animation": [
        {
            "name": "Root",
            "time": [0.0, 0.1333, 0.25, 0.3667, 0.7333, 1.4333, 2.1667, 2.2667, 2.8333],
            "transform": [
                [1.0, 0.0, 0.0, 0.000314, 0.0, -0.063361, -0.997991, -1.694365, 0.0, 0.997991, -0.063361, 1.393842, 0.0, 0.0, 0.0, 1.0],
                [1.0, 0.0, 0.0, 0.000314, 0.0, -0.20908, -0.977898, -2.084506, 0.0, 0.977898, -0.20908, 1.168498, 0.0, 0.0, 0.0, 1.0],
                [1.0, 0.0, 0.0, 0.000314, 0.0, -0.375164, -0.926958, -2.615126, 0.0, 0.926958, -0.375164, 1.250432, 0.0, 0.0, 0.0, 1.0],
                [1.0, 0.0, 0.0, 0.000314, 0.0, -0.166784, -0.985993, -3.006979, 0.0, 0.985993, -0.166784, 1.314054, 0.0, 0.0, 0.0, 1.0],
                [1.0, 0.0, 0.0, 0.000314, 0.0, -0.375164, -0.926958, -3.257777, 0.0, 0.926958, -0.375164, 1.143323, 0.0, 0.0, 0.0, 1.0],
                [1.0, 0.0, 0.0, 0.000314, 0.0, -0.375164, -0.926958, -3.257777, 0.0, 0.926958, -0.375164, 1.143323, 0.0, 0.0, 0.0, 1.0],
                [1.0, 0.0, 0.0, 0.000314, 0.0, -0.46051, -0.887655, -3.397668, 0.0, 0.887655, -0.46051, 1.32339, 0.0, 0.0, 0.0, 1.0],
                [1.0, 0.0, 0.0, 0.000314, 0.0, 0.033129, -0.999451, -2.364619, 0.0, 0.999451, 0.033129, 1.175728, 0.0, 0.0, 0.0, 1.0],
                [1.0, 0.0, 0.0, 0.000314, 0.0, 0.033129, -0.999451, -2.364619, 0.0, 0.999451, 0.033129, 1.175728, 0.0, 0.0, 0.0, 1.0]
            ]
        },
        {
            "name": "Torso",
            "time": [0.0, 0.1333, 0.25, 0.3667, 0.7333, 1.4333, 2.1667, 2.2667, 2.8333],
            "transform": [
                [1.0, -0.0, 0.0, -0.0, -0.0, 0.996179, 0.087339, -0.0, -0.0, -0.087339, 0.996179, -0.307468, 0.0, 0.0, 0.0, 1.0],
                [1.0, -0.0, 0.0, -0.0, -0.0, 0.957697, 0.28778, -0.0, -0.0, -0.28778, 0.957697, -0.307468, 0.0, 0.0, 0.0, 1.0],
                [1.0, 0.0, -0.0, 0.0, 0.0, 0.871126, 0.491059, 0.0, 0.0, -0.491059, 0.871126, -0.307468, 0.0, 0.0, 0.0, 1.0],
                [1.0, -0.0, 0.0, 0.0, -0.0, 0.935173, 0.354191, 0.0, -0.0, -0.354191, 0.935173, -0.307468, 0.0, 0.0, 0.0, 1.0],
                [1.0, 0.0, -0.0, 0.0, 0.0, 0.871126, 0.491059, -0.0, 0.0, -0.491059, 0.871126, -0.307468, 0.0, 0.0, 0.0, 1.0],
                [1.0, 0.0, -0.0, 0.0, 0.0, 0.871126, 0.491059, -0.0, 0.0, -0.491059, 0.871126, -0.307468, 0.0, 0.0, 0.0, 1.0],
                [1.0, 0.0, -0.0, -0.0, 0.0, 0.776049, 0.630673, 0.0, 0.0, -0.630673, 0.776049, -0.307468, 0.0, 0.0, 0.0, 1.0],
                [1.0, 0.0, 0.0, 0.0, 0.0, 0.864356, -0.50288, 0.0, 0.0, 0.50288, 0.864356, -0.307468, 0.0, 0.0, 0.0, 1.0],
                [1.0, 0.0, 0.0, 0.0, 0.0, 0.864356, -0.50288, 0.0, 0.0, 0.50288, 0.864356, -0.307468, 0.0, 0.0, 0.0, 1.0]
            ]
        },
        {
            "name": "Leg_RF",
            "time": [0.0, 2.8333],
            "transform": [
                [0.0, -0.0, -1.0, 0.552169, 0.0, -1.0, 0.0, 0.732731, -1.0, -0.0, -0.0, -0.959395, 0.0, 0.0, 0.0, 1.0],
                [0.0, 0.0, -1.0, 0.552169, 0.0, -1.0, -0.0, 0.732731, -1.0, 0.0, -0.0, -0.959395, 0.0, 0.0, 0.0, 1.0]
            ]
        },
        {
            "name": "Foot_RF",
            "time": [0.0, 2.8333],
            "transform": [
                [0.0, 0.0, 1.0, 0.0, -0.0, 1.0, 0.0, 1.166197, -1.0, -0.0, 0.0, -0.0, 0.0, 0.0, 0.0, 1.0],
                [0.0, 0.0, 1.0, -0.0, -0.0, 1.0, 0.0, 1.166196, -1.0, -0.0, 0.0, -0.0, 0.0, 0.0, 0.0, 1.0]
            ]
        },
        {
            "name": "Leg_RF_F",
            "time": [0.0, 2.8333],
            "transform": [
                [0.0, 1.0, -0.0, 0.0, -0.0, -0.0, -1.0, 1.166197, -1.0, 0.0, 0.0, -0.0, 0.0, 0.0, 0.0, 1.0],
                [0.0, 1.0, -0.0, -0.0, -0.0, 0.0, -1.0, 1.166196, -1.0, 0.0, 0.0, -0.0, 0.0, 0.0, 0.0, 1.0]
            ]
        },
        {
            "name": "Leg_LF",
            "time": [0.0, 0.1333, 0.25, 0.3667, 0.7333, 1.4333, 2.1667, 2.2667, 2.8333],
            "transform": [
                [0.0, 0.0, -1.0, -0.547831, 0.409775, -0.912186, 0.0, 0.732731, -0.912186, -0.409775, -0.0, -0.959395, 0.0, 0.0, 0.0, 1.0],
                [0.0, 0.0, -1.0, -0.547831, 0.272768, -0.96208, -0.0, 0.732731, -0.96208, -0.272768, -0.0, -0.959395, 0.0, 0.0, 0.0, 1.0],
                [-0.117288, -0.136268, -0.983705, -0.547831, 0.577759, -0.81502, 0.044014, 0.732731, -0.807736, -0.563182, 0.174322, -0.959395, 0.0, 0.0, 0.0, 1.0],
                [-0.227266, -0.241055, -0.943527, -0.547831, 0.771914, -0.635288, -0.023624, 0.73273, -0.593716, -0.733691, 0.330453, -0.959395, 0.0, 0.0, 0.0, 1.0],
                [-0.25764, -0.216586, -0.941654, -0.547831, 0.76135, -0.645575, -0.059822, 0.73273, -0.594952, -0.732341, 0.331224, -0.959395, 0.0, 0.0, 0.0, 1.0],
                [-0.25764, -0.216586, -0.941654, -0.547831, 0.76135, -0.645575, -0.059822, 0.73273, -0.594952, -0.732341, 0.331224, -0.959395, 0.0, 0.0, 0.0, 1.0],
                [-0.151193, -0.119818, -0.981216, -0.547831, 0.728894, -0.684021, -0.028787, 0.73273, -0.667722, -0.719555, 0.190754, -0.959395, 0.0, 0.0, 0.0, 1.0],
                [0.048479, -0.128624, -0.990508, -0.547831, -0.251798, -0.961219, 0.112496, 0.598045, -0.966565, 0.243954, -0.078986, -0.882763, 0.0, 0.0, 0.0, 1.0],
                [0.048479, -0.128624, -0.990508, -0.547831, -0.251798, -0.961219, 0.112496, 0.598045, -0.966565, 0.243954, -0.078986, -0.882763, 0.0, 0.0, 0.0, 1.0]
            ]
        },
        {
            "name": "Foot_LF",
            "time": [0.0, 0.1333, 0.25, 0.3667, 0.7333, 1.4333, 2.1667, 2.2667, 2.8333],
            "transform": [
                [0.0, -0.995256, 0.09729, 0.0, -0.0, 0.09729, 0.995256, 1.166196, -1.0, -0.0, 0.0, 0.0, 0.0, 0.0, 0.0, 1.0],
                [0.0, -0.814717, 0.579858, -0.0, 0.0, 0.579858, 0.814717, 1.166196, -1.0, -0.0, 0.0, -0.0, 0.0, 0.0, 0.0, 1.0],
                [0.0, -0.761742, 0.64788, 0.0, -0.0, 0.64788, 0.761742, 1.166196, -1.0, -0.0, -0.0, 0.0, 0.0, 0.0, 0.0, 1.0],
                [0.0, -0.729019, 0.684493, -0.0, -0.0, 0.684493, 0.729019, 1.166196, -1.0, -0.0, -0.0, 0.0, 0.0, 0.0, 0.0, 1.0],
                [0.0, -0.577802, 0.816177, 0.0, -0.0, 0.816177, 0.577802, 1.166196, -1.0, -0.0, -0.0, -0.0, 0.0, 0.0, 0.0, 1.0],
                [0.0, -0.577802, 0.816177, 0.0, -0.0, 0.816177, 0.577802, 1.166196, -1.0, -0.0, -0.0, -0.0, 0.0, 0.0, 0.0, 1.0],
                [0.0, -0.344584, 0.938756, -0.0, -0.0, 0.938756, 0.344584, 1.166197, -1.0, -0.0, 0.0, -0.0, 0.0, 0.0, 0.0, 1.0],
                [0.0, -0.009649, 0.999953, 0.0, 0.0, 0.999954, 0.009649, 1.166197, -1.0, -0.0, 0.0, -0.0, 0.0, 0.0, 0.0, 1.0],
                [0.0, -0.009649, 0.999953, 0.0, 0.0, 0.999954, 0.009649, 1.166197, -1.0, -0.0, 0.0, -0.0, 0.0, 0.0, 0.0, 1.0]
            ]
        },
        {
            "name": "Leg_LF_F",
            "time": [0.0, 0.1333, 0.25, 0.3667, 0.7333, 2.1667, 2.2667, 2.8333],
            "transform": [
                [0.0, 1.0, -0.0, -0.0, -0.0, 0.0, -1.0, 1.174905, -1.0, 0.0, 0.0, 0.0, 0.0, 0.0, 0.0, 1.0],
                [0.0, 1.0, -0.0, -0.0, -0.0, -0.0, -1.0, 1.194979, -1.0, 0.0, 0.0, -0.0, 0.0, 0.0, 0.0, 1.0],
                [0.0, 1.0, -0.0, 0.0, -0.0, -0.0, -1.0, 1.218674, -1.0, 0.0, 0.0, 0.0, 0.0, 0.0, 0.0, 1.0],
                [0.0, 1.0, 0.0, 0.0, -0.0, 0.0, -1.0, 1.229171, -1.0, 0.0, 0.0, 0.0, 0.0, 0.0, 0.0, 1.0],
                [0.0, 1.0, 0.0, 0.0, -0.0, 0.0, -1.0, 1.229171, -1.0, 0.0, 0.0, -0.0, 0.0, 0.0, 0.0, 1.0],
                [0.0, 1.0, -0.0, -0.0, -0.0, -0.0, -1.0, 1.229171, -1.0, 0.0, 0.0, -0.0, 0.0, 0.0, 0.0, 1.0],
                [0.0, 1.0, 0.0, 0.0, -0.0, 0.0, -1.0, 1.178626, -1.0, 0.0, 0.0, 0.0, 0.0, 0.0, 0.0, 1.0],
                [0.0, 1.0, 0.0, 0.0, -0.0, 0.0, -1.0, 1.178626, -1.0, 0.0, 0.0, 0.0, 0.0, 0.0, 0.0, 1.0]
            ]
        },
        {
            "name": "Head_Root",
            "time": [0.0, 0.1333, 0.25, 0.3667, 0.7333, 1.4333, 2.1667, 2.2667, 2.5667, 2.8333],
            "transform": [
                [1.0, -0.0, -0.0, 0.0, -0.0, 0.904366, -0.426758, -2.4e-05, 0.0, 0.426758, 0.904366, -0.776237, 0.0, 0.0, 0.0, 1.0],
                [1.0, 0.0, -0.0, -0.0, -0.0, 0.929491, -0.368844, -6.3e-05, 0.0, 0.368844, 0.929491, -0.755981, 0.0, 0.0, 0.0, 1.0],
                [1.0, 0.0, 0.0, 0.0, 0.0, 0.968289, -0.249834, -0.000102, -0.0, 0.249834, 0.968289, -0.736042, 0.0, 0.0, 0.0, 1.0],
                [1.0, 0.0, 0.0, 0.0, 0.0, 0.992031, -0.125996, -0.000133, -0.0, 0.125996, 0.992031, -0.71941, 0.0, 0.0, 0.0, 1.0],
                [1.0, -0.0, 0.0, -0.0, -0.0, 0.99888, 0.047321, -0.000173, -0.0, -0.047321, 0.99888, -0.698903, 0.0, 0.0, 0.0, 1.0],
                [1.0, -0.0, 0.0, -0.0, -0.0, 0.99888, 0.047321, -0.000173, -0.0, -0.047321, 0.99888, -0.698903, 0.0, 0.0, 0.0, 1.0],
                [1.0, -0.0, -0.0, -0.0, 0.0, 0.978701, 0.205289, -0.000173, -0.0, -0.205289, 0.978701, -0.698902, 0.0, 0.0, 0.0, 1.0],
                [1.0, 0.0, 0.0, 0.0, 0.0, 0.926498, -0.376301, 0.060947, 0.0, 0.376301, 0.926498, -0.887676, 0.0, 0.0, 0.0, 1.0],
                [0.980771, -0.001948, -0.195154, 0.0, -0.060374, 0.947872, -0.312878, 0.075977, 0.185591, 0.318644, 0.929528, -0.934096, 0.0, 0.0, 0.0, 1.0],
                [0.990462, 0.001501, 0.137778, 0.0, 0.052221, 0.921252, -0.385446, 0.075977, -0.127507, 0.388964, 0.912386, -0.934096, 0.0, 0.0, 0.0, 1.0]
            ]
        },
        {
            "name": "Head",
            "time": [0.0, 0.1333, 0.25, 0.3667, 0.7333, 1.0167, 1.0833, 1.1667, 1.3, 1.4333, 2.1667, 2.2667, 2.8333],
            "transform": [
                [0.988023, -0.14437, 0.054471, -0.0, 0.152999, 0.962412, -0.224396, -0.0, -0.020027, 0.230043, 0.972974, -1.002567, 0.0, 0.0, 0.0, 1.0],
                [0.992442, -0.107875, 0.058499, 0.0, 0.11537, 0.98265, -0.14522, -0.0, -0.041819, 0.150871, 0.987669, -1.002567, 0.0, 0.0, 0.0, 1.0],
                [0.997782, -0.035282, 0.05645, 0.0, 0.034487, 0.999292, 0.015013, -0.0, -0.056939, -0.013033, 0.998293, -1.002567, 0.0, 0.0, 0.0, 1.0],
                [0.997294, 0.037999, 0.062937, 0.0, -0.04858, 0.983154, 0.176203, 0.0, -0.055182, -0.178783, 0.98234, -1.002567, 0.0, 0.0, 0.0, 1.0],
                [0.986728, 0.135515, 0.089462, -0.0, -0.159871, 0.907243, 0.389039, 0.0, -0.028443, -0.398178, 0.916867, -1.002567, 0.0, 0.0, 0.0, 1.0],
                [0.986728, 0.135515, 0.089462, -0.0, -0.159871, 0.907243, 0.389039, 0.0, -0.028443, -0.398178, 0.916867, -1.002567, 0.0, 0.0, 0.0, 1.0],
                [0.976661, -0.041788, -0.210683, -0.0, 0.123862, 0.910941, 0.393502, 0.0, 0.175476, -0.410414, 0.894857, -1.002567, 0.0, 0.0, 0.0, 1.0],
                [0.962056, 0.05998, 0.266179, -0.0, -0.161917, 0.910703, 0.380004, 0.0, -0.219617, -0.408684, 0.885859, -1.002567, 0.0, 0.0, 0.0, 1.0],
                [0.976661, -0.041788, -0.210683, -0.0, 0.123862, 0.910941, 0.393502, 0.0, 0.175476, -0.410414, 0.894857, -1.002567, 0.0, 0.0, 0.0, 1.0],
                [0.986728, 0.135515, 0.089462, -0.0, -0.159871, 0.907243, 0.389039, 0.0, -0.028443, -0.398178, 0.916867, -1.002567, 0.0, 0.0, 0.0, 1.0],
                [0.98978, -0.038146, 0.137403, -0.0, -0.055039, 0.786698, 0.61488, 0.0, -0.13155, -0.616158, 0.776559, -1.002567, 0.0, 0.0, 0.0, 1.0],
                [0.998507, 0.020669, 0.050555, 0.0, -0.024679, 0.996487, 0.080025, -0.0, -0.048724, -0.081153, 0.99551, -1.002567, 0.0, 0.0, 0.0, 1.0],
                [0.998507, 0.020669, 0.050555, 0.0, -0.024679, 0.996487, 0.080025, -0.0, -0.048724, -0.081154, 0.99551, -1.002567, 0.0, 0.0, 0.0, 1.0]
            ]
        },
        {
            "name": "Ear_L",
            "time": [0.0, 0.1333, 0.25, 0.3667, 0.7333, 1.0167, 1.0833, 1.4333, 2.1667, 2.2667, 2.8333],
            "transform": [
                [1.0, -0.0, 0.0, -0.579148, -0.0, 0.994904, 0.100829, 0.513815, -0.0, -0.100829, 0.994904, -0.273542, 0.0, 0.0, 0.0, 1.0],
                [1.0, -0.0, 0.0, -0.579148, -0.0, 0.943321, 0.331882, 0.513815, -0.0, -0.331882, 0.943321, -0.273542, 0.0, 0.0, 0.0, 1.0],
                [1.0, -0.0, 0.0, -0.579148, -0.0, 0.814435, 0.580254, 0.513815, -0.0, -0.580254, 0.814435, -0.273542, 0.0, 0.0, 0.0, 1.0],
                [1.0, -0.0, 0.0, -0.579148, -0.0, 0.737809, 0.675009, 0.513815, -0.0, -0.675009, 0.737809, -0.273542, 0.0, 0.0, 0.0, 1.0],
                [1.0, -0.0, 0.0, -0.579148, -0.0, 0.737809, 0.675009, 0.513815, -0.0, -0.675009, 0.737809, -0.273542, 0.0, 0.0, 0.0, 1.0],
                [1.0, -0.0, 0.0, -0.579148, -0.0, 0.737809, 0.675009, 0.513815, -0.0, -0.675009, 0.737809, -0.273542, 0.0, 0.0, 0.0, 1.0],
                [0.987884, 0.148782, 0.044154, -0.572172, -0.152043, 0.984873, 0.08311, 0.601361, -0.03112, -0.088816, 0.995562, -0.255623, 0.0, 0.0, 0.0, 1.0],
                [1.0, -0.0, 0.0, -0.579148, -0.0, 0.737809, 0.675009, 0.513815, -0.0, -0.675009, 0.737809, -0.273541, 0.0, 0.0, 0.0, 1.0],
                [0.988552, 0.14549, 0.039964, -0.572557, -0.144433, 0.835927, 0.529494, 0.596979, 0.04363, -0.529205, 0.847372, -0.298664, 0.0, 0.0, 0.0, 1.0],
                [0.99017, 0.128061, 0.056248, -0.573488, -0.100397, 0.930727, -0.351665, 0.571623, -0.097386, 0.342561, 0.934435, -0.217467, 0.0, 0.0, 0.0, 1.0],
                [0.99017, 0.128061, 0.056248, -0.573488, -0.100397, 0.930727, -0.351665, 0.571623, -0.097386, 0.342561, 0.934435, -0.217467, 0.0, 0.0, 0.0, 1.0]
            ]
        },
        {
            "name": "Ear_R",
            "time": [0.0, 0.1333, 0.25, 0.3667, 0.7333, 1.0167, 1.0833, 1.4333, 2.1667, 2.2667, 2.8333],
            "transform": [
                [1.0, -0.0, 0.0, 0.572446, -0.0, 0.994904, 0.100828, 0.513815, -0.0, -0.100827, 0.994904, -0.273541, 0.0, 0.0, 0.0, 1.0],
                [1.0, -0.0, 0.0, 0.572446, -0.0, 0.943321, 0.331882, 0.513815, -0.0, -0.331882, 0.943321, -0.273542, 0.0, 0.0, 0.0, 1.0],
                [1.0, -0.0, 0.0, 0.572446, -0.0, 0.814435, 0.580254, 0.513815, -0.0, -0.580254, 0.814435, -0.273542, 0.0, 0.0, 0.0, 1.0],
                [1.0, -0.0, 0.0, 0.572446, -0.0, 0.737809, 0.675009, 0.513815, -0.0, -0.675009, 0.737809, -0.273542, 0.0, 0.0, 0.0, 1.0],
                [1.0, -0.0, 0.0, 0.572446, -0.0, 0.737809, 0.675009, 0.513815, -0.0, -0.675009, 0.737809, -0.273542, 0.0, 0.0, 0.0, 1.0],
                [1.0, -0.0, 0.0, 0.572446, -0.0, 0.737809, 0.675009, 0.513815, -0.0, -0.675009, 0.737809, -0.273542, 0.0, 0.0, 0.0, 1.0],
                [0.987884, 0.148782, 0.044154, 0.565469, -0.152043, 0.984873, 0.08311, 0.426269, -0.03112, -0.088816, 0.995562, -0.29146, 0.0, 0.0, 0.0, 1.0],
                [1.0, -0.0, 0.0, 0.572446, -0.0, 0.737809, 0.675009, 0.513815, -0.0, -0.675009, 0.737809, -0.273541, 0.0, 0.0, 0.0, 1.0],
                [0.988552, 0.14549, 0.039964, 0.565854, -0.144433, 0.835927, 0.529494, 0.430651, 0.04363, -0.529205, 0.847372, -0.24842, 0.0, 0.0, 0.0, 1.0],
                [0.99017, 0.128061, 0.056248, 0.566785, -0.100397, 0.930727, -0.351665, 0.456007, -0.097386, 0.342561, 0.934435, -0.329617, 0.0, 0.0, 0.0, 1.0],
                [0.99017, 0.128061, 0.056248, 0.566785, -0.100397, 0.930727, -0.351665, 0.456007, -0.097386, 0.342561, 0.934435, -0.329616, 0.0, 0.0, 0.0, 1.0]
            ]
        },
        {
            "name": "Chin",
            "time": [0.0, 0.1333, 0.25, 0.3667, 0.7333, 1.4333, 2.1667, 2.2667, 2.8333],
            "transform": [
                [1.0, 0.0, -0.0, 0.018988, -0.0, 0.84158, 0.540132, -0.311069, -0.0, -0.540132, 0.84158, 0.462038, 0.0, 0.0, 0.0, 1.0],
                [1.0, 0.0, -0.0, 0.018988, -0.0, 0.888421, 0.459028, -0.311069, 0.0, -0.459029, 0.888421, 0.462038, 0.0, 0.0, 0.0, 1.0],
                [1.0, 0.0, 0.0, 0.018988, -0.0, 0.946705, 0.322101, -0.311069, -0.0, -0.322101, 0.946705, 0.462038, 0.0, 0.0, 0.0, 1.0],
                [1.0, 0.0, 0.0, 0.018988, -0.0, 0.982504, 0.186242, -0.311069, -0.0, -0.186242, 0.982504, 0.462038, 0.0, 0.0, 0.0, 1.0],
                [1.0, -0.0, -0.0, 0.018988, 0.0, 1.0, 0.0, -0.311069, 0.0, -0.0, 1.0, 0.462038, 0.0, 0.0, 0.0, 1.0],
                [1.0, -0.0, 0.0, 0.018988, 0.0, 1.0, 0.0, -0.311069, -0.0, -0.0, 1.0, 0.462039, 0.0, 0.0, 0.0, 1.0],
                [1.0, -0.0, 0.0, 0.018803, 0.0, 1.0, 0.0, -0.397974, -0.0, 0.0, 1.0, 0.455404, 0.0, 0.0, 0.0, 1.0],
                [0.999461, 0.03273, -0.002726, 0.018988, -0.025265, 0.819229, 0.572909, -0.311069, 0.020984, -0.572531, 0.819614, 0.462038, 0.0, 0.0, 0.0, 1.0],
                [0.99946, 0.03273, -0.002726, 0.018988, -0.025265, 0.819229, 0.572909, -0.311068, 0.020984, -0.572531, 0.819614, 0.462038, 0.0, 0.0, 0.0, 1.0]
            ]
        },
        {
            "name": "Leg_LB",
            "time": [0.0, 0.1333, 0.25, 0.3667, 0.7333, 1.4333, 2.1667, 2.2667, 2.8333],
            "transform": [
                [0.0, 0.0, -1.0, -0.547831, 0.282656, -0.959221, -0.0, 0.732731, -0.959221, -0.282656, -0.0, 0.400455, 0.0, 0.0, 0.0, 1.0],
                [0.0, 0.0, -1.0, -0.547831, 0.562959, -0.826485, 0.0, 0.732731, -0.826485, -0.562959, -0.0, 0.400455, 0.0, 0.0, 0.0, 1.0],
                [0.0, 0.0, -1.0, -0.547831, 0.371849, -0.928293, 0.0, 0.732731, -0.928293, -0.371849, -0.0, 0.400455, 0.0, 0.0, 0.0, 1.0],
                [0.0, -0.0, -1.0, -0.547831, -0.375808, -0.926698, 0.0, 0.732731, -0.926698, 0.375808, -0.0, 0.400456, 0.0, 0.0, 0.0, 1.0],
                [0.0, -0.0, -1.0, -0.547831, -0.050867, -0.998705, 0.0, 0.73273, -0.998705, 0.050867, -0.0, 0.400455, 0.0, 0.0, 0.0, 1.0],
                [0.0, -0.0, -1.0, -0.547831, -0.050867, -0.998705, 0.0, 0.73273, -0.998705, 0.050867, -0.0, 0.400455, 0.0, 0.0, 0.0, 1.0],
                [0.0, -0.0, -1.0, -0.547831, -0.042143, -0.999112, 0.0, 0.732731, -0.999112, 0.042143, -0.0, 0.400455, 0.0, 0.0, 0.0, 1.0],
                [0.0, -0.0, -1.0, -0.547831, -0.61832, -0.785926, 0.0, 0.73273, -0.785926, 0.61832, -0.0, 0.400455, 0.0, 0.0, 0.0, 1.0],
                [0.0, -0.0, -1.0, -0.547831, -0.61832, -0.785926, 0.0, 0.73273, -0.785926, 0.61832, -0.0, 0.400455, 0.0, 0.0, 0.0, 1.0]
            ]
        },
        {
            "name": "Foot_LB",
            "time": [0.0, 0.1333, 0.25, 0.3667, 0.7333, 1.4333, 2.1667, 2.2667, 2.8333],
            "transform": [
                [0.0, -0.205375, 0.978683, -0.0, 0.0, 0.978683, 0.205375, 1.166196, -1.0, -0.0, 0.0, -0.0, 0.0, 0.0, 0.0, 1.0],
                [0.0, -0.577964, 0.816062, 0.0, -0.0, 0.816062, 0.577964, 1.166197, -1.0, -0.0, 0.0, 0.0, 0.0, 0.0, 0.0, 1.0],
                [0.0, -0.950043, -0.312119, 0.0, -0.0, -0.312119, 0.950043, 1.166196, -1.0, -0.0, -0.0, 0.0, 0.0, 0.0, 0.0, 1.0],
                [0.0, -0.387012, 0.922075, 0.0, -0.0, 0.922075, 0.387011, 1.166197, -1.0, -0.0, 0.0, -0.0, 0.0, 0.0, 0.0, 1.0],
                [0.0, -0.967428, 0.253148, 0.0, -0.0, 0.253148, 0.967428, 1.166197, -1.0, -0.0, 0.0, 0.0, 0.0, 0.0, 0.0, 1.0],
                [0.0, -0.967428, 0.253148, 0.0, -0.0, 0.253148, 0.967428, 1.166197, -1.0, -0.0, 0.0, 0.0, 0.0, 0.0, 0.0, 1.0],
                [0.0, -0.869165, 0.494521, 0.0, -0.0, 0.494521, 0.869166, 1.166196, -1.0, -0.0, 0.0, -0.0, 0.0, 0.0, 0.0, 1.0],
                [0.0, -0.004528, 0.99999, -0.0, -0.0, 0.99999, 0.004528, 1.166197, -1.0, -0.0, 0.0, -0.0, 0.0, 0.0, 0.0, 1.0],
                [0.0, -0.004528, 0.99999, -0.0, -0.0, 0.99999, 0.004528, 1.166197, -1.0, -0.0, 0.0, -0.0, 0.0, 0.0, 0.0, 1.0]
            ]
        },
        {
            "name": "Leg_LB_F",
            "time": [0.0, 0.1333, 0.25, 0.3667, 0.7333, 2.1667, 2.2667, 2.8333],
            "transform": [
                [0.0, 1.0, -0.0, 0.0, -0.0, 0.0, -1.0, 1.181287, -1.0, 0.0, 0.0, -0.0, 0.0, 0.0, 0.0, 1.0],
                [0.0, 1.0, -0.0, 0.0, -0.0, 0.0, -1.0, 1.216072, -1.0, 0.0, 0.0, 0.0, 0.0, 0.0, 0.0, 1.0],
                [0.0, 1.0, -0.0, 0.0, -0.0, 0.0, -1.0, 1.25713, -1.0, 0.0, 0.0, 0.0, 0.0, 0.0, 0.0, 1.0],
                [0.0, 1.0, -0.0, 0.0, -0.0, -0.0, -1.0, 1.27532, -1.0, 0.0, 0.0, -0.0, 0.0, 0.0, 0.0, 1.0],
                [0.0, 1.0, 0.0, 0.0, -0.0, -0.0, -1.0, 1.27532, -1.0, 0.0, 0.0, 0.0, 0.0, 0.0, 0.0, 1.0],
                [0.0, 1.0, -0.0, 0.0, -0.0, 0.0, -1.0, 1.27532, -1.0, 0.0, 0.0, -0.0, 0.0, 0.0, 0.0, 1.0],
                [0.0, 1.0, -0.0, -0.0, -0.0, -0.0, -1.0, 1.349492, -1.0, 0.0, 0.0, -0.0, 0.0, 0.0, 0.0, 1.0],
                [0.0, 1.0, -0.0, -0.0, -0.0, -0.0, -1.0, 1.349492, -1.0, 0.0, 0.0, -0.0, 0.0, 0.0, 0.0, 1.0]
            ]
        },
        {
            "name": "Leg_RB",
            "time": [0.0, 0.1333, 0.25, 0.3667, 0.7333, 1.4333, 2.1667, 2.2667, 2.8333],
            "transform": [
                [0.0, 0.0, -1.0, 0.552169, 0.38693, -0.922109, -0.0, 0.732731, -0.922109, -0.38693, -0.0, 0.400455, 0.0, 0.0, 0.0, 1.0],
                [0.0, -0.0, -1.0, 0.552169, -0.556478, -0.830862, 0.0, 0.732731, -0.830862, 0.556479, -0.0, 0.400455, 0.0, 0.0, 0.0, 1.0],
                [0.0, -0.0, -1.0, 0.552169, -0.139693, -0.990195, 0.0, 0.732731, -0.990195, 0.139693, -0.0, 0.400455, 0.0, 0.0, 0.0, 1.0],
                [0.0, 0.0, -1.0, 0.552169, 0.120318, -0.992735, 0.0, 0.732731, -0.992735, -0.120318, -0.0, 0.400456, 0.0, 0.0, 0.0, 1.0],
                [0.0, 0.0, -1.0, 0.552169, 0.339241, -0.9407, 0.0, 0.73273, -0.9407, -0.339241, -0.0, 0.400455, 0.0, 0.0, 0.0, 1.0],
                [0.0, 0.0, -1.0, 0.552169, 0.339241, -0.9407, 0.0, 0.73273, -0.9407, -0.339241, -0.0, 0.400455, 0.0, 0.0, 0.0, 1.0],
                [0.0, 0.0, -1.0, 0.552169, 0.214362, -0.976754, 0.0, 0.732731, -0.976754, -0.214362, -0.0, 0.400455, 0.0, 0.0, 0.0, 1.0],
                [0.0, -0.0, -1.0, 0.552169, -0.339026, -0.940777, 0.0, 0.73273, -0.940777, 0.339026, -0.0, 0.400455, 0.0, 0.0, 0.0, 1.0],
                [0.0, -0.0, -1.0, 0.552169, -0.339026, -0.940777, 0.0, 0.73273, -0.940777, 0.339026, -0.0, 0.400455, 0.0, 0.0, 0.0, 1.0]
            ]
        },
        {
            "name": "Foot_RB",
            "time": [0.0, 0.1333, 0.25, 0.3667, 0.7333, 1.4333, 2.1667, 2.2667, 2.8333],
            "transform": [
                [0.0, -0.999723, -0.023534, 0.0, -0.0, -0.023534, 0.999723, 1.166196, -1.0, -0.0, -0.0, -0.0, 0.0, 0.0, 0.0, 1.0],
                [0.0, -0.385017, 0.92291, 0.0, -0.0, 0.92291, 0.385017, 1.166196, -1.0, -0.0, 0.0, -0.0, 0.0, 0.0, 0.0, 1.0],
                [0.0, -0.90142, 0.432947, 0.0, -0.0, 0.432947, 0.90142, 1.166196, -1.0, -0.0, -0.0, 0.0, 0.0, 0.0, 0.0, 1.0],
                [0.0, -0.762231, 0.647305, 0.0, -0.0, 0.647305, 0.762231, 1.166197, -1.0, -0.0, 0.0, 0.0, 0.0, 0.0, 0.0, 1.0],
                [0.0, -0.983988, 0.178234, 0.0, -0.0, 0.178234, 0.983988, 1.166197, -1.0, -0.0, -0.0, 0.0, 0.0, 0.0, 0.0, 1.0],
                [0.0, -0.983988, 0.178234, 0.0, -0.0, 0.178234, 0.983988, 1.166197, -1.0, -0.0, -0.0, 0.0, 0.0, 0.0, 0.0, 1.0],
                [0.0, -0.890726, 0.45454, -0.0, -0.0, 0.45454, 0.890726, 1.166196, -1.0, -0.0, -0.0, 0.0, 0.0, 0.0, 0.0, 1.0],
                [0.0, -0.22222, 0.974997, -0.0, -0.0, 0.974997, 0.22222, 1.166196, -1.0, -0.0, 0.0, -0.0, 0.0, 0.0, 0.0, 1.0],
                [0.0, -0.22222, 0.974997, -0.0, -0.0, 0.974997, 0.22222, 1.166196, -1.0, -0.0, 0.0, -0.0, 0.0, 0.0, 0.0, 1.0]
            ]
        },
        {
            "name": "Leg_RB_F",
            "time": [0.0, 0.1333, 0.25, 0.3667, 0.7333, 2.1667, 2.2667, 2.8333],
            "transform": [
                [0.0, 1.0, -0.0, 0.0, -0.0, 0.0, -1.0, 1.181287, -1.0, 0.0, 0.0, -0.0, 0.0, 0.0, 0.0, 1.0],
                [0.0, 1.0, -0.0, -0.0, -0.0, -0.0, -1.0, 1.216071, -1.0, 0.0, 0.0, -0.0, 0.0, 0.0, 0.0, 1.0],
                [0.0, 1.0, -0.0, -0.0, -0.0, -0.0, -1.0, 1.25713, -1.0, 0.0, 0.0, 0.0, 0.0, 0.0, 0.0, 1.0],
                [0.0, 1.0, -0.0, 0.0, -0.0, 0.0, -1.0, 1.27532, -1.0, 0.0, 0.0, -0.0, 0.0, 0.0, 0.0, 1.0],
                [0.0, 1.0, -0.0, 0.0, -0.0, 0.0, -1.0, 1.27532, -1.0, 0.0, 0.0, 0.0, 0.0, 0.0, 0.0, 1.0],
                [0.0, 1.0, -0.0, 0.0, -0.0, 0.0, -1.0, 1.27532, -1.0, 0.0, 0.0, 0.0, 0.0, 0.0, 0.0, 1.0],
                [0.0, 1.0, -0.0, 0.0, -0.0, -0.0, -1.0, 1.349491, -1.0, 0.0, 0.0, -0.0, 0.0, 0.0, 0.0, 1.0],
                [0.0, 1.0, -0.0, 0.0, -0.0, -0.0, -1.0, 1.349491, -1.0, 0.0, 0.0, -0.0, 0.0, 0.0, 0.0, 1.0]
            ]
        }
    ]
}