{
    "animation": [
        {
            "name": "Root",
            "time": [0.0, 0.0833, 0.1667, 0.25, 0.3333, 0.4167, 0.5, 0.5833, 0.6667],
            "transform": [
                [1.0, 0.0, 0.0, 0.000314, 0.0, 0.0, -1.0, -1.199364, 0.0, 1.0, 0.0, 1.447848, 0.0, 0.0, 0.0, 1.0],
                [1.0, 0.0, 0.0, 0.000314, 0.0, 0.0, -1.0, -1.199364, 0.0, 1.0, 0.0, 1.44165, 0.0, 0.0, 0.0, 1.0],
                [1.0, 0.0, 0.0, 0.000314, 0.0, 0.0, -1.0, -1.199364, 0.0, 1.0, 0.0, 1.28669, 0.0, 0.0, 0.0, 1.0],
                [1.0, 0.0, 0.0, 0.000314, 0.0, 0.0, -1.0, -1.199364, 0.0, 1.0, 0.0, 1.354872, 0.0, 0.0, 0.0, 1.0],
                [1.0, 0.0, 0.0, 0.000314, 0.0, 0.0, -1.0, -1.199364, 0.0, 1.0, 0.0, 1.44165, 0.0, 0.0, 0.0, 1.0],
                [1.0, 0.0, 0.0, 0.000314, 0.0, 0.0, -1.0, -1.199364, 0.0, 1.0, 0.0, 1.447849, 0.0, 0.0, 0.0, 1.0],
                [1.0, 0.0, 0.0, 0.000314, 0.0, 0.0, -1.0, -1.199364, 0.0, 1.0, 0.0, 1.305285, 0.0, 0.0, 0.0, 1.0],
                [1.0, 0.0, 0.0, 0.000314, 0.0, 0.0, -1.0, -1.199364, 0.0, 1.0, 0.0, 1.348674, 0.0, 0.0, 0.0, 1.0],
                [1.0, 0.0, 0.0, 0.000314, 0.0, 0.0, -1.0, -1.199364, 0.0, 1.0, 0.0, 1.447848, 0.0, 0.0, 0.0, 1.0]
            ]
        },
        {
            "name": "Torso",
            "time": [0.0, 0.6667],
            "transform": [
                [1.0, 0.0, 0.0, 0.0, 0.0, 1.0, 0.0, 0.0, 0.0, 0.0, 1.0, -0.307468, 0.0, 0.0, 0.0, 1.0],
                [1.0, 0.0, 0.0, 0.0, 0.0, 1.0, 0.0, 0.0, 0.0, 0.0, 1.0, -0.307468, 0.0, 0.0, 0.0, 1.0]
            ]
        },
        {
            "name": "Leg_RF",
            "time": [0.0, 0.1667, 0.3333, 0.5, 0.6667],
            "transform": [
                [0.0, 0.0, -1.0, 0.552169, 0.0, -1.0, 0.0, 0.732731, -1.0, 0.0, -0.0, -0.959395, 0.0, 0.0, 0.0, 1.0],
                [0.0, -0.0, -1.0, 0.552169, -0.275003, -0.961443, -0.0, 0.732731, -0.961443, 0.275003, -0.0, -0.959395, 0.0, 0.0, 0.0, 1.0],
                [-0.041296, 0.085454, -0.995486, 0.552169, 0.433147, -0.896313, -0.094909, 0.732731, -0.900377, -0.435111, -0.0, -0.959395, 0.0, 0.0, 0.0, 1.0],
                [0.0, 0.0, -1.0, 0.552169, 0.50041, -0.865788, 0.0, 0.732731, -0.865789, -0.50041, -0.0, -0.959395, 0.0, 0.0, 0.0, 1.0],
                [0.0, 0.0, -1.0, 0.552169, 0.0, -1.0, 0.0, 0.732731, -1.0, 0.0, -0.0, -0.959395, 0.0, 0.0, 0.0, 1.0]
            ]
        },
        {
            "name": "Foot_RF",
            "time": [0.0, 0.1667, 0.3333, 0.5, 0.6667],
            "transform": [
                [0.0, -0.0, 1.0, 0.0, -0.0, 1.0, 0.0, 1.166196, -1.0, -0.0, 0.0, 0.0, 0.0, 0.0, 0.0, 1.0],
                [0.0, -0.348227, 0.93741, -0.0, -0.0, 0.93741, 0.348227, 1.166196, -1.0, -0.0, 0.0, 0.0, 0.0, 0.0, 0.0, 1.0],
                [0.0, -0.966987, 0.254825, 0.0, 0.0, 0.254825, 0.966987, 1.166196, -1.0, -0.0, 0.0, -0.0, 0.0, 0.0, 0.0, 1.0],
                [0.0, -0.498457, 0.866914, 0.0, -0.0, 0.866914, 0.498457, 1.166196, -1.0, -0.0, 0.0, -0.0, 0.0, 0.0, 0.0, 1.0],
                [0.0, -0.0, 1.0, 0.0, -0.0, 1.0, 0.0, 1.166196, -1.0, -0.0, 0.0, 0.0, 0.0, 0.0, 0.0, 1.0]
            ]
        },
        {
            "name": "Leg_RF_F",
            "time": [0.0, 0.1667, 0.3333, 0.5, 0.6667],
            "transform": [
                [0.0, 1.0, 0.0, 0.0, -0.0, 0.0, -1.0, 1.166196, -1.0, 0.0, 0.0, 0.0, 0.0, 0.0, 0.0, 1.0],
                [0.0, 1.0, -0.0, 0.0, -0.0, -0.0, -1.0, 1.206052, -1.0, 0.0, 0.0, 0.0, 0.0, 0.0, 0.0, 1.0],
                [0.0, 1.0, -0.0, 0.004762, -0.0, 0.0, -1.0, 1.372607, -1.0, 0.0, 0.0, -0.0, 0.0, 0.0, 0.0, 1.0],
                [0.0, 1.0, -0.0, -0.010577, -0.0, 0.0, -1.0, 1.249807, -1.0, 0.0, 0.0, -0.0, 0.0, 0.0, 0.0, 1.0],
                [0.0, 1.0, 0.0, 0.0, -0.0, 0.0, -1.0, 1.166196, -1.0, 0.0, 0.0, 0.0, 0.0, 0.0, 0.0, 1.0]
            ]
        },
        {
            "name": "Leg_LF",
            "time": [0.0, 0.1667, 0.3333, 0.5, 0.6667],
            "transform": [
                [0.051275, -0.097901, -0.993874, -0.547831, 0.433558, -0.894329, 0.110463, 0.732731, -0.899666, -0.436566, -0.003411, -0.959395, 0.0, 0.0, 0.0, 1.0],
                [0.0, 0.0, -1.0, -0.547831, 0.500081, -0.865978, 0.0, 0.732731, -0.865978, -0.500081, -0.0, -0.959395, 0.0, 0.0, 0.0, 1.0],
                [0.0, 0.0, -1.0, -0.547831, -0.001562, -0.999999, -0.0, 0.732731, -0.999999, 0.001562, -0.0, -0.959395, 0.0, 0.0, 0.0, 1.0],
                [0.0, 0.0, -1.0, -0.547831, -0.210273, -0.977643, -0.0, 0.732731, -0.977643, 0.210274, -0.0, -0.959395, 0.0, 0.0, 0.0, 1.0],
                [0.051275, -0.097901, -0.993874, -0.547831, 0.433558, -0.894329, 0.110463, 0.732731, -0.899666, -0.436566, -0.003411, -0.959395, 0.0, 0.0, 0.0, 1.0]
            ]
        },
        {
            "name": "Foot_LF",
            "time": [0.0, 0.1667, 0.3333, 0.5, 0.6667],
            "transform": [
                [0.0, -0.967472, 0.252976, -0.0, 0.0, 0.252976, 0.967472, 1.166196, -1.0, -0.0, 0.0, 0.0, 0.0, 0.0, 0.0, 1.0],
                [0.0, -0.497432, 0.867503, 0.0, 0.0, 0.867503, 0.497432, 1.166196, -1.0, -0.0, 0.0, -0.0, 0.0, 0.0, 0.0, 1.0],
                [0.0, -0.0, 1.0, -0.0, 0.0, 1.0, 0.0, 1.166196, -1.0, -0.0, 0.0, 0.0, 0.0, 0.0, 0.0, 1.0],
                [0.0, -0.371002, 0.928632, 0.0, 0.0, 0.928632, 0.371002, 1.166196, -1.0, -0.0, 0.0, -0.0, 0.0, 0.0, 0.0, 1.0],
                [0.0, -0.967472, 0.252976, -0.0, 0.0, 0.252976, 0.967472, 1.166196, -1.0, -0.0, 0.0, 0.0, 0.0, 0.0, 0.0, 1.0]
            ]
        },
        {
            "name": "Leg_LF_F",
            "time": [0.0, 0.1667, 0.3333, 0.5, 0.6667],
            "transform": [
                [0.0, 1.0, -0.0, -0.0, -0.0, 0.0, -1.0, 1.373939, -1.0, 0.0, 0.0, 0.0, 0.0, 0.0, 0.0, 1.0],
                [0.0, 1.0, -0.0, 0.0, -0.0, 0.0, -1.0, 1.251382, -1.0, 0.0, 0.0, -0.0, 0.0, 0.0, 0.0, 1.0],
                [0.0, 1.0, -0.0, -0.0, -0.0, 0.0, -1.0, 1.166196, -1.0, 0.0, 0.0, 0.0, 0.0, 0.0, 0.0, 1.0],
                [0.0, 1.0, -0.0, 6.2e-05, -0.0, 0.0, -1.0, 1.205983, -1.0, 0.0, 0.0, -0.0, 0.0, 0.0, 0.0, 1.0],
                [0.0, 1.0, -0.0, -0.0, -0.0, 0.0, -1.0, 1.373939, -1.0, 0.0, 0.0, 0.0, 0.0, 0.0, 0.0, 1.0]
            ]
        },
        {
            "name": "Head_Root",
            "time": [0.0, 0.1667, 0.3333, 0.5, 0.6667],
            "transform": [
                [1.0, 0.0, 0.0, 0.0, 0.0, 0.999792, -0.020414, 0.0, 0.0, 0.020414, 0.999792, -0.788647, 0.0, 0.0, 0.0, 1.0],
                [1.0, 0.0, 0.0, 0.0, 0.0, 0.997897, 0.064821, 0.0, 0.0, -0.064821, 0.997897, -0.788647, 0.0, 0.0, 0.0, 1.0],
                [1.0, 0.0, 0.0, 0.0, 0.0, 0.999792, -0.020414, 0.0, 0.0, 0.020414, 0.999792, -0.788647, 0.0, 0.0, 0.0, 1.0],
                [1.0, 0.0, 0.0, 0.0, 0.0, 0.997897, 0.064821, 0.0, 0.0, -0.064821, 0.997897, -0.788647, 0.0, 0.0, 0.0, 1.0],
                [1.0, 0.0, 0.0, 0.0, 0.0, 0.999792, -0.020414, 0.0, 0.0, 0.020414, 0.999792, -0.788647, 0.0, 0.0, 0.0, 1.0]
            ]
        },
        {
            "name": "Head",
            "time": [0.0, 0.1667, 0.3333, 0.5, 0.6667],
            "transform": [
                [1.0, 0.0, 0.0, 0.0, 0.0, 0.999829, 0.018518, -0.0, 0.0, -0.018518, 0.999829, -1.002567, 0.0, 0.0, 0.0, 1.0],
                [1.0, 0.0, 0.0, 0.0, 0.0, 0.998149, -0.060816, -0.0, 0.0, 0.060816, 0.998149, -1.002567, 0.0, 0.0, 0.0, 1.0],
                [1.0, 0.0, 0.0, 0.0, 0.0, 0.999829, 0.018518, -0.0, 0.0, -0.018518, 0.999829, -1.002567, 0.0, 0.0, 0.0, 1.0],
                [1.0, 0.0, 0.0, 0.0, 0.0, 0.998149, -0.060816, -0.0, 0.0, 0.060816, 0.998149, -1.002567, 0.0, 0.0, 0.0, 1.0],
                [1.0, 0.0, 0.0, 0.0, 0.0, 0.999829, 0.018518, -0.0, 0.0, -0.018518, 0.999829, -1.002567, 0.0, 0.0, 0.0, 1.0]
            ]
        },
        {
            "name": "Ear_L",
            "time": [0.0, 0.6667],
            "transform": [
                [1.0, 0.0, 0.0, -0.579148, 0.0, 1.0, 0.0, 0.513815, -0.0, 0.0, 1.0, -0.273541, 0.0, 0.0, 0.0, 1.0],
                [1.0, 0.0, 0.0, -0.579148, 0.0, 1.0, 0.0, 0.513815, -0.0, 0.0, 1.0, -0.273541, 0.0, 0.0, 0.0, 1.0]
            ]
        },
        {
            "name": "Ear_R",
            "time": [0.0, 0.6667],
            "transform": [
                [1.0, 0.0, 0.0, 0.572446, 0.0, 1.0, 0.0, 0.513815, -0.0, 0.0, 1.0, -0.273541, 0.0, 0.0, 0.0, 1.0],
                [1.0, 0.0, 0.0, 0.572446, 0.0, 1.0, 0.0, 0.513815, -0.0, 0.0, 1.0, -0.273541, 0.0, 0.0, 0.0, 1.0]
            ]
        },
        {
            "name": "Chin",
            "time": [0.0, 0.6667],
            "transform": [
                [1.0, 0.0, 0.0, 0.018988, 0.0, 1.0, 0.0, -0.311069, 0.0, 0.0, 1.0, 0.462038, 0.0, 0.0, 0.0, 1.0],
                [1.0, 0.0, 0.0, 0.018988, 0.0, 1.0, 0.0, -0.311069, 0.0, 0.0, 1.0, 0.462038, 0.0, 0.0, 0.0, 1.0]
            ]
        },
        {
            "name": "Leg_LB",
            "time": [0.0, 0.0833, 0.25, 0.4167, 0.5833, 0.6667],
            "transform": [
                [0.0, -0.0, -1.0, -0.547831, 0.214975, -0.97662, 0.0, 0.732731, -0.97662, -0.214975, -0.0, 0.400455, 0.0, 0.0, 0.0, 1.0],
                [0.0, 0.0, -1.0, -0.547831, 0.0, -1.0, 0.0, 0.732731, -1.0, 0.0, -0.0, 0.400455, 0.0, 0.0, 0.0, 1.0],
                [0.0, 0.0, -1.0, -0.547831, -0.250932, -0.968005, -0.0, 0.732731, -0.968005, 0.250932, -0.0, 0.400455, 0.0, 0.0, 0.0, 1.0],
                [0.026815, -0.093578, -0.995251, -0.547831, 0.274158, -0.956745, 0.097344, 0.732731, -0.961311, -0.275466, -0.0, 0.400455, 0.0, 0.0, 0.0, 1.0],
                [0.0, -0.0, -1.0, -0.547831, 0.419897, -0.907572, 0.0, 0.732731, -0.907572, -0.419897, -0.0, 0.400455, 0.0, 0.0, 0.0, 1.0],
                [0.0, -0.0, -1.0, -0.547831, 0.214975, -0.97662, 0.0, 0.732731, -0.97662, -0.214975, -0.0, 0.400455, 0.0, 0.0, 0.0, 1.0]
            ]
        },
        {
            "name": "Foot_LB",
            "time": [0.0, 0.0833, 0.25, 0.4167, 0.5833, 0.6667],
            "transform": [
                [0.0, -0.134294, 0.990942, -0.0, 0.0, 0.990942, 0.134294, 1.166197, -1.0, 0.0, 0.0, -0.0, 0.0, 0.0, 0.0, 1.0],
                [0.0, 0.0, 1.0, -0.0, 0.0, 1.0, 0.0, 1.166196, -1.0, 0.0, 0.0, -0.0, 0.0, 0.0, 0.0, 1.0],
                [0.0, -0.34202, 0.939693, -0.0, 0.0, 0.939693, 0.34202, 1.166196, -1.0, -0.0, 0.0, 0.0, 0.0, 0.0, 0.0, 1.0],
                [0.0, -0.935866, 0.352355, 0.0, 0.0, 0.352355, 0.935867, 1.166196, -1.0, -0.0, 0.0, 0.0, 0.0, 0.0, 0.0, 1.0],
                [0.0, -0.425165, 0.905116, -0.0, 0.0, 0.905116, 0.425165, 1.166196, -1.0, -0.0, 0.0, -0.0, 0.0, 0.0, 0.0, 1.0],
                [0.0, -0.134294, 0.990942, -0.0, 0.0, 0.990942, 0.134294, 1.166197, -1.0, 0.0, 0.0, -0.0, 0.0, 0.0, 0.0, 1.0]
            ]
        },
        {
            "name": "Leg_LB_F",
            "time": [0.0, 0.0833, 0.25, 0.4167, 0.5833, 0.6667],
            "transform": [
                [0.0, 1.0, -0.0, -0.001678, -0.0, -0.0, -1.0, 1.182038, -1.0, 0.0, 0.0, -0.0, 0.0, 0.0, 0.0, 1.0],
                [0.0, 1.0, -0.0, -0.0, -0.0, 0.0, -1.0, 1.166196, -1.0, 0.0, 0.0, -0.0, 0.0, 0.0, 0.0, 1.0],
                [0.0, 1.0, -0.0, -0.0, -0.0, 0.0, -1.0, 1.216197, -1.0, 0.0, 0.0, 0.0, 0.0, 0.0, 0.0, 1.0],
                [0.0, 1.0, -0.0, 0.001546, -0.0, -0.0, -1.0, 1.341019, -1.0, 0.0, 0.0, -0.0, 0.0, 0.0, 0.0, 1.0],
                [0.0, 1.0, -0.0, -0.003356, -0.0, 0.0, -1.0, 1.223475, -1.0, 0.0, 0.0, -0.0, 0.0, 0.0, 0.0, 1.0],
                [0.0, 1.0, -0.0, -0.001678, -0.0, -0.0, -1.0, 1.182038, -1.0, 0.0, 0.0, -0.0, 0.0, 0.0, 0.0, 1.0]
            ]
        },
        {
            "name": "Leg_RB",
            "time": [0.0, 0.0833, 0.25, 0.4167, 0.5833, 0.6667],
            "transform": [
                [0.0, 0.0, -1.0, 0.552169, 0.022447, -0.999748, -0.0, 0.732731, -0.999748, -0.022447, -0.0, 0.400455, 0.0, 0.0, 0.0, 1.0],
                [-0.02215, 0.072214, -0.997143, 0.552169, 0.292409, -0.953305, -0.075535, 0.732731, -0.956037, -0.293247, -0.0, 0.400455, 0.0, 0.0, 0.0, 1.0],
                [0.0, 0.0, -1.0, 0.552169, 0.394772, -0.918779, 0.0, 0.732731, -0.918779, -0.394772, -0.0, 0.400455, 0.0, 0.0, 0.0, 1.0],
                [0.0, 0.0, -1.0, 0.552169, 0.0, -1.0, 0.0, 0.732731, -1.0, 0.0, -0.0, 0.400455, 0.0, 0.0, 0.0, 1.0],
                [0.0, 0.0, -1.0, 0.552169, -0.250078, -0.968226, -0.0, 0.732731, -0.968226, 0.250078, -0.0, 0.400455, 0.0, 0.0, 0.0, 1.0],
                [0.0, 0.0, -1.0, 0.552169, 0.022447, -0.999748, -0.0, 0.732731, -0.999748, -0.022447, -0.0, 0.400455, 0.0, 0.0, 0.0, 1.0]
            ]
        },
        {
            "name": "Foot_RB",
            "time": [0.0, 0.0833, 0.25, 0.4167, 0.5833, 0.6667],
            "transform": [
                [0.0, -0.790759, 0.612128, 0.0, -0.0, 0.612128, 0.790759, 1.166197, -1.0, -0.0, 0.0, -0.0, 0.0, 0.0, 0.0, 1.0],
                [0.0, -0.965379, 0.260853, -0.0, 0.0, 0.260853, 0.965379, 1.166196, -1.0, -0.0, 0.0, -0.0, 0.0, 0.0, 0.0, 1.0],
                [0.0, -0.390367, 0.920659, 0.0, -0.0, 0.920659, 0.390367, 1.166196, -1.0, -0.0, 0.0, -0.0, 0.0, 0.0, 0.0, 1.0],
                [0.0, 0.0, 1.0, 0.0, -0.0, 1.0, 0.0, 1.166196, -1.0, -0.0, 0.0, -0.0, 0.0, 0.0, 0.0, 1.0],
                [0.0, -0.335953, 0.941879, -0.0, -0.0, 0.941879, 0.335953, 1.166196, -1.0, -0.0, 0.0, -0.0, 0.0, 0.0, 0.0, 1.0],
                [0.0, -0.790759, 0.612128, 0.0, -0.0, 0.612128, 0.790759, 1.166197, -1.0, -0.0, 0.0, -0.0, 0.0, 0.0, 0.0, 1.0]
            ]
        },
        {
            "name": "Leg_RB_F",
            "time": [0.0, 0.0833, 0.25, 0.5833, 0.6667],
            "transform": [
                [0.0, 1.0, -0.0, 0.005641, -0.0, 0.0, -1.0, 1.284154, -1.0, 0.0, 0.0, -0.0, 0.0, 0.0, 0.0, 1.0],
                [0.0, 1.0, 0.0, 0.011229, -0.0, -0.0, -1.0, 1.35739, -1.0, 0.0, 0.0, -0.0, 0.0, 0.0, 0.0, 1.0],
                [0.0, 1.0, -0.0, 5.3e-05, -0.0, 0.0, -1.0, 1.210916, -1.0, 0.0, 0.0, -0.0, 0.0, 0.0, 0.0, 1.0],
                [0.0, 1.0, -0.0, 5.3e-05, -0.0, 0.0, -1.0, 1.210917, -1.0, 0.0, 0.0, -0.0, 0.0, 0.0, 0.0, 1.0],
                [0.0, 1.0, -0.0, 0.005641, -0.0, 0.0, -1.0, 1.284154, -1.0, 0.0, 0.0, -0.0, 0.0, 0.0, 0.0, 1.0]
            ]
        }
    ]
}